329235 1891
329235 52370
329235 69250
329235 117639
329235 126182
329235 163697
329235 168352
329235 237453
329235 242511
329235 266945
329235 302781
329235 383427
329235 444987
329235 469006
329235 585600
329235 785677
329235 842697
329235 842698
329235 1029454
329235 1032007
329235 1032934
329235 1074571
329235 1074572
329235 1117790
531968 276492
395597 198150
395597 220937
395597 246301
23137 363
23137 1072
23137 132941
107788 2421
107788 2473
107788 2512
107788 38338
107788 77307
107788 97314
107788 154194
107788 237933
107788 271951
107788 308198
107788 421968
107788 421969
107788 663560
249070 26782
249070 27219
249070 27544
249070 37399
249070 62630
249070 66343
249070 71039
249070 101670
249070 122780
249070 122854
249070 160735
249070 160738
249070 160790
249070 160815
249070 164465
249070 175615
249070 175644
249070 175711
249070 175805
249070 175806
249070 257653
249070 266856
249070 266859
249070 270073
249070 272508
249070 280713
249070 280726
257365 22034
96939 27544
96939 62825
96939 66343
96939 91962
96939 102454
96939 122780
96939 265315
96939 266819
126124 24804
126124 27544
126124 62630
126124 102454
126124 175615
126124 175691
126124 234632
126124 272599
257657 26782
257657 66333
257657 91962
257657 101670
257657 102454
257657 230014
46254 808
46254 1072
46254 24804
46254 26782
46254 234632
46254 266856
303757 266856
303757 272536
1369 4
1369 363
1369 808
1369 929
1369 1072
1369 1491
1369 3121
1369 3221
1369 4419
1369 5768
1369 8706
1369 19983
1369 24435
1369 49494
1369 62876
1369 69250
1369 72640
27219 363
27219 1072
27219 25230
27219 27544
27219 62630
27219 66333
27219 71039
27219 71061
27219 91962
27219 102454
27219 122854
27219 160735
27219 160790
27219 175772
27219 186779
27219 189344
27219 230014
27219 234690
27219 234693
27219 257653
27219 257654
27219 264207
27219 265315
141800 25230
141800 27544
141800 102454
141800 186779
186772 24804
186772 27131
186772 27544
186772 37399
186772 62630
186772 71039
186772 79928
186772 122915
186772 164465
186772 172695
186772 175644
186772 175772
186772 186779
186772 189347
186772 234632
186772 234785
186772 264204
186772 264207
186772 266856
186772 280713
186772 481120
468534 171583
468534 468536
104137 363
104137 2283
104137 2512
104137 4542
104137 94027
104137 216557
46203 808
46203 929
46203 1072
46203 320157
269982 15141
269982 24804
269982 27544
269982 37399
269982 62630
269982 101670
269982 122780
269982 160770
269982 164465
269982 189347
269982 234632
269982 234717
269982 266856
269982 280713
663606 4
663606 1891
663606 3504
663606 45122
663606 171478
663606 270546
663606 663560
663606 663852
4419 808
4419 929
4419 1072
4419 1491
4419 3100
4419 3504
4419 4719
4419 10112
4419 12367
4419 37957
4419 62876
4419 154608
223822 19983
234625 1072
234625 27544
234625 66343
234625 96519
234625 222786
234625 234653
234625 234676
234625 266856
64018 1072
64018 1491
64018 22034
64018 154608
21253 1072
21253 154608
27793 2421
27793 2473
27793 2633
27793 2783
27793 4542
27793 38338
27793 77307
27793 94027
27793 104132
27793 106192
27793 106985
45937 808
45937 1072
45937 319989
36411 363
36411 808
36411 929
36411 19983
263667 1072
263667 23430
263667 91962
263667 102454
263667 175711
263667 186779
263667 234693
9012 363
9012 198791
349371 102454
349371 221170
843531 334442
8257 363
8257 808
8257 929
8257 1072
8257 3221
8257 5768
8257 8706
8257 19983
8257 72640
300400 35473
150065 1072
150065 23430
150065 24065
150065 27131
150065 27544
150065 62825
150065 66333
150065 66343
150065 79928
150065 91962
150065 101670
150065 102454
150065 122854
150065 122915
150065 155530
150065 160770
150065 160815
150065 160869
150065 164465
150065 172695
150065 175644
150065 175711
150065 175772
150065 186779
150065 188455
150065 189347
150065 221170
150065 222786
150065 234632
150065 234635
150065 234653
150065 234676
150065 234690
150065 266749
150065 266859
150065 270035
150065 276642
150065 280713
150065 354218
240131 20318
207536 11532
216649 13698
531970 276492
5140 1072
5140 62341
5140 70662
5140 167269
5140 307861
91962 1072
91962 4719
91962 8507
91962 15141
91962 24804
91962 25230
91962 27131
91962 27544
91962 37399
91962 62630
91962 62825
91962 66333
91962 66343
91962 66358
91962 71039
91962 71061
91962 96519
91962 96527
91962 96550
91962 96687
91962 101670
91962 102454
91962 122915
91962 124868
91962 126142
91962 155530
91962 160815
91962 160869
91962 164465
91962 175615
91962 175691
91962 175716
91962 175772
91962 175805
91962 175815
91962 189344
91962 189347
91962 221170
91962 222786
91962 234676
91962 234693
91962 256980
91962 257653
91962 264204
91962 264207
91962 266831
91962 270073
91962 272071
91962 272599
91962 272677
91962 272695
91962 351295
91962 354240
91962 393027
91962 397262
707881 13500
707881 211512
707881 216558
707881 666692
91296 20762
91296 220937
91296 246301
257095 257364
272536 37399
272536 266856
186767 79928
186767 102454
102454 2115
102454 23430
102454 24804
102454 25230
102454 62630
102454 62825
102454 66358
102454 71061
102454 79672
102454 96519
102454 96523
102454 96527
102454 96531
102454 96550
102454 96687
102454 96984
102454 97028
102454 98823
102454 100038
102454 101593
102454 101875
102454 124868
102454 140283
102454 145922
102454 148794
102454 175615
102454 175691
102454 175698
102454 175711
102454 189387
102454 204270
102454 221170
102454 256980
102454 258822
102454 263663
102454 266819
102454 266836
102454 270073
102454 271281
102454 271639
102454 271666
102454 272071
102454 272177
102454 272599
102454 272622
102454 272677
102454 272695
102454 273580
102454 276657
102454 280727
102454 341377
102454 341399
102454 341415
102454 347128
102454 351295
102454 354240
102454 358003
102454 378171
102454 381026
102454 393027
102454 408812
102454 414211
102454 414526
102454 415467
102454 415468
102454 415469
102454 415470
102454 415471
102454 415472
46897 808
46897 1072
46897 1491
46897 321102
8507 1072
8507 101670
8507 167269
8507 189347
140283 1072
140283 27544
140283 79672
316863 44075
316863 268363
3458 363
3458 1072
3458 1491
3458 3100
3458 3221
3458 19983
172695 27544
172695 37399
172695 62630
172695 71039
172695 101670
172695 122915
172695 160815
172695 160869
172695 164465
172695 175644
172695 175711
172695 189344
172695 189347
172695 234676
172695 266856
172695 270073
265315 1072
265315 27544
265315 71061
265315 96527
265315 96984
265315 101670
265315 122915
265315 175615
265315 175772
265315 175815
265315 221170
265315 266856
265315 272071
265315 475669
266819 24065
266819 27544
266819 124868
266819 272622
105478 2283
105478 2421
105478 2473
105478 2633
105478 27815
105478 27837
105478 38338
105478 78067
105478 106192
105478 106985
105478 107900
105478 230053
97314 363
97314 2283
97314 2549
97314 27837
97314 106985
97314 693206
475669 266856
2319 363
2319 2421
2319 2539
2319 2633
2319 2674
2319 4542
2319 27837
2319 62904
2319 106192
2319 663560
249540 262640
531969 276492
531969 359220
272177 66333
272177 276657
97940 262641
203627 336088
2549 363
2549 1072
2549 1260
2549 1491
2549 1500
2549 2421
2549 2473
2549 2512
2549 2633
2549 4542
2549 21473
2549 27837
2549 59969
2549 60086
2549 62904
2549 106192
2549 663560
329 363
329 19983
230972 356284
266836 1072
266836 24065
266836 27131
266836 27544
266836 66333
266836 160790
266836 175644
266836 188448
266836 222786
266836 234676
137983 19983
137983 44735
137983 49494
96716 1072
96716 27131
96716 27544
96716 122854
96716 122915
96716 160735
96716 160815
96716 188448
96716 222786
96716 266856
265269 37399
265269 62630
265269 122780
265269 148794
265269 164465
265269 175716
265269 175815
265269 188442
265269 264204
265269 266856
808 1072
808 1491
808 1500
808 2848
808 3100
808 3221
808 4719
808 8706
808 10112
808 17264
808 45122
808 45392
808 46407
299944 35661
525734 263527
4 363
4 929
4 1072
4 1260
4 1491
4 3100
4 3504
4 4719
4 5426
4 8683
4 268363
4 279499
4 482709
4 663560
4 663852
271666 25230
266856 1072
266856 15141
266856 24065
266856 25167
266856 26782
266856 27131
266856 27544
266856 37399
266856 37401
266856 62630
266856 66333
266856 66343
266856 71039
266856 78905
266856 79928
266856 79956
266856 85280
266856 96506
266856 96512
266856 101670
266856 101699
266856 111826
266856 122780
266856 122854
266856 122915
266856 122925
266856 126142
266856 135412
266856 138515
266856 155530
266856 156232
266856 160735
266856 160738
266856 160770
266856 160790
266856 160815
266856 160853
266856 160869
266856 164465
266856 175644
266856 175716
266856 175772
266856 175805
266856 175806
266856 175815
266856 175833
266856 179096
266856 186779
266856 188442
266856 188444
266856 188448
266856 188455
266856 188466
266856 189344
266856 189347
266856 189365
266856 191514
266856 222786
266856 230014
266856 234632
266856 234635
266856 234638
266856 234653
266856 234676
266856 234682
266856 234684
266856 234690
266856 234693
266856 234717
266856 234785
266856 234787
266856 257653
266856 257654
266856 264204
266856 264207
266856 265307
266856 266504
266856 266749
266856 266831
266856 266859
266856 270035
266856 270045
266856 270073
266856 270981
266856 272508
266856 272809
266856 276642
266856 278616
266856 280713
266856 280726
266856 282727
266856 287249
266856 311313
266856 324116
266856 354218
266856 376495
266856 377701
266856 378156
266856 397262
266856 432142
266856 432240
266856 481120
266856 522772
266856 525964
266856 527284
266856 527285
266856 527286
266856 527287
439942 129219
124868 23430
124868 24065
124868 37399
124868 62825
124868 122854
124868 122915
124868 186779
124868 230014
124868 234638
124868 234690
124868 234693
15141 1072
15141 27544
15141 71039
15141 75607
15141 175805
15141 266859
15141 311313
262640 23162
262640 57933
262640 525205
439941 129219
268363 24491
268363 44075
268363 185036
268363 246994
268363 269558
268363 279499
268363 316859
268363 316860
268363 318576
93133 22034
93133 257364
24804 363
24804 1072
24804 23430
24804 24065
24804 25167
24804 27131
24804 27544
24804 37401
24804 62630
24804 62825
24804 66343
24804 71039
24804 71061
24804 78905
24804 122780
24804 122915
24804 155530
24804 156232
24804 160735
24804 160869
24804 175615
24804 175711
24804 175806
24804 186779
24804 230014
24804 234632
24804 257653
24804 270035
24804 270045
24804 270073
24804 663560
106985 2283
106985 2421
106985 2539
106985 2633
106985 2674
106985 27815
106985 27837
106985 38338
106985 60086
106985 62904
106985 104541
106985 106192
106985 107900
106985 663560
791778 129219
37776 136319
37776 136324
37776 217533
175815 26782
175815 37399
175815 66333
175815 79956
175815 96527
175815 122854
175815 160735
175815 175772
175815 189365
175815 230014
175815 234690
175815 234693
175815 257653
175815 257654
175815 264204
175815 264207
175815 270035
175815 270073
175815 270981
175815 272677
175815 272809
175815 280727
171583 5797
171583 468533
171583 468535
171583 468536
270546 168503
112463 363
112463 2539
112463 4542
112463 27837
96506 1072
96506 27544
96506 66343
96506 71039
96506 96519
96506 122854
96506 122915
96506 160770
96506 160853
96506 164465
96506 222786
96506 234635
96506 234676
96506 234684
96506 257653
96506 280713
378171 79956
378171 186779
378171 230014
188444 1072
188444 27544
188444 96512
234717 24065
234717 79928
234717 122854
234717 122915
234717 122925
234717 126142
234717 160735
234717 160738
234717 175711
234717 186779
234717 189344
234717 222786
234717 230014
234717 257653
234717 257654
234717 270035
234717 270045
234717 280713
189347 1072
189347 8706
189347 27131
189347 27544
189347 66333
189347 71039
189347 79928
189347 79956
189347 101670
189347 122780
189347 122925
189347 155530
189347 160735
189347 160790
189347 160815
189347 175644
189347 175711
189347 175716
189347 175805
189347 186779
189347 191514
189347 222786
189347 230014
189347 234632
189347 234690
189347 234693
189347 234785
189347 257653
189347 257654
189347 266504
189347 266831
189347 270073
189344 24065
189344 27544
189344 37399
189344 62630
189344 66343
189344 71039
189344 79956
189344 101670
189344 101699
189344 122915
189344 138515
189344 160770
189344 160815
189344 160853
189344 164465
189344 175711
189344 175716
189344 175772
189344 175805
189344 222786
189344 234676
189344 234682
189344 257653
189344 266831
189344 280726
432142 122780
432142 234638
100882 1072
100882 321102
321102 185690
705505 187163
705505 211512
705505 356284
705505 663852
7357 363
7357 1072
7357 184537
7357 184567
439944 129219
7295 1072
7295 3100
7295 8706
7295 155981
7295 482709
216554 13500
216554 17264
216554 20135
216554 21313
216554 37957
234676 24065
234676 27544
234676 37399
234676 66343
234676 71039
234676 96519
234676 101670
234676 122915
234676 160735
234676 160738
234676 160790
234676 160869
234676 164465
234676 175644
234676 175772
234676 230014
234676 234638
234676 234653
234676 234684
234676 234690
234676 234693
234676 234787
234676 257653
234676 266859
234676 280727
234676 282727
59724 356284
266749 27131
266749 71061
266749 79956
266749 122854
266749 175644
266749 175833
266749 257653
266749 266504
336088 58401
336088 214559
336088 556969
1072 363
1072 929
1072 1491
1072 2115
1072 2848
1072 3100
1072 3121
1072 3221
1072 3504
1072 4542
1072 4719
1072 5426
1072 5768
1072 8683
1072 8706
1072 10112
1072 11388
1072 12241
1072 12367
1072 13500
1072 20762
1072 20782
1072 21473
1072 22034
1072 23153
1072 23430
1072 23537
1072 23934
1072 24065
1072 24435
1072 24491
1072 25167
1072 25230
1072 26782
1072 27131
1072 27544
1072 29729
1072 29811
1072 30176
1072 37335
1072 37399
1072 37957
1072 38338
1072 49494
1072 58401
1072 59500
1072 60086
1072 60096
1072 62630
1072 62825
1072 62876
1072 62904
1072 66333
1072 66343
1072 71039
1072 72640
1072 75607
1072 77305
1072 77307
1072 78905
1072 79672
1072 79928
1072 79956
1072 86431
1072 89640
1072 94027
1072 94693
1072 95434
1072 96519
1072 96527
1072 96531
1072 96687
1072 96984
1072 98823
1072 101670
1072 101699
1072 104541
1072 122780
1072 122854
1072 122925
1072 126142
1072 168503
1072 175691
1072 175698
1072 175716
1072 188442
1072 188448
1072 214559
1072 222786
1072 230014
1072 234632
1072 234682
1072 234690
1072 234693
1072 251558
1072 265229
1072 270073
1072 270981
1072 272071
1072 272599
1072 351295
1072 393027
1072 663560
1072 663852
29811 1491
29811 287884
15824 19983
15824 663560
59302 336610
122925 27544
122925 62825
122925 71061
122925 96984
122925 101670
122925 160853
122925 175833
122925 221170
173184 3121
173184 276492
173184 359220
173184 359222
443422 276492
266831 24065
266831 79928
266831 122854
266831 175698
266831 175806
266831 188455
266831 234632
2115 363
2115 27544
2115 37399
2115 62825
2633 363
2633 1260
2633 2283
2633 2421
2633 2473
2633 2512
2633 2674
2633 2783
2633 4542
2633 21473
2633 24435
2633 37335
2633 38338
2633 60086
2633 62904
2633 77307
2633 78067
2633 94027
2633 104132
2633 104541
2633 106192
354218 37399
354218 66333
354218 79928
354218 122854
354218 160790
354218 175805
354218 234690
354218 282727
108609 1500
108609 106192
21473 1260
21473 2283
21473 2421
21473 2473
21473 3100
21473 4719
21473 27815
21473 38338
21473 60086
21473 62876
21473 62904
21473 78067
21473 86431
21473 94027
21473 104132
21473 181088
21473 211973
714888 19983
714888 103698
748286 44735
748286 318306
23934 363
23934 1500
23934 3100
23934 23556
23934 263527
136324 3504
136324 136319
265307 37399
265307 175698
265307 189365
59839 338100
59839 338101
108432 59969
108432 304876
184537 184567
184482 257364
184482 522611
265229 129219
5768 363
5768 1491
5768 8706
5768 26754
5768 171478
66333 24065
66333 27544
66333 37399
66333 66343
66333 71061
66333 79928
66333 96687
66333 101699
66333 122915
66333 138515
66333 148794
66333 164465
66333 175615
66333 175698
66333 175805
66333 188466
66333 221170
66333 264204
66333 266504
66333 270035
66333 272677
66333 272809
66333 280713
66333 354240
3100 363
3100 929
3100 1491
3100 1500
3100 3221
3100 3504
3100 4719
3100 8706
3100 10112
3100 23430
3100 24435
3100 62876
3100 72640
3100 77307
3100 126523
3100 482709
3100 663560
3100 663852
307861 167269
1035760 216556
663852 1491
663852 8706
663852 46407
663852 230053
663852 279499
663852 663560
264204 24065
264204 27131
264204 27544
264204 37399
264204 79928
264204 96519
264204 122854
264204 122915
264204 148794
264204 164465
264204 175644
264204 175716
264204 179096
264204 188455
264204 270045
264204 270073
264204 272677
264204 278616
264204 280726
264204 354240
264204 481120
264204 525964
237933 77307
234785 24065
234785 27131
234785 27544
234785 62630
234785 79928
234785 96519
234785 101670
234785 122780
234785 138515
234785 160738
234785 164465
234785 175644
234785 175698
234785 175805
234785 175806
234785 188442
234785 188466
234785 234684
234785 266504
234785 266859
234785 270035
234785 280726
234785 282727
280727 122854
280727 122915
280727 175644
280727 186779
280727 234653
280727 234693
280727 234787
280727 270035
501603 216553
338165 59969
338165 78062
338165 78415
338165 338171
24491 363
24491 929
77307 2421
77307 2512
77307 38338
77307 62904
26782 363
26782 27131
26782 37399
26782 66343
26782 71039
26782 75607
26782 79928
26782 79956
26782 96519
26782 96523
26782 96527
26782 101670
26782 101699
26782 122780
26782 160735
26782 164465
26782 175615
26782 175805
26782 175806
26782 179096
26782 230014
26782 234693
26782 234787
26782 257653
26782 276642
26782 276657
217533 136319
3221 363
3221 929
3221 1491
3221 4719
3221 129219
3221 129220
272508 122854
272508 230014
272508 234693
187163 68308
187163 92704
187163 92708
187163 216553
316860 44075
175615 25230
175615 27544
175615 62630
175615 66358
175615 79956
175615 96523
175615 96531
175615 126142
175615 160735
175615 175698
175615 175711
175615 186779
175615 188442
175615 230014
175615 257653
175615 264207
175615 270073
175615 276657
175615 351295
68308 211512
68308 356284
123711 46407
73321 363
73321 167269
62341 167269
2783 363
2783 1500
2783 2421
2783 2473
2783 2512
2783 2674
2783 4542
2783 60086
2783 106192
2783 663560
376495 257653
230014 27544
230014 37399
230014 62630
230014 78905
230014 79928
230014 96512
230014 122854
230014 122915
230014 175698
230014 175772
230014 234693
230014 234787
230014 266504
230014 270073
230014 272677
230014 272809
66358 24065
66358 25167
66358 25230
66358 27131
66358 27544
66358 62630
66358 66343
66358 71039
66358 122854
66358 175716
66358 186779
66358 257653
556375 334442
23162 262639
23162 262641
270035 27544
270035 37399
270035 66343
270035 79928
270035 101670
270035 122854
270035 122915
270035 160815
270035 164465
270035 175716
270035 188455
270035 189365
270035 272677
270035 280713
2539 363
2539 2421
2539 2674
2539 4542
2539 38338
2539 107900
2539 109658
2539 663560
831538 276492
78905 24065
78905 27131
78905 27544
78905 37399
78905 62630
78905 71039
791779 129219
5426 363
5426 3121
5426 168503
5426 663560
224347 344265
336611 59318
336611 665948
397262 27544
397262 188448
23153 363
23153 94693
23153 216553
798523 155981
44676 318307
188442 27544
188442 122854
188442 160735
188442 175772
188442 175805
188442 188448
188442 222786
188442 234693
188442 257653
188442 264207
234693 37399
234693 62630
234693 66343
234693 79928
234693 79956
234693 96523
234693 96527
234693 96550
234693 96687
234693 101670
234693 122915
234693 160815
234693 175698
234693 175711
234693 175716
234693 175772
234693 179096
234693 234690
234693 234787
234693 264207
234693 270981
234693 272677
234693 276642
234693 280713
234693 351295
72640 69800
72640 72615
72640 268364
96512 27544
96512 122915
96512 160735
96512 164465
96512 257653
101875 23430
211973 11920
211973 71174
211973 181088
211973 699232
211973 707442
23537 12241
23537 263527
338101 557902
186779 24065
186779 27544
186779 37399
186779 62630
186779 71039
186779 79928
186779 96523
186779 96531
186779 101670
186779 122780
186779 160738
186779 164465
186779 179096
186779 189387
186779 234632
186779 234787
186779 264207
186779 272809
186779 280713
186779 294677
186779 351295
186779 378156
93870 248841
46407 123362
46407 251558
46407 482709
8683 363
8683 154608
71039 25167
71039 27131
71039 27544
71039 37399
71039 62630
71039 66343
71039 79956
71039 101670
71039 122780
71039 122915
71039 160770
71039 160790
71039 160815
71039 160853
71039 160869
71039 164465
71039 175711
71039 175716
71039 175772
71039 175805
71039 175806
71039 189365
71039 222786
71039 234632
71039 234684
71039 234690
71039 257653
71039 257654
71039 264207
71039 266504
71039 266859
71039 270073
103698 19983
216553 13500
216553 63675
216553 92704
216553 92708
216553 94693
216553 95434
216553 241612
216553 284222
216553 501604
216553 501605
359220 276492
19983 363
19983 2119
19983 2848
19983 8706
19983 49494
19983 69800
19983 236412
19983 714887
25230 363
25230 27544
25230 62825
25230 71061
25230 101670
25230 221170
25230 271639
78067 1260
78067 59969
78067 62876
78067 78415
2119 363
2119 24065
2119 26754
2119 482709
15439 220937
79956 25167
79956 27131
79956 27544
79956 96523
79956 96984
79956 101670
79956 122854
79956 160790
79956 160815
79956 175691
79956 175711
79956 175805
79956 188455
79956 234684
79956 234690
79956 234787
79956 270073
79956 378156
393027 160790
393027 175644
393027 175711
393027 234690
393027 257653
393027 280713
234653 27544
234653 96519
234653 160853
234653 234787
269558 44075
269558 316859
456400 154608
3504 363
3504 136319
3504 663560
167269 70662
78415 1260
78415 59969
78415 78062
78415 338171
95434 13500
95434 20782
95434 63675
95434 92708
96519 27544
96519 37399
96519 66343
96519 79928
96519 122854
96519 126142
96519 160790
96519 175711
96519 175805
96519 175806
96519 188448
96519 222786
96519 264207
211975 11920
175691 27131
175691 122915
175691 160790
175691 175644
175691 234690
175691 257653
234690 27544
234690 37399
234690 66343
234690 96984
234690 101670
234690 122915
234690 160815
234690 175805
234690 175833
234690 234638
234690 257653
234690 270073
316859 44075
287249 175698
280713 27544
280713 37399
280713 66343
280713 79928
280713 101670
280713 122915
280713 155530
280713 160770
280713 160853
280713 160869
280713 164465
280713 175711
280713 175772
280713 175805
280713 188466
280713 191514
280713 234787
280713 257653
280713 266859
30176 154608
318306 44735
318306 110160
318306 268597
318306 294669
318306 318304
318306 318305
318306 379554
308198 38338
211512 169704
211512 216558
211512 666692
20782 13500
20782 20135
20782 216436
20782 216557
531971 276492
531971 359222
807580 184567
276657 27544
276657 96531
276657 96550
276657 160735
276657 160815
276657 175698
276657 221170
276657 272622
354240 79928
354240 96527
705983 171478
705983 482709
234638 24065
234638 37399
234638 266859
338171 59969
20762 1491
20762 60096
20762 198150
20762 220937
20762 246301
336087 58689
256980 62825
222786 24065
222786 27131
222786 27544
222786 66343
222786 101670
222786 148794
222786 160770
222786 160790
222786 160869
222786 164465
222786 175716
222786 175772
222786 188455
222786 234684
222786 282727
175833 79928
175833 122780
175833 160770
200307 56420
248841 21026
248841 301902
248841 308505
248841 519828
248841 519829
248841 519830
110160 44735
110160 96984
110160 268597
110160 294669
110160 318305
189365 24065
189365 27544
189365 101670
189365 160815
189365 175698
189365 270981
189365 272809
230053 106192
88522 390368
23430 27544
23430 62825
23430 79672
23430 96687
23430 189387
23430 221170
23430 263663
23430 272071
136319 446347
59500 59969
59500 304876
86431 4542
86431 38338
86431 60086
86431 304876
147374 344265
25167 363
25167 27544
25167 37399
25167 62630
25167 62825
25167 71061
25167 96687
25167 101670
25167 179096
25167 270981
171478 189207
171478 305846
171478 665968
191514 27544
191514 37399
191514 79928
191514 164465
191514 234632
4542 363
4542 2283
4542 2421
4542 2473
4542 2662
4542 2674
4542 24435
4542 27815
4542 27837
4542 38338
4542 60086
4542 62876
4542 94027
4542 104541
4542 154194
4542 663560
27544 24065
27544 27131
27544 37399
27544 62630
27544 62825
27544 66343
27544 71061
27544 79928
27544 96527
27544 96687
27544 96984
27544 101670
27544 101699
27544 122780
27544 122854
27544 122915
27544 126142
27544 145922
27544 155530
27544 160735
27544 160738
27544 160770
27544 160790
27544 160815
27544 160853
27544 160869
27544 164465
27544 175644
27544 175698
27544 175711
27544 175716
27544 175772
27544 175805
27544 175806
27544 188448
27544 188466
27544 221170
27544 234632
27544 234635
27544 234682
27544 234684
27544 257653
27544 264207
27544 266504
27544 270073
27544 270981
27544 272071
27544 272677
27544 272695
27544 280726
27544 311313
27544 351295
141920 356284
3121 929
3121 132941
344265 62069
344265 86118
344265 224344
188448 24065
188448 69800
188448 160869
2848 363
2848 929
2848 1491
2848 1500
2848 663560
2473 363
2473 1260
2473 2283
2473 2421
2473 2662
2473 2674
2473 27815
2473 27837
2473 37335
2473 38338
2473 94027
2473 104541
24435 363
24435 1491
24435 1500
24435 12241
24435 77305
24435 268364
23556 263527
179096 27131
179096 62630
179096 66343
179096 160735
179096 160815
179096 175711
179096 175772
179096 257653
179096 272809
707442 71174
359222 276492
38338 1260
38338 1491
38338 2421
38338 2512
38338 27815
38338 27837
38338 37335
38338 59969
38338 60086
38338 62876
38338 62904
38338 104541
175711 37399
175711 79928
175711 96531
175711 96550
175711 98823
175711 101670
175711 122915
175711 148794
175711 160815
175711 164465
175711 175644
175711 175772
175711 175806
175711 234632
175711 234684
175711 234787
175711 351295
929 1491
929 4719
929 12367
929 13698
929 44075
929 56420
262641 1150288
204401 304876
77305 2421
77305 2512
77305 2674
77305 304876
57752 334442
12367 1491
12367 10112
12367 154608
272809 37399
272809 160735
272809 175805
272809 351295
15531 220925
109658 104541
109658 106192
109658 107900
27837 363
27837 2421
27837 2512
27837 27815
27837 60086
27837 94027
27837 104132
27837 294677
266859 24065
266859 37399
266859 79928
266859 101670
266859 122915
266859 160735
266859 160770
266859 164465
266859 175805
266859 175806
266859 266504
257364 1500
257364 4178
257364 22034
257364 522610
257364 522611
257364 1133324
279499 363
279499 1491
279499 44075
279499 482709
279499 663560
155981 4719
155981 297961
155981 642334
155981 798524
49305 263527
436500 184567
126142 62630
126142 71061
126142 79928
126142 96523
126142 96984
126142 138515
126142 175772
126142 188455
126142 272622
126142 280726
268364 72615
268364 89640
268364 375698
268364 528086
318305 44735
318305 268597
318305 294669
198150 220937
198150 246301
263527 29729
263527 263812
263527 525733
20012 363
20012 239779
216557 13500
216557 501587
60086 363
60086 1500
60086 27815
60086 62876
60086 106192
69800 24065
37399 24065
37399 27131
37399 62630
37399 62825
37399 66343
37399 79928
37399 96527
37399 101670
37399 101699
37399 122780
37399 122854
37399 122915
37399 160735
37399 160770
37399 160790
37399 160815
37399 175644
37399 175716
37399 175772
37399 175805
37399 189387
37399 221170
37399 234632
37399 257653
37399 257654
37399 264207
37399 266504
37399 270045
37399 270073
37399 311313
37399 522772
270981 62630
270981 111826
270981 160735
270981 175716
270981 257653
270981 266504
145922 155530
145922 221170
96523 62630
96523 62825
96523 79928
96984 363
96984 2283
96984 111826
96984 122854
96984 160790
96984 234682
96984 264207
96984 305846
683228 106192
160869 27131
160869 62630
160869 66343
160869 101670
160869 264207
318304 44735
280726 122854
280726 188466
35661 363
35661 297961
11920 2421
11920 211972
11920 211974
665948 482709
665948 663560
257653 24065
257653 66343
257653 79928
257653 96527
257653 101670
257653 122915
257653 155530
257653 160790
257653 164465
257653 175644
257653 175698
257653 175805
257653 188455
257653 189387
257653 234787
257653 266504
160770 24065
160770 27131
160770 101670
160770 122780
160770 122915
160770 175772
160770 266504
264207 66343
264207 175698
10112 1491
10112 4719
10112 11388
10112 168503
152505 4407
234684 24065
234684 66343
234684 122780
234684 122915
234684 138515
234684 160738
234684 164465
234684 175772
234684 234682
63675 13500
63675 92704
145413 3849
23095 363
23095 154608
160790 24065
160790 27131
160790 62630
160790 66343
160790 79928
160790 101670
160790 122780
160790 122915
160790 160738
160790 160815
160790 164465
160790 175644
160790 175698
160790 175806
160790 234632
160790 270073
241612 92708
96527 62825
96527 175772
12241 363
12241 4719
12241 184567
377701 79928
377701 175716
96687 122854
96687 221170
21313 1491
175644 27131
175644 62630
175644 79928
175644 101670
175644 122780
175644 122915
175644 160815
175644 164465
175644 175805
175644 234787
175644 272677
160853 24065
160853 122854
160853 188466
62825 62630
62825 71061
62825 148794
62825 221170
62825 272071
62825 347128
101670 27131
101670 66343
101670 79928
101670 122780
101670 122915
101670 160815
101670 164465
101670 175805
101670 175806
101670 188455
101670 234632
101670 270073
101670 276642
2512 2283
2512 104541
45392 287884
62904 62876
62904 304876
234787 122854
234787 160815
234787 175772
234787 175805
234787 188455
439943 129219
154608 456399
257654 79928
1260 37335
1260 59969
1260 78062
148794 122915
214559 363
160815 24065
160815 27131
160815 66343
160815 79928
160815 96550
160815 122780
160815 122915
160815 164465
160815 175698
160815 175805
160815 221170
160815 270073
13698 363
13698 663560
97028 62630
98823 66343
294669 44735
75607 2421
75607 234632
75607 304876
234682 66343
234682 122854
4178 363
304876 37335
304876 62876
304876 543685
45122 287884
45122 482709
3849 363
3849 1491
3849 1500
2283 363
2283 2421
2283 27815
2283 94027
2283 106192
2283 107900
117639 363
79928 66343
79928 122780
79928 122854
79928 122915
79928 160735
79928 160738
79928 175716
79928 175772
79928 188466
79928 189387
79928 270073
234635 160738
234635 164465
234635 270073
71174 363
117743 356284
294677 106192
60096 220937
160738 164465
160738 175716
160738 221170
160738 270073
71061 24065
71061 62630
71061 164465
71061 221170
71061 276642
268597 44735
175805 27131
175805 122915
175805 138515
175805 164465
175805 175772
175805 188455
175805 266504
363 1491
363 2421
363 2662
363 2674
363 4407
363 4719
363 5797
363 8706
363 9022
363 11388
363 11532
363 20135
363 21026
363 24065
363 26754
363 27131
363 27815
363 59969
363 94027
363 104132
363 104541
363 107900
363 122854
62876 4719
62876 27815
62876 59969
62876 94027
92704 13500
92704 92708
92704 94693
175806 24065
175806 27131
175806 62630
175806 122854
175806 266504
501604 501605
276492 26754
353189 220937
9022 1491
9022 11388
9022 168503
94027 2421
94027 106192
663560 2662
663560 2674
663560 11388
663560 104132
663560 482709
96550 27131
221170 270073
266504 27131
266504 164465
266504 175698
155530 66343
155530 122915
155530 164465
666692 356284
2662 2421
2662 356284
5797 4719
469006 163697
270073 62630
270073 101699
270073 122854
270073 122915
270073 175716
270073 175772
270073 188455
270073 278616
66343 24065
66343 101699
66343 122915
66343 164465
66343 175698
66343 188455
66343 189387
66343 276642
66343 347128
169704 356284
414211 122854
482709 11388
84321 1491
107900 106192
216556 13500
439945 129219
122854 1491
122854 24065
122854 96531
122854 101699
122854 160735
122854 175698
122854 175716
122854 188455
59969 104541
519829 519830
1500 37335
188455 175716
122915 24065
122915 27131
122915 164465
122915 175698
122915 175772
122915 234632
216436 13500
216436 216558
164465 24065
164465 27131
164465 37401
164465 62630
164465 160735
164465 175772
164465 188466
2421 2674
2421 104132
2421 104541
2674 27815
2674 106192
4407 1491
188466 175698
188466 234632
188466 278616
27131 24065
27131 62630
27131 122780
27131 175698
27131 278616
175772 175698
37335 1491
37335 4719
4719 1491
4719 8706
4719 13500
4719 156232
104541 106192
522610 522611
20135 13500
234632 24065
104132 106192
216558 13500
11388 168503
62630 24065
62630 122780
62630 160735
62630 175698
13500 92708
13500 94693
13500 216555
207535 11532
92708 94693
1491 8706
138515 160735
175698 160735
693206 106192
220937 246301
160735 175716
106192 27815
