820 986
489 686
249 571
198 685
288 708
592 984
225 981
540 719
813 988
451 807
752 984
515 878
590 747
332 884
646 914
250 764
12 821
508 658
642 851
348 971
601 935
79 250
281 989
746 837
598 802
418 872
362 989
56 789
354 989
730 989
273 756
164 874
523 988
817 820
416 907
495 708
354 686
83 907
525 769
558 664
262 788
326 881
321 812
275 878
57 807
789 931
884 938
810 821
154 817
201 807
590 764
792 914
188 592
303 714
788 874
419 851
360 590
387 756
451 457
831 874
760 820
580 989
362 935
469 897
292 910
29 920
752 851
248 711
538 836
107 935
571 666
523 572
416 581
310 971
149 593
752 842
914 920
920 986
499 846
729 984
0 935
476 872
79 872
141 971
607 669
438 904
292 515
706 932
336 989
235 277
861 910
419 932
25 938
685 886
134 914
907 971
116 643
632 935
64 953
662 914
559 837
372 971
249 666
598 851
287 397
205 820
441 598
562 938
597 878
12 878
719 874
499 664
747 984
326 847
752 904
615 657
523 600
554 971
779 994
564 897
679 881
646 667
111 414
758 837
303 360
217 564
702 984
166 878
441 941
562 604
874 986
188 752
706 904
601 632
752 764
466 897
451 837
861 914
572 912
802 941
14 789
437 620
558 797
631 912
235 604
235 931
706 760
802 932
729 764
397 907
821 878
262 831
547 671
837 953
67 920
851 994
332 643
214 699
179 881
572 789
810 910
397 416
538 788
489 989
667 994
277 604
820 988
201 914
932 994
438 961
788 831
620 810
142 994
432 989
747 764
646 920
836 865
466 756
752 817
592 842
77 910
677 719
714 910
495 910
702 729
581 836
288 820
572 988
154 670
450 802
71 872
259 773
779 932
449 844
508 828
53 931
499 797
631 988
418 758
789 912
248 981
172 886
373 562
756 769
273 941
246 450
217 773
111 938
510 886
721 802
792 797
268 953
811 846
104 986
746 988
469 564
354 981
758 789
836 935
552 587
828 904
250 679
769 897
450 721
469 686
788 986
114 441
25 664
615 941
730 738
432 865
275 886
438 669
738 773
14 805
57 920
259 865
515 986
657 810
288 760
846 961
711 886
437 847
495 792
886 941
387 525
760 828
766 817
820 828
217 865
309 907
643 797
515 810
60 149
540 802
134 920
356 451
356 792
679 837
730 953
142 811
662 920
43 994
140 914
38 609
486 813
842 931
341 758
846 986
336 981
667 779
685 989
587 851
592 747
225 730
262 961
53 874
38 920
679 746
111 884
609 941
812 851
559 988
313 764
719 794
337 421
545 953
807 914
349 961
246 935
281 545
552 932
961 986
547 747
607 792
812 842
289 789
456 984
805 810
348 907
337 564
592 729
349 986
597 910
674 988
235 766
581 981
590 861
760 904
134 861
421 986
828 961
25 788
67 884
416 971
662 861
389 904
747 817
397 994
60 828
311 600
154 277
14 313
289 912
77 994
545 686
554 564
620 821
289 476
310 769
593 817
568 657
169 572
615 773
273 671
418 746
457 747
597 620
671 789
766 984
360 847
141 897
56 456
615 685
202 631
449 994
362 881
752 931
794 932
456 729
172 935
341 872
881 984
71 912
773 886
25 643
451 920
609 666
432 981
807 861
114 372
6 499
643 938
608 920
593 738
178 872
552 719
216 912
250 988
747 931
383 792
457 670
198 580
276 738
828 874
188 604
797 938
564 971
469 554
0 989
248 989
508 988
281 738
914 941
554 907
538 961
157 842
802 842
38 664
495 932
721 794
773 865
794 851
356 669
311 988
12 766
142 419
495 719
169 844
812 994
597 847
669 792
729 931
510 865
813 941
281 773
746 813
30 861
699 747
114 805
349 788
523 662
525 817
598 932
677 794
456 764
71 988
352 904
154 984
449 984
309 897
601 897
360 881
547 912
620 714
608 861
642 932
341 572
886 989
397 971
752 844
844 910
721 764
538 986
141 348
805 821
679 988
332 938
760 981
686 886
706 986
941 971
568 935
178 988
699 931
277 984
773 931
389 938
600 988
198 865
273 897
538 805
523 789
658 961
383 861
671 837
508 904
699 766
83 372
525 971
217 510
560 861
134 149
281 711
817 984
140 164
12 881
486 802
373 938
449 604
545 935
292 861
202 872
730 886
414 797
387 769
198 738
609 797
685 981
523 912
756 971
246 932
389 884
107 719
897 907
664 938
352 828
669 861
289 699
360 666
554 747
792 807
810 881
674 989
657 886
76 169
831 961
580 711
107 994
664 666
57 861
820 961
111 797
49 878
581 989
469 756
788 812
373 797
281 844
581 878
359 851
642 994
287 466
666 828
349 811
321 486
601 865
352 961
25 884
356 756
657 686
450 932
495 994
831 836
779 802
372 897
686 935
336 568
560 920
670 844
262 820
671 758
802 812
164 994
202 988
609 961
30 884
836 981
677 994
56 457
807 831
558 643
172 568
29 662
309 971
336 935
188 984
747 766
311 872
39 836
592 844
205 961
702 844
631 671
812 910
341 418
805 878
354 953
466 971
525 554
931 984
510 981
387 554
706 788
587 794
714 878
14 847
397 941
164 904
643 941
457 931
756 766
642 667
719 812
708 904
738 886
601 981
354 658
179 847
571 938
389 989
667 851
289 988
166 805
813 971
592 817
831 904
249 920
702 752
760 961
64 259
178 311
107 359
107 938
0 981
49 805
729 817
171 797
359 721
164 820
57 188
79 758
171 938
273 884
154 752
179 821
288 961
515 847
311 837
666 884
719 994
249 938
479 559
746 789
360 711
721 932
198 988
572 872
421 729
773 953
847 941
6 797
64 989
714 805
931 994
348 747
14 821
604 699
886 981
172 994
677 779
414 562
664 884
166 292
773 836
250 598
805 910
248 769
114 847
43 642
449 817
414 938
609 938
421 604
592 931
813 912
706 813
609 884
134 904
12 666
587 802
39 773
747 844
0 865
178 631
360 878
590 702
332 666
580 842
326 810
259 981
667 721
671 674
670 702
568 981
57 669
39 981
706 831
568 836
60 961
169 881
711 738
287 971
352 820
49 884
820 874
590 931
847 910
904 986
450 486
515 881
309 466
38 560
760 872
657 989
604 984
788 813
904 961
564 769
828 986
354 773
779 812
764 984
489 865
188 931
601 685
53 844
373 884
670 981
677 721
844 984
657 685
419 994
721 851
580 581
310 466
311 789
437 714
758 988
134 538
397 897
685 730
262 708
239 981
268 912
738 989
140 812
303 821
702 842
313 590
813 846
598 677
912 988
620 805
836 989
525 897
97 878
499 558
216 674
788 961
438 846
865 981
313 817
64 686
172 711
173 441
600 837
56 931
699 907
593 794
580 884
671 938
764 851
418 988
60 874
938 941
387 971
216 600
486 994
362 865
515 714
510 989
810 847
275 981
571 941
912 961
432 886
292 821
437 881
587 779
97 881
817 953
341 912
897 971
597 821
268 988
910 994
667 984
559 789
276 837
173 874
580 865
545 738
510 788
30 383
239 581
171 941
671 872
141 441
805 914
303 878
441 907
560 938
456 766
552 851
598 608
912 935
811 904
6 609
615 935
706 961
216 878
214 457
288 874
64 886
104 931
179 326
217 580
454 828
451 669
802 994
820 904
239 730
820 831
202 789
140 547
714 802
935 981
383 807
79 884
851 932
981 989
268 600
49 847
321 994
275 615
592 941
457 729
615 981
29 861
275 910
593 984
587 812
173 846
214 752
348 769
662 807
77 851
708 986
721 910
356 508
6 884
356 920
708 760
164 961
225 953
107 419
607 941
540 667
813 904
559 846
466 907
111 664
495 642
362 910
938 989
615 738
56 262
538 828
831 986
580 730
664 842
607 938
756 941
667 794
562 643
706 828
766 931
416 525
632 738
779 910
872 935
752 865
788 807
805 847
259 989
486 932
568 989
114 910
173 912
14 878
469 971
310 449
764 817
414 884
273 971
476 758
812 932
874 961
326 805
615 865
499 941
276 706
559 671
657 981
508 788
666 941
598 994
805 881
356 758
597 608
214 844
910 932
29 932
658 874
593 764
372 756
632 981
766 844
756 897
495 540
813 828
109 662
572 671
760 935
217 935
248 971
552 994
820 935
310 897
802 828
837 912
326 714
418 510
249 884
437 878
479 994
432 935
309 756
332 571
321 932
250 872
642 812
669 699
57 792
699 729
811 828
792 794
581 730
658 831
769 907
246 994
67 662
587 994
607 861
674 746
760 811
907 941
451 792
508 846
476 679
354 397
134 792
43 779
910 914
441 897
810 961
287 907
571 609
662 792
268 837
38 662
152 746
29 994
794 910
711 989
287 769
157 714
56 984
631 813
686 989
289 547
604 702
67 201
817 931
235 831
642 779
719 779
292 810
438 828
620 878
714 810
699 844
807 920
538 706
760 846
540 932
538 811
560 666
341 813
432 711
837 872
437 821
246 817
797 884
166 881
83 971
671 988
116 171
794 994
874 981
289 679
418 600
515 615
953 981
216 988
657 711
201 662
643 884
788 897
77 685
677 851
664 941
789 837
352 831
708 811
169 597
788 904
29 807
842 984
607 914
359 932
711 836
313 456
43 140
760 874
373 760
356 807
214 674
729 766
454 779
38 897
114 881
658 904
844 931
560 646
152 872
164 846
811 986
810 878
593 931
141 907
53 729
49 97
620 984
666 938
719 932
372 416
359 837
547 988
766 842
510 935
116 941
608 792
277 931
721 994
559 679
109 373
788 846
441 971
846 874
600 912
383 920
225 989
389 631
646 779
831 846
372 907
239 836
383 560
540 552
79 988
489 568
552 794
632 989
166 354
811 961
281 981
303 847
337 971
362 981
169 931
77 794
813 837
14 931
479 604
217 984
171 609
797 941
669 920
67 861
362 988
454 677
479 679
152 988
581 935
538 874
559 912
571 884
811 831
508 961
489 836
457 984
104 984
140 142
607 719
540 994
597 810
486 598
12 810
198 657
53 984
152 669
523 837
30 201
515 821
811 820
337 941
449 747
631 758
349 708
794 812
708 874
686 865
235 984
813 961
178 559
861 981
935 953
792 920
321 910
702 766
667 802
140 994
476 912
202 679
685 773
758 912
601 813
469 907
897 938
479 961
225 802
273 907
142 802
225 601
598 721
141 432
699 817
686 994
706 846
359 994
303 881
486 677
152 912
387 897
438 508
277 844
802 851
450 994
438 608
76 419
538 760
886 953
416 941
476 789
352 811
872 988
83 941
172 989
708 831
30 920
590 842
336 836
239 935
249 414
479 758
281 884
104 764
581 886
642 794
438 820
89 986
348 756
202 554
510 686
702 931
313 984
708 813
57 552
157 828
486 615
476 988
558 571
451 861
558 938
362 601
597 881
821 910
953 989
60 811
97 620
646 669
268 792
373 499
275 935
292 847
789 988
730 836
456 699
769 971
419 667
738 935
764 766
451 608
677 812
545 989
646 807
289 914
89 747
699 984
846 904
214 984
489 981
590 984
580 601
811 874
179 878
560 884
670 984
169 984
714 881
604 752
769 941
250 746
821 881
104 449
525 564
360 805
349 904
336 932
454 994
0 964
6 62
12 748
25 838
29 185
30 781
38 990
39 974
43 651
49 921
53 826
56 841
60 995
64 306
67 108
71 386
76 993
77 407
79 833
83 901
89 301
97 718
104 875
106 107
109 736
111 969
114 999
116 775
141 957
142 778
149 978
152 983
154 976
157 477
164 655
166 978
169 345
171 652
172 328
173 949
85 178
179 883
188 993
198 546
201 339
202 473
205 860
214 877
216 781
217 991
225 439
235 867
239 408
246 901
248 318
33 249
250 503
259 503
262 683
268 993
273 790
41 275
276 949
277 575
281 875
287 388
288 635
243 289
292 978
303 426
256 309
310 452
282 311
313 346
321 496
326 344
332 955
336 933
282 337
341 798
348 680
349 960
352 353
127 359
362 967
372 889
373 409
383 527
387 863
389 966
393 397
34 414
416 915
418 710
419 733
421 887
432 550
437 964
267 438
105 441
449 639
450 798
451 625
454 705
456 976
457 739
466 993
469 919
476 970
479 926
486 701
489 952
495 528
499 749
508 744
234 510
515 943
523 980
162 525
538 791
540 864
75 545
464 547
552 704
318 554
558 908
559 917
560 605
13 562
564 898
568 833
498 571
572 943
580 832
581 850
587 636
589 590
592 955
478 593
334 597
401 598
90 600
484 601
604 909
607 978
316 608
261 609
439 615
620 925
283 631
632 942
642 944
643 876
646 838
24 657
656 658
662 975
664 967
177 666
667 762
669 735
670 864
671 774
674 934
677 898
679 871
685 983
686 992
650 699
702 977
100 706
708 966
627 711
714 944
719 723
586 721
143 729
163 730
738 962
648 746
33 747
645 752
130 756
624 758
760 982
764 945
766 948
769 924
773 819
779 968
788 809
533 789
792 883
794 895
765 797
33 802
784 805
728 807
496 810
51 811
812 956
808 813
487 817
820 922
821 889
368 828
831 855
193 836
772 837
512 842
482 844
162 846
847 879
544 851
860 861
865 901
772 872
633 874
687 878
881 885
423 884
92 886
783 897
446 904
121 907
8 910
45 912
914 987
526 920
400 931
925 932
895 935
181 938
507 941
561 953
656 961
681 971
948 981
19 984
27 986
859 988
989 996
465 994
0 956
6 344
25 880
30 324
39 891
43 732
49 384
53 951
60 622
64 965
67 934
71 968
76 830
77 673
79 950
83 611
89 974
97 529
104 491
109 648
111 916
116 976
142 386
149 514
152 924
154 408
157 893
166 891
171 776
172 967
173 972
178 474
179 704
188 948
198 921
201 947
202 906
205 949
214 911
216 957
225 347
235 825
239 894
246 260
248 995
249 968
259 911
262 925
268 401
273 978
275 855
276 980
287 853
288 921
292 803
303 815
309 749
310 790
311 841
313 949
321 784
326 613
332 501
336 978
337 997
341 956
348 722
349 819
99 352
359 720
372 979
373 955
383 804
387 980
389 492
397 785
414 617
416 771
418 990
131 419
421 765
432 917
437 782
438 605
441 908
449 630
450 857
451 823
454 731
448 456
457 557
466 623
469 998
476 804
479 694
486 905
489 511
495 733
499 944
508 987
510 934
515 937
523 830
525 942
502 540
514 545
517 547
552 731
554 555
227 558
559 724
560 970
562 958
564 694
568 763
571 893
549 572
396 580
581 883
576 587
590 732
592 893
593 915
597 900
598 999
600 982
601 968
138 604
607 957
608 954
573 615
620 682
631 968
632 838
298 642
643 885
646 977
657 942
658 950
662 997
664 898
666 908
213 667
570 669
636 670
671 980
119 674
677 809
679 948
685 694
686 887
522 699
702 849
706 930
708 780
711 926
714 816
719 995
180 721
729 959
730 976
738 937
746 848
747 863
219 752
756 993
758 876
760 879
569 764
725 766
769 950
696 773
736 779
788 833
789 791
792 924
672 794
797 949
790 802
805 978
807 972
790 810
811 822
50 812
813 970
768 817
820 894
338 821
828 919
433 831
836 926
837 852
555 842
844 979
772 846
368 847
851 930
853 861
488 865
800 872
549 874
878 887
835 881
716 884
886 983
894 897
904 985
907 980
910 918
771 912
914 949
876 920
782 931
932 967
634 935
849 938
146 941
463 953
838 961
426 971
981 985
325 984
980 986
966 988
767 989
742 994
0 672
39 280
43 946
76 762
83 409
89 955
97 964
109 967
116 786
157 976
166 925
171 891
173 964
201 785
205 954
216 996
276 864
288 900
303 470
309 922
310 993
313 908
321 903
348 790
352 946
359 800
383 695
387 962
389 934
414 829
418 866
421 955
449 926
375 454
456 891
466 876
469 969
476 672
479 958
489 754
499 750
508 771
515 734
523 772
525 960
540 647
545 858
547 915
552 934
554 790
558 960
559 888
562 928
571 974
572 915
587 903
590 977
592 840
593 898
607 992
608 898
615 973
631 772
632 726
642 825
643 787
646 983
657 917
658 954
662 969
623 664
666 824
619 669
670 992
331 674
677 887
685 816
686 816
702 967
706 900
661 708
711 873
714 937
649 719
526 721
729 823
9 738
746 757
756 947
758 864
764 936
766 936
247 769
773 943
779 975
788 999
680 789
794 928
775 797
763 802
805 959
785 807
810 992
811 899
415 812
382 813
817 997
820 993
795 821
299 831
780 836
837 873
842 992
844 999
579 846
845 847
861 934
761 865
872 933
874 991
878 999
850 881
775 884
280 886
790 897
904 939
907 983
910 963
717 912
824 914
824 920
678 931
331 932
280 935
911 938
834 941
953 954
961 965
971 972
193 981
875 984
790 986
331 988
513 989
980 994
76 991
109 787
157 992
205 980
389 936
421 854
454 616
476 477
479 798
253 489
547 850
481 554
562 616
593 755
607 943
608 956
646 815
670 998
674 909
677 866
686 946
702 801
719 867
729 853
746 787
492 758
773 922
779 995
775 789
794 995
805 867
812 855
836 940
837 955
842 993
847 970
823 861
703 865
872 946
867 874
886 975
902 904
910 997
902 912
914 930
742 920
922 932
539 935
775 938
951 953
967 971
543 981
915 986
978 989
911 994
421 974
953 970
