1597 2950
304 3701
23 3814
1380 3841
2984 3010
2534 2621
1595 2226
1362 3719
1620 3943
308 3708
2452 3164
2847 3754
3354 3610
2411 3772
2477 3953
456 1533
207 548
1390 3671
3612 3769
3015 3913
24 2984
3466 3542
1142 3743
673 3606
905 2254
726 2166
2144 3910
2300 3981
298 3580
2451 3401
1001 3459
2614 3866
1512 3401
2457 3149
825 3713
1514 3199
2716 2909
3374 3955
1181 2690
3467 3800
2168 2599
2258 3205
3580 3641
3071 3730
520 3956
356 3828
1453 3681
296 3939
3103 3848
2109 2920
3408 3720
3788 3839
2133 3167
2222 2304
2270 3833
373 3924
1563 2800
930 2752
1753 3810
896 1359
2878 3357
2142 2992
728 3830
3056 3326
373 3208
241 1410
2548 3498
3149 3953
2768 3879
2158 3979
1598 3868
2378 2734
1001 3455
1346 3205
1800 1839
214 2615
3325 3659
1567 3788
2452 2460
1797 3995
431 3086
2812 3956
958 2992
2681 3266
1000 1978
2244 3708
777 2882
560 2398
2254 3225
3408 3670
508 1812
2851 3542
2442 2794
3213 3760
1660 3602
718 2053
1907 3879
3093 3255
1753 3661
2242 2701
2145 3017
1062 2897
3283 3546
2958 3866
3843 3868
1437 3960
2904 3291
172 2781
1387 3314
2405 3671
1714 3329
755 3880
480 1590
2952 3225
1264 2122
1524 1856
3778 3823
3868 3949
1002 3670
640 1533
2460 3283
2160 3752
1311 2031
3200 3760
2664 3868
2209 3939
1368 3809
2903 3788
2092 3651
2416 3979
3499 3754
2154 3632
1718 3359
2574 3773
700 1368
1384 3833
1228 3642
3878 3924
107 3353
871 2254
1350 2281
2019 2794
1652 3872
2743 3476
1216 3752
3269 3661
2583 3701
1836 3713
1907 3760
2718 3787
1570 3872
2402 3587
1122 2892
2968 3223
2897 3415
3560 3965
909 3690
308 343
1181 3826
1739 3793
2076 3773
3612 3956
366 3862
3602 3690
1035 1831
2893 3703
3685 3708
3033 3484
2581 3703
1595 3149
2707 2808
2042 2974
1325 3720
2641 3632
1211 3913
2768 3484
1336 3086
941 3816
826 3596
2328 3876
968 3004
3110 3503
3725 3778
2581 3484
1664 3282
906 3570
1216 3589
1453 3981
1470 3637
3225 3354
3635 3979
1690 3183
1511 2577
2684 3609
555 3981
2020 2621
1821 2620
2875 3636
28 3799
905 3702
2051 3910
3810 3876
1913 1917
2701 3105
1202 2934
3290 3787
1384 2812
2736 3988
909 2837
2614 3833
906 3809
1900 3211
1292 3965
2287 3282
3169 3837
2137 3720
2721 3636
1390 2718
3772 3843
2279 3363
1721 2800
3218 3862
1049 3251
1270 2223
2283 3329
400 2925
1179 3814
1228 3793
106 3892
2837 3658
1195 2945
67 1729
1410 3339
2834 3642
901 3904
2122 3743
2718 3843
1843 3841
2209 3354
2952 3326
1597 3939
2211 2621
2952 3149
3080 3093
941 3291
107 3312
2945 3843
928 3535
2688 3860
334 3641
1402 3229
1202 3924
2914 3251
1000 1580
774 2132
971 3637
2920 3810
3415 3743
2714 3453
2890 3826
2687 2892
1887 2890
1647 3033
1867 3886
2634 3642
410 2736
3641 3689
609 916
1272 3924
3303 3860
909 3939
1241 3955
718 3809
2180 3929
2743 3782
2180 3816
1512 3880
3535 3600
485 3144
3943 3956
3261 3453
613 3779
92 2847
470 2796
1660 2767
1411 3760
912 3949
2460 3570
3043 3735
660 3455
2620 3651
2796 3953
1037 1684
1075 1633
2808 3467
3017 3457
1670 2583
2448 3695
1369 3925
467 3642
1211 3816
619 3660
3126 3225
2495 3005
1970 3459
2276 3209
2792 3352
3178 3953
2248 3498
3498 3660
681 3122
2897 3611
2792 3126
571 3904
124 3678
2599 3546
3347 3879
1711 3979
400 3200
1157 3290
1266 2408
3297 3965
1857 3255
1690 2909
1877 3973
291 3271
3685 3848
1313 2114
4 3635
564 3879
2451 3518
1248 2523
724 3925
2495 3758
1553 2142
3720 3953
1999 3213
434 753
2569 2814
2051 2835
915 3670
2015 3316
1245 2180
3033 3261
574 3104
2053 3878
1062 3925
1642 3671
2163 3809
3499 3878
2119 3982
1714 2799
2186 3943
3713 3760
2718 2914
2893 3484
2190 3043
180 2168
2359 3866
72 3324
1369 3580
2591 3979
2181 3754
1824 1972
569 3621
1647 1758
2248 3669
1721 3372
326 3404
2322 3371
1544 3610
1470 2080
1051 3218
311 3229
2620 3459
3040 3719
1172 3754
2072 2837
968 3939
875 3691
326 2005
1798 3352
3793 3981
510 3329
1379 2668
2072 3271
3810 3988
1470 2684
3621 3636
2934 3880
3242 3459
1527 2794
3681 3814
1148 3319
2664 3925
2655 3949
2307 3481
2890 3434
3772 3868
668 2933
1805 3910
3580 3925
445 3632
3010 3814
1957 3800
564 3229
3167 3404
1322 3837
2417 3758
2596 3178
9 3086
2587 2681
356 3830
1344 3671
1476 2920
3096 3708
3453 3498
2030 3522
3404 3609
27 3149
1881 2523
1270 3174
2681 2882
2082 3879
2305 3697
696 2542
1181 3769
1027 3791
332 3929
1855 2417
2063 3283
390 3793
2934 3892
1448 3842
1075 3621
3604 3965
1049 2721
1390 3266
3282 3886
2707 2754
23 3488
3499 3635
2120 3587
2553 2878
3126 3958
277 3841
204 3879
3213 3225
3357 3637
3606 3868
2142 3866
914 2749
2417 3833
54 2903
1685 3810
3162 3691
2789 3771
570 3981
3329 3800
30 2582
2945 3560
2707 3833
726 3751
1473 2410
2581 3033
3297 3702
109 3868
871 2664
1272 3635
3560 3843
3139 3692
2160 3231
2781 2835
2487 3692
410 3417
1448 2548
3096 3203
2644 3791
1362 3326
1350 3943
2259 3568
118 1001
1116 3488
3164 3788
2122 3271
2669 3546
1286 2037
1881 2701
1448 3612
1913 3652
1929 2223
3522 3753
2416 3902
3779 3799
1745 3499
3778 3902
3357 3609
3354 3417
3678 3758
475 3660
341 3359
1797 3743
445 1053
1527 3816
1881 3878
2897 3960
2154 3939
712 3606
1814 3697
1286 3606
2304 3752
366 2258
1999 3872
2621 3615
230 3417
2889 3691
3053 3469
1313 3546
1597 3671
2712 2914
2248 3943
2300 3488
979 3415
1063 2796
779 3612
3644 3958
755 1093
497 3878
549 3692
564 3872
207 3752
772 3925
391 3925
2417 3316
2028 3965
1284 3751
1187 3904
971 3841
1122 3651
1714 2442
2093 3148
2920 3613
1843 3056
754 3352
2100 2150
3641 3925
2328 3925
1519 3788
3773 3848
2736 3229
678 3924
3213 3830
2889 3766
2051 3613
3269 3760
1093 2875
419 3175
1322 2624
2067 3701
709 3466
2974 3886
400 3196
571 3661
3644 3866
2037 3481
400 3979
3535 3960
2416 2591
3205 3211
1555 2672
2922 3353
1564 3214
693 3056
1851 3490
95 3814
772 3913
1379 2893
2678 3830
2349 3960
2097 3303
2062 3791
2189 2899
1580 3636
2831 3769
1900 3642
2224 3453
3303 3374
431 2681
1633 2487
2051 3261
235 3353
319 3708
2082 2781
2621 3316
1845 3455
1287 2378
328 2960
2072 3658
1514 1800
748 3071
3056 3637
3751 3766
660 3641
2892 3773
779 3910
3103 3401
3242 3251
270 1670
814 3404
1217 3943
552 3291
1745 3953
2287 3791
319 3467
531 1567
3701 3823
277 2523
2992 3913
3876 3988
1051 3773
1763 3810
2076 3862
3205 3457
2958 3560
1598 3843
912 3843
3316 3615
2092 3787
1379 2119
3374 3730
3690 3699
1046 3760
1576 1812
2176 3953
485 3929
2832 3669
939 3960
1893 3319
3374 3837
774 2122
3178 3705
543 3939
2515 3956
2434 3123
908 1819
214 2294
1797 3787
2707 3866
9 3113
1270 3719
638 2681
1062 3535
1046 3183
1166 3713
1222 3929
1280 2359
3261 3910
1319 2030
673 2969
9 3732
391 3359
2029 2909
1512 3995
3105 3839
1993 3880
3760 3828
2405 3779
2812 3071
552 3255
3139 3725
1563 2412
2093 3602
3602 3826
2892 3862
2569 3290
3669 3956
2100 3800
1800 1919
3043 3848
1972 3953
2408 3621
419 3929
1411 3779
2945 3949
1993 3043
676 2814
1893 3196
3010 3678
1525 3773
2792 3354
2705 3329
1402 3810
2749 3800
467 3211
2591 3878
875 3939
3229 3876
696 3701
2615 2693
2072 3535
3183 3730
2495 3860
2809 3913
3635 3839
2161 2743
709 3255
2010 3660
1519 3363
1075 3823
1881 3499
2548 3203
1049 2712
3196 3319
3149 3719
3146 3319
2934 3103
3503 3568
1062 3689
1293 3758
142 3535
1453 2485
3647 3859
391 2328
702 2582
225 2792
1999 3779
568 3973
3053 3995
3110 3490
1473 2950
434 3690
1919 2141
540 2794
1912 2789
3358 3671
2145 3471
2434 3434
1211 1611
3788 3799
1660 1825
2854 3372
637 3876
1222 3632
2477 3659
1474 3005
2256 3205
2534 2688
432 3862
612 3839
1336 2562
1738 3222
2889 3027
3695 3866
1436 2597
1652 3043
624 2435
2889 3004
3033 3404
3695 3979
1993 3469
3143 3637
2031 3466
1293 2534
432 2892
549 3139
1378 2145
237 3995
1395 3205
1797 3892
424 3471
412 1436
3162 3810
518 3988
2454 3015
2062 3848
1665 3199
1284 1287
826 3841
2015 3758
2837 3671
378 3772
2211 3691
2281 3498
2515 3769
2242 3459
202 3290
754 3615
3103 3316
3484 3866
688 3621
3139 3924
2524 3752
2944 3178
277 2854
1217 3499
1877 3816
2893 2899
3096 3467
2800 3837
243 3471
3123 3939
202 3809
2641 3223
968 3600
1311 1344
3347 3647
436 1654
2736 3876
619 3329
2082 3702
3695 3902
1476 3810
1293 3860
3319 3422
1525 2575
1021 2248
433 3879
3143 3609
1102 2767
1483 3096
1392 3635
161 1665
2710 3503
2447 3647
1006 1369
1563 3303
2832 3956
848 3826
2378 3589
1387 1739
2279 3110
2705 3467
1053 2890
1452 3973
823 2051
2837 3691
285 3017
896 3406
930 2590
2457 3040
3093 3251
3488 3503
2092 2892
1264 2434
2583 3778
3973 3988
748 2178
732 3359
728 3879
958 3913
2736 3810
819 3949
219 3809
2328 2664
1154 2569
341 3606
3701 3778
885 1893
16 2168
2827 3972
1421 3314
2378 2687
2890 3199
1809 3209
223 3205
1247 3222
3324 3859
2920 3988
2597 3347
1418 3995
1187 3810
1336 3779
999 3621
2575 3753
2960 3124
2276 3099
1142 3374
3211 3642
1861 3017
1487 3606
3023 3661
109 3949
2854 3329
1511 2712
2300 2984
2718 3772
2973 3681
1148 3652
1894 3782
1975 3587
3339 3929
3859 3879
3635 3695
1812 3859
523 2581
3183 3955
1509 3319
755 3848
3602 3799
435 3753
216 3772
3165 3637
555 3681
1559 2412
2835 3713
1383 3860
1313 2322
2270 3353
1599 3904
1350 3826
2922 3047
640 3910
2178 2573
3546 3632
2161 2524
2154 3600
207 3231
1286 1664
456 2398
3104 3910
2909 3417
2366 3788
1179 3681
2037 2287
1280 3800
3169 3217
1166 2477
1570 2349
1384 2408
2181 2209
107 3833
2955 3979
3560 3713
3005 3860
3029 3979
3213 3828
2410 3793
2029 3374
3312 3913
2244 2904
528 3353
3096 3329
3800 3965
637 3988
815 3178
2190 3880
2688 3490
850 3702
3670 3953
673 3791
3149 3174
3810 3872
2477 3325
724 3222
709 2875
3165 3609
2678 3828
1311 3406
2914 3542
3208 3979
3015 3353
726 2756
3713 3910
327 3979
3615 3678
1684 2681
540 3339
2506 3929
1473 2887
2495 3203
3325 3972
2960 3422
3198 3325
1377 3699
1383 3490
518 3876
2452 3641
2209 2756
2960 3196
3029 3902
2693 3862
2542 2611
2359 3816
531 825
1329 3148
1733 3766
0 3735
2411 3953
3467 3542
3139 3701
424 2117
3644 3913
2602 3703
2281 2515
3401 3469
3080 3466
1384 3255
1085 2644
3205 3471
939 3535
1654 3833
1410 2076
334 378
1611 2322
2333 3766
2812 3842
700 3886
1362 2687
3830 3872
27 2752
3358 3939
915 3953
3499 3939
1094 3033
825 3164
1544 3225
1814 3833
2305 2968
1135 1509
427 2882
3203 3713
151 3043
2097 2104
1820 2688
2583 3692
1100 2186
3758 3860
1595 2176
2279 3732
3659 3953
1387 3642
2112 2634
436 3026
543 939
3760 3830
1929 3719
871 3965
2080 3357
2100 3972
1329 2693
497 3208
702 3457
2074 3611
1820 3678
2307 3606
1509 3589
571 3123
2734 3124
3124 3652
94 3751
1211 3872
430 2705
2276 3697
2434 3904
2104 3778
2315 3023
845 971
1379 3695
3499 3902
1064 3713
2966 3357
2512 3269
1635 3316
361 3644
3498 3769
480 3466
1881 3924
2904 3618
1380 3637
296 3872
3518 3979
180 3690
2832 3214
3880 3995
810 3913
3213 3872
609 2712
3113 3720
2281 3203
1762 3490
2015 3860
3329 3956
993 3939
1913 3422
2259 3266
1512 3848
1839 3123
2398 3735
766 2710
285 3457
3685 3892
1421 2887
1480 3357
2372 3958
3015 3312
2477 3113
700 2968
179 3359
819 2386
2791 3570
2097 3183
2166 3956
76 3371
2032 2933
2258 3080
2410 3211
1957 2187
2684 3357
3878 3979
302 1370
2809 2992
1393 3612
2031 3636
1453 3814
3730 3837
1718 1738
2709 3703
1323 3823
2109 3023
3056 3596
2186 3751
619 3291
3823 3886
2736 3661
1564 3956
2854 2904
1570 3760
2200 3837
219 3771
3205 3208
3685 3880
615 3982
3347 3730
1080 2242
2526 3122
2800 3231
1418 3469
624 3872
2781 3469
615 3325
959 2800
772 3833
854 3477
2080 3841
361 3913
3113 3178
2117 3471
94 3481
0 3261
971 3596
261 3772
3126 3242
2954 3196
204 3779
3415 3431
1762 3110
2120 3126
591 2890
1201 2562
273 3862
1392 3251
2954 3422
728 1819
1021 3498
2889 3671
2966 3841
963 1521
1002 3113
497 3751
2031 2721
2893 2897
887 1966
1595 3953
67 3606
390 3642
3139 3363
613 3929
1201 3669
1346 2582
2187 3415
2934 3848
1142 3837
1122 3522
3602 3612
1555 2814
1512 3469
2614 3913
520 2812
510 3730
1399 1752
1270 2752
3026 3652
3123 3406
676 2934
3242 3604
2701 2709
3359 3455
2878 3596
431 3092
1684 3266
2903 3735
185 3406
2270 3312
2878 3743
3352 3702
2548 3769
145 2684
2634 3314
2534 3860
3029 3839
613 2112
2043 3269
373 3695
2117 3205
2734 3652
3459 3958
2714 3071
3560 3689
660 3689
1395 3660
875 3960
328 2925
2559 3972
2154 3535
3826 3943
349 3810
2716 3611
959 3837
2417 2688
175 3979
1599 3434
109 3787
2168 3632
2454 3589
1467 3760
2209 3754
3455 3925
1745 1824
1393 3162
908 2600
2299 2573
56 1836
2020 3860
30 3660
1633 3701
1313 3670
3004 3939
3872 3879
2831 3826
1665 3434
1113 3925
3144 3973
3632 3754
2944 3705
2526 3793
2416 3695
1228 3632
3481 3791
24 3981
2954 3124
2207 2952
1733 3691
878 1555
2161 3231
1559 3363
2602 2709
2743 3587
2781 3788
175 3800
1166 3859
1664 3481
3401 3848
1085 2037
718 3782
934 3587
510 2705
3015 3644
2958 3913
2459 3222
1316 3282
2163 2668
311 3162
152 3720
2305 3886
24 3010
2190 3103
1851 3339
3347 3415
2548 3214
3769 3943
2092 3839
1344 1857
1461 3522
358 1913
1856 3752
1336 3092
3143 3841
549 3214
1187 3635
1383 1559
826 3833
2166 2831
3071 3956
2925 2954
2015 3669
1851 3612
304 3692
2025 2305
3229 3988
2952 3040
1635 3678
1395 2145
3635 3902
303 3005
3143 3165
1401 2710
201 3995
2408 3093
2114 3799
3029 3518
3124 3146
3123 3769
1522 3826
180 3122
730 3949
730 3868
1134 3878
958 3568
2950 3793
2412 3490
332 3175
1912 3791
3613 3713
1062 3641
2176 3659
120 3297
1798 2792
2903 3613
1474 3860
3697 3809
3086 3782
2712 3255
2178 2799
1919 3434
3546 3602
2685 3174
2582 3660
1972 2477
3713 3735
3484 3703
1216 1828
2590 3225
1857 3860
379 2074
359 1292
2933 3604
67 1590
2442 3027
2100 2827
1275 2954
1477 2526
3743 3955
2082 3872
1514 3925
2922 3636
1474 2831
2163 2743
2897 3217
887 3690
2137 2596
2281 3956
2791 3782
1800 3199
2569 3703
2067 3842
2688 3758
3096 3291
905 3958
1599 3671
412 2893
3842 3943
1785 2831
1563 3772
3104 3123
2693 3218
2287 3324
1477 3642
523 3099
780 2398
1474 3960
2037 3886
783 3606
520 3498
1062 3222
1274 3148
3787 3949
1195 3787
955 1966
2080 3596
3222 3455
2600 3610
2312 3778
2005 3072
2447 3324
1975 2304
3371 3546
3455 3459
3609 3637
1654 2710
2221 3878
2005 3033
3732 3735
2328 3580
2966 3596
2412 3110
3123 3904
1284 3956
603 3488
1533 2781
3372 3800
1247 3692
2299 3973
574 3826
1467 3872
2974 3735
326 3703
1919 3199
1230 3568
2714 3956
2180 3144
1524 3752
3169 3647
1821 3753
1368 3735
2512 2969
2887 3642
2154 3658
1900 3725
1181 2548
219 3434
1410 3862
2718 3303
3953 3982
2416 3839
3498 3751
2211 3671
3459 3925
479 3800
3658 3671
379 3872
209 3868
2933 3965
3534 3841
391 3455
2684 3596
3965 3995
2974 3910
546 3457
1098 3282
1868 1970
2600 3305
2300 3681
1729 2814
934 2222
2398 3910
419 3816
3043 3880
1457 3953
1527 3027
2287 3124
2176 3982
709 2712
1162 3886
2062 3606
1739 2160
3200 3872
2150 3751
3697 3878
2789 3979
2624 3859
2548 3826
1392 3499
3772 3787
2678 2768
3053 3880
2186 3651
3600 3691
908 1198
94 3071
2834 3793
2536 3902
1843 3596
3359 3641
1894 3809
2349 3358
955 3401
1070 3522
2221 3839
2644 3886
1189 2276
1814 2809
2707 3312
1913 2734
3053 3103
1919 3904
3324 3730
615 1325
2259 3503
3217 3477
3695 3878
2506 2684
3720 3972
871 3604
2734 2960
3004 3671
1525 2615
2141 3904
3183 3303
2526 2950
1172 2669
181 3422
2398 3164
1452 3816
1567 3681
3043 3618
1893 2954
2158 3635
2548 3751
934 3490
2615 3943
1329 3862
1070 2624
568 3860
261 3787
3600 3671
2716 3859
2641 2767
1172 3958
909 3960
2688 3316
2536 3979
1437 3658
2800 3859
1739 2950
3751 3842
95 2300
3214 3612
3535 3732
980 3326
2411 3843
3023 3876
1620 3826
2655 2945
3476 3546
356 570
3198 3972
2558 3099
3080 3469
3347 3760
2459 2796
1891 3359
968 3826
2688 3678
1665 3904
1452 3208
3902 3924
30 1128
1287 3422
1714 3929
1820 2442
3615 3758
2944 3953
1441 3699
724 3689
814 3823
2992 3353
3225 3965
270 912
2400 3788
3830 3879
2562 3266
2158 3518
1080 3878
854 3217
2120 3958
2114 3476
2254 3297
398 3535
378 3949
334 3580
2721 3093
1216 3652
2015 3615
3477 3859
1831 3604
2690 3751
467 3314
726 3769
2851 3503
2322 3546
1393 1785
2028 2590
3469 3892
3269 3810
379 3828
887 3371
2042 3913
3791 3886
2897 3324
1245 3027
2781 2974
1975 3752
2312 2569
1680 3766
1570 3830
2958 3644
2305 3953
3255 3503
1323 2451
1599 3658
2144 3735
2569 3404
137 3988
2705 3708
1799 2003
72 3772
2984 3814
688 3143
1738 3359
256 3503
271 3860
1370 3266
523 3223
2756 3225
1797 3848
2211 3960
3164 3261
1824 3982
2133 3404
3126 3297
850 896
2685 3040
3542 3621
1652 3880
3359 3878
1362 3958
2485 3681
3205 3660
2668 3973
296 2349
1195 2655
1122 3029
2402 3752
2524 3587
3072 3689
2448 3499
3297 3958
2411 3787
1533 2974
548 1461
916 1431
1230 3490
2909 3217
324 2025
2966 3056
1187 1763
3778 3868
2590 3702
2112 3793
2448 3635
3242 3965
560 3788
1418 3880
3363 3503
3689 3925
865 3719
2080 3637
678 3839
2875 3047
1685 3876
3029 3878
1201 2587
959 3955
3291 3372
3371 3476
1080 3499
2187 3859
608 2176
2163 3283
2893 3033
3735 3752
2621 3758
2950 3211
201 3848
2141 3434
237 2207
2966 3637
3816 3929
1660 2890
1359 3199
145 3778
1135 3848
3143 3453
2168 3690
1381 3208
1402 2969
2591 2794
1664 2062
1441 3995
3606 3791
2794 3929
2548 3453
2791 3347
673 1098
1421 2634
273 2076
1564 3498
1652 2591
31 2053
2768 3779
271 3758
1325 1919
823 3842
1293 3678
1410 3773
1598 3290
2366 3613
3251 3621
2104 3692
2992 3015
2186 3842
1275 2624
3325 3953
2827 3178
678 3720
2523 3708
3218 3651
2211 3839
2781 3713
3312 3866
2591 3924
3231 3363
3490 3503
3105 3979
1245 1555
688 3753
1093 3047
1907 3779
3735 3788
1313 3371
168 3652
1483 2120
1758 3522
2684 3637
1978 3469
2190 3848
241 3868
681 3791
885 2160
1752 3681
2144 3613
1745 3972
574 3751
2634 2950
2992 3644
1620 2890
3217 3730
412 3484
1887 3754
3703 3769
328 3754
1483 3965
2137 3982
2767 3546
2312 3701
3071 3769
3203 3956
1245 1877
3105 3878
1344 3466
2447 2899
1000 3972
1555 3816
2010 3471
3162 3988
2032 3958
1555 3929
3347 3859
2172 3787
2279 3809
3535 3691
3401 3699
1966 3371
2914 3047
361 2958
923 3225
1590 3791
1113 3580
1514 3689
1509 2954
3354 3965
2754 3833
2304 2524
2122 3199
2226 3670
3005 3316
3570 3782
319 3096
1195 3949
2624 3691
1891 3689
1286 3122
2137 3705
2372 2800
2142 3833
1080 3924
2189 3467
3600 3939
2093 3476
1379 3953
1721 3503
1080 3105
2615 3148
1887 2599
979 1322
3417 3678
2010 3205
3217 3324
2934 3642
2411 3560
298 3455
1659 2958
124 3005
3282 3791
3056 3357
1851 3453
36 181
1825 2955
963 3958
137 3810
2307 3122
28 1172
2452 3788
3374 3647
3498 3943
209 1661
3017 3126
3615 3860
2596 3198
2960 3026
169 1064
1635 3860
1598 3560
2145 3457
1685 3988
3165 3357
2796 2827
2459 3113
1179 3488
2599 3169
1274 3753
3231 3692
475 2827
2878 3056
1559 3110
1881 2416
755 2416
2909 3743
1292 2590
67 3791
2294 3148
2487 3778
181 2712
223 1857
2583 3269
1904 3972
2615 3773
95 3981
571 3199
3669 3751
1532 3602
358 2752
1580 3635
2178 2794
649 3647
1654 3363
2254 3352
508 3791
1519 2279
2166 3071
2587 3092
3499 3979
434 3769
303 3860
1179 1453
2808 3096
3699 3880
3126 3417
3023 3810
2969 3269
2459 3972
3326 3760
2200 3169
24 3814
2789 3570
2109 2112
214 3753
3312 3833
2133 2887
1907 3699
3261 3613
2254 3681
241 2294
508 1027
2596 3995
273 2892
3086 3092
2246 3229
699 3981
1685 3269
1511 3542
649 1069
2672 3144
1275 2020
1006 3925
1461 3752
2283 3415
2752 3326
3600 3960
1211 3670
815 1467
1797 3636
810 3644
1970 3476
2258 3457
2581 3404
3848 3995
1000 3973
2973 3814
2743 3752
1512 3699
379 3830
914 1647
3183 3719
1819 3965
2122 3339
1570 3828
3469 3685
2163 3417
410 3651
557 3793
3017 3660
3753 3904
1763 3988
2435 3162
1272 3029
432 2092
2655 3868
3613 3910
1975 3231
2100 3670
1211 3879
1172 2599
3099 3697
3772 3949
2454 3124
783 3703
1346 3457
1216 2954
1999 3828
2434 3199
378 3868
748 3110
1819 2559
1021 3596
1805 2974
2222 3587
1248 3291
2248 3618
2832 3203
549 1431
1843 3637
2459 3325
1966 3690
3635 3878
2536 3924
2287 3886
3612 3641
1189 3752
142 3960
930 3040
2270 3015
398 3766
1384 3542
3488 3981
145 3701
2968 3886
445 2062
845 3841
3406 3902
2536 2955
712 1098
2403 3029
1418 3685
622 3719
3316 3678
2029 2097
777 2756
1280 3329
1659 3833
67 681
2904 3958
316 3404
1913 2378
2400 3830
3518 3839
3408 3705
3072 3484
2416 3358
3658 3988
1762 3214
523 3697
244 3363
1217 3415
1272 3878
1319 3651
3401 3880
2512 3810
1116 3981
3072 3703
3766 3939
2408 3466
3146 3422
201 1332
968 3658
854 3955
1809 2968
1195 1877
2950 3642
3164 3613
755 3995
2166 2433
2812 3751
3200 3779
3490 3732
3488 3814
2909 3477
2485 2973
779 3290
42 2574
1085 2062
2644 3122
1049 3080
1003 3725
2672 3339
3467 3618
878 3303
2574 3651
2889 3960
1527 3929
3600 3658
2304 3833
1670 2945
1834 3958
1598 2791
819 3787
2417 3005
2053 2791
1128 2300
2221 3902
412 2693
2506 3144
411 2574
1993 3892
3453 3956
2808 3652
2092 2693
2655 3431
2596 3972
1270 2952
1198 3568
2359 3144
1002 3705
3251 3542
1563 3843
748 3816
1002 3720
271 3615
2624 3730
2506 3973
3705 3953
2117 3660
2242 3979
3027 3973
3357 3596
1684 2587
1106 1975
256 3701
2477 3026
2899 3372
1856 3587
1825 3754
1448 3203
2189 3800
3459 3965
2315 3570
2955 3878
1198 3958
1069 3010
2925 3652
3880 3892
2597 2974
668 3743
3453 3751
1037 2562
1384 2914
3023 3988
2248 3956
1311 2875
1867 3223
1894 1912
3053 3266
1344 3047
1102 3995
3208 3518
3167 3703
2246 3661
2655 3560
2614 3596
2664 3689
185 3904
540 3973
3305 3604
2887 3314
2221 3208
219 3283
1100 3231
1000 3080
207 3347
169 3283
2328 3637
0 3164
2714 3602
3004 3960
3017 3471
2133 3703
2402 2669
2599 3754
320 3752
2307 3010
2837 3766
1533 3701
3222 3359
2789 3782
1597 3242
23 3681
1401 3477
754 3678
2402 3892
2752 3719
1559 3503
1957 3291
3096 3372
2701 3839
1670 2411
1080 2800
3231 3752
1316 3886
3866 3913
3457 3471
3455 3606
243 3660
2573 3027
3283 3809
2767 3632
1652 3469
9 2944
3290 3949
1113 3689
1514 3580
2028 3958
2242 3793
1957 2899
411 3773
1533 3910
2685 3165
181 3319
2417 3678
3546 3754
3406 3434
2043 3023
1436 3735
1474 3678
3269 3282
2307 3282
3017 3205
2955 3635
2378 3652
180 2114
979 2897
2814 3816
470 3659
3788 3791
3015 3833
1053 2093
3359 3732
3175 3339
2448 2796
1332 3699
419 2882
2163 3570
3753 3779
938 2681
2043 2246
419 3027
1476 1685
1241 3324
2664 3459
1891 3222
1521 3965
3056 3165
1845 3689
2043 3876
2359 3175
2411 3431
3271 3691
1978 3995
1919 3123
848 3266
1473 3793
2451 3778
1476 3988
2716 2897
700 2558
2378 2960
2119 3910
2781 3290
181 3196
2624 3955
2914 3093
3113 3325
1576 3955
1900 3793
2754 2809
2189 3618
2283 3467
2591 3635
766 3743
2851 3110
3053 3848
1041 3866
2172 3949
3165 3534
1929 3143
938 1758
2559 3720
2792 3305
2417 2851
3047 3636
1431 2003
3658 3691
1966 3632
1421 1477
2025 3697
1436 2042
3303 3787
3261 3611
2599 3476
2403 3255
3637 3708
700 3209
3214 3842
2223 2457
1274 2076
2620 3086
1597 3960
2506 2573
373 3518
1670 3290
3669 3943
3647 3743
3589 3689
2690 3498
1135 3196
928 3691
1448 3769
928 1270
3669 3769
303 1474
2992 3357
1062 3211
2112 3979
237 3848
2687 3040
2435 3661
2172 3842
3408 3793
151 2955
3305 3459
1525 3522
2709 3753
3534 3596
3476 3910
2716 3955
1461 1975
145 3139
1652 3685
2315 3283
2168 2281
955 3223
3105 3830
395 3580
3015 3956
1509 3146
613 3973
1917 3165
702 3758
2791 3809
3833 3866
1393 3029
755 3892
3457 3660
2669 3758
560 1441
1467 3879
571 3434
1907 3213
1316 3791
3606 3685
2451 3725
3703 3960
2575 3148
2512 2575
1763 3269
3408 3953
3546 3799
1839 3904
699 3814
2835 3010
56 3283
1999 3830
2752 3040
3353 3358
875 3358
1021 3880
261 3949
3352 3958
2904 3800
2063 3771
854 2562
1861 3205
296 3766
1660 3658
754 3758
2307 2433
398 3960
379 3879
1856 2743
3124 3422
1527 2019
2119 3178
3242 3297
2333 3535
151 3719
2166 3203
291 3939
2433 3481
3047 3251
3124 3196
1217 3878
1211 1216
777 3086
169 3809
2222 3231
3596 3609
980 3719
256 3139
1134 3839
2226 3705
1514 3434
2955 3208
2749 3467
1275 3196
2074 3352
2158 3902
2944 3982
1861 2010
1563 3560
3669 3697
2279 3490
2591 3499
2974 3105
2142 3913
2410 3314
3580 3771
424 3484
1106 3752
971 3609
2893 3072
31 3681
3225 3242
2304 2966
3071 3612
1752 2577
848 1879
1293 3005
579 3325
2933 3352
1690 3374
172 3788
237 3570
270 3872
1012 1635
2259 2412
1323 3701
2914 3621
2025 3732
1620 3956
1721 3611
1094 3703
2030 2575
2707 3353
1329 2030
1521 3602
1247 3725
944 3778
1797 3542
2602 3773
2634 2847
2043 3988
1181 3453
456 2903
2754 3644
332 2042
3040 3149
1441 3848
624 3879
1598 3949
2796 3982
2794 3175
3005 3498
2809 3353
1293 2333
939 3833
1477 3793
2349 3600
3697 3956
1475 2408
2752 3174
1524 3612
2944 3720
3471 3660
1805 3788
2163 3782
1411 3872
1839 2132
1487 2222
479 944
3609 3841
9 3972
3359 3925
2402 3995
3319 3652
1891 2664
2142 3312
579 3972
2222 3752
2577 3982
2053 2789
2851 3732
1162 2968
1580 3466
1718 3641
780 3122
728 3779
2221 3695
2809 3833
3760 3872
3644 3751
1012 2417
223 3466
168 3972
2019 3929
2031 2914
2032 2792
2831 3071
1470 2966
2716 3169
435 3862
624 3828
1222 2767
2974 3788
1831 3352
1785 2690
2117 3658
2960 3589
2955 3518
3208 3902
1368 3713
1046 3641
2161 3752
175 3096
2072 3939
3209 3697
2687 3043
1106 3587
1894 2664
1855 3570
3779 3872
1172 2114
435 2893
772 3096
3814 3866
3481 3606
1006 2611
1522 3214
549 2611
1064 3305
2600 3902
3809 3814
2548 2984
2851 3363
2300 2973
2794 3027
1758 3347
1198 1834
1867 3209
3610 3958
2244 3291
142 3939
1116 3814
3339 3973
730 3772
2523 2854
2190 3995
3602 3816
780 3892
779 3787
905 3988
3644 3659
2641 3476
1553 2158
3305 3610
1762 2223
923 3958
2025 2599
2591 3105
3415 3955
1178 3636
2145 3660
2969 3876
1576 3743
1383 3678
2307 2854
1063 3720
2599 3799
411 3904
1470 3534
3169 3859
2029 3837
1970 3669
1659 3644
1563 3290
1437 2837
2276 3886
2752 3404
1659 3866
3415 3477
905 3354
2889 3600
1661 3843
1917 2553
1322 3324
1763 3023
1799 3047
3692 3778
3139 3778
1001 3925
2299 3929
42 3823
109 2172
531 3981
3255 3353
3271 3939
993 3766
730 3843
3165 3596
865 2752
712 3481
366 3218
219 3859
72 2259
1134 3695
609 3636
2442 3949
1070 3910
36 2925
2176 3972
660 3222
1893 2960
2681 3092
1685 3661
2224 3498
3476 3754
1659 3913
2799 3175
230 3606
1035 2451
554 3880
308 3372
475 2145
214 3862
2553 3609
1201 3092
3518 3902
2359 3596
999 3255
1381 3839
2051 3735
2166 3453
3659 3982
1525 3148
1359 2672
1845 3925
934 2304
3670 3982
378 2920
2067 3823
1595 3659
2958 3833
3043 3103
3651 3773
1555 2794
343 2749
3570 3771
2756 3354
1162 3099
56 3809
640 3613
2223 2875
2685 3357
424 3788
1411 3828
1978 3848
2687 3703
3546 3690
3359 3459
1128 3099
2221 3167
2684 2966
54 2597
256 3692
2887 3691
826 3637
2832 3842
3878 3902
1567 3981
137 2969
1758 2092
762 3685
2244 3372
2954 3319
865 1069
2454 2734
1669 3892
2410 3642
2553 3637
16 3658
2799 3929
28 3690
1647 3651
2172 3772
3568 3939
885 3752
1037 2587
207 2524
3029 3208
3469 3995
2808 3800
3229 3810
3782 3810
668 3621
2097 3730
1198 3242
850 2028
3760 3779
3053 3291
1230 2851
3198 3982
3659 3720
1524 3231
2328 2693
3612 3842
944 3823
2144 3713
2010 2145
1368 3910
1836 2789
2190 3401
2984 3681
2333 3691
2408 3636
939 3671
3010 3981
3690 3799
568 3339
2831 3697
1370 2709
732 3689
427 3092
1511 3760
2028 3678
3026 3422
2020 3678
2168 2641
1714 1904
179 3641
2574 3618
3415 3730
2168 3476
2270 3866
2945 3290
2172 3868
3699 3995
435 2892
1798 3958
2485 3814
1264 3123
3225 3459
3699 3848
560 3910
1855 3283
2684 3841
1669 3880
3144 3339
1406 1867
3261 3788
2029 3198
2256 3143
2968 3209
1480 3596
3659 3670
1620 3612
3283 3782
963 2792
358 3621
1680 3658
1189 2968
1879 3297
3217 3415
168 1828
3570 3779
2172 2718
2457 3174
2209 3965
3291 3708
3522 3773
445 3754
2835 2903
979 3647
1383 3758
2349 3671
219 3570
676 2672
1533 3713
1511 3621
169 3570
277 3708
3104 3602
2684 3143
2400 2903
3105 3924
3026 3319
2690 3602
1758 3651
3939 3949
2312 3956
3056 3609
1868 3754
1718 3925
291 3766
2178 3816
3314 3652
1222 3779
3303 3772
1721 3837
3146 3652
1753 3876
696 3823
3535 3658
960 3876
1824 3017
3371 3690
1390 3658
2800 3647
1957 3467
2903 3164
1189 1809
1879 2562
1599 3766
1729 3144
3735 3910
2281 3782
2831 2832
3644 3833
95 3681
2664 3641
0 2624
145 3689
1690 2624
432 3651
2062 3122
2315 3773
825 2452
2678 3814
35 3943
3148 3522
2685 3719
56 3782
3004 3658
1002 2043
2992 3833
929 3960
390 2834
637 3229
963 3965
3200 3879
3010 3735
679 3326
1893 3124
2709 3484
815 3659
885 3231
2312 3713
1157 3949
980 2664
1824 3325
185 2890
510 2523
2082 3122
2366 3010
2752 3814
1729 3816
358 3542
2597 3010
2920 3023
938 2882
1470 3841
2950 3314
2190 3719
2411 3868
2457 2752
2109 3661
1102 3892
1313 2847
1532 2181
2082 3830
944 3701
2678 3872
151 3979
1861 3660
2270 2614
2410 3005
2903 3910
540 3929
2276 2558
2934 3924
1362 3149
2200 3859
963 3242
2246 3269
120 3305
1509 3652
3374 3859
2120 3604
2831 3612
3124 3589
2878 3609
1392 1861
615 3546
2112 3635
2485 3198
172 1745
2812 3943
557 2410
2743 3231
1733 3960
326 3033
2454 3026
470 3720
2403 3695
204 3828
1553 2707
1544 3958
2672 2684
2814 3339
896 1665
3169 3477
2955 3902
2402 3848
1553 3866
2904 3329
2200 3477
1819 3702
1228 2100
941 2808
2366 3261
696 3751
2322 3618
241 3862
2133 2581
2042 3713
54 3788
1264 2141
1718 2903
1148 3146
624 3830
1598 3772
3613 3788
508 2433
3661 3988
3596 3841
2226 3982
2878 3637
2641 3690
1828 3319
518 3661
3005 3758
433 3471
941 3618
1729 2299
1021 3841
1957 2523
1522 3498
1559 3632
3071 3751
2137 2226
1721 3477
3017 3027
2244 3329
1201 3266
398 3939
237 3401
3359 3689
2716 3837
865 3326
1525 3218
243 702
724 3459
400 1917
2207 3892
1021 1380
1879 2681
1855 2315
1519 3490
2457 3546
1344 2922
1377 3401
2451 3139
180 3314
3612 3943
2300 3814
1487 3481
1390 3960
2315 3809
1729 2794
3208 3695
979 3955
152 3953
2181 2669
2328 3641
2451 3692
1805 3713
678 2536
2447 3477
2299 3027
928 3271
1845 2664
92 180
3374 3476
941 2283
2602 3404
959 3319
3839 3902
1595 1824
3144 3146
1329 1684
908 3965
905 3352
1836 3809
2248 3766
2207 3685
243 3205
2043 2512
1001 3641
3122 3791
2599 2669
603 3814
2403 3312
2506 2847
2207 3880
1467 3799
3753 3862
1474 3316
2224 3842
901 3406
3175 3973
2710 3110
2025 3099
139 2688
3271 3600
1069 3326
1362 2952
724 3641
3026 3589
285 3660
485 3973
1809 2025
244 3956
2600 3772
1344 3771
2005 3167
2590 3242
938 1879
2687 3174
2721 3542
1711 3705
1590 3282
24 3681
3434 3904
1395 2378
2707 3644
1868 3678
612 3902
328 2734
3208 3213
1154 3167
2892 3613
1311 1475
2512 3988
1041 3113
916 1475
1642 3271
2587 3859
3093 3621
2333 3939
2569 3033
2809 3644
2256 3660
2678 3779
35 3842
3702 3830
2080 3534
2958 3353
2827 3670
242 3354
510 3708
3004 3695
3357 3841
412 3072
3359 3580
1411 3830
400 3652
2523 3096
120 3417
3144 3816
0 1861
3730 3859
2969 3810
2032 2074
2133 3484
320 3587
2889 3939
2403 3839
2072 3671
270 3843
3291 3329
1098 3791
3469 3848
107 3866
823 1368
1410 2620
2909 3837
2189 2244
3363 3732
118 3925
430 2244
3611 3955
2669 3782
27 3719
3372 3708
1100 3587
2279 2851
2553 2685
1836 2791
1122 2030
3681 3981
3652 3705
2945 3868
699 3681
2878 3642
3374 3743
1393 3943
1519 2851
1135 3422
302 3730
467 3793
1187 3988
2161 2304
3606 3886
3471 3644
169 1855
3415 3647
1162 3697
826 3799
823 3613
1633 2542
2112 3902
875 3271
678 3902
172 3735
1768 3880
2889 3705
2283 2854
1512 2349
2559 3982
2416 3208
1421 3793
1718 3689
2093 2258
1711 3972
1904 2794
848 2596
2767 3754
3053 3261
2405 3830
845 3637
2200 3647
508 1085
3271 3960
3422 3652
944 3725
2669 3754
2224 3943
3033 3830
1344 2714
2611 3778
2166 3943
3104 3466
3071 3104
1635 2875
1134 3670
1381 3499
2952 3958
915 3659
2712 3913
637 2920
1012 3860
1046 3689
1154 3939
311 3876
2180 2506
3647 3955
3374 3477
1247 2799
1041 3925
2207 3053
2575 3773
2687 3149
3222 3459
3104 3826
1102 3469
1487 2433
1116 2477
2590 2756
1745 3705
1669 3995
993 3960
3560 3949
2398 2400
1670 3787
2542 3139
550 3372
3211 3314
3833 3913
2366 2400
3604 3702
2200 3611
2897 3169
1805 2366
1483 2756
1851 1912
574 3735
2025 3209
549 3823
3958 3965
2672 3929
1457 3982
960 3810
613 3816
2878 3841
640 1368
1877 2814
2969 3988
2734 3167
1211 3929
1654 3503
2710 3568
1275 3422
2400 3613
179 3925
2756 3956
1461 3611
528 3913
480 3122
1768 3123
1286 3778
2754 2992
296 3960
1340 2411
1378 3730
3144 3175
356 3879
1387 3793
1660 3690
1836 3782
1187 2246
3290 3431
2882 3086
915 2827
1894 2163
2154 2641
30 3205
887 1868
2190 3892
3753 3782
3164 3910
1162 2754
1178 2721
622 3326
1228 2887
1845 2359
1511 3047
2082 3828
2172 3560
3587 3752
1487 3122
2749 2904
2010 3637
151 3973
2512 3876
1178 3255
3671 3766
2611 3725
930 3719
207 3587
574 3842
36 2734
3613 3735
2669 3476
2259 3732
1904 3816
151 3518
3010 3910
3213 3319
23 555
3568 3580
2668 3570
328 3589
2837 3960
2854 3886
320 1473
2781 3910
139 2411
850 3417
732 3925
2581 3167
139 3860
3113 3953
3459 3689
204 3830
1379 3982
432 2693
2515 3652
3534 3637
766 3347
2180 3925
2411 3949
2460 2789
3782 3809
3056 3841
1319 1758
1647 3773
1437 3939
1035 3823
622 2687
2117 2256
2934 3685
1729 3973
4 3691
1134 3929
410 3702
2597 3788
1329 2709
3503 3816
603 2984
3040 3326
2553 2684
2600 3242
1441 3880
955 3880
1350 3751
2687 3719
3143 3596
2767 2847
1868 2847
1867 2968
1094 3404
3217 3611
3324 3955
2808 2899
2600 3415
1128 3209
3872 3973
2304 3231
2067 2583
366 2693
2752 2969
1544 3126
1814 3866
378 3843
906 2668
2515 3842
1894 2668
2890 3810
999 3636
270 3949
1669 3699
1521 2933
1665 3271
1929 3174
3105 3902
270 3868
819 3772
391 3580
2132 3406
2221 3979
779 3843
1972 3198
1217 3635
1135 3589
1567 2984
1887 2447
3183 3837
772 1814
2150 2796
875 2189
359 2100
3612 3826
2721 2875
3754 3799
1041 3312
2003 3080
1966 3196
2909 3859
906 3782
2294 2693
2768 3828
2119 3670
1441 3892
2030 2294
1917 3484
955 3892
3004 3600
3033 3072
2542 3778
2958 3312
3697 3751
2714 3612
1393 3842
923 2372
2814 3973
3043 3685
2211 3939
2442 2506
2831 3956
3787 3843
1522 3453
1887 3476
2718 2945
273 3753
2029 3611
2097 3859
3213 3779
2434 3339
2223 3719
3708 3800
2634 3793
1332 3685
3535 3671
395 3359
570 2827
2402 3459
3612 3751
1917 3196
2003 3255
569 3255
1248 3708
2925 3319
271 2495
1855 2063
2688 3615
1001 3477
118 2954
3697 3826
3415 3859
244 2412
3647 3841
1093 3621
2837 3939
2031 3787
2851 3282
1063 3982
2512 3229
303 3678
2015 3678
2142 3353
356 3872
3455 3580
1620 3842
3618 3848
1035 3701
2835 3199
1972 3126
3033 3953
1035 3778
3214 3769
1785 3751
479 3925
608 3670
1900 2887
2678 3879
550 3800
2767 3602
2834 3211
2925 3146
3701 3725
2644 3606
2160 3587
2224 3872
3324 3611
3720 3982
1453 2904
1473 3642
223 3251
1195 3868
328 3146
825 3735
999 2875
2687 3699
1661 2655
2792 2933
2400 3659
2454 3319
2678 3213
3027 3788
326 2893
1411 3879
2709 3404
175 3312
2104 3701
334 3455
1037 3266
1524 2222
1597 2887
475 2256
2814 3481
2734 3862
554 3848
930 2687
1758 3753
885 3587
435 1519
3105 3699
554 3995
1812 2800
1475 3251
2312 2583
993 3600
2042 3613
2074 3958
3305 3958
1814 2707
3086 3266
1834 2372
1264 1768
3290 3772
3876 3995
1228 2634
3056 3534
2315 3782
3324 3647
1393 3498
3719 3960
175 319
780 3699
939 3659
1861 2256
748 3973
1978 3880
1533 3848
316 3484
2226 3198
1970 3754
2600 3702
427 2562
718 1894
3779 3879
1189 3223
520 3842
1431 3466
2181 3632
3848 3892
2536 3635
1292 1399
2969 3162
475 1378
1856 2721
2442 3149
1222 3690
42 3685
2020 2534
2200 3730
1248 3955
3165 3841
2312 2611
2405 3828
1519 3503
434 2890
1134 3979
777 3092
3251 3466
2150 3178
3290 3843
2405 3879
3198 3720
3027 3144
2242 2448
865 2457
2812 3669
1824 3659
938 3086
1292 3604
3632 3799
2460 3809
2582 3587
615 2944
673 3481
1739 2526
2634 3211
242 2104
3713 3771
1323 3139
2687 3326
554 3103
2119 2447
2973 3488
1142 2909
1711 2226
2378 2454
673 2644
1166 3837
2495 2621
762 3848
2328 3222
1669 3848
2248 3769
3401 3892
1037 2655
168 3589
142 3793
3092 3810
2922 3699
848 2562
2664 3359
3659 3702
2669 3690
702 3660
1181 3697
1913 3124
2412 3363
1406 3099
1272 3099
2433 3886
1280 3148
3769 3842
1392 3979
2909 3303
753 2847
2542 3692
2581 3973
2944 3972
814 3778
2534 3615
3043 3635
2714 3697
2690 3214
815 3953
1441 3490
3217 3955
1287 3791
16 1340
1799 3080
1046 3925
1820 2952
2754 2958
2756 3604
3417 3958
2690 3826
2718 3560
2283 2899
3490 3568
2925 3589
485 568
3203 3669
531 3681
2485 3949
1851 3943
2246 3810
2307 3886
1053 3690
1521 3958
2495 3615
2452 2903
54 3735
1467 3828
2287 3481
1652 3103
2672 3816
3198 3953
1284 3669
1812 3611
3149 3787
1436 3231
2827 3659
152 1745
2053 3782
1633 3823
3169 3730
3828 3879
2796 3972
2710 3363
2178 2672
676 2887
76 3283
2074 3305
777 2681
2037 3791
1000 3542
660 1738
1580 1654
3178 3972
1266 2875
2459 3953
520 3943
3203 3842
9 3982
2781 3735
3329 3708
591 3199
3303 3955
3826 3956
871 2756
1381 3695
2966 3708
1851 3203
1247 3823
2283 3671
3701 3839
358 1431
1399 3788
349 3876
2224 2515
3175 3816
30 3457
3828 3830
1166 3347
1845 3670
1051 3642
3611 3730
1113 3641
175 2899
3242 3702
814 2487
939 3658
955 3995
4 1733
552 3621
341 3481
1647 2615
1891 3925
2575 3972
2581 3072
560 3613
1475 3892
1473 3314
1654 3110
3282 3570
1957 3708
1369 3689
3269 3876
914 2892
304 3778
2256 3471
3297 3604
411 3415
2614 2754
2133 3072
2402 3880
256 2104
1106 2222
2207 3469
3658 3766
754 3860
1189 2558
732 3455
603 3681
2477 3972
308 2283
1359 3434
1564 3842
31 3481
3149 3326
2100 2577
548 3752
1128 2558
2109 3810
285 3471
1845 3641
3047 3093
934 2524
324 3886
2705 3800
2678 3743
3671 3960
2768 3830
2276 2305
531 3488
1821 3773
3312 3329
1917 2925
929 3618
2587 2834
3352 3965
774 3904
1344 3697
1856 2161
1834 3604
395 3925
980 2752
1230 2259
3040 3725
3231 3587
1359 3406
2349 2889
161 3199
2322 3799
2574 3481
146 2417
3635 3791
216 3949
3183 3859
1812 2447
2398 3713
216 3868
3223 3697
1406 3209
1332 3892
914 3753
2053 3408
1075 3692
2053 3809
1633 3778
955 2190
1714 3973
2150 3953
901 3325
754 2688
1654 3490
2573 3973
311 3988
94 3612
823 2452
1080 3979
2460 3782
343 3708
1021 3924
912 3560
718 1836
1383 3503
243 2685
2954 3146
3725 3823
2400 3164
1685 2254
2154 3271
2433 3122
3004 3535
528 3833
1093 3080
1893 3652
1857 3542
3162 3269
774 1805
3453 3943
3659 3972
3766 3960
718 3678
3692 3725
3743 3859
2621 3860
2984 3488
923 3242
2611 3139
3642 3793
2020 2495
2621 3973
2403 2701
777 3266
1402 2109
3229 3499
1798 3225
1332 3848
169 3782
1069 3149
3004 3691
3828 3872
3689 3699
1763 3876
915 3972
2460 3771
1855 3809
1187 3661
230 2524
1839 2141
2690 3842
619 3800
1733 3939
3144 3929
2523 3800
412 3703
2562 3092
3358 3600
1978 3053
3814 3953
2158 3208
2933 3702
3353 3833
3222 3641
3029 3105
1457 2944
1785 3943
2248 3826
638 3086
3843 3860
2614 2992
560 3484
2281 3943
2402 3401
106 3053
1248 3800
2448 3453
3404 3960
0 2974
1179 3010
3760 3879
1100 3752
1387 3211
2150 3325
2186 2832
2678 3760
3223 3886
3271 3766
327 3902
456 3261
1564 3457
854 1053
2166 3641
772 3644
2958 3015
1660 3476
3730 3955
146 3615
2575 3862
3771 3809
3929 3973
1162 2305
3178 3670
106 3685
2080 3609
1825 3632
3580 3689
324 3223
2854 3800
327 3488
1521 2922
1684 3860
1522 3209
1912 2460
1452 2814
3214 3669
3469 3880
1085 3791
1266 3636
1580 3542
2668 3771
2664 3222
2799 3816
2063 3570
366 3773
3139 3823
2966 3609
3099 3297
1576 2624
1661 3787
2487 3823
1247 3778
732 2573
732 1369
4 3658
139 3005
1879 3086
2685 3596
550 2189
3316 3758
1480 3534
94 3956
854 3730
928 3600
938 1336
1912 3570
676 2799
543 3600
16 887
2019 3027
1763 3162
1881 3979
2973 2984
1461 3587
3839 3924
1799 3255
2693 3773
2707 3913
1041 3913
480 3481
244 3490
700 1098
2181 3602
124 3860
2799 3144
304 3823
1917 3652
3319 3589
766 3374
146 2621
555 2459
2477 3670
107 3913
3314 3793
2966 3658
2378 3196
2590 2933
202 3782
637 3810
2186 2294
2209 3799
2597 3713
3347 3828
327 1972
1392 3902
3104 3498
1178 3953
3225 3702
3570 3809
3217 3782
56 3771
1006 3641
2693 3148
161 1768
2299 3339
1148 2925
912 3787
1527 3339
2386 2712
1887 3799
1266 1311
2756 3297
395 3589
2010 2582
2403 2536
137 3162
2160 2402
3773 3862
3291 3467
2789 3809
1431 2712
3203 3769
1070 2835
1595 3972
2920 3162
3658 3708
2749 3708
1027 3481
1580 2875
1201 2882
2800 3955
2372 3604
3404 3703
934 3752
359 2459
120 2032
1570 3779
1148 3422
574 3669
3637 3841
2477 3198
1217 3979
1467 3830
3596 3637
3305 3658
1891 3455
2768 3872
3466 3621
1812 3732
2624 3647
1745 3408
2120 3610
1828 3146
1457 3720
1346 3017
2754 3913
1003 3830
1532 3476
3681 3910
550 2705
2678 3200
2122 2434
1904 2506
2226 2812
261 3868
1436 3788
2701 3029
2114 2641
2899 3467
878 3164
1113 2789
1768 1919
2966 3143
3303 3868
201 3685
570 3814
2447 2800
1652 3995
3477 3955
225 3692
1142 3217
1768 3904
3303 3949
3353 3866
2701 3902
2042 3910
2920 3269
2328 3455
298 334
3685 3995
2305 2410
1198 2032
3618 3708
2062 3282
2596 3982
2669 3632
780 3848
2827 3979
3503 3828
2523 3372
1521 3297
2031 2922
2558 3223
2712 3621
2875 3251
1266 3255
2242 3839
3217 3837
591 3904
235 3866
1325 2559
1162 3209
2299 2799
3325 3670
3208 3878
1819 2254
433 3457
2690 3956
480 712
2117 3017
1877 3175
2897 3730
2256 3457
302 3266
3053 3589
1799 2922
291 3600
1729 3754
2100 3408
3183 3611
929 3535
1665 1839
3453 3886
1819 3958
1012 2495
2914 2922
109 3772
546 3471
1293 3316
914 3651
26 3810
223 3542
3143 3534
2457 3326
3669 3842
3685 3699
1395 3457
2448 3878
730 2655
1228 3314
2890 3406
1390 3535
1474 3758
2433 2559
896 3904
2582 3735
3705 3972
1406 2968
3029 3635
261 3924
42 2542
92 1825
2398 2974
1647 3490
1041 3690
1166 3955
2403 3979
433 2582
1868 3632
2187 3955
1798 1834
3312 3644
2119 3165
1393 2190
958 3866
2878 3534
92 3799
2968 3099
1762 3732
2120 2952
26 3876
3029 3499
223 3604
1879 2587
2721 2922
1157 3560
3702 3965
2687 3988
3143 3357
3027 3339
242 3169
343 2705
2209 3632
2158 3924
1970 2093
1336 3269
1887 3632
2668 2789
3199 3960
2186 2714
1690 3955
430 2749
1611 2506
1311 3080
679 3174
430 3372
3113 3198
2736 3027
2899 3329
2400 3713
1134 3251
2457 3719
3708 3892
2890 3799
2562 3086
676 3973
2890 3878
2536 3839
3110 3363
1319 3862
3498 3612
2515 3612
1340 3799
603 3981
3113 3659
479 3618
2904 3372
1075 2583
1323 3692
3518 3878
124 3615
1274 3773
2386 3982
1286 2307
709 3542
2010 3949
1217 3839
1247 2067
1275 2378
1069 3719
1332 3995
944 3692
1972 3408
2749 2899
2207 3995
1287 3146
774 1359
649 3183
1567 3488
2180 3175
2569 3072
2768 3760
2984 3981
2889 3535
2010 3017
2587 3266
3200 3209
2624 3324
3297 3363
1027 2796
2315 2789
2575 3651
1836 3570
1544 3965
2211 3613
3699 3892
1929 3149
1664 3122
1035 2487
1834 3965
2209 3297
2028 2600
1340 3690
2847 3799
3303 3837
36 3841
3799 3800
3347 3955
1664 3791
1475 3255
1519 3110
794 3859
718 3371
2122 3434
1828 3652
1384 3466
2076 3651
1241 3415
2495 3644
845 3949
2074 3604
1476 3661
1563 3868
152 3868
1768 2122
2160 3841
1993 3167
2242 3695
2074 3417
2158 3839
1978 3892
1012 3902
2349 3691
560 3713
2312 2451
1122 2092
1332 3291
3167 3484
3713 3788
175 3329
2189 3708
3072 3167
1272 3979
1448 3214
2270 3644
622 3040
1154 3404
3053 3699
3303 3843
1851 3669
615 2477
696 3692
427 431
1785 3826
2120 2590
2973 3981
1857 2922
26 518
1390 3766
2137 2577
349 3988
1178 3542
681 3606
2569 3484
1670 3843
216 3843
555 3814
3371 3876
1041 3015
3695 3839
2226 3659
1828 3422
2457 3325
3669 3826
3325 3720
2166 3611
1100 3218
3023 3269
2451 3701
693 2553
548 2524
929 3766
1322 2447
2969 3661
3481 3886
3498 3956
2558 3886
815 1379
959 3324
1820 3339
2897 3837
1861 2582
319 939
2705 2899
225 3642
3490 3560
980 3174
1564 3826
3477 3611
28 3754
638 1336
2294 3522
3477 3837
2028 3124
3347 3830
929 1402
308 2749
1069 3174
2945 3772
2030 3651
1611 2799
172 3164
1340 3371
1957 2904
3499 3695
2832 3697
1680 2154
94 3587
960 1753
2952 3702
1800 3904
2104 3823
676 2573
3010 3823
3325 3982
2587 2882
2248 3214
1292 3354
2664 2678
2966 3534
1377 3685
688 3534
349 3269
4 3488
2043 3229
2246 2495
1843 3534
3518 3924
2063 3809
762 3880
810 3866
1564 3751
2400 3261
762 3995
1245 1714
2515 3453
3560 3872
1861 3457
794 3981
2092 2709
2909 3730
2032 3352
3148 3753
1287 3124
2602 3600
1477 3314
1590 2287
2223 2687
2315 2460
2259 2851
3604 3958
320 2224
146 3860
3647 3837
3589 3979
2410 2887
202 2063
2145 3602
1877 2573
3771 3782
845 3357
823 3713
968 2832
1978 3699
3104 3956
929 1843
2596 2796
1346 3660
2451 2487
1999 3760
434 3754
1711 1881
2904 3708
3096 3618
550 2899
1845 3580
993 3183
1907 3872
1739 3314
579 3982
557 3211
2577 3972
1122 2620
30 3017
1690 3165
2614 3312
2029 3217
298 3925
3560 3868
2892 3753
3816 3973
1480 3609
2668 3809
679 3981
2655 3290
730 3647
1275 3589
1798 3305
3015 3866
316 3703
2283 3800
1402 3023
2150 2596
564 3828
1972 3659
2611 3823
2112 3499
2176 3720
2299 2672
2681 3848
3033 3167
3678 3860
2158 3695
2832 3769
3312 3353
2221 2591
1012 3758
3123 3199
3788 3910
2812 3203
2258 3408
1834 3354
2447 3374
1659 3995
699 2485
1690 3837
2154 3960
3560 3772
3103 3892
1157 3868
3939 3960
2333 3004
2903 2974
391 2944
2960 3146
3560 3787
3691 3939
3222 3689
470 2386
2591 3902
1006 3580
1350 3453
814 2611
2583 3823
1570 3879
1729 3929
2448 3518
433 702
1480 3637
3148 3859
848 2587
1661 3671
2792 3965
475 3371
2925 3196
1467 3779
1580 3093
2015 2534
1113 3455
608 3953
3126 3690
3431 3988
3174 3719
1599 3929
2569 3167
2655 3843
2685 3149
3431 3787
3103 3685
1912 3283
3071 3826
1970 3546
3103 3995
1821 3148
3053 3892
3542 3636
3839 3878
794 1166
3103 3880
748 2573
3415 3503
1553 3913
2256 3326
1041 3833
320 3231
523 3886
591 3123
699 2973
72 3363
1274 3862
2067 3692
3791 3859
2596 3953
497 3960
54 3613
609 2922
1611 3175
1620 3214
2412 3503
3200 3828
2019 3816
3291 3618
3200 3602
548 2402
1524 3587
2142 3892
3499 3839
748 3929
1511 1799
1369 3866
1476 3162
237 3892
2020 3615
2410 3080
2944 3670
1642 3939
1053 1222
3071 3943
810 3833
693 3841
1247 2542
410 3126
1907 3828
3453 3826
612 3878
2051 3713
2553 3841
142 3766
569 3466
3371 3632
2743 3973
2575 2615
1590 3606
2097 3837
3670 3972
1576 3303
1993 3685
2620 3198
1721 3955
779 3772
2132 3904
241 3651
552 3570
1390 3913
624 3779
1900 3314
3164 3713
1819 2600
1006 3689
1633 3810
3681 3705
783 3484
1070 2452
1457 3725
568 3816
2781 3261
2448 3839
390 2950
2248 3164
2459 3670
550 2791
2768 3213
1113 2794
2258 3471
1509 1868
2705 3372
1274 3466
2721 3466
2200 3183
1887 2669
2117 2582
302 3092
3453 3621
120 3589
909 3658
2305 2558
779 3949
1753 3988
3469 3699
316 825
960 3988
3769 3826
2053 3570
1800 3406
854 3611
2597 3910
2410 2950
3842 3956
2043 3661
772 3866
783 3282
2796 3670
2922 3080
2109 3229
1477 1900
3148 3218
810 887
2955 3499
1346 3471
320 1461
3017 3183
3787 3868
1179 3981
1178 2408
424 1395
3600 3973
1380 3596
3518 3635
2709 3773
1245 3339
3203 3826
316 2893
3305 3352
1319 3753
1522 3943
2452 3261
622 2752
3347 3872
3283 3570
2835 3261
3610 3965
2668 3782
332 3973
1820 3860
3229 3661
1738 3689
3092 3771
1280 2904
2992 3866
826 3165
137 3972
3126 3610
1418 3699
2526 3211
609 3621
1284 3769
2597 3164
612 2955
1845 2909
1851 2281
960 3162
2944 3659
2553 3534
2796 3198
1521 2600
1329 3837
1843 3143
1753 2969
2452 3613
1799 3251
1248 3467
2312 3823
3358 3692
3211 3793
1762 3324
2287 2644
1684 3892
168 3422
3269 3988
1525 3498
1370 3769
3144 3522
1559 3490
209 3843
2973 3661
2897 3374
3162 3229
3371 3799
993 2333
3354 3982
2835 3910
2112 2887
2454 3652
1598 2276
619 3372
3324 3743
435 3773
619 2749
2259 3490
1881 3518
424 3660
359 3972
928 3632
755 1431
2114 2181
398 2984
1387 2526
3661 3876
36 2960
1377 3880
1635 2621
2814 3929
3178 3720
304 2487
3072 3404
612 2701
395 3641
3005 3678
2270 3913
2812 3498
3104 3751
928 2889
958 3833
1142 3358
324 1189
1480 3841
1241 3859
1275 3056
908 3305
1148 3589
3352 3354
1814 3312
3753 3773
2093 2322
1202 2620
1049 2914
909 3766
1154 3271
1647 3862
1993 3995
26 3988
152 815
2100 3113
2411 3636
1216 3319
2053 2889
510 3467
1809 3099
76 3476
2922 3093
1912 3809
2582 3457
896 2434
2954 3652
3779 3828
3902 3979
543 3766
3126 3965
1198 2254
1377 3892
1379 3659
2952 3604
277 3800
2093 3371
2180 2442
1272 1839
3178 3982
528 3644
709 2223
681 3282
2602 3484
2851 3490
0 3788
1635 3615
1900 2526
1738 2305
688 3929
1797 2181
2386 3953
753 3862
696 3778
728 3872
2460 2668
2701 3979
1021 2878
2685 3841
242 3955
3099 3209
3859 3955
2042 3735
358 3636
3347 3779
3644 3771
2224 3956
1106 3326
564 3830
1266 3251
3406 3904
2412 3568
2569 2893
479 1062
2448 3902
2223 3040
2442 3929
2005 3689
3026 3635
2641 3799
161 3904
2736 2831
1512 3004
3213 3347
2254 2792
361 3866
2160 2161
1532 3371
3467 3708
753 3476
3691 3766
2887 3793
23 3981
1843 2878
1642 1733
2359 3973
1797 3621
2559 3778
3222 3580
137 2611
1292 1390
3534 3609
303 3615
2534 3316
2176 2973
3353 3913
16 3602
712 3791
980 3149
2359 3800
2485 3981
3826 3843
3453 3769
2615 2620
699 3469
2716 3477
2487 3701
2834 3880
999 3542
726 2186
2281 3910
1406 3223
2097 3477
780 3880
3503 3732
35 3956
1745 3169
2015 2417
1739 3642
724 3913
2405 3872
202 3939
2693 3010
2448 3979
2672 3973
3291 3800
1680 3939
3183 3374
1157 1661
2754 3866
3209 3886
2641 3660
2832 3751
3363 3490
1642 3691
1753 2814
2582 3610
1436 3713
1825 3799
4 3535
2435 3988
2454 2960
244 3503
3658 3939
1487 3791
2207 3401
1475 3636
2403 3902
3814 3981
1680 3271
794 3730
3126 3459
914 3148
341 2433
958 3644
2132 3434
1046 3455
3222 3925
2080 3056
1597 3793
2878 3165
1857 3080
2221 3499
2515 2831
3200 3830
2992 3685
608 3982
1912 3782
235 3913
2615 3753
3769 3956
2067 2312
1392 3839
929 3671
2223 3326
2372 2756
2974 3261
2315 2668
2756 3965
3010 3613
2037 3606
2076 2574
3122 3282
2447 3217
1401 3139
2244 2854
139 3678
242 3611
3105 3695
1106 2160
1907 3830
2743 3809
445 3546
2005 2893
885 3800
332 3816
3122 3606
638 3092
106 3469
2718 3868
1322 3415
728 3828
3602 3842
3671 3691
1599 3406
1993 3691
2408 3080
2109 3876
3651 3753
3422 3589
1680 3981
1070 3613
1894 3283
179 3580
2248 2690
649 3324
2150 3972
1380 3143
613 1904
2800 3169
1441 3685
3431 3772
2644 3282
1000 2914
3697 3943
1128 3222
1785 2515
2020 3758
31 3771
3251 3636
3358 3960
214 2178
427 3266
1966 1970
2386 2459
3200 3213
3010 3681
2142 3632
3372 3467
3904 3913
1611 3929
850 3297
2168 2847
3104 3669
2624 3183
3691 3960
1230 3732
2178 3973
2690 3793
1739 2634
2614 2809
3401 3995
1457 3113
1733 3600
2714 3203
2246 3988
2063 3782
726 3602
242 3647
615 3610
3651 3913
124 3758
774 3406
3692 3823
3043 3401
569 3093
3033 3703
151 3635
1037 2882
2025 3886
3266 3615
2141 3199
2600 2933
3110 3732
2827 3982
3431 3868
1474 3122
3431 3949
3040 3174
1003 3866
1809 3223
1680 3960
3466 3778
2307 3791
35 3769
1532 3799
916 3466
3705 3842
334 3606
3303 3477
1027 2433
3316 3860
814 3692
2712 3093
1669 3043
1402 3988
3169 3955
2893 3404
3104 3697
2851 3568
3203 3943
3004 3358
2359 3754
1828 1893
31 3283
3751 3826
2294 3753
3213 3879
1929 3326
555 2485
2602 3072
850 3958
2933 3958
1812 2716
2562 2614
1805 2781
1487 3886
235 3015
693 3609
2067 3778
794 3955
1820 3973
1284 3943
2597 3735
3148 3651
1421 3211
1929 3988
2526 2834
2827 3720
1999 3200
1576 3837
1642 3766
2416 3878
1134 3518
702 2690
2451 3705
2890 3546
2526 3642
341 1027
202 2743
2485 3372
1316 2644
2718 3290
2734 3589
1544 3242
1241 3611
1824 3198
1051 3522
2435 3876
1820 3027
2602 3522
1316 3481
2372 3352
373 3953
1436 3910
3196 3589
579 3659
3751 3943
3105 3635
2028 3459
3401 3725
1553 3833
2882 3266
3357 3534
1659 2754
2892 3651
118 3960
1280 2854
2583 3139
3611 3972
1070 3735
2042 3788
3892 3995
3702 3958
3404 3484
1457 3972
1075 3701
1350 3669
810 2958
1411 2003
608 3198
2569 2581
3104 3214
327 3981
436 3732
3363 3568
31 3782
3072 3406
2512 2920
1970 3690
3297 3354
1369 3641
3104 3769
679 3719
3261 3735
209 3949
2187 3730
2349 2837
3692 3701
930 3174
2279 2412
1993 3848
2104 2583
2067 3725
1135 3652
2457 2685
1904 2019
1834 2246
1745 3982
2333 3271
2109 3988
430 2854
640 3788
2333 3960
3043 3995
1684 2882
3092 3266
3611 3647
2366 3910
2920 3876
3779 3830
3169 3611
1287 3589
2878 3589
2952 3719
359 3720
2442 3973
2242 3878
1128 3223
1128 1867
1867 3697
2955 3839
1524 2304
1797 3791
766 3647
2768 3200
2093 2847
570 3982
3282 3481
637 2410
2186 3602
1378 3660
2452 3910
2122 3904
2536 3695
324 1179
2889 3658
2029 3324
1437 3671
3047 3621
1661 3949
2581 2893
2246 3876
1738 1845
2372 3702
2512 3661
794 1721
2104 2611
1831 2933
2559 3325
557 3642
1917 3146
2809 3866
3305 3965
2934 3699
3602 3943
1762 3929
1819 3214
1222 2847
3611 3837
2408 3843
848 3086
390 2887
1972 2137
2005 3703
2283 3096
1718 3580
3023 3229
1522 2812
2749 3096
3043 3699
2534 3758
1511 3636
1758 2523
2920 3661
1098 2062
3730 3743
2454 2954
819 3560
688 3466
845 3056
1966 2534
2854 3618
688 3609
1887 2621
3453 3669
1999 3879
2743 3771
3404 3799
2590 3354
3043 3053
1381 3979
3924 3979
3612 3669
145 3823
2019 3973
3099 3223
923 3352
2403 3518
1752 1891
3056 3476
3431 3843
302 1684
137 3610
332 2799
826 2966
2707 2809
2279 3503
179 1046
1532 3546
3697 3886
3103 3681
2028 2074
1831 3958
3459 3610
1000 3636
2224 2714
2969 3023
2072 3691
4 422
9 2763
16 1607
23 2421
24 3764
26 177
27 3776
28 60
30 2252
31 2134
35 3963
36 3288
42 3475
54 3994
56 3905
67 2661
72 3343
76 2418
92 3942
94 3478
95 3516
106 3120
107 3813
109 3301
118 3252
120 3154
124 1199
139 1875
142 1946
145 2171
146 3761
152 3653
161 3915
168 3994
169 2167
172 3423
179 3920
180 2930
181 2330
185 469
201 3676
202 1895
204 2288
207 3978
209 3936
214 3475
216 3714
219 1643
223 3085
225 3409
230 2247
235 3917
237 3341
241 3890
242 659
243 2419
244 3170
256 2510
261 3335
270 2740
271 3458
273 3441
277 2880
131 285
291 3331
296 3070
298 2912
197 302
303 2782
304 3983
308 2566
311 3365
47 316
319 3296
320 3722
324 3588
191 326
327 1020
328 3603
332 3426
334 3776
341 3366
343 2766
349 2948
356 3566
358 3595
359 3539
361 3915
366 1909
373 3759
378 3895
379 3247
390 3761
391 3595
395 3764
398 3999
400 1678
410 2470
411 3361
412 3764
419 2373
424 3137
427 3967
430 3292
125 431
432 1019
433 3998
434 2645
435 3736
436 3989
445 3712
456 3656
467 1185
470 2725
475 1200
479 3813
480 3062
485 3607
497 2297
508 1029
510 3657
518 3845
520 3414
523 1096
528 2894
531 3645
540 3288
543 1424
546 3288
548 3179
549 1086
550 3373
552 3682
554 3724
555 2948
557 3992
564 687
568 3366
569 3132
570 3335
571 3815
574 2759
579 1445
591 1577
603 2941
606 608
609 3756
612 2078
613 3295
615 3616
619 2998
622 3858
624 3573
637 3852
638 764
640 3873
649 3903
660 2440
668 2626
673 3549
676 2821
678 2341
679 3127
681 3974
688 2956
693 3741
696 2367
699 2758
700 3462
702 3857
709 2191
712 2633
718 2507
724 3516
726 3950
728 2519
730 3811
732 3594
748 1866
753 2780
754 3465
755 3916
762 1101
766 2610
772 2496
774 3240
777 3897
779 1624
780 3663
783 3299
794 3966
810 1950
814 2917
815 2302
819 2883
823 3811
825 961
826 3984
845 3806
848 2295
850 3945
854 3511
865 3688
871 3838
875 3657
878 1737
885 2943
887 3820
896 3881
901 3975
905 3948
906 2195
908 3186
909 2738
912 2643
914 3921
915 3901
916 3648
923 3019
928 2317
929 2533
930 3114
934 3877
938 3985
941 3912
944 3952
955 3630
958 3989
130 959
714 960
963 2004
968 2916
971 3976
979 3379
980 3954
993 3409
999 3293
1001 1126
768 1002
634 1003
840 1006
1012 1663
1027 2048
1035 3944
1037 2113
1046 3220
1049 1725
759 1051
1053 3937
1063 3475
1064 2514
1069 1397
1070 3928
1075 3936
1080 2779
867 1085
761 1093
1094 3276
1098 1484
1100 3138
1102 3884
1106 2467
1113 3869
1116 2293
1122 3267
1128 2841
1134 2549
1135 3188
1142 2711
1148 2324
1154 3679
1157 2439
1162 3656
1166 3252
1172 3767
1178 3734
1179 2365
1181 3485
1187 3710
1189 3260
229 1195
1198 3855
1201 2963
1202 3565
1211 3824
844 1216
1217 3811
1222 1737
1228 1759
70 1230
1241 3383
1245 2943
1247 2932
978 1248
1264 2288
1266 2967
974 1270
1272 3895
1274 2088
1275 3559
1280 2271
1284 3909
1286 3930
1287 1723
1292 2470
1293 3821
1311 3997
1313 3419
1316 2853
1319 1548
1255 1322
1323 3951
1325 3748
1329 3361
1332 3947
1336 3733
1340 1903
1346 3829
1350 3794
1359 3724
1362 3688
1368 3545
1369 3786
1370 3928
1377 3380
1378 3501
1379 2055
1380 2823
1381 3215
1383 3934
1384 3927
1387 2066
1392 2947
598 1393
111 1395
415 1399
1401 2965
1402 3750
1406 2753
1410 1782
1411 3883
1418 3873
1421 2474
1431 3969
1436 2174
1437 3246
1441 3912
1448 3654
803 1452
1453 2874
1457 3712
1461 3263
859 1467
1470 3405
1473 2811
1474 2227
1407 1475
174 1476
1477 3508
1405 1480
1483 3364
170 1487
1509 3532
1511 2314
1512 2289
1514 1870
1519 3292
1521 3770
1522 3617
1524 3808
1525 2511
1527 2762
1532 3221
1533 1537
1544 3877
1124 1553
1555 3479
1559 1623
1563 3775
1564 3918
1567 3418
1570 3379
1576 3530
1580 3559
1590 2839
1595 3573
1352 1597
1598 2461
1095 1599
1040 1611
1620 3599
1633 2673
1635 3493
1642 3234
1647 2357
1652 3871
1654 3370
1659 3376
1660 2648
370 1661
1664 1971
1665 3895
1038 1669
1670 3804
1680 2502
162 1684
1685 2325
1690 3991
1711 3855
1714 3582
1718 3759
1721 2911
1729 3650
1733 3034
1738 2994
1739 3593
1745 3768
1752 2863
1753 3527
247 1758
1534 1762
1763 2870
3 1768
1785 1792
1797 3562
1798 2633
1307 1799
138 1800
1805 3653
1809 3796
1812 3741
1814 3835
1819 3975
1820 3950
1821 3764
1824 3666
1825 2868
1828 3573
1831 3445
1834 3418
1720 1836
1839 3776
1843 3991
1845 2962
1851 3977
1855 3836
1856 3137
490 1857
1861 3387
1867 3351
1868 3920
1877 1935
1879 3996
1881 3893
839 1887
1891 3605
2 1893
1894 2545
1900 3350
1904 3515
1907 3035
77 1912
1913 3456
1917 2671
1704 1919
1929 3578
533 1957
1250 1966
1970 3298
1712 1972
1975 3898
1978 3854
174 1993
729 1999
2003 3308
2005 3679
2010 3224
529 2015
2019 3945
2020 3389
2025 2064
2028 3511
2029 3514
2030 3189
2031 3304
2032 3037
1990 2037
1644 2042
1337 2043
2051 3968
2053 3377
2062 3176
1104 2063
2067 2931
2072 3748
2074 3619
2016 2076
62 2080
2082 3315
1127 2092
2093 3483
2097 2101
2100 3881
760 2104
1225 2109
2112 2552
2114 3241
2117 3037
2119 3742
2120 3572
2122 2923
2132 3285
2133 2617
1209 2137
860 2141
2142 2844
2144 3894
2145 3531
2150 2444
511 2154
1693 2158
2160 2497
2161 3137
2163 2383
2018 2166
2168 3905
2172 3962
2176 3574
1005 2178
506 2180
2181 3134
2186 3639
2187 2252
2189 2212
2190 3744
2200 2612
44 2207
1472 2209
2211 2368
2221 2225
670 2222
414 2223
1700 2224
2226 3286
2242 3058
2099 2244
1915 2246
1815 2248
2254 3244
616 2256
2258 3989
428 2259
2270 3989
2276 3739
1757 2279
2281 3163
2283 2769
2287 3256
2294 3928
816 2299
2288 2300
2297 2304
2305 3462
488 2307
1607 2312
2315 3718
2322 3265
1885 2328
2333 2744
2349 3711
1404 2359
2366 3295
1747 2372
2185 2378
2386 3783
2398 3649
2362 2400
2402 3277
2403 3831
545 2405
2408 3547
2410 3627
2411 3759
2412 3348
1870 2416
2417 3834
2433 3448
127 2434
2435 3497
2442 2598
2447 3338
2440 2448
694 2451
2452 3976
719 2454
2457 3962
2459 3978
2460 2729
2477 3247
2485 3966
1841 2487
2495 2563
2506 3776
2456 2512
2515 3241
2292 2523
2524 3595
2526 3863
2534 3190
2536 3947
2542 3961
329 2548
2553 3240
2558 3919
2559 3674
2562 3817
1357 2569
2573 3987
2574 3073
918 2575
2577 3896
2581 2991
2582 3432
2583 3985
627 2587
1114 2590
2591 3821
2596 3233
2597 2813
1596 2599
2600 3554
2602 2605
2611 3268
192 2614
2615 3755
2620 3151
2621 3423
2624 3674
2634 3696
2641 3867
2644 3588
2655 2873
2295 2664
2668 3923
2669 3897
2672 3236
2584 2678
2681 3119
38 2684
2685 3786
2407 2687
2571 2688
2690 3664
2156 2693
2701 3435
2106 2705
2707 2993
2709 3835
2710 2972
995 2712
2714 3997
2282 2716
1617 2718
2721 3509
2734 3179
2027 2736
2743 3579
2740 2749
2752 3851
416 2754
2756 3437
2767 3387
2768 3259
2781 3946
2789 3567
2791 3362
2770 2792
2794 2972
2796 3194
2738 2799
2800 3762
2808 3903
2809 2816
2213 2812
2814 2965
2741 2827
2831 3346
1283 2832
2834 3301
1969 2835
2837 3920
2169 2847
1308 2851
727 2854
2218 2875
2878 3999
633 2882
2887 3369
2889 3969
2890 3418
2892 3141
2802 2893
2385 2897
876 2899
2903 3327
2261 2904
2909 3746
2914 2915
2920 3930
2724 2922
2925 3161
2090 2933
2316 2934
6 2944
2945 3000
2394 2950
2588 2952
1267 2954
2955 3757
881 2958
2960 3495
2966 3883
2968 3667
2969 3840
2973 3796
2004 2974
2984 3309
2992 3709
1850 3004
2068 3005
3010 3951
2549 3015
132 3017
3023 3945
2251 3026
2409 3027
3029 3445
3033 3400
3040 3381
3043 3188
3047 3304
506 3053
3056 3245
3071 3463
1581 3072
1225 3080
786 3086
3044 3092
2565 3093
3096 3785
3099 3964
3103 3526
1232 3104
3105 3558
3110 3425
2421 3113
364 3122
3123 3849
2014 3124
3126 3515
1827 3139
2823 3143
3144 3311
3118 3146
3116 3148
3149 3948
2364 3162
1606 3164
607 3165
3167 3505
515 3169
3174 3501
3142 3175
2252 3178
1304 3183
2824 3196
3198 3590
1444 3199
3060 3200
1736 3203
3205 3559
1676 3208
917 3209
502 3211
2775 3213
2415 3214
611 3217
3218 3230
803 3222
3114 3223
3225 3717
1817 3229
3231 3785
2531 3242
3251 3983
3255 3704
3261 3308
2951 3266
3268 3269
2261 3271
1769 3282
3283 3591
2640 3290
3291 3543
3297 3894
3303 3586
2696 3305
3243 3312
3314 3318
1994 3316
1550 3319
3304 3324
3325 3333
3311 3326
1414 3329
3332 3339
3334 3347
1656 3352
3285 3353
3354 3619
3357 3938
1687 3358
2853 3359
3363 3597
1931 3371
3372 3377
3374 3931
3160 3401
167 3404
2519 3406
3408 3834
2929 3415
1132 3417
3422 3638
3431 3986
3434 3762
3073 3453
2738 3455
3180 3457
1581 3459
3466 3933
2529 3467
2921 3469
238 3471
318 3476
892 3477
148 3481
3327 3484
3393 3488
1243 3490
3494 3498
3128 3499
3128 3503
775 3518
767 3522
3534 3824
1376 3535
535 3542
2967 3546
2863 3560
3568 3991
2090 3570
2682 3580
1928 3587
2568 3589
3596 3911
464 3600
577 3602
2653 3604
468 3606
3609 3968
3610 3854
2971 3611
3612 3849
3613 3630
507 3615
3552 3618
3621 3934
2219 3632
2039 3635
3062 3636
3637 3894
1693 3641
1237 3642
2975 3644
3647 3747
351 3651
3418 3652
3172 3658
3659 3838
3660 3989
1656 3661
2841 3669
820 3670
2151 3671
3678 3909
2450 3681
2192 3685
3318 3689
2520 3690
2795 3691
3692 3696
2048 3695
3696 3697
701 3699
3701 3903
3608 3702
2653 3703
3383 3705
2981 3708
381 3713
3336 3719
288 3720
3003 3725
3730 3738
3732 3990
2855 3735
2148 3743
3737 3751
801 3752
2382 3753
3077 3754
2124 3758
646 3760
3745 3766
1757 3769
3561 3771
807 3772
3773 3963
1133 3778
2595 3779
2864 3782
1458 3787
1042 3788
3516 3791
1356 3793
2930 3799
953 3800
1011 3809
3810 3840
3063 3814
383 3816
2420 3823
264 3826
3119 3828
2603 3830
3676 3833
2483 3837
3839 3888
3228 3841
3343 3842
3112 3843
2557 3848
3338 3859
130 3860
3626 3862
1417 3866
3680 3868
3775 3872
3034 3876
1552 3878
3524 3879
276 3880
3857 3886
3440 3892
3902 3912
1529 3904
3836 3910
816 3913
2314 3924
1289 3925
2233 3929
1940 3939
3927 3943
3903 3949
1586 3953
2793 3955
3068 3956
3747 3958
2788 3960
2473 3965
3972 3978
3973 3990
2630 3979
1206 3981
3337 3982
211 3988
2708 3995
23 3462
24 2481
26 3284
27 3884
28 3774
36 3785
42 3727
54 1608
56 2115
67 3270
72 3742
76 3607
92 3914
95 3738
106 3846
115 118
120 3742
124 3284
139 3937
142 3440
146 3710
152 3586
161 3992
168 3230
172 3557
179 2419
181 3444
185 3978
201 2982
204 3328
209 3920
216 3983
225 3986
230 3432
241 3264
243 3037
244 3060
271 3299
273 3435
277 3594
285 3964
291 3125
296 3857
298 3834
302 1852
304 447
307 308
311 2069
343 1709
349 2594
356 3427
361 3853
379 3920
390 2810
395 3976
398 1285
411 3818
419 3941
427 3680
431 2801
432 3021
433 3985
434 2098
445 2848
456 3849
470 3790
479 3345
485 3095
497 3394
508 3495
518 2859
520 3558
528 3845
540 3945
546 3631
552 3696
554 1258
557 3783
568 3968
569 2570
570 3906
571 3914
579 2757
591 3317
608 1451
612 3897
619 2017
622 3966
637 3934
638 3896
640 3877
649 3900
668 3530
673 3968
678 3936
679 2902
693 3922
699 3002
700 3668
712 3263
724 2742
726 3693
728 3338
730 3529
762 3954
766 1282
774 3569
780 1365
783 3412
815 3500
819 3268
823 3930
825 2764
845 3366
871 3974
878 3964
887 3969
901 3436
905 2529
906 2729
908 2406
912 2761
914 3657
915 3684
916 3304
930 3780
938 2626
941 3094
944 3905
958 3342
960 2027
971 3957
979 3307
980 3362
999 3971
1002 2726
1003 3897
1006 3458
1012 3804
1027 2965
1037 3386
1049 3176
1051 3869
1053 3992
1063 3238
1064 2388
1075 3790
1080 2170
1085 3654
1093 3722
1094 3891
1100 3260
1102 3804
1113 3756
1116 3944
1122 2561
1135 3857
1142 3364
1148 2921
1166 2708
1172 3974
1178 3412
900 1181
1187 2638
1195 2986
1198 2748
1201 3172
1202 3024
1230 3781
1241 2852
1266 3825
1270 3672
1274 3718
1286 2647
1287 3247
1293 3624
1311 3608
1313 3210
1316 3794
1319 3508
1322 2557
1323 3940
1325 3861
1332 3598
1336 3156
1340 3891
1350 3454
1359 3001
1368 3509
1369 3399
1370 3927
824 1377
1378 1492
1380 3081
1381 3933
1383 3975
1384 3890
1387 3855
1392 3649
1395 3971
1399 3683
1401 3048
1402 3783
1406 3912
1418 3511
1421 3926
1431 3856
1437 3831
1448 3025
1452 3933
1453 3573
1461 3919
1467 3442
1470 3959
1473 3194
1475 2758
1476 3890
1477 3662
1480 1534
1483 3627
1509 3479
1511 3159
1514 3808
1521 2445
1522 3350
1525 3722
1527 3367
1532 3847
1533 2380
1544 2034
1555 2391
1559 3249
1564 3558
1567 3930
1570 3111
1576 3254
1580 3824
1590 2986
1595 3936
1597 3502
1599 3731
1611 3808
1620 3864
1633 3565
1635 3938
1642 2886
1652 2650
1654 3159
1659 3891
1196 1660
1661 3997
1664 3584
1665 3858
1669 2978
1670 2673
1680 3576
1685 3804
1711 3959
1718 3441
1729 2704
1733 3932
1739 3820
1752 3864
1753 3540
1762 2441
1763 3882
1768 2383
1785 3901
1798 2982
1799 3855
1800 3983
1805 3850
1809 3462
1812 3395
213 1814
1819 3135
1820 3665
1821 3976
1824 3801
1825 3919
1828 3756
1831 2769
1834 3248
1836 3957
1843 3171
1855 3731
1856 3911
1857 2961
1787 1861
1867 3741
1868 3265
1877 3336
1879 2059
1891 3951
1893 3298
1894 3438
1900 3974
1904 3975
1907 3740
1912 3541
1913 3954
1917 2656
1919 3449
1929 3239
1957 3322
1966 3650
1970 1971
1972 2516
1975 3813
1978 2173
1993 3749
1999 3555
2003 2884
2005 2901
2010 3900
2015 3997
2019 2965
2020 3977
2025 2511
2028 2547
2029 3706
2030 3619
2031 2760
2032 2935
2037 3745
1240 2042
1788 2043
2051 3985
2053 3998
2062 3458
2063 3768
2072 3539
2074 3875
2073 2076
2080 3011
2082 3835
2092 3465
2093 3944
2097 3258
2100 3907
2109 2129
2112 3447
2114 3197
2117 2885
2119 3552
2120 2849
2122 3182
2132 3986
2133 3616
2137 3874
2141 3327
2144 3845
2145 2539
2150 3777
2154 3741
2158 3921
1493 2161
2163 3599
2166 2565
2168 3650
2172 3883
2176 3191
2178 3675
2181 2208
2186 3993
2187 3497
2189 3680
2190 3292
2200 3790
2207 3461
2209 2538
2211 3863
2222 3454
2223 3854
2224 2516
2226 2877
1588 2242
2244 3901
2254 3952
2256 3882
2258 3249
2115 2270
2276 3740
1987 2279
1479 2281
2283 3656
2294 3792
2299 3723
2300 3573
2304 3429
2305 3025
2307 2392
2312 2766
2315 3969
2322 2423
667 2328
1146 2333
2349 3590
2366 3980
2372 2470
2386 3628
2398 3822
2400 3014
2403 2730
2405 3514
2408 2547
2410 3383
2411 3590
2416 3119
798 2417
2433 3590
2434 3722
2435 3847
2442 3933
2447 2744
2448 3903
2452 3768
2087 2454
2457 3668
2460 3007
2477 2803
2485 3974
2487 3871
2208 2512
2515 3969
2523 3060
1706 2524
2526 3741
2534 3315
2536 3984
2542 3867
2548 3986
1992 2553
2558 2828
2559 3763
1927 2562
2569 3385
2572 2573
1734 2574
2575 3893
2577 3509
2581 3059
2582 3550
2583 3300
2587 3272
2590 3857
2591 3294
2596 3948
2597 3749
2035 2599
2600 3562
2602 3813
2611 3583
2614 3102
2615 2735
2620 3804
2624 2706
2634 3951
462 2641
2655 3847
2664 3414
2668 2820
2669 2953
2672 3375
2678 3529
2681 3696
1964 2684
2685 3263
2688 3141
220 2690
2693 3985
2701 3920
2705 3429
2707 3235
2709 2901
2710 3009
2712 3706
2714 3930
2385 2716
2718 3722
1591 2721
2734 3991
2736 3914
2743 2765
2749 3927
2754 3873
2756 2982
462 2767
1140 2768
2781 2782
2789 3082
2791 3767
2792 3489
2794 3808
2795 2796
2799 3050
2385 2800
2808 3941
2686 2809
1600 2812
1566 2814
2827 3129
2831 3631
2832 3959
2147 2834
1719 2835
2837 3764
2847 3664
2851 3116
2854 3088
2764 2875
2878 3333
2882 3121
2887 3244
2889 3884
2778 2890
2892 3722
2893 3884
2897 3044
2903 3975
1210 2904
2909 2916
2846 2914
2920 3655
2922 3774
2925 3736
2933 3721
2934 3565
1732 2944
2470 2945
2950 3011
2952 3776
2771 2954
2955 3672
2958 3664
2966 3722
2319 2968
1837 2969
2691 2973
2984 3653
2992 3520
3004 3013
3005 3845
3015 3249
3017 3024
3012 3023
3026 3989
2199 3027
3029 3285
3033 3494
1959 3040
3047 3376
2194 3053
616 3056
3071 3792
2776 3072
3080 3656
3086 3413
3092 3672
3093 3900
3001 3096
3099 3747
3103 3605
3105 3664
3110 3950
3113 3191
1658 3122
3123 3977
3124 3740
3126 3598
3139 3907
3143 3241
1155 3144
602 3146
3148 3583
3149 3964
1528 3164
505 3165
2956 3167
3169 3777
1992 3174
3175 3875
752 3178
2730 3183
2298 3196
3198 3811
1015 3199
3191 3200
2468 3203
3205 3975
3208 3423
3209 3349
2363 3211
2662 3213
3214 3950
3217 3931
3218 3429
3216 3222
3223 3935
1321 3225
3229 3675
2298 3231
2868 3242
3251 3852
3255 3304
3261 3888
3266 3274
3136 3269
1675 3271
3282 3874
2780 3283
3290 3951
1696 3291
3297 3761
3249 3305
3312 3763
3275 3314
2840 3316
3319 3432
3108 3324
1671 3325
3326 3679
3329 3380
2423 3339
1804 3347
3341 3352
3353 3364
2726 3354
3357 3997
3358 3971
3003 3359
3128 3363
3371 3964
3372 3885
1628 3374
2956 3401
2674 3404
3001 3406
3239 3408
1331 3415
3417 3831
3294 3422
2996 3431
3001 3434
866 3453
3455 3921
2870 3457
3459 3555
3466 3970
3298 3467
3469 3473
3471 3870
3476 3858
2588 3477
3481 3533
3484 3728
1290 3488
2471 3490
3370 3498
2953 3499
3503 3822
817 3518
3327 3522
3534 3964
1775 3535
3340 3542
1802 3546
3555 3560
2896 3568
3570 3694
3580 3729
2255 3587
2007 3589
3264 3596
3595 3600
3425 3602
3219 3604
3588 3606
3609 3903
3610 3919
3193 3611
3612 3624
3613 3881
2840 3615
3618 3865
3621 3712
2208 3632
3635 3987
3636 3654
3628 3637
3641 3806
2036 3642
3102 3644
3592 3647
1548 3651
3652 3961
2717 3658
3166 3659
1528 3660
3661 3854
3669 3736
2623 3670
3240 3671
3678 3923
3681 3914
3685 3903
1158 3689
3667 3690
3691 3724
3692 3966
597 3695
3697 3715
2907 3699
3390 3701
3460 3702
2901 3703
3705 3984
3708 3721
3514 3713
3719 3983
3578 3720
3724 3725
3730 3805
2666 3732
3258 3735
3254 3743
3188 3751
1924 3752
3716 3753
2245 3754
3758 3863
3525 3760
2642 3766
3663 3769
3771 3891
3772 3781
1782 3773
3275 3778
3779 3976
3486 3782
2395 3787
2214 3788
778 3791
3793 3795
3265 3799
3784 3800
3765 3809
1446 3810
3558 3814
3748 3816
3823 3881
3085 3826
3403 3828
2997 3830
3797 3833
3338 3837
3502 3839
3489 3841
3842 3850
3449 3843
2492 3848
1260 3859
3792 3860
2711 3862
3866 3875
2395 3868
2667 3872
2997 3876
597 3878
2939 3879
1173 3880
2911 3886
2445 3892
2689 3902
1145 3904
3633 3910
3323 3913
3224 3924
3237 3925
3050 3929
3939 3998
3768 3943
407 3949
3236 3953
3742 3955
3934 3956
3801 3958
3595 3960
977 3965
2623 3972
3971 3973
3721 3979
3573 3981
3619 3982
3908 3988
3918 3995
26 3601
27 3863
72 3908
106 3963
118 2880
161 2535
204 3235
225 3877
230 2941
298 3450
343 3136
528 3433
546 3707
579 2923
591 1486
608 3802
622 3152
638 3762
640 2630
649 3603
679 2698
693 2823
762 3491
766 1342
783 3978
878 907
901 3001
916 3561
1003 3449
1049 3280
1063 3977
1064 3569
1085 3796
1093 3304
1100 3990
1102 3873
1116 3946
1172 2667
1178 3112
1201 3430
1202 3631
1241 2861
1274 1337
1313 3832
1277 1316
1319 3173
1323 3212
1325 3024
1350 2537
1377 3819
1381 3832
1399 3856
1401 3912
1406 3491
1421 3718
1452 3537
1461 3137
1470 3723
1475 3370
1476 2308
1477 2928
1480 3745
1514 3365
1525 3959
1527 3450
1532 3832
1306 1544
1559 3445
1567 3573
1576 3328
1590 2136
1595 3871
1597 3952
1599 3454
1419 1611
1620 3193
1633 3598
1642 2691
1665 3128
1669 2697
1685 3815
1711 2140
1752 3802
1762 3444
1768 3523
1798 3677
1799 1802
1800 3454
1761 1809
1812 2753
1814 3665
1737 1820
1825 3265
1828 3062
1831 3733
1843 3087
1855 1916
1856 3392
1857 3285
1867 3996
1868 2987
1879 3852
1913 3547
1919 1947
1957 3464
1966 2423
1975 3714
1999 3877
2003 3899
2005 3817
2010 3383
2019 2056
2020 3639
2028 3851
2031 3987
2032 3908
2062 3137
2063 3933
2072 3151
2076 3706
2080 2326
2082 3709
2097 2870
2109 2998
1667 2114
2119 3959
2120 2479
2132 3001
2133 3253
2137 3677
2141 3392
2144 3042
2145 3295
2158 2979
2163 3648
2176 3961
2178 3439
2181 3262
2187 3884
2026 2209
2211 3449
2242 3739
2258 3676
2276 3462
2279 3748
2294 3486
2300 3125
2304 3894
2305 3289
2312 3724
2328 3089
2366 2397
2372 3983
2386 2911
2398 3508
1719 2400
2403 2902
2373 2405
2416 3134
2433 2546
1366 2434
2442 2908
2452 3228
2454 3249
2457 2872
1281 2485
2487 3805
2512 2613
880 2524
2534 3875
2536 3397
2329 2542
2553 2670
2558 3970
1079 2559
1419 2573
2105 2574
2575 3894
2577 2976
2399 2583
2587 2883
2591 3127
2599 3627
2600 3922
2602 3937
2614 3492
2615 3398
2620 3994
2634 3633
2641 3265
2655 3653
2668 3662
1903 2669
2418 2672
2685 3756
2688 3108
2690 2766
2701 3028
2705 3075
2707 3825
2709 3400
2710 3540
2712 3577
1935 2714
2718 3479
2734 3948
2736 2923
2749 3177
2754 2820
2296 2756
2791 3909
2794 3045
2799 3090
2808 3986
2809 3511
2812 3696
2827 3980
2831 3653
2832 3382
2834 3932
1927 2835
2837 3895
2847 2852
2875 2918
2882 3849
2889 3835
1782 2892
2900 2903
2904 3780
2909 3593
1469 2925
2945 3031
2952 2983
2955 3607
2958 3934
2828 2966
2968 3852
2969 2977
2747 2973
2984 3195
2986 2992
3004 3014
3005 3349
3015 3301
3023 3831
3024 3026
3040 3462
3047 3964
3071 3585
3072 3802
3086 3835
2828 3092
3093 3934
2061 3096
3103 3684
3105 3721
2924 3110
3113 3452
3067 3122
3123 3399
3124 3141
3126 3794
3139 3946
2910 3143
3146 3947
3148 3894
2784 3164
2674 3167
3035 3169
2118 3174
3175 3861
3178 3918
3183 3565
2926 3196
2236 3198
3199 3331
3189 3200
3203 3844
3205 3437
3208 3624
3209 3462
3211 3805
3201 3213
3214 3388
2426 3218
3222 3238
3223 3462
3225 3348
3229 3526
3231 3460
3251 3468
3051 3255
3239 3261
3282 3784
3135 3283
3290 3865
3297 3298
3305 3473
3312 3911
824 3314
3316 3712
2727 3319
2497 3324
2094 3325
3326 3389
3329 3342
3172 3339
2481 3347
2937 3353
3354 3755
3327 3357
3358 3898
2426 3359
3116 3363
2035 3371
3372 3470
3374 3796
3401 3966
2594 3404
3406 3523
3135 3408
3415 3934
3417 3433
3422 3567
3431 3974
3434 3759
3453 3942
3452 3455
3457 3901
3459 3464
3152 3466
3467 3884
2613 3469
1730 3471
3129 3476
736 3477
224 3481
2901 3484
3153 3488
1694 3490
2035 3498
978 3499
160 3518
1388 3522
1922 3534
2722 3535
1229 3542
837 3546
2395 3560
3568 3750
3570 3936
3127 3580
3137 3587
3589 3707
3596 3984
3600 3890
3602 3850
3604 3990
1038 3606
3598 3609
3593 3610
2740 3611
2554 3612
3390 3613
3557 3615
2902 3618
1109 3621
3632 3795
3595 3635
3636 3986
2474 3637
3389 3641
3642 3854
2648 3644
2498 3647
3651 3662
3550 3658
3550 3659
3660 3698
3661 3938
1983 3669
2686 3670
3445 3671
3678 3971
3573 3681
3433 3685
3690 3707
3691 3920
3692 3891
3695 3938
2105 3697
2970 3699
2711 3701
3253 3702
3696 3703
2872 3705
3713 3808
3386 3719
3720 3759
3725 3863
3730 3855
3732 3861
3735 3818
3710 3743
2910 3751
3744 3752
406 3753
3749 3754
3758 3784
3445 3760
3766 3818
3769 3820
1940 3771
32 3772
1987 3773
2329 3778
3533 3779
3002 3782
3787 3803
1501 3788
2761 3793
2098 3799
112 3800
3742 3809
3810 3832
2883 3814
3816 3932
2329 3823
2649 3828
2755 3830
3311 3833
3836 3837
3679 3839
3109 3841
3397 3842
2759 3843
3267 3848
3859 3884
3852 3860
3402 3862
3866 3922
1585 3868
703 3872
2739 3876
2234 3878
2603 3879
3886 3940
2196 3892
2475 3902
2999 3904
1922 3910
3109 3913
2994 3924
3922 3925
1905 3929
2045 3939
1829 3943
3731 3949
3254 3953
3955 3962
3184 3956
2994 3958
3960 3994
500 3965
3191 3972
2073 3973
3950 3979
3981 3983
3971 3982
3486 3988
2426 3995
27 1409
230 1895
878 1508
1003 3923
1377 3605
1401 3643
1470 3748
1669 2563
1762 3964
1800 3645
1825 3562
1831 3686
1867 3468
1585 2133
2137 3556
2144 3919
2163 3440
2366 3805
2398 3852
2405 3286
2534 3897
2542 3673
2559 3395
2573 2813
2574 3009
2575 3797
2602 3654
2685 3999
2808 3520
1210 2809
2320 2827
2882 3680
2903 3594
2955 3206
2958 3907
2968 3948
2973 3573
2001 2984
3015 3299
2501 3023
3026 3032
3040 3875
3143 3591
3164 3593
2901 3167
2420 3175
3196 3247
3203 3206
3208 3505
3218 3871
3251 3304
3255 3999
3195 3282
3290 3294
3314 3930
3316 3950
3319 3402
3324 3971
2228 3329
3358 3921
3372 3961
3374 3927
3408 3871
3045 3417
3422 3746
3302 3431
3035 3453
3455 3870
3467 3711
3469 3564
2488 3471
3477 3835
2674 3484
3488 3746
3128 3490
3335 3522
3535 3634
3542 3992
3470 3546
3031 3568
3570 3963
2682 3596
3602 3623
2364 3604
3609 3815
3610 3990
3618 3921
3621 3984
3551 3632
3551 3635
2666 3636
3642 3643
3594 3644
1331 3647
3661 3683
1265 3670
2001 3681
3691 3820
3695 3969
3702 3718
3705 3914
3009 3725
3732 3819
3497 3743
3751 3944
3752 3966
3754 3850
2060 3766
1515 3769
3716 3771
3605 3772
3787 3797
3809 3966
3573 3814
2941 3816
2603 3828
3688 3830
3265 3833
3837 3856
3485 3839
1328 3843
3866 3984
3452 3868
3496 3872
3878 3894
3861 3879
3630 3886
3521 3892
2325 3902
2385 3904
837 3910
3676 3913
3082 3924
3847 3943
2956 3949
3645 3953
3548 3955
3219 3958
3219 3965
3952 3981
3026 3557
3358 3812
3610 3668
3551 3725
3102 3866
