1199 665 285 1590 1002 713 1364 2497 738 668 2078 976 2125 514 169 1604 2412 1458 43 2204 2344 1 250 2465 1413 1367 216 2300 
1827 783 1121 2345 1467 2376 180 1391 277 1324 830 236 2235 1041 2142 1795 1909 469 238 
2 1149 965 1163 1939 1516 485 956 895 1539 741 1914 862 2260 2471 540 2003 943 932 414 198 1484 2459 
613 1941 2319 407 139 1116 664 1071 729 1103 2374 281 371 1953 1876 1607 512 2460 2231 564 1839 1207 149 1870 
1169 826 2310 1165 3 940 2456 1126 428 2147 1463 1449 1674 1835 1931 406 1027 2202 328 108 1832 583 372 296 1791 1143 274 1866 1445 1786 185 1938 2419 1360 1592 
2455 2216 981 951 1238 516 2116 1316 1782 457 423 117 299 1482 2120 2385 1936 2500 1223 1050 775 348 1522 2243 2259 1615 1689 1935 1381 1978 474 1692 908 957 1951 
2340 248 1719 1766 2090 2285 1958 1711 679 2222 1390 1714 869 171 1920 344 1417 1534 4 854 1912 1968 1655 
370 922 268 690 2141 2153 1833 1845 843 774 1451 594 2316 1588 2369 386 237 1852 696 2395 799 925 2182 1022 2247 336 2352 227 164 1648 
2109 813 1658 2034 1086 5 884 2401 1686 1703 657 975 2341 1168 1475 141 1606 605 39 1123 1310 2016 330 2100 205 871 2008 2139 397 2330 2255 1858 2339 
970 2226 568 359 1122 1431 707 1196 120 83 1225 660 616 1045 504 866 1627 1601 2368 923 1488 1996 368 2135 1688 892 1266 384 302 2137 2311 1555 2000 2227 
1872 1211 251 2338 2418 994 6 1670 1136 1798 527 776 2367 988 944 1899 2325 2258 1378 210 2271 25 625 1734 1376 2432 2431 1929 491 1549 2462 828 1654 903 352 2336 1005 1563 2393 1621 1249 2253 2167 2347 716 2108 
1380 1873 2081 232 73 935 1913 2068 2225 812 217 1065 656 2076 1327 1460 
290 45 1906 1843 1789 745 2425 2480 1191 246 1400 1874 477 1477 193 985 7 896 410 240 409 1289 
2466 353 1803 1004 2498 23 2037 841 2489 1728 941 2273 1472 1520 1769 2178 2289 1349 2129 2007 385 1819 
2486 823 1461 1657 524 1646 465 2089 2429 1500 671 1265 1643 1524 126 8 1343 2277 697 1659 1020 1502 2087 366 304 456 289 1813 1137 748 1774 796 1696 81 2382 1130 747 2490 156 634 212 123 
1429 1064 1138 974 1483 912 2377 1701 57 222 2045 
2001 1895 481 1076 1415 2160 1608 
1021 402 1616 403 256 1407 9 1286 333 1320 879 
553 1713 1750 897 1140 436 173 2075 1382 1528 1351 1313 2409 2201 1850 1747 2387 243 531 851 165 1434 2250 1489 1188 338 470 1800 746 400 2479 1442 1412 2200 
2212 549 1690 2335 1712 1760 1111 
10 538 2115 2179 1776 1559 
652 1521 947 548 447 1043 361 
507 2346 1296 2317 2323 1593 2154 888 907 1546 536 1823 2060 1258 241 873 490 1154 973 1525 
582 755 1638 1053 1896 1910 749 2209 2056 1109 1673 2024 764 1160 1955 673 1368 901 2018 11 1815 67 1248 758 1054 578 417 2155 765 2229 1119 890 1308 520 
1599 1551 1498 770 1473 211 2111 496 659 630 1345 1962 1079 2036 127 75 2332 2297 1857 705 2342 2413 1494 740 2404 731 
934 1145 751 760 284 12 1398 1294 833 50 752 2013 
1171 1933 948 157 415 558 1582 1641 566 1589 2493 597 2136 2434 422 2357 853 369 1444 1424 86 837 1802 1821 750 219 814 206 2246 1697 
811 586 744 1581 1129 1222 1426 1042 2118 562 989 1587 2228 640 218 1348 413 2446 852 732 793 768 2268 267 
532 1557 2477 1049 1826 845 392 1341 13 743 966 1158 2128 2219 2491 2334 2114 484 1814 1125 677 1094 1253 2027 
1612 257 1295 1342 308 822 183 573 47 54 501 1066 
2349 1273 2306 1038 2138 1383 831 1370 1198 585 1213 1856 1764 601 14 365 1669 265 2488 381 1291 1595 952 617 2396 19 703 1948 41 2358 1945 1605 489 905 182 784 
1532 68 242 1466 362 1261 203 42 737 995 1159 286 1924 
1846 1361 2421 435 53 341 525 1233 1569 1515 735 15 689 444 544 499 2162 1594 2020 2326 2044 
579 1332 1157 2391 1930 730 807 1878 325 1547 150 2071 1900 561 2281 2403 1363 124 1974 2422 1989 1597 128 261 1720 547 2244 249 1985 137 2438 1227 1830 1106 383 
20 1326 1916 1687 322 2085 320 1676 113 1409 2014 1375 16 1067 80 
1087 99 2398 1535 1439 1556 2213 2218 832 1544 575 2266 1394 154 708 2448 1263 2402 1811 993 592 2441 599 225 2472 
1591 17 1661 1799 1756 
916 570 626 51 712 1166 
1807 882 900 18 142 1486 130 961 1202 1395 1187 633 1323 
700 52 253 1836 621 1664 1377 1276 1057 119 1926 682 1949 2123 1979 291 2211 1963 669 1252 1908 1834 563 1691 1548 1340 864 685 1650 2215 1224 419 2288 1044 
114 1023 1217 2006 1101 2166 1806 620 1156 451 714 1596 1059 2383 763 2420 1359 1710 1250 1193 2140 1755 88 155 2295 1113 1459 1763 480 2029 1715 1848 269 847 1192 1964 1677 834 275 2019 1011 1853 
754 1503 1485 412 875 1309 1114 1808 629 618 1131 96 606 
1584 2092 404 1743 725 2454 259 1684 184 2370 1751 452 2035 245 312 881 675 118 2442 1531 1174 105 2426 535 2002 2232 894 228 1541 2208 1346 2131 1779 2205 1228 1733 1073 915 1450 331 924 
3174 4346 2953 3946 4299 3303 3580 3903 4324 3673 4588 3750 4751 4402 21 3013 3436 4339 
1817 346 1208 546 454 455 777 509 356 1731 1135 1685 1055 927 1771 936 1170 
22 937 2305 1570 2439 1662 1014 133 1298 1454 1153 500 475 804 1127 1972 1384 493 816 1288 1785 433 736 1679 1663 2397 874 136 1887 2328 
914 1152 1060 718 394 230 1074 100 354 2133 163 97 909 324 772 2467 969 351 2388 815 1357 1293 662 1097 1504 424 2447 
1230 1529 463 902 252 1653 1401 1058 1397 2354 955 1032 2478 158 355 2482 919 576 2104 2221 836 1418 1748 1862 1142 840 72 2233 233 207 820 848 1706 2366 1456 71 24 2028 1561 880 650 2481 857 803 726 2175 
1585 2275 2077 486 1855 1635 1915 1564 1891 1952 1699 978 513 1205 960 
1624 1146 46 2449 49 1496 1986 885 964 1132 125 1172 2371 148 2292 2301 460 1322 655 189 26 93 1262 1705 954 2356 684 1285 
886 2220 2380 2384 1721 1928 2415 287 1264 778 1885 1509 593 1889 1707 2495 1093 196 1235 1492 339 596 648 1162 152 244 1651 1062 1246 1453 443 646 569 1746 1026 1107 676 1619 
2475 709 2180 987 643 1151 1013 2381 698 1048 1517 27 1977 2224 1902 309 1115 1290 1039 980 479 1099 1319 1526 1553 767 458 103 2262 1435 
421 340 1416 1402 1404 2461 1497 1408 2049 2106 476 297 641 1994 1214 2476 389 2444 2299 2234 159 1410 1506 303 61 1805 1080 176 1411 1672 928 2144 337 844 78 1919 959 
642 1077 2314 893 1614 401 28 2440 135 1239 2207 519 2105 1681 162 2240 872 2469 762 2399 2463 567 647 678 591 1932 
2365 2214 464 806 1840 399 1385 109 29 1474 2348 488 2091 1331 2375 1393 1869 172 2088 2199 2073 2470 710 2041 1816 802 373 
612 624 1737 2026 1700 1849 2484 2458 1865 437 2168 1694 598 1315 706 1003 2445 1255 809 145 2494 984 379 1186 1775 622 2303 950 1571 1084 1000 795 2172 982 2050 1421 829 2496 658 769 1542 654 825 
1947 487 637 292 1317 849 898 2052 1337 38 680 262 132 254 983 522 789 143 387 1268 1300 1898 2283 395 2360 1943 258 1226 32 2107 949 1574 1184 1365 1698 30 1353 
1244 1729 31 792 505 316 231 95 559 
1195 2080 1538 298 1283 2163 1752 450 938 2059 2265 1036 1061 1809 1124 1333 2443 2065 1545 177 2372 1965 693 1543 865 2276 326 1070 
2157 2134 2149 2069 2130 
200 1372 442 2095 478 1414 521 2146 33 167 2181 329 1056 1973 1254 530 
2423 1723 472 34 1178 2206 98 1176 931 911 1863 293 635 1081 1432 2485 628 55 1302 1514 503 2177 683 850 260 1427 1796 891 2307 1270 186 1194 194 2327 2238 1001 2151 2047 1090 2025 1216 76 2057 
1303 35 223 1311 462 63 1455 1495 1030 1540 1083 
408 151 933 36 220 727 1144 
1768 761 2294 1063 1554 2101 314 2143 1469 838 945 2185 1277 1793 1923 1954 1946 2132 1334 1464 996 1406 2150 48 2264 140 
1881 1997 739 1860 
878 2324 1988 545 1600 2011 824 1016 2194 434 1210 37 74 
426 632 2196 215 1219 1634 2015 494 1307 2119 2487 1812 106 429 692 817 271 343 1602 1033 1565 1572 979 2103 608 1727 610 
1312 1667 779 733 1777 2023 1976 2032 2086 1092 1744 2274 2427 687 2424 1828 2048 946 565 1490 
1730 1098 917 377 115 1718 1716 2079 315 1010 2191 2492 1487 2122 1892 1284 1200 467 1611 1618 1024 1476 1260 701 508 2248 416 2005 602 1847 1580 40 1884 2159 59 552 787 1829 1462 1047 278 860 1998 887 1008 1085 1527 781 2436 2062 2363 1632 2124 2389 1837 2350 1269 1164 1356 842 1299 2302 1423 64 2315 
431 939 1386 1318 2392 533 691 1801 2499 1724 1141 6065 2320 694 963 587 1007 1419 2286 2468 537 1918 1034 468 2061 6506 1204 5862 1842 2453 921 2161 6223 715 2364 1917 2451 1981 1068 2183 1297 2173 1617 87 572 1598 1403 492 2309 1820 
2066 702 1447 390 1511 201 2331 1035 2405 2017 653 1110 771 876 1995 1767 44 
2450 1441 2072 661 1640 1215 1732 2435 1983 318 1761 1234 2252 1438 347 2051 229 411 122 1579 517 1175 1478 2343 138 1117 971 2254 311 2217 1091 1739 
2414 1880 2378 2322 2055 
510 209 711 1864 214 1275 174 1875 2083 398 1537 364 720 2410 1069 1181 2042 1975 1890 2097 2428 1738 1576 1105 906 2394 1479 
929 603 870 1818 1934 305 1765 1652 1682 1982 526 2030 2193 310 590 2249 1636 2070 1894 393 1501 1028 276 688 1780 1212 197 
323 2296 2379 2046 859 2355 1754 1373 121 1620 2304 168 681 2158 2242 846 1623 445 495 2031 2293 1236 1573 518 1100 867 615 962 780 1139 2279 1742 1536 1583 2351 
202 588 1753 1757 1180 
667 1773 1350 1392 785 2198 1725 56 1942 1267 1993 482 1433 1844 539 471 2337 1877 1029 1430 
1668 2033 1128 1344 1167 1374 2230 62 2362 1088 1009 1518 224 1736 600 2312 1305 
1201 2197 430 2169 556 112 821 
818 235 990 58 595 497 1422 644 2112 
1512 2287 1904 1281 1825 1388 
2127 2021 1189 283 1259 317 60 1578 1867 208 1921 1792 2223 1868 
110 1251 2290 790 699 1961 1980 360 1161 2145 1787 2291 449 
9767 7783 8564 8481 8246 7588 8031 7938 8923 7807 8244 9917 8523 9546 8303 7538 9670 9893 7766 8164 9168 9458 9715 8127 9776 8348 8749 8446 8445 9984 65 8194 
1231 1457 1649 
5581 6787 5811 7010 6029 6090 7108 6800 6216 7279 5898 7129 5687 6606 7057 6745 6751 5574 6584 7077 7056 7422 7188 66 7214 6633 7447 7321 5691 6674 7483 6399 5112 7350 6875 6850 5464 
998 420 1387 349 810 1778 70 
226 1804 1150 2187 1586 2099 
2267 2113 1702 
2411 358 2452 2251 721 345 2165 2063 1102 728 1922 438 2457 1051 797 1148 2298 2278 551 239 2353 1491 856 550 2203 2148 1513 1781 623 889 
636 2156 69 791 555 280 1966 2064 1824 972 999 321 1245 
977 1243 704 327 376 334 179 899 255 
801 1206 147 1465 282 1481 1903 604 1241 405 1645 
1905 77 958 1247 1660 2004 332 2433 1242 918 
1639 1644 1726 2058 1118 1622 1389 997 2236 782 473 1552 1577 1567 1179 425 1610 432 953 861 2009 2186 1940 1709 1831 1257 90 1396 79 1675 
1420 1562 2190 1603 1012 756 766 506 1505 773 1772 2483 2022 1306 839 82 1680 1784 1510 1499 577 1280 342 2272 1256 335 557 2170 
1970 1550 858 1901 910 213 1758 2102 1990 129 1075 1443 111 84 1304 441 631 1671 2010 1907 2430 1287 2171 1822 153 307 
116 742 1425 1190 1937 1609 1314 1428 266 
1851 1330 2082 363 85 1642 674 619 160 1197 1292 
2164 554 2043 1735 724 2241 161 1950 1203 89 1134 1631 1440 101 350 1740 1626 686 1507 446 1369 1282 1647 589 2012 440 1927 2321 2437 541 1272 
91 1240 1052 1399 2188 649 1173 1470 627 1437 2084 166 
788 92 1493 144 1328 199 
2053 2189 1888 913 1405 1508 
94 367 986 146 543 1271 131 1666 288 1749 
722 1717 1838 191 
991 2269 1566 609 1112 883 753 1177 2210 2373 920 459 1104 1854 1879 926 1229 187 
1893 542 1861 1278 1984 1883 1897 1745 1366 2333 1436 102 1448 670 2313 483 607 904 1693 300 1665 1017 
2093 2270 2400 391 453 466 204 273 571 1533 1683 2096 170 2256 1790 639 1759 967 2407 581 104 
1468 930 808 695 1722 868 357 1218 181 1183 178 1695 
107 2067 1625 798 1575 
264 1089 439 1770 272 313 1232 1999 
1120 2152 1708 1037 1678 511 1155 1741 2094 2039 2121 672 375 1957 
1841 1279 1944 1959 1859 2263 2040 175 560 1446 523 1078 638 863 2406 1301 2074 1185 2474 2117 719 2473 2282 2416 580 1133 
1095 1628 1354 1810 319 134 1560 529 388 195 786 
1220 1336 306 1274 301 819 2280 1018 800 270 1015 1530 498 1355 1519 734 877 992 
1147 1339 968 1025 1209 2184 1523 1991 2408 2390 247 1911 1629 663 1630 1480 1558 1971 1925 1987 1321 2176 2054 2361 2192 2329 1072 
515 1347 827 1637 1006 418 263 1704 279 188 461 
378 1956 2237 2098 1108 2126 2386 
190 1221 1797 534 221 374 835 1762 1031 1371 1992 
1040 380 1613 427 805 584 1046 448 2174 1471 2284 574 1656 2417 2195 2308 2318 2110 295 2261 1329 1362 192 759 
4342 3090 4717 4497 3533 3699 757 3298 3858 2551 4429 3897 3080 4799 4772 2832 4639 4728 3282 3378 3214 4850 2922 4827 3453 4297 4925 4177 4920 3909 4968 3531 4220 4753 4735 3556 3314 4547 4769 
6735 6281 6234 6474 5376 6657 6916 6828 6404 6329 5119 7065 6638 6647 234 
294 1788 502 528 1379 723 614 1969 2245 794 1967 1182 1019 645 
382 717 611 1452 2239 2257 1568 2464 1871 1338 1325 2359 
651 1882 855 1358 1960 2038 396 1633 1886 1783 1096 1237 942 1352 666 
1335 1794 1082 
4226 2925 4310 3465 2989 2501 3666 3351 
4489 2569 3787 4448 4674 3594 
4390 2596 3068 2891 4373 3366 2541 4376 2987 4058 4649 2761 3237 2823 4523 4894 4117 4576 4289 4809 2930 3536 3184 4122 2661 3275 4995 3098 4213 3074 4405 4113 3894 
3194 4893 4445 4722 2902 4724 4871 3067 2727 4565 3447 4165 3559 3197 3083 4695 4975 3200 2731 3148 2502 4106 2701 3592 2765 2886 4562 3380 4126 3575 2999 4929 4876 3975 2952 3227 3421 
4421 4770 3009 3970 3110 4647 4013 3691 3617 4337 4016 3831 4556 4640 4763 
4830 3099 4054 3928 3527 4198 3823 4855 4209 3495 3464 4018 3943 3482 4892 3267 4419 3029 4607 3596 3289 4538 2866 2593 3791 4363 2606 4271 3250 3507 3869 4483 3608 3754 2718 4105 4838 4605 4672 3132 3460 2503 4333 4779 
3291 3553 4602 2712 4100 3256 2545 3208 4625 3490 3496 2993 4242 2646 
4950 3807 3727 4937 3186 2802 4992 4361 3399 4584 4425 3404 2546 3451 2698 3911 4148 3292 3128 4513 4006 4680 3030 4552 2504 2573 2979 2937 4875 4888 4189 
3772 4866 4668 4169 3466 4570 4063 3491 4747 4494 4684 4233 3156 4848 2810 4207 2632 4748 4225 3999 3984 3686 4199 3177 4191 4739 4909 3614 4946 4296 4834 2671 4919 3590 3914 4862 3263 2642 3081 3611 4745 4416 4121 3721 4433 4118 2720 4241 
4841 3801 2652 3695 5218 4131 2610 2906 4907 4698 3800 2678 4962 4166 3321 4673 4498 3342 2592 2505 4104 5887 2875 4139 2777 4052 2867 4760 3203 4282 2863 3954 4901 4622 6564 3681 3377 5166 2578 4426 5516 2689 3428 3718 4190 2970 4140 
3347 3660 3684 2835 3281 3211 3568 4621 3585 
3037 4164 2506 4596 3554 4319 4043 4097 3927 3348 2530 3133 4418 
4816 4370 3795 4163 2544 3532 4099 4410 3101 2982 2757 4084 3761 4587 3417 4161 4660 3011 4340 3168 4688 4281 4194 3095 3881 3340 3696 
2780 4854 3856 3131 2507 3304 4730 3071 3300 4585 4389 3794 3165 4059 2535 4338 2936 3114 3433 2935 3276 4793 4545 3809 2785 4482 4180 2956 4971 4371 2740 4797 
3240 3322 3515 4978 4050 4555 3048 3910 2851 4055 4839 3918 4070 4062 3995 2766 2776 3764 4423 3500 4222 4571 2914 4817 4974 2841 4364 3401 4716 4666 3395 4411 4800 4550 4316 3675 
3782 4060 3510 4650 4706 4994 4762 3982 4008 2612 3552 3647 3475 3566 4629 3726 4931 4632 4312 2784 3866 4142 3509 3793 4179 4086 4671 4514 3891 3656 2533 3430 4103 2695 3271 4430 4615 2508 4265 
3471 4842 3588 3062 3462 4614 4586 3593 4159 3497 4178 4591 4174 4926 2703 4771 3469 4146 3226 2797 3771 2725 2824 3736 4808 3461 3526 4056 3710 3021 4732 4505 3162 2819 4956 3234 3248 2697 4784 3676 4529 4662 3908 3204 4964 3151 3152 
3639 3146 4168 3353 4317 3853 3773 2509 4516 2934 2657 3120 
3126 2794 2734 4141 3295 3863 4592 4655 3991 3599 2786 2510 4434 3762 4656 4686 4253 4279 4736 2877 4507 4781 3702 2808 4663 2924 3209 4766 3525 3379 4245 4801 
3824 4076 3216 2559 3207 4944 2624 4991 2521 4232 3360 4095 3288 4822 3055 4701 4331 4740 3239 4918 4186 2873 3898 3019 2649 3183 3814 2918 3125 4554 2534 4560 3843 3661 3440 
3059 4719 2828 2511 4814 3716 4986 3537 4082 3198 4451 2611 3765 3258 4501 4172 4157 2693 2946 2711 4861 3367 3047 3232 3310 
4807 3042 4741 3880 4078 3457 2619 4948 4125 3819 3312 3372 4473 4045 4305 3957 4072 2844 3243 3896 2879 2599 3925 4916 4643 
3586 2512 2919 3785 4729 3010 4406 4294 3632 3828 2774 3877 
2687 3901 3498 4694 4321 3634 4631 4924 2915 4066 
4288 4997 3364 4947 4958 4038 3569 3563 4212 4821 3514 2940 3003 4492 3505 2716 4658 3551 3799 3448 3981 4021 2746 4882 2983 2717 3381 4826 4301 3435 3539 4417 4490 4470 2752 3587 4864 3053 2927 4708 2621 4712 4965 4568 2951 4532 3398 2981 4764 3411 
4334 3228 4549 3323 2553 4768 3760 3359 3441 2513 4813 3249 4308 3804 3560 4453 4669 3689 3061 3746 2685 4420 3728 4752 3355 
3756 2758 4867 2980 3229 2601 3752 2566 3868 3252 4111 4988 3273 3189 4243 3541 3840 2932 3974 4574 2514 4456 2887 2733 4707 3199 3382 4249 3979 2690 4396 3685 3040 4782 4302 4804 3157 2567 4600 3134 4098 3190 3808 2571 
4404 3056 4293 4878 2524 4432 4035 4949 3722 3145 3385 3400 4034 3968 2623 4676 4887 4397 4606 4890 4525 4127 4065 4041 3839 4990 4345 2888 3969 
4646 3444 4357 3855 2954 3631 2769 3245 3688 4634 3176 3682 3723 4137 4881 4276 4943 4642 4287 4844 2710 4803 4987 2574 4818 2655 4262 2558 4879 2633 4905 4530 2627 4898 4742 4208 3832 4744 2531 4869 2963 
3600 4746 3058 4561 3374 3467 4135 4540 3501 3653 2772 4599 4184 3597 4477 4352 4518 3955 4542 3502 4566 3813 4124 3562 2811 3683 2826 3603 4967 4094 3740 3182 3206 2515 2552 4783 3089 4183 3749 4481 4939 2893 3542 2872 4930 3170 3283 
4715 3543 3633 3584 4756 3324 4940 3328 2516 2683 4828 4638 3210 3825 4068 3651 3851 2639 2684 3993 3859 2565 3704 3875 4551 3196 2771 3038 4952 4408 3406 2884 3217 2818 3481 
2673 4393 4029 2688 2885 3520 4442 3873 4369 2523 4007 
2931 4738 4687 3783 2626 2557 3545 4627 4750 4618 4922 4138 3160 3253 3972 3032 4973 2991 4519 2790 4155 3403 3422 2882 4877 3976 3446 2517 4661 2973 4677 3082 4847 
2928 2739 3119 3615 2518 2586 
3786 3337 3079 2645 4202 
4802 3405 4723 2576 3124 3719 4788 3213 2519 2985 3574 4335 2650 4275 4601 4823 3054 3020 4727 4049 3479 2529 4378 4151 4256 3837 3616 4993 4852 3221 4158 4524 3456 3000 4628 
4833 4963 3549 2968 4036 3115 2813 4795 4484 2860 4123 3006 3687 3279 3301 3747 4101 4954 4427 2959 4085 2595 3561 4273 3844 3262 3225 4444 2520 3438 4351 3924 2743 3663 4546 2988 3096 3484 4611 3063 4173 4491 3233 2941 
3506 2625 4020 4603 3492 4955 3259 4951 4899 3143 4702 4093 3138 2897 3789 3449 3931 2583 3650 4384 4240 4272 3181 3224 3075 4998 3187 4090 3777 4652 4761 4263 
2522 2631 4398 3797 2788 3621 4362 2602 4330 4422 3326 4837 3874 2770 2744 4061 3052 3336 4527 4268 4737 4786 4912 2996 3320 3582 3644 4820 
5000 4042 4665 4633 4284 3733 4026 4623 3416 3865 4462 3136 3140 2668 3150 4154 4258 2638 4354 3084 3648 3570 2966 3902 4478 3697 3034 
4913 2616 3235 4000 3622 2945 4512 4815 2848 4270 4868 3849 3812 3589 3583 3427 2607 3418 3964 3959 3805 3387 2821 2759 3413 3033 4394 3371 
3781 2920 4908 3846 3241 2745 3567 4348 3277 3985 2822 2662 3779 2898 4558 3977 2990 3966 4811 3307 3838 3940 3677 4583 4725 3962 3407 2550 2525 4133 4835 
2806 4812 4689 3178 2665 2587 4037 3154 4414 4537 4057 4731 4375 4539 4469 2964 2782 3458 4252 4022 3929 2793 3049 3091 2706 3826 4176 3365 2854 2679 4227 
4474 4134 3806 2783 2618 4880 3742 4255 2575 4984 2903 3113 4028 4246 3538 4023 2926 3389 4865 4548 4692 2911 3913 4415 4832 4458 2677 2789 4985 3572 2526 4311 4358 4915 2656 
3758 4206 3158 3024 4910 2801 3278 2635 4030 3642 4651 3654 4659 3610 3137 3242 4921 3852 2651 3693 3601 4192 3842 4109 4635 3934 4244 3602 2648 3065 3581 4942 4577 4904 3625 4224 2692 2617 3529 4755 3516 3730 2974 4464 3254 
4580 3890 2634 3618 4932 3776 4757 4534 3072 2527 3900 2977 4697 3578 4758 2591 3595 4691 4543 3899 4475 3591 4374 3373 3905 3215 4957 
3223 3171 3357 4196 2572 4619 4230 3706 4327 2949 4032 3803 2528 
4859 3415 3454 4407 4004 2834 2667 3358 2561 3652 2792 2997 3935 4637 4578 4450 4863 2830 3070 3997 4377 2969 3930 4933 2564 3816 4759 4710 2629 4223 2833 4791 3308 2910 3671 4582 4479 4613 4187 3942 3164 3774 4705 2672 2775 4091 4510 2905 
4471 2686 4597 3628 3796 4325 4010 3129 2971 3246 3294 2748 4132 2722 
3780 3535 2984 4112 2675 3369 3579 3994 3026 3956 3540 2682 3488 4598 3878 4044 4624 2539 4900 4313 4681 4328 4696 4144 2664 4508 4569 
4280 3306 2532 3141 3477 3238 4382 2829 4048 2582 
2736 4959 2779 4446 4743 2869 2773 2890 3941 4153 4945 4383 4211 4511 3670 2696 4315 4960 3748 4119 2858 3629 4874 4754 4923 4563 2641 3094 4413 4889 3155 4999 2943 3857 2597 4594 4435 3845 4015 2781 3998 4322 3550 3015 
4341 4969 4136 4593 4143 2913 4970 3694 3724 3655 2803 4774 4480 4259 3285 4046 2670 3251 3192 2723 3270 2620 4521 3626 4323 
3104 3455 3396 2864 2536 4019 2600 3260 
3768 4379 4595 4292 4504 
4579 3139 3690 3522 3893 4699 4683 3470 4734 3886 3330 3565 4073 3604 4347 3039 4120 2855 3018 2755 2815 4604 3664 3486 4557 4457 2853 2676 4726 2791 3775 2705 3523 3973 2537 3701 
2584 4260 2865 3078 3947 3255 4009 2836 2538 3414 
4033 2760 3915 3317 3476 3848 3343 3093 
3166 2900 4040 2548 4400 2588 2976 4210 3936 4300 3950 3468 2540 
3811 4024 3605 3613 3004 4476 4215 3135 2699 2542 4087 
3478 4851 2603 3988 2721 3439 4487 3763 4290 
4156 4467 2543 4883 2622 3679 3060 4979 4248 4409 3431 3349 3153 3906 3978 3257 4465 3087 3926 4983 3167 3236 4460 4283 
4367 4229 4011 3952 3354 4399 4996 2986 3311 3557 3571 4437 2549 4307 2658 4012 2669 2589 3335 4320 
3674 3649 2912 2547 3272 4412 3883 3315 3361 4936 4575 3299 
3953 2846 3884 2807 3383 2742 4903 3331 3829 3882 3623 3658 4089 3102 3564 2730 4025 3028 4193 4197 2608 4236 
3494 4885 4653 3147 4693 2840 2929 3713 4789 3895 4773 3698 2889 3044 2737 4115 2908 4336 3105 3833 
3990 2992 2581 2962 3709 3861 3397 4454 2837 3508 4401 2643 3996 4350 4895 2579 2604 3313 3945 3122 4438 4027 3830 3821 4819 3854 
3729 4767 2868 3738 3841 2647 4181 4160 4982 2852 2847 4506 4849 3247 4657 4810 3016 3986 3103 4787 3459 4845 3319 4309 
4914 3872 4088 3408 4162 4318 4935 4897 3195 4083 2590 3264 4269 4961 3230 3524 2814 3822 4298 3376 2876 3834 4107 2809 4976 3297 3127 2732 2817 3231 3077 3659 2681 3678 2948 3391 4884 4564 4589 4238 4051 4581 4927 3100 3668 2994 2895 4171 4648 2741 4873 4443 2947 
3474 2554 3472 3346 4314 3879 3031 3548 4291 3480 2630 2570 4391 3069 
4067 2787 2883 4590 4463 4182 3960 4439 3287 3939 2555 4431 3757 
4806 4003 4528 4941 3534 3638 3645 3904 4938 2714 4257 3112 4386 4670 3672 3530 4891 4843 4654 3937 4234 3332 4170 3363 4014 2704 
2965 3219 3753 3619 3434 3121 4092 3118 2764 4703 3737 2842 4074 3573 2871 3163 4424 4934 2556 4796 4824 4777 2933 3767 3188 4776 4002 2916 4872 3577 2827 4911 
4858 4700 4247 3088 2560 4798 2659 3576 4285 3341 4714 2870 4267 4626 2756 3493 2998 4966 2856 3989 4733 4536 4485 4533 4149 4295 3425 2628 4261 2691 3394 4709 4989 4392 4200 3717 3558 
4441 4641 3547 4711 3885 2562 4678 
3889 3609 2563 4188 3680 3280 4612 2972 4616 3635 3708 2892 3290 
3948 2580 4128 3092 2904 3489 2958 3528 2751 2568 
2942 2729 2728 4277 2812 3949 2709 2862 2838 2975 2577 
4620 3734 2694 4567 4114 2960 2967 4977 4129 4495 2978 4572 4365 3035 4630 3850 2754 4500 3393 3149 
4749 4428 4690 4792 4785 
4780 2825 3424 4447 3835 2613 2804 4274 2795 3180 3116 3220 3284 4108 3519 4459 3265 2666 2881 3636 3792 3392 3352 4071 
3266 3932 4972 4449 2859 4461 4846 4644 4488 4466 4075 3159 4329 4343 2653 3293 3130 3025 4388 3437 4928 3175 
3402 2778 3023 4219 2585 4636 4116 4205 4221 3022 3513 3339 4679 2921 
3798 4535 4667 2917 4080 3309 4917 4515 3876 2901 3286 3802 3333 4185 4017 2857 4355 3864 3907 3744 3503 3305 
3847 2961 3518 2598 3921 4286 3732 3041 4366 2907 
3452 2594 4721 4720 2843 3205 4682 3871 2950 3712 4675 2831 3483 4147 2799 2995 3269 3669 3370 
3318 3117 3743 2805 4455 3384 3735 2800 2724 3544 3161 2707 
3005 4332 2753 4372 2640 2849 3344 4509 4130 2896 4047 4195 3202 3108 3933 
4857 4829 3521 3862 4145 3692 4266 3429 2636 2615 3443 3759 3810 4264 3012 2605 4502 
3085 4468 4553 3700 2680 3375 3329 4902 3657 4344 3410 3179 4980 4503 3169 3350 4452 2909 3630 4853 2762 4685 4239 3144 3511 4856 3274 3912 4981 2768 3917 
3790 4349 2609 4069 3624 4395 3362 3409 3788 3386 2878 3345 
2674 4617 3965 3769 3818 4228 3123 4522 4216 4544 3944 3050 2899 3064 
3356 3499 4381 3426 4436 3325 3920 
2614 3045 3546 3450 3784 3002 4201 4520 4541 3043 3420 2663 3106 
4167 3770 3720 4250 4303 3892 3327 4218 3967 3191 
3008 3707 2767 3612 3046 2637 
3919 4368 4110 3432 
3820 3992 2726 4608 4353 2644 3987 4387 3714 2654 4081 4486 3316 
2713 3703 3419 3867 4150 3412 4805 2702 4079 3142 4664 2660 3504 4472 3741 4765 3296 4326 
4204 3980 4217 4064 
2845 3778 3268 3302 2820 2861 
3751 3963 4496 2738 3860 4896 3662 4794 2700 4860 4953 2894 2816 3870 4251 3607 4704 4096 3017 3951 
3201 4531 4077 2708 3983 4235 
3172 2715 3173 4559 2939 2923 3637 3244 3463 4152 3473 3423 
3027 3958 3646 4304 4718 2749 3368 3014 3923 2719 4778 3827 3640 4645 4840 4214 
4870 4517 4886 4775 4836 
4237 3517 4306 4825 2747 4609 4906 2735 4001 3887 4440 3888 3445 3755 3107 4493 4356 4175 4831 
3218 3938 3487 2750 3745 3665 4031 3643 3725 3334 2850 
3076 3097 3555 2763 3739 
4053 2839 3261 3711 4385 
3641 4380 3111 2798 4790 4610 2796 3066 3185 3598 4039 3212 4526 4360 4359 3388 
2938 2874 4102 4254 2944 3817 4203 
3001 3971 3109 3922 3036 4713 4573 3222 4403 3057 4005 2955 2957 3715 
5375 7252 6467 5561 5367 7262 6607 5477 7275 5448 5030 5344 5622 5828 6845 6988 5346 7257 6025 5692 5098 6569 5446 6507 6120 7493 6473 7132 2880 5144 6523 6786 7316 5610 6575 7044 6526 6673 6890 6355 6060 7268 7144 5973 6923 6340 
4231 3961 3667 3620 3485 3338 3916 3606 3512 3627 3705 3815 4499 3731 3193 
3073 3442 3007 3051 3390 
3836 3766 3086 4278 
6514 5239 6487 5698 7199 5886 6866 5839 6626 6887 7136 5126 6947 7078 5744 5001 5271 
5170 5806 5985 5719 5006 5867 6228 7168 6656 6695 5206 6571 6045 5735 6848 5953 5060 6871 5417 7372 5699 5728 6064 6717 5582 5167 
6579 6880 5962 5969 5002 6398 5108 6189 5324 5059 
5350 5403 6338 6983 6849 5410 6168 6834 5416 6288 6529 5722 5229 
6670 6155 6392 5583 5668 6432 6326 5705 6049 5461 5430 6269 5003 6547 
6823 5434 5746 7114 6321 6522 6406 5858 6918 5645 6515 5860 6210 5443 
6692 5537 6915 6466 5899 7445 5644 6696 7091 6694 7196 7332 7277 5630 7206 7428 5364 7385 7451 6718 6298 5365 6004 6391 5353 5004 6663 6195 6799 5433 6194 6129 7125 
7171 7415 6997 7432 6106 5795 6665 5207 6470 7138 5784 5896 6748 6211 5671 6274 7490 6453 5775 7315 6167 5576 6086 7170 5739 6550 6315 5850 6341 7204 7400 5129 7427 5429 7051 
7267 5382 5274 6449 6302 6499 5005 5106 5074 5015 
6166 6099 5697 7061 7190 6374 5838 
6651 6081 5569 6943 7159 7443 7045 5715 6412 5270 6942 5968 7449 6087 6278 5063 7285 6039 6611 6525 6616 5508 6028 6083 5565 5161 5225 5297 6215 7195 6055 5994 6877 6830 5663 7226 5613 6528 5971 6095 6319 5870 5636 
5154 7282 7093 5602 5180 5450 6627 6952 6037 5504 7358 5217 7304 5294 6819 7371 5035 6793 6440 7356 5357 5558 5776 
5438 6119 5432 5946 7312 5267 6753 7410 7000 5883 6324 6905 5342 5453 7465 5306 6411 5255 6311 5732 7367 5800 7059 5599 5222 7314 6764 6422 5640 6454 5007 
6894 6982 5133 6672 5405 6235 6354 6617 6646 6593 5304 6401 7053 7306 5162 5712 6408 7360 7446 5258 7127 7484 6491 6808 5265 6182 7373 6295 5910 
6963 7336 6750 6019 5435 5455 6152 5008 7100 7429 7030 5318 5473 7466 5840 5855 5476 6002 5058 5039 7389 7183 6841 6824 7462 6186 7476 
6156 5042 6559 7375 5861 6061 5849 6425 7261 5857 6114 5931 7297 5186 5299 6873 5825 5330 7413 5072 5894 5758 7439 5995 5110 
6881 5315 6809 6444 5449 6629 5480 5227 5539 5983 5140 6206 7494 5820 6221 5682 6241 5261 5851 5340 6250 6296 6565 6591 5643 6222 5184 6366 6620 5785 6421 5009 5291 5557 5172 7407 7253 5777 6666 5425 7182 
5254 6040 7017 6567 7438 6683 5903 7326 7258 5830 5893 6359 6462 5733 5070 6242 5319 6500 5848 5326 5667 5670 7158 5882 5250 5493 6299 6226 6291 7337 7134 6136 5619 7263 6592 5262 5415 6767 6430 5157 6246 6993 5937 5354 
7192 6568 7084 5487 6316 6637 6929 6205 5125 7231 5714 6193 5284 6264 6580 7376 5936 5173 6238 6445 5690 7135 5305 6180 5192 6232 5283 6042 6818 5169 6079 5191 5010 6368 
5197 5014 7270 6104 5909 6986 7089 7248 5052 5943 5572 6239 6317 5020 6255 5124 5564 6124 7094 6137 6969 6539 5586 5122 7011 5011 
5593 7497 5391 6570 7006 7076 5272 6510 5307 5027 6636 5479 5279 6765 5465 7308 5917 6395 6088 5879 6492 6361 5325 7066 7318 6898 6520 5210 5302 
5363 6439 6658 6576 5930 6184 5527 6185 5509 6878 5726 5012 
5534 6774 7286 5938 6336 6387 7009 7232 6798 6343 7222 6258 5942 6980 5547 6484 6920 7140 6893 7463 5520 5966 7366 5759 5559 6493 7099 5961 
6977 5013 6645 5506 5327 7064 6685 5132 6935 5137 5179 5989 5573 5491 6159 6179 5554 6260 
6840 7324 5815 6415 6768 5097 6331 6561 6967 7128 5975 5064 7208 6471 6827 5107 7331 7147 5655 6621 6217 5742 6094 5241 5841 6005 6418 6394 7126 5713 5532 7361 
6509 5148 5967 6862 6598 7352 6429 5370 6970 6867 6017 5730 7221 7042 5711 6192 5737 7402 6532 6861 5681 7364 5373 5997 7201 6015 5531 5817 7472 5844 6133 7477 7241 6639 7383 
7075 7212 5562 7124 5928 6956 6097 5605 7156 6485 5996 7461 6551 7088 7329 7228 6975 6505 5016 6679 
6624 7354 7002 6489 6642 5935 6839 6022 7179 5885 5349 7150 5121 6736 6709 5195 5656 6689 7499 6424 5621 5821 7310 7026 6436 6973 6707 6369 7288 5868 5282 5963 5209 6599 6188 6365 6965 5045 5897 6290 6292 5700 5845 
5196 5941 7351 5147 7111 7404 6508 6144 7250 7216 6833 7311 7259 6279 7145 7454 6373 5685 7340 5674 7450 6074 7119 6110 6327 7161 6283 6807 5920 5310 5999 6161 6519 5017 7417 
5490 5761 5442 5143 5018 5043 
5904 6385 5356 5120 6691 5650 5865 
5314 7133 6545 6318 6697 6428 5553 5793 6940 7473 6390 6127 6212 6886 5747 5322 6434 7242 5544 5178 5718 7148 7440 6337 6688 7289 6297 7433 7309 7172 7280 7239 5932 5019 6044 7237 6266 5589 
7213 7218 6919 7211 5345 5854 5188 5755 5748 6151 5660 7153 5666 7015 6268 5542 
6346 5288 5781 5155 7152 6960 5303 6734 5127 5575 6066 5678 7365 7034 5163 7004 7063 7335 7165 6054 5637 5021 
6117 7339 7403 7305 5094 6304 5768 6053 6653 7033 7098 6063 6356 5240 6420 7060 7219 5779 7359 7073 7247 6363 5190 5317 5955 5789 5221 7120 5099 6979 7363 
5156 5639 5022 6286 5174 6785 6708 6077 6730 5411 5884 7027 6289 7139 5688 6990 5116 6261 5609 6377 6901 6729 5171 5551 
5836 5677 6804 7189 5765 5694 7235 6727 6396 6175 6842 5333 5023 7105 5361 6932 7046 
5724 6855 5680 7431 7062 5242 6543 6062 6930 7236 6230 7495 7380 7107 6812 5211 6441 6814 6262 7377 5066 6590 6632 6160 6382 6263 5871 6594 
6581 5774 6031 7425 5185 6723 7173 7296 6662 5620 6375 5205 5804 5233 7157 5981 5024 6393 5149 7260 6847 5485 6047 5661 7151 6111 6220 6409 5720 5771 7122 7423 7395 6702 6803 6482 5627 6076 5952 5150 6452 6677 6207 6572 5773 
5791 5560 7287 5846 6668 5093 6284 6511 7021 7300 5246 6403 7387 5236 6762 6293 5467 7103 5812 
7215 5447 7175 6779 6333 5764 5512 6698 5199 5105 5813 6423 6796 6342 5362 6122 5025 7052 6163 6243 5214 5247 6604 6958 6174 7388 5280 6999 7096 6307 7018 6949 6577 7181 
6868 6068 6236 5404 6715 5423 6352 5281 5468 7444 5498 6771 7007 7295 6628 6857 5778 5075 6701 7029 6082 5914 7448 7470 5754 5224 7166 7178 5704 7392 5673 7271 6625 5407 5703 6556 7047 5552 6249 7032 6130 5445 5474 
7441 5790 7113 5089 5087 6534 7409 5664 6924 6145 5757 6755 6863 5276 6197 5026 7386 7492 5901 6760 5369 7290 5057 
6273 7035 5481 6009 6686 6405 5723 5518 5213 6995 6426 5040 5249 5212 7217 5555 5036 5102 6892 5916 6320 6172 7205 
7194 5808 5034 5895 7186 5028 6417 7117 7223 6667 5331 7224 6303 5471 7264 5769 7348 
6098 7294 6275 5457 6851 7131 5802 6763 6795 6635 7482 7054 6335 6950 5439 5260 5069 5992 5228 6602 6224 7430 6033 7323 5472 5181 5505 7481 
5244 5853 5939 5029 6540 6780 
7322 7229 6933 6052 5646 7378 7043 6178 7031 5842 5389 6586 6483 5794 5494 7266 5654 6585 7344 6043 7245 5412 5095 5750 
5238 6758 6309 6775 
6351 6858 6240 7274 6994 5807 5686 6364 7347 7008 7193 7203 5629 7191 5526 7020 6358 5419 6738 6105 
7003 6883 5716 6501 6998 5031 7016 5980 6853 5092 5679 6801 6596 
7458 5032 6879 7121 5268 7251 5104 6732 5146 6989 6162 6334 6457 6831 5550 6903 7491 5352 6012 5081 6714 7467 6618 5788 6030 6859 6479 5725 6739 5418 7390 
6103 5201 6007 6058 7109 5440 6941 6843 6016 5388 7283 6490 7455 7496 5617 5048 
6126 5308 7307 5400 5524 5708 7412 5355 6743 5371 6805 5383 7345 5117 5672 5139 5033 6011 5295 6147 6214 6856 5927 5881 5501 6902 7349 7452 5833 7486 7408 7469 6582 5168 6608 6908 5510 5263 7381 6937 5385 6305 6013 7421 6057 
7292 5341 5749 5253 5734 5463 5413 5193 6300 7419 6922 7488 7269 6202 6716 6141 7095 5615 5047 5818 6056 7468 5041 6252 5945 5290 6201 6769 7355 6109 
7278 5381 5390 5424 7426 6199 7116 5235 5570 5068 5965 5783 7090 5359 5831 7281 5891 5177 7123 6722 5585 5158 7118 5653 5165 6781 6231 7050 6115 6075 6158 6177 6282 6649 7025 5991 5321 5264 5568 
6957 7273 6654 6790 5633 5834 6313 7420 6703 6813 6069 7500 5062 6712 6587 5377 5797 7185 6213 6277 6724 7001 5798 7384 5037 7200 5648 5202 6536 6752 5706 6259 5286 6072 7137 7401 6442 6939 6693 5266 
5275 5588 5287 5948 7479 5598 6897 5248 7101 6191 5658 7174 5529 6882 6146 6720 6041 5782 7399 5135 6488 6630 5638 6402 5292 5974 6974 5406 5652 6533 6583 6150 7198 7265 6112 5657 5226 7227 6464 6362 6680 5492 5843 
7301 6187 6397 6410 5451 5911 6101 5475 6549 7162 6018 6451 7475 5587 5038 7434 6173 5257 6038 5372 6825 6910 5078 5923 6349 7176 7164 5380 5929 7255 6991 
5399 7082 7471 7276 7487 7382 6836 6287 6806 
5343 6497 6829 5368 6512 5819 5348 7498 6926 6588 7155 5597 6777 5176 5600 6832 5772 5934 6776 7154 7055 7079 6367 
6815 6816 5594 5484 6294 6450 5519 6518 5118 5906 7019 6059 6613 6209 6455 
6992 6740 6555 6495 6481 6100 6176 6108 5138 6486 5631 6469 6267 5592 6148 
5578 6835 6376 6684 6381 6447 7298 7024 6036 6339 6498 5096 5566 5696 6513 7243 5959 
5200 5641 6386 6380 5408 5977 6948 7396 5402 7141 5497 7456 6020 5198 6741 5454 5431 7362 5358 5625 7039 6476 5259 6285 6895 5837 7246 5044 6345 5223 6459 7074 
5428 5659 5387 5456 5216 5535 5441 6669 6972 7341 7299 7379 7291 7397 6700 7474 6443 7320 6955 5984 5394 5231 5422 5152 6035 7013 6414 5347 5743 5546 5113 5514 
6899 7317 5721 7293 7478 7394 6247 6118 6560 5183 6675 6494 5780 7334 5046 7207 6951 5964 6143 7209 7146 5316 6746 6623 6553 5889 5626 
6388 5745 6874 5604 6888 6538 5386 6921 6521 7319 6448 5203 6407 6330 5470 6615 6183 5767 
5892 5701 6687 7346 5880 5208 7442 5987 6589 7485 6791 5049 6876 7398 5662 6546 5579 5103 5874 5469 6742 6325 
5219 6542 6852 5050 6091 5513 6516 6548 5301 6383 6323 
6190 6770 7014 6301 5320 7037 7067 7110 5950 5482 6811 7391 5061 6961 5866 5978 5313 5577 6149 7405 6573 5835 5082 5863 6884 5740 6372 7357 6911 5051 6659 6699 
5053 6253 6690 7256 6203 6400 5612 5500 6976 5130 5990 
6125 6946 7187 5864 5548 5902 7342 6276 7106 
7370 7040 5332 6913 5877 6597 5533 6344 5298 5731 5888 5869 5409 5054 7036 6169 6256 5458 5159 7424 5603 7328 6820 5309 6208 6927 5925 7313 6655 6314 7464 7303 6123 6093 6378 5786 6783 6456 6612 5608 5460 7453 6844 6944 5606 7489 6181 
7374 5502 5269 6936 5055 5913 5085 7115 6347 6900 6603 6496 5596 6478 6384 5426 6563 
6089 5056 6928 6135 5832 6837 5954 5395 5665 6153 5499 5787 5134 5091 7240 6566 6959 5398 6200 5683 5111 6370 5164 6891 6619 
5763 5401 5900 5065 6071 7197 5084 5251 6671 7068 6934 5556 6706 6987 
6073 6092 7230 5351 6244 6389 5669 6978 7369 7272 5136 5067 5933 6371 5525 5859 7112 6747 5689 5890 7104 
5741 6945 6821 6170 5071 6778 5580 6527 6021 6265 6461 
7184 6558 6142 7142 7393 5339 5289 5073 5908 
5986 5618 6660 5232 6728 5591 5753 5459 7163 5922 5187 
5822 5563 5328 
6472 5738 5601 5256 5323 7333 7238 5503 6107 5230 5958 7005 6557 6251 5076 6784 5918 
5077 5549 5530 6644 6595 5809 6562 6328 5796 5540 
5090 6810 5695 5976 5079 6610 6962 6198 6648 6348 5466 5957 5237 6725 7338 7081 6437 5684 
5545 6826 6872 6229 5926 5993 5616 7149 6237 6996 6357 6517 5924 5635 6664 6797 5100 7302 6272 5727 7325 5293 5972 5337 7459 5101 6719 5080 6541 7435 5614 6233 5947 5145 5752 5751 6869 6157 6113 5252 5567 7437 
5204 5360 5384 5083 6524 6838 6640 6419 5805 
6906 6271 5151 6721 5396 
5392 6661 6227 5131 5628 5086 6048 6737 5878 6413 
7457 7460 7418 6460 6631 6914 7167 6503 7353 6954 5220 6003 7480 7416 6084 5088 6353 5762 5803 7130 7041 6907 6860 6535 6134 5189 
6531 5496 5649 6726 7049 6312 5334 6964 6140 6744 6026 5814 6614 5905 
6165 5595 6218 6789 6475 5921 5998 6023 6938 5607 5523 5856 7368 7085 6966 7071 7234 6643 6438 5702 6634 6027 6792 6051 7411 
5766 6925 6000 7143 6544 6154 6865 5517 5378 6885 6431 6530 6468 6270 
5160 5940 6034 6024 5876 5109 5944 
6870 6465 6416 
7244 5300 5452 5285 6204 5522 5875 6909 7086 6010 7080 6650 7012 5792 6139 5366 6096 6652 5907 6772 5128 7406 7436 7160 5273 5624 7028 7169 6731 6754 7330 7087 5847 
6681 5115 6138 5982 6121 6704 
5114 5970 5693 5915 5393 6912 5919 6504 5824 6552 6078 6032 5710 5444 
5123 5245 6225 6014 
6102 5571 6257 6085 5642 6713 5486 5142 6001 6480 5427 
6574 6131 5760 5277 7097 5489 5194 5873 6128 6360 7327 6733 5634 5338 5521 5979 5329 
6782 7069 6477 5153 6219 6953 7023 5436 5374 6308 5676 5141 6794 
6889 7210 7225 7220 
6310 5528 5611 6981 6164 5770 5736 5421 5335 5956 5515 5801 
5651 7072 5175 5437 7070 6622 6502 6773 6985 6822 7092 5536 5960 6080 
6306 5311 6676 6678 7038 5590 6379 5182 5709 5420 6350 6578 6008 
6968 5756 5397 6984 6280 6006 5852 6904 6846 6458 6067 6046 5538 5988 5215 5827 7414 5541 7343 7102 
5675 6433 6641 6817 5872 6248 7048 5912 6254 5495 6554 5799 
6601 5810 6756 7022 5234 6605 6600 7177 
7254 6609 5296 6705 6322 6710 5623 6864 6537 6050 7233 6435 5951 6931 5478 5278 
6171 6446 5379 6463 5243 6711 5826 5829 5462 5312 5816 5729 5707 
6427 6682 5647 5584 5717 5511 6757 5543 6759 6196 6802 5632 
5336 5949 6896 
5483 6245 
6917 6761 7202 6788 6766 5488 7249 6332 7180 7284 6854 6749 7083 5414 6971 6132 7058 6070 5823 
5507 6116 
8347 7753 7670 9192 9420 8697 9477 8614 9654 9989 7501 7711 8071 7994 7599 8878 9122 9656 7941 9931 7548 8627 7526 9413 9655 9645 9325 8441 8624 8844 9174 9286 9682 7875 9971 9945 9249 7617 
7503 9523 9435 8925 9081 7918 8006 8395 7774 9592 7649 7835 9704 8289 8177 9685 
9625 9569 8084 8089 9754 9886 7869 8959 8212 9464 8569 9609 9172 9963 7847 9718 9189 8330 8239 8606 9900 9765 9195 8998 8044 8539 7634 9840 8181 8800 7598 9423 8208 9956 8543 9393 8021 9392 9489 9710 9202 8308 9746 9797 8294 8956 8542 7845 
9760 8009 9936 8984 8199 9343 9572 7674 9027 9680 9086 9204 9150 7815 7865 9568 7502 9240 7916 8630 9875 8781 9809 9275 8098 7914 9943 7871 7862 9573 7534 8997 8063 9864 
8417 9558 8603 7687 9885 8342 8989 9289 9633 9023 9439 8477 9276 7570 7976 7993 8612 8740 9470 9920 8898 8874 8358 8946 8660 8729 8379 8972 9290 8456 9124 
9863 8023 8704 9069 9187 9822 8940 9594 8868 8815 9379 7729 9979 8525 9959 9346 7852 8682 8470 7581 8599 7642 8568 9282 8628 9036 9972 9199 9577 8482 8796 8170 
7808 7505 7504 9703 9360 7544 9784 8412 8610 9364 9193 8176 8799 8834 8146 7620 9966 9758 9241 9244 8896 9419 9677 9355 8433 9694 7755 7529 9806 8144 8561 
8476 7613 7863 9183 7844 8326 8656 9752 7899 8444 7730 8421 7829 8457 7690 8585 9603 9215 7935 9306 9843 9112 7763 8159 9409 8636 9962 8002 9649 9799 9416 8203 8322 8605 8215 8104 8220 9686 8454 9980 8661 8789 7888 8725 8306 
9147 8679 7981 9130 8707 8172 7953 7555 7661 9630 9923 8502 7868 9534 8791 8516 9857 8975 8953 8670 8175 7831 9986 7506 9405 7512 8983 7853 
8808 8354 8957 7689 9714 7629 8537 7824 8945 7874 9454 8180 8179 8816 8865 7507 9101 7597 9965 8518 7947 8907 8855 8678 8003 7535 9417 9726 8051 8507 7752 9872 9571 9967 9564 8327 
8751 8673 8832 8813 9942 7934 7508 9623 7601 9108 8930 9724 9085 8623 7825 9853 9216 8588 9479 9287 8703 8299 8087 8443 9973 7800 7573 7518 9749 8620 7514 8886 8256 8229 8349 
9937 9976 9596 9969 9665 
8034 8872 8324 9821 8535 7721 9978 8931 8739 9151 8778 8993 7746 9539 8491 9136 8201 7969 8887 9109 9898 7630 9610 7751 8425 9626 7696 8937 8191 8818 8296 8093 8385 8001 8410 7961 7509 8182 7552 7879 
9133 7989 7901 7510 8760 8231 8350 9051 8438 8941 7944 
8134 9527 7995 8171 9514 8230 9156 7527 9877 9613 7675 9073 8511 7741 7624 9612 8490 8390 9128 8836 8658 8267 9833 9126 9643 9295 8065 8216 
9549 9970 8891 9951 7626 8440 7980 9279 7821 8297 9359 7607 9328 9953 8130 8272 7540 7640 7511 8036 8893 7566 8108 9184 8123 9562 8758 8088 8437 7691 9418 9019 9507 9829 7898 9741 8926 9266 8112 8582 8873 9021 9080 8257 
9382 9093 9415 8406 7542 8434 9449 8174 8571 9478 8625 7913 9794 8803 9264 8273 9983 8971 9438 9465 9981 
7828 9689 9304 7750 9896 8600 9459 7786 9834 8581 9342 9337 9148 8226 7983 7517 9309 8439 
7631 9234 9335 7733 7515 8919 9916 8323 8734 8344 9987 7739 9812 8048 9743 9657 9002 7960 7740 8672 8597 8638 7618 7513 7546 7574 8341 7811 9836 8221 8842 9474 9832 9934 8207 9865 7545 9442 8642 8204 7530 9922 9034 8373 9165 9988 9247 
8378 8467 8416 9062 7734 7936 9869 9751 9673 9808 8085 7889 8913 8245 9065 9844 8483 7964 9082 8074 
9123 8033 8622 8954 8837 8320 8924 8732 8202 9878 9016 8064 8305 8068 8951 9467 9010 8019 8852 9614 
8608 7912 9026 9713 8374 9205 8431 9406 8517 7516 9139 7550 9299 8032 8311 9434 9285 
8252 9977 9179 9387 8498 8103 8528 9957 9445 9223 8069 8922 8269 9939 9348 8653 8794 8875 8621 8550 9210 
9469 9871 7722 8838 9327 9576 8233 9842 8329 9889 9084 8219 9066 9269 9226 9721 9154 9783 8965 8187 8730 8745 7623 9856 8148 9551 8167 8346 9218 9631 9938 9601 9022 9830 9688 7567 
9178 9536 8372 7864 8149 9530 9208 7712 8565 9035 7519 8468 8101 7727 7932 8718 9652 9796 7562 9135 7604 
8723 9457 8512 9332 7520 8307 9777 7541 9722 9153 8315 9598 9511 8217 8601 9428 8722 9824 8402 9543 9146 9008 8820 7948 8295 8988 
7602 9849 8193 9740 7591 7805 7986 7939 8492 9531 9755 7959 8419 9075 9493 9636 9894 8591 9909 8302 7585 8430 7903 9096 9753 8497 9816 7695 9046 9628 9361 9292 8057 8790 9378 9425 9220 7802 9333 9421 8313 8357 9940 7702 7822 9729 9427 9892 
8317 9617 9412 8197 9913 8958 9786 9985 9486 7521 8698 8363 8883 9795 8994 8856 9390 8168 8587 9790 8773 7643 9526 8066 7732 7804 9024 8804 9745 8004 7627 8484 8897 9463 9712 9181 8487 9709 9495 9874 7531 7839 9003 8616 8829 7662 9055 
8559 8811 7943 7952 7850 8899 9422 9310 9224 8554 7885 8141 8903 
7558 9261 9169 9807 8380 7719 9102 8795 7715 9461 8618 8403 8091 9805 9330 8211 9882 8779 
9641 8918 9039 8688 8160 8505 9756 7848 9660 8858 8986 8854 7522 7929 8573 8768 7910 8080 7890 8150 8519 7749 
8637 9194 8471 9629 9260 7609 9815 7975 9132 9012 7523 7768 7688 9734 9520 9262 9453 7915 7632 
7571 8644 7780 8746 9103 9958 8290 8607 9091 8000 7971 8797 9107 8821 9578 7745 9365 9912 8139 8574 9659 9586 9288 9674 9780 7946 8762 9396 9961 9100 9259 9353 8699 8609 9993 8495 9092 8010 9615 8833 7940 9301 9491 
8701 8566 7894 8436 7867 7524 8024 9120 8205 9788 9303 7724 8966 9574 8689 7720 8319 8428 
9167 8321 7557 8776 8686 8105 8056 7846 9581 8369 8633 7737 9482 9750 7525 9145 9515 8685 8861 9011 8665 8192 7791 8692 8827 7742 9243 7619 8122 9648 8366 9890 
7580 8817 8995 7704 9284 7707 8368 8962 9197 9525 8157 8138 9105 9446 7543 9911 8362 7576 9441 7765 
8026 9501 9375 8629 8735 7528 8143 9274 
8279 9483 8005 8759 7650 8876 8769 
9748 8183 9225 9781 8027 9638 9207 8540 9597 8611 9323 8262 8463 9045 7728 9502 9925 9560 7651 8055 8028 7790 8529 8113 9640 7693 9995 9377 
9991 8310 9391 9774 9088 8976 8980 7565 9992 9759 8109 8142 9049 8667 9785 9881 9009 8281 8657 9460 9492 8391 8578 8356 8399 9735 9620 8846 8125 9528 7876 7880 7926 9402 7754 9914 8747 8905 8744 
8222 7686 8161 9548 8235 8826 8465 7714 7532 8190 8558 7610 8736 8243 9118 9733 9819 
8864 8690 7653 9725 8939 8911 8376 8401 7806 8286 7663 8276 9401 8169 7945 8904 8669 9717 8316 7771 
8877 9235 9585 8557 9618 9006 7608 8253 7881 9155 7922 9110 7533 8510 7699 
7767 8964 9747 9742 9787 8499 8486 9211 8714 9376 8675 8857 9587 8508 9950 9331 7709 9142 8720 8619 8521 7568 7726 7582 
9975 9063 8458 8285 9964 8750 8909 8533 8807 8393 7738 8398 8062 8929 9676 8333 8787 9662 9550 9557 9450 9779 8705 9506 8737 9667 8541 9848 8488 
7866 7536 9334 7856 7644 8562 8677 8452 8054 8282 9891 9510 9887 8254 7991 8708 9522 
9399 8361 7577 7589 9033 7743 8025 7611 9924 8513 8908 7797 7772 8967 8867 8595 7840 7700 9567 7990 9018 
8224 9770 7666 9385 8158 8968 8234 9921 9305 7925 8774 9429 8052 9056 8255 8228 8648 8927 8695 9761 9537 8059 9455 9700 8300 9263 7583 9544 9083 9500 9851 9838 7998 
7717 9440 8432 9711 7921 9053 8020 8067 9854 9356 9414 9372 7537 8979 7703 8365 8709 8894 9166 8555 9344 8489 7667 7723 8030 8522 9007 9588 8494 7553 9901 7957 7851 8936 7809 9723 9566 9064 9930 8548 7657 9059 
9048 9182 9905 8604 9113 8520 7834 8388 8448 8206 8163 7680 8029 8200 8812 7705 9389 9487 8008 9516 9996 9047 7837 8017 8210 8011 8563 9563 8977 
8973 9789 8340 7911 9999 9296 8717 8309 8075 9127 9933 9919 8274 8045 7775 8198 9481 7559 9097 9496 7813 8694 9140 7655 8386 7928 9661 8040 9540 8765 8780 9340 7854 9552 9277 8772 7539 
8530 8901 9020 8334 8996 8451 8397 8381 8035 8843 7832 
9600 9696 7933 7556 7622 9221 9231 7950 9826 9351 8577 8037 9381 7787 7985 9503 8724 9363 7970 8473 8427 8500 8343 8934 9191 7877 8721 8387 
7858 8196 8209 8712 8318 7708 8287 8592 7873 9176 7547 8547 8943 9170 8955 9650 9599 7770 9739 9042 
9315 8046 9300 7677 8942 9637 9312 7660 7549 8472 8400 8631 7658 7904 
9067 9990 9800 7679 9929 8147 7612 8352 9017 7735 9131 7954 8892 8748 9855 7963 8396 9366 7697 7902 8839 9839 8184 8683 9061 7603 9141 8593 9471 7849 8626 9803 8496 8646 8153 9322 9582 8655 
8538 8099 8266 8849 8493 8944 8784 8920 8133 8236 7551 9272 
9258 9727 8284 7759 8102 7756 7600 9050 8435 9253 9683 9383 7798 8407 9400 9252 8049 9078 8912 9627 9762 9635 9541 8043 8137 8560 9443 7937 8654 
8459 8693 9117 9570 9813 8250 9831 9171 8478 7748 8389 8140 9946 8949 7676 9370 9395 9238 7769 9825 9098 7648 8097 9468 8355 9994 9697 7830 9719 7614 7554 8659 9873 8987 9498 9298 9852 8016 
9297 8727 8509 8831 8770 8268 8038 8325 7968 7974 
9106 8314 8195 9203 8990 9144 9125 8639 8782 7988 8598 9043 8408 8641 8039 
8414 9206 7819 9666 8370 7977 7817 8132 7796 8764 7596 8422 9077 7560 9246 
8706 8367 8466 8645 8974 8475 8743 9476 7905 7561 8871 7887 
9159 8888 9134 8339 7718 9692 8304 9736 8552 9052 8162 9672 8501 9426 9462 8785 9775 7672 9535 8969 7906 9968 
9904 9897 9152 7972 8116 7758 8022 7760 9129 8447 7883 8884 8710 9161 9068 9744 7823 9798 8853 8189 7563 8885 8336 9257 8777 7857 8060 8556 9320 8429 8131 9837 9611 8076 8981 9846 7920 9115 8214 7997 9547 
8073 7564 9271 9380 7958 9004 8514 8280 9316 8963 7616 
9679 7827 9927 8345 8338 9521 9336 9532 9867 
9764 8726 8596 9239 7782 8240 8579 9902 7683 9671 8270 7792 
8251 9529 9668 8111 9850 9944 9792 8166 9646 8850 9087 9517 8819 8719 9222 8950 8640 8933 8545 8801 9538 8424 8455 9533 9619 9250 8917 8094 9602 8766 7628 8359 8938 
8870 7587 9647 8793 8756 8237 8110 7569 9616 8014 9941 9702 9802 7895 10000 9545 7747 9801 9663 8082 9888 9868 7652 9707 9948 9408 7795 
8590 9691 7893 9542 9407 9644 8869 9859 8809 9579 9158 8100 7621 9384 8534 8615 9186 
7572 8474 9157 8594 8763 9233 7671 9116 9553 9397 8504 9302 8915 9251 
8442 9847 8617 7942 9095 8860 9791 9041 9490 9329 8232 9699 9254 9163 7692 9219 8092 9314 
9054 8713 9731 7855 9173 8851 9349 9278 8553 9291 9505 8668 7908 8259 9678 8283 8238 8382 7872 9827 9811 8115 9090 9883 8741 9030 
9651 8696 9687 9583 8081 9858 9273 8551 8121 9242 8154 8902 8007 7810 8586 7575 8136 
8449 7859 9028 7949 8992 8461 9448 8914 7578 9632 7641 9658 7987 8464 9903 9639 9910 9997 8847 7605 7698 9114 9519 8261 9653 8152 9605 7625 8371 8674 7781 9814 9772 9232 8755 9907 7891 8960 9227 8716 9424 8576 9281 8532 9604 
7955 8728 8331 8536 7659 8978 9810 8889 9606 7635 9466 9766 9270 9908 9504 7593 8662 7842 9590 9013 9256 8859 9664 8823 7668 9960 8753 9866 8469 8411 9307 8715 7669 8650 7979 8337 9354 7713 
7967 8155 9706 8700 9430 9926 8572 7584 8426 7803 9512 7636 9038 9494 9452 8271 8613 9025 9362 9899 9374 8128 8544 9074 9488 8462 8798 7789 9607 7579 8485 
9932 7779 8078 9949 9404 9593 9001 9955 9595 8061 9319 7785 7784 9245 9622 9394 8460 8828 7931 7816 7685 7860 9947 7999 9079 8404 7646 
9311 9200 9345 9634 8077 8409 8041 7656 9556 9698 9368 9037 8384 8117 8830 9915 7843 8047 9835 
9237 8377 8742 9057 8213 9388 9318 9693 9768 7757 7900 8503 8405 9358 9369 7744 
8757 8752 8702 7594 7586 9432 9029 8895 7647 8935 8227 
7870 8278 8156 7924 9294 8178 8423 7841 8921 9386 8531 7996 8351 8584 8291 8506 7826 9089 9684 9918 7818 8145 9804 7761 9621 9974 9681 9584 8771 9998 9214 9862 8383 8293 
7838 8392 8824 9367 7917 9763 8999 9845 7590 8928 8651 9175 9190 9757 8223 7682 9352 8126 7710 8218 9044 9317 
7778 9935 9138 9880 8589 8635 7645 8549 8090 8761 8364 9076 8188 9143 9341 8277 8524 9952 8806 8952 7592 9373 9410 8263 7878 8526 8866 7681 9338 7892 7788 9524 8916 8186 
8961 8691 8985 8012 7978 9121 9591 7637 8264 9324 9732 8863 8666 9230 8731 8249 9433 8072 9575 9708 9350 7615 8258 8114 9031 8107 9906 9823 9589 9861 7814 8848 
7762 8900 8546 9160 9818 9188 8360 9499 9793 9196 9436 8096 7833 7595 7984 9738 7897 8676 8413 9484 9104 9308 
9180 9268 8418 9228 8840 9248 7777 7799 9099 8479 8135 8890 9014 9820 8671 8663 7664 8394 9000 9675 
8805 8991 7606 8058 7764 8173 8298 8042 8643 9149 7684 8932 9773 7884 8328 9728 7907 
9561 7731 9015 8353 8312 9060 9860 7654 9624 9982 8733 8070 9884 9444 9928 9473 9608 9554 9870 9642 8247 8970 8086 8602 7992 9398 8124 9954 8332 7665 
9513 9293 9451 9357 
7633 7820 7725 7794 8788 7886 7638 
9213 9876 9032 9720 8527 8841 7836 9817 9508 8420 7639 7776 9411 9509 8754 7673 9580 9236 9690 9841 8910 
9565 8292 7701 8767 9229 9280 8151 8129 8881 8632 7706 9472 
8079 9255 9701 9339 8982 8053 8119 8580 8570 7909 8634 8165 7956 9730 9005 
8095 9058 9321 8786 8118 8260 7861 8018 8775 8802 9185 9209 
9371 9475 8664 8248 9403 8567 8575 9705 8083 8415 8649 9071 8825 9198 
8015 9265 8301 8845 8835 9267 7678 7773 7966 8275 
8288 8241 8684 7694 9782 7962 8738 9347 9497 9164 8050 8185 9828 7927 9769 8453 9094 9456 9771 
9447 7965 8265 8680 9879 9778 8947 9431 9737 8480 9040 9437 8882 8652 9695 9162 7973 8783 
8335 7923 8647 8822 7801 7716 7930 
9137 9177 9518 9326 9480 
9716 9212 8814 9895 9201 9559 7736 9070 
8120 7812 8711 8681 9217 7982 9111 9119 
9555 8687 9313 9072 7882 8583 7919 7951 7793 8862 8792 9485 9669 8906 8515 8013 8225 
8879 8948 8450 7896 8880 8810 9283 8106 8375 8242 
