278 0 0 0 0 0 0 0 0 0 0 0 0 0 0 0 0 0 0
1822 0 0 0 0 0 0 0 0 0 0 0 0 0 0 0 0 0 0
2411 1 1 1 1 1 1 1 1 1 1 1 1 1 1 1 1 1 1
2486 0 0 0 1 0 0 0 0 0 0 0 0 0 0 0 0 0 1
3670 0 1 0 0 0 0 0 0 0 0 1 0 1 0 0 0 0 0
4328 0 0 0 1 0 1 0 0 0 0 0 1 0 0 0 0 0 0
4645 0 0 0 0 0 0 0 0 0 0 0 0 1 0 0 0 0 0
7001 1 0 0 0 0 0 0 0 0 0 0 0 1 0 0 0 0 0
8922 1 1 1 1 1 1 1 1 1 1 1 1 1 1 1 1 1 1
9649 1 1 1 1 1 1 1 1 1 1 0 1 1 0 1 1 1 0
10064 1 1 1 0 1 1 1 1 1 1 1 1 1 1 1 1 1 1
10384 1 1 1 1 1 1 1 1 0 1 1 1 1 1 1 1 1 1
12604 1 1 1 1 1 1 1 1 1 1 1 1 1 1 1 1 1 1
12959 0 0 0 0 0 0 0 0 0 0 0 0 0 0 0 0 0 0
13248 0 0 0 0 0 0 0 1 0 1 1 0 0 0 0 0 0 0
13768 1 1 1 1 1 1 1 1 1 1 1 1 1 1 1 1 1 1
14686 0 0 0 0 0 0 0 0 0 0 0 0 0 0 0 0 0 0
15289 1 1 1 1 1 1 1 1 1 1 1 1 1 1 1 1 1 1
17023 1 1 1 1 1 1 1 1 1 1 1 1 1 0 1 1 1 1
17716 0 0 0 0 0 0 0 0 1 0 0 0 0 0 0 0 0 0
18041 0 0 0 0 0 0 0 0 0 1 0 0 0 0 0 0 0 0
19509 0 0 0 0 1 1 0 0 0 0 0 0 0 0 0 0 0 0
19999 0 0 1 0 0 0 0 0 0 0 0 0 0 0 0 0 0 0
21628 1 1 1 1 1 1 1 1 1 1 1 1 1 1 1 1 1 1
21786 0 0 0 0 0 0 0 0 0 0 0 0 0 0 0 0 0 0
21823 0 0 0 0 0 0 0 0 0 0 0 0 0 0 0 0 0 0
22699 1 1 1 1 1 0 0 1 1 1 1 1 1 1 1 1 1 1
24451 1 1 1 1 1 1 1 1 1 1 1 1 1 1 1 1 1 1
25009 0 0 0 0 0 0 0 0 0 0 0 0 0 0 0 0 0 0
25094 0 0 0 0 0 0 0 0 0 0 0 0 0 0 0 0 0 0
29098 1 1 1 1 1 1 1 1 0 1 1 1 1 1 1 1 0 1
29354 0 0 0 1 0 0 0 0 1 0 0 0 0 0 0 0 0 0
29516 0 0 0 0 0 0 0 0 0 0 0 0 0 0 0 0 0 0
29563 0 0 0 0 0 0 1 0 0 0 0 1 0 1 0 0 0 0
29586 0 0 0 0 0 0 0 0 0 0 0 0 0 0 0 0 0 0
30012 0 0 0 0 0 0 0 0 0 0 0 0 0 0 0 0 0 0
30093 1 1 0 0 0 0 0 0 0 0 0 0 0 0 0 0 0 0
30398 1 0 0 0 0 0 0 0 0 0 0 0 0 0 0 0 0 0
30597 1 0 1 1 1 1 1 1 1 1 1 1 1 1 1 1 1 1
30688 0 0 0 0 0 0 0 0 0 0 0 0 0 0 0 0 0 0
30690 0 0 0 0 1 0 0 0 0 0 0 0 0 0 0 0 0 0
30962 0 0 0 0 0 0 0 0 0 0 0 0 0 0 0 0 0 0
31185 1 1 1 1 1 1 1 1 1 0 0 0 0 0 0 0 0 0
33251 0 0 0 0 0 0 1 0 0 0 0 0 0 0 0 0 0 0
33563 1 0 1 1 1 1 1 1 0 0 0 0 0 0 0 0 0 0
33710 0 0 1 0 0 0 0 0 0 0 0 0 0 0 0 0 0 0
33799 0 0 0 0 0 0 1 0 0 0 0 0 0 0 0 0 0 0
34895 0 0 0 0 0 0 0 0 0 0 0 0 0 0 0 0 0 0
35067 0 0 0 0 0 0 0 0 0 1 0 0 0 0 0 0 0 0
35073 1 1 1 1 1 1 1 1 1 1 1 1 1 1 1 1 1 1
35308 1 0 0 0 0 0 0 0 0 0 0 0 0 0 0 0 0 0
37375 1 1 1 1 1 1 1 1 1 1 1 1 1 1 1 1 1 1
38265 0 0 0 0 0 0 0 0 0 0 0 0 0 0 0 0 0 0
38671 0 0 0 0 0 0 0 0 0 0 1 0 0 0 0 0 0 0
40019 1 1 1 1 1 0 1 1 1 1 1 1 1 1 0 1 1 1
42473 0 0 0 0 0 0 0 0 0 0 0 0 0 0 0 0 0 0
43379 0 0 0 0 0 0 0 0 0 0 0 0 0 0 0 0 0 0
43617 0 0 0 0 0 0 0 0 0 0 0 0 0 0 0 0 0 0
45362 0 0 0 0 0 0 0 0 0 0 0 0 0 0 0 0 0 0
45561 0 0 0 0 0 0 0 0 0 0 1 0 0 0 1 0 0 0
45782 1 1 1 1 1 1 1 1 1 1 1 1 1 1 1 1 1 1
46091 1 1 1 1 1 1 1 1 1 1 1 1 1 1 1 1 1 1
46279 1 1 1 1 1 1 1 1 1 0 1 0 0 0 0 0 0 0
46508 0 0 0 0 0 0 0 0 0 0 0 0 0 0 0 0 1 0
46639 1 1 1 1 1 1 1 1 1 1 0 0 0 0 0 0 0 0
46774 0 1 0 0 0 0 0 0 0 0 0 0 1 0 0 0 0 0
47682 0 0 1 0 0 0 0 0 0 0 0 0 0 0 0 0 0 0
47750 1 0 0 0 1 0 0 0 0 0 0 0 0 0 0 0 0 0
47912 1 1 1 1 1 0 1 1 1 0 0 0 0 0 0 0 0 0
48542 0 0 0 0 1 0 1 0 0 0 0 0 0 0 0 0 0 0
49299 0 0 0 0 0 0 0 0 0 0 0 0 0 0 0 0 0 0
49424 0 0 0 0 0 0 0 0 0 1 0 0 0 0 0 0 0 0
50999 1 1 1 1 1 1 1 1 1 0 1 1 1 1 1 1 1 1
51078 1 1 1 1 1 1 1 1 1 1 1 1 1 1 1 1 1 1
51157 0 0 0 0 0 0 0 0 0 1 0 0 0 0 0 0 1 0
51619 0 0 0 0 0 0 0 0 0 0 0 0 0 0 0 0 0 0
51902 0 0 0 0 0 0 1 0 0 0 0 0 0 0 0 0 0 0
52500 1 0 0 1 0 0 0 0 0 0 0 0 0 0 0 0 0 0
52511 1 0 0 0 0 0 0 0 0 0 0 0 0 0 1 0 0 0
52785 0 0 0 0 0 0 0 0 0 0 0 0 0 0 0 0 0 0
52944 0 0 0 0 0 0 0 0 0 0 0 0 0 0 0 0 0 0
54635 0 0 0 0 0 0 0 0 0 0 0 0 0 0 0 0 0 0
54908 1 0 1 1 1 1 1 1 1 0 1 1 0 1 1 1 1 1
54949 1 1 1 1 1 1 1 1 1 1 1 1 1 1 1 1 1 1
55637 0 0 0 0 0 0 0 0 0 0 0 0 0 0 0 0 0 0
55665 0 0 0 0 0 0 0 0 0 0 0 0 0 0 0 0 0 0
57383 0 0 0 0 0 0 0 0 0 0 0 0 0 0 0 0 0 0
58915 1 1 1 1 0 1 1 0 1 1 1 1 1 1 1 1 1 1
59285 0 1 0 0 0 0 0 0 0 0 0 0 0 0 0 1 0 0
59532 0 0 0 0 0 0 0 0 0 0 0 0 0 0 0 0 0 0
59613 1 0 0 0 0 0 0 0 0 0 0 0 0 1 0 0 0 0
59759 0 0 0 0 0 0 0 0 0 0 0 0 0 0 0 0 0 0
59912 0 0 0 0 0 0 0 0 0 0 0 0 0 0 0 0 0 0
60211 0 0 0 0 0 0 0 0 0 0 0 0 0 0 0 0 0 0
60627 0 0 0 0 0 0 0 0 0 0 0 1 0 0 0 0 0 1
61963 1 1 1 1 0 1 1 1 1 1 1 1 1 1 1 1 1 1
62163 1 1 0 1 1 1 1 1 1 0 0 0 0 0 0 0 0 0
64826 0 0 0 0 0 0 0 0 0 0 0 0 0 0 0 0 0 0
64879 0 0 0 0 0 0 0 0 0 0 0 0 0 0 0 0 1 0
65124 0 0 0 0 0 0 0 0 0 0 0 0 0 0 0 0 0 0
65581 0 0 0 0 0 0 0 0 0 0 0 0 0 0 0 0 0 0
67016 0 0 0 0 0 0 0 0 0 0 0 0 0 0 0 0 0 0
67407 1 1 1 1 1 1 1 1 1 1 1 1 1 1 1 1 1 0
67572 0 0 0 0 0 0 1 0 1 0 0 0 0 0 0 0 0 0
67608 0 0 0 0 0 0 0 0 0 0 0 0 1 0 0 0 0 0
67802 1 1 1 1 1 1 1 1 1 1 1 1 1 1 1 1 1 1
68495 0 0 0 0 0 0 0 0 0 0 0 0 0 0 0 0 0 0
69201 1 1 1 1 1 1 1 1 1 1 1 1 1 1 1 1 1 1
70522 0 0 0 0 0 0 0 0 0 0 0 0 0 0 0 0 0 0
71187 0 0 0 0 1 0 0 0 0 1 0 0 0 0 0 0 0 0
72043 1 1 0 1 0 1 1 1 1 1 1 1 1 1 1 1 1 1
72662 1 1 1 1 1 1 1 1 1 1 1 1 1 1 1 1 1 1
73543 0 0 0 0 0 0 0 0 0 0 0 0 0 0 0 0 0 0
74895 0 0 0 0 0 0 0 0 0 0 0 0 0 0 0 0 0 0
75366 1 1 1 1 1 1 1 1 1 1 1 1 1 1 1 1 1 1
75510 0 0 0 0 0 0 0 0 0 0 0 0 0 0 0 1 1 0
75780 0 1 0 1 0 0 0 0 0 0 0 0 0 0 0 0 0 0
76557 0 0 0 0 0 0 0 0 0 0 0 0 0 0 0 0 0 0
77701 0 0 0 0 0 0 0 0 0 0 0 0 0 1 0 0 0 0
79662 1 1 1 1 1 1 0 1 1 1 1 1 1 1 1 1 1 1
79870 0 0 0 0 1 0 0 1 0 0 0 0 0 0 0 0 0 0
80153 0 0 0 0 0 0 0 0 0 1 0 0 0 0 0 0 1 0
80379 0 0 0 0 0 1 1 0 0 0 1 0 0 0 0 0 0 0
80756 0 0 0 0 0 0 0 0 0 0 0 0 0 0 0 0 0 0
82609 0 0 0 0 0 0 0 0 0 0 0 0 0 0 0 0 0 0
83064 0 0 0 0 0 0 0 0 0 0 1 0 0 0 0 1 0 0
83510 0 0 0 1 0 0 0 0 0 0 0 0 0 0 0 0 0 0
83906 0 0 0 0 0 0 0 0 0 0 1 0 0 0 0 0 0 0
84226 1 0 0 0 0 0 0 0 0 0 0 0 0 0 1 0 0 0
84285 0 0 0 0 0 0 0 0 0 0 0 0 0 0 0 0 0 0
84693 0 0 0 0 0 0 0 0 0 0 0 0 0 0 0 0 0 0
84708 1 1 1 1 1 1 1 1 1 1 1 1 1 1 1 1 1 1
84839 0 0 0 0 0 0 0 0 0 0 0 0 0 0 0 0 0 0
85524 0 0 0 0 0 0 0 0 0 0 0 0 0 0 0 0 0 0
85871 0 0 0 0 0 0 0 0 0 0 0 0 0 0 0 0 0 1
87508 0 0 0 0 1 0 0 0 0 0 0 1 0 0 0 0 0 0
87810 0 0 0 0 0 0 0 0 1 0 0 0 0 0 0 0 0 1
88071 1 1 1 1 1 1 1 1 1 1 1 1 1 1 1 1 0 1
88581 1 1 1 1 1 1 1 1 1 1 1 1 1 1 1 1 1 1
88664 1 1 1 1 1 0 1 0 1 1 1 1 1 1 1 1 1 1
90055 0 0 0 0 0 0 0 0 0 0 0 0 0 0 0 0 1 0
90166 0 0 0 0 0 0 0 0 0 0 0 0 0 0 0 0 0 0
90392 1 0 0 0 0 0 0 0 0 0 0 0 0 0 0 0 0 0
90546 0 0 0 0 0 0 0 0 0 0 0 0 0 0 0 0 0 0
92212 0 0 0 0 0 0 0 1 0 0 0 0 0 1 0 0 0 0
92472 0 0 0 0 0 0 1 0 0 0 0 0 0 0 0 0 0 0
92707 1 1 1 1 1 1 1 1 1 1 1 1 1 1 1 1 1 1
93356 0 0 0 0 0 0 0 0 0 0 0 0 0 0 1 0 0 0
93372 0 0 0 0 0 0 0 0 1 0 0 0 0 0 0 0 0 0
93401 1 1 1 1 1 1 1 1 1 1 1 1 1 1 1 1 1 1
94201 0 0 0 0 0 0 0 0 0 0 0 0 0 0 0 0 1 0
95344 0 1 1 1 1 1 1 1 1 0 0 0 0 0 0 0 0 1
95427 0 0 0 0 0 0 0 0 0 0 0 0 0 0 0 0 0 0
96125 0 0 0 0 0 0 0 0 0 0 0 0 0 0 0 0 0 0
97018 0 0 0 1 0 0 0 0 0 0 0 0 0 0 0 0 0 0
98081 0 0 0 0 0 0 0 0 0 0 0 0 0 0 0 0 0 0
98199 0 0 0 0 0 0 0 0 0 0 0 0 1 0 0 0 0 1
98418 0 0 0 0 0 0 0 0 0 1 0 0 0 0 0 0 0 0
98930 0 0 0 0 0 0 0 0 0 0 0 0 0 0 0 0 0 0
99026 0 0 0 0 0 0 0 0 0 0 0 0 0 0 0 0 0 0
100344 1 1 1 1 1 1 1 1 1 1 1 1 1 1 1 1 1 1
101280 1 1 1 1 1 1 1 1 1 1 1 1 1 1 1 1 1 1
101974 1 1 1 1 1 1 1 1 1 1 1 1 1 1 1 1 1 1
103529 0 0 0 1 0 0 0 0 0 0 0 0 0 0 0 0 0 0
104347 1 1 1 1 1 1 1 1 1 1 1 1 1 1 1 1 1 1
104481 0 0 0 1 0 0 0 0 0 1 0 0 0 0 0 0 0 0
104553 0 0 0 0 0 0 0 0 0 0 0 0 0 0 0 0 0 0
105210 0 0 0 0 0 0 0 0 0 0 0 0 0 0 0 0 1 0
105539 1 1 1 1 1 1 1 1 1 1 1 1 1 1 1 1 1 1
107221 0 0 0 0 0 0 0 0 0 0 0 0 0 0 0 1 0 0
108259 1 0 0 0 0 0 0 0 0 0 0 0 0 0 0 0 0 0
108892 0 0 1 0 0 0 0 0 0 0 0 0 0 0 0 0 0 0
109100 1 1 1 1 1 1 1 1 1 1 0 1 1 1 1 1 1 1
109222 0 0 0 0 0 1 0 0 0 0 0 0 0 0 0 1 0 0
110031 0 0 0 0 0 0 0 0 0 0 1 0 0 0 0 0 0 0
110416 1 1 0 1 1 1 1 1 1 1 1 1 1 1 1 1 1 1
110453 0 1 0 0 1 0 0 0 0 0 0 0 0 0 0 0 0 0
110557 1 1 1 1 1 1 1 1 1 1 1 1 1 1 1 1 1 1
111376 0 0 0 0 0 0 0 0 0 0 0 0 0 0 0 0 0 0
111414 0 0 0 0 0 0 0 0 0 0 0 0 0 0 0 0 0 0
111430 0 0 0 0 0 0 0 0 0 0 0 0 0 0 0 0 0 0
112056 0 0 1 0 0 0 0 0 0 0 0 0 0 0 0 0 0 1
112689 1 1 1 1 1 1 1 1 1 0 0 0 0 0 0 0 0 0
115024 0 0 0 0 0 0 0 1 0 0 0 0 0 0 0 0 0 0
115144 0 0 0 0 0 0 0 0 0 0 0 0 0 0 1 0 0 0
115533 0 0 0 0 0 0 0 0 0 0 0 0 0 0 0 0 0 0
116096 0 0 0 0 0 0 0 0 0 0 1 0 0 0 0 0 0 0
116789 0 0 0 0 1 0 0 0 0 0 0 0 0 0 0 0 0 0
116969 0 0 0 0 0 0 0 0 0 0 0 0 0 0 0 0 0 0
117548 0 0 0 0 0 0 0 0 0 0 0 0 0 0 0 0 0 0
117848 0 0 0 0 0 0 0 0 0 0 1 0 0 0 0 0 0 0
119359 0 0 0 0 1 0 0 0 0 0 0 0 0 0 0 0 0 0
119854 0 0 0 1 0 0 0 0 0 0 0 0 0 0 0 1 0 0
120579 1 1 1 1 1 1 1 1 1 0 0 0 0 0 0 0 0 0
120615 0 0 0 0 0 0 0 0 0 0 0 0 0 0 0 0 0 0
120699 0 0 0 0 0 0 0 0 0 0 0 0 0 0 0 0 0 0
121638 0 0 0 0 0 0 0 0 0 0 0 0 0 0 0 0 0 0
121895 0 0 0 0 0 0 0 0 1 0 0 0 0 0 0 1 0 0
122021 1 0 1 1 1 1 1 1 1 1 1 1 1 1 1 1 1 1
122517 0 0 0 0 0 0 0 1 0 0 0 0 0 0 1 0 0 0
123107 0 0 0 0 0 0 0 0 0 0 0 0 0 0 0 0 0 0
123159 1 0 1 0 0 1 0 0 0 0 0 0 0 0 0 0 0 0
123681 0 0 0 0 0 0 0 0 0 1 0 0 0 0 0 0 0 0
123953 0 0 0 0 0 0 0 0 0 0 0 0 0 0 0 0 0 0
124196 1 1 0 1 1 1 1 1 1 1 1 1 1 1 1 1 1 1
124992 0 0 0 0 0 1 0 0 0 0 1 0 0 0 0 0 0 0
125772 0 0 0 0 0 1 0 0 0 0 0 0 0 0 0 0 0 0
125825 1 1 1 1 1 1 1 1 1 1 1 1 1 1 1 0 1 1
126184 0 0 0 0 0 0 1 0 0 0 0 0 0 0 0 0 0 0
127199 0 1 0 1 0 0 0 0 0 0 0 0 0 0 0 0 0 1
127262 0 0 0 0 0 1 0 0 0 0 0 0 0 0 0 0 0 1
127536 1 0 1 1 1 1 1 1 1 0 0 0 0 0 0 0 0 0
127821 0 0 0 0 0 1 0 0 0 0 0 0 0 0 0 0 0 0
127928 0 0 0 0 0 0 0 0 0 0 0 0 0 0 0 1 0 0
128229 0 0 0 0 0 0 0 0 0 0 1 0 0 0 0 0 0 0
128438 1 1 1 1 1 1 1 1 1 1 1 1 1 1 1 1 1 1
129020 0 0 0 0 0 0 0 0 0 0 1 0 0 0 0 0 0 0
129164 0 0 0 0 0 0 0 0 0 0 0 0 0 0 0 0 0 0
134980 0 1 1 1 1 1 0 1 1 1 1 1 1 1 1 1 1 1
135059 0 0 0 0 0 0 0 0 0 0 0 0 0 0 0 0 0 0
135843 1 1 1 1 1 1 1 1 1 1 1 1 1 1 1 1 0 1
136963 0 0 0 0 0 0 0 0 0 1 0 0 0 0 0 0 0 0
137050 0 0 0 0 0 0 0 0 0 0 1 0 0 0 1 0 0 0
138024 1 0 0 0 0 0 0 0 0 0 0 0 0 0 0 0 0 1
138881 0 0 0 0 0 0 0 0 0 0 0 0 0 0 0 0 0 0
139674 0 0 0 0 0 0 0 0 0 0 0 0 0 0 0 0 0 0
141236 0 0 0 0 1 0 0 0 0 0 0 0 0 0 0 0 0 0
141618 0 0 0 0 0 0 0 0 0 0 0 1 0 0 0 0 0 0
141635 1 1 0 0 0 0 0 0 0 0 0 0 0 0 1 0 0 0
141751 1 1 1 1 1 1 1 0 1 1 1 1 1 1 1 1 1 1
142115 0 0 0 0 0 0 1 0 0 0 0 0 0 0 1 0 0 0
142595 1 0 1 1 1 1 1 1 1 1 1 1 1 1 1 1 1 1
143298 0 0 0 0 0 0 0 0 0 0 0 0 0 0 0 0 0 0
143470 0 0 1 0 0 0 0 0 0 0 0 0 0 0 0 0 0 0
143980 0 0 0 0 0 0 0 0 0 0 0 0 0 0 0 0 1 1
144321 1 1 1 0 1 1 1 1 1 0 0 0 0 0 0 0 0 0
144348 0 0 0 0 0 0 0 0 0 0 0 0 0 0 0 0 0 0
145542 1 1 1 1 1 1 1 1 1 1 1 1 1 1 1 1 0 1
145797 0 0 0 0 0 0 0 0 0 0 0 0 0 0 0 0 0 0
146453 1 1 1 1 1 1 1 1 1 1 1 1 1 0 1 1 1 1
146527 1 1 1 1 1 1 1 1 1 1 1 1 1 1 1 1 1 1
147259 1 1 1 1 1 1 1 1 1 1 1 1 1 1 1 1 1 1
147835 0 0 0 0 0 0 0 0 0 0 0 0 0 1 0 0 0 0
147912 0 1 1 1 1 1 1 1 1 1 1 1 1 1 1 1 1 1
148008 0 0 0 0 0 0 0 0 0 1 0 0 0 1 1 0 0 0
148541 1 1 1 1 1 1 1 1 1 0 0 0 0 0 0 0 1 0
149809 0 0 0 0 0 0 0 0 0 0 0 0 0 0 0 0 0 0
150139 1 0 0 0 0 0 0 0 0 0 0 0 0 0 0 1 0 0
150207 1 0 1 0 0 0 0 0 0 0 1 0 0 0 0 0 0 0
150371 0 0 0 0 0 0 0 0 0 0 0 0 0 0 0 0 0 0
151159 0 0 0 0 0 0 0 0 0 0 0 0 0 0 0 0 0 0
151205 0 0 0 0 0 0 0 0 0 0 1 0 1 0 0 0 0 0
151824 1 1 1 1 0 1 1 1 1 1 1 1 1 1 1 0 1 1
151849 0 0 0 0 0 1 0 0 0 0 0 0 0 0 0 0 0 0
152237 1 1 1 1 1 1 1 1 1 1 1 1 1 1 1 1 1 1
152407 0 0 0 0 0 0 0 0 0 0 0 0 0 0 1 0 0 1
152841 0 0 0 1 0 1 0 0 0 0 0 0 1 0 0 0 0 0
152979 0 0 0 0 0 0 0 0 0 0 0 0 0 0 0 0 0 0
153979 0 0 0 0 0 0 0 0 0 0 0 0 0 0 0 0 0 0
154141 1 1 1 1 1 1 1 1 1 1 1 1 0 1 0 1 1 1
154202 0 0 0 0 0 0 0 0 0 0 0 0 0 0 0 0 0 0
154509 1 0 0 0 0 0 0 0 0 0 0 0 0 0 0 0 1 0
155537 1 1 1 1 1 1 0 1 1 1 1 1 1 1 1 1 1 1
157044 0 0 0 1 0 0 0 0 0 0 1 0 0 0 0 0 0 0
157048 0 0 0 0 0 0 0 0 0 0 0 0 0 0 0 0 0 0
158577 1 1 1 1 1 1 1 1 1 1 1 1 1 1 1 1 0 1
159553 0 0 0 0 1 0 0 0 0 0 0 0 0 0 0 1 0 0
160661 1 1 1 1 1 1 1 1 1 1 1 1 1 1 1 1 1 1
161640 0 0 0 0 0 0 0 0 0 0 0 0 0 0 0 0 0 0
161737 0 0 0 0 0 0 0 0 0 0 0 0 0 0 0 0 1 0
161912 1 1 1 1 1 0 1 1 1 1 1 0 1 1 1 1 1 1
163200 0 0 0 0 0 0 0 0 0 0 0 0 0 0 0 0 0 0
163311 1 1 1 1 1 1 0 1 1 1 1 1 1 1 1 1 1 1
164067 0 0 0 0 0 0 0 0 0 0 0 0 0 0 0 0 0 0
164140 1 1 1 1 1 1 1 1 1 1 1 1 1 1 1 1 1 1
164421 0 0 0 0 0 0 0 0 0 0 0 0 0 0 0 0 0 0
164490 0 0 0 0 0 0 0 0 0 0 0 0 0 0 0 0 0 0
164812 1 1 0 1 1 1 1 0 1 1 1 1 1 1 1 1 1 1
165040 1 0 1 1 1 1 1 1 1 1 1 1 1 1 1 1 1 1
166549 0 0 0 0 0 0 0 0 0 0 0 0 0 0 0 0 0 0
166566 0 0 0 0 0 0 0 0 0 0 0 0 0 0 0 0 0 0
168149 0 1 1 1 1 1 1 1 1 1 1 1 1 1 1 1 1 1
168719 1 1 1 1 1 1 1 1 1 1 1 1 1 1 1 1 1 1
168941 0 0 0 0 0 0 0 0 0 0 0 0 0 0 0 0 0 0
168984 0 0 0 0 0 0 0 1 0 0 0 0 1 0 0 0 0 0
169162 1 1 1 1 0 1 0 1 1 1 1 1 1 1 1 1 1 1
170493 0 0 0 0 1 0 0 0 0 0 0 0 0 0 0 0 0 0
170940 1 1 1 1 1 1 1 1 1 1 0 1 0 1 1 1 1 1
171637 1 1 1 1 1 1 1 1 1 0 0 0 0 0 0 0 0 0
171677 1 1 1 1 1 1 1 1 1 0 1 1 1 1 1 1 1 1
172218 0 0 0 0 0 0 1 0 1 0 0 1 0 0 0 1 0 0
173327 1 0 0 0 0 0 0 0 0 0 0 0 0 0 0 0 0 0
173727 0 0 0 0 0 0 0 0 0 0 0 0 0 0 0 0 0 0
175604 0 1 0 0 0 0 0 0 0 0 0 0 0 1 0 0 0 0
176159 0 0 0 0 0 0 0 0 0 1 0 0 0 0 0 0 0 0
176184 0 0 0 0 0 0 0 0 0 0 0 0 1 0 1 0 0 0
176306 0 0 0 0 0 0 0 0 0 0 0 0 0 0 0 0 0 0
177498 0 0 0 0 0 1 0 0 0 0 0 0 0 0 0 0 0 0
178031 0 0 0 0 0 0 0 0 0 0 0 0 0 0 0 0 0 1
178260 1 1 1 1 1 1 1 1 1 1 1 0 1 1 1 1 1 1
178341 0 0 0 0 0 0 0 0 0 0 0 0 0 0 0 0 0 0
178529 1 1 1 1 1 1 1 1 1 1 1 1 1 1 1 1 1 1
178992 1 0 0 1 0 0 0 0 0 0 0 1 0 0 0 0 0 0
179698 0 0 0 0 0 0 0 0 0 0 0 0 0 0 0 0 0 0
180067 1 1 1 1 1 1 1 1 1 1 1 1 1 1 1 1 1 1
181025 0 0 0 0 0 0 0 0 1 0 0 0 0 0 0 0 0 0
181492 0 0 0 0 0 0 0 0 0 0 0 0 0 0 0 0 0 0
182201 0 0 0 0 0 0 0 0 0 0 0 0 0 0 0 0 0 0
182435 0 1 1 0 0 0 0 0 0 0 0 0 0 0 0 0 0 1
182543 1 1 1 1 1 0 1 1 1 1 1 1 1 1 1 1 1 1
182923 0 0 0 0 0 0 0 0 0 0 0 0 0 0 0 1 0 0
183214 0 1 1 1 1 1 1 1 1 1 1 1 1 1 1 1 1 1
183432 1 1 1 1 1 1 1 1 0 1 1 1 1 1 1 0 1 1
183478 0 0 0 0 0 0 0 0 1 0 0 0 0 0 0 0 0 0
184191 0 0 0 0 0 0 0 0 0 0 0 0 0 0 0 0 0 0
184602 0 0 0 0 0 0 0 0 0 0 0 0 0 0 0 0 0 0
184995 0 0 0 0 0 0 0 0 0 0 0 0 0 0 0 0 0 0
185045 0 0 0 1 0 0 0 0 0 0 0 0 0 0 0 0 0 0
185383 0 0 0 0 0 0 0 0 0 0 0 0 0 0 0 0 0 0
185822 0 0 0 0 0 0 0 0 0 0 0 0 0 0 0 0 0 0
186022 0 0 0 0 0 0 0 0 1 0 1 0 0 0 0 0 0 0
186111 1 1 1 1 1 1 1 1 1 1 1 1 1 1 1 1 1 1
186386 0 0 0 0 0 0 0 0 0 0 1 0 0 0 0 0 0 0
186575 0 0 0 0 0 0 0 0 0 0 0 0 0 0 0 0 0 1
186598 0 0 0 0 0 0 1 1 0 0 1 0 1 0 0 0 0 0
186827 0 0 0 0 0 0 0 0 0 0 0 0 0 0 0 0 0 0
187924 0 1 0 0 0 0 0 0 0 0 0 0 0 0 0 0 0 1
188313 0 0 0 0 1 0 0 0 0 0 0 0 0 0 0 0 0 1
189182 1 1 1 1 1 1 1 1 1 0 0 0 0 0 1 0 0 0
189578 0 0 0 0 0 0 0 0 0 0 0 0 0 0 0 0 0 0
190012 1 1 1 1 1 1 1 1 1 0 0 0 0 1 0 1 0 0
190384 0 0 0 0 0 0 0 0 0 0 0 0 1 1 0 0 0 0
190765 0 0 1 0 0 0 0 0 0 0 0 0 0 0 1 0 0 0
191775 0 0 0 0 0 0 0 0 0 0 0 0 0 0 0 0 0 0
192540 0 0 1 0 0 0 0 0 0 0 0 0 0 0 0 0 0 0
193112 0 0 0 1 0 0 0 0 0 0 0 0 0 0 1 0 0 0
193240 0 0 0 0 0 0 0 0 0 0 0 0 0 0 0 0 0 0
194436 0 0 0 0 1 0 0 0 0 0 1 0 0 0 0 0 0 0
194712 1 1 1 1 1 1 1 1 1 0 0 0 0 0 0 0 0 0
196008 0 0 0 0 0 1 0 0 1 0 0 1 0 0 0 1 0 0
196737 1 1 1 1 1 1 0 1 1 1 1 1 1 1 1 1 1 1
197286 0 0 0 0 0 0 0 0 0 0 0 0 0 0 0 0 1 0
197919 0 0 0 0 0 0 0 0 0 0 0 0 0 0 0 0 0 0
198471 1 0 1 1 1 1 1 1 1 1 1 1 1 1 1 1 0 1
198973 0 0 0 0 0 0 0 0 0 0 0 0 0 0 0 0 0 1
199759 0 0 0 0 0 0 0 0 0 0 0 0 0 0 0 0 0 1
199855 1 1 1 1 1 1 1 1 1 1 1 1 1 1 1 1 1 1
199857 0 0 0 0 0 0 0 0 0 0 0 0 0 0 0 0 0 0
200207 0 0 0 0 0 0 0 0 0 0 0 0 0 0 0 0 0 0
200642 0 0 0 0 0 0 0 0 0 0 0 0 0 1 0 0 0 0
200667 0 0 0 0 0 0 0 0 0 0 0 0 0 0 0 0 0 1
202049 0 0 0 0 0 0 0 0 0 0 0 0 0 0 0 0 0 0
202846 0 0 0 0 0 0 0 0 0 0 0 0 0 0 0 0 0 0
202986 0 0 0 0 0 0 0 0 0 0 0 0 0 0 0 0 0 0
203272 1 0 0 0 0 0 0 0 0 0 1 0 0 0 0 0 0 0
204126 0 0 0 0 0 0 0 0 0 0 0 0 0 0 1 0 0 0
204136 1 1 1 1 1 1 1 1 1 1 1 1 1 1 1 1 1 1
204966 1 0 0 0 0 0 0 0 0 0 0 0 0 0 0 1 0 0
205581 0 0 0 0 0 0 0 0 0 0 0 0 0 0 0 0 0 0
205597 1 1 1 1 1 1 1 1 1 1 1 1 1 1 1 1 1 1
205669 0 0 0 0 1 0 0 0 0 0 0 0 0 0 0 0 0 0
205676 0 0 0 0 0 0 0 0 0 0 0 0 0 0 0 0 0 0
205838 0 0 0 0 0 0 0 0 0 0 1 0 0 0 0 0 0 1
206591 1 1 0 1 1 1 1 0 1 1 1 1 1 1 1 1 0 1
207311 0 0 0 0 0 0 0 0 0 0 0 0 0 0 0 0 0 0
207318 0 0 0 0 0 0 0 0 0 0 0 0 0 0 0 0 0 0
207828 1 0 1 1 1 1 1 1 1 1 1 1 1 1 1 1 1 1
208097 1 1 1 1 1 0 1 1 1 1 1 1 1 1 1 1 1 1
208714 0 1 0 0 0 0 0 1 0 1 0 0 0 0 0 0 1 0
209480 0 0 0 0 0 0 0 0 0 0 1 0 0 0 0 1 0 0
210341 1 1 1 1 1 1 1 1 1 1 1 1 1 1 1 1 1 1
211522 0 0 0 0 0 0 0 0 0 0 0 0 0 0 0 0 0 0
211919 1 1 1 0 1 1 1 1 1 1 1 1 1 1 1 1 1 1
211967 0 0 0 0 0 0 0 0 0 0 0 0 1 1 0 0 0 0
214048 0 0 0 0 0 0 0 0 0 0 0 0 0 1 0 0 0 0
214216 0 0 0 0 0 0 0 0 0 0 0 0 0 0 0 0 0 0
214971 0 0 0 0 0 1 0 0 1 0 0 0 0 0 0 0 0 0
216422 0 0 0 0 0 0 0 1 0 0 0 0 0 0 0 0 0 0
216677 0 0 0 0 0 0 0 0 0 0 0 0 0 0 0 0 0 0
217346 0 0 0 0 0 1 0 0 0 0 0 0 0 0 0 0 0 0
217871 0 0 0 0 0 0 0 0 0 0 0 0 0 0 0 0 0 0
217935 1 1 1 1 1 1 1 1 1 1 1 1 1 1 1 1 0 1
218002 0 0 0 0 0 0 0 0 0 0 0 0 0 0 0 0 0 0
218533 0 1 1 0 1 1 1 1 1 1 1 1 1 1 1 1 1 1
218626 0 1 0 0 0 0 0 0 0 0 0 0 0 0 0 0 0 0
218826 0 0 0 0 0 0 0 0 0 0 0 0 0 0 0 0 0 0
219603 0 0 0 0 0 0 0 0 0 1 1 0 0 0 1 0 0 0
220496 0 0 0 0 0 0 0 0 0 0 0 0 0 0 0 0 1 0
221281 0 0 0 0 0 0 0 0 0 0 0 0 0 1 0 0 0 0
222414 0 0 0 0 0 0 0 0 0 0 0 0 0 0 0 0 0 0
223555 1 1 1 1 1 1 1 1 1 1 1 1 1 1 1 1 1 1
225233 0 0 0 0 0 0 0 0 0 0 0 0 0 0 0 0 0 0
226541 0 0 0 1 0 0 0 0 0 0 0 0 0 0 0 0 0 0
229209 0 0 0 0 0 0 0 0 1 0 0 0 0 0 0 0 0 0
229451 1 1 1 1 1 1 1 1 1 1 1 1 1 1 1 1 0 1
230262 0 0 0 0 0 0 0 0 0 0 0 0 0 0 0 0 0 0
230788 0 0 0 1 0 0 1 0 0 1 0 0 0 0 0 0 0 0
231590 0 0 0 0 0 0 0 0 1 0 0 0 0 0 0 0 0 0
231620 0 0 0 0 1 0 0 0 0 0 0 0 0 0 0 0 1 0
232138 0 0 0 0 0 0 0 0 0 0 0 0 0 0 0 0 0 0
232381 0 0 0 0 0 0 0 0 0 0 0 0 0 0 0 0 0 1
232462 1 0 1 1 1 1 1 1 0 1 1 0 1 1 1 1 1 1
233405 0 0 0 1 0 0 1 0 0 0 0 1 0 0 0 0 0 0
233761 1 1 1 0 1 1 1 1 1 0 0 0 0 0 0 0 0 0
235790 0 0 0 0 0 0 0 0 0 0 0 0 0 1 0 0 0 0
236502 0 0 0 0 1 0 0 0 0 0 0 0 0 0 0 0 0 0
236947 0 0 0 0 0 0 0 0 0 0 0 0 0 0 1 0 0 0
239629 1 1 1 1 1 0 1 1 1 1 1 1 1 0 1 1 1 1
240213 0 1 1 0 1 1 1 1 1 1 1 1 1 1 1 1 1 1
240874 0 1 1 1 1 1 1 1 1 1 1 1 1 1 1 0 1 1
241105 0 0 0 0 0 0 0 1 0 0 0 0 0 0 0 0 0 1
242887 1 1 1 1 1 0 1 1 1 1 1 1 1 1 1 1 1 1
242933 0 0 0 0 0 0 0 0 0 0 0 0 0 0 0 0 0 0
243240 0 0 0 0 0 0 0 0 0 0 0 0 1 1 0 0 0 0
243289 0 0 1 1 0 0 0 0 0 0 0 0 0 0 0 0 0 0
243709 0 0 0 0 0 0 0 0 0 0 0 0 0 0 0 0 0 0
243864 1 1 1 1 1 1 1 1 1 1 1 1 1 0 1 1 1 1
244578 0 0 0 0 0 0 0 0 0 0 0 0 0 0 0 0 0 0
245205 0 0 0 0 0 0 0 0 0 0 0 0 0 0 0 1 0 0
245523 0 0 0 0 0 0 0 0 0 0 0 0 0 1 0 0 0 0
246180 0 0 0 0 0 0 0 0 0 0 0 0 0 0 0 0 0 1
247886 0 0 0 0 0 0 0 0 1 1 0 0 0 0 0 0 0 0
248030 0 0 0 0 0 0 0 0 0 0 0 0 0 0 0 0 0 0
248217 1 1 1 1 1 1 1 1 1 1 1 1 1 1 1 1 1 0
248396 1 1 1 1 1 1 1 1 1 0 1 1 1 0 1 1 1 1
250046 0 0 0 0 0 0 0 0 0 0 0 0 0 0 0 0 1 0
250213 1 1 1 1 1 1 1 1 1 1 1 0 1 1 0 1 1 1
250378 0 1 0 0 0 0 0 0 0 0 0 0 0 0 0 0 0 0
250774 0 0 0 0 0 0 0 0 0 0 1 0 0 0 0 0 0 0
250953 1 1 1 1 1 1 1 1 1 1 1 1 1 0 1 1 1 1
252125 0 0 0 0 0 0 0 0 0 0 0 0 0 0 0 0 0 0
252719 0 0 0 0 0 0 0 1 0 0 0 0 0 0 0 0 0 0
252958 0 0 0 0 0 0 0 0 0 0 0 0 1 0 0 0 0 0
254038 1 1 1 1 1 1 1 1 1 1 1 1 1 1 1 1 1 0
254853 0 0 0 0 0 0 0 0 0 0 0 0 0 1 0 0 0 0
255399 0 0 0 0 0 0 0 0 0 0 0 0 0 0 0 0 0 0
256238 1 1 1 1 1 1 1 1 1 0 0 0 0 0 0 0 0 0
256445 0 0 0 0 0 0 0 0 0 0 0 0 0 0 0 0 0 0
257155 0 0 0 0 0 0 0 0 1 0 0 0 0 0 0 0 0 0
257338 0 0 0 0 0 1 0 0 0 0 0 1 0 0 0 0 0 0
257412 0 0 0 0 0 0 0 0 0 0 0 0 0 0 0 0 0 0
258382 0 0 0 0 0 0 0 0 0 0 0 0 0 0 0 0 0 0
261348 0 0 0 0 0 0 0 0 1 0 0 0 0 1 0 0 0 0
261562 1 0 0 0 0 0 0 0 0 0 0 0 0 0 1 1 0 0
262114 1 1 1 1 1 1 1 1 1 0 0 0 0 0 0 0 0 0
262908 0 0 0 0 0 0 0 0 0 0 0 0 0 0 0 1 1 0
263093 0 0 0 0 0 0 0 0 0 0 0 0 0 0 0 0 0 0
263107 0 0 0 0 0 0 0 0 0 0 0 0 0 0 1 0 0 0
263267 0 0 0 0 0 0 0 0 0 0 0 0 0 0 0 0 0 0
263317 0 0 0 0 0 0 0 0 0 0 0 1 0 0 0 0 0 0
264194 1 1 1 1 0 1 1 1 1 1 1 1 1 1 1 1 1 1
265066 0 0 0 0 0 0 0 0 0 0 0 0 0 0 0 0 0 0
265316 0 1 0 1 1 1 1 1 1 1 1 0 1 1 1 1 1 1
267773 0 0 0 0 0 0 0 0 0 0 0 0 0 0 0 1 0 1
268123 0 0 0 0 0 0 0 0 0 0 0 0 0 0 0 0 0 0
268353 0 0 0 0 0 0 0 0 0 0 0 0 0 0 0 1 0 0
269495 1 1 1 1 1 1 1 1 1 1 0 1 1 1 1 1 1 1
269544 0 0 0 0 0 0 0 0 0 0 0 0 0 0 0 0 0 0
270651 1 1 1 1 1 1 1 1 1 1 1 1 1 1 1 1 0 1
270717 0 0 0 0 0 0 0 0 0 0 0 0 0 0 1 0 0 0
271643 0 0 0 0 0 0 0 0 0 0 0 0 0 0 0 0 0 0
272525 0 0 0 0 0 0 0 0 0 0 0 0 0 0 0 0 0 0
272735 0 0 0 0 0 0 0 0 0 0 0 0 0 0 0 0 0 0
272828 1 1 1 1 1 1 1 1 1 0 0 0 0 0 0 0 0 0
272957 0 0 0 0 0 0 0 0 0 1 0 0 0 0 0 0 0 0
273209 0 1 0 0 0 0 0 0 0 0 0 0 0 0 0 0 0 0
273775 0 0 0 0 0 1 0 0 0 0 0 0 0 0 0 0 0 0
274179 0 0 0 0 0 0 0 0 0 0 0 0 0 0 0 0 0 0
275210 0 0 0 0 0 1 0 0 0 0 0 0 0 0 0 0 0 0
275237 0 0 0 0 0 0 1 0 1 0 0 0 0 0 1 0 0 0
275861 0 0 0 0 0 0 0 0 0 0 0 0 0 0 0 1 0 0
276567 0 1 0 0 0 0 0 0 0 0 0 0 0 0 0 0 0 0
276604 0 0 0 0 0 0 0 0 0 0 0 0 0 0 0 0 0 0
277024 0 0 0 0 0 0 1 0 0 0 0 0 0 0 0 0 0 0
277503 1 1 1 1 1 1 1 1 1 1 1 1 1 1 1 1 1 1
277617 0 0 0 0 1 0 0 0 0 0 0 0 0 0 0 0 0 0
277636 1 1 1 1 1 1 1 1 1 1 1 1 1 1 1 1 1 1
277713 0 0 0 0 0 0 0 0 0 0 0 0 0 1 0 0 0 0
279830 0 0 0 0 0 0 0 0 0 0 0 0 0 0 0 0 0 0
280180 1 1 1 1 1 1 1 1 1 1 0 1 1 1 1 1 1 1
280255 0 0 0 0 0 0 0 1 1 0 0 0 0 0 0 0 0 0
281081 1 1 1 1 1 1 1 1 1 1 1 1 1 1 1 1 1 1
282228 0 1 1 1 1 1 1 1 1 1 1 1 1 1 1 1 1 1
282747 1 1 1 1 1 1 1 1 1 1 1 1 1 1 0 1 1 1
283617 0 1 0 0 0 0 0 0 0 0 0 0 0 0 0 0 0 0
284186 1 1 1 1 1 1 1 1 1 0 0 0 1 0 0 0 0 0
284228 0 0 0 0 0 0 0 0 0 0 0 0 0 0 0 1 0 0
284366 0 0 0 0 0 0 0 0 0 0 0 0 0 0 0 0 0 0
284484 1 1 1 1 1 1 0 0 1 1 1 1 1 1 1 1 1 0
284623 0 0 0 0 0 0 0 0 0 0 0 0 0 0 0 0 0 0
285549 0 0 0 0 0 0 0 0 0 0 0 0 0 0 0 0 0 0
285611 0 0 0 0 0 0 0 0 0 0 0 0 0 0 0 0 0 0
285643 1 1 1 1 1 1 1 1 1 1 1 1 1 1 1 0 1 1
285669 0 1 0 0 0 0 0 0 0 0 0 0 0 0 0 0 0 0
285967 0 0 0 0 0 0 0 0 0 0 0 0 0 0 0 0 1 0
286589 1 1 1 1 1 1 1 1 1 0 1 1 1 1 1 1 1 1
287524 0 0 0 0 0 0 0 0 0 0 0 0 0 0 0 0 0 0
287582 0 0 0 0 0 0 0 0 0 0 0 0 0 0 0 0 0 0
288779 1 1 1 1 1 1 1 1 1 1 1 1 1 1 0 1 1 0
288862 1 1 1 1 1 0 1 1 1 0 1 0 1 0 0 0 0 0
289953 0 0 0 0 0 1 0 0 0 0 0 1 0 0 0 0 0 0
290088 1 1 1 1 1 1 1 1 1 0 0 0 0 0 0 0 0 0
291289 0 0 0 0 0 0 0 0 0 0 0 0 0 0 0 0 0 0
291528 1 1 1 1 1 1 1 1 1 1 1 1 1 1 1 1 1 1
292275 0 0 0 0 0 0 0 0 0 0 0 1 0 0 0 0 1 0
293587 0 0 0 0 0 0 0 0 0 0 0 0 0 0 0 0 0 0
294393 0 0 0 0 0 0 0 0 0 0 0 0 0 0 0 0 0 0
294447 0 0 0 0 0 0 0 0 0 0 0 0 0 0 0 0 0 0
294679 0 0 0 0 0 1 0 0 0 0 0 0 0 0 0 0 0 0
295118 1 1 1 1 1 1 1 1 1 1 1 1 1 1 1 1 1 1
295177 0 0 0 0 0 0 0 0 0 0 0 0 0 0 1 0 1 0
295664 1 1 1 1 1 1 1 1 1 0 0 0 0 0 1 0 0 0
295752 0 0 0 0 0 0 0 0 0 0 0 0 0 0 0 0 0 0
296069 0 0 0 0 0 0 0 0 0 0 0 0 0 0 0 0 0 0
296111 0 0 1 0 0 0 0 0 0 0 0 0 0 0 0 0 0 0
296790 1 1 1 1 1 1 1 1 1 0 0 0 0 0 0 0 0 0
297812 0 1 0 0 0 0 0 0 0 0 0 0 0 0 0 0 0 0
297914 0 0 0 0 0 0 0 0 0 0 0 0 0 0 0 0 0 0
298214 1 1 1 1 1 1 1 1 1 1 1 0 1 1 1 1 1 1
298254 0 0 0 0 0 0 0 0 0 0 0 1 0 0 0 0 0 0
298507 0 0 0 0 0 0 0 0 0 1 0 0 0 0 0 0 0 1
298966 0 0 0 0 0 0 0 0 0 0 0 0 0 0 0 0 0 0
299055 0 0 0 0 1 1 0 0 0 0 0 0 1 0 0 0 0 0
299402 0 0 0 0 0 0 0 0 0 0 0 0 0 0 0 0 0 0
299611 0 0 0 0 0 0 0 0 0 0 0 0 0 0 0 0 0 0
299682 1 1 1 1 1 1 1 1 1 1 1 1 1 1 0 1 1 1
300365 0 0 0 0 0 0 0 0 0 0 0 1 1 0 0 0 1 0
300621 0 0 0 0 0 0 0 0 0 0 0 0 0 0 0 0 0 0
300975 0 0 0 0 0 0 0 0 0 0 0 0 0 0 1 0 0 0
301724 0 0 0 0 0 0 0 0 0 0 0 0 0 1 0 0 0 0
301756 1 1 1 0 1 1 1 1 1 1 1 1 1 1 1 1 1 1
301761 0 0 0 0 0 0 0 0 0 0 0 0 0 0 0 0 0 0
302445 1 0 0 0 0 0 0 0 0 0 0 0 0 0 0 0 0 0
302476 1 1 1 0 1 1 1 1 0 1 0 1 1 1 1 1 1 1
303420 0 1 0 0 0 0 0 0 0 0 0 0 0 0 0 0 0 0
304727 0 0 0 0 0 0 0 0 0 0 0 0 0 0 0 0 0 0
305053 1 1 1 1 1 1 0 1 1 0 0 0 0 0 0 0 1 0
306531 1 1 1 1 1 1 1 1 1 0 0 0 0 0 0 0 0 0
306636 0 1 0 1 0 0 0 0 0 0 0 0 0 0 0 0 0 0
308531 0 1 1 1 1 1 1 0 1 0 0 0 0 0 0 0 0 0
309411 0 0 0 0 1 0 0 0 0 0 0 0 0 0 0 0 0 0
309672 0 0 0 0 0 0 0 0 0 0 0 0 0 0 0 0 0 0
309970 0 0 0 0 0 0 0 0 0 0 0 0 0 0 0 0 1 0
310236 0 0 1 0 0 0 0 0 0 0 0 0 0 0 0 0 0 0
310707 1 1 1 1 1 1 0 1 1 0 1 1 1 1 1 1 0 1
310851 0 0 1 0 0 0 0 0 0 0 1 0 0 0 0 0 0 0
311029 0 0 0 0 0 0 0 0 0 0 0 0 0 1 0 0 0 0
312209 1 1 1 1 1 1 1 1 1 0 0 0 0 0 0 0 0 0
312723 1 1 1 1 1 1 1 1 1 1 1 1 1 1 1 1 1 1
313006 0 0 0 0 0 0 0 0 0 0 0 0 0 0 0 0 0 0
313307 0 1 0 0 0 0 0 0 0 0 0 0 0 0 0 0 0 0
313665 0 0 0 0 0 0 0 0 0 0 0 0 0 0 0 0 0 0
314250 0 0 0 0 0 0 0 0 0 0 0 0 0 0 0 0 0 0
314719 0 0 1 0 0 0 0 0 0 0 0 0 0 0 1 0 0 0
315058 0 1 0 0 0 0 0 0 0 0 0 0 0 1 0 0 0 0
315063 0 0 0 0 0 0 0 0 0 0 0 0 0 0 0 0 0 0
315368 1 1 1 1 1 0 1 1 1 1 1 1 1 1 1 1 1 1
315407 0 0 0 0 0 0 0 0 0 0 0 0 0 0 0 0 0 0
316153 1 0 0 0 0 0 0 0 0 0 1 0 0 0 0 0 0 0
316269 0 0 0 0 0 0 0 0 0 0 0 1 0 0 0 0 0 0
317146 0 0 0 0 0 0 0 0 0 0 0 0 0 0 0 0 0 0
317367 0 0 0 0 0 0 1 0 0 0 0 0 0 0 0 0 0 0
317370 0 0 0 0 0 0 0 0 0 0 0 0 0 0 0 0 0 0
318212 0 0 0 0 0 0 0 0 0 0 0 0 0 0 0 1 0 0
318245 0 0 0 0 0 0 0 0 0 0 0 0 0 0 0 0 0 0
318538 0 0 0 0 0 0 1 0 0 0 0 0 0 0 0 0 0 0
318922 0 0 0 0 0 0 0 0 0 0 0 1 0 0 0 0 0 0
318944 1 1 1 1 1 1 1 1 1 1 0 1 1 1 1 1 1 0
321619 0 0 0 0 1 0 0 0 0 0 0 0 1 0 0 0 0 0
321687 1 0 0 0 0 0 0 0 0 0 0 0 0 0 0 0 0 0
321713 0 0 0 0 1 0 0 0 0 0 0 0 0 0 0 0 0 0
322320 1 1 1 1 1 1 1 1 1 0 1 1 1 1 1 1 1 1
322472 0 0 0 0 0 0 0 0 0 0 0 0 0 0 0 0 0 0
323558 1 1 1 1 1 1 1 1 1 0 1 1 1 1 1 1 1 1
323826 0 0 0 0 0 0 0 0 0 0 1 0 0 0 0 0 0 0
324619 0 1 1 1 1 1 1 1 1 1 1 1 1 1 0 1 1 1
324936 1 1 0 1 1 1 1 1 1 1 1 1 1 1 1 1 1 1
325052 0 0 0 0 0 0 0 0 0 0 0 0 0 0 0 0 0 0
325599 0 0 0 0 0 0 1 0 0 0 1 0 0 0 0 1 0 0
326093 0 0 0 0 0 0 0 0 0 0 0 0 0 0 0 0 0 0
326211 0 0 0 0 1 0 0 0 0 1 0 0 0 0 0 0 0 0
326307 1 0 0 0 0 0 0 0 0 0 0 0 0 0 0 0 0 0
326849 0 0 0 0 0 0 0 0 0 0 0 0 0 0 0 0 0 0
326852 1 1 1 1 1 1 1 1 1 1 1 1 1 1 1 1 1 1
326874 0 0 0 0 0 0 0 0 0 0 0 0 0 0 0 0 0 0
327139 1 1 0 1 1 1 1 1 0 1 1 1 1 1 1 1 1 1
328570 1 1 1 1 1 1 1 1 1 1 1 1 1 1 1 1 1 1
329078 0 0 0 0 0 0 0 0 0 0 0 0 0 0 0 0 0 0
330328 1 0 0 0 0 0 0 0 0 0 0 0 0 0 0 0 0 0
331170 1 1 1 1 1 1 1 1 1 0 0 0 0 0 0 0 0 0
331184 1 1 1 1 1 1 1 1 1 1 1 1 1 1 1 1 1 1
331673 0 0 0 0 0 0 0 0 0 0 0 0 0 0 0 0 0 0
333346 0 0 0 0 0 0 0 0 0 0 0 0 0 0 0 0 0 0
333602 0 0 0 0 0 0 0 0 0 0 0 1 0 0 0 0 0 0
333688 0 0 0 0 0 0 0 0 0 0 0 0 0 0 0 0 0 0
334633 0 0 0 0 0 0 0 0 0 0 0 0 0 0 0 0 0 0
334788 0 0 0 0 0 0 0 0 0 0 0 0 0 0 0 0 0 0
335183 0 0 0 0 0 0 0 0 0 0 0 0 0 0 0 0 0 0
336115 1 0 0 0 0 0 0 0 0 0 0 0 0 0 0 0 1 1
336905 0 0 0 0 0 0 0 0 0 0 0 0 0 0 0 0 0 0
336982 0 0 0 0 0 0 0 0 0 0 1 0 0 0 0 0 0 0
337607 0 0 0 0 0 0 0 0 0 0 0 0 0 0 0 1 0 0
338128 0 0 0 0 0 0 0 0 0 0 0 0 0 0 0 0 0 0
338475 1 1 1 1 1 1 1 1 1 0 0 0 0 0 0 0 1 0
339760 1 1 1 1 1 1 1 1 1 1 1 1 1 1 1 1 0 1
340331 0 0 0 0 0 0 0 0 0 0 0 0 0 0 0 0 0 0
340570 1 1 1 1 1 1 1 1 1 1 1 1 1 1 1 1 1 1
340940 1 1 1 1 1 1 1 1 1 1 1 1 1 1 1 1 1 1
342279 0 0 0 0 0 0 0 0 0 0 0 0 1 0 0 0 0 0
342983 0 0 0 0 0 0 0 0 0 0 0 1 0 0 0 0 0 0
343306 0 0 0 0 0 0 0 0 0 0 0 0 0 0 0 0 0 0
343602 1 1 1 1 1 1 1 1 1 1 1 1 1 1 1 1 1 1
345802 0 0 0 0 0 0 0 0 0 0 0 0 0 1 0 0 0 0
345901 0 0 0 0 0 0 0 0 0 0 0 0 0 0 0 0 0 0
346179 0 0 0 0 0 0 0 0 0 0 0 0 0 0 0 0 0 0
346322 0 0 0 0 0 0 0 0 1 0 0 0 0 0 0 0 1 0
346707 1 1 0 1 1 1 0 1 0 1 1 1 1 1 1 1 1 1
347666 1 1 1 1 1 1 1 1 1 1 1 1 1 1 1 1 1 1
347716 0 0 0 0 0 0 0 0 0 0 0 0 0 0 0 0 0 0
347774 1 1 1 1 1 1 1 1 1 1 1 1 1 1 1 1 1 1
348376 0 0 0 0 0 0 0 0 0 0 0 1 0 0 0 0 0 0
348664 1 1 1 1 1 1 1 1 1 1 1 1 1 1 1 1 1 1
348796 0 0 0 0 0 0 0 0 0 0 0 0 0 0 0 1 0 0
350190 0 0 0 0 0 0 0 0 0 0 0 0 0 0 0 0 0 0
350442 0 0 0 0 0 0 0 0 0 0 0 1 0 0 0 0 0 0
350551 1 1 0 1 0 1 1 1 1 1 1 1 1 1 1 1 1 1
351020 1 1 1 1 1 1 1 1 1 1 1 1 1 1 1 1 0 1
351105 0 0 0 0 1 1 0 0 0 0 0 0 0 0 0 0 0 0
351405 1 1 1 1 1 1 1 1 1 1 1 1 1 1 1 1 1 1
351827 1 1 1 1 1 1 1 1 1 1 1 1 1 1 1 1 0 0
352294 1 1 1 1 1 1 1 1 1 1 1 1 1 1 1 1 1 1
353264 0 0 0 0 0 0 0 1 0 0 1 1 0 0 0 0 0 0
354111 1 1 1 1 1 1 1 1 1 1 1 1 1 1 1 1 1 1
354276 0 0 0 0 0 0 0 0 0 0 0 0 0 0 0 0 0 0
354879 0 0 0 0 0 0 0 0 0 0 0 0 0 0 0 0 0 0
355378 0 0 0 0 0 0 0 0 0 0 0 0 0 0 0 0 0 0
356552 0 0 0 0 0 0 1 0 0 0 0 0 1 0 0 0 0 0
357034 0 0 0 0 0 0 0 0 0 0 0 0 0 0 0 1 0 0
357323 1 1 1 1 1 1 1 1 1 1 1 1 1 1 1 1 1 1
357757 0 0 0 0 0 0 0 0 0 0 0 0 0 0 0 0 0 0
358107 0 0 0 0 0 0 0 0 0 0 0 0 0 0 0 0 0 0
358803 0 0 0 0 0 0 0 0 0 0 0 0 0 0 0 0 0 0
358887 1 1 1 1 1 1 1 1 1 1 1 1 1 1 0 1 1 1
360852 0 0 0 0 0 0 1 0 0 0 0 0 0 0 0 0 0 0
360890 1 1 1 1 1 1 1 1 1 1 1 1 1 0 1 1 1 1
361524 0 1 0 0 0 0 0 0 0 0 0 0 0 0 0 0 0 0
363079 0 0 0 0 0 0 0 0 0 0 0 0 0 0 0 0 0 0
363412 0 0 0 0 0 0 0 1 0 0 0 0 0 0 0 0 0 0
364755 1 1 1 1 0 1 1 1 1 1 1 1 1 1 1 1 1 1
365309 0 0 0 0 0 0 0 0 0 0 0 0 0 0 0 0 0 0
365354 1 1 0 0 0 0 0 0 0 0 0 0 0 0 0 0 0 0
365395 0 0 0 0 0 0 0 0 0 0 1 1 0 0 0 0 0 0
366293 0 0 0 0 0 0 0 0 0 0 0 0 0 0 0 0 0 0
366509 0 0 0 0 0 0 0 0 0 0 0 0 0 0 0 0 0 0
366517 0 0 0 0 0 0 0 0 0 0 0 0 0 0 0 0 0 0
366654 0 0 0 0 0 0 0 0 0 0 0 0 0 0 0 0 0 0
366691 0 0 0 0 0 0 0 0 0 0 0 0 0 0 0 0 0 0
366824 0 0 0 0 0 0 0 0 0 0 0 0 0 0 0 0 0 0
367123 0 0 0 0 0 0 0 0 0 0 0 0 0 0 0 0 0 0
367642 0 0 0 0 0 0 0 0 0 0 0 0 0 0 0 0 0 1
368631 1 0 1 1 1 1 1 1 1 1 1 1 1 1 1 1 1 1
369899 0 0 0 0 0 0 0 0 0 0 0 0 0 1 0 0 0 0
370416 0 0 0 1 0 0 0 0 0 0 0 0 0 0 0 0 0 0
370979 0 0 0 0 0 0 0 0 0 0 0 0 0 0 0 0 0 0
371029 0 0 0 0 0 0 0 0 0 0 0 0 0 0 0 0 0 0
371490 0 0 0 0 0 0 1 0 0 0 0 0 0 0 0 0 0 0
371620 1 1 1 1 1 1 1 1 1 1 1 1 1 1 0 1 1 1
372239 1 1 1 1 1 0 1 1 1 1 1 1 1 1 1 1 1 1
372898 0 0 0 0 0 0 0 0 0 0 0 0 0 0 0 0 0 1
372909 0 1 0 0 0 0 0 0 0 0 0 0 0 0 0 1 0 0
373756 0 0 0 0 0 0 1 0 0 0 0 0 0 0 0 0 0 0
373799 0 0 0 1 0 0 0 0 0 0 0 0 0 0 0 1 0 0
374773 0 0 0 0 0 0 0 0 0 0 0 0 0 0 0 0 1 0
374874 0 0 0 0 0 0 0 0 0 0 0 0 0 0 0 0 0 0
375374 0 0 0 0 0 0 0 1 0 0 0 0 0 0 0 0 0 0
376886 0 0 0 0 0 0 0 1 0 0 0 0 0 0 0 0 0 0
376985 0 0 0 0 0 0 0 0 0 0 0 0 0 0 0 0 0 0
377247 0 0 0 0 0 0 0 0 0 0 0 0 0 0 0 0 0 0
378221 0 0 0 0 0 1 0 0 0 0 0 0 0 0 0 0 0 0
378495 1 1 1 1 1 1 1 1 1 1 1 1 1 1 1 1 1 1
378785 1 0 1 1 1 1 1 1 1 1 1 1 1 1 1 1 1 1
379102 0 0 0 0 1 0 0 0 0 0 0 0 0 0 0 0 0 0
379439 1 1 1 1 1 1 1 0 1 1 1 1 1 1 1 1 1 1
379854 0 0 0 0 0 0 0 0 0 0 0 0 0 0 0 0 0 0
380338 1 0 0 0 0 0 0 0 0 0 0 0 0 0 0 0 0 0
380684 1 1 1 1 1 1 1 1 1 1 1 1 1 1 1 1 0 1
380882 0 0 0 0 0 0 0 0 0 0 0 0 0 0 0 0 0 0
381294 1 1 1 1 1 1 1 1 1 1 1 1 1 1 1 1 1 1
381792 0 0 0 0 0 0 0 0 0 0 0 0 0 0 0 0 0 0
383087 0 0 0 0 0 0 0 0 0 0 0 0 0 0 0 0 0 0
383111 1 1 1 1 1 1 1 1 1 1 1 1 1 1 1 1 1 1
383731 0 0 0 1 0 0 1 0 0 0 0 0 0 0 0 0 0 0
384330 1 0 0 0 0 0 0 1 0 0 0 0 0 0 0 0 0 0
384688 1 1 1 1 1 1 1 1 1 1 1 1 1 1 1 1 0 1
384707 1 0 0 0 0 0 0 0 0 0 0 0 0 0 0 1 0 0
385399 0 1 0 0 0 0 0 0 0 0 0 0 0 0 0 0 0 0
386841 0 0 0 0 0 0 0 1 0 0 0 0 0 0 0 0 0 0
388514 0 0 0 0 0 0 0 0 0 0 0 0 0 0 0 0 0 0
389997 1 1 1 1 1 1 1 1 1 1 1 0 1 0 1 1 1 1
390146 1 1 1 1 1 1 1 1 1 0 0 0 0 0 0 0 0 0
390333 0 0 0 0 0 0 0 0 0 0 0 0 1 0 0 0 0 0
390383 0 0 0 0 0 0 0 0 0 0 0 0 0 0 0 0 0 0
390438 1 1 1 1 1 1 1 1 1 1 1 1 1 1 1 1 1 1
390680 0 0 0 0 0 0 0 0 0 0 0 0 0 1 0 0 0 0
390996 0 0 0 0 0 0 0 0 0 0 0 0 0 0 0 0 0 0
392463 0 0 0 0 0 0 0 0 0 0 0 0 0 0 0 0 0 0
392518 0 1 1 1 1 1 1 1 1 1 1 1 1 1 1 1 1 1
392680 1 1 1 1 1 1 1 1 1 1 1 1 1 1 1 1 1 1
392786 0 0 0 0 0 0 0 0 0 0 0 0 0 0 0 0 0 0
393031 0 0 0 0 1 0 0 0 0 0 0 0 0 0 0 0 1 0
394703 1 0 0 0 0 0 0 0 0 0 0 0 0 0 0 0 0 0
394879 1 1 1 1 1 1 1 1 1 1 1 1 1 1 1 1 1 1
394886 0 0 0 0 0 0 0 0 0 0 0 0 0 0 0 0 0 0
396502 0 0 0 0 1 0 0 0 0 0 0 0 0 0 0 0 0 0
396936 1 1 1 1 1 1 1 1 1 1 1 0 1 1 1 1 1 1
397202 0 0 0 0 0 0 0 0 0 0 0 0 0 0 0 0 0 0
397827 1 1 1 1 0 1 1 1 1 1 1 1 1 1 1 1 1 1
398644 1 1 1 1 1 1 1 1 1 0 0 1 0 1 1 1 1 1
399006 1 1 1 1 1 1 1 1 1 1 1 1 1 1 1 1 1 1
399173 1 1 0 0 0 0 0 0 0 0 0 0 0 0 0 0 0 0
399572 0 0 0 0 0 0 0 0 0 0 0 0 0 0 0 0 0 0
399824 1 0 1 1 1 1 1 1 1 1 1 1 1 1 1 1 1 1
400256 0 0 0 0 0 1 0 0 0 0 0 0 0 1 0 0 0 0
400446 0 0 0 0 0 0 0 0 0 0 0 0 0 0 1 0 0 0
400823 0 0 0 0 0 1 0 0 0 0 0 0 0 0 0 0 0 0
401268 0 0 0 0 0 0 0 0 0 0 0 0 0 0 0 0 0 0
401449 0 0 0 0 0 0 0 0 0 0 0 0 0 0 0 0 0 0
401615 1 0 0 0 0 0 0 0 0 0 0 0 0 0 0 0 0 0
401798 1 0 0 0 0 0 0 0 0 0 0 0 1 0 0 0 0 0
402379 0 0 0 0 0 0 0 0 0 0 0 0 0 0 0 0 0 0
403034 0 0 0 0 0 1 0 1 0 0 0 0 0 0 0 0 0 0
404948 0 0 0 0 0 0 0 0 0 0 0 0 0 0 0 0 0 0
405609 0 0 0 0 0 0 0 0 0 0 0 0 0 0 0 0 0 0
407014 1 0 1 1 1 1 1 1 1 1 1 1 1 1 1 1 1 1
407300 1 1 1 1 1 1 1 1 1 1 0 1 1 1 1 1 1 1
407401 1 1 1 1 1 1 1 1 1 0 0 0 0 0 0 0 0 0
407566 0 0 0 0 0 0 0 0 0 0 0 0 0 0 0 0 0 0
408212 1 1 1 1 1 1 1 1 1 1 1 1 1 1 1 1 1 1
408890 1 1 0 1 1 1 1 1 1 0 0 0 0 0 0 0 0 0
409356 0 0 0 0 0 0 0 0 0 0 0 0 0 1 0 0 0 0
409840 0 0 0 0 0 0 0 0 0 0 0 0 0 0 0 0 0 0
410605 0 0 0 0 0 0 0 0 0 0 1 0 0 0 0 0 0 0
410695 1 1 1 1 1 1 1 1 1 1 1 1 1 1 1 1 1 1
411849 1 1 1 1 1 1 1 1 1 0 0 0 0 0 0 0 0 0
412163 1 0 0 0 0 0 0 0 0 0 0 0 0 0 0 0 0 0
412348 1 0 0 1 1 1 1 0 1 1 1 1 1 1 1 1 1 1
412976 1 1 1 1 1 1 1 0 1 0 1 1 1 1 1 1 1 1
413512 0 0 0 1 0 0 0 0 0 0 0 0 1 0 0 0 0 0
414104 0 1 0 0 0 1 0 0 0 0 1 0 0 1 0 0 0 0
414657 0 0 0 0 0 0 0 0 0 0 0 0 0 0 0 0 0 0
414771 0 0 0 0 1 0 1 0 0 0 0 0 0 0 0 0 0 0
415742 1 1 1 1 1 1 1 1 1 1 1 1 1 1 1 1 1 1
416162 0 0 0 0 0 0 0 0 0 0 0 0 0 0 0 0 0 0
417198 0 0 0 0 0 0 0 0 0 0 0 0 0 0 0 0 0 0
417521 0 0 0 0 0 0 0 0 0 0 0 0 0 0 0 0 0 0
417663 0 0 0 0 0 0 0 0 0 0 0 0 0 0 0 0 0 0
418177 1 0 1 0 0 0 0 0 1 0 0 0 0 0 0 0 0 0
418521 1 1 1 1 1 1 1 1 1 0 0 0 0 0 0 0 0 0
418859 0 0 0 0 0 0 0 0 0 0 1 0 0 0 0 0 0 0
419566 1 0 0 0 0 0 0 0 1 0 0 0 0 0 0 0 0 0
419862 0 0 0 0 0 0 0 0 0 0 0 0 1 0 0 0 0 1
419926 1 1 1 1 1 0 1 0 1 1 1 1 1 1 1 1 1 1
420643 0 0 0 0 0 1 0 0 0 0 0 0 0 0 0 1 0 0
421169 0 0 0 0 0 0 0 0 0 0 0 0 0 0 0 0 0 0
421322 0 0 0 0 0 0 0 0 0 0 0 0 0 0 0 0 0 0
422289 0 0 0 0 0 0 0 0 0 0 0 0 0 0 0 0 0 0
423198 0 0 0 0 0 0 1 0 0 0 0 1 0 0 0 0 0 0
423306 0 0 0 0 0 0 0 0 0 0 0 0 0 0 0 0 0 0
423591 1 0 1 1 1 1 1 1 1 1 1 1 1 1 1 1 1 1
423864 0 0 0 0 0 0 0 0 0 0 0 0 0 0 0 0 1 0
424074 1 1 0 1 1 1 1 1 1 1 1 1 1 1 1 1 1 1
424948 1 1 1 1 1 1 1 1 1 1 1 1 1 1 1 1 1 1
425538 0 0 0 0 0 0 0 0 0 0 0 0 0 0 0 0 0 0
425548 0 0 0 0 0 0 0 0 0 0 0 0 1 0 0 0 0 0
426084 0 0 0 0 0 0 0 0 0 0 0 0 0 0 0 0 0 0
426835 0 0 0 0 0 0 0 0 0 0 0 0 0 0 0 0 0 0
427507 0 0 0 0 1 0 0 0 0 0 0 0 0 0 0 0 0 0
427671 1 1 0 1 1 0 0 0 1 1 1 1 1 1 1 1 1 1
428277 1 1 1 1 1 1 1 1 1 1 1 0 1 1 1 1 1 1
428543 1 1 1 1 0 1 1 1 1 1 1 1 1 0 1 0 1 0
428737 0 0 0 0 0 0 0 0 0 0 0 0 0 0 0 0 0 0
428993 0 0 0 1 0 0 0 0 0 0 0 0 0 0 0 0 1 0
429708 0 0 0 0 0 0 0 0 0 0 0 0 0 0 0 0 0 0
430159 0 0 0 0 0 0 0 0 0 0 0 0 0 0 0 0 0 0
430314 0 1 0 0 0 0 0 0 0 0 0 0 0 0 0 0 0 0
431076 1 1 1 1 1 1 1 1 1 1 1 1 1 1 1 1 1 1
431210 0 0 0 0 0 0 0 0 0 0 0 0 0 0 0 0 0 0
432229 0 0 0 0 0 0 1 0 0 0 0 0 0 0 0 0 0 0
433190 0 1 0 0 0 0 0 0 0 0 0 0 0 0 0 0 0 0
433362 0 0 0 0 0 0 0 0 0 0 0 0 0 0 0 0 0 0
434010 0 0 0 0 0 0 0 0 0 1 0 0 0 0 0 0 0 0
434715 1 1 1 1 1 1 1 1 1 1 1 1 1 1 1 1 1 1
434830 0 0 0 0 0 0 0 0 0 0 0 0 0 0 0 0 0 0
434917 1 1 1 1 1 1 1 1 1 1 1 1 1 1 1 1 1 0
435295 1 1 1 1 1 1 1 1 1 1 1 1 1 1 1 1 1 1
435398 0 0 0 0 0 0 0 0 0 0 0 0 0 0 0 0 0 0
436671 1 0 0 0 0 0 1 0 0 1 0 0 0 0 0 0 0 0
436894 1 1 1 1 1 1 1 1 1 1 1 1 1 1 1 1 1 1
437689 1 1 1 1 1 0 1 1 1 1 1 1 1 1 1 1 1 1
437872 0 0 0 0 0 0 0 0 0 0 0 0 0 0 0 0 0 0
437941 1 1 1 1 1 1 1 0 1 1 1 1 1 1 1 1 1 1
438641 0 0 0 0 0 0 0 1 0 0 0 0 0 0 0 0 0 0
438643 0 0 0 0 0 0 0 0 0 0 0 0 0 0 0 0 0 1
439577 0 0 0 0 0 0 0 0 0 0 0 0 1 0 1 0 0 0
440729 0 1 1 1 1 1 1 1 1 1 1 1 1 1 1 1 1 1
440745 0 0 0 0 0 0 0 0 0 0 0 0 0 0 1 0 0 0
440865 1 1 1 1 1 1 1 1 1 1 1 1 1 1 1 1 1 1
440989 0 0 0 0 0 1 0 0 0 0 0 0 0 1 0 0 0 0
441252 1 1 1 1 1 1 0 1 1 0 0 0 0 0 0 0 0 0
441533 0 0 0 0 0 0 0 0 0 0 0 0 0 0 0 0 0 0
442025 1 1 1 1 0 1 1 1 1 1 1 1 1 1 1 1 1 1
443332 0 0 0 0 0 0 0 0 0 0 0 0 1 0 0 0 0 0
443731 0 0 0 0 0 0 0 0 0 0 0 0 0 0 0 0 0 0
444456 0 1 0 0 0 0 0 0 0 0 0 0 0 0 0 0 0 0
444520 1 1 1 1 0 1 1 1 1 0 0 0 0 0 0 0 0 0
445274 0 0 0 0 0 0 0 0 0 0 0 0 0 0 0 0 0 0
446298 0 0 0 1 0 0 0 0 0 0 0 0 0 0 0 0 0 0
446414 0 0 0 0 0 0 0 0 0 0 1 0 0 0 0 0 0 0
447224 1 1 0 0 0 0 0 0 0 0 0 0 0 0 0 0 0 0
447487 1 1 1 1 1 1 1 1 1 1 1 1 1 1 1 1 1 1
447892 0 0 0 0 0 0 0 0 0 0 0 0 0 0 0 0 0 0
448214 0 0 0 0 0 0 0 0 0 0 0 0 0 0 0 0 0 0
448649 0 0 0 0 0 1 0 0 0 0 0 1 0 0 0 0 0 0
449361 0 0 0 0 0 1 0 0 0 0 0 0 0 0 0 0 0 0
449928 0 0 0 0 0 0 0 0 0 0 0 0 0 0 0 0 0 0
449985 0 0 0 0 0 0 0 0 0 0 0 0 0 0 1 0 0 0
450500 1 1 1 1 1 1 1 0 1 1 1 1 1 1 1 1 1 1
451488 0 0 0 0 0 0 0 0 0 0 0 0 0 0 0 0 0 0
451582 1 1 1 1 1 1 1 1 1 1 1 1 1 1 1 1 1 1
451931 0 0 1 0 1 0 0 0 0 0 0 0 0 0 0 0 0 0
452208 0 0 0 0 0 0 0 0 0 0 0 0 0 0 0 0 0 0
453326 1 1 1 1 1 1 1 1 1 1 0 0 0 0 0 0 0 0
453375 1 1 1 1 1 1 1 1 1 1 1 1 1 0 1 1 1 1
453437 1 1 1 1 1 1 1 0 1 1 0 1 1 0 1 1 1 1
455309 1 1 1 0 1 1 1 1 1 1 1 1 1 1 1 1 1 1
455520 0 0 0 0 0 0 0 1 0 0 0 0 0 0 0 0 0 0
455588 1 1 1 1 1 1 1 1 1 1 1 1 0 1 1 1 1 1
456757 0 0 0 0 0 0 0 0 0 0 0 0 0 0 0 0 0 0
457506 0 0 0 0 0 1 0 0 0 0 0 0 0 0 0 0 0 0
458156 0 0 0 0 1 0 0 0 0 0 0 0 0 0 0 0 0 0
458888 1 1 1 1 1 1 1 1 1 1 1 1 0 1 1 1 1 1
458993 0 0 0 0 0 0 0 0 0 0 0 0 0 0 0 0 0 0
460073 0 0 0 0 0 0 0 0 0 0 0 0 1 0 0 0 0 0
460644 1 1 1 1 1 1 1 1 1 0 0 0 0 0 0 1 0 0
461141 1 0 1 1 1 1 1 1 0 1 1 1 1 1 1 0 1 1
462210 0 0 0 0 0 0 0 0 0 0 0 0 0 0 0 0 0 0
462922 0 0 0 0 1 0 0 0 0 0 0 0 0 0 0 0 0 0
463139 1 1 1 1 1 1 1 1 1 1 1 1 1 1 1 1 1 1
463500 1 1 1 1 1 1 1 1 0 1 1 1 1 1 1 1 1 1
463662 0 0 0 1 0 0 0 0 0 0 0 0 1 0 1 0 0 0
466304 1 1 1 1 1 1 1 1 1 1 1 1 1 1 1 1 1 1
466454 0 0 0 0 0 1 0 0 0 0 0 0 0 0 0 0 0 0
466832 1 1 1 1 1 1 1 1 1 1 1 1 1 1 1 1 1 1
468534 0 0 0 0 0 0 0 1 0 0 0 0 0 0 0 0 0 1
469419 0 0 0 0 0 0 0 0 0 0 0 0 0 0 0 0 0 0
469463 0 0 0 0 0 0 0 0 0 0 0 0 0 1 0 0 0 0
470004 1 0 0 0 0 0 0 0 0 0 0 0 0 0 0 0 0 0
470620 0 0 0 0 0 0 0 0 0 0 0 0 0 0 0 0 0 0
471336 0 0 0 0 0 1 0 0 0 0 0 0 0 0 0 0 0 0
471583 1 1 1 1 1 1 1 1 1 1 1 1 1 1 1 1 1 1
471620 1 1 1 1 1 1 1 1 1 1 1 1 1 0 1 1 1 1
472011 0 0 0 0 0 0 0 0 0 0 0 0 0 0 0 0 0 0
472190 1 0 0 0 0 0 0 0 1 0 0 0 0 0 0 0 0 0
472444 1 1 1 1 1 1 1 1 1 1 1 1 1 1 1 0 1 1
473001 0 0 0 0 1 0 0 1 0 0 0 0 0 0 0 0 0 0
475566 1 1 1 1 1 1 1 1 1 0 1 1 1 1 1 1 1 1
475666 0 0 0 0 0 0 0 0 0 0 0 0 0 0 0 0 0 0
476448 0 0 0 0 0 0 0 0 0 0 1 0 0 0 0 0 0 0
478024 0 0 0 0 0 0 0 0 0 0 0 0 0 0 1 0 0 0
478676 0 0 0 0 0 0 0 0 0 0 0 0 0 0 0 0 0 0
478992 1 1 1 1 1 1 1 1 1 0 1 1 1 1 1 1 1 1
480619 1 1 1 1 1 1 1 1 1 1 1 1 1 1 1 0 1 1
480831 0 0 0 0 0 0 0 0 0 0 0 0 0 0 0 0 0 0
481513 0 0 0 0 0 0 0 0 0 1 0 0 0 0 0 0 0 0
482373 1 1 1 1 1 1 1 1 0 1 1 1 1 1 1 1 1 1
482584 0 0 0 0 0 1 0 0 0 0 0 0 0 0 0 0 0 1
482982 1 1 1 1 1 1 1 1 1 0 1 1 1 1 1 1 1 1
482986 0 0 0 0 0 0 0 0 0 0 0 0 0 0 0 0 0 0
482991 1 1 1 1 1 1 1 1 1 1 1 1 1 1 1 0 1 1
483647 1 1 1 1 1 1 0 1 1 1 1 1 1 1 1 1 1 1
484501 0 0 0 0 0 0 0 0 0 0 0 0 0 0 0 0 0 0
484561 0 0 0 0 0 0 0 0 0 0 1 0 1 0 0 0 0 0
484750 1 1 0 1 1 1 1 1 1 0 0 0 1 0 0 0 0 0
485080 0 0 0 0 0 1 0 0 0 0 0 0 0 0 0 0 0 0
485254 1 1 1 1 1 1 1 1 1 1 1 1 1 1 1 1 1 1
486332 1 1 0 1 1 1 0 1 1 1 0 1 0 1 1 1 1 1
489239 1 1 1 1 1 1 1 0 1 1 1 1 1 1 1 1 1 1
489905 0 0 0 0 0 0 1 0 0 0 0 0 0 0 0 0 0 0
490115 1 1 1 1 1 1 1 1 1 1 1 1 1 1 1 1 1 1
490624 0 0 0 0 0 0 0 0 0 0 0 0 0 0 0 0 0 0
490853 0 0 1 0 1 0 0 0 0 0 0 0 0 0 0 0 0 0
491430 0 0 0 0 0 0 0 0 0 0 0 0 0 0 0 0 0 0
491667 0 0 0 0 0 0 0 0 0 0 0 0 0 0 0 0 0 0
492227 0 0 0 0 0 0 0 0 0 0 0 0 0 0 0 0 0 0
492555 1 1 1 1 1 1 1 1 1 1 1 1 1 1 1 1 1 1
494020 0 0 0 0 0 0 0 0 0 0 0 0 0 0 0 1 1 0
494286 1 1 0 1 1 1 1 1 1 1 1 0 0 1 1 1 1 1
494409 0 0 0 0 0 1 0 0 0 0 0 0 0 0 0 0 0 0
495195 1 0 1 1 1 1 0 1 1 1 1 1 1 1 1 0 1 1
495476 0 1 0 0 0 0 0 0 0 0 0 0 0 0 0 0 0 0
496127 0 0 0 0 0 0 0 0 0 0 0 0 0 0 0 0 0 0
496148 0 0 0 0 0 0 0 0 0 0 0 0 0 0 0 0 0 0
496201 0 0 0 0 0 0 0 0 0 0 0 0 0 0 0 0 0 0
497867 0 0 0 0 0 0 0 0 0 0 0 0 0 0 0 0 0 0
498764 0 0 0 0 0 0 0 0 0 0 0 0 1 0 0 0 0 0
499583 0 0 0 0 0 0 0 0 0 0 0 0 0 0 0 0 0 0
499709 0 0 0 0 0 0 0 0 0 0 0 0 0 0 0 0 0 0
500473 0 0 0 0 0 0 0 0 0 0 0 0 0 0 0 0 0 0
501043 1 1 1 0 1 1 1 1 1 1 1 1 1 1 1 1 1 1
501167 0 0 0 0 0 0 0 0 0 0 0 0 0 0 0 0 0 0
501204 0 1 0 0 0 0 0 0 0 0 0 0 0 0 0 0 0 0
501544 0 0 0 0 0 0 0 0 0 0 0 0 0 0 0 0 0 0
502212 0 0 0 0 0 0 0 0 0 0 0 0 0 0 0 0 0 0
502904 0 0 1 0 0 0 0 0 0 0 0 0 0 0 0 0 0 0
503684 0 0 0 0 0 0 0 0 0 0 1 0 0 0 0 0 0 0
503909 1 1 1 1 1 1 1 1 1 1 1 1 1 1 1 1 1 1
504199 0 0 0 0 0 0 0 0 0 0 0 0 0 0 0 0 1 0
504221 0 0 0 0 1 0 0 0 0 0 0 0 0 0 0 0 0 1
504412 0 0 0 0 0 0 0 0 0 0 0 0 1 0 0 0 0 0
504513 0 1 1 1 1 1 1 1 0 1 1 1 1 1 1 1 1 1
504784 0 0 0 0 0 0 0 0 0 1 0 0 1 0 0 0 0 0
505613 1 1 0 0 1 1 0 1 0 0 1 0 0 0 0 0 0 0
505814 1 1 1 1 1 1 1 1 1 1 1 1 1 1 1 1 1 1
505914 1 1 1 1 1 1 1 1 1 0 0 0 0 0 1 0 0 0
506046 0 1 0 0 0 0 0 0 0 0 0 0 0 0 0 0 0 0
507217 0 0 0 0 0 0 0 0 0 0 0 0 0 0 0 0 0 0
507975 1 1 1 1 1 1 1 1 1 1 1 0 1 1 1 1 1 1
508516 1 1 1 1 1 1 1 1 1 1 1 1 1 1 1 1 1 0
511278 0 0 0 0 1 0 0 0 0 0 0 0 0 0 0 0 0 1
511689 0 0 0 0 0 0 0 0 0 0 0 0 0 0 0 0 0 0
512055 1 1 1 1 1 1 1 1 1 1 1 1 1 1 1 1 0 1
512729 0 0 0 0 1 0 0 0 0 0 0 0 0 0 0 0 0 0
514884 0 0 0 0 0 0 0 0 0 0 0 0 0 0 0 0 0 0
515526 1 1 1 1 1 0 0 1 1 1 1 1 1 1 1 1 1 1
516259 0 0 0 0 0 0 0 0 0 0 0 0 0 0 0 0 0 0
516354 1 1 1 1 1 1 1 1 1 1 1 1 1 1 1 1 1 0
517559 0 1 1 1 1 1 1 1 1 1 1 0 1 1 1 1 1 1
518306 0 0 0 0 0 0 0 0 0 0 0 0 0 0 0 0 0 0
518323 1 1 1 0 1 1 1 1 1 0 0 0 0 0 0 0 0 0
518791 1 1 1 1 1 0 1 1 1 1 1 1 1 1 1 1 1 1
518982 0 1 0 1 1 1 1 1 0 1 0 1 1 1 1 1 1 1
519197 1 0 0 0 0 0 0 0 0 0 0 0 0 0 0 1 0 0
519271 1 1 1 1 1 1 1 1 1 1 1 1 1 1 1 1 1 1
519686 0 0 0 0 0 0 0 0 0 0 0 0 0 1 0 0 0 0
520048 1 1 1 1 1 1 1 1 1 1 1 1 1 1 1 1 1 1
520574 1 1 1 1 1 1 1 1 1 0 0 0 0 0 0 0 0 0
521655 0 0 0 0 0 1 0 0 0 0 0 0 0 0 0 0 0 0
521723 1 1 1 1 1 1 1 1 1 1 1 1 1 1 1 1 1 1
522219 1 1 1 1 1 1 1 0 1 1 1 1 1 1 1 1 1 1
522378 0 0 0 0 0 0 0 0 0 0 0 0 0 0 1 0 0 0
523046 0 0 1 0 0 0 0 0 0 0 0 0 0 0 0 0 0 0
523267 1 1 1 1 1 0 1 1 1 1 1 1 0 1 1 1 1 0
523525 1 1 1 1 1 1 0 1 1 1 1 1 1 1 1 1 0 1
524460 1 1 1 1 1 1 1 1 1 1 1 1 1 1 1 1 1 1
524866 0 0 0 0 0 0 0 0 0 0 0 0 0 0 0 0 0 0
526095 0 0 0 1 0 0 0 0 0 0 0 0 0 0 0 0 0 0
526608 1 0 0 0 0 1 0 0 0 0 0 0 0 0 0 0 0 0
526801 0 0 1 0 1 0 0 0 0 0 0 0 0 0 0 0 0 0
526811 0 0 0 0 0 0 0 1 0 0 0 0 1 0 0 0 0 0
527570 0 1 0 0 0 0 0 0 0 0 0 0 0 0 0 0 0 0
527680 1 1 1 1 1 1 1 1 1 1 1 1 1 1 1 1 1 1
527792 0 0 0 0 0 0 0 0 0 1 0 0 0 0 0 1 0 0
527948 1 1 1 1 1 1 1 1 1 0 0 0 0 0 0 0 0 0
528346 0 0 0 0 0 0 0 0 0 0 0 0 0 0 0 0 0 0
528695 0 1 0 0 0 0 0 0 0 0 0 0 0 0 0 0 0 0
529057 1 1 1 0 1 1 1 1 1 1 1 1 1 1 1 1 1 1
529516 0 0 0 0 0 0 0 0 0 0 0 0 0 0 0 0 0 0
529823 1 1 1 1 0 1 1 1 1 1 1 1 1 0 1 1 1 1
530304 1 1 1 1 1 1 1 0 1 1 1 0 1 1 1 1 1 1
530647 0 0 0 0 0 0 0 0 0 0 0 0 0 0 0 0 0 0
530846 1 1 1 1 0 1 0 1 1 1 1 0 1 1 1 1 1 1
531024 0 0 0 0 0 0 0 0 0 0 0 0 0 0 0 0 0 0
531201 0 0 0 0 0 0 0 0 0 0 0 0 0 0 0 0 0 0
534435 0 0 0 0 0 0 0 0 0 0 0 0 0 0 0 0 0 0
535477 0 0 0 0 0 0 0 0 0 0 0 0 0 0 0 0 0 0
535762 0 0 0 0 1 0 0 0 0 0 0 0 0 0 0 0 0 0
536296 1 1 1 1 1 1 1 1 1 1 1 1 0 1 1 1 1 1
536302 0 0 0 0 0 0 0 0 0 0 0 0 0 0 0 0 0 0
536482 0 0 0 1 0 0 0 0 0 0 0 0 0 0 0 0 0 0
537720 0 0 0 0 0 0 0 0 0 0 0 0 0 1 0 0 0 0
539156 1 1 1 1 1 1 1 1 1 1 1 1 1 1 1 1 1 1
539292 0 0 0 0 0 0 0 0 0 1 0 0 0 0 0 0 0 0
539353 1 1 1 1 1 1 1 1 1 1 1 1 1 1 1 1 1 1
539578 1 1 1 1 0 1 1 1 1 1 1 1 1 1 1 1 1 1
539948 1 1 1 1 1 1 1 1 1 0 0 0 0 0 0 0 0 0
540443 0 0 0 0 0 1 0 0 0 1 0 0 0 0 0 0 0 0
540798 1 1 1 1 1 1 1 1 1 1 1 1 1 1 1 1 1 1
540836 1 1 1 1 1 1 1 1 1 1 1 1 1 1 1 1 1 1
540846 0 0 0 0 0 0 0 0 0 0 0 0 0 0 0 0 0 0
541122 0 0 0 0 0 0 0 0 0 0 0 0 0 0 0 0 0 0
541690 0 0 1 0 0 0 0 0 1 0 0 0 0 0 0 0 0 0
541918 0 0 0 0 0 0 0 0 0 0 0 0 0 0 0 0 0 0
542633 0 0 0 0 1 1 0 0 0 0 0 0 0 0 0 0 0 0
543463 1 1 1 1 0 1 1 1 1 1 1 1 1 1 1 1 1 1
543516 0 0 0 0 0 0 0 0 1 0 0 0 1 0 0 1 0 0
543550 0 0 0 0 0 0 0 0 0 0 0 0 0 0 0 0 0 0
543565 1 1 1 1 1 1 1 0 1 1 1 1 1 1 1 1 1 1
543979 1 1 1 1 1 1 1 1 1 0 1 1 1 1 1 1 1 1
544242 0 0 0 0 0 0 0 0 0 0 0 1 0 0 0 0 0 0
548391 0 0 0 0 0 0 0 0 0 0 0 0 0 0 0 0 0 0
548482 1 1 1 1 1 1 1 1 1 0 0 0 1 0 1 0 0 0
