278 0 0 0 0 0 0 0 0 0 0 0 0 1 0 0 0 0
1822 0 0 0 1 1 1 1 1 1 1 1 1 1 1 1 1 1
2411 0 0 0 0 0 0 0 0 0 0 0 0 0 0 0 0 0
2486 0 0 0 0 0 0 1 0 0 0 0 0 0 0 0 0 0
3670 1 1 0 1 0 0 0 0 0 0 0 0 0 1 0 0 0
4328 0 0 0 0 0 0 0 0 0 0 0 1 0 0 0 0 0
4645 0 0 1 1 1 1 1 1 1 1 1 1 1 1 1 1 1
7001 0 0 1 1 1 1 1 1 1 1 1 1 1 1 1 1 1
8922 0 0 0 0 0 0 0 0 0 1 0 0 0 0 0 0 1
9649 0 0 0 0 0 0 0 0 1 0 0 0 0 0 0 0 0
10064 0 0 0 0 0 0 0 0 0 0 0 0 0 1 0 0 0
10384 0 0 0 0 0 0 0 0 0 0 0 0 0 0 0 0 0
12604 0 0 0 0 1 0 0 0 0 0 0 0 0 0 0 0 0
12959 0 0 0 0 0 0 0 0 0 0 0 0 0 0 0 0 0
13248 1 1 0 0 0 0 0 0 0 0 0 0 0 0 0 0 0
13768 0 0 0 0 0 0 0 0 0 0 0 1 0 0 0 1 0
14686 0 0 0 0 0 0 0 0 0 0 0 0 0 0 0 0 0
15289 0 0 0 0 0 0 0 0 0 0 0 0 0 0 0 0 0
17023 0 0 0 0 1 0 0 0 0 0 0 0 0 1 0 1 0
17716 0 0 1 0 1 1 0 1 1 1 1 1 0 0 1 1 1
18041 0 0 0 0 0 0 0 0 0 0 0 0 0 0 0 0 0
19509 0 0 0 0 0 0 0 0 0 0 0 0 0 0 0 0 0
19999 0 0 0 0 0 0 0 0 0 0 1 0 0 0 0 0 0
21628 0 0 0 0 0 0 0 1 0 0 0 0 0 0 0 0 0
21786 0 0 0 0 1 0 0 0 0 0 0 1 0 0 0 0 0
21823 1 0 0 0 0 0 0 0 0 0 0 0 0 0 0 0 0
22699 0 0 0 0 0 0 0 0 0 0 0 0 0 0 0 0 0
24451 0 0 0 0 0 0 0 0 0 0 0 0 0 0 0 0 0
25009 0 0 0 0 0 0 0 0 0 0 0 0 0 0 0 0 0
25094 1 1 0 0 0 0 0 0 0 0 0 0 0 0 0 0 0
29098 0 0 0 0 0 0 0 0 0 0 0 0 0 0 0 1 0
29354 1 0 0 0 0 0 0 0 0 0 0 0 0 0 0 0 0
29516 0 0 0 1 1 1 1 1 1 1 1 1 1 0 0 1 1
29563 1 1 0 0 0 0 0 0 0 0 0 0 0 0 0 0 0
29586 1 1 0 1 0 0 0 0 0 0 0 0 0 0 0 0 0
30012 1 1 0 0 0 0 0 0 0 0 0 0 0 0 0 0 0
30093 0 0 0 0 0 0 0 0 1 0 0 1 0 0 0 0 0
30398 0 0 0 0 0 0 0 1 0 0 0 0 0 0 0 0 0
30597 0 0 1 0 0 0 0 1 0 0 0 0 0 0 0 0 0
30688 0 0 0 0 0 0 0 0 0 0 0 0 0 0 0 0 0
30690 0 0 0 0 0 0 0 0 0 0 0 0 0 0 0 0 0
30962 0 0 0 0 0 1 0 0 0 0 0 0 0 0 0 0 0
31185 0 0 1 0 0 0 0 0 0 0 0 0 0 0 0 0 0
33251 0 1 0 0 0 0 0 0 0 0 0 0 0 0 0 0 0
33563 1 0 0 0 0 0 0 0 0 0 0 0 0 0 0 0 0
33710 0 0 0 0 0 0 0 0 0 0 0 0 0 1 0 0 0
33799 1 1 0 0 0 0 0 0 0 0 0 0 0 0 0 0 0
34895 0 0 0 0 0 0 0 0 0 0 0 0 0 0 0 0 0
35067 0 0 0 0 0 0 0 0 0 0 0 0 0 0 0 0 0
35073 0 0 0 0 0 0 0 0 0 0 0 0 0 0 0 0 0
35308 0 0 0 0 0 0 0 0 0 0 0 0 0 0 0 0 1
37375 0 0 0 0 0 0 0 0 0 0 0 0 0 0 0 0 0
38265 0 0 0 0 0 0 0 0 0 0 0 0 0 0 0 0 0
38671 0 0 0 0 0 0 0 0 0 0 0 0 0 0 0 0 1
40019 0 0 0 0 0 0 0 0 0 0 0 0 0 0 0 0 0
42473 0 0 0 0 0 0 0 1 0 0 0 0 0 0 0 0 0
43379 0 0 0 0 0 0 0 0 0 0 0 0 0 0 0 0 0
43617 0 0 0 0 0 0 0 0 0 0 0 0 0 0 0 0 0
45362 0 0 0 0 0 0 0 0 0 0 0 0 0 0 0 0 0
45561 0 0 0 0 0 0 1 0 1 0 1 0 0 0 0 0 0
45782 1 0 1 0 0 0 0 0 0 0 0 0 0 0 0 0 0
46091 0 0 0 0 0 0 0 0 0 0 0 0 0 0 0 0 0
46279 0 0 0 0 0 0 0 1 0 0 0 0 0 1 0 0 0
46508 0 0 0 0 0 0 0 0 0 0 0 0 0 0 0 0 0
46639 0 0 0 0 0 0 0 0 1 0 0 0 0 0 0 0 0
46774 0 0 1 1 1 1 1 1 1 1 1 1 1 1 1 1 1
47682 0 0 1 1 1 1 1 1 1 1 1 1 1 1 1 1 1
47750 0 0 1 1 1 1 1 1 1 1 1 1 1 1 1 1 1
47912 0 0 0 0 0 0 0 0 0 0 0 0 0 0 0 0 0
48542 1 1 0 0 0 0 0 0 0 0 0 0 0 0 0 0 0
49299 1 1 1 0 0 0 0 0 0 0 0 0 0 0 0 1 0
49424 0 0 0 0 0 0 0 0 1 0 1 0 0 0 0 0 1
50999 1 0 0 0 0 0 0 0 0 0 0 0 0 0 0 1 1
51078 0 0 0 0 0 0 0 0 0 0 0 0 0 0 0 0 0
51157 0 0 0 0 0 0 0 0 0 0 0 0 0 0 0 0 0
51619 0 0 0 0 1 1 0 1 1 1 1 1 1 1 1 1 1
51902 0 0 0 0 0 0 0 0 0 0 0 0 1 0 0 0 0
52500 0 0 0 1 0 0 0 0 1 0 0 0 0 0 0 0 0
52511 0 0 1 0 0 0 0 0 0 0 0 0 0 0 0 0 0
52785 0 0 0 0 1 0 0 0 0 0 0 0 1 0 0 0 0
52944 0 0 1 1 1 1 1 1 1 1 1 1 1 1 1 1 1
54635 0 0 0 0 0 0 0 0 0 0 0 0 0 0 0 0 0
54908 0 0 1 0 0 0 0 0 0 0 0 0 1 0 0 0 0
54949 0 0 0 1 0 0 0 0 0 0 0 0 0 0 0 0 0
55637 0 0 0 0 0 0 0 0 0 0 0 0 0 0 0 0 0
55665 0 0 0 0 0 0 0 0 0 0 0 0 0 0 0 0 0
57383 0 0 0 0 0 0 0 0 0 0 0 0 0 0 0 0 0
58915 0 0 0 0 0 0 1 0 0 0 0 0 0 0 0 0 1
59285 0 0 0 0 0 0 1 0 0 0 0 0 0 0 0 0 0
59532 0 0 0 0 0 0 0 0 0 0 1 0 0 0 0 0 0
59613 0 0 0 0 0 0 0 0 0 0 0 0 0 0 0 0 1
59759 0 0 0 0 0 0 0 1 0 1 0 0 0 0 0 1 0
59912 0 0 1 0 0 0 0 0 0 0 0 0 0 0 0 0 0
60211 0 0 0 0 0 0 0 0 0 0 0 0 1 0 0 0 0
60627 0 0 0 0 0 0 0 0 0 0 0 0 0 0 0 0 0
61963 0 0 0 0 0 0 0 0 0 0 0 0 0 0 0 1 0
62163 0 0 0 0 0 0 0 0 0 0 0 1 0 0 0 0 0
64826 0 0 0 0 0 0 0 0 0 0 0 0 0 0 0 0 0
64879 0 0 0 0 0 0 0 0 0 0 0 0 0 0 0 0 0
65124 0 0 0 0 0 0 0 0 0 0 0 0 0 0 0 0 0
65581 0 1 0 0 0 0 0 0 0 0 0 1 0 1 0 0 0
67016 0 0 0 0 0 0 0 0 0 0 0 0 0 0 0 0 0
67407 0 0 0 0 0 0 0 0 0 0 0 0 0 0 0 0 0
67572 0 0 0 0 0 0 0 0 0 0 0 0 0 0 0 0 0
67608 0 0 1 1 1 1 1 1 1 1 1 1 1 1 1 1 1
67802 0 0 0 0 0 0 0 0 0 0 0 0 0 0 0 0 0
68495 0 0 0 0 0 0 0 0 0 0 0 0 0 0 0 0 0
69201 0 1 0 0 0 0 0 0 0 0 1 0 1 0 0 0 0
70522 0 1 0 0 0 0 0 0 0 0 1 0 0 0 0 0 0
71187 0 0 0 0 0 0 0 0 0 1 0 0 0 0 0 0 0
72043 0 0 0 0 0 0 0 0 0 0 0 0 1 0 0 0 0
72662 0 0 0 0 0 0 0 0 0 0 0 0 0 0 0 0 0
73543 0 0 1 1 1 1 1 1 1 1 1 1 1 1 1 1 1
74895 0 0 0 0 0 0 0 0 0 0 0 0 0 0 0 0 0
75366 0 0 0 0 0 0 1 0 0 0 0 0 0 0 0 0 0
75510 0 0 0 1 1 1 1 1 1 1 1 1 0 1 1 1 0
75780 1 0 0 0 0 0 0 0 0 0 0 0 0 0 0 1 0
76557 1 1 0 0 0 0 0 0 0 0 0 0 0 0 0 0 0
77701 0 0 0 0 0 0 0 0 0 0 0 0 1 0 0 0 0
79662 0 0 0 0 0 0 0 0 0 0 0 0 0 0 0 0 0
79870 1 0 0 0 0 0 0 0 0 0 1 0 0 0 0 0 0
80153 1 1 0 0 0 0 0 0 0 1 0 0 0 0 0 0 0
80379 0 0 0 0 0 0 0 0 0 0 0 0 0 0 0 0 0
80756 0 0 0 0 0 0 0 0 0 0 0 0 0 0 0 0 0
82609 0 0 0 0 0 0 0 0 0 0 0 0 0 0 0 0 0
83064 0 0 1 1 1 1 1 1 1 1 1 1 1 1 1 0 1
83510 0 0 0 0 0 0 1 0 0 0 1 1 0 0 0 0 0
83906 0 0 0 0 0 0 0 0 0 0 0 0 0 0 0 0 0
84226 1 1 0 0 0 0 0 0 0 0 0 0 0 0 0 0 0
84285 0 0 1 0 1 0 0 0 0 0 0 0 0 0 0 0 0
84693 0 0 0 0 0 0 0 0 0 0 0 0 0 0 0 0 0
84708 0 0 0 0 0 0 0 0 0 0 0 0 0 0 0 0 0
84839 0 0 0 0 0 1 0 0 1 0 0 0 0 0 0 0 1
85524 0 0 1 0 0 0 0 0 0 0 0 0 0 0 0 0 0
85871 0 0 0 0 0 0 0 0 0 0 0 0 0 0 0 0 1
87508 0 1 1 1 1 1 1 1 1 1 1 1 1 1 1 0 1
87810 0 0 1 1 1 1 0 1 1 1 1 1 1 1 1 1 1
88071 0 0 0 0 0 0 0 0 1 0 0 0 0 0 0 1 0
88581 0 0 1 0 0 0 0 0 0 0 0 0 0 0 1 0 0
88664 0 0 0 0 0 0 0 0 0 0 0 0 0 1 0 0 0
90055 1 0 0 0 0 0 0 0 1 0 0 0 0 0 1 0 0
90166 0 0 1 1 1 1 1 1 1 1 1 1 1 1 1 1 1
90392 1 0 0 0 0 0 0 0 0 0 0 0 0 0 0 0 0
90546 0 0 1 1 1 1 1 1 1 1 1 1 1 1 1 1 1
92212 1 1 0 0 0 0 0 0 0 0 0 0 0 0 0 0 0
92472 0 0 0 0 0 0 0 0 0 1 0 0 0 0 0 0 0
92707 0 0 0 0 0 0 0 0 0 0 0 0 0 0 0 0 0
93356 1 0 0 0 0 0 0 0 0 0 1 0 0 0 0 0 0
93372 1 0 1 1 1 1 1 1 1 1 1 1 1 0 1 1 1
93401 0 0 0 0 0 0 0 0 0 0 0 0 0 0 0 0 0
94201 0 0 1 1 1 1 1 1 1 1 1 0 1 1 1 1 1
95344 0 0 0 0 0 0 0 0 0 0 0 0 0 0 0 0 0
95427 1 0 0 0 0 0 0 0 0 0 0 0 0 0 0 0 0
96125 0 0 0 0 0 0 0 0 0 0 1 0 0 0 0 0 0
97018 1 1 0 0 0 0 0 1 0 0 0 0 0 0 1 0 0
98081 0 0 0 1 0 0 0 0 0 0 1 0 0 0 0 0 1
98199 0 0 0 0 0 0 0 0 0 0 0 0 0 0 0 0 0
98418 1 1 0 0 1 0 0 0 0 0 0 0 0 0 0 0 0
98930 0 0 1 0 1 1 1 1 1 1 1 1 1 1 1 1 1
99026 0 0 0 0 0 0 0 0 0 0 0 0 0 0 0 0 0
100344 0 0 0 0 0 0 0 0 0 0 0 0 0 0 0 0 0
101280 0 0 0 0 0 0 0 0 0 0 0 0 0 0 0 0 0
101974 0 0 0 0 0 0 0 0 0 0 0 0 0 0 0 0 0
103529 0 0 1 1 1 1 1 1 1 1 1 1 1 1 1 1 1
104347 0 0 0 0 1 0 1 1 0 0 0 0 0 0 0 0 0
104481 0 0 0 0 0 0 0 0 0 0 0 0 0 0 0 0 0
104553 0 0 0 0 0 0 0 0 0 0 0 0 0 0 0 1 0
105210 0 0 1 1 1 1 1 1 1 1 1 1 1 0 1 1 1
105539 0 0 1 0 0 0 0 0 0 0 0 0 0 0 0 1 0
107221 0 0 1 1 1 1 1 1 1 1 1 1 1 1 1 1 1
108259 0 0 0 0 0 0 0 0 1 0 0 0 0 0 0 0 0
108892 0 0 0 0 0 0 0 0 0 0 0 0 1 0 0 0 0
109100 0 0 0 0 0 0 0 0 1 0 0 1 0 0 0 0 0
109222 0 0 0 0 0 0 0 0 0 0 0 0 0 0 0 0 0
110031 0 0 1 1 1 1 1 1 1 1 1 1 1 1 1 1 1
110416 0 0 0 0 0 0 0 1 0 0 0 0 0 0 0 0 0
110453 0 0 0 0 0 0 0 1 0 0 0 0 0 0 0 0 0
110557 0 0 0 0 0 0 0 0 0 0 0 0 0 0 0 0 0
111376 0 1 0 0 0 0 1 0 0 0 0 0 0 0 1 0 0
111414 0 0 1 0 1 1 1 1 1 1 1 1 1 1 1 1 1
111430 0 0 1 1 1 1 1 1 1 1 1 1 1 1 1 1 1
112056 0 0 0 0 0 0 0 0 0 0 1 0 0 0 0 0 0
112689 0 0 0 0 0 0 0 0 0 1 0 0 0 0 0 0 0
115024 1 1 0 0 0 0 0 0 0 0 0 0 0 0 1 0 0
115144 1 1 0 0 0 0 0 0 0 0 0 0 0 0 0 0 0
115533 0 0 0 0 0 0 0 0 0 0 0 0 0 0 0 0 0
116096 0 0 0 0 0 0 0 0 0 0 1 0 0 1 0 0 0
116789 0 0 1 0 1 1 1 1 1 1 1 1 1 1 1 0 0
116969 0 0 0 0 0 0 0 0 0 0 0 0 0 0 0 0 0
117548 0 0 0 0 0 0 0 0 0 0 0 0 0 0 0 0 0
117848 1 1 0 0 0 0 1 0 0 0 0 0 0 0 0 0 0
119359 0 0 0 0 0 0 0 0 0 0 0 0 1 0 0 0 0
119854 0 0 0 0 0 0 0 0 0 0 0 0 0 0 0 0 0
120579 0 0 0 0 0 0 1 1 0 0 0 0 0 0 0 0 0
120615 0 1 0 0 0 0 0 0 0 0 1 0 0 0 0 0 0
120699 0 0 0 0 0 0 0 0 0 0 1 0 0 0 0 0 0
121638 1 1 0 0 0 0 0 0 0 0 1 0 0 0 1 0 0
121895 0 0 1 1 0 1 1 1 1 1 1 1 1 0 1 1 1
122021 0 0 0 0 1 0 0 0 0 0 0 0 0 0 0 0 0
122517 1 0 0 0 0 0 0 0 0 0 0 0 0 0 0 0 0
123107 0 0 0 0 0 0 0 0 0 0 0 0 0 0 0 0 0
123159 0 0 0 0 0 0 0 0 0 0 0 0 0 0 0 0 0
123681 0 0 0 0 0 0 0 0 0 0 0 0 0 0 0 0 0
123953 0 0 0 0 0 0 0 0 0 0 0 0 0 0 0 0 0
124196 0 0 0 0 0 0 0 0 0 0 0 0 0 0 0 0 0
124992 0 0 0 0 0 0 0 0 0 0 0 0 0 0 0 0 0
125772 0 0 1 1 1 1 1 1 1 1 1 1 1 1 1 1 1
125825 0 0 0 0 0 0 0 0 0 0 0 0 0 0 0 0 0
126184 1 1 0 0 0 0 0 0 0 0 0 0 0 0 0 0 0
127199 0 0 0 0 0 0 0 0 0 0 0 0 0 0 0 0 0
127262 0 0 0 0 0 0 0 0 0 0 0 0 0 0 0 0 0
127536 0 0 0 0 0 0 0 0 0 0 0 0 0 0 0 0 0
127821 0 0 0 0 1 0 0 0 0 0 0 0 0 0 0 0 0
127928 0 0 0 1 0 0 0 0 0 0 0 0 0 0 0 0 0
128229 0 0 1 1 1 1 1 1 1 1 1 1 1 1 1 1 1
128438 0 0 0 0 0 0 0 0 0 0 0 0 0 0 0 0 0
129020 1 1 0 0 0 1 0 0 0 0 0 0 0 0 0 0 0
129164 1 1 0 0 0 0 0 0 0 0 0 0 0 1 0 0 0
134980 0 0 0 0 0 0 0 0 0 0 0 0 0 0 0 0 0
135059 0 0 0 0 0 0 0 0 0 0 0 0 0 0 0 0 0
135843 0 0 0 0 0 0 1 0 0 1 0 0 0 0 0 0 0
136963 1 1 0 0 0 0 0 0 0 0 0 0 0 0 0 0 0
137050 0 0 0 0 0 0 0 0 0 0 0 0 0 0 0 0 0
138024 0 0 0 0 0 0 0 0 0 0 0 1 0 0 0 0 0
138881 0 1 1 1 1 1 1 1 1 1 1 1 1 1 1 1 1
139674 1 1 0 0 0 0 0 0 0 0 0 0 0 0 1 0 0
141236 0 0 1 1 1 1 1 1 1 1 0 1 0 1 1 1 1
141618 0 0 0 0 0 0 0 0 0 0 0 0 0 0 0 0 0
141635 0 0 0 0 0 0 0 0 0 1 0 0 0 0 0 0 0
141751 0 0 0 0 0 0 0 0 0 0 1 0 0 0 0 0 0
142115 0 0 0 0 0 0 0 0 0 0 0 0 0 0 0 0 0
142595 0 0 0 0 0 0 0 0 0 0 0 0 0 0 0 0 0
143298 0 0 0 0 0 0 0 0 0 0 0 0 0 0 0 0 0
143470 0 0 1 1 1 1 1 1 1 1 1 1 1 1 1 1 1
143980 0 0 0 0 1 1 1 1 1 1 0 1 1 1 1 1 1
144321 1 0 0 0 0 0 0 0 0 0 0 0 0 0 0 0 0
144348 1 1 0 0 0 0 0 0 0 0 1 0 0 0 0 0 0
145542 0 0 0 1 0 0 1 0 0 0 0 0 0 0 0 0 0
145797 0 0 0 0 0 0 0 0 0 0 0 0 0 0 0 0 0
146453 0 0 0 0 0 0 0 1 0 0 0 0 0 0 0 0 0
146527 0 0 0 0 0 0 0 1 0 0 0 0 0 0 0 0 0
147259 0 0 0 0 0 0 0 0 0 0 0 0 0 0 0 0 0
147835 1 1 0 0 0 0 0 0 0 0 0 0 0 0 0 1 1
147912 0 0 0 1 0 0 0 0 0 0 1 0 0 0 0 0 0
148008 1 1 0 0 1 0 0 0 0 0 0 0 0 0 0 0 0
148541 0 0 0 0 0 0 0 0 0 0 0 0 0 0 0 0 0
149809 0 0 1 0 0 0 0 0 0 0 0 0 0 0 0 0 0
150139 0 1 1 1 1 1 1 1 1 1 1 1 1 1 1 1 1
150207 0 0 0 0 0 0 0 0 0 0 0 0 0 0 0 0 0
150371 1 1 0 0 0 0 0 0 0 0 0 0 0 0 0 0 0
151159 0 0 0 0 0 0 0 0 0 0 0 0 0 0 0 0 0
151205 0 0 1 1 1 1 1 1 1 1 1 1 1 1 1 1 1
151824 0 0 0 0 0 0 0 0 0 0 0 0 0 0 0 0 0
151849 0 0 0 0 0 0 0 0 0 0 0 0 0 0 0 0 0
152237 1 0 0 0 1 0 0 0 0 0 0 0 0 0 0 0 0
152407 0 0 0 0 0 0 0 0 0 0 0 0 0 0 0 0 0
152841 1 1 0 0 0 0 0 0 0 0 0 0 0 0 0 0 0
152979 0 0 0 0 0 0 0 0 0 0 0 0 0 0 0 0 0
153979 0 0 0 0 0 0 1 0 0 0 0 0 0 0 0 0 0
154141 0 0 0 0 0 0 1 0 0 0 0 1 0 0 0 0 0
154202 1 0 0 0 0 0 0 0 0 0 1 0 0 0 0 0 0
154509 0 0 0 0 0 0 0 0 0 0 0 0 0 0 0 0 0
155537 0 0 0 0 1 0 0 0 0 0 0 0 0 0 0 0 0
157044 1 1 0 0 0 0 0 0 0 1 0 1 0 0 0 0 0
157048 0 0 1 1 1 1 1 1 1 1 1 1 1 1 1 1 1
158577 0 0 0 0 0 1 0 0 0 0 0 0 0 0 0 0 0
159553 0 0 1 1 1 1 1 1 1 1 0 1 1 1 1 1 0
160661 0 0 0 0 0 0 0 0 0 0 0 0 0 0 0 0 0
161640 1 1 0 0 0 0 0 0 0 0 0 0 0 1 0 0 0
161737 0 0 0 0 1 0 0 1 0 0 0 0 0 0 0 0 0
161912 0 0 0 0 0 0 0 0 0 0 0 0 0 0 0 0 1
163200 0 1 0 0 0 1 0 0 0 0 0 0 0 0 0 0 0
163311 0 0 0 0 0 0 0 0 0 1 0 0 0 0 0 0 0
164067 0 0 0 0 0 0 0 0 0 0 0 0 0 0 0 0 0
164140 0 0 0 0 0 0 0 1 0 0 0 0 0 0 0 1 0
164421 1 0 1 1 1 1 1 1 1 1 1 1 1 1 1 1 1
164490 1 1 0 0 0 0 0 0 0 0 0 0 0 0 0 0 0
164812 0 0 0 0 0 0 0 0 0 0 0 0 0 0 0 0 1
165040 0 0 0 0 0 0 0 0 0 0 1 0 0 0 0 0 0
166549 0 0 0 0 0 0 0 0 0 0 0 0 0 0 0 0 0
166566 0 0 0 0 0 0 0 0 1 0 0 0 0 0 0 0 0
168149 0 0 0 0 0 0 0 0 0 0 0 0 0 0 0 0 0
168719 0 0 0 0 0 0 0 0 0 0 0 0 0 0 0 0 0
168941 0 0 0 0 0 0 0 0 0 0 0 0 0 0 0 0 0
168984 0 0 1 0 1 1 1 1 1 1 1 1 1 1 1 1 1
169162 0 0 0 0 0 0 0 0 1 0 0 0 0 0 0 0 0
170493 0 0 1 1 1 1 1 1 1 1 1 1 1 1 1 1 1
170940 0 0 0 0 1 0 0 0 0 0 0 0 0 0 0 0 0
171637 0 0 1 0 0 0 0 0 0 0 0 0 0 0 0 0 0
171677 0 0 0 0 0 0 0 0 0 0 0 0 0 0 0 0 0
172218 0 0 1 0 0 0 0 0 0 0 0 0 0 0 0 0 0
173327 0 0 1 1 1 0 1 1 1 1 1 1 1 1 1 1 1
173727 0 0 0 0 0 0 0 0 0 0 0 0 0 0 0 0 0
175604 1 1 0 0 0 0 0 0 0 0 0 0 0 0 0 0 0
176159 0 0 0 0 0 0 0 0 0 0 0 1 0 0 0 0 0
176184 0 0 0 0 0 0 0 0 0 0 0 0 0 0 0 0 0
176306 0 0 0 0 0 0 0 0 0 0 0 0 0 0 0 0 0
177498 1 1 1 1 1 1 1 1 1 1 1 1 1 0 1 1 1
178031 1 1 0 0 0 0 0 0 0 0 0 0 0 0 0 0 0
178260 1 0 0 0 0 0 0 0 0 0 0 0 0 0 0 0 1
178341 0 0 1 1 1 0 1 1 1 1 1 0 1 1 1 1 1
178529 0 0 0 0 0 0 1 0 0 0 0 0 0 0 0 0 0
178992 0 0 1 1 1 1 1 1 1 1 1 1 1 1 1 1 1
179698 1 0 0 0 0 0 0 0 0 1 0 0 0 0 0 0 0
180067 0 0 0 0 0 0 0 0 0 0 0 0 0 0 0 0 0
181025 0 0 0 0 0 0 0 0 0 0 0 0 0 0 0 0 0
181492 1 0 0 0 0 0 0 0 0 0 0 0 0 0 0 0 0
182201 0 0 0 0 0 0 0 1 0 0 0 0 0 0 0 0 0
182435 0 0 0 1 0 0 0 0 0 0 0 0 0 0 0 0 0
182543 0 0 0 0 0 0 0 0 0 0 0 0 0 0 0 0 0
182923 0 0 0 0 0 0 0 0 0 0 0 0 0 0 0 0 0
183214 0 0 0 0 0 0 0 1 0 0 1 0 0 0 0 0 1
183432 0 0 0 0 0 0 0 1 0 0 0 0 0 0 1 0 0
183478 0 0 1 1 1 1 1 1 1 1 1 1 1 1 1 1 1
184191 1 1 0 0 0 1 0 0 0 0 0 0 0 0 0 0 0
184602 0 0 0 0 0 0 0 0 0 0 0 0 0 0 0 0 0
184995 0 0 1 1 1 1 1 1 1 1 0 1 1 1 1 1 1
185045 0 0 1 1 0 1 1 1 1 1 1 0 1 1 1 1 1
185383 0 0 0 0 0 0 0 0 0 0 0 0 0 0 0 0 0
185822 0 0 0 0 0 0 1 0 0 0 0 0 1 0 0 1 0
186022 0 0 0 0 0 0 0 0 0 0 0 0 0 0 1 0 0
186111 0 0 0 0 0 0 0 0 0 0 0 0 1 0 0 0 0
186386 0 0 0 0 0 0 0 0 0 0 0 1 0 0 0 0 0
186575 0 0 0 0 0 0 0 0 0 0 0 0 0 0 0 0 0
186598 0 0 1 1 1 1 1 1 1 1 1 1 1 1 1 1 1
186827 0 0 0 0 0 0 0 0 0 0 0 0 0 0 0 1 0
187924 0 0 0 0 0 0 0 0 0 0 0 0 0 0 0 0 0
188313 1 1 1 0 0 0 0 0 0 0 0 0 0 1 0 0 0
189182 0 0 0 1 0 0 0 0 0 0 0 0 0 0 0 0 0
189578 1 1 0 0 0 0 0 0 0 0 0 1 0 0 0 0 0
190012 0 0 0 0 0 0 0 0 0 0 0 0 0 0 0 0 0
190384 0 0 1 1 1 1 1 1 1 1 1 0 1 1 0 1 1
190765 0 0 0 1 0 0 0 0 0 0 0 0 0 0 0 0 1
191775 0 0 0 0 0 0 0 0 0 0 0 0 0 0 0 0 0
192540 0 0 1 1 1 1 1 1 0 1 1 1 1 1 1 1 1
193112 1 1 1 1 1 1 1 1 1 1 1 1 1 1 1 1 1
193240 0 0 0 0 0 0 0 0 0 0 0 0 0 0 0 0 0
194436 1 0 0 0 0 0 0 0 1 0 0 0 0 0 0 0 0
194712 0 0 0 0 0 0 0 0 0 0 0 0 0 0 0 0 1
196008 1 0 1 0 0 0 0 0 0 1 0 0 0 0 0 0 0
196737 0 0 0 0 0 0 0 0 0 0 0 0 0 0 0 0 0
197286 0 0 1 1 1 1 1 1 1 1 1 1 1 1 1 1 1
197919 0 0 0 0 0 0 0 0 0 0 0 0 0 0 0 0 0
198471 0 0 0 0 0 0 0 0 0 0 0 1 0 0 0 0 0
198973 0 0 0 0 0 1 0 0 0 1 0 0 0 0 0 0 0
199759 0 0 0 0 0 0 0 0 0 0 0 0 0 0 0 0 0
199855 0 0 0 0 0 0 0 0 0 0 0 0 0 0 0 0 0
199857 0 0 0 1 1 1 1 1 1 1 1 1 1 0 1 1 1
200207 0 0 0 0 0 0 0 0 0 0 0 0 0 0 0 0 0
200642 1 1 0 0 0 0 0 0 0 0 0 0 0 0 0 0 0
200667 1 1 1 0 0 0 0 0 0 0 0 0 0 0 0 0 0
202049 0 0 1 1 1 1 1 1 1 1 1 1 1 1 1 1 1
202846 0 0 0 0 0 0 0 0 0 0 0 0 0 0 0 0 0
202986 0 0 0 0 0 0 0 0 0 0 0 0 1 0 0 0 0
203272 0 0 0 0 0 0 0 0 0 0 0 0 0 0 0 0 0
204126 0 1 0 0 0 0 0 0 0 1 1 0 1 0 0 0 0
204136 0 0 0 0 0 0 0 0 0 0 0 0 0 0 0 0 1
204966 0 0 0 0 0 0 0 0 0 0 0 0 0 0 0 0 1
205581 0 0 0 0 0 0 0 0 0 0 0 0 0 0 0 0 0
205597 0 0 0 0 0 0 0 0 1 0 0 0 0 0 1 0 0
205669 1 1 0 1 0 0 0 0 0 0 0 1 0 0 0 0 0
205676 0 0 0 0 0 0 0 0 0 0 0 0 0 0 0 0 0
205838 0 0 0 0 0 0 0 0 0 0 0 0 0 0 0 0 0
206591 0 0 0 0 0 0 0 0 0 0 0 0 0 0 0 0 0
207311 1 1 0 0 0 0 0 0 0 0 0 0 0 0 0 0 0
207318 0 0 0 0 0 0 0 0 0 0 0 0 0 0 0 0 0
207828 0 0 0 0 1 0 0 0 0 0 0 0 0 0 0 0 0
208097 0 0 0 0 0 0 0 0 0 0 0 0 1 0 0 0 0
208714 0 0 0 0 0 0 0 0 0 0 0 0 0 0 0 0 0
209480 0 0 0 1 0 1 0 1 0 0 0 0 0 0 0 0 0
210341 0 0 0 0 0 0 0 0 0 1 0 0 0 1 0 0 0
211522 0 1 1 0 0 0 0 0 0 0 0 0 0 0 0 0 0
211919 0 0 0 0 0 0 0 0 1 0 1 0 0 0 0 0 0
211967 0 0 0 0 0 0 0 0 0 0 0 0 0 0 0 0 0
214048 0 0 1 1 1 1 1 1 1 1 1 1 1 1 0 1 1
214216 0 0 0 0 0 0 0 0 0 0 0 0 0 0 0 0 0
214971 0 0 1 1 1 1 1 1 1 1 1 1 1 1 1 1 1
216422 0 0 0 0 0 0 0 0 0 0 0 0 0 1 0 0 0
216677 0 0 0 0 0 0 0 0 0 0 0 0 0 0 0 0 0
217346 0 0 0 0 0 0 0 0 0 0 0 0 0 0 0 0 0
217871 0 1 0 0 0 0 0 0 0 0 0 0 0 0 0 0 0
217935 0 0 0 0 0 0 0 0 1 0 0 0 0 0 0 0 0
218002 0 0 1 1 1 0 1 1 1 0 1 1 1 1 1 1 1
218533 0 0 0 0 0 0 0 0 0 0 0 0 0 0 0 0 0
218626 0 0 1 1 1 1 1 1 1 1 1 1 1 1 1 1 1
218826 0 0 1 1 1 1 1 1 1 1 1 1 1 1 1 1 1
219603 0 0 0 0 0 0 0 0 0 0 0 0 0 0 0 0 0
220496 0 0 0 1 1 1 1 1 1 0 1 1 1 1 1 1 1
221281 0 0 0 0 0 0 0 0 0 0 0 0 0 0 0 0 0
222414 0 0 0 0 0 0 0 0 0 0 0 0 0 0 1 0 0
223555 0 0 0 1 0 0 0 0 0 0 0 0 1 0 0 0 0
225233 0 0 0 1 0 0 0 0 0 0 0 0 0 0 0 0 0
226541 0 0 0 0 0 0 0 0 0 0 0 0 0 0 0 0 0
229209 0 0 0 0 0 0 0 0 0 0 0 0 0 0 0 0 0
229451 0 0 0 0 0 0 0 0 0 0 0 1 0 0 0 0 0
230262 0 0 0 0 0 0 0 0 0 0 0 0 0 0 0 0 0
230788 0 0 0 0 0 1 0 0 0 0 0 0 0 0 0 0 0
231590 1 1 0 0 0 0 0 0 0 0 0 0 0 0 0 0 0
231620 0 0 0 0 0 0 0 1 0 0 0 0 0 0 0 0 0
232138 0 0 1 1 1 1 1 1 1 1 1 1 1 1 1 1 1
232381 1 0 0 0 0 0 0 0 0 0 0 0 0 0 0 0 0
232462 0 0 0 0 0 0 0 0 0 0 0 0 0 0 1 0 0
233405 1 1 0 0 0 1 0 0 0 1 0 0 0 0 0 0 0
233761 0 0 0 0 0 0 0 1 0 0 0 0 0 0 0 0 1
235790 0 0 1 1 1 1 1 1 1 1 1 1 1 1 1 1 1
236502 1 1 0 0 0 0 0 0 0 0 0 0 0 0 0 0 0
236947 0 0 0 0 0 0 0 0 0 0 0 0 0 0 0 0 0
239629 0 0 1 0 0 0 0 0 0 1 0 0 0 0 0 0 0
240213 0 0 0 0 0 0 0 0 0 0 0 0 0 0 0 0 0
240874 0 0 0 0 0 0 0 0 0 1 0 0 0 0 0 0 0
241105 0 0 1 1 1 1 1 1 1 1 1 1 1 1 1 1 1
242887 0 0 0 0 0 0 0 0 1 0 0 0 0 0 0 0 0
242933 0 0 0 0 0 0 0 0 0 0 1 0 0 0 0 0 0
243240 1 1 0 0 0 0 0 0 0 0 0 0 0 0 0 0 0
243289 1 1 1 0 0 0 1 0 0 0 0 1 0 0 0 0 0
243709 0 0 1 1 1 1 1 1 1 1 1 1 1 1 1 1 1
243864 0 0 0 0 0 0 0 0 0 0 0 0 0 0 0 0 0
244578 0 0 0 0 0 0 0 0 0 0 0 0 0 0 0 0 0
245205 0 0 1 1 0 1 1 1 1 1 1 1 1 1 1 1 1
245523 1 1 0 0 0 0 0 0 0 0 0 0 0 0 0 0 0
246180 0 0 0 0 0 0 0 0 0 0 0 0 0 0 0 0 0
247886 1 1 0 0 0 0 0 0 0 0 0 0 0 0 0 0 0
248030 1 1 0 1 0 0 0 0 0 0 0 0 0 0 0 0 0
248217 0 0 0 0 1 0 0 0 0 0 0 0 0 0 0 0 0
248396 0 0 0 0 0 0 0 0 0 0 0 0 0 0 0 0 0
250046 0 0 0 0 0 0 0 0 0 0 0 0 0 0 0 0 1
250213 0 1 0 0 0 0 0 0 0 0 0 0 0 1 0 0 0
250378 1 1 0 0 0 0 0 0 0 0 0 0 0 0 0 0 0
250774 1 0 1 1 1 1 1 1 1 1 0 1 1 1 1 1 1
250953 0 0 0 0 0 0 0 0 0 0 0 0 0 0 0 0 0
252125 0 0 0 0 0 0 0 0 0 0 0 0 0 0 0 0 0
252719 0 0 0 0 0 0 0 0 0 0 0 0 0 0 0 0 1
252958 1 1 1 0 0 0 0 0 0 0 0 0 0 0 0 0 0
254038 0 0 0 0 0 0 0 0 0 0 0 0 0 0 0 0 0
254853 0 0 1 1 1 1 1 1 1 1 1 0 1 1 1 0 1
255399 1 1 0 0 0 0 0 0 0 0 1 0 0 0 0 1 0
256238 0 0 0 0 0 0 0 0 0 0 1 0 0 0 0 0 0
256445 0 0 0 0 0 0 0 0 0 0 0 0 0 0 0 0 0
257155 0 1 0 0 0 0 0 0 0 0 0 0 0 0 0 0 0
257338 0 0 1 1 1 1 1 1 1 1 1 1 1 1 1 1 1
257412 0 0 0 0 0 0 0 0 0 0 0 0 0 0 0 0 0
258382 0 0 0 0 0 1 0 1 0 0 0 0 0 0 0 0 0
261348 1 1 0 0 0 0 0 0 0 0 0 0 0 0 0 0 0
261562 0 0 0 0 0 0 0 0 0 0 0 0 0 0 0 0 0
262114 0 0 0 0 0 0 0 0 0 0 0 0 0 0 0 0 0
262908 0 0 1 1 1 1 1 1 1 1 1 1 1 1 1 1 1
263093 0 0 0 0 0 1 0 0 0 0 0 0 0 0 0 0 0
263107 0 0 1 1 1 1 1 1 1 1 1 1 1 1 1 1 1
263267 0 0 0 0 0 0 0 0 0 0 0 0 0 0 0 0 0
263317 0 0 0 0 0 0 0 0 0 0 0 0 0 0 0 0 0
264194 0 0 0 0 0 0 0 0 0 0 0 0 0 0 0 0 0
265066 0 0 0 0 0 0 0 0 0 0 0 0 0 0 0 0 0
265316 0 0 0 0 0 0 0 0 0 0 0 0 0 0 0 0 0
267773 1 1 0 0 0 0 0 0 0 0 0 0 0 0 0 0 0
268123 1 0 0 0 0 0 0 0 0 1 0 0 0 0 0 0 0
268353 1 1 0 0 0 0 0 0 1 0 0 0 0 0 0 0 0
269495 0 0 0 0 0 0 0 0 0 1 0 1 0 0 0 0 0
269544 1 0 1 1 1 1 1 1 1 1 1 1 1 1 1 1 1
270651 0 0 0 0 0 0 0 0 1 0 0 0 1 0 0 0 0
270717 1 1 1 0 0 0 0 0 0 0 0 0 0 0 0 0 0
271643 0 0 0 0 0 0 0 0 0 0 0 0 0 0 0 0 0
272525 1 1 0 0 0 0 0 0 0 0 0 0 0 0 0 0 1
272735 0 0 0 0 0 0 0 0 0 0 0 0 0 0 0 0 0
272828 0 0 0 0 0 0 0 0 0 0 0 0 0 0 0 0 0
272957 0 0 0 0 0 0 0 0 0 0 0 0 0 0 0 0 0
273209 0 0 0 0 0 0 0 0 0 0 0 0 0 0 0 0 0
273775 0 0 0 0 0 0 0 0 0 0 0 1 0 0 0 0 0
274179 0 0 0 0 0 0 0 0 0 0 0 0 0 0 0 0 0
275210 0 0 1 1 1 1 1 1 1 1 1 1 1 1 1 1 0
275237 0 0 0 0 0 0 0 0 0 0 0 0 0 0 0 0 0
275861 0 0 0 0 0 0 0 0 0 0 1 0 0 0 0 0 0
276567 0 0 0 0 0 0 0 0 0 0 0 0 0 0 0 0 0
276604 1 1 0 0 0 0 0 0 0 0 0 0 0 0 0 0 0
277024 0 0 0 0 0 0 0 0 0 0 0 0 0 0 0 0 0
277503 0 0 0 0 0 0 0 1 0 0 0 0 0 0 0 1 0
277617 0 0 0 1 0 1 0 0 0 0 0 0 0 1 0 1 0
277636 0 1 0 0 0 0 0 0 0 0 0 0 0 0 0 0 0
277713 0 0 0 0 0 0 0 0 0 0 0 0 0 0 0 0 0
279830 0 0 0 0 0 0 0 0 0 0 0 0 0 0 0 0 0
280180 0 0 0 0 0 0 0 0 0 0 0 0 0 0 0 1 0
280255 0 0 0 0 0 0 1 0 0 0 0 0 0 0 0 0 0
281081 0 0 0 0 0 0 0 0 0 0 0 0 0 0 0 0 0
282228 0 0 0 0 0 0 1 0 0 0 0 0 0 0 0 0 0
282747 0 0 0 0 0 0 0 0 0 0 0 0 0 0 0 0 1
283617 0 0 1 1 1 1 1 1 1 1 1 1 1 1 1 0 1
284186 0 0 0 0 0 0 0 0 1 0 0 0 0 0 0 0 0
284228 1 1 1 0 0 0 0 0 0 0 0 0 0 0 0 0 0
284366 1 1 0 0 0 0 0 0 0 0 0 0 0 0 0 0 0
284484 0 0 1 0 0 0 0 0 0 0 0 0 0 0 0 0 0
284623 0 0 1 1 1 1 0 1 1 1 1 1 1 1 1 1 1
285549 0 0 0 0 0 0 0 0 0 0 0 0 0 0 1 1 0
285611 0 0 1 1 1 1 1 1 1 1 1 1 1 1 1 0 1
285643 0 0 0 0 0 0 0 0 0 0 0 1 0 0 0 0 0
285669 0 0 0 0 0 0 0 0 0 0 0 0 0 0 0 0 1
285967 0 0 1 1 1 1 1 1 1 1 0 1 0 1 1 1 1
286589 0 0 0 0 0 0 0 0 0 0 0 0 0 0 0 0 0
287524 1 0 0 0 0 0 0 0 0 0 0 0 0 0 1 0 0
287582 0 0 0 0 0 1 0 0 0 0 0 0 1 0 0 0 0
288779 0 0 0 0 0 0 0 0 0 0 0 0 0 0 0 0 0
288862 0 0 0 0 0 0 0 0 0 0 0 1 0 0 0 0 0
289953 0 0 0 0 0 0 0 0 0 0 0 1 0 0 0 0 0
290088 0 0 0 0 0 0 0 0 0 0 0 0 0 0 0 0 0
291289 0 0 1 1 1 1 1 1 1 1 1 1 1 1 1 1 1
291528 0 0 0 0 0 0 0 0 0 0 0 0 0 0 0 0 0
292275 1 1 0 0 0 0 0 0 0 0 0 0 0 1 0 0 0
293587 0 0 0 0 0 0 0 0 0 0 0 0 0 0 0 1 0
294393 0 0 0 0 0 0 1 0 0 0 0 0 0 0 0 1 0
294447 0 0 0 0 0 0 0 0 0 0 0 0 0 0 0 0 0
294679 0 0 0 0 0 0 0 0 0 0 0 0 0 0 1 0 0
295118 0 0 0 0 0 0 0 0 0 1 0 0 1 1 0 0 1
295177 0 0 0 0 0 0 0 0 1 0 0 0 0 0 0 0 0
295664 0 0 0 0 0 0 0 0 0 0 0 0 0 0 0 0 0
295752 0 0 0 0 0 0 0 0 0 0 0 0 0 0 0 0 0
296069 1 0 1 0 0 0 0 0 0 0 0 0 0 0 0 0 0
296111 0 0 0 0 0 0 0 0 0 1 0 0 0 0 0 0 0
296790 0 0 1 1 0 0 0 0 0 0 0 0 0 0 0 0 0
297812 0 0 1 1 1 0 1 1 1 1 1 1 0 1 1 0 1
297914 0 0 1 1 1 1 1 1 1 1 1 1 1 1 1 1 1
298214 0 0 0 0 0 0 0 0 0 0 0 0 0 0 0 0 0
298254 0 0 0 0 0 0 0 0 0 0 0 0 0 0 0 0 0
298507 0 0 0 0 0 0 0 0 0 0 0 0 0 1 0 0 0
298966 1 1 0 0 0 0 0 1 0 0 0 0 0 0 0 0 0
299055 1 0 0 0 0 1 0 1 0 0 0 0 0 0 0 0 0
299402 1 0 0 0 0 0 0 0 0 0 0 0 0 0 0 0 0
299611 0 0 0 0 0 0 0 0 0 0 1 0 0 0 0 0 0
299682 0 0 0 0 0 0 0 0 0 0 0 0 0 0 0 0 0
300365 0 0 1 1 1 1 1 1 1 1 1 1 1 1 1 1 1
300621 1 0 0 0 0 0 0 0 0 0 0 0 0 0 0 0 1
300975 0 0 0 0 0 0 0 0 0 0 0 0 0 0 0 0 0
301724 1 1 0 0 0 0 0 0 0 0 0 0 1 0 0 0 0
301756 1 0 0 0 0 0 1 0 0 1 0 0 0 0 0 0 0
301761 0 0 0 0 0 0 0 0 0 0 0 0 0 0 0 0 0
302445 0 0 1 1 1 1 0 1 1 1 1 1 1 1 1 1 1
302476 0 0 0 0 0 0 0 1 0 0 0 0 0 0 0 0 1
303420 0 0 1 1 1 1 1 1 1 1 1 1 1 1 1 1 1
304727 0 0 0 0 0 1 0 1 0 0 0 0 0 0 0 0 0
305053 0 0 0 0 0 0 0 0 0 0 0 0 0 0 0 0 0
306531 0 0 0 0 0 0 0 0 0 0 0 0 0 0 0 0 0
306636 0 0 0 0 0 0 0 0 0 0 0 0 0 0 0 0 0
308531 0 0 0 0 0 0 0 0 1 0 0 0 0 0 0 0 0
309411 0 0 0 0 0 0 0 0 0 0 0 0 0 0 0 0 0
309672 1 1 0 0 0 0 0 0 0 0 0 0 0 0 0 0 1
309970 1 1 0 0 0 0 0 0 0 0 0 0 0 0 0 0 0
310236 0 0 0 0 0 0 0 0 0 0 0 0 0 0 0 0 0
310707 0 0 0 0 0 1 0 0 0 0 0 0 0 0 0 0 0
310851 0 0 0 0 0 0 0 0 0 0 0 0 0 0 0 0 0
311029 0 1 1 1 1 1 1 1 1 1 1 1 1 1 1 1 1
312209 0 0 0 0 0 0 0 0 0 0 0 0 0 0 0 0 0
312723 0 0 0 0 0 0 0 0 0 0 0 0 0 0 0 0 0
313006 0 0 0 0 0 0 0 0 0 0 0 0 0 0 0 0 0
313307 0 0 1 1 0 0 0 0 0 0 0 0 0 0 0 0 0
313665 1 1 0 0 0 0 0 0 0 1 0 0 0 0 0 0 0
314250 0 0 0 0 0 0 1 0 0 0 0 0 0 0 1 0 0
314719 0 0 0 0 0 1 0 0 0 0 0 0 0 0 0 0 0
315058 0 0 1 1 1 1 1 1 1 1 1 1 0 1 1 1 1
315063 1 1 0 0 0 0 0 0 1 0 0 0 0 0 1 0 0
315368 0 0 0 0 0 0 0 0 0 0 1 0 0 0 0 1 0
315407 1 1 0 0 0 0 0 0 0 0 0 0 0 0 0 0 1
316153 1 1 1 0 0 0 0 0 0 0 0 0 0 0 0 0 0
316269 0 1 1 1 1 1 1 1 1 1 1 1 1 1 1 1 1
317146 0 0 0 0 0 0 0 0 0 0 0 0 0 0 0 0 0
317367 0 0 0 0 0 0 0 0 1 0 0 0 0 0 0 0 0
317370 0 0 1 1 1 1 1 0 1 1 1 1 0 1 1 1 1
318212 0 0 0 0 0 0 0 0 0 0 0 0 0 0 0 0 0
318245 1 1 0 0 0 0 0 0 0 0 0 0 0 0 0 0 0
318538 0 0 0 0 0 0 0 0 0 0 0 0 0 0 0 0 0
318922 1 1 0 0 0 0 0 0 0 0 0 0 0 0 0 0 0
318944 0 0 0 0 0 0 0 1 0 0 0 0 0 0 0 0 0
321619 0 0 0 0 0 0 0 0 0 0 0 0 0 0 0 0 0
321687 1 0 0 0 0 0 0 0 1 0 0 0 0 0 0 0 0
321713 1 0 1 1 1 1 1 1 1 1 1 1 1 1 1 1 1
322320 0 0 0 0 0 0 0 0 0 0 0 0 0 0 0 0 0
322472 0 1 0 0 0 0 1 0 0 0 0 0 0 0 0 0 0
323558 0 0 1 0 0 0 0 1 0 0 0 0 0 0 0 0 0
323826 0 0 0 1 0 1 1 1 1 1 1 1 1 1 1 1 1
324619 0 0 0 0 0 0 0 0 0 0 0 0 0 0 0 0 0
324936 0 0 0 0 0 0 0 0 0 0 0 0 0 0 0 0 0
325052 0 0 0 0 0 0 0 0 0 0 0 0 0 0 0 0 0
325599 1 1 0 0 0 0 0 0 0 0 0 0 0 0 0 1 0
326093 0 0 0 0 0 0 0 0 0 0 0 0 0 0 0 0 0
326211 1 0 0 0 0 0 1 0 0 0 0 0 0 0 0 0 0
326307 0 0 1 1 1 1 1 1 1 0 1 0 1 1 1 1 1
326849 0 0 0 0 0 0 0 0 0 0 1 0 0 0 0 0 0
326852 1 0 0 0 0 0 0 1 0 0 0 0 0 0 0 0 0
326874 0 0 0 0 0 0 0 0 0 0 0 0 0 0 0 1 1
327139 0 0 0 0 0 1 1 0 0 0 0 0 0 0 0 0 0
328570 0 0 0 0 0 0 0 0 0 0 0 0 0 0 0 0 0
329078 0 0 0 0 0 0 0 0 0 0 0 0 0 0 0 0 0
330328 0 0 0 0 0 0 0 0 0 0 0 0 0 0 0 0 0
331170 1 0 0 0 0 0 0 0 0 0 0 0 0 0 0 0 0
331184 0 0 0 0 0 0 0 0 0 0 0 0 0 0 0 0 0
331673 1 1 0 0 0 0 0 0 1 0 0 0 0 0 0 0 0
333346 0 0 1 1 1 1 1 1 1 1 1 1 1 1 1 1 1
333602 1 1 0 0 0 0 0 0 0 0 1 0 0 0 0 0 0
333688 0 1 0 0 0 0 0 0 0 0 0 1 0 0 0 1 0
334633 0 0 1 1 1 0 1 1 1 1 0 1 1 1 0 1 1
334788 0 0 0 0 0 0 0 0 0 0 0 0 0 0 0 0 0
335183 0 1 0 0 0 0 0 0 0 1 1 0 0 0 0 1 0
336115 0 0 1 1 1 1 1 1 1 1 1 1 1 1 1 1 1
336905 0 0 0 0 0 0 0 1 0 0 0 0 0 0 0 0 0
336982 1 1 0 0 0 0 0 0 0 0 0 0 0 0 0 0 0
337607 1 1 0 0 0 0 0 0 0 0 0 0 0 0 0 1 0
338128 0 0 0 0 0 0 0 0 0 0 0 0 0 0 0 0 0
338475 0 0 1 0 0 0 0 0 0 0 0 0 0 0 0 0 0
339760 0 0 0 0 0 0 0 0 0 0 0 0 0 0 0 0 0
340331 0 0 0 0 0 0 0 0 0 0 0 0 0 0 0 0 0
340570 0 0 0 0 0 0 0 0 0 0 0 0 0 0 0 0 0
340940 0 0 0 0 0 0 0 0 0 0 0 1 0 1 0 1 0
342279 1 0 0 0 0 0 0 0 0 0 0 0 0 0 0 0 0
342983 1 1 0 0 0 0 0 0 0 0 0 0 0 0 0 0 0
343306 0 0 0 0 0 0 0 0 0 0 0 0 0 0 0 0 0
343602 0 0 0 0 0 0 0 0 0 0 0 0 0 0 0 0 0
345802 1 1 0 0 0 0 0 0 0 0 0 0 0 0 0 0 0
345901 0 0 0 0 0 0 0 0 0 0 0 0 0 0 0 0 0
346179 0 0 0 0 0 0 0 0 0 0 0 0 0 0 0 0 0
346322 0 0 0 0 0 0 0 1 0 0 0 0 0 0 0 0 0
346707 0 0 0 0 0 0 0 0 0 0 0 0 0 0 0 0 0
347666 0 0 0 0 0 0 0 0 0 0 0 0 0 0 0 0 0
347716 0 0 0 0 0 0 0 0 0 0 0 0 0 0 0 0 0
347774 0 0 0 0 0 0 0 0 0 0 0 0 0 0 0 0 0
348376 0 0 1 1 1 1 1 1 1 1 1 1 1 1 1 1 0
348664 0 0 0 0 0 0 0 0 0 0 0 0 0 0 0 0 0
348796 1 1 0 0 0 0 0 0 0 0 0 0 0 0 0 0 0
350190 0 0 0 1 1 1 1 1 1 1 1 0 1 0 1 1 0
350442 0 0 0 0 0 0 0 0 0 0 0 0 0 1 0 0 0
350551 0 0 0 0 0 0 0 0 0 0 0 0 0 0 0 0 0
351020 0 0 0 0 0 1 0 0 0 0 0 0 0 0 0 0 0
351105 0 0 1 1 0 1 1 1 1 1 1 1 1 1 1 1 1
351405 0 0 0 0 0 0 0 0 0 0 0 0 0 0 0 1 0
351827 0 0 0 0 0 0 0 0 0 0 0 0 0 0 0 0 0
352294 0 0 0 0 0 0 0 0 0 0 0 0 0 0 0 0 0
353264 0 0 0 0 0 0 0 0 0 0 0 0 0 0 0 0 0
354111 0 0 0 0 0 0 0 0 0 0 0 0 0 0 0 0 0
354276 1 0 0 0 0 0 0 0 0 0 0 1 0 0 0 0 0
354879 0 0 1 1 1 1 1 1 1 1 1 1 1 1 1 1 1
355378 0 0 0 0 0 0 0 0 0 0 0 0 0 0 0 0 0
356552 0 0 1 1 1 1 0 1 1 1 1 0 1 1 1 0 1
357034 0 0 1 1 1 1 1 1 1 1 1 1 1 1 1 1 1
357323 0 0 0 0 0 1 0 0 0 1 0 0 0 0 0 0 0
357757 1 0 1 0 0 1 1 1 1 1 1 1 1 1 1 1 1
358107 0 0 1 1 1 0 1 1 1 1 1 1 1 1 1 1 1
358803 0 0 0 0 0 0 0 0 0 0 0 0 0 0 0 0 0
358887 0 0 0 0 0 1 0 0 0 0 0 0 0 0 0 0 0
360852 0 0 1 1 1 1 1 1 1 1 1 1 1 1 1 1 1
360890 1 0 0 0 0 0 0 0 0 0 0 0 0 0 0 0 0
361524 0 0 0 0 0 0 0 0 0 1 0 0 0 0 0 0 0
363079 0 0 0 0 0 0 1 0 0 0 0 0 0 0 0 0 0
363412 0 1 1 1 1 1 1 1 1 1 1 1 1 1 1 1 1
364755 0 0 1 0 0 0 0 1 0 0 0 0 0 0 1 0 0
365309 0 0 0 0 0 0 0 0 0 0 0 0 0 0 0 0 0
365354 0 0 0 0 0 0 0 0 0 0 0 0 0 0 0 0 0
365395 1 1 0 0 0 0 0 1 0 0 0 0 0 0 0 0 0
366293 0 0 0 0 0 0 0 0 0 0 0 0 0 0 0 0 0
366509 0 0 0 1 1 1 1 1 1 1 1 1 1 0 1 1 0
366517 1 1 0 0 1 0 0 0 1 0 0 0 1 0 0 0 0
366654 0 0 1 0 0 0 0 0 0 0 0 0 0 0 0 0 0
366691 0 0 1 1 1 1 1 1 1 1 1 1 1 1 1 1 1
366824 0 0 0 0 0 0 0 0 0 0 0 0 0 0 0 0 0
367123 1 1 0 0 0 0 0 0 0 0 0 0 0 0 0 0 0
367642 0 0 1 1 1 1 1 1 1 1 1 1 1 1 1 1 1
368631 0 0 0 0 0 0 0 0 0 0 0 0 0 0 0 0 0
369899 1 1 0 0 0 0 0 0 0 0 0 0 0 0 0 0 0
370416 0 0 0 0 1 0 0 0 0 0 0 0 0 0 0 0 0
370979 0 0 0 0 0 1 0 0 0 1 0 0 0 0 0 0 0
371029 0 0 0 0 0 0 0 0 0 0 0 0 0 0 0 0 0
371490 0 0 1 1 1 0 1 1 1 1 1 1 1 1 1 1 1
371620 0 0 0 0 0 0 0 0 0 0 0 0 0 1 0 0 0
372239 0 0 0 0 0 0 0 0 0 0 0 0 0 0 0 0 0
372898 0 0 1 1 1 1 1 1 1 1 1 1 1 1 1 1 1
372909 1 1 0 0 0 0 0 0 0 0 0 0 0 0 0 0 0
373756 0 0 0 0 1 0 0 0 0 0 0 0 0 0 0 0 0
373799 0 0 0 0 0 0 0 1 0 0 0 0 0 0 0 0 0
374773 0 0 1 1 1 1 1 1 1 1 1 1 1 0 1 1 1
374874 0 0 0 0 0 0 0 0 0 0 0 0 0 0 0 0 0
375374 0 0 1 1 1 1 1 1 1 1 1 1 1 0 0 1 1
376886 1 0 1 1 1 1 1 1 1 1 1 1 1 1 1 1 1
376985 0 0 0 0 0 0 0 0 0 0 0 0 0 0 0 0 0
377247 0 0 0 0 0 0 0 0 0 0 0 0 0 0 0 0 0
378221 1 1 0 0 0 0 0 0 0 0 0 0 1 0 0 0 0
378495 0 0 0 0 0 0 0 0 0 0 0 0 0 0 0 0 0
378785 0 0 0 0 0 0 0 0 0 0 0 0 0 0 0 0 0
379102 0 0 0 0 0 0 0 0 0 0 0 0 0 0 0 0 0
379439 1 0 0 0 0 0 0 0 0 0 0 0 0 0 0 0 0
379854 1 1 0 0 0 0 0 0 0 0 0 1 0 1 0 0 0
380338 0 0 0 0 0 0 0 0 0 0 0 0 0 0 0 0 0
380684 0 0 1 0 0 0 0 0 0 0 0 0 0 0 0 0 0
380882 0 0 0 0 0 0 0 0 0 0 0 0 0 0 0 0 0
381294 0 0 0 0 0 0 0 0 1 0 0 0 0 0 0 0 0
381792 0 0 1 1 1 1 1 1 1 1 1 1 1 1 1 1 1
383087 1 0 0 0 0 0 0 0 1 0 0 0 0 0 0 1 0
383111 0 0 0 0 0 0 0 0 0 0 0 0 0 0 0 0 0
383731 0 0 0 0 0 0 0 0 0 0 0 0 0 0 0 0 0
384330 0 0 0 0 0 0 0 0 0 1 0 0 0 0 0 0 0
384688 1 0 0 0 0 0 0 0 0 0 0 0 0 0 0 0 0
384707 0 0 1 1 1 1 1 1 1 1 1 1 1 1 1 1 1
385399 0 0 0 0 0 0 0 0 0 0 0 0 0 0 0 0 0
386841 0 0 1 1 1 1 1 1 1 1 1 1 1 1 1 1 1
388514 0 0 0 0 0 0 0 0 0 0 0 0 0 0 0 0 0
389997 0 0 0 0 0 0 0 0 0 0 0 0 0 0 0 0 0
390146 0 0 0 0 0 0 0 0 0 0 0 0 0 0 0 0 0
390333 1 1 0 0 0 0 0 0 0 0 0 0 0 0 0 0 0
390383 0 0 0 0 0 0 0 0 0 0 0 0 0 0 0 0 0
390438 0 0 0 1 0 0 0 0 0 0 0 0 0 0 0 1 0
390680 0 0 0 0 0 0 0 0 0 0 0 0 1 0 1 0 0
390996 0 1 0 0 0 0 0 0 0 0 0 0 0 0 0 0 0
392463 0 1 0 0 0 0 0 0 0 0 0 0 0 0 0 0 0
392518 0 0 0 0 0 0 0 0 0 0 0 0 1 0 0 0 0
392680 0 0 0 0 0 0 0 0 0 0 0 0 0 0 1 0 0
392786 0 0 0 0 0 0 0 0 0 0 0 0 0 0 0 0 0
393031 0 0 0 0 0 1 0 0 0 0 0 0 0 0 0 0 0
394703 0 0 1 0 0 1 0 0 0 0 1 0 0 0 0 0 0
394879 0 0 0 0 0 1 0 0 0 0 0 1 0 0 0 0 0
394886 0 0 0 0 0 0 0 0 0 0 0 0 0 0 0 0 0
396502 0 0 0 0 0 0 0 0 0 0 0 0 0 0 0 0 0
396936 0 0 0 0 0 0 0 0 0 0 0 0 0 0 0 0 0
397202 0 0 1 1 1 1 1 1 1 1 1 1 0 1 1 1 1
397827 0 0 0 0 0 0 0 0 0 0 0 0 0 0 0 0 0
398644 0 0 0 0 0 0 0 0 0 0 0 0 0 1 0 0 0
399006 0 0 0 0 0 0 0 0 0 0 0 0 0 1 0 0 0
399173 1 1 0 0 0 0 0 0 0 0 0 0 0 0 0 0 0
399572 0 0 0 0 1 0 0 1 0 0 0 0 0 0 0 0 0
399824 0 0 1 0 1 0 0 0 0 0 0 0 0 0 1 0 0
400256 1 1 0 0 0 0 0 0 0 0 0 1 0 0 0 0 1
400446 0 0 1 1 1 1 1 1 1 1 1 1 1 1 1 1 1
400823 0 0 1 1 1 1 1 1 1 1 1 1 1 1 1 1 1
401268 0 0 0 0 0 0 0 1 0 0 0 0 0 0 0 0 0
401449 0 0 0 0 0 0 0 0 0 0 0 0 0 0 0 0 0
401615 0 0 0 1 1 1 1 0 1 1 1 1 1 1 1 1 1
401798 0 0 0 0 0 0 0 0 0 0 0 0 1 0 0 0 0
402379 0 0 0 0 0 0 0 1 0 0 0 0 1 0 0 0 0
403034 0 0 0 0 0 0 0 0 0 0 0 0 0 0 1 0 0
404948 0 0 0 0 0 1 1 0 0 0 0 0 0 0 0 0 0
405609 1 1 0 0 0 0 0 0 0 0 0 0 0 0 0 0 0
407014 0 0 0 0 0 0 0 0 0 0 0 0 1 0 0 0 0
407300 0 0 0 0 0 0 0 0 0 0 0 0 0 0 0 0 0
407401 0 0 0 1 0 0 0 0 0 0 0 0 0 1 0 0 0
407566 0 0 1 1 1 1 1 1 1 1 1 1 1 1 1 1 1
408212 1 0 0 0 0 0 0 0 0 0 0 0 0 0 0 0 0
408890 0 0 1 0 0 0 0 0 0 0 0 0 1 0 0 0 0
409356 0 0 0 0 0 0 0 0 0 0 0 1 0 0 0 0 0
409840 0 0 1 1 1 1 1 1 1 1 1 1 1 1 1 1 1
410605 0 0 1 0 1 1 1 1 1 1 1 1 1 1 1 1 1
410695 0 0 0 0 1 0 0 0 0 0 0 0 0 0 0 0 1
411849 1 0 0 1 0 0 0 0 0 0 0 0 0 0 0 1 0
412163 0 0 0 0 0 0 0 0 0 0 0 0 0 0 0 0 0
412348 0 0 0 0 0 0 0 0 0 0 0 0 0 0 1 0 0
412976 0 0 0 0 0 0 0 0 0 0 0 0 0 0 0 0 0
413512 1 1 0 0 0 0 0 0 0 0 0 0 1 0 0 0 0
414104 1 1 1 0 0 0 0 0 0 0 0 0 0 0 0 1 0
414657 0 0 0 0 0 0 0 0 0 1 0 0 0 0 0 0 0
414771 1 1 0 1 0 0 0 0 0 0 0 0 0 0 0 0 0
415742 0 0 0 0 0 0 0 0 0 1 0 0 0 0 0 0 0
416162 0 0 0 0 0 1 0 0 0 0 0 0 0 0 0 0 0
417198 0 1 0 0 0 0 0 0 0 0 0 0 0 1 0 0 0
417521 0 0 0 0 0 0 0 0 0 0 0 0 0 0 1 0 0
417663 1 1 0 0 0 0 1 0 0 0 0 0 0 0 0 0 0
418177 0 0 0 0 0 0 0 0 0 0 0 0 0 0 0 0 0
418521 0 1 0 0 0 0 0 0 0 0 0 0 0 0 0 0 0
418859 0 0 1 1 1 1 1 1 1 1 1 1 0 1 1 1 1
419566 1 1 0 0 0 0 0 0 0 0 0 0 0 0 0 0 0
419862 0 1 0 0 0 0 0 0 0 0 0 0 0 0 0 0 0
419926 0 0 0 0 0 0 0 0 0 0 0 0 0 0 0 0 0
420643 1 1 0 0 0 0 0 0 0 0 0 0 0 0 0 1 0
421169 0 0 0 0 0 0 0 0 0 0 0 0 0 0 0 0 0
421322 1 1 0 0 0 0 0 0 0 0 0 0 0 0 0 0 0
422289 0 0 1 1 1 1 0 1 1 1 1 1 1 1 1 1 1
423198 0 0 0 0 0 1 0 0 0 0 0 0 0 0 0 0 0
423306 0 0 0 0 1 1 0 0 0 0 0 0 0 0 0 0 0
423591 0 0 0 0 0 0 0 0 0 0 0 0 0 0 0 0 0
423864 0 0 0 0 0 0 1 0 0 0 0 0 0 0 0 0 0
424074 0 0 0 0 1 0 0 0 0 0 0 0 0 0 1 0 0
424948 0 0 0 0 0 0 0 0 0 0 0 0 0 0 0 0 0
425538 0 0 1 1 1 1 1 1 1 1 1 1 1 1 1 1 1
425548 1 1 0 0 0 0 0 0 1 0 0 0 1 0 0 0 0
426084 1 1 0 0 1 0 0 0 0 0 0 1 0 0 0 0 0
426835 0 0 0 0 0 0 0 0 0 0 0 0 0 0 0 0 0
427507 0 0 0 0 0 0 0 0 0 0 0 0 0 0 0 0 0
427671 0 0 0 1 0 0 0 0 0 0 0 0 1 0 0 0 0
428277 0 0 0 0 0 0 0 0 0 1 0 0 0 0 0 1 0
428543 1 0 0 0 0 0 0 1 0 0 0 0 0 0 0 0 0
428737 0 0 0 0 0 0 0 0 0 0 0 0 0 0 0 0 0
428993 0 0 0 0 0 0 0 0 0 0 0 0 0 0 0 0 0
429708 0 0 0 0 0 0 0 1 0 0 0 0 0 0 0 0 0
430159 1 1 0 0 0 0 0 0 0 0 0 0 0 0 0 0 0
430314 0 0 0 0 0 0 0 0 0 0 0 0 0 0 0 0 0
431076 0 0 0 0 0 0 0 0 0 0 0 0 0 0 0 0 0
431210 0 0 1 1 1 1 1 1 1 1 1 1 1 1 1 1 1
432229 0 0 0 0 0 0 0 0 0 0 0 0 0 0 0 0 0
433190 0 0 0 0 0 0 0 0 0 0 0 0 0 0 0 0 0
433362 1 1 0 0 0 0 0 0 0 0 0 0 0 0 0 0 0
434010 1 1 0 0 0 0 0 0 0 1 0 0 0 0 0 0 0
434715 0 0 0 0 0 1 0 0 0 0 0 0 0 0 0 0 0
434830 0 0 0 0 0 0 0 0 0 0 1 0 0 0 0 0 0
434917 0 0 1 0 0 0 0 1 0 0 0 1 0 0 0 0 0
435295 0 0 0 0 1 0 0 0 1 0 0 0 0 0 0 0 0
435398 0 0 0 0 0 0 0 0 0 0 0 0 0 0 0 0 0
436671 1 1 0 0 1 0 0 0 0 0 0 0 0 0 0 0 0
436894 0 0 0 0 0 0 1 0 0 0 0 0 0 0 0 0 0
437689 0 1 0 0 0 0 0 0 0 0 0 0 0 0 0 0 0
437872 0 0 1 1 1 1 0 1 1 1 1 0 1 1 1 1 1
437941 0 0 0 0 0 0 0 0 0 0 0 0 0 0 0 0 0
438641 1 1 0 1 0 0 0 0 0 0 0 0 0 0 0 0 0
438643 1 0 0 0 0 0 0 1 0 0 0 0 0 0 0 0 0
439577 0 0 1 1 0 1 1 1 1 1 1 1 1 1 1 1 1
440729 0 0 0 0 0 0 0 0 0 0 0 0 0 1 0 0 0
440745 0 0 0 0 0 0 0 0 0 0 0 0 0 0 0 0 0
440865 0 0 0 0 0 0 1 0 0 0 0 0 0 0 0 0 0
440989 0 0 0 0 0 1 0 0 0 0 0 0 0 0 0 0 0
441252 0 1 0 0 0 0 0 0 0 0 0 0 0 0 1 0 0
441533 1 1 0 0 0 0 0 1 0 0 0 0 0 0 0 0 0
442025 0 0 0 0 0 0 0 0 0 0 0 0 0 0 1 0 0
443332 0 0 0 0 0 0 0 0 0 0 0 0 0 0 0 0 0
443731 0 0 0 0 0 0 0 0 0 0 0 0 0 0 0 0 0
444456 1 1 0 0 0 0 0 0 1 0 0 0 0 0 0 0 0
444520 0 0 0 0 0 0 0 0 0 0 0 0 0 0 0 0 0
445274 1 1 0 0 0 0 0 0 0 0 0 0 0 0 0 0 0
446298 0 0 0 0 0 0 0 0 0 0 0 1 0 0 0 0 0
446414 0 0 1 1 1 1 0 1 1 1 1 1 0 1 1 1 1
447224 0 0 0 0 0 0 0 1 0 0 0 0 0 0 0 0 0
447487 0 0 1 0 0 0 0 0 0 0 0 0 0 0 0 0 0
447892 0 0 0 0 0 0 0 0 0 0 0 0 0 0 0 0 0
448214 0 0 0 0 0 0 0 0 0 0 0 0 0 0 0 0 0
448649 0 0 0 0 0 0 0 0 1 0 0 0 0 0 0 1 0
449361 1 1 0 0 0 0 0 0 0 0 0 1 0 0 0 0 0
449928 1 1 0 0 1 0 0 0 0 0 0 0 0 0 0 0 1
449985 0 0 0 0 0 0 0 0 0 0 0 0 0 0 0 0 0
450500 0 0 0 0 0 0 0 0 0 0 0 0 0 0 0 0 0
451488 0 0 0 0 1 0 0 0 0 0 0 0 0 0 0 0 0
451582 0 0 0 0 0 0 0 0 0 0 0 0 0 0 0 0 0
451931 1 0 1 0 0 0 0 0 0 0 0 0 0 0 0 0 0
452208 0 0 0 0 0 0 0 0 0 0 0 0 0 0 0 1 0
453326 0 0 0 1 0 0 0 0 0 0 0 0 0 0 0 0 0
453375 0 0 0 0 0 0 0 0 0 0 1 0 0 0 0 0 0
453437 0 0 0 0 0 1 0 0 0 0 0 0 0 0 0 0 0
455309 0 0 0 0 0 0 0 0 0 0 0 0 0 0 0 0 0
455520 1 1 0 0 0 0 0 0 0 0 0 0 0 0 0 0 0
455588 0 0 0 0 0 0 0 0 0 0 0 0 0 0 0 0 1
456757 0 0 1 1 1 1 1 1 1 1 1 1 1 1 1 1 1
457506 1 1 0 0 0 0 0 0 0 0 0 0 0 1 0 0 0
458156 0 1 0 0 0 0 0 0 0 0 0 0 0 0 0 0 0
458888 0 0 0 0 0 0 0 0 0 0 0 0 0 0 0 0 0
458993 0 0 0 0 0 0 0 0 0 0 0 0 1 0 1 0 0
460073 0 0 0 0 0 0 0 0 0 0 0 0 0 0 0 0 0
460644 0 0 0 0 0 0 0 0 0 0 0 0 0 0 0 0 0
461141 0 0 0 1 1 0 0 0 0 0 0 0 0 0 0 0 0
462210 0 0 0 0 0 0 0 0 0 0 0 0 0 0 0 0 1
462922 1 1 0 0 0 0 0 0 0 0 0 0 0 0 0 0 0
463139 0 0 0 0 0 0 0 0 0 0 0 0 0 1 0 0 0
463500 0 0 0 0 0 0 0 0 0 0 0 0 0 0 0 0 0
463662 0 0 0 1 1 1 1 1 1 1 1 1 1 1 1 1 1
466304 0 0 1 0 0 0 0 0 0 0 0 0 0 0 0 0 0
466454 1 1 0 0 0 0 0 0 0 0 0 0 0 0 0 0 0
466832 0 0 0 1 0 0 0 0 0 0 0 0 0 0 0 0 0
468534 1 1 0 0 0 0 0 0 0 0 0 0 0 0 0 0 0
469419 0 0 1 1 1 1 1 1 1 1 1 1 1 1 1 1 1
469463 0 0 1 0 1 1 1 1 1 1 1 1 1 1 1 1 1
470004 0 0 0 0 0 0 0 0 0 0 0 0 0 0 0 0 0
470620 0 0 0 0 0 0 0 0 0 0 0 0 0 1 1 0 0
471336 0 0 0 0 0 0 0 0 0 0 0 0 0 0 0 0 0
471583 0 0 0 0 0 0 0 0 0 0 0 0 0 0 0 0 0
471620 0 0 0 0 0 0 0 1 0 0 0 0 0 0 0 0 0
472011 0 0 1 1 1 1 1 1 1 1 1 1 1 1 1 1 1
472190 0 0 1 1 1 1 1 1 1 1 1 1 0 1 1 1 1
472444 0 0 0 0 0 0 0 0 0 0 0 1 0 0 0 0 0
473001 0 0 0 0 0 0 0 0 0 1 0 0 0 0 0 0 0
475566 0 0 0 1 0 0 0 0 0 0 0 0 0 0 0 0 1
475666 0 0 0 0 0 0 0 0 0 0 0 0 0 0 0 0 0
476448 0 0 0 0 0 0 0 0 1 0 0 0 0 0 0 0 0
478024 1 1 0 0 0 0 0 0 0 0 1 0 0 0 0 0 0
478676 0 0 0 0 0 0 0 0 0 0 0 0 0 0 0 0 0
478992 0 0 0 0 0 0 0 0 0 0 0 0 0 0 0 0 0
480619 0 0 0 0 1 0 0 0 1 0 0 0 0 0 0 0 0
480831 0 0 0 0 0 0 0 0 0 0 0 0 0 0 0 0 0
481513 1 1 0 0 0 0 0 0 0 0 0 0 0 0 0 0 0
482373 0 0 0 0 0 0 0 0 0 0 0 0 0 0 0 0 0
482584 0 0 0 0 0 0 0 1 0 0 1 0 0 0 0 0 0
482982 0 0 0 0 0 0 0 0 0 0 0 0 0 0 0 0 0
482986 0 0 0 0 0 0 0 0 0 0 0 0 0 0 0 0 0
482991 0 0 0 0 0 0 0 0 0 0 0 0 0 0 0 0 0
483647 0 1 0 0 0 0 0 0 0 0 0 0 0 0 1 0 0
484501 0 0 0 0 0 0 0 0 0 0 0 0 0 0 0 0 0
484561 0 0 0 0 0 0 0 0 0 0 0 0 0 0 0 0 1
484750 0 0 0 0 0 0 0 0 0 0 0 1 0 0 0 0 0
485080 0 0 0 0 0 0 0 0 1 0 0 0 0 0 0 1 0
485254 0 0 0 0 0 0 0 0 0 0 0 0 0 0 0 0 0
486332 0 1 0 0 0 0 0 0 0 0 0 0 0 0 0 0 0
489239 0 0 0 0 0 0 0 0 0 0 0 1 0 0 0 0 0
489905 0 0 0 1 0 1 0 0 0 0 0 0 0 0 0 0 0
490115 0 0 0 0 0 0 1 0 0 0 0 0 0 0 0 0 0
490624 0 0 1 1 1 1 1 1 1 1 1 1 1 1 1 1 1
490853 0 0 1 1 1 1 1 1 1 1 0 1 1 1 1 1 1
491430 1 1 1 0 0 0 0 0 0 0 0 0 0 0 0 0 0
491667 0 0 0 0 0 0 0 0 0 0 0 1 0 0 0 0 0
492227 0 0 1 1 1 1 1 1 1 1 1 1 1 1 1 1 1
492555 0 0 0 0 0 0 0 0 0 0 0 1 1 0 0 0 0
494020 1 1 0 0 0 0 0 0 0 1 0 0 0 0 0 0 0
494286 0 0 0 0 0 0 0 0 0 1 0 0 0 0 0 0 0
494409 0 0 1 1 1 1 1 1 1 1 1 1 1 1 1 1 1
495195 0 0 0 0 0 0 0 0 0 0 0 0 0 0 0 0 0
495476 0 0 0 0 1 0 0 0 0 0 0 0 0 0 0 0 0
496127 0 1 1 1 1 1 1 1 1 1 1 1 1 1 1 1 1
496148 0 0 0 0 0 0 0 0 0 0 0 0 0 0 0 0 0
496201 0 0 0 0 0 1 0 0 0 0 0 0 0 0 0 0 0
497867 0 0 0 0 0 0 0 0 0 0 0 0 0 0 0 0 0
498764 1 1 0 0 0 0 1 0 0 0 0 0 0 0 0 1 0
499583 0 0 0 0 0 0 0 0 0 0 0 0 0 0 0 0 0
499709 0 0 0 0 0 0 0 0 0 0 0 0 0 0 0 0 0
500473 0 0 0 1 0 0 0 0 0 0 0 0 0 0 0 0 0
501043 0 0 0 0 0 0 0 0 1 0 0 0 0 0 1 0 0
501167 0 0 1 0 1 1 1 1 1 1 1 1 1 1 0 1 1
501204 1 1 1 0 0 0 0 0 1 0 0 0 0 0 0 0 0
501544 0 0 1 1 1 1 1 1 1 1 1 1 1 1 0 1 0
502212 0 0 0 0 0 1 0 0 0 0 0 0 0 0 0 0 0
502904 1 1 0 0 0 0 0 1 0 0 0 0 0 0 0 0 1
503684 0 0 0 0 0 0 0 0 1 0 0 0 0 0 0 0 0
503909 0 0 0 0 0 0 0 0 0 0 0 0 0 1 0 0 0
504199 0 0 1 0 0 0 0 0 0 0 0 0 0 0 0 0 0
504221 1 1 0 0 0 0 0 0 0 0 0 0 1 0 0 0 0
504412 0 0 0 0 0 0 0 0 0 0 0 0 0 0 0 0 0
504513 0 0 0 0 0 0 0 0 0 0 0 0 0 0 0 0 0
504784 0 0 0 0 0 0 0 0 1 0 0 0 0 0 0 0 0
505613 0 0 0 0 0 0 0 0 0 0 0 0 0 0 0 0 0
505814 0 0 0 0 0 0 0 0 0 0 0 0 0 0 0 1 0
505914 0 0 0 1 0 1 0 0 0 0 0 0 0 0 0 0 0
506046 1 1 0 0 0 0 0 0 0 0 0 0 0 0 0 0 0
507217 1 1 0 0 1 0 0 0 0 0 0 0 0 0 0 0 0
507975 0 0 0 0 0 1 0 0 0 0 0 0 0 0 0 0 0
508516 0 0 0 0 0 0 0 0 0 0 1 0 0 0 1 0 0
511278 0 0 0 0 0 0 0 0 0 0 0 0 0 0 0 0 0
511689 0 0 0 0 0 0 0 0 0 0 0 1 0 0 0 0 0
512055 0 1 0 0 0 0 0 0 0 0 0 0 0 0 0 0 0
512729 0 0 0 0 0 0 0 0 0 0 0 0 0 0 0 0 0
514884 1 1 0 0 0 0 0 0 0 0 0 0 0 0 0 1 0
515526 0 0 0 0 0 0 0 0 0 1 0 1 0 0 0 0 0
516259 0 0 1 1 1 1 1 1 1 1 1 1 1 1 1 1 1
516354 0 0 0 0 0 0 0 0 0 0 0 0 0 0 0 0 0
517559 0 0 0 0 0 0 0 0 0 0 0 0 0 0 0 0 0
518306 0 0 0 0 0 0 0 0 0 0 0 0 0 0 0 0 0
518323 0 0 0 0 0 0 0 0 0 0 0 0 0 0 0 0 0
518791 0 0 0 0 0 0 0 0 0 0 0 0 0 0 0 0 0
518982 0 0 0 0 0 0 0 0 0 0 0 0 0 0 0 0 0
519197 1 1 0 0 0 0 0 0 0 0 1 0 0 0 0 0 0
519271 0 0 0 0 1 0 0 0 0 0 0 0 0 0 0 0 0
519686 0 0 0 0 0 0 0 0 0 0 0 0 0 0 0 1 0
520048 0 0 0 0 0 0 0 0 0 0 0 0 0 0 0 0 0
520574 0 0 0 0 0 0 0 0 0 0 0 0 0 0 0 0 0
521655 0 0 0 1 0 0 0 0 0 0 0 0 0 0 0 0 0
521723 0 0 0 0 0 0 0 0 0 0 1 0 0 0 0 0 0
522219 0 0 0 0 0 0 0 0 0 0 0 0 0 0 0 0 0
522378 0 0 0 0 1 0 0 0 0 1 0 0 0 0 0 0 0
523046 0 0 0 0 0 0 0 0 0 0 0 0 0 0 0 0 0
523267 0 0 0 0 0 0 0 0 0 0 0 0 0 0 0 0 0
523525 0 1 0 0 0 0 0 0 0 0 0 0 0 0 1 0 0
524460 0 0 0 0 0 0 0 0 0 0 0 0 0 0 0 0 0
524866 1 1 0 0 0 0 0 0 0 0 0 0 0 0 0 1 0
526095 1 1 0 1 0 0 0 0 1 0 0 0 0 0 0 0 0
526608 1 1 0 0 0 0 0 0 0 0 0 1 0 0 0 0 0
526801 1 1 0 0 0 0 0 0 0 0 0 0 0 0 0 0 0
526811 0 0 1 1 1 0 1 1 0 1 1 1 1 1 1 1 1
527570 0 0 0 1 1 1 0 1 1 1 1 1 1 1 1 1 1
527680 0 0 0 0 1 0 0 0 0 0 0 0 0 0 0 0 0
527792 0 0 0 0 0 0 0 0 0 0 0 0 0 0 0 0 0
527948 0 0 0 0 0 0 0 0 0 0 0 0 0 0 1 0 0
528346 0 0 1 1 1 1 1 1 0 1 1 1 1 1 1 1 1
528695 1 1 0 0 0 0 0 0 0 0 0 1 0 0 0 0 0
529057 0 0 0 1 0 0 0 0 0 0 0 0 0 0 0 0 0
529516 0 0 1 1 1 1 1 1 1 1 1 1 1 1 1 1 1
529823 0 0 0 0 0 0 1 0 1 0 0 0 0 0 0 0 0
530304 0 0 0 0 0 0 0 1 0 0 0 0 0 0 1 0 0
530647 0 0 0 0 1 0 0 0 0 0 0 0 0 0 0 0 0
530846 0 0 0 0 0 0 0 0 0 0 0 0 0 0 0 0 0
531024 0 0 1 1 0 1 1 1 1 1 1 1 1 1 1 1 1
531201 1 1 0 0 0 0 0 0 0 0 0 0 0 0 0 1 0
534435 1 1 0 0 0 0 1 0 1 0 0 0 0 0 0 0 0
535477 0 0 0 0 0 0 1 1 0 0 0 0 0 1 0 0 0
535762 0 0 0 0 0 0 0 0 0 0 0 0 0 0 0 0 0
536296 0 0 0 1 0 1 0 0 0 0 0 0 0 0 0 0 1
536302 1 1 0 0 0 0 0 0 0 0 0 0 0 0 0 0 0
536482 0 0 0 0 0 0 0 0 0 0 0 0 0 0 0 0 0
537720 1 1 0 0 0 0 0 1 0 0 0 1 0 0 0 0 0
539156 0 0 0 0 0 0 0 0 0 0 0 0 1 0 0 0 0
539292 0 0 0 0 0 0 0 0 0 0 0 0 0 0 0 0 0
539353 0 0 0 0 0 0 0 0 0 0 0 0 0 0 0 0 0
539578 0 0 0 0 0 0 0 0 0 0 0 0 0 0 0 0 0
539948 0 0 0 0 0 0 0 0 0 0 0 0 0 0 0 1 0
540443 1 1 0 0 0 0 0 0 0 0 0 0 0 0 0 0 0
540798 0 0 0 0 0 0 0 0 0 0 0 0 0 0 0 0 0
540836 0 0 0 0 0 0 0 0 0 0 0 0 0 0 0 0 0
540846 0 0 1 1 1 1 1 1 1 1 1 1 1 1 1 1 1
541122 0 0 0 0 0 0 0 0 0 0 0 0 0 0 0 0 0
541690 0 0 0 0 0 0 0 0 0 0 0 0 0 0 0 0 0
541918 0 0 1 1 1 1 1 1 1 1 1 1 1 1 1 1 1
542633 1 0 0 0 0 0 0 0 0 0 0 0 0 0 0 0 0
543463 0 0 0 1 0 0 0 0 0 0 0 0 0 0 0 0 0
543516 0 0 0 0 0 0 0 0 0 0 0 0 0 1 0 0 0
543550 0 0 1 1 1 1 1 1 1 1 1 1 1 1 1 1 1
543565 0 0 0 0 0 0 0 0 0 0 0 0 0 0 0 0 0
543979 0 0 0 0 0 0 0 0 0 0 0 0 0 0 0 0 1
544242 0 0 1 1 1 1 1 1 0 1 1 1 1 1 1 1 1
548391 0 0 0 0 0 0 0 0 0 0 0 0 0 0 0 0 0
548482 0 0 0 0 1 0 0 1 0 0 0 0 0 0 1 0 0
