2654 3707
4455 4590
2718 4250
1738 4945
3215 3426
3216 3977
162 4875
3997 4555
21 4394
1367 2784
4585 4671
3054 3775
3212 4385
938 4497
3686 4771
3359 4387
3895 4589
4828 4889
4899 4987
2815 4907
1109 1685
1598 4864
695 4241
32 2937
936 4438
2073 4280
2825 4789
3267 4311
519 4551
1716 4864
426 4079
3664 4603
3385 4411
3475 4537
2540 2711
2825 4614
393 4007
4201 4551
3292 3570
997 4138
1884 4555
364 3655
3944 4939
4304 4483
847 4875
2156 3359
1954 3916
392 4903
3220 4456
4102 4197
2106 3858
1595 2104
2652 4540
3421 4223
4630 4687
2121 4412
3686 4661
1318 4756
3707 4551
2366 4638
3360 4873
3916 4425
2903 4807
4007 4744
1193 4987
2698 2718
803 3638
1034 4938
1487 4729
3383 3720
3293 3573
635 4400
3570 4102
1838 4233
1120 2696
3452 4729
941 4086
3421 4295
2318 4144
1889 4620
1336 4860
2184 4148
759 4899
1896 3227
2430 4409
2604 4406
1108 4311
2185 4123
2944 3296
4188 4939
2154 4970
607 3205
2104 4261
901 1837
3079 4793
3247 4326
1086 4618
2825 4299
3655 4830
2005 4400
3293 3587
2458 4807
1936 3886
4704 4830
1713 3972
2766 4907
3176 3769
1144 4882
1156 2790
901 4939
2347 4744
1019 3247
3186 3960
4326 4680
1416 1749
1490 3930
4575 4685
1427 4652
2545 4793
1763 3421
1345 4939
2571 4793
315 4739
2061 3360
1133 4513
3195 3380
3227 4622
2678 4987
160 3960
2166 4773
2476 4280
460 3972
415 4771
3207 4406
2962 3220
2265 3639
2975 3997
2940 4241
3702 4630
3720 4513
876 4729
2251 4387
3172 4782
3739 4007
2739 2903
1889 4638
2282 2599
3916 3930
1259 4425
2545 2708
656 4865
1487 4882
780 3658
4513 4864
189 3685
726 4739
395 4647
4483 4899
2290 4953
2584 3175
3685 4081
2815 3205
941 4123
2406 4739
2286 4565
1165 2197
519 4354
1878 4992
2627 4603
2954 4828
2813 4572
3639 4647
2114 2387
1308 3358
973 4024
4540 4713
3380 4860
3895 4704
4022 4903
2095 3570
2944 4425
3793 4250
3192 4394
2604 4387
2527 4860
4223 4585
4081 4394
3175 4261
21 4875
3253 4945
1917 3119
759 2727
1672 4686
1470 4756
2353 4865
2736 4022
3686 4729
1194 4225
938 4931
1841 4782
833 3682
3220 4685
160 4250
1541 4261
1289 4604
3769 4186
4513 4882
279 4174
3186 4604
1445 4412
3539 3626
347 4246
2430 3629
543 3292
4079 4834
3901 4830
3297 4859
3119 3680
3358 3394
135 3775
3205 4456
640 4604
2197 4729
2290 4598
4343 4671
226 4671
2318 2963
314 3030
1884 4246
1245 4939
4138 4280
4834 4992
1685 3595
1031 4860
3360 4899
3732 4945
2154 4860
3291 3811
3707 3989
2353 2603
761 4295
2756 3930
2665 3664
1650 4934
1878 3207
3705 4865
4299 4865
2251 3858
234 4022
2937 4572
349 4859
2994 4704
3895 4830
4225 4537
904 2604
1389 4889
3944 4651
1318 4938
2568 4970
3385 4789
4326 4425
3359 4807
3605 4123
4311 4945
3626 4976
2478 4793
2678 4809
2046 2597
2790 4859
3474 3944
1721 4265
35 3587
1598 2211
3930 4375
4526 4953
2241 4219
2095 4543
2975 4186
1047 2318
547 4201
1131 1362
3247 4590
21 4685
1059 4687
1131 4455
1533 4295
3297 4652
3426 4585
1763 4567
4102 4540
1597 2154
3930 4604
1289 4375
1863 3475
1734 4889
3626 4987
3793 4375
2570 3383
1838 4438
1017 3394
2265 4739
21 3794
1109 3474
2962 4148
4225 4491
4651 4889
1319 3918
70 3186
3535 3702
1738 2119
2387 4807
1917 4543
1611 4860
3775 4598
3977 4491
1763 4572
1486 4739
3360 4483
2739 4491
4169 4807
1510 3475
354 2736
1212 3358
2505 4948
3155 3175
2184 4394
2760 4830
2351 4934
2947 4295
1598 3705
2696 4859
1019 3360
2427 3137
4899 4953
2832 4298
3793 4764
3935 4551
1342 3732
2784 4622
1470 4618
996 4953
2185 4555
2975 3895
3790 4622
4403 4652
2387 2903
4756 4773
4953 4987
2727 4873
4102 4526
3394 4614
3875 4419
2492 4875
1734 4875
1862 4491
595 3930
4081 4875
349 3989
1561 4551
1501 2765
941 4661
3732 3918
3216 3916
3811 4782
4875 4907
1155 3629
1144 4945
3247 4931
1156 1871
2760 4948
635 4144
3658 3957
2654 4586
2696 2760
3997 4793
1713 4590
1308 4614
3106 4945
4108 4739
4081 4456
4497 4680
3972 4585
2318 4400
3535 4931
1308 4789
4201 4586
4572 4704
498 779
4483 4987
695 4889
2021 4233
2505 3021
4526 4874
421 4970
1805 3119
1319 4882
2545 4834
1561 2240
1470 4773
2005 4144
1734 4652
1378 2119
1597 4860
435 4233
2564 3292
4039 4123
3587 4193
2637 4945
2211 4882
3795 4687
3176 3997
3535 4487
4108 4873
415 458
3972 4455
4299 4938
1390 4671
3389 4456
1487 2297
3573 4992
2604 4807
1903 3935
1289 4764
2589 4704
3916 4223
2756 4012
314 3595
690 4828
2184 3794
3186 4764
3972 4931
1672 4614
3410 4469
4299 4756
4572 4590
1291 4394
2832 3595
3474 4409
1805 3875
2120 4652
3421 4830
3176 3957
4326 4931
2842 4456
2283 3220
996 4483
4326 4455
2318 3653
2903 4406
1245 4651
4354 4586
1155 4575
160 2506
2584 2956
4526 4809
3186 4896
3426 4326
4102 4647
349 1597
1383 4903
4882 4945
461 4603
2766 4259
4540 4647
1087 4789
4455 4585
1383 4419
4241 4403
4572 4830
2211 4864
1034 2669
547 3989
2109 4598
353 4934
2208 4618
1936 3471
2740 4744
4311 4864
1719 4987
128 3266
1658 4661
3175 4782
4108 4148
3901 4948
3718 4543
3794 4945
1140 4764
4343 4687
3748 4419
314 4298
2940 4889
1133 4864
395 4976
3957 4086
668 4022
349 2400
4079 4865
432 4864
2430 4298
897 4298
607 4259
2576 4647
3916 4117
2156 4756
1719 4976
3739 4219
2157 2276
3655 4295
2265 3079
3748 4685
1953 4744
1390 4931
2109 3385
3426 4687
4537 4789
3595 3603
2237 4859
1841 4744
2576 4976
799 2568
1862 4807
997 4976
2061 4483
547 4586
3316 4948
2539 4828
1193 4540
1854 4907
1501 3020
2142 2154
235 1844
3523 4201
2283 2766
3380 4744
3682 3705
4295 4572
4622 4865
690 4651
2119 4311
4614 4773
1948 2744
2727 4899
3172 3175
2610 4953
4219 4469
1149 4575
4298 4409
1486 4526
3247 4425
421 4860
3278 4138
364 4704
4455 4487
901 4079
1595 4945
1843 2604
3539 4874
2728 3653
661 4589
1948 4934
2728 3994
2478 2571
1953 4469
668 3972
3410 4219
1426 3175
2021 4174
2944 3216
3360 4976
4280 4598
3263 4939
2101 3380
2610 4899
2954 4651
4219 4859
1165 3918
683 4565
1510 4620
1971 4138
2669 4618
3916 4585
2462 4589
3718 4773
2599 4756
1140 2711
2163 3977
1193 4526
2471 4859
2257 4907
1716 4513
2061 4987
1721 4992
3394 4686
314 4409
1345 4756
2736 4903
1971 3775
435 626
2816 4704
2240 3989
4108 4899
4225 4387
2545 3658
3516 4618
3020 4012
1598 3383
3266 4555
3278 3949
4197 4647
4661 4771
1884 4123
2736 3119
3059 4789
3186 3638
1039 3960
3253 4704
1533 4948
2879 3119
2842 4875
1308 4686
1611 3989
3030 3595
2669 4756
4265 4295
235 4586
3156 3607
2879 4903
3247 4343
3358 4565
4024 4219
4259 4875
4261 4782
1407 4603
2142 4970
803 4764
881 4953
1378 4729
2879 4419
466 3573
2276 4385
4828 4934
1953 4756
3685 3794
2940 3605
904 4638
3059 3658
3523 4622
1319 1716
3605 3957
1513 4948
1533 4830
2540 4551
2947 4948
4412 4438
1356 2290
3296 4680
3705 4265
1140 4250
1120 2400
1427 1917
3587 4992
1734 4828
2406 4618
683 3516
1721 4793
2571 4086
2652 4739
2940 4828
4241 4651
1595 3720
833 4992
3769 4771
2114 4859
2157 4385
432 4939
3460 4412
2418 3811
4394 4875
4197 4976
3054 3603
4526 4647
3215 4223
4223 4497
1685 4298
2637 4882
3944 4828
3944 4241
3021 4948
3176 4411
4108 4483
1812 4953
4225 4406
176 4575
2744 4551
3205 4875
1282 4789
1101 3535
1119 2842
2661 4280
495 4299
2262 3977
333 4455
4403 4889
2497 3516
2760 4295
3202 4537
2597 4513
4241 4652
4555 4793
1212 4773
1031 2564
2073 4411
1884 3355
4108 4976
1611 4024
32 4572
1390 4630
1561 4586
4102 4873
897 4409
1659 4622
726 3601
2744 2832
4680 4875
2476 3603
2435 3570
3535 4680
3266 4793
3949 4138
2975 4188
4265 4865
3944 4652
880 4899
2116 3994
2571 3355
2268 4455
1903 3707
683 4618
4169 4225
1225 4469
2114 2568
2691 4385
2268 4931
1319 3769
1917 4419
4739 4976
690 4939
3212 3875
2418 4992
3172 3207
882 4259
2760 4896
779 4604
3202 4491
3516 4756
1716 4945
3930 3989
3994 4603
3227 3989
3523 4586
3603 4411
3345 4756
2116 4589
779 4375
1846 4265
2740 4970
4223 4630
347 4771
3639 4953
939 4455
1019 4987
466 4834
4304 4419
2106 4406
623 4575
4874 4953
2828 4241
498 4764
395 4953
3794 4875
1636 4491
2821 4387
4304 4903
2954 4939
4647 4987
303 4543
3316 4830
4354 4874
4873 4874
3682 4782
2627 3653
2286 4938
3216 4931
3752 3775
4387 4638
2696 4860
1144 4939
2430 3474
519 3989
2107 2459
3960 4882
2492 4456
2262 2387
4647 4976
4551 4586
2120 4188
3795 4343
105 3079
2101 3155
169 4896
3790 3935
2458 3137
2654 4354
3977 4169
2540 3935
3195 4138
799 4024
2614 4138
3114 4739
1169 4945
2744 4586
3385 4598
1120 3195
2366 4387
595 4250
543 4186
2257 3220
912 3705
2106 2695
2166 4938
4497 4687
3901 4572
3886 4830
2718 3601
1812 4809
2744 4354
4012 4304
3054 3752
1823 4604
1017 2429
2156 3202
3296 3702
4387 4620
4809 4987
35 4865
1854 4456
2597 3732
3359 4406
2095 4903
3664 3994
2816 4830
4686 4756
330 3638
2201 4907
2708 3769
1844 3935
695 2665
110 2107
4618 4789
375 623
2104 3650
2471 4970
3216 4889
4108 4874
353 4939
2353 3291
1716 3918
3916 4931
4188 4889
2505 4411
4540 4976
3385 3603
349 4970
1812 4874
2744 4622
1561 4622
2167 4903
759 4953
4409 4575
1041 4793
2208 4938
2182 3739
2185 3570
761 1416
2691 4903
1101 4789
1356 4598
1445 2142
2589 4551
2815 2962
1166 4638
3292 4874
3570 4123
3460 4174
1284 3355
2947 4830
3389 4907
3886 4589
4652 4934
3358 4938
2937 4948
3291 3650
3790 4354
2816 4567
1087 3516
1581 3297
435 4572
2182 4860
3064 4614
2698 3960
333 1863
2527 3064
2201 4456
4647 4809
2492 3748
2121 4174
2962 4259
3957 4661
3207 4865
3263 4403
1007 4117
3957 3997
3215 4540
3944 4934
4039 4756
2347 4970
4680 4931
1871 4992
3156 4992
2873 3360
4859 4970
799 4469
2597 4311
498 1268
2654 4551
2471 4469
1843 4807
1533 4896
1903 4586
2086 4756
714 4590
3156 4265
2784 3935
2276 4543
4526 4713
1823 2506
4299 4487
2879 3718
1034 3358
1659 2740
4117 4687
4483 4739
1149 3595
543 4246
3795 4931
1144 3383
1597 4782
2603 4079
2597 3267
1659 1953
2157 4419
2265 3360
353 4403
1644 4945
4647 4874
2539 4889
3707 4828
4873 4953
2765 4022
1120 2262
562 1293
2353 2579
3247 4630
3278 4280
4117 4680
110 4250
2163 4537
2571 4661
2427 3202
2046 4882
3752 4411
1019 4899
2240 3127
375 4409
1191 4782
3535 4630
780 4039
3587 4148
1367 4201
3793 4834
1069 4039
2506 3930
2545 4186
3267 4945
2816 3901
3957 4039
3587 4079
1878 3650
2816 4896
3573 4193
3059 4186
1889 2427
2241 4744
3202 4387
2005 3653
3475 4406
1903 4201
1541 4193
4 4618
3359 4491
2571 3176
2297 2584
395 4873
4789 4938
3291 4261
2297 3253
426 3293
4865 4992
2539 4403
3794 4148
1120 4385
2564 4970
1445 2282
1731 4438
3570 3769
3385 3858
3639 4540
2937 3655
912 4865
4614 4756
2678 3977
2505 4830
3539 4739
2661 4411
3215 4687
1844 3707
4425 4487
4889 4939
3977 4225
695 4939
3156 4834
2240 4551
4809 4874
2599 4938
3686 4246
1356 4138
4024 4744
635 4603
4265 4834
4250 4604
936 4233
1846 4299
2478 4771
3175 3293
3008 3421
3389 4081
2815 3794
1734 4939
2956 3207
1445 4174
1416 2462
2201 4148
4219 4744
2975 3605
1841 3172
2815 4394
1169 4882
3114 4873
1156 4860
1501 4903
4123 4661
2825 4565
1017 2163
2828 4934
761 3655
1738 4882
4647 4953
4590 4687
1889 4169
2166 4789
2116 3901
1644 3732
3718 4903
3638 3960
303 4354
4086 4123
4713 4899
2758 4375
3383 4864
1109 3595
2570 2947
1763 3886
3655 4948
1108 4729
4513 4729
4704 4948
2521 4729
1156 4859
1837 4934
1034 4686
2406 2669
4311 4513
1812 4590
3718 4304
415 3997
2119 2197
1342 4864
2211 3020
1659 4469
4201 4354
333 4687
4081 4385
2458 3977
1728 1841
1829 4686
3297 4744
3263 4889
235 2744
1829 3452
4108 4540
4647 4713
1140 3960
1079 3030
468 3297
3186 3793
1917 4385
173 4764
1510 3202
303 4201
3297 4970
1561 3127
1805 4385
595 4764
2940 4939
4469 4744
3607 4079
70 173
110 3638
4197 4809
1133 1644
1259 1713
2142 3297
702 4661
2736 4543
904 4225
2576 4713
4739 4874
3421 4896
2163 3202
4782 4992
3114 3360
4169 4620
4638 4661
1336 3739
2954 4934
3895 4567
2095 4385
1165 4945
2784 4586
1087 3394
2564 3202
392 2276
354 4903
1716 3383
4241 4934
2283 4875
1719 4874
1426 4834
607 3748
4225 4620
3410 3739
2435 4661
4 4685
2156 3794
2832 3030
4219 4970
4565 4938
128 3202
1191 3650
1728 3650
2599 2825
936 4174
3137 4225
2589 4295
3523 4354
1367 3935
279 4412
2669 4686
393 4744
1595 4882
4744 4970
2282 4412
2956 3030
3475 4491
1636 4807
2708 3605
2478 3570
1829 4729
458 3957
2570 3918
3192 4685
3516 4686
460 939
1728 4873
3394 4773
1367 2744
1917 3718
2708 4246
4086 4246
1837 4889
2163 4807
640 3960
3079 3355
2237 4469
2579 2584
2497 4773
315 4874
2718 4604
1829 4864
4261 4992
2527 3523
3192 4907
3355 4771
3358 4614
3452 4882
4953 4976
3935 4201
3811 4992
1823 3379
1672 4938
4400 4603
426 4865
996 4899
1291 3794
1019 4809
4225 4638
4261 4834
1936 4830
3291 3705
1854 2652
2540 2654
330 4375
2458 4102
2956 4860
2940 4403
3474 4298
3603 3752
2815 4875
3720 4729
2928 4304
4469 4859
303 3523
847 4543
2114 4970
3471 4188
1863 4638
4555 4661
2505 2937
2879 4543
1829 3267
2994 4896
3215 4630
2116 4572
1650 4889
3957 4246
235 4201
226 395
1871 4469
4713 4873
3685 4343
2962 4907
4246 4661
3155 3752
1658 4565
2462 3471
1611 2347
4526 4976
432 4828
2678 4873
4223 4565
3114 4713
3795 4680
1047 3664
3227 3707
1597 3784
3008 4948
3264 4469
169 3901
3775 4280
2766 3220
2435 4186
1561 3523
3784 4859
2954 4188
562 4992
392 4419
2947 4704
2696 4469
2614 3603
4526 4987
690 4201
2599 4860
2728 4603
3059 4555
35 2584
1510 4807
1644 4513
3682 4809
562 4834
4756 4789
4773 4938
1426 4782
2429 4618
2286 2497
4343 4590
530 1407
1017 4789
1149 4409
4079 4782
3702 4671
4651 4652
3685 4456
1563 4992
2584 4425
3192 3389
1166 2163
1490 2459
250 4456
2107 2730
4117 4585
4620 4638
495 4686
3474 3595
4403 4939
3918 4945
2290 2614
3539 4976
4455 4647
1812 4713
3972 4630
3155 4138
656 2669
1244 3795
974 4604
2832 4575
2614 4598
3629 4409
2197 3106
2435 2708
3207 4455
1109 4575
1953 4860
2727 4809
3263 4188
2821 4169
4197 4713
279 4438
2318 4903
3650 4865
894 4572
2711 3523
1120 2154
2627 4144
3638 4764
796 4409
2257 3794
1389 4652
2086 4903
530 2402
2637 3918
3355 4661
250 1308
2154 4012
279 4233
595 3960
4148 4907
2589 3895
2678 2727
2568 2962
3707 3935
4859 4860
2576 4102
796 4575
562 4598
2462 4896
234 4304
1816 3994
2576 4987
3202 4620
1245 4889
2696 2790
1378 3739
1319 4311
1284 4555
2730 4604
2540 3989
530 3680
2208 4756
3293 4265
3379 3994
1416 3957
3247 3296
1871 4970
734 4497
1345 4188
3682 4079
3732 4882
1059 4497
3626 4739
3775 4865
2237 4744
901 4934
4934 4939
2184 4875
3682 4193
2318 4603
2275 3935
656 4992
3316 3471
4 4756
4108 4809
1863 3202
2497 4756
2095 4012
1259 4455
998 4233
3769 3997
4299 4618
4406 4537
1191 4865
234 4903
2730 2758
1487 4864
1948 4406
2954 4889
3421 4589
1838 2121
998 1712
3360 4987
3471 3895
4739 4899
4406 4620
135 1971
1293 1884
1712 4438
2492 4148
1843 4406
661 1713
1131 4687
3702 4223
4193 4865
2661 3752
2873 4412
4012 4419
626 4438
1470 4686
3106 4882
939 4671
4024 4859
2711 3989
1144 4513
2275 4551
3655 4572
2576 3858
1731 1838
1846 4789
2736 3020
4188 4934
4295 4567
3054 4138
4298 4575
623 4409
695 4828
803 2698
2962 3685
2406 3573
3972 4343
1319 4945
1854 3748
2166 4565
833 3811
1289 2459
1047 1407
3795 4487
2678 4197
4874 4889
973 4860
226 4630
4406 4491
1889 4491
2211 4945
3355 4086
912 2353
2157 3212
2429 3516
3452 4945
2353 3175
2813 4948
3720 4992
2652 4713
4102 4899
2584 4782
1862 4620
3292 4793
2275 3227
3626 4899
2005 3379
4354 4551
2197 3732
2268 4223
4102 4713
1191 4079
3021 4589
3739 4024
4456 4875
4809 4873
2347 3264
2430 4575
3410 4860
3155 4598
2695 4406
2387 4638
2402 3186
2765 4729
3020 3212
2570 4729
939 4343
1862 4537
3345 4789
4497 4630
2597 4864
4299 4565
1598 4729
1581 4469
2711 4551
3175 4265
702 4186
2665 4603
3858 4406
1917 2654
4652 4889
2086 3875
1563 3207
4144 4603
2347 4859
3603 4598
2652 4953
2142 4859
1587 1823
2603 3172
315 4953
2579 4261
2691 4543
4012 4543
364 4830
468 2790
936 4412
3539 4899
702 4793
4491 4537
4590 4671
1672 2208
3292 3605
3895 4948
4976 4987
442 3595
1721 4865
1541 4992
3686 4406
2290 3775
4614 4630
1194 4406
779 1587
1383 4782
4686 4773
1816 4400
4233 4412
2506 3186
1971 4598
1166 4387
2903 4620
4589 4948
1268 2756
4411 4598
2435 4793
4108 4987
1259 4671
2758 4604
1805 2095
2813 4233
3972 4497
4241 4939
4651 4828
2603 4992
2109 2476
3215 4590
2353 4782
3296 4567
2821 3359
1427 4828
2073 3278
2603 4782
3020 4304
3748 4907
2956 4354
3253 4729
3664 4400
2182 3784
1079 4298
3263 3475
4713 4739
2610 4647
3639 4483
761 4896
3383 3918
3680 4304
3603 3949
4589 4830
2937 4830
3858 4387
2120 4939
2471 4007
1728 3207
3054 4280
2086 2167
1953 4551
1119 4907
2257 4394
2521 4864
4618 4756
2661 4598
3658 4246
973 4970
833 4865
1844 4622
1749 2816
2418 3682
1407 3664
4 4686
21 4456
2527 4144
1844 4586
1215 2262
3702 4680
1389 4403
2400 2564
4590 4931
2418 3573
881 4987
3227 4354
3216 4326
3474 3629
1843 3475
3664 4938
3008 3886
2073 3603
3977 4406
4671 4687
1212 4789
535 4771
3793 3875
1903 4622
543 4661
547 4622
1927 3316
1486 4976
3471 4948
2156 2458
1658 4618
2627 4400
4739 4987
2406 4773
1812 4976
2283 4685
1581 1953
2665 3994
2637 4311
3626 4873
3266 3292
3655 3886
3212 4903
2579 3172
2101 4138
2821 4385
2744 3935
2521 4882
1069 4123
1486 4987
3394 4618
2665 4400
3639 4899
2351 3944
4186 4638
2579 4992
110 1268
3720 4945
894 4295
3886 4567
1889 2815
1728 4865
2505 3008
1595 4729
1837 4828
1041 3930
2497 4938
4186 4807
3605 4039
4188 4652
35 4834
1119 3752
1927 4896
2825 4756
4197 4874
2185 4661
3452 4311
2828 4889
3127 4354
2366 4807
1513 4896
3008 3471
894 4948
2237 4970
2962 3748
901 4403
4809 4976
2571 2708
1650 4828
3994 4400
234 2402
3748 4394
4526 4540
333 4343
3127 4586
4188 4651
2462 4948
2652 4874
1854 4875
4326 4948
2928 3680
2815 3192
1823 4375
1225 2756
3380 3410
847 1007
1390 4680
2237 3195
2539 4934
2928 4903
1816 3379
1837 4652
3195 4859
3601 4764
4585 4680
2760 4704
1225 4375
3021 3655
3207 4261
4540 4987
3784 4860
1155 2832
1215 4638
1345 4651
4526 4873
2406 4686
2944 4630
2821 4491
4874 4976
997 4953
1936 2816
2937 3886
2104 4834
4572 4948
2711 3707
4012 4022
1954 3216
2813 4295
105 4661
4873 4899
1356 3155
4343 4585
4540 4739
466 3293
2610 4102
1404 4589
1513 4882
3474 4575
4117 4487
2730 4764
3977 4620
1318 4686
4874 4987
4896 4970
2182 4859
4403 4938
226 4590
353 4651
3030 4575
2282 4233
2184 3748
2021 2282
635 1816
1587 4250
3752 4138
4497 4671
3702 4425
2873 4174
4138 4411
2106 4138
3944 4188
2201 4259
1007 4976
4487 4680
997 4713
1838 3205
3685 4907
1837 3918
3264 4024
4540 4873
442 4575
803 1823
1215 4620
3127 3989
4419 4543
1101 4938
3460 3997
607 4907
169 4704
2402 4304
2476 3949
1407 4400
2163 2427
2727 4953
1713 4931
1749 4298
2106 2251
2842 4907
3858 4169
661 1927
2527 3297
4590 4630
4618 4773
1894 4680
2691 3875
3247 4311
1862 4586
4425 4585
2813 4896
1119 4685
3886 4704
2521 3106
2570 4311
2975 3658
4685 4907
2718 3739
3901 4295
4412 4651
421 1611
881 4874
4618 4938
4343 4680
4201 4860
3345 4565
2627 2665
4630 4680
2784 4201
3535 4590
1780 3793
1087 4938
2527 4970
1109 4409
2816 4948
1862 1948
1427 4241
1816 4144
1086 4299
2430 3595
2589 4567
105 4793
2400 3895
2727 4713
3263 4934
2275 3316
3316 4896
1389 4934
1155 4882
2696 4744
3192 4259
3059 4771
2109 4387
1404 3655
2975 3957
3127 4551
4169 4537
2185 4039
1927 2947
1245 4828
4394 4907
3653 4400
2197 4219
2654 3523
4860 4970
535 4246
2505 2760
4108 4953
461 4144
2156 2387
3266 3769
1541 3607
3705 3811
3291 4992
3664 4144
3790 4586
4188 4241
2101 4411
3205 4907
3573 3650
3858 4807
1490 3935
2728 4400
1749 2994
4197 4483
2184 4685
3605 4086
1293 4793
1404 4394
2758 4764
4007 4219
1244 4931
2695 3858
3997 4086
1378 4864
442 4298
1878 3573
734 4687
4585 4630
2286 4789
1282 3394
2730 3930
4326 4497
70 1039
1738 2211
3064 4789
3989 4622
974 3793
3811 4834
2182 4007
1672 4193
2842 4387
2815 4081
1894 1954
4739 4809
1721 4193
530 4543
2756 4604
1954 4585
2614 4411
1133 4729
3106 3720
3176 3605
3389 4394
1156 4219
2201 4685
2740 2790
1059 4487
1193 4647
3207 4419
2400 4859
3216 4671
796 2832
2046 4311
3784 3977
1047 2627
1598 4945
269 4903
1731 2121
3156 3207
1284 4771
2842 4394
2021 4438
1587 4874
941 3957
1510 2739
2492 3794
3702 4931
3570 4771
2290 3385
4375 4764
3394 4565
173 1039
1841 4865
4259 4456
2109 3054
4086 4555
3949 4598
2760 3886
4793 4830
3972 4326
702 3605
3705 4261
3176 4661
4540 4899
661 4830
595 2730
2539 4652
2506 4764
2873 4438
1837 4939
269 4022
1169 1829
759 4874
1510 4491
2262 4620
1289 3638
2121 4233
2784 4551
1896 3316
876 4882
2251 3137
1658 4299
1644 3452
1678 3106
3030 4298
2637 4513
4102 4809
4873 4987
2240 4622
3732 4225
3293 4992
3653 4603
162 3192
1007 4526
1342 4729
4491 4620
3680 4385
1678 3452
1793 4953
347 3957
3603 4280
1291 3220
354 3212
656 4782
2599 4299
3994 4144
1140 3601
4487 4585
303 3707
353 4889
998 4412
2766 4685
1282 4938
2104 3587
1731 4233
1829 3253
2276 4419
796 3629
2241 4970
3292 4186
3682 4261
1650 4939
1426 4865
3523 3790
2766 4875
2021 2121
1086 4789
1896 4567
2661 4976
1678 4882
2828 4652
4809 4899
1719 4713
2106 4491
1871 3410
1805 4756
4455 4630
4024 4970
226 4497
2478 4246
2005 3769
1971 4280
1490 2758
2599 4618
3795 4630
2821 3137
1342 2297
32 2589
2107 4764
4540 4953
2435 3658
189 4685
1041 3769
1404 4896
1490 2975
2828 4651
1837 2879
4483 4526
3172 4992
3977 4807
3263 4651
2954 4241
392 4012
135 3212
1844 4354
3215 4931
460 3916
796 897
1658 4938
2599 3345
2698 4250
4039 4555
3626 4809
3172 4265
2711 4586
3264 3380
1712 4233
2963 3664
3875 4385
1721 2956
1863 4537
2282 2873
626 1712
2597 4729
690 4934
3127 4201
421 4744
2956 4079
1291 4081
4223 4326
2471 3297
468 4469
3394 4938
3064 4686
2458 4638
2297 3732
998 4438
1140 2756
162 4081
876 3267
882 4685
2283 4081
1587 4764
2167 4304
3030 3629
3253 4864
1644 2119
3638 3930
1407 4144
1031 4007
4280 4411
897 3474
128 4555
2402 4419
1225 3601
4565 4945
3291 3682
4589 4704
135 3949
1131 4630
1650 4295
3705 4992
3316 4572
1416 2813
2545 4086
3997 4771
607 4148
1362 4680
1108 4945
2614 3775
4403 4651
4385 4543
2527 3784
2539 4939
432 2142
1228 2873
1149 1685
3949 4411
2116 4567
2104 4193
1917 4903
1404 4830
3587 3811
110 1587
2201 4024
3155 4411
702 4970
1805 4903
2758 3638
1678 3732
1953 2400
2944 4931
734 2061
3516 4773
4197 4873
4246 4771
530 4022
3008 4896
1713 4585
4188 4828
1114 4483
3345 3358
3059 3266
4102 4953
4469 4970
4575 4589
2570 4513
661 4651
2994 4830
3253 4882
2120 4889
1427 4934
1749 4572
3680 4903
2351 4939
4756 4938
974 3930
133 2458
1650 4403
2107 2718
2570 2903
3227 3935
2268 3916
3205 3389
938 4425
415 683
375 2430
354 3718
2497 4789
1650 4652
2101 4598
2237 2740
2262 3858
4565 4618
461 3379
3607 4193
4261 4865
2728 4144
3977 4537
2603 4326
880 4108
3263 4828
250 3192
1658 4789
4197 4739
2610 4108
4585 4687
1954 4223
2154 4807
1166 4537
3811 4865
3949 4079
3021 4572
2570 4411
3292 4039
2265 4713
3264 4859
3595 4298
1047 4400
4896 4948
4108 4647
4456 4939
3106 3383
1685 4575
3426 4630
3264 4970
1712 4174
3587 4782
1165 4513
1793 4483
2654 4622
1763 4896
2564 4882
2947 4567
1780 2718
3639 4873
2297 4864
4241 4889
3702 4326
1636 4225
2765 3680
1336 3380
4039 4771
4455 4931
2944 4590
2564 4859
1581 4219
1362 4326
1059 2387
3790 3989
3215 4425
4899 4976
3355 4186
880 4976
2691 4012
160 3930
2873 3460
3655 4704
3686 4039
226 4117
2241 3195
461 3994
1114 4899
1719 4809
3278 4411
2698 4375
3195 4744
393 4024
2828 3944
2351 4652
4540 4874
498 4250
2241 3784
3916 4671
2167 3119
2119 4945
4483 4647
2956 4834
2756 4764
160 4793
2691 4992
1672 4565
3539 4987
1378 4513
3539 4526
2825 4938
4343 4425
2627 3994
1087 4614
3205 3748
2282 3460
2492 4907
3220 4148
4081 4907
4102 4739
2109 4280
4526 4899
3626 4483
2669 4565
1971 2101
1563 4865
4186 4771
3253 3267
2351 4828
1793 4197
3216 3702
912 4992
2506 4250
2521 3267
460 3535
2928 4543
1378 3253
2197 3452
2418 4782
2669 2758
3607 4992
4425 4497
189 3192
562 4265
176 4409
4117 4497
3059 4661
4186 4513
3383 4945
2347 2568
466 4782
661 3901
2268 4680
535 1069
947 4638
3539 4540
347 4123
1114 1793
4543 4903
234 1383
2669 4773
2661 3385
347 3658
3650 4992
3535 4455
1878 4865
1843 4491
4311 4882
1259 4487
3079 3686
1501 2879
3008 4589
2954 4652
1611 2237
904 4169
1244 1954
2387 2604
3918 4864
2696 3195
1894 4590
2109 4411
3916 4590
4614 4938
626 3460
3079 3570
2101 3972
25 4513
3682 4834
2366 2739
4079 4265
2142 4219
4123 4311
2765 4012
458 4555
3345 4938
2711 3790
894 4970
1871 3784
2727 4638
3358 4773
1133 3732
3359 4638
1846 4565
1896 3021
880 4809
392 1259
3638 4250
1513 3895
2669 4614
2459 2698
2718 2730
1780 3186
2275 3523
466 4729
2283 4907
1194 2695
1816 4603
1318 4618
3686 3957
1470 4299
4586 4622
3215 4680
4585 4638
4354 4622
2086 4304
2400 4860
2736 4304
4828 4939
2459 3960
4567 4572
3918 4882
2429 4565
4834 4865
1212 4756
2568 4744
882 4828
3059 4793
2576 4953
973 2527
2257 3748
3278 4598
3475 4638
1284 3079
2290 3949
3119 4022
4246 4409
3686 3997
3358 4686
2492 4394
2366 4169
3296 3795
1114 4873
2061 4976
2185 3658
3607 4834
3607 4265
3021 3186
1486 4809
495 4773
2739 4638
3875 4012
1563 4079
2821 4807
173 3601
4565 4585
2813 4567
4169 4638
2815 4567
4225 4807
2963 4896
364 3895
2107 4604
4638 4807
2114 4860
1293 4771
3379 3664
2527 4859
1034 4565
4387 4903
133 2903
2282 4438
3079 4771
1445 3460
1119 3389
3790 4551
3266 4771
2740 4219
2476 3752
3784 4024
4012 4385
3020 3680
1194 4807
2402 4012
3960 4375
1445 4438
4102 4987
996 4874
2760 3790
3345 4773
460 2816
4102 4874
1228 4793
2603 3811
2963 3653
2610 4976
938 4117
1470 4938
3639 4739
3296 4585
2120 4934
4261 4598
3535 4687
2637 3383
3570 4086
2167 4543
1513 3316
3291 4782
3292 3997
426 4992
2940 4934
4651 4934
1245 4934
432 4934
623 3030
4193 4834
1533 1896
2539 3944
1031 4859
2275 4586
2257 4875
3054 3155
1416 3421
3176 4039
1658 4614
2975 4555
2005 3994
1470 1716
269 2928
2402 4385
2614 3278
780 4555
543 4793
4299 4686
4686 4789
3595 4409
2268 3795
897 4575
3345 4614
1291 4907
4403 4828
3972 4687
1749 3895
1927 3021
947 4603
3685 4685
2286 4614
3212 4543
2589 4589
1345 4828
1936 4948
2637 4864
2570 4945
2790 4860
1017 4614
4259 4907
3114 4953
2347 3421
4123 4555
135 3752
2832 3629
3207 4193
1416 4704
189 4875
1293 3355
3607 4782
3739 4744
938 4223
1308 4773
904 4387
2166 4756
2661 2962
1017 1101
2571 4186
2579 3650
4773 4789
2166 2406
2665 3653
1191 4834
640 4764
2821 4201
3008 4704
1079 3664
3127 3452
3752 4598
3935 4622
2241 3739
1889 4687
2661 3155
4086 4809
1228 3460
2545 4246
1513 2597
1225 4250
3794 4685
876 4513
2251 4491
3137 4537
269 3875
947 3664
4483 4976
1007 4197
882 4875
2956 3156
1587 3155
947 4400
3156 4193
162 3220
2756 4375
3380 4412
3686 4186
2418 4865
847 4685
2610 4483
1894 3296
1581 4860
1894 4343
543 3426
941 3059
2597 3355
133 4225
2046 4729
3769 4661
3916 4343
936 3460
1445 4233
3137 4387
1318 2429
2116 2994
3253 4311
3686 4793
3570 3605
2061 4193
656 4261
4265 4782
1896 4896
4169 4304
2579 4899
3793 4889
432 4889
1356 4604
2197 4882
2765 3989
2956 4193
2940 4651
4241 4828
3064 3345
3748 3794
535 4086
847 4456
2240 4586
189 4259
2114 4024
4081 4685
1728 4992
1108 4419
1595 3918
2576 4873
2944 4487
4729 4864
1838 4174
2366 4537
315 4828
25 3607
1244 4223
1854 2842
1659 3380
4590 4618
1069 4793
2928 3875
3379 4603
3732 4864
1215 2156
4652 4939
2286 4756
4671 4931
2698 4604
3064 4756
105 1293
1678 4945
4739 4953
1903 4354
3720 4311
4687 4931
3605 4970
1954 4012
3629 4575
3739 4860
4117 4455
2564 3264
1101 4022
4123 4992
4197 4899
799 3784
726 3960
1345 4889
2406 4299
2061 4953
2740 4469
1903 4661
2156 4620
4614 4789
881 4483
1215 4537
668 4455
623 3629
3137 4406
70 2758
4343 4497
1738 4729
1805 2928
3296 4497
894 2994
1039 3793
250 4148
1854 2766
4729 4882
2073 2661
3516 4938
1007 4874
1948 4387
1841 4834
25 4864
3293 4834
4713 4953
4987 4992
996 4809
2347 3359
3718 4385
1685 4375
1193 4809
1501 4022
2947 2994
2962 3389
2061 4713
2459 3266
2576 3475
1389 4939
1079 2832
2540 3790
3379 4144
4585 4931
1225 4764
2928 4385
1636 4620
1780 4604
2106 4638
3266 4086
3686 4086
3601 4250
4487 4497
4647 4873
4551 4622
1644 1889
1763 4589
3278 3385
173 4604
2208 4299
1731 4174
668 4671
2739 3475
2652 4976
2744 4497
1336 4859
2387 4620
2739 4387
2994 4572
997 4987
1846 4614
3215 3972
3296 4931
3658 3997
3601 3793
128 4246
1362 4630
2201 4875
4144 4400
2614 3949
1041 4039
25 4882
3587 3607
3858 4537
2406 4938
4455 4687
4647 4859
4830 4948
1889 2739
1031 4970
25 2570
519 547
780 4661
1155 4409
3227 3790
2790 4970
780 3769
2903 4169
941 4614
2790 3380
2418 2579
2402 3212
2104 3573
2275 4622
3748 4875
2994 4567
4565 4686
2095 4022
1843 3977
2116 4295
176 4298
2963 4400
668 714
3156 4865
3247 4223
4540 4809
3718 3875
2208 4773
1228 4412
714 4931
3020 3875
4456 4685
4223 4425
3114 4976
1268 1823
1587 3793
4889 4934
1194 2604
3155 4280
1490 4604
3989 4551
1079 4409
1390 4491
3316 4589
2545 3176
1086 4565
4860 4875
3626 4108
4007 4647
2784 4555
3205 4148
3601 3960
4012 4223
2142 2564
2521 3720
3008 4830
4487 4630
2265 4976
3685 4394
2521 4945
364 4295
1069 4186
4864 4945
442 2462
3720 4882
250 4394
1282 4773
2766 4585
2046 4864
1841 3175
3114 4874
4299 4773
2842 3389
3195 3410
3410 4859
3795 4497
2765 3718
2728 3379
3216 4117
1863 3359
2828 4939
393 2527
1541 4834
4590 4680
4174 4438
876 2497
2963 3379
4223 4590
4169 4387
3426 4874
4873 4976
1427 4889
1581 4007
1212 4686
3639 4987
3718 4012
3291 3587
4188 4403
998 4174
4265 4992
3707 3790
415 2478
2347 4860
2182 4992
2940 3944
2182 2740
2736 3680
3811 4265
2695 3359
4197 4540
2101 3949
1059 3535
3106 3452
4651 4939
3686 4555
2471 3739
1155 4298
2237 4491
2937 4704
354 4419
3895 4896
726 4764
4138 4598
234 3426
1838 4412
779 2756
3421 3901
2476 4411
1734 4934
3639 4976
4148 4259
1383 2765
3720 4864
2637 4400
2821 4537
2678 4713
4201 4671
2497 4970
2167 2765
4567 4589
2744 4223
2691 3020
4197 4987
1597 2564
562 2603
939 4326
1846 4756
4647 4899
1878 3682
4686 4938
3426 4425
2695 4807
35 2046
3106 4513
314 4575
3247 4671
4771 4789
2459 3793
3127 4117
1383 2879
4497 4931
4739 4873
4174 4233
1426 2603
3021 4896
1108 2211
2351 4889
3292 4555
3475 4807
1169 4864
2462 4809
3421 4948
3263 4241
640 3793
3263 4652
458 4661
468 4007
1659 4970
2262 2695
3638 4455
3658 4123
2813 3886
2297 3720
847 3685
2265 4899
35 2956
2784 3989
2954 4455
1041 3997
1971 4807
135 4280
1131 4931
2994 3172
1719 4873
3793 4948
3901 4704
3989 4354
162 4259
468 3784
4022 4543
2240 2711
3385 4138
759 2739
3119 4419
1166 4225
2283 4148
2366 3359
3784 4007
4874 4899
882 4148
1114 4987
3426 4117
2568 3264
2086 3680
947 3653
1896 4948
1383 4543
4686 4948
1228 4438
2208 4686
1356 3775
1086 4773
2262 2539
315 4873
2828 4828
2427 4387
442 3474
1894 3795
1948 3858
4671 4680
2157 2691
1362 4687
901 4652
726 3930
3471 4896
3769 4793
2599 4773
1563 4261
1948 4807
2471 4744
683 4614
3216 4487
4647 4739
799 4744
375 4575
3685 4875
4483 4874
4039 4793
3916 3972
2478 4992
442 4081
1793 4874
4469 4685
269 3595
734 4326
2073 4138
4487 4931
2275 3127
2963 4603
4555 4771
1282 4618
235 3127
4455 4671
973 4744
635 3653
4148 4456
4565 4614
1041 4123
21 3474
1108 3918
3114 4540
1871 4859
3539 4809
4713 4987
1101 3064
912 3172
173 2297
2462 2505
1244 4687
3977 4638
2584 4834
435 4438
3064 4299
3114 3901
974 4375
1169 3918
803 974
4685 4875
2114 4007
3137 4652
3707 4622
734 4931
4250 4375
2506 2758
314 4860
133 4537
1367 4622
2046 4945
3380 4970
3650 4834
2678 4874
3079 3944
4680 4686
169 1513
1144 4729
3267 4882
4864 4970
2975 4771
3629 4298
1336 4970
936 2351
734 4620
2005 4603
1487 1598
2665 2728
1490 3793
2879 3212
714 4117
1268 4764
3227 4586
626 4412
3650 3705
4 4789
1133 4555
3795 4425
1120 4469
894 4704
3595 3653
3205 4081
3054 3385
4343 4630
1039 4764
3901 4567
1390 4687
3426 4931
3389 4259
330 4604
519 4201
833 4834
2497 4565
2963 4144
330 1780
2944 4585
4572 4589
4652 4828
2251 4620
2821 4638
4201 4622
4403 4934
997 4934
2120 4651
3385 4280
4193 4782
4537 4620
3516 4789
880 4987
3972 4651
4589 4896
2429 4614
458 3176
495 1846
1780 4375
435 4412
3021 3895
32 3471
3426 4487
3267 4864
3360 4526
3601 4604
354 4830
3626 4953
4117 4671
1948 2427
1284 4661
882 4456
2120 3205
176 3474
3064 4938
4406 4409
1079 4575
1636 3858
3410 4024
4326 4671
333 4326
3607 3811
1404 4948
2478 4186
2652 4526
4169 4491
4744 4860
3227 4201
1927 4567
4 3730
21 3740
25 3936
32 4927
35 3324
70 4707
105 4465
110 4814
128 4854
133 4218
135 4274
162 4871
169 1184
173 4696
176 2839
189 4753
226 4980
234 3550
235 237
250 3881
269 4158
279 4923
303 4593
314 3813
315 3149
330 3956
333 3955
347 4301
349 429
353 4557
354 4627
364 4932
375 3906
392 2839
393 1413
395 3201
415 3326
421 4881
426 3434
432 4498
435 4318
442 4844
458 3438
460 4883
461 4101
466 2014
468 2553
495 4733
498 4247
519 4621
530 3279
535 797
543 3179
562 4371
595 4755
607 2239
626 4195
635 4877
640 4206
656 2907
661 4496
668 4763
683 2688
690 978
695 4844
702 4961
714 4364
726 3978
734 4932
759 3449
761 3467
779 3332
780 2066
796 4707
799 4559
803 4748
833 4891
847 4986
876 3648
880 3909
881 4515
882 4911
897 4799
901 2438
904 4019
912 4969
936 3233
938 3832
939 4964
941 4515
736 947
973 4025
974 2066
996 4937
997 4755
998 1898
1007 4060
1017 2791
1019 4929
1031 4611
1034 4801
1039 4516
1041 4224
1047 4668
1059 4216
1069 3061
1079 4892
1086 4848
1087 4523
1101 4388
1108 1895
1109 4413
983 1114
1119 4485
1131 3084
1133 4991
1140 4370
1144 4673
1149 4047
1155 4720
1156 4391
1165 4502
1166 4967
1169 4916
1191 4965
1193 3376
1194 2793
1212 1715
1215 3869
1225 2245
1228 4658
1244 4119
1245 3669
1259 1806
1268 4528
821 1282
1284 3799
1289 4776
1291 4393
1293 4668
1308 1496
1318 3564
1319 4530
1336 2155
1342 4538
1345 2335
741 1356
1362 4523
1367 3342
1378 3151
1383 4634
1389 1921
1404 4050
1407 3817
1416 3727
1426 4871
1427 4415
1445 3352
1470 3462
1486 4242
895 1487
1490 3381
1351 1501
1510 4698
1513 3689
1533 4930
1541 4505
1561 2461
1563 2526
1581 4972
1587 4887
1595 4404
1597 4697
1598 3193
1611 4950
1636 4853
1644 4296
1650 4900
1658 2970
1659 4753
1672 3729
1339 1678
1685 3635
1712 4847
1713 4437
1716 4535
1719 4549
1721 4821
1728 4055
1734 4672
1316 1738
1749 4861
1763 2152
1780 4674
1793 4968
1805 4904
1812 3662
1816 3520
1823 4170
917 1829
1837 4392
1838 4313
1841 4574
1843 4812
1844 2256
1846 3097
1854 3843
1862 3781
1863 3455
1871 3009
1878 4184
1884 4300
1894 4114
1896 4023
1903 4579
1917 2793
1927 2069
1936 2333
1948 2479
1953 2222
1954 4472
1971 4636
2005 3439
1591 2021
2046 4677
2061 3256
2073 4529
2086 2996
1975 2095
2101 3464
2104 4675
2106 4127
2107 4069
2109 4792
2114 4516
2116 4433
2119 3039
2120 4960
2121 4695
2142 3361
2154 4020
1070 2156
2157 4494
2163 4000
2166 2380
2167 4745
1877 2182
2184 4861
2185 3971
2197 4851
2201 2530
171 2208
2204 2211
2237 4644
2240 4069
2241 2600
2251 4164
2257 4135
2262 4997
2268 4904
2275 4898
50 2276
2282 4997
2283 4059
2286 4599
2290 3337
2297 4763
2318 3145
2347 4801
2351 4617
2353 2396
2366 3841
2387 3348
1949 2400
2402 4677
2406 4511
2418 3301
2427 4136
2429 3998
2430 2978
2435 3937
2458 4502
2459 4909
2462 4891
2471 4852
2476 4036
2478 2605
2492 4816
2497 4675
2505 4615
2506 4420
2521 2724
2527 3687
2539 4905
2540 2701
2545 4747
2564 4444
2568 4440
2570 4883
2571 4965
2576 2635
2579 4338
2584 3699
879 2589
2597 4178
2599 4217
2603 3830
2604 4308
861 2610
112 2614
2627 4229
2637 4440
1924 2652
2654 4077
2661 2844
117 2665
2669 3931
2678 4762
2691 4741
2633 2695
2696 4972
2698 4851
1885 2708
2711 4609
2718 3214
2727 4335
2728 4714
2730 4001
2736 4855
2739 4211
2740 4968
2701 2744
2535 2756
2758 2759
2760 3050
2330 2765
2766 2796
2784 4436
2790 4294
2813 4547
2815 3838
2816 3354
1799 2821
1621 2825
2687 2828
2832 3913
2231 2842
2844 2873
2879 4921
2903 3920
2895 2928
2845 2937
2940 4496
2944 4856
2947 3160
2954 3071
2956 4564
2962 3304
2963 3305
1885 2975
2994 4981
1760 3008
3020 3103
3021 3166
3030 4150
1261 3054
3059 4696
3064 4516
219 3079
3106 4702
3114 4714
3057 3119
3127 3454
3137 3461
3155 4908
3156 3342
3172 4973
2657 3175
3176 4758
3186 4974
3192 3763
3195 4832
3202 4877
3205 4936
1188 3207
3212 4956
3215 4211
3216 4703
3217 3220
2488 3227
3247 3993
1052 3253
3263 4452
3264 4421
3266 3602
3267 4053
3278 4321
1945 3291
3292 4060
3293 4530
3296 4236
1232 3297
3316 4128
3345 4183
958 3355
2863 3358
3359 4963
3360 4975
3379 4034
3380 4754
3383 4232
3385 4305
3389 4215
3394 4957
3132 3410
2550 3421
1711 3426
3180 3452
418 3460
2754 3471
3474 4971
1835 3475
2460 3516
3523 3611
3535 4631
3539 3547
3570 3571
3573 4980
3587 4415
3595 3817
1681 3601
3603 4283
3605 3695
2957 3607
3626 4927
3629 3956
3638 4943
3639 4099
3650 4919
3653 3831
3655 4470
3658 3828
3664 4624
2840 3680
2913 3682
1859 3685
3686 4277
3702 4461
3705 3850
3707 3745
2027 3718
3720 4492
3732 4281
3739 4232
923 3748
3752 3805
3769 4154
3775 4806
3784 4357
3065 3790
1129 3793
1764 3794
3795 4190
3122 3811
3858 4723
3875 4016
3886 4099
3895 4248
614 3901
3916 4745
3597 3918
3930 4595
3935 4964
2647 3944
3938 3949
3957 4389
3960 4637
3972 3975
3977 4348
856 3989
2068 3994
3997 4303
4007 4846
4012 4399
979 4022
4024 4893
3259 4039
1481 4079
1859 4081
4086 4533
890 4102
2057 4108
1008 4117
4123 4442
3673 4138
1180 4144
4148 4754
3798 4169
4174 4913
3706 4186
4188 4524
4193 4813
4197 4206
1190 4201
4100 4219
3824 4223
4225 4467
4233 4314
4241 4667
3283 4246
3302 4250
4259 4940
2853 4261
1026 4265
4263 4280
4295 4348
4298 4956
4299 4980
3338 4304
4311 4579
4326 4369
4343 4639
2701 4354
4359 4375
1217 4385
4285 4387
1859 4394
3996 4400
4403 4564
2390 4406
4015 4409
3461 4411
4412 4747
3660 4419
4098 4425
275 4438
4000 4455
3143 4456
4469 4479
4238 4483
4155 4487
3415 4491
3714 4497
3670 4513
4526 4776
1736 4537
1689 4540
4543 4546
4551 4955
4350 4555
3733 4565
4137 4567
4572 4779
3824 4575
4585 4768
2207 4586
4589 4675
2837 4590
2377 4598
4603 4693
533 4604
4602 4614
4462 4618
3683 4620
4212 4622
4621 4630
4638 4993
4631 4647
2670 4651
4652 4862
4660 4661
1724 4671
4680 4869
1859 4685
3762 4686
2352 4687
902 4704
4154 4713
3868 4729
1472 4739
3768 4744
2820 4756
4452 4764
777 4771
1995 4773
3026 4782
4789 4798
1722 4793
3283 4807
34 4809
4549 4828
1012 4830
4778 4834
4859 4980
4665 4860
4864 4995
4861 4865
1654 4873
34 4874
4596 4875
4882 4979
1217 4889
358 4896
3369 4899
4364 4903
4146 4907
4931 4981
594 4934
2278 4938
4129 4939
4945 4951
4918 4948
1990 4953
4970 4971
4976 4978
4348 4987
4709 4992
4 4721
32 4014
70 4131
105 3576
110 4985
128 1509
133 4185
169 4285
189 4392
235 2868
250 3643
269 4357
330 3218
349 4892
364 4417
392 3414
393 4654
395 4691
415 4986
458 2977
461 3074
468 2921
498 3217
519 3453
607 1676
626 4703
635 4831
640 4980
668 3365
690 1098
695 4808
714 3071
759 4391
761 3974
780 4740
796 4877
799 2953
803 3210
833 4546
876 4594
880 3414
881 4045
882 2859
897 4725
938 1503
939 4475
947 4475
973 3807
997 2030
998 2887
1019 4217
1039 4507
1047 4424
1059 3153
1069 4331
1079 3341
1087 4610
1101 3961
1114 3362
1119 4481
1131 3440
1133 4745
1149 4892
1155 4222
1165 3141
1166 4842
1169 4610
1193 3649
302 1212
1215 1947
1228 4972
1244 3701
1245 4880
1282 3384
1284 4494
1318 4791
1336 3844
1342 4669
1356 4026
1362 4955
1367 4966
1378 4243
1389 4370
1404 4995
1407 4473
1426 1772
1445 2872
1486 4357
1487 3800
1490 3369
1501 3105
1513 3038
1533 4703
1541 2181
1561 4178
1563 2755
1581 4933
1595 3390
1597 4876
1611 4530
1636 2449
1659 4902
1672 4758
1678 3946
1323 1685
1712 2239
1713 1950
1716 4583
1721 4959
1734 3979
1738 4198
1763 4799
1793 3673
1812 3125
1816 4547
1823 3691
459 1829
1837 3039
1838 4515
1841 4826
1843 4092
1844 4628
1854 4002
1862 4916
1863 4779
1871 4340
1878 3822
311 1884
1894 3398
1896 3781
1903 4763
1917 3307
1927 4688
1936 4734
1953 3461
1971 3995
2005 4449
2021 2044
2046 3304
2061 3826
2073 4023
2086 2224
2106 4247
2107 4884
2109 3955
2114 4345
2119 4888
2120 3690
2121 4746
2157 2224
2163 3825
2166 4800
2167 3016
2182 4705
2184 3429
2185 4467
2201 4797
2211 4943
2237 3796
2240 4333
2241 4422
2251 3495
2257 3371
116 2262
2268 3772
2275 3580
18 2276
2282 4306
2283 4538
2286 2359
2290 4893
2297 2624
2318 4154
2351 2354
2353 4009
2366 3888
2400 4663
2402 4307
2096 2406
2418 4428
2427 4780
2429 4441
2430 3861
2435 4866
2458 4260
2459 4035
2462 4042
2471 4950
740 2476
2492 4615
2505 4890
1288 2506
2521 3273
2539 4091
2540 4286
1602 2545
2229 2564
2568 4118
2576 3554
2579 4036
191 2584
2365 2603
523 2604
2025 2610
2627 4715
2637 4852
2652 4478
2654 4090
2661 3625
2678 4550
1912 2691
2695 3193
2698 4969
2708 4449
2718 3692
2728 4796
2730 4876
2736 3995
2740 2741
2756 4932
2758 4966
2765 3571
2766 3150
2784 4248
2790 4505
2813 2884
2816 4772
2821 3269
2825 4892
2828 4726
2832 3505
2842 4711
2873 4249
2903 4248
2928 4075
2937 4154
2567 2940
2944 3343
2947 4546
2954 4370
2956 4056
2962 3314
414 2963
93 2975
2967 2994
3008 4909
3020 4070
3021 4818
3030 4583
3054 3116
3059 4778
3064 3731
3079 3936
3106 4796
3114 4016
3119 4679
3127 4525
3137 4863
2660 3155
3156 4710
3172 4418
3175 3665
3176 4278
502 3186
2249 3192
3195 3862
3202 4743
2518 3205
3212 3719
2029 3215
3216 4485
3220 4168
3227 4159
3247 4368
3253 4672
3263 4404
3264 4676
1885 3266
3267 4499
2988 3278
3291 4362
3292 4642
3293 3354
3297 4011
1860 3316
3345 4576
3355 3981
3358 4463
3359 4820
3379 4145
2833 3380
3254 3383
724 3385
1432 3389
3394 4328
2498 3410
3421 4757
3426 4516
3334 3452
1591 3460
1430 3471
3474 4655
3516 4548
3523 4474
3535 4067
1955 3539
3570 3646
3573 4231
3587 4741
3464 3595
3601 4587
3603 4324
3605 3820
3607 3980
3626 4900
3629 4966
3638 4430
3639 4574
3324 3650
3653 3983
2986 3655
3658 4177
3337 3664
3680 4173
3641 3682
3685 4728
3686 4061
3702 4872
3705 4897
3707 4867
3329 3718
3720 4950
3732 3968
3386 3739
3748 4350
3513 3752
3769 3780
3775 4772
3784 3908
3790 4135
3613 3793
3794 4251
3795 4985
3384 3811
3858 4829
3875 4897
1931 3886
3895 4949
3901 4026
3916 4245
2254 3918
3930 4376
3935 4580
3944 4798
1529 3949
3957 4863
3960 4063
3972 4608
1698 3977
2137 3989
3994 4867
3997 4821
3864 4007
2341 4012
4022 4778
3222 4024
4031 4039
23 4079
4081 4870
4055 4086
4102 4674
4108 4306
4117 4691
2704 4123
3258 4138
4144 4994
2662 4148
4169 4710
3531 4174
4186 4500
4028 4188
4193 4852
3694 4197
4201 4791
1232 4219
4018 4223
2084 4225
3728 4233
4241 4836
4246 4890
4250 4840
638 4259
4261 4272
4135 4265
4173 4280
4295 4732
4298 4921
4034 4299
2027 4304
2470 4311
4116 4326
4343 4857
4354 4814
4375 4981
4350 4385
3084 4387
2531 4394
4398 4400
4403 4511
4393 4406
4409 4990
3120 4411
4412 4951
2027 4419
4416 4425
4438 4564
3876 4455
4456 4464
4469 4870
3584 4483
3565 4487
1411 4491
2906 4497
4502 4513
3427 4526
4523 4537
3926 4540
4543 4926
3822 4551
2550 4555
3964 4565
4170 4567
1012 4572
4066 4575
4428 4585
4428 4586
4059 4589
4476 4590
4505 4598
4603 4619
1724 4604
4435 4614
4618 4736
3046 4620
4617 4622
1560 4630
1494 4638
4647 4750
4432 4651
4546 4652
4661 4775
1213 4671
4680 4683
4368 4685
241 4686
4687 4886
4704 4996
4443 4713
4725 4729
4739 4826
3984 4744
3522 4756
4427 4764
1885 4771
4594 4773
4782 4879
4234 4789
4644 4793
4221 4807
4606 4809
4224 4828
3060 4830
3467 4834
4824 4859
926 4860
2625 4864
655 4865
4125 4873
4874 4921
4505 4875
3907 4882
1908 4889
4522 4896
4894 4899
4871 4903
2371 4907
3274 4931
4470 4934
4938 4965
3844 4939
4945 4969
1705 4948
4667 4953
3148 4970
4495 4976
4966 4987
3559 4992
761 4770
796 4717
803 4963
880 4000
881 4076
897 4229
973 4844
1047 4984
1131 4879
1149 4690
1166 1765
1169 4510
1193 4152
1244 4700
1284 4769
1318 4147
1362 3968
1487 4516
1595 4840
1713 4700
1734 3735
1793 4959
1816 3519
1829 4021
1843 3477
531 1862
1878 3378
1884 4288
1896 2391
1903 3891
1936 4926
2005 4355
2021 3437
2073 4760
2086 4182
2119 4500
2121 4105
2157 4045
2167 4098
2184 3346
2241 4471
2276 4534
2282 4869
2283 4596
2286 4104
2290 4396
2318 4694
2351 4545
2418 4529
2427 3522
2459 4421
2476 4170
2492 3550
2521 4044
2539 4244
2540 4910
2545 4727
2584 4947
2661 4911
2678 4273
2698 4152
2728 4981
2730 4929
2736 3789
2740 4458
2790 3987
2813 3847
2816 4176
2832 4520
2842 4426
2873 4750
2940 3687
2954 4655
2963 4300
3020 3654
3021 4072
3030 4984
3054 4322
3059 4833
3079 4684
3155 4368
2328 3175
3195 4679
3216 4975
3220 4708
3247 4816
3253 3537
3263 4401
396 3264
3266 4103
3110 3278
23 3293
3297 4911
3316 4943
3345 3933
3355 4401
3358 4609
3359 4898
3379 4445
3380 4857
3371 3383
3389 3549
3394 4854
3430 3452
3471 4579
3523 4340
3587 4745
3595 4519
3601 4098
3603 4885
2992 3626
3629 4524
3655 4877
3658 3673
3680 4109
3685 4048
3646 3686
3498 3702
3705 4268
3707 4423
3720 4529
3732 4276
2709 3739
3748 4447
3740 3775
3784 4975
3793 4993
3794 4975
3795 4757
3811 4384
3858 4291
3875 4072
3895 4281
3596 3916
3634 3918
3930 4035
3935 4978
3944 4602
3949 4894
3957 4785
3960 4965
3972 4649
3387 3977
3994 4781
3997 4003
4007 4330
4012 4675
2529 4022
4024 4641
4039 4465
4079 4121
2795 4086
3477 4102
4117 4982
3800 4123
4138 4421
4144 4268
4148 4508
4169 4761
2959 4174
4186 4308
69 4188
3683 4193
4197 4570
4212 4219
4000 4223
3920 4233
4241 4742
2483 4246
3803 4250
4259 4260
4261 4868
4265 4816
4280 4935
4295 4399
4299 4664
2330 4304
4311 4942
4326 4498
3921 4343
4340 4354
4375 4856
3407 4387
4394 4750
414 4400
4403 4898
4406 4940
4409 4913
4411 4909
3932 4412
4419 4726
4421 4425
3865 4438
4455 4476
4456 4696
4173 4469
3968 4483
4487 4627
4482 4491
3835 4497
4513 4802
3731 4526
4532 4537
4017 4540
4543 4884
4551 4877
1497 4555
4212 4565
561 4567
4372 4572
3480 4575
4527 4586
4589 4776
4235 4590
740 4598
4603 4900
3825 4604
4614 4749
4610 4618
4143 4620
4622 4790
2613 4638
4647 4712
154 4651
4652 4868
4292 4661
2778 4671
4680 4810
4685 4730
3771 4686
4687 4694
4606 4704
4501 4713
4044 4729
4395 4739
4744 4823
4314 4764
4231 4771
23 4782
4381 4789
4670 4793
4807 4988
3677 4809
3881 4828
4830 4877
4432 4834
4612 4859
3492 4860
4480 4864
4587 4865
4873 4901
4175 4874
677 4875
4592 4882
3787 4889
4895 4896
4844 4899
4308 4903
677 4907
3829 4931
4153 4934
2263 4938
3416 4939
4880 4945
4916 4948
4727 4953
4960 4970
4976 4990
4519 4987
4961 4992
1430 1936
2119 4962
2241 3118
2276 4842
2427 3860
2539 4145
2813 4775
36 2873
3175 4711
3253 3671
3355 4712
3358 4584
3359 4909
2234 3379
3389 4887
3626 4380
3629 3630
3655 3716
2330 3680
3686 4950
603 3705
1076 3775
3779 3784
638 3794
2223 3895
3916 4041
3918 3927
3944 4902
3949 4710
533 3960
414 3994
3997 4353
3744 4022
3521 4039
4079 4952
4086 4361
4136 4138
4144 4732
3696 4148
3361 4169
4174 4678
4177 4188
4193 4199
4233 4798
1509 4246
4250 4712
682 4259
4195 4261
3387 4265
4280 4439
18 4304
4343 4486
4387 4627
4400 4719
4403 4910
4406 4523
3178 4409
277 4411
3896 4412
4425 4824
4455 4690
4456 4519
3971 4469
3814 4483
1428 4487
4491 4692
2712 4497
4513 4736
3329 4526
3885 4543
2701 4551
3121 4555
2224 4565
4567 4983
4572 4842
4191 4586
4493 4589
4020 4590
4139 4598
4614 4890
2670 4618
4620 4753
4616 4622
523 4638
4651 4806
4384 4661
1428 4671
1428 4680
4678 4686
4687 4688
4134 4704
4332 4713
4738 4739
4755 4764
4616 4782
4789 4792
1897 4793
531 4807
4377 4809
2687 4828
4825 4834
4395 4860
4864 4869
4784 4865
4496 4873
4874 4906
4048 4875
717 4882
4889 4991
561 4896
4886 4899
4320 4903
2914 4907
4839 4931
4911 4934
4938 4979
4939 4979
2689 4945
3758 4948
2227 4953
1443 4970
2447 4987
4985 4992
4086 4820
4403 4800
3209 4456
51 4487
4513 4741
1654 4526
2643 4551
4555 4994
2701 4586
4156 4638
4671 4768
4704 4741
4807 4935
4457 4834
4769 4873
4379 4882
3404 4903
4939 4981
4126 4987
3797 4834
