4240 4624
477 3870
4589 4889
2360 4218
3446 4723
2764 3986
4038 4375
27 3326
1211 4989
2703 3875
1015 3414
4130 4789
249 4505
2907 4723
2852 4304
3229 3447
3595 4737
3356 4398
1964 4555
3631 3783
2935 4155
3986 4555
762 4953
2141 4776
2167 4776
1874 3720
2674 3595
4365 4940
1996 4314
2088 4747
821 4887
2966 4304
4489 4887
4307 4728
446 2960
674 4238
3373 4737
268 3631
2243 3341
249 2674
3883 4713
587 4183
2143 3387
2717 4846
1678 4308
2477 4308
2534 4730
3587 4186
4823 4945
4129 4155
2632 4969
3900 4450
484 4791
2390 4713
506 4555
2558 4240
2110 4728
4454 4848
2536 4686
3198 4982
3878 4130
2909 4953
2362 2541
1909 3954
1761 2164
3644 4030
1679 3961
3545 3762
3793 4989
2012 4887
2949 2951
94 3479
2825 3318
2429 3308
1732 4409
1001 4505
2142 2357
2441 4419
1058 4235
2552 3973
2110 3979
3579 4514
4454 4730
4529 4976
3380 4846
1056 4791
3644 4280
1479 4277
1940 4982
3021 4238
2949 4529
889 4827
3662 4538
3793 4982
3956 4969
406 4514
4008 4589
3032 4786
2706 4409
3198 3989
600 4881
3853 3855
3282 4155
3587 4454
3034 4368
3179 3794
3225 4982
3075 3734
811 3676
3458 4747
1940 4989
4514 4667
314 2988
723 3883
1761 4789
1432 2515
1940 4791
1174 3479
1326 4690
3971 3979
2827 3863
2276 3863
1637 1775
2731 4690
191 3626
1301 1464
3786 4450
618 4945
3973 4304
2219 2623
3446 4314
65 3720
3128 4365
3898 3979
222 889
1305 4509
2674 3373
4403 4723
3400 4887
789 1142
4667 4728
3089 3179
2637 3943
1034 4539
2131 4301
3715 3866
4085 4307
3021 4183
1428 3961
3675 4597
2463 4428
2872 4601
3458 4183
322 4982
3008 3184
4089 4097
4236 4969
3898 3986
2779 4186
314 4450
2363 2857
3179 4304
2918 3851
67 4073
2010 3428
4044 4925
1537 4989
4368 4846
492 1532
3683 4945
2085 4419
1636 4509
886 4236
2611 4730
3388 4776
1636 4823
1502 3914
337 342
4434 4444
2534 4624
775 4034
4409 4747
1962 4555
3318 4887
1357 3960
914 4450
2304 3961
3671 4881
3705 3717
3764 4895
2136 3428
59 3588
3903 4823
342 4518
2195 3479
813 4737
1537 4982
284 4304
3286 3308
2966 4976
1859 4786
2482 2620
2663 3243
2142 4301
2362 4786
4073 4186
3243 3943
618 3972
3972 4038
188 3914
1045 4478
2787 4489
147 4428
1355 2779
2293 3277
1896 3705
2090 2623
2558 4730
2731 3921
465 2973
4454 4737
1011 2949
789 969
2951 4030
2253 3464
2547 4097
1732 4129
3089 4529
4454 4624
335 3921
4187 4730
3096 4509
1703 4730
802 4434
2254 4551
2580 3979
941 4989
2332 3310
4155 4895
915 3380
839 1347
4455 4846
652 2164
2816 2869
1183 3943
3626 4529
4024 4690
1732 3282
123 4505
1729 3793
2547 4505
3032 3319
941 4489
4573 4645
258 337
915 4008
1729 3906
2090 4235
1183 3973
3402 4428
2253 2417
3426 4141
2584 4280
2541 4786
3884 4895
3903 4539
2175 3587
2617 3720
2779 4073
3883 3890
941 4982
3310 4747
2925 4428
775 4953
3277 4786
1202 1929
821 4945
1257 4589
943 2765
1257 4731
3293 4573
3989 4597
3960 4806
4597 4989
2307 4478
1374 2891
2175 3771
2575 3943
465 4186
67 4538
804 4747
3232 4256
534 4887
4235 4529
4514 4712
536 538
3239 4455
807 3961
3853 4038
4877 4989
3102 4645
1056 4648
2728 3446
2167 4509
4365 4624
1034 2785
2876 3579
1479 2140
1909 4294
2357 2417
4140 4368
2935 4551
2552 4478
3648 4218
2580 4728
1085 4895
1962 3891
1142 4686
2110 4555
791 4419
2477 3794
1015 4538
4877 4982
1911 4723
1350 3719
2717 4690
2552 3089
1135 4960
1357 3675
3464 4073
4731 4848
1035 4827
2243 3943
336 3021
665 3158
2674 4737
2852 4478
3570 4353
2876 3570
3326 4489
2869 2935
3128 4240
2907 4877
3793 4895
3332 4602
1779 4505
3705 4539
4119 4256
2541 2580
2136 3008
1266 1355
2852 3764
1257 4940
2787 4887
1854 4713
2105 2547
3229 4713
3595 3874
4256 4428
1033 1803
791 3648
813 1001
896 987
1859 3277
3096 4433
3717 4235
322 4597
762 3153
4754 4969
314 2951
4208 4403
3458 4238
3866 4953
4895 4989
1347 4960
4183 4747
3734 4218
4187 4889
1464 4601
477 4686
2907 3554
465 3771
2632 4218
3400 3855
2207 4129
3229 3890
2949 4976
2819 3712
2167 4925
3434 4454
4353 4712
3153 4953
2623 4277
3326 4539
2829 3671
3158 3734
1065 4073
802 3447
2925 3356
225 4806
1258 4276
3313 4953
775 3537
618 4375
1293 4723
2040 2293
3139 3419
4375 4505
2620 3717
4073 4538
1202 4953
2392 4976
601 4454
2253 4444
2909 4034
4129 4551
3545 4450
2425 4789
4024 4353
222 3853
4428 4776
886 1859
3906 4989
807 4602
477 4969
821 2012
2734 3387
2417 3414
1620 4776
3332 3554
4256 4925
27 3318
3165 3963
3898 4728
2536 4419
3380 3863
2265 4478
3034 4667
3705 4945
1620 4308
2785 3419
368 4514
2918 4789
4712 4960
1974 3891
2575 3243
1901 3388
4256 4433
4353 4455
309 4044
3447 4434
2429 3387
2254 4747
4240 4848
2293 2432
2010 4730
4667 4846
268 4345
2142 4776
1389 3153
2534 4731
2578 4712
335 4846
773 2620
3402 4509
936 4589
1911 4208
3103 4712
773 4806
695 2787
1034 4375
3588 3902
1537 4895
3801 3870
345 4945
2088 4183
2553 3783
889 4141
4478 4529
4514 4960
2825 3793
4748 4887
3507 4690
1058 4518
135 4960
2293 2362
4301 4409
3853 3972
4895 4945
2705 2872
3786 3872
470 4277
2611 4848
3125 4982
374 4314
2827 3388
811 3427
2580 4555
1923 4597
2872 3884
1949 4686
1185 1901
3232 4398
3899 4368
4648 4969
4085 4555
4982 4989
2951 4573
67 3771
1678 4747
76 2829
197 4748
2765 2960
520 4969
536 3254
4030 4505
4518 4748
1135 3387
1732 4551
3286 4276
942 3269
954 1210
979 4848
1015 4444
3648 4686
1308 4155
941 4895
3921 4846
3902 4589
3853 4823
4730 4731
1949 4969
3644 3900
896 4976
67 2779
1679 4602
78 3866
3402 4398
484 4982
1135 4690
2861 3326
3426 3972
2067 2558
520 4686
320 3963
2705 4806
57 3960
586 4748
3648 3723
1183 2477
1293 4403
2925 4713
2093 4084
4353 4960
966 3332
1628 2558
3712 4218
3110 3883
1898 3891
2276 3310
1860 3419
1725 4940
4038 4539
4024 4960
484 4989
2517 4846
2234 4084
1762 3794
2728 3190
3332 3954
1470 4514
3277 3631
81 3906
2663 3044
3903 4375
3319 4155
2228 3771
3771 4538
1637 2918
1767 4786
2772 4509
1898 3898
3793 4791
3712 3870
2951 3293
2429 3537
2825 4877
1974 3671
4365 4589
1901 4409
3917 4505
177 4737
2764 4307
2541 4806
1252 4748
3332 3961
721 4375
3986 4776
1011 2772
304 4786
936 4089
2090 3717
3890 4428
987 1074
999 3021
712 1301
2515 3963
538 3458
2293 4786
3917 4097
3960 4786
2951 3290
2785 4887
3336 4940
914 4280
802 3883
1074 4976
4044 4433
936 3356
2620 4748
3427 4433
3764 4976
789 4686
3313 3891
3715 4953
1034 3853
942 1996
969 2973
3103 4667
3434 4187
3032 4129
2090 2620
3554 4602
1781 4238
1854 4428
3979 4881
1898 4881
2265 2392
4024 4667
2167 3959
1802 4024
3906 4877
1874 3878
4308 4776
2097 4398
2706 2827
2304 4602
3356 4509
1958 3786
4307 4881
1074 4529
3165 3851
3184 3319
1349 4345
1930 3764
1678 1781
362 4602
1032 4208
375 3794
2227 3285
222 4827
3218 4141
3815 4589
3318 3855
1008 4375
65 3878
81 4982
1628 4187
215 2174
3400 4375
4791 4982
2765 3164
287 3917
3762 4573
647 3293
4314 4723
3034 4690
3388 4645
3336 4589
1085 4989
2536 2891
1900 3878
1974 4307
3261 4823
3631 4786
2357 2827
1266 3464
1790 4806
1357 2253
1923 4982
3906 4895
2731 4514
1568 4877
2829 4881
3290 4645
2332 4308
4827 4945
3158 3723
2362 4345
3479 3890
4624 4940
3347 3507
2578 4514
2012 4823
2141 4597
4024 4140
2699 3545
2779 4444
3595 4304
1301 4601
3675 4731
2097 4925
880 4085
2353 3153
304 4806
3103 4368
703 4881
225 4786
3290 4450
249 4737
4030 4645
2219 4518
2383 4827
4024 4712
3973 4976
2918 3878
315 2872
811 3336
2987 3874
2785 4827
2910 4130
3414 3771
2195 2703
2575 3762
3956 4754
4208 4723
3884 4982
31 2219
4624 4848
3855 4375
1479 1708
2576 3715
2517 4450
1620 2827
2787 3903
4140 4690
1174 4434
2175 2253
2237 4877
3428 4428
7 4887
135 4450
3373 3874
3631 4089
3426 3903
3570 4024
3434 4589
2093 4602
2441 4969
336 4183
3986 4881
723 2703
3891 3971
914 3762
2307 4976
3464 4444
789 4754
41 4601
1790 4236
3347 4690
3771 4186
2012 2383
2515 3254
2383 3972
4690 4712
3902 4889
1121 4747
3021 4747
652 2177
731 4294
1065 4444
2787 3400
3190 4723
3434 4730
188 4076
3902 4731
4539 4823
2441 4648
2552 4976
3588 4398
3034 4514
4624 4889
1659 4895
506 1964
3662 3720
3662 4444
3793 4307
2951 3872
608 4084
3687 3899
3870 4969
2237 4895
2010 4008
3954 4723
3458 4409
1703 3234
762 3387
284 4976
3089 3434
1008 4823
2517 3786
1628 4730
4085 4728
2861 4887
2728 3554
3794 4076
804 933
2907 4294
1174 3890
954 4433
2764 3979
1258 2909
320 3720
1679 4208
3507 4353
3308 3715
3587 3771
4555 4881
1349 3960
2226 4208
2332 3458
600 4728
3959 4097
657 2363
1210 4509
944 1911
76 4728
123 3373
2040 4889
2861 4827
27 3972
1725 4848
807 4419
1293 1996
3900 4030
2392 4304
2706 4238
3815 4889
123 3595
60 4141
3400 4827
41 3884
36 3815
2140 2219
3313 3979
3326 4887
4186 4444
2547 3874
2623 3286
2143 4276
4398 4713
3883 4076
1021 4989
1304 2706
2040 3815
135 4645
3293 4450
908 3380
1532 4747
1357 4806
2254 4129
1142 4754
2440 4925
2227 3971
2477 4478
4277 4748
3676 4089
1065 4186
914 3872
839 4085
3853 4375
1021 4982
1803 3447
2637 4529
3705 4141
4119 4398
2876 4667
829 4889
2392 3243
1257 4889
889 4887
2973 3771
1929 3387
2910 4789
3427 4589
712 3851
81 4895
2482 4518
67 4444
2872 4130
3239 4645
3239 4208
236 4969
3872 4573
3285 4728
3254 4130
4044 4398
2918 3645
4791 4895
3044 3973
3675 3960
1179 3282
362 4294
2728 4555
2229 2429
3190 4314
3446 4208
3198 3225
3426 4539
2731 3347
3447 3890
587 4301
4509 4925
2717 4712
4889 4940
3906 4791
273 3125
804 3863
2637 2663
3537 3715
3961 4877
484 3989
4294 4314
3310 4183
3225 4989
31 4518
322 4989
1929 2734
2785 3705
4073 4737
4690 4960
3507 4667
4187 4624
3458 4301
470 4518
2417 4538
1464 3851
721 4945
4848 4940
3165 3878
4294 4403
1958 4573
2417 3434
674 2142
1636 3588
3243 3971
3446 4602
4597 4791
1091 4776
2226 4723
3971 4307
4648 4754
3336 4848
1091 4409
2265 3179
3863 4747
2951 4645
1089 4518
232 3762
1859 4806
773 4277
886 4806
3914 4218
1326 3959
1025 4353
3671 3891
188 639
2765 4034
1211 2229
3125 4791
1349 4786
3890 4434
1033 4434
4044 4776
4008 4889
2392 4478
2515 2578
3034 4846
3921 4712
2229 3906
3110 3875
1590 4786
377 4276
3388 4960
2362 4806
2909 4276
2146 3870
3387 4953
3961 4294
2988 4645
4024 4514
723 3447
2482 4277
3858 4953
3644 3786
3290 3293
3973 4280
2304 4294
915 4940
1432 4130
3943 4304
2207 2816
3402 3427
4097 4737
999 4308
2816 4129
3973 4478
643 2265
2141 4989
215 3402
3554 3954
4789 4791
2960 4034
2960 3164
4365 4731
1135 4712
1803 3956
1620 2131
3158 3687
4238 4747
2441 3648
941 4791
1860 4038
3094 4589
2785 4539
1001 2987
2012 2785
3464 4538
2910 3963
999 4301
954 3523
2141 4982
2765 3537
1854 4881
807 4208
3426 3683
2441 4754
2705 3277
1790 4345
3971 4881
4848 4889
1089 4748
915 2040
2617 4730
695 3631
966 4877
2143 4953
811 4940
2869 3282
3254 4789
3971 4728
789 3712
2674 4505
3103 3570
1464 2918
4433 4509
1479 2925
465 3874
3570 4712
3943 4488
1659 4989
2734 4380
669 2876
3277 4686
3900 4573
2307 4488
2861 4945
1827 3110
3347 4960
3986 4085
2674 4097
2964 4240
4141 4375
2164 4601
4509 4776
3720 3884
3094 4848
3103 3579
3794 4976
3872 4645
1065 2175
3705 3855
2734 4276
1074 4478
4084 4877
3956 4218
1301 4789
1962 4881
3851 3973
3198 4791
4236 4345
712 4754
3903 4887
657 4375
3232 3428
3961 3971
1568 4989
4380 4953
3545 4573
1732 2857
3588 4713
362 4723
1901 4776
3645 4601
1909 1996
2265 4488
290 4455
484 1085
477 4754
2383 4887
2575 3764
3094 4730
4280 4645
936 3434
4686 4754
78 3479
2175 4444
2357 4308
3427 4428
2425 4601
225 3631
4187 4848
738 3853
1179 2827
3537 4953
94 4434
982 3626
3523 4433
2515 4789
2907 2909
2578 4960
3954 4877
721 4038
858 4737
197 4518
2146 2632
3815 4940
1781 3863
3313 4085
1058 4748
3096 4428
982 4444
323 4602
966 4602
1874 3851
3319 4551
4301 4308
2580 3898
2909 3537
4038 4489
3286 3866
2146 3723
2014 4488
3008 3282
1761 3720
4895 4982
2764 3313
1183 3764
3400 4945
232 4645
534 3125
1636 4925
1428 4314
2237 4989
1011 4976
943 3715
2617 4940
581 4686
600 1058
2360 3458
2876 4960
2872 3851
3239 3293
3164 4953
3198 3884
3102 3872
2620 4235
3103 4846
3341 4976
3419 4945
3427 4624
4235 4518
3715 4044
4097 4505
2825 3989
4304 4488
821 3683
2237 4982
314 4645
2869 3903
3434 4731
2907 2987
2973 3662
2734 4034
3479 4434
1464 3165
1896 4141
3645 3720
2705 3783
291 2869
1085 4791
1357 4786
3943 4976
1802 4353
2219 4277
721 3855
290 4690
858 3959
2085 3723
2580 3285
3794 3973
1898 4307
2617 4187
2360 3158
2360 3723
279 2578
813 4097
3588 3914
4140 4455
3102 4573
249 3917
2174 3356
3419 3972
1628 4731
2857 4409
2105 3959
1035 4945
2872 3720
3179 4529
2829 3971
712 4789
1869 4730
3158 4754
2425 3254
1781 4308
2195 4713
1909 4602
807 4314
65 3963
2576 4034
2852 4976
3921 4514
3793 4597
899 3890
1923 2237
3225 3989
4455 4488
3347 4712
1032 2925
1896 3853
3153 4380
4728 4881
236 4218
2825 4982
3341 4304
3269 4723
3184 4155
3239 4895
1211 4895
2764 3971
967 4728
1142 4969
3234 4982
2703 3890
2829 4307
2293 3783
1874 2164
1803 3110
1958 4645
2360 4969
1461 3989
2632 3734
2553 3960
3094 4624
3874 3959
643 3794
2141 4791
287 3959
2988 4573
323 807
7 4375
3184 4551
2207 4747
2362 3675
966 4925
2234 4602
1500 3914
3878 4789
4183 4450
632 3662
225 586
4235 4748
2383 4945
1537 3125
3989 4538
1001 4737
1304 1532
1121 4155
1394 4398
2141 4895
4076 4434
3313 3971
1202 4380
2728 4208
3102 3762
695 4345
1958 3762
4489 4539
1349 4806
374 4602
1962 4728
2360 4686
2575 4976
3356 3428
1432 3165
3373 3959
3125 4989
2105 4097
3523 4730
2227 3979
3326 4827
2392 4488
284 4529
2949 3089
4713 4776
2432 3960
789 4648
791 4969
2703 3110
1185 4969
191 4889
809 2584
3336 4731
936 4889
1470 4353
2772 4748
982 4538
2105 4505
601 1703
1964 4728
3595 3959
368 4667
3198 4895
3269 4602
4403 4877
4960 4989
3705 4375
2177 4130
2964 4730
3891 4085
2578 4667
406 3184
1802 4960
3899 4989
3285 3898
1780 4419
2949 3243
3815 4730
3971 4085
3644 4450
2787 4945
3427 3428
4398 4776
3523 4398
3034 3570
2973 4444
279 4368
320 4789
2611 2973
2085 4754
2254 4155
3875 4713
703 4728
3373 3595
2584 4030
3671 4307
3903 4038
1901 3310
82 4280
492 3973
4368 4690
967 3898
764 1520
3963 4789
2146 4648
647 4280
632 4538
731 966
3326 4375
4365 4848
1464 4130
2987 4505
943 2353
4240 4454
2363 3310
1461 4982
87 4982
2637 3973
2891 3158
3232 4428
4238 4737
647 4645
669 4514
538 3719
3336 4624
1479 3715
2553 4786
3902 4119
2237 4791
362 2907
1802 4667
999 2705
982 1355
944 4723
3402 4925
4008 4187
4539 4887
1304 4776
197 3717
3308 4953
4365 4730
1053 3286
2891 4218
3815 4624
4624 4953
3715 4398
1909 2234
197 4235
3723 4648
3021 4409
2477 4529
3662 4186
4208 4602
3921 4140
2253 4073
123 3645
587 657
723 3110
1923 4791
1962 4307
731 4723
1708 4518
36 4589
1389 3537
4419 4969
647 4945
780 4183
3008 3319
4140 4712
3243 3921
483 1091
1590 2541
813 4505
1308 2935
2575 4478
3313 4555
2663 3943
322 4791
639 4428
3631 4806
1761 2918
1964 4881
1532 3021
3075 3184
2515 4308
315 3139
3313 4881
3234 3815
3921 4690
1874 4130
1958 2699
1964 4589
2876 4368
3414 4538
2477 4976
3380 4960
3164 3458
2764 4881
2988 4030
3232 3914
1045 3089
377 2429
942 3388
3902 4398
1374 4969
3428 4433
3554 4084
1635 2869
2110 4881
1590 3783
3715 4380
3734 4648
1500 4428
1874 2910
1008 3218
1520 4754
1729 4895
2143 4380
2234 3961
2363 4183
2772 4428
2872 3645
1058 2620
1470 4960
2383 4823
3972 4945
2637 4304
3229 3883
4030 4573
234 3096
914 4573
1762 2307
3587 4538
2243 4529
3961 4208
802 3890
2674 3874
3094 4076
3783 4236
4345 4786
2578 3579
4455 4667
2964 4454
345 3426
1911 4877
4648 4846
3875 4076
4119 4433
3815 4187
987 3794
3734 4754
979 4940
1350 4301
2869 4747
2728 4881
2429 4953
3225 4597
3671 4728
4730 4889
3008 4129
941 3426
3165 3645
3218 3705
3094 4731
2731 4960
82 3762
3218 3903
4277 4518
4314 4877
1179 4238
652 4601
3914 4044
3414 3662
2966 3044
345 4539
3414 4444
3125 4877
1406 4827
2177 4601
4539 4827
1767 4806
1293 1679
3008 4723
3712 4754
232 4573
618 4827
2417 2425
586 1058
942 4208
4280 4455
3921 4455
643 4478
2910 3645
1860 4887
446 2576
2276 2357
375 4518
3794 4478
2620 4518
3427 4731
1394 3232
191 2852
1590 4236
2552 4529
191 4624
987 4976
3428 4119
802 4076
3874 4505
2935 4129
4038 4667
4314 4403
4008 4730
4140 4353
147 4509
1355 2440
1940 3906
441 4280
2558 2964
4076 4940
942 4877
1183 4529
3414 4073
3261 4887
1703 4624
4375 4827
3164 3858
375 4976
441 3102
4280 4573
291 3319
1520 2146
2276 4301
3507 4514
3125 4895
3356 4044
1930 2243
2787 4827
3979 4307
2988 4450
4276 4953
2861 3855
1964 3891
3008 4848
1349 3675
1056 4969
4008 4454
3426 4945
3139 3960
2227 4728
1033 3229
4434 4713
1034 4823
3523 4848
3676 4940
4076 4713
999 4238
181 3899
1637 3851
1761 3963
1803 4713
4076 4454
2717 4960
4024 4846
3900 4686
4555 4728
2558 4889
2102 3648
1775 3963
3855 4827
481 3801
669 4712
3286 3537
4380 4450
3921 4024
2140 4518
1211 4982
3139 4130
1761 3254
1032 2772
3719 4409
3318 4489
492 4529
4235 4277
441 4450
3341 4478
4256 4713
279 4024
4240 4365
3545 3644
2734 3286
3089 3570
1135 4667
3427 4940
534 4945
2907 3961
3387 3858
3414 4186
2477 4304
4187 4365
4754 4945
309 1636
2699 3290
3198 3793
336 879
2141 3225
695 4806
3676 4454
2243 2949
3645 3963
3855 4945
1590 4345
2136 4509
2207 4551
3956 4419
2229 4982
821 4823
1032 3232
3671 4375
2988 4280
3683 3903
374 4294
1011 3341
4444 4538
3282 4747
1121 4129
1909 4723
1896 4686
3110 3229
942 4723
3921 4960
1520 3158
3853 4945
2869 3184
3290 4624
1678 3458
4008 4240
3388 4728
2307 2392
2964 4940
236 4686
1929 4276
2146 4754
3044 4488
1775 3139
3103 4690
4409 4827
1045 4976
4823 4827
1305 4776
2960 3308
4648 4686
899 3875
1637 3878
1210 3232
3427 4256
2541 3631
2728 4085
3705 4038
1827 2110
483 2357
3198 4989
441 2734
4084 4403
323 4208
3764 3794
2861 3972
225 1659
215 4119
3537 4276
3853 4827
4089 4889
4218 4648
3644 3872
2966 3764
2765 3308
1470 4846
4238 4409
1432 2010
3972 4827
534 3972
2876 4846
2825 4895
2332 4409
581 4969
3902 4353
3891 4881
3579 4140
4236 4806
581 2360
4455 4728
3184 4129
2872 4301
3179 4976
1940 4597
2857 4776
446 3164
335 2717
2918 3675
2463 4419
3883 4434
892 4953
1911 4024
2580 4881
2964 4731
2699 3900
2852 4529
57 3783
2432 4806
2765 2909
1326 4846
1015 3771
1185 3648
538 2131
3128 3434
3570 4960
2876 3921
1252 4712
470 1708
4455 4806
481 4686
1779 4953
1949 4218
2253 3662
2432 4345
3870 3956
3277 3675
3164 4276
3898 4555
4597 4877
695 4786
1628 4240
3128 3900
1406 4489
982 4186
3426 3853
3094 3815
2827 4238
3032 4747
2432 3579
1065 3662
1305 4433
3290 4573
1347 4353
3588 4433
1923 4895
3554 3961
1520 3956
3153 3866
3712 4648
225 2293
4589 4940
1869 4365
3479 3883
954 4509
896 2552
57 4806
232 3786
4218 4419
4368 4667
773 1089
3234 4240
2552 4488
586 4518
3507 4140
2861 3903
2363 3388
3225 4489
1949 4648
1350 2827
1590 3675
4044 4428
4791 4989
3645 4789
2175 4538
2140 4277
804 4183
4597 4895
2088 2706
2040 4940
2575 3973
3771 4444
3720 4601
3318 4823
375 1930
1996 2304
4187 4589
3972 4375
839 4881
3959 4737
375 2852
3644 3762
4294 4723
284 4478
2219 3717
2819 3956
1085 4597
2515 4601
3308 4945
3898 4881
838 4940
1479 4235
4514 4690
3347 4368
483 4183
1775 4789
1767 3960
3282 4551
3336 3902
2085 3956
4141 4945
3234 4940
304 3631
2706 4308
3705 4887
1929 3866
2891 3870
2935 4747
336 4776
3347 4667
1142 3794
2558 4848
1900 3254
791 3870
2772 4044
712 4130
2140 4235
31 3717
4365 4454
3588 4119
3096 4119
811 4848
1901 3863
4008 4514
943 4276
3277 4345
1479 4518
2229 4791
1962 4403
2164 2910
2254 3032
3285 3671
4280 4529
4038 4823
4846 4960
512 4989
3872 3900
969 4538
2234 3631
2909 3858
3293 4030
3986 4728
3989 4791
3125 3906
3588 4881
492 4478
2949 4597
1461 3723
3446 4712
2174 3588
3786 4573
2829 4085
3626 4380
669 4667
2228 4186
3139 3884
234 3402
3089 4478
279 4308
3229 3875
3218 4887
723 4434
3874 4737
1659 4877
3096 3523
2353 3715
1974 4555
31 4277
1568 4982
1659 4791
3989 4982
2085 4686
4089 4365
2541 3783
3914 4925
4514 4846
2195 4434
2417 3464
4304 4976
2819 3734
1767 4236
2517 3644
3128 4848
3218 4827
1056 4754
3380 4353
191 4731
3479 4076
3332 3426
936 4848
2925 3914
3153 3387
2136 4713
2090 4518
1045 3341
2174 4044
2515 3878
1011 3943
41 3720
3683 4887
4353 4368
3723 4419
2910 3254
3158 4969
188 4256
632 3414
3125 3884
4008 4731
492 2966
512 4791
773 4235
1900 4601
3971 4555
1355 4186
87 4597
287 3874
3285 4555
821 2918
3712 4419
3644 4645
2699 3786
1500 4433
2819 4419
3537 4380
2131 4238
1015 4073
3347 4514
2951 3786
1211 3906
2177 3883
3218 3683
3891 3898
2584 4645
969 4073
268 3960
2088 2857
2825 4791
4044 4509
3793 4877
368 4024
1179 3388
3139 3963
342 4277
287 4737
1389 3308
3285 3971
188 309
967 4307
915 4889
982 3464
3277 3891
2293 4806
82 4030
4277 4877
1394 4044
60 4887
1021 1930
2611 4187
2093 2907
3269 4084
1802 3956
3261 4141
1802 3034
643 4976
3902 4848
4730 4848
1869 3903
536 4789
2547 4737
2441 4218
2632 4419
3507 3570
3239 4960
3720 4130
1762 4488
3447 3883
1428 4084
896 3341
2253 4538
3570 3921
1326 4667
4236 4786
2703 4434
1637 2177
1781 4365
3595 3917
2852 3943
3400 4823
520 3712
3089 3243
1326 4960
1900 3645
4294 4539
4791 4877
1896 3855
1962 3979
3225 3793
3356 4433
3447 4240
3128 4731
3164 4380
3595 4097
2105 4737
3089 4976
4129 4747
4602 4877
2226 4084
1520 4969
899 1033
2632 4648
858 2547
4730 4940
368 4140
657 1350
4030 4450
4034 4276
234 3762
2825 4989
1308 4129
4240 4730
979 4589
4667 4712
2010 4848
4686 4969
647 1032
4140 4648
915 3336
1394 4119
2584 3102
3373 4097
3507 4368
1034 1869
4368 4712
2332 2857
3783 3801
3044 3341
3554 4877
731 3332
1301 3626
4505 4737
944 1428
377 4034
2429 3715
600 3979
1790 4786
943 2576
3308 4380
4038 4945
4240 4589
1869 4940
2584 4573
2417 4073
892 2576
879 4308
4076 4889
632 4186
2816 4747
2164 3878
3190 4294
309 2390
1479 4748
1520 4419
3356 4713
1898 4728
3956 4648
2012 4141
3648 4969
3428 4925
1021 3793
2102 3956
1859 4345
4398 4433
4186 4538
2227 4881
268 4806
1174 4713
2040 4365
3243 3764
2576 4953
2227 4555
886 1790
3225 4791
2541 4236
538 1678
57 4786
2580 4085
3218 4539
2553 4345
3347 4846
3034 4712
674 4982
911 4488
3570 4140
3906 3989
2517 4030
3717 4277
2390 4925
4723 4877
4428 4925
2910 4601
2575 2966
36 4848
4141 4827
1762 2637
2663 4976
652 3851
3986 4786
2632 4454
3973 4130
4208 4877
858 4505
1780 4240
336 657
2177 4789
2105 3595
2857 3387
3523 4940
3277 3960
374 3446
3507 4455
3218 3419
377 4953
406 2254
2819 4969
1174 4925
1779 3917
1780 2440
889 3318
2097 3588
3290 3762
3326 4038
1053 3153
1305 3902
4140 4846
1854 4398
3319 4747
3675 4786
3286 4314
1470 4712
2576 4380
342 4235
253 4601
967 4555
3387 3715
829 4731
3645 3878
3290 4280
3125 3989
94 3875
1708 4748
2142 4183
4089 4454
3723 3734
4119 4776
2909 3286
3341 4529
2463 3734
3239 4030
2207 2935
1678 3285
7 4945
314 2090
446 4953
234 4713
3282 4129
1008 4945
3428 4509
789 4276
2623 4518
2517 3290
406 4155
481 4218
703 3891
3875 3883
2463 2819
2517 4280
2357 4409
3554 4294
3554 4723
534 4827
2553 4236
2226 4314
1305 2010
4187 4454
2584 4450
2143 4034
291 4551
3332 4084
1326 4712
3734 3870
1350 4776
2265 4529
4731 4889
3008 4551
933 1179
2254 2935
3863 3870
82 4450
4314 4602
3717 4748
1461 4989
4089 4940
2584 3545
1304 4238
1996 2226
3479 3875
4786 4806
762 2353
3165 4601
4304 4529
441 4645
3239 3579
3434 4624
4256 4398
3903 4827
4089 4731
581 1056
2617 4008
3277 4084
483 3310
2816 4155
4597 4982
1389 3866
3313 4728
1532 4308
520 3986
512 4895
899 3229
1803 2703
290 4667
147 1500
813 3373
1202 3715
3858 4034
2949 3943
1121 4238
1636 4433
2891 3712
829 4940
2703 4713
465 4538
2340 4960
2731 4368
3906 4186
586 3717
1568 4597
3198 4597
3094 4240
204 1074
3332 3446
2779 3464
27 3426
3218 4478
3645 4806
586 4235
908 1120
4030 4208
2177 3165
2110 4085
2988 3872
1703 4940
4887 4945
236 3783
3963 4601
3870 4648
3783 4786
3783 4345
2353 4953
2547 3959
2417 2779
1780 4686
1121 2869
2353 3164
4076 4848
4238 4308
78 4434
1389 4380
3890 4713
3676 4889
2515 3720
3419 4823
600 4307
3239 4846
1679 1911
3373 4505
4183 4308
225 3507
4280 4450
1432 4789
2362 4236
2731 4140
3855 4539
3717 4518
1033 3875
1032 3402
3356 4776
3447 4969
520 4754
3094 3336
2960 4953
2578 4846
1949 3712
1568 4895
1308 4551
1628 4454
3989 4877
2228 4538
123 4737
3890 4076
4877 4889
1900 2918
3239 4368
177 4505
287 4505
586 3229
2360 3712
3723 3801
987 2307
3426 3428
2010 3096
3545 4030
1389 4953
1432 3963
3815 4365
4073 4444
2276 4183
2960 4276
2663 3179
4551 4747
2857 3719
2623 4235
2674 3917
3855 4823
3644 4573
177 4097
2340 4368
76 4881
506 3979
1021 3906
7 4823
872 4314
304 4236
291 3032
1074 3764
3884 4597
2964 4889
31 2482
1032 4119
3801 4754
2960 4380
2617 4365
3096 4398
1021 4791
3712 3883
2637 3764
1708 2140
3380 4368
4240 4940
3878 4601
3989 4895
315 3851
1930 2966
2925 4044
1532 2276
4008 4940
892 4380
3446 4403
323 3954
2987 4737
3128 4940
3507 4960
2014 4877
892 2143
1357 4236
3631 3960
268 4786
4539 4945
3523 4624
3290 4307
1202 4276
2907 4314
2340 4712
1179 4409
4084 4294
3285 3979
215 4428
1780 4754
933 3388
3198 4539
2226 2304
3579 4960
1901 4301
3153 4034
4419 4754
1258 2734
2040 2964
3719 3872
188 4925
4667 4690
3447 3875
1304 4301
3723 3956
76 4555
2227 3671
3898 4307
791 3428
2088 4301
2195 3110
4375 4945
3972 4823
323 4403
2429 4877
3902 4624
4034 4953
1762 3973
2234 4877
342 2623
2816 3319
4827 4887
944 4208
1790 2432
1974 4728
3225 4895
3388 4747
3675 4806
4218 4969
2207 3963
4183 4238
4186 4645
4276 4380
4478 4976
3293 4280
908 4573
2988 3786
1896 3419
1803 2195
3464 4186
1089 4277
320 4601
2097 3402
2229 4989
3687 4754
2207 3319
1470 2578
1859 3675
76 3285
2265 3794
944 3400
2536 3232
3310 3719
3326 4823
3898 3971
4155 4551
3261 3705
4256 4509
3184 3282
1679 4314
944 4294
3762 4645
3044 4529
4038 4256
3239 3545
647 3102
2234 4294
1637 4130
3872 4450
2816 3008
3110 3890
3917 3959
1775 4601
1355 4444
3853 4539
481 4969
954 4044
345 4823
2558 4454
3687 4969
3959 4505
2219 4235
2228 3587
2097 4509
4365 4889
2131 2276
315 2515
4589 4848
3903 4945
2307 3794
2717 3579
4084 4314
3762 4450
1930 4976
232 3872
60 4489
135 3545
41 3851
2228 4444
1958 4280
3801 3956
1767 2705
1089 2090
3870 4690
3103 4960
804 2142
1929 4953
1185 4419
3961 4723
177 3874
406 4551
703 3671
2891 4754
3687 4648
3648 3712
2174 4119
60 1896
4038 4141
3914 4119
234 3588
2949 4304
3523 4256
3094 4044
2226 3332
2243 4478
2611 4731
2717 2731
4353 4690
3388 4308
3801 4648
4602 4723
979 4488
3631 4345
587 4776
643 3648
3318 4827
2237 4597
933 1781
4085 4881
896 4488
3308 4276
3400 4141
3032 4551
2552 3164
1974 4881
3447 4713
290 4960
933 4409
1779 4034
3008 4747
4130 4601
191 2617
1974 2827
2332 4301
2085 4969
608 3446
1428 4602
2363 4308
3128 4187
2553 4806
979 4731
94 3883
3426 4887
36 4076
2973 4538
2234 4314
3671 4555
3293 3872
279 4846
1185 4648
2966 3179
3021 4308
3662 3676
2891 4648
1940 4895
2623 4748
304 3675
3875 4434
1779 4737
2558 4589
2102 2819
911 3771
3286 4953
3579 4846
632 4444
3254 3884
1349 4236
1135 4353
1008 3318
4489 4945
4624 4730
4038 4827
3662 4073
3870 4686
2825 4597
2131 3458
3705 4667
1210 4433
1121 4551
65 4789
1537 4597
3917 4737
773 3717
2765 4953
4823 4887
3874 4097
601 3815
1732 4301
2699 4573
1257 4240
731 3446
3786 4645
4776 4940
3234 4008
4690 4846
775 4555
135 4573
4008 4624
999 4183
3261 4539
3243 4304
967 4085
1620 4409
3229 4434
3891 4307
3434 4848
1293 4602
3286 4380
3588 4256
1900 4789
2383 3419
2617 4848
2706 4301
3103 4008
4345 4806
3128 4889
2632 3870
2534 4889
2517 4645
1923 4989
3884 4989
1045 4529
1394 4776
4488 4976
3102 4280
1659 4982
481 4419
2869 4155
1779 4186
1355 3414
899 4434
3762 3786
1708 4277
2088 4409
3523 4889
1091 4301
2699 4645
3032 4155
4353 4846
2816 4551
2764 4728
1911 4084
4601 4789
3400 4539
512 4982
1930 3973
3902 4428
2432 2553
3419 4141
3734 4686
2829 3313
1964 2110
3388 4238
3851 4789
1729 4989
4877 4895
2353 3858
3914 4776
1210 4256
2304 4723
3356 3914
4731 4940
3579 4368
4419 4648
4454 4889
3102 3545
3008 4155
1898 4555
1949 4754
2829 4728
3032 3282
761 3269
2973 4073
1725 4076
1142 4648
4454 4589
2228 3464
2477 3764
3884 4789
969 3662
1729 4982
2734 4953
3989 4989
3277 4806
2229 4895
309 3914
3723 4686
4667 4960
2785 4823
3318 4539
2787 4823
1996 3961
942 3021
3648 3687
335 4712
4208 4314
2547 3917
2819 4218
7 4003
27 4446
31 3169
36 2586
41 4065
57 4055
59 4996
60 2885
65 3806
67 4007
76 3667
78 4894
81 4759
82 4446
87 2771
94 4876
123 4942
135 4291
147 4794
177 4958
181 4829
188 3600
191 4949
197 4893
204 4653
215 4978
222 4554
232 4497
234 2009
236 1824
249 4623
253 3589
258 4095
206 268
273 3824
279 3576
284 4915
287 4828
290 2767
291 4994
304 4177
309 4745
314 4896
315 4725
320 4837
322 4040
323 4910
335 3809
336 4171
337 3958
342 4894
345 3703
362 2373
368 4629
374 4705
375 4151
377 4107
406 3869
441 4053
446 4787
465 3999
470 4364
477 4429
481 3608
483 3657
484 4617
492 3160
506 3790
512 4865
520 4449
534 919
536 3203
538 4548
581 4306
587 1807
600 2688
601 1890
608 4414
618 4083
632 4725
639 4720
643 4131
647 4772
652 4251
657 3483
485 665
669 2491
674 4764
695 4114
703 4067
712 4904
721 1054
723 3142
731 3810
738 3416
761 4672
762 4347
764 4714
773 4941
775 3442
780 2531
789 2619
791 4838
802 1531
804 3862
807 3345
809 4317
811 1820
813 4687
821 4985
829 4725
838 4007
839 3317
858 3832
872 4374
879 4853
880 4683
886 3811
889 1878
892 4250
896 1676
899 4829
908 3098
911 4325
914 4341
915 3273
245 933
936 4720
941 3069
942 2626
943 4106
944 3381
954 4501
966 3442
967 4641
172 969
979 3901
982 4340
987 4716
999 4609
1001 3787
1008 2503
1011 2724
1015 4423
1021 4560
1025 4720
1032 4569
1033 4904
1034 1906
1035 4746
1045 2607
1053 4986
1056 3678
1058 4490
1065 4722
1074 3868
1085 3314
1089 4914
1091 2793
1120 4998
1121 4978
1135 4926
1142 1852
1174 4844
1179 3932
1183 3962
1185 4912
1202 4860
1210 4900
1211 4872
1252 4122
1257 3827
1258 4902
1266 4964
1293 4429
1301 4911
1304 4987
1305 4410
1308 4927
1326 2811
1347 4670
1349 4636
1350 4979
1355 2247
1357 4670
1374 3019
1389 3600
849 1394
1007 1406
1428 4899
92 1432
1461 4463
1464 3512
1470 4627
1474 1479
649 1500
1502 4851
1520 4640
1532 4629
1537 4855
1568 3957
1590 3577
1620 4669
1628 3185
1635 3725
1636 4794
1637 4330
1659 4994
803 1678
1679 3432
1703 3695
1708 3300
1725 2783
1548 1729
1732 4905
1388 1761
1762 4913
1241 1767
622 1775
1779 4950
1780 4710
1781 3799
1790 4924
1802 4692
1803 4029
1827 4711
1854 4777
1859 4058
1860 4637
1869 4644
1874 4793
1896 3492
1898 4621
1772 1900
1901 4604
1909 2565
1911 1950
1092 1923
1929 4687
1930 4581
1940 4131
1949 3483
1958 4015
1962 3999
572 1964
1974 4087
1996 3594
2010 4159
2012 2955
1904 2014
2040 4577
2067 3812
2085 2792
2088 4964
2090 3726
2093 4943
2097 4417
2102 2750
2105 3132
2110 3116
1212 2131
2136 2604
2140 4735
1263 2141
2142 4993
2143 3808
2146 4510
2164 4550
2167 3439
2174 4312
2175 2267
2177 4928
2195 4219
2207 4802
1675 2219
2226 4408
2227 3253
2228 3335
2229 4767
2234 4903
2237 4635
2243 2435
2253 2434
2254 4746
2265 4904
1223 2276
2293 3566
2304 4205
2307 2901
2332 4378
2340 4377
2353 3795
622 2357
2360 3461
2362 2842
2203 2363
2383 4268
2390 2932
2392 2898
2417 3967
2425 4396
2429 2612
2432 4542
2440 4395
2441 4473
2463 4906
2477 3372
2482 3598
2515 4014
2517 2751
2534 4698
2536 4565
2541 3186
2547 4720
2406 2552
2553 4955
2558 4447
2575 4990
2576 4800
1740 2578
2580 4378
2488 2584
2452 2611
2587 2617
2620 4214
2623 4222
1465 2632
2637 4732
1075 2663
2674 4598
2699 4735
2703 4784
1172 2705
2706 2758
2717 2877
2728 3473
2223 2731
2734 4697
2764 3817
2765 4980
2772 4994
2779 4742
2785 4837
427 2787
2816 3268
2819 4265
2825 4032
2827 3344
2829 4481
2852 4981
2857 3333
2861 3965
2693 2869
2872 3929
2876 3495
2891 4900
2907 4886
2100 2909
2910 3691
1487 2918
2925 4794
2935 4899
2949 4484
2951 4855
2960 3969
2964 4722
2966 4224
2973 3289
2987 3002
2988 4813
3008 4850
3021 3672
3032 3138
3034 4507
2993 3044
1952 3075
3089 4641
3094 4842
3096 4710
3102 4971
3103 4812
3110 4749
496 3125
2963 3128
3139 3727
3153 4725
3158 4975
3164 4978
3165 3810
3178 3179
3184 4987
3190 4714
1453 3198
3218 4413
3225 4905
3229 4946
3232 3491
3234 4585
3239 4606
2993 3243
1392 3254
2726 3261
3269 4942
2971 3277
3282 3611
3285 4202
3286 4041
3290 4289
3293 4131
3308 4721
1793 3310
2583 3313
1627 3318
2941 3319
3326 4161
2609 3332
3336 4741
3341 3964
3347 4264
2016 3356
1572 3373
3380 3483
3387 4843
3388 4535
3400 4386
2880 3402
1972 3414
3419 4003
2863 3426
2978 3427
3428 4490
3434 3974
3446 4761
3447 4661
3212 3458
3464 4623
3226 3479
3507 3844
3221 3523
3537 4843
3545 4334
3554 4758
3570 4801
3579 4424
3587 3597
3588 3622
3595 4114
3589 3626
3631 4757
3644 4066
1030 3645
3648 3828
3662 4656
3671 4302
3675 4165
3676 4652
3683 3993
3687 4653
3705 4384
3712 4542
1850 3715
724 3717
3719 4784
3720 4456
3723 4225
1116 3734
1842 3762
3764 4244
3771 4915
3783 4139
3786 4349
3793 4188
3794 4760
3801 4756
2502 3815
3851 4807
2792 3853
3855 4666
3858 4174
3863 4526
3866 4752
3315 3870
3872 4853
3874 4507
3875 4093
3538 3878
3883 4985
3884 4955
3038 3890
3891 4283
3292 3898
3727 3899
3104 3900
3902 4194
3619 3903
3906 4902
3914 4566
2101 3917
3647 3921
3521 3943
3954 4773
43 3956
3959 4809
3788 3960
3961 4465
2698 3963
3971 4832
3835 3972
3973 4521
3292 3979
3986 4582
3989 4287
3736 4008
4024 4999
3541 4030
4034 4442
2202 4038
974 4044
2793 4073
3437 4076
4084 4738
4085 4937
4089 4317
4097 4548
4060 4119
1828 4129
1575 4130
4140 4463
3187 4141
4155 4941
4183 4185
4186 4814
4187 4910
3449 4208
1757 4218
4235 4395
1963 4236
1707 4238
4211 4240
4256 4442
2931 4276
4277 4588
4280 4289
3439 4294
3975 4301
4304 4855
4063 4307
4308 4320
547 4314
4345 4352
4349 4353
2526 4365
146 4368
3073 4375
3118 4380
4398 4576
1348 4403
4409 4814
3566 4419
4156 4428
4433 4678
4434 4939
3817 4444
4450 4961
4104 4454
4455 4466
1433 4478
4488 4571
92 4489
4505 4715
2986 4509
4374 4514
4518 4906
4522 4529
2678 4538
4526 4539
4551 4801
4555 4838
1998 4573
1793 4589
2450 4597
1204 4601
4565 4602
4624 4796
2005 4645
4648 4660
2654 4667
4681 4686
3936 4690
4496 4712
4713 4880
2933 4723
2204 4728
3493 4730
4271 4731
4737 4979
3697 4747
4748 4824
4442 4754
3672 4776
4633 4786
4769 4789
4791 4996
4015 4806
558 4823
3430 4827
3641 4846
3453 4848
4877 4890
151 4881
4887 4962
3575 4889
4895 4907
2707 4925
4899 4940
4873 4945
4710 4953
3506 4960
1922 4969
3600 4976
4206 4982
737 4989
7 3679
27 288
36 4883
41 2245
57 4442
59 3912
60 4860
65 4732
67 3984
76 1371
78 4574
81 2684
82 4809
87 1794
94 4921
123 4885
147 4777
177 3061
181 4962
197 2017
204 3685
215 4404
222 3635
232 2275
234 918
236 2985
249 4966
253 4916
258 3634
273 4837
290 4809
291 4104
314 4902
315 4262
320 4287
322 1315
323 1862
335 4095
336 4627
337 4095
342 4188
345 4603
362 2754
374 4757
375 816
377 4843
406 4502
441 3945
446 4709
465 602
470 3123
477 4719
483 4401
484 2721
492 1993
506 4343
512 2224
520 1321
534 3571
536 4543
581 4284
587 4366
600 4032
601 3280
608 4596
618 4567
632 3854
639 4819
652 3992
657 1976
665 3935
669 3888
674 3384
703 4309
113 721
723 2208
731 4292
738 4261
761 4110
762 1736
764 4964
775 4461
780 4216
791 1047
804 4484
807 2153
809 2200
813 4629
829 4834
838 4484
839 4974
858 1870
872 4907
879 2659
880 4684
886 4967
889 4962
892 4126
896 4750
899 4891
908 4864
911 4358
914 4878
933 3748
936 4644
941 3082
944 4831
954 4020
967 4223
969 4618
979 3423
999 4947
1001 4831
1008 4223
1015 4824
1021 4970
1025 4920
1035 4241
1045 3994
1053 4402
1056 3718
1058 4807
1065 4701
1074 4072
1085 3272
1089 4125
1091 1672
1120 4932
1121 2556
1142 4121
1174 1175
1179 4617
1183 4751
1185 4262
1202 4707
1211 4938
1252 4792
1257 1323
1258 4852
1266 3612
1293 1551
1301 4325
1304 2551
1305 4766
1308 4682
1326 4275
1347 2952
1349 4987
1350 4845
1355 4980
1357 2160
1374 4079
1389 4493
1406 4546
1428 2616
1432 4498
1461 4869
1464 4598
1500 4472
1502 4990
1520 2860
1532 4459
1537 4638
1568 3361
1590 3105
522 1620
1628 4842
1635 4139
1636 4936
1637 4882
1659 4613
1678 3832
1679 3969
1703 3798
1725 3700
1729 3636
1732 4706
1767 4077
1775 4485
1779 4937
1781 4663
1790 3630
1802 4616
1593 1803
1827 4935
1854 4166
1859 4265
1860 4943
1869 4631
1874 4815
1896 3813
1898 4046
1900 4458
1901 4600
1909 3513
1911 2693
1923 2798
1929 4961
1930 4972
1940 4701
937 1949
1958 3679
1962 3968
841 1964
1974 2854
895 1996
2010 2727
2012 3742
2014 4810
1897 2067
2085 4338
2088 4154
2093 3669
2097 4794
2102 4290
2105 3839
2110 2545
2131 4273
1338 2136
2140 3126
2141 4816
2142 4285
1647 2143
2146 4397
2164 4093
2167 4545
2174 4912
2175 4412
2177 2395
2195 4162
2207 4841
2219 3779
2226 4635
2227 3541
2228 3599
2229 3377
2234 3572
2237 4486
2243 4975
2253 4069
2254 4983
2265 4930
1485 2276
2293 4642
2304 3251
2307 4885
2332 4264
419 2340
2353 3879
2357 4351
2360 4472
940 2362
2363 4683
2383 4530
2390 4438
2392 4994
2417 4847
2425 4259
2429 4456
2432 4373
2440 4756
2441 3811
2463 4618
2477 4441
2482 4996
2517 3067
2534 3070
2536 3305
2541 4763
2547 4654
2552 4001
1354 2553
2558 4854
2575 4914
2576 4694
2578 4519
2580 3919
2584 3752
2611 4734
1456 2617
1645 2620
195 2623
2632 4362
80 2637
2663 4427
2674 4441
1338 2699
2703 4334
2705 3696
2706 4056
2717 4609
2728 4167
2731 4844
146 2734
2764 4355
2765 3992
2772 4498
2495 2779
2785 4254
2787 4142
2816 4693
2819 3385
1370 2825
2827 3501
2615 2829
2852 2957
2857 4977
2861 3825
2869 4213
2872 4438
1699 2876
2891 3926
2907 4116
2909 2940
2910 4290
2918 3684
2925 4524
1982 2935
2949 2952
2947 2951
2960 3549
2964 4662
2966 4999
1672 2973
940 2987
2988 3010
3021 4720
3032 4204
3034 3438
3044 4933
3075 4335
3089 3530
3094 4840
3096 3168
3102 4562
3099 3103
2607 3110
3125 4957
3128 4206
2439 3139
3153 3653
3158 4781
3164 4447
3165 4542
3179 3181
3184 4755
3190 4621
3198 4619
1117 3218
1195 3225
3229 4901
3232 4586
3234 4750
3239 4718
3243 4101
3254 4643
3261 3296
2220 3269
3277 4569
2115 3282
3111 3285
2548 3286
3290 4271
3293 4479
3308 3529
2322 3310
3313 4226
3318 4939
2344 3319
3145 3326
3332 4441
2211 3336
3341 4917
404 3347
3356 3612
3373 3807
3380 3934
3387 3847
3388 3672
2931 3400
3402 3894
3414 4059
3419 4897
3426 4234
3427 3505
3428 4217
3434 3474
3446 4418
3447 3838
3458 3710
3375 3464
2551 3479
2890 3507
1625 3523
3537 3977
3545 4343
3443 3554
3570 4719
3432 3579
2616 3587
359 3588
3595 4343
3626 4883
2330 3631
3644 4742
2794 3645
3648 4460
3662 4739
3671 3725
3675 3750
3676 4828
2472 3683
3687 4386
3705 4661
3712 4120
3494 3717
3719 4830
3720 4894
3723 4516
3294 3734
3762 4788
3764 3834
3771 4625
3750 3783
3599 3786
3359 3793
3794 4994
3248 3801
3815 4716
3851 4955
1871 3853
3855 3977
3858 4837
3144 3863
3866 4901
3454 3870
3872 4359
2257 3874
3875 4788
3878 4364
3883 4297
3884 4320
3805 3890
1163 3891
3359 3898
3899 4664
3673 3900
3902 4794
3895 3903
3023 3906
3613 3914
3917 4254
3921 4738
2937 3943
3954 4942
3956 4496
3959 3976
3960 4600
2682 3961
1569 3963
3759 3971
3972 4637
3973 4405
3686 3979
3986 4131
1544 3989
4008 4376
4024 4101
240 4030
4034 4191
1595 4038
4044 4179
4073 4906
4076 4985
48 4084
1888 4085
2225 4089
4097 4431
4119 4801
4129 4145
4130 4340
2767 4140
4141 4528
1561 4155
4160 4183
975 4186
4103 4187
3441 4208
4218 4912
4235 4820
4201 4236
3420 4238
4240 4857
4256 4312
3889 4276
4277 4922
4280 4325
3867 4294
2258 4301
4304 4743
4284 4307
4308 4717
2031 4314
3927 4345
2281 4353
4344 4365
3168 4368
2236 4375
3634 4380
4398 4581
4403 4515
3346 4409
4419 4854
4428 4974
3767 4433
3939 4434
4437 4444
4241 4450
4454 4528
4455 4880
3073 4478
4458 4488
4489 4888
4197 4505
3291 4509
3187 4514
3818 4518
4529 4629
4538 4909
2955 4539
4551 4864
4555 4576
4573 4575
4589 4698
1634 4597
4601 4871
4560 4602
3952 4624
4642 4645
4303 4648
1905 4667
2321 4686
3348 4690
4549 4712
4687 4713
4723 4837
4728 4744
4730 4802
1814 4731
3413 4737
2487 4747
4439 4748
4752 4754
4456 4776
4786 4802
4464 4789
4780 4791
4806 4809
4736 4823
4003 4827
3208 4846
2882 4848
4445 4877
4881 4924
4740 4887
4857 4889
1709 4895
4669 4925
4521 4940
4222 4945
4928 4953
2535 4960
1824 4969
4884 4976
2606 4982
930 4989
7 4563
57 4886
59 4567
60 3532
65 4634
78 3365
81 1682
87 4808
94 4595
181 4875
204 4548
236 2212
249 4541
253 4684
258 4405
273 4939
291 4854
315 3054
335 4231
337 4647
377 4966
446 4229
470 4331
483 3351
536 4116
587 4804
601 4879
608 1333
618 4864
639 3363
665 4858
674 4668
703 1908
738 2695
761 4957
762 4615
764 4358
780 4663
791 4819
809 4910
813 4267
829 2330
838 4615
839 4639
26 858
872 4472
879 3368
880 3342
889 4643
892 3864
899 4652
908 3714
911 4361
933 4121
1001 4971
1008 4868
1025 4924
1035 3927
1053 2931
1089 2077
1091 3951
1120 3126
1252 4811
1258 1439
1266 4459
1069 1293
1304 3553
1305 4765
1308 4452
1347 4977
1357 4123
1374 4779
1389 4688
1406 4649
1428 4468
1461 4468
1500 4794
1502 4092
1532 4911
1537 4689
1628 4814
1635 3949
1636 4501
1678 3480
1679 4261
1703 4582
1725 4259
1732 4923
1767 4649
1775 3247
974 1827
1854 4548
1859 4558
1860 4990
1869 4775
1874 4362
1898 4196
1900 3732
1909 4885
1923 2722
1929 3376
1958 4884
2010 3378
2014 4613
2067 4946
1583 2088
2093 2833
2097 4257
2102 3958
2131 4422
2142 4172
2146 2780
1914 2164
2167 4904
2195 4145
2226 3217
2228 4968
2229 3120
2234 2744
2237 4266
2243 3667
2276 4956
2332 3834
2340 4563
2353 4456
2363 3672
2383 3266
2390 4957
2425 4042
2429 3637
2432 4759
2440 4954
2441 4338
2463 4670
2477 3311
2482 4501
2517 4670
2536 4387
2547 4777
2552 4995
2553 4580
2576 4496
2584 4856
2611 4039
2617 2733
2620 4998
2623 4177
2632 3738
2637 4928
2663 3425
2699 4922
2703 4905
2705 3517
2706 3338
2728 3655
1606 2764
2765 4761
2772 3848
2779 4878
2785 4886
2787 4843
2819 4632
2825 3796
2827 3328
2829 4813
2852 4606
2857 4414
2861 4956
2872 4687
2876 4299
2891 4803
2907 4043
2909 4462
2925 4572
2935 4729
2960 4416
2973 3078
2987 4018
2988 3603
3021 4553
3034 4841
3044 4764
3075 4838
3096 3800
3102 4924
3103 4065
3128 4165
3139 3292
3153 3589
3158 3642
3164 3844
3134 3165
3179 4933
3184 4888
3100 3190
3218 3371
3232 4312
3234 4942
3243 4951
3254 4800
2965 3261
3269 4501
3282 3654
3285 4599
3286 4621
3293 4152
3308 4962
3309 3310
3313 4700
3326 4517
3336 4706
3341 3880
3347 4654
3202 3356
3373 4474
3380 3722
3414 4855
3419 3440
3426 4812
3427 3942
3428 4813
3434 4058
3446 4247
3447 4939
3464 4755
3479 4905
3507 4937
3537 4470
3545 4946
3570 4711
1434 3579
3587 4931
3588 4305
3595 3787
3626 4963
3631 4664
3645 4692
3648 4904
3671 4596
3676 4651
3683 4278
3687 4875
3705 4968
3712 3999
3717 4902
3719 4297
3723 4920
3734 4459
3762 3999
3764 4150
3638 3771
3783 3860
3786 4355
3793 4424
3737 3794
3257 3801
3755 3815
2002 3851
3853 4022
3855 4593
3858 3925
3863 3865
3866 4931
3870 4128
3872 4878
3874 4337
3875 4901
3653 3878
3207 3883
3884 4121
3890 4517
3638 3891
2418 3898
3899 4894
3900 4813
3902 4471
3807 3903
3906 4298
3914 4794
3603 3917
3921 4803
1903 3954
3956 4001
2833 3959
2669 3960
3961 4777
3963 4321
3971 4653
3972 4470
718 3973
3979 4970
3986 4197
3581 3989
734 4008
4024 4564
4030 4914
4034 4504
3208 4038
3730 4073
4076 4232
4084 4171
4026 4085
4089 4094
3807 4097
3433 4119
4129 4150
3852 4140
4141 4453
3784 4155
4028 4183
283 4186
4187 4934
4208 4999
4218 4831
3395 4238
4240 4882
4256 4794
1805 4276
4277 4899
4280 4369
3340 4294
4285 4301
4304 4311
4307 4797
4244 4308
4314 4316
1948 4345
3939 4353
3897 4365
4251 4368
4375 4708
3305 4380
4309 4398
4403 4861
4409 4979
3985 4419
4027 4428
4433 4824
4434 4899
2927 4444
4411 4450
4188 4454
4455 4707
3374 4478
4195 4488
2647 4489
4505 4929
12 4509
3584 4514
4320 4518
3456 4529
4116 4538
4539 4540
2358 4551
2875 4555
1553 4573
4383 4589
4513 4597
4601 4797
4602 4798
3054 4624
4257 4645
4626 4648
4667 4855
4686 4733
4690 4700
4696 4712
4105 4713
4400 4723
2055 4728
4321 4730
3952 4731
4660 4737
4747 4971
4445 4748
4704 4754
4755 4776
3750 4786
4331 4789
4517 4791
3750 4806
4612 4823
2967 4827
4311 4846
4848 4850
4134 4877
4881 4967
4869 4887
4758 4889
4497 4895
4094 4925
4508 4940
4835 4945
4914 4953
3112 4960
4969 4991
4502 4976
4884 4982
4052 4989
59 4050
78 4720
87 4692
204 4587
258 4290
273 4916
470 3117
536 2295
639 4784
665 3992
674 4883
762 3632
764 3795
780 4658
809 4311
829 3818
839 4768
872 4702
880 4766
911 4720
1001 4166
1053 4484
1091 4214
1120 4840
1252 4577
1258 4918
1266 4752
1347 4864
1374 4287
1406 4991
1461 4931
1502 4258
1635 4209
1767 4715
1775 4077
1827 4906
1854 4250
1860 4376
2088 4816
2093 4757
2226 4270
2340 4401
2353 4500
2383 3849
2390 4942
2440 4996
2441 4568
2482 4992
2552 4558
2576 4568
2584 4778
2611 4965
2620 4972
2637 4519
2663 3911
2699 4289
2462 2705
2706 4950
2728 4771
2779 4405
2787 4674
2827 4407
2231 2852
2872 4411
2987 4691
3021 4696
2281 3034
3075 4320
3102 3819
3103 4546
3164 3429
3190 4978
3234 3276
3243 4338
3261 4475
3269 4438
3285 4388
3265 3293
3336 4961
3341 4205
3347 4328
3380 4817
3414 4800
3434 3952
1585 3479
1959 3507
1442 3537
3587 4633
3595 4616
3626 4961
3648 4689
3671 4295
3676 4788
3683 4333
3687 4894
3092 3712
2936 3717
3719 4709
1824 3723
3226 3762
3764 4525
3783 4612
3786 3818
3793 4977
3794 4591
3801 4346
3815 4175
3203 3851
2599 3853
1592 3855
3858 4542
3863 4954
3866 4587
3872 4810
3730 3874
3878 4957
3883 4347
3884 4067
3890 4015
3899 4962
3900 4921
3895 3902
2613 3903
3906 4584
3917 4834
3404 3921
3954 4515
3956 4812
3961 4595
3971 4545
3972 4053
3973 4571
3979 4327
3930 3986
3228 3989
3804 4008
1571 4030
4034 4707
4073 4463
4011 4076
4084 4740
4089 4487
4097 4341
4119 4741
3924 4129
2387 4140
3141 4141
3759 4208
4049 4218
2045 4238
2903 4276
2484 4277
3838 4280
4294 4599
4274 4301
1483 4304
4314 4429
4345 4941
3952 4365
4368 4883
4380 4820
4398 4794
3481 4403
1551 4409
4419 4594
4405 4428
4415 4433
3981 4434
3748 4444
3952 4454
4455 4655
4478 4676
922 4488
1219 4489
4104 4509
4514 4956
4518 4519
2157 4529
2411 4538
1473 4539
4551 4606
4555 4592
4573 4935
3881 4597
4601 4977
3417 4602
4581 4624
4645 4837
4627 4648
3749 4667
4686 4758
4171 4690
4712 4878
4594 4713
4723 4724
2686 4730
4731 4804
3807 4737
4467 4747
4584 4748
2791 4754
4576 4776
4367 4786
4615 4789
4175 4791
4216 4806
2786 4823
4827 4985
4416 4846
4074 4848
4782 4877
4881 4897
4766 4887
4859 4889
3918 4895
4759 4925
3442 4940
4945 4986
2814 4953
2285 4960
4287 4969
4796 4976
3727 4982
4324 4989
1053 4752
1266 4522
1374 4144
1406 4107
1635 4707
1827 4913
2482 4680
3075 4510
3190 4909
3234 4938
3269 3619
3336 4441
3479 4090
3587 4499
3626 3912
2791 3648
3671 4918
3683 3716
3687 4575
3719 4440
3764 4946
3725 3853
3866 4800
3899 4755
3902 4479
3921 4115
3956 4430
4008 4355
2500 4073
4084 4914
4089 4266
3787 4097
4119 4459
4276 4998
4277 4614
4094 4304
4403 4836
4419 4700
4433 4750
4025 4434
4411 4444
4454 4458
3816 4489
4509 4726
4514 4762
3773 4518
4339 4539
4555 4599
4160 4573
4558 4601
4424 4645
4431 4648
4686 4738
4664 4690
4723 4729
4731 4947
4207 4737
3058 4747
4272 4748
4786 4797
2645 4789
4453 4806
4370 4823
3837 4827
4634 4846
3975 4848
3981 4925
4684 4945
4840 4953
3468 4960
4965 4969
4976 4995
4865 4982
4540 4989
3816 3899
4613 4786
