2647 4112
3564 4577
348 861
4098 4872
4189 4254
2745 4819
2585 4966
2968 4985
1833 3531
2149 4666
1096 4625
1973 4646
1048 4361
3505 4966
90 2132
2239 2586
455 4051
898 4943
1153 4376
969 4609
2713 3505
3447 3562
2216 4609
147 4625
969 1020
3809 4626
2000 4852
3875 4453
3485 4094
1851 2835
2914 4180
2881 4847
1052 4623
294 4674
4474 4702
1719 4667
514 4465
2623 4582
2933 4943
2536 3916
4297 4917
2370 4917
2609 3531
3531 4361
3299 4552
3633 4162
381 4663
1469 4770
3176 4168
1621 4688
3842 4696
3112 4474
714 4958
1743 3842
1169 3392
4066 4832
0 4297
2240 4701
3197 4410
4847 4918
2614 4098
2504 4759
384 4807
497 4162
4112 4736
3832 4214
824 2601
3231 4390
4254 4410
2276 3986
2681 3827
3537 4852
1080 3052
4168 4209
4832 4958
3052 4105
1621 3288
397 4385
1356 4463
4966 4978
3495 3994
980 4066
63 3854
3311 4415
2181 4025
1676 4701
4347 4770
335 3013
1606 2276
680 3863
1247 4265
1676 2240
3749 4312
1884 2216
2956 4632
544 4240
2178 4943
2657 3531
2276 3795
1731 4055
2357 2696
4057 4666
2256 4918
3790 4782
2261 4998
526 4297
4503 4702
2475 4254
1078 2614
3772 3856
1407 4817
3225 4327
1048 4686
1581 3409
3863 3948
4385 4736
995 4881
1994 4290
4193 4344
312 4465
1749 4385
1080 3803
2437 4327
665 4966
4453 4646
3240 4872
1676 3390
4373 4453
2585 3938
2789 4663
1389 3754
3629 3818
2392 3935
3238 4078
3696 4588
4347 4541
3754 4158
3392 4782
3633 4125
3962 4736
3621 4782
1797 4290
664 4841
1820 4453
849 4819
4222 4373
1606 3531
1733 2257
4115 4881
2271 3994
1158 2462
3304 3668
3856 4181
3646 3973
4327 4625
1342 3686
3176 3758
1269 4667
3696 4745
104 3531
108 1223
3473 4254
443 3270
969 4702
2623 2647
1010 4181
3627 4051
4663 4807
3686 4552
752 4265
1582 4708
3854 4696
4025 4954
1078 4872
18 1705
3179 4078
3462 3631
8 4632
4367 4759
593 3434
3408 4675
186 1123
4625 4918
2370 4367
651 4943
334 1672
3887 4817
4051 4872
3979 4327
3485 4978
2554 2561
1364 4770
3473 4573
1203 4708
233 4503
825 4846
1086 4702
2339 3344
1331 4958
3050 4297
4688 4881
780 4674
3052 4770
932 4552
3245 3811
4966 4998
3236 4240
319 4632
2103 3885
2396 3564
4025 4336
1042 4674
2925 4483
2601 4181
1190 3231
1020 3112
661 4958
1693 4790
186 3696
3629 4180
2502 4463
254 4582
380 3832
3608 4465
3627 4098
1231 4001
2696 4552
3150 3311
1528 4385
2457 3132
4958 4966
2965 4463
3240 3627
1976 2181
814 4966
2153 4759
2090 2933
2178 4066
4162 4686
4240 4807
3047 4265
3386 4347
2861 4954
3563 4503
2554 4958
3754 4347
2239 4055
1995 4782
178 4168
3811 3938
233 1761
1976 4465
249 4696
711 2596
501 4817
1169 4782
2444 4745
3668 4667
2696 4675
533 4474
2647 4214
4349 4415
2388 4385
1833 4125
2968 3128
2914 4985
1797 2657
4625 4667
2956 4214
444 4696
1869 4663
4410 4782
3304 4066
4817 4819
2414 4478
2462 3447
3415 4872
1061 4352
533 4780
3045 4222
1953 4675
2554 4667
3531 4478
2925 4131
512 4985
527 4702
4410 4413
2232 3599
1761 3599
1588 4807
314 4254
3383 4609
1884 4474
3994 4115
397 4736
2875 4573
3299 3631
210 3052
2457 4209
1972 4098
2861 2918
90 3531
853 3047
1594 4847
824 4541
2968 4498
2216 4503
3408 3625
1515 4567
3018 3485
38 4954
661 4978
186 4588
21 4696
3967 4040
2396 4407
3747 4478
1241 4686
4567 4847
2226 4361
4389 4827
2430 4708
1835 4038
3563 4702
1884 4503
3238 4577
455 2681
4413 4780
3947 4852
3132 3854
3124 3409
716 1398
3018 4162
527 4780
1820 3749
3285 4667
2261 3863
1241 4646
343 4832
2209 3435
2609 4686
716 1108
1181 3239
2914 4168
1035 4675
1052 4214
189 3948
3790 4410
947 4352
4265 4498
878 4407
4162 4209
2540 3240
501 3599
4780 4954
3572 4958
989 4577
334 1384
2235 2294
1180 1733
3998 4577
1361 4998
4202 4881
3275 4040
3473 4413
3050 4819
1078 4389
3150 4390
586 4917
861 3447
932 3916
1006 4352
4415 4450
4040 4827
3392 4410
2875 3790
2014 2958
4126 4663
4312 4453
3144 3304
2502 4759
1143 3599
2484 4998
1835 2713
2181 4541
3288 4202
3809 4632
2294 3608
2789 3979
1322 3696
3154 4344
3389 4361
2504 2506
384 4625
4297 4817
4295 4625
2810 3408
1356 4841
3112 4609
375 4790
1945 4474
4214 4626
241 4790
3621 4736
2444 2935
2647 4582
1407 4321
408 1609
90 2753
2232 3025
684 4666
3008 4281
356 2276
3485 4478
1108 2462
444 4483
3643 3654
3124 3850
1361 3352
3947 4001
490 4852
898 4344
2247 3435
1528 4736
4202 4790
2685 4688
335 4588
603 4667
2968 3654
2745 3027
1080 4770
2239 2562
56 2881
984 4449
2881 3293
1581 4202
2713 4841
1761 2484
1705 3994
1042 3885
3571 4954
4943 4958
2430 3772
3045 4373
1398 3562
1223 4872
1384 3013
3863 4344
380 4632
1178 2354
1020 1879
3027 3749
3505 4759
1066 2487
4222 4312
3097 4702
2213 4389
3887 4450
3962 4385
680 4193
898 4958
1289 4214
1849 4827
2209 4115
2396 3751
4344 4352
527 3344
858 4051
2219 4819
2880 4162
3342 4790
3052 4347
4498 4985
1705 4098
4577 4827
2178 3668
1184 4202
4790 4872
3052 4541
2562 4696
4066 4943
1820 4089
1797 4675
3027 4646
989 3488
2502 4917
2533 4055
2430 4827
2504 4846
4413 4573
2733 4483
1010 4847
3842 3850
2537 4541
1217 4222
2243 3608
2243 4770
2537 4347
2399 4073
3245 3599
2425 4832
2862 2880
2745 4373
3427 4881
1121 4158
3342 4881
1342 1582
2153 4367
4297 4450
1398 3633
1010 3236
3887 4321
1066 3576
1052 2956
1035 3916
3240 4389
2454 3390
491 3818
1123 4588
3197 4254
2552 3621
4336 4503
3531 4125
4390 4985
1621 4881
2862 4361
104 4686
2444 4847
682 4966
684 4998
1699 4917
3050 3887
544 3270
1933 2546
948 4943
471 4696
1574 3571
1576 4078
2956 4623
1025 2339
2956 3809
3935 4872
2178 4958
3818 4985
2430 3627
8 4626
813 4552
2209 2441
3344 4474
428 4202
3154 4193
4181 4847
1361 4966
3197 4573
222 4917
1126 4646
1697 4407
2552 4582
2760 4001
3564 3751
3415 4040
932 3021
363 4410
3563 4780
145 2213
2484 4666
2601 4347
3795 4361
1581 4312
2650 3132
189 4352
3772 4872
1035 1582
457 4499
651 2483
3144 4943
319 4626
3427 3435
3842 4483
1737 4465
408 3447
4168 4605
4385 4390
31 4958
4089 4105
3390 3885
3154 3863
1676 4674
2247 3758
3238 3751
2329 2546
1241 4453
2153 4917
123 4819
2181 3576
1617 4415
2050 4202
2483 4667
1761 2216
2232 3811
3097 4780
3304 4958
375 3994
3631 3686
3112 4336
3225 4663
3045 4646
222 4841
314 4573
888 4688
2369 4846
2357 4708
2880 3018
2487 4780
3938 4998
3571 4819
680 3948
533 4609
3021 4708
3572 3668
4105 4373
2129 4577
4115 4790
2339 4336
2454 2753
363 4281
1190 3311
1122 4708
3564 4078
1223 4827
343 4872
2536 2696
2935 4943
3625 4708
686 3854
3508 3749
2132 4162
3132 4483
3550 4214
1086 3563
2483 4943
4321 4819
1178 3854
878 3973
210 4541
471 2650
880 3758
3550 3832
1878 4917
1185 2914
3749 4222
1879 4702
2562 4210
2586 4483
1388 2596
1469 1976
2647 3962
3973 4449
3176 3311
825 4759
2586 4696
2247 3150
3293 4745
1524 3550
858 4098
1178 2239
2506 4623
2271 4790
4295 4663
932 1515
3299 4290
145 3827
1743 4696
2965 4367
3629 3758
1364 4577
3045 4089
3045 3508
1010 3654
3495 4688
1581 4115
821 3270
2681 4872
3097 3112
1061 2014
2257 2760
1406 4666
1586 3916
2623 4073
1061 3154
1688 3749
849 4450
1406 2257
3236 4567
2166 2760
3811 4998
3434 3962
4407 4449
4573 4782
1086 4025
3495 4790
1143 2232
3633 4686
4463 4846
2540 4040
2000 2257
4759 4966
3935 4040
3643 4078
2745 4646
3285 4066
1581 4881
3856 4827
2546 4998
1402 3408
2388 4623
2918 3887
2914 4605
1820 4222
780 3885
2226 3832
579 3809
745 4361
1417 3772
579 4632
3231 3435
4265 4667
1515 3299
108 389
2149 2484
135 4453
2414 4361
487 2562
4625 4978
375 4881
1080 4465
3239 4588
348 3447
326 4352
3818 4498
1833 3389
3754 3803
2753 3659
527 4336
3979 4807
2527 4552
2457 2533
1588 3390
3795 4686
4465 4770
186 1384
1190 4985
90 4094
21 2733
1241 4105
3132 4696
1181 3238
1269 3668
3288 4881
4181 4918
684 4281
339 2414
2760 4852
2149 4057
339 4162
1668 3809
711 1123
4552 4675
375 4688
254 4073
2506 2956
335 2140
651 2935
1190 3790
2753 4181
3288 4115
2925 4055
3608 4881
21 4055
1217 4105
1975 3386
449 3239
2810 4708
3938 4057
1247 4390
4214 4632
1200 4745
294 2240
3832 4632
2256 2810
4125 4686
4312 4373
579 4623
108 2425
1407 3887
334 4588
1150 4881
348 1108
2483 4832
3176 3654
2506 4214
3045 4105
1932 4367
3128 4605
2388 4214
4336 4702
947 4954
2713 3027
2585 4998
4089 4646
0 4817
2462 3562
3694 4943
3508 4646
3875 4105
544 3236
63 4483
3659 3986
2329 3811
2927 4847
1749 2579
1588 4376
3344 4702
2089 3659
1668 3427
2579 3434
2261 3986
3047 4168
4588 4918
1863 4745
3311 4209
2484 3938
2789 4625
339 3633
3144 4832
2441 3818
1973 4105
2240 3659
4281 4832
1668 4214
3747 3795
3631 4708
3505 4846
980 2554
3751 4078
3485 3795
2256 4567
2388 2506
1588 4327
2475 4410
1203 3916
3508 4105
3050 4321
3564 3998
1586 3390
3550 4626
849 4297
3045 4453
4567 4918
2881 2927
3021 3686
878 4449
824 1975
3197 4782
2239 4483
3627 3631
2487 3550
2586 3854
490 3947
145 4841
4202 4688
1388 3239
189 4149
4708 4780
233 4702
824 4770
491 3694
3038 4453
984 2657
2753 4701
2745 3875
3270 4847
2457 4841
1200 3856
57 3505
2933 3285
3409 4202
932 4708
1178 4483
4057 4998
3875 4373
408 1398
3225 4149
1010 4567
4220 4978
3531 3633
3128 4498
1158 3562
1524 3809
1869 4943
2585 3245
4240 4847
1807 3625
3643 4168
1158 1292
4131 4573
4780 4918
4321 4450
343 3998
3979 4625
4000 4352
3285 4832
408 4966
1807 3299
2010 3488
457 1737
2614 4389
2958 4344
4499 4847
1066 4347
1854 4112
2396 4577
737 4202
1849 4040
3145 4582
3621 4073
471 2533
4210 4675
4745 4847
3231 4336
3967 4688
4254 4573
4327 4376
3342 3994
326 4847
4001 4852
2685 4881
334 3013
146 2927
1407 4819
1705 4872
2001 4577
4344 4954
3008 4817
3352 4057
919 4846
2647 4736
145 858
716 1047
3176 4985
4158 4780
4474 4609
3473 3488
4066 4958
2216 2399
554 3986
1080 1731
3608 4149
1035 3686
4089 4222
1907 3696
147 4807
3275 3772
3508 4222
1609 3562
4001 4038
3427 4413
849 4817
356 4361
2546 3938
217 4626
4376 4625
3304 4832
1719 3572
3646 3979
2958 4352
3197 3790
0 4450
3275 3947
3827 4051
2153 4463
3625 3631
990 4055
3390 4701
2216 4702
57 4686
1384 3696
813 3018
2484 4667
984 4852
2914 4390
1247 3047
1524 4632
2917 4582
2437 4625
2925 3854
3488 4782
4115 4453
3288 3427
1854 3434
783 4552
825 4367
1011 4852
61 4336
833 3935
3772 4389
684 3938
2392 4478
3938 4125
3427 4790
2414 3795
3462 3772
1953 4210
3887 4819
2213 3415
4000 4872
3643 4180
2614 4827
603 4943
2835 4817
3245 4666
948 4958
434 3962
2483 4066
1995 2875
3935 4985
1474 3608
1923 4708
2014 4344
1932 4846
222 4846
1074 4696
4415 4985
61 4474
4078 4407
544 4567
1574 4819
1269 2554
2733 2925
3299 4675
3979 4126
3576 4465
4450 4819
3772 4098
3389 4686
4105 4453
607 4181
2623 4736
3144 4066
2562 4055
3240 4051
3875 4978
1096 4327
2354 2457
2369 4759
31 4943
3758 4390
783 3686
1125 4666
1731 3288
1020 3563
3643 4985
1756 4790
1835 4852
3427 4115
4503 4780
1588 4625
2276 4478
8 4623
4327 4663
1184 2010
3850 4202
2586 4055
108 2681
2475 4189
1807 3132
2596 3696
4112 4385
4841 4966
4158 4632
487 3938
2414 3389
1576 4577
4463 4917
2357 4290
2527 3408
123 3239
3005 4321
2219 4321
2927 3293
3654 4180
2010 3473
526 4567
3288 3850
4098 4827
3038 4646
3225 3646
3621 4582
210 4347
2536 4149
3435 4498
1879 4025
2369 2370
3179 3751
2835 4297
4465 4646
1122 3625
1214 4770
1994 3916
855 1474
2354 2586
4131 4958
579 4626
1719 4832
1153 4807
1668 4632
2339 4413
4463 4841
384 4663
1006 3154
1181 4588
2918 4450
3240 4040
4667 4958
2441 3231
593 3856
3924 4686
2657 4852
1797 3625
512 3643
1086 4954
4220 4478
1606 4125
1241 4312
3352 4666
434 4327
408 4918
389 4407
233 4474
1515 3625
3435 4265
3627 3772
1214 1469
389 4846
2205 2657
2875 4254
752 4180
3979 4376
3488 4573
4126 4327
2209 4985
1153 4663
3850 4688
4214 4623
1203 1582
3948 4344
1995 3488
2917 4846
3809 4361
2166 4038
3629 4126
3863 4193
4193 4352
3299 4708
1178 4696
3270 4745
1933 3352
3751 4577
1169 4573
1309 2121
3231 3758
3994 4790
3390 3659
3473 4410
1292 3447
1845 4807
3646 4376
2089 3885
1797 4708
3576 4541
1868 3643
1923 1994
984 2000
2760 3947
2153 4841
3236 4847
1995 4573
1231 4626
3832 4626
4463 4759
1728 4686
2789 4807
50 3803
1769 4214
4222 4918
3238 4407
3621 3962
3495 4881
1337 4098
497 4978
2166 4852
1269 1749
3050 4817
4745 4918
3850 3986
389 2388
4040 4872
4025 4609
1606 2609
2166 4001
56 4745
490 3967
2256 4240
2339 4025
3225 3979
356 3795
3856 4389
3473 4189
1845 4663
554 780
50 4465
1143 4666
2129 4407
23 3352
381 2257
661 3668
1945 4702
4057 4453
2205 3947
745 4125
1158 3447
2090 4832
853 1932
2240 4674
4040 4474
1042 2103
3563 4336
2536 4675
1056 4000
2226 4214
2955 3633
4702 4954
1020 4336
3005 3571
3998 4407
2546 4666
3973 4078
1662 4202
4385 4582
3342 3427
455 3275
1061 4193
3005 3887
1006 3863
1289 1945
2713 4759
2753 4674
3275 4872
4390 4415
2341 3508
2681 4827
4073 4112
4094 4478
990 1074
1025 4609
715 3239
989 2129
607 4745
2733 3132
2914 3948
2681 4917
2562 3854
2552 4073
3827 4872
4667 4832
1749 3962
145 3495
325 3633
2585 3352
3576 4347
4841 4917
38 4352
833 4040
1012 2089
2696 3408
514 3803
715 4588
2918 4819
3811 3887
3875 4312
3948 4149
3564 4449
3275 4389
3654 3818
682 2329
1309 4344
1879 4609
1292 3562
526 4745
4115 4202
1994 4675
4605 4985
74 2089
1654 4958
1617 4626
3633 3795
1469 4541
61 4702
3047 4390
2504 4841
2753 3986
664 4759
2861 4819
2927 3236
3128 3818
2235 3803
2219 4450
4025 4780
1406 2166
2210 4790
249 4782
783 4708
2235 4770
1672 3013
1052 4632
135 3875
3240 4098
4189 4573
2601 4770
3629 4985
397 3962
343 3415
2090 4281
2247 3047
2933 4958
4126 4625
1662 4688
582 4209
2502 4367
1581 4790
1269 4943
3986 4674
2554 4832
3013 4588
2925 4474
3885 3986
38 4344
487 1820
4958 4998
2789 3646
1247 4605
593 4736
2437 4807
1042 4701
1728 2917
1833 4478
3409 3994
2713 4917
241 4688
3948 4297
501 3571
4025 4503
3342 3850
1322 2596
1769 4001
2341 4646
919 4841
2956 4626
1662 4881
616 4573
651 4667
2268 4985
1588 4663
1096 4663
1923 2527
2089 4701
2444 4918
2001 3973
4073 4736
2862 4478
3145 4073
3197 3488
4295 4807
2527 3021
4073 4625
147 4663
1524 4626
1845 4376
3145 3962
1552 3686
3550 4623
2965 4917
1190 4605
4051 4701
4180 4415
1200 4567
135 4089
4025 4474
616 4254
3994 4881
326 3948
2561 4066
3352 4998
3150 4985
3390 4674
1851 3856
2601 3754
4055 4483
3285 4943
428 3342
1384 4588
4149 4193
2240 3027
1322 1388
3245 4998
2965 4841
867 4881
2862 3485
21 3854
984 3537
4094 4162
1402 4841
3383 4745
1973 4222
4240 4567
3629 4498
560 4780
443 4567
1976 4541
2454 3885
1705 3772
2789 4376
1973 3038
356 3962
727 2862
833 4872
3150 3629
2835 4567
4674 4827
4609 4780
1756 4688
2561 4667
512 4498
1743 3686
1576 3751
2425 4943
3646 4807
4189 4410
3435 4415
146 1594
314 1995
491 3643
1594 3270
2918 4954
3050 4450
1126 3027
3754 4770
3875 4089
343 3627
3392 3790
457 4483
3531 4686
551 4872
3795 4094
3505 4463
3973 3998
3128 4872
1884 4336
2537 4770
2546 3352
4321 4817
3179 4577
3608 3863
835 4474
1849 4872
1884 4780
2444 4567
4415 4605
1975 3754
3935 4389
4567 4872
2540 4389
2232 3938
3150 3758
3238 3564
335 3696
1878 3008
1973 4312
3790 4573
38 4193
1878 4463
1845 4126
241 888
3629 4605
18 3935
1174 4609
8 3832
1668 4626
4819 4954
1006 4344
1214 4541
0 3938
752 4498
2000 3537
3550 3809
217 319
2226 4623
1662 1693
947 3948
1200 4847
2209 2880
1170 4449
3021 4290
526 1200
4415 4498
1621 4790
1933 4954
1217 3749
1737 2502
3225 4625
2232 4998
3435 4605
1994 3631
4078 4449
745 4478
3811 4966
4817 4954
2968 3435
3154 4149
90 3795
2789 4126
4025 4702
3508 3875
1515 4552
2103 4674
2271 4881
1185 2601
540 3629
867 3495
2745 4105
1356 4917
312 4541
1743 2562
2733 4696
1975 4770
2504 3505
3803 4770
4149 4344
356 4125
1180 1406
1181 1384
3427 3629
2271 4115
3654 4449
1401 4998
3047 4985
186 3013
2958 4193
4265 4415
2536 3299
3145 4736
745 4686
607 3236
1668 4623
3225 4376
3005 3050
1180 4852
980 4943
2561 4832
4449 4577
0 4321
780 1012
3948 4193
2256 4847
1289 4626
3625 3686
2552 2623
2475 3863
1769 3947
1705 3827
4126 4376
715 3842
3392 4413
1474 4499
3145 4385
1945 4780
3875 4646
1863 3537
3018 4361
2585 3659
4158 4474
1528 4582
2205 4852
3013 3239
3948 4954
2955 3747
2955 3008
1143 3811
1389 4465
1621 3050
3021 4552
3850 3994
1879 4295
3832 4349
3885 4674
1047 3562
4376 4807
0 4819
682 4998
4582 4736
3052 4465
2140 4736
880 3150
3390 3986
990 4696
3754 4465
682 3245
2502 2965
2955 4686
1292 1609
1688 4202
1797 4552
434 4663
752 4209
135 1973
339 3485
3128 3643
3646 4663
356 4686
4449 4453
2713 4846
2276 4162
3751 4407
497 3599
661 3572
995 1122
74 3659
3571 4297
4001 4688
2956 3832
665 2925
4376 4663
586 4759
825 4917
1743 3854
356 3563
3027 4222
2369 4917
2561 2933
3179 3998
582 4390
2681 3935
3270 3293
3408 4708
384 4327
2425 3572
1975 4347
2339 4954
3018 4125
3038 4312
3409 4881
314 4782
1737 2235
1594 2810
434 4807
3005 4450
1388 3947
63 2457
380 4626
1035 1994
2268 4415
1481 3572
2933 4667
2149 4998
3005 4819
4312 4646
833 4827
4474 4503
1331 4667
2341 4373
4415 4958
1169 3790
1223 4040
1976 3754
2650 4696
3245 4057
2487 4918
1693 4202
3751 3998
4336 4474
325 2760
3344 4336
544 4847
2341 4312
3505 4917
3047 4209
4450 4954
1586 4675
2935 4202
3342 4115
4367 4917
835 4702
3686 4675
2132 4686
593 3621
2502 4841
3150 4209
4499 4745
821 4181
3005 4297
3008 4819
3564 3973
3827 4696
3935 4827
3863 4352
3962 4112
74 4701
2354 4055
3827 3935
1737 4347
1241 4222
1576 4407
3179 3973
3832 4966
1401 4352
2925 3132
715 2425
2753 3390
2247 2441
2341 3875
661 4943
1150 2927
3749 4453
540 4605
2596 3013
4483 4552
23 4998
3564 4407
1621 3342
1769 4943
2935 3950
2001 4407
4222 4646
455 2540
560 969
2268 4605
948 3668
3659 4701
3751 3973
1733 2810
2256 4078
1581 3850
825 4841
969 4025
2357 3021
2268 2789
3818 4265
1074 4483
745 4162
363 4189
1011 1733
4413 4609
1688 3288
3239 3696
3508 4453
1153 3097
661 4832
4254 4782
990 2239
4202 4214
2958 3863
2533 4483
3627 4336
1322 1672
727 4478
3342 3409
2835 4819
1672 4588
2914 4415
737 4688
4181 4567
2369 4367
1933 4998
2205 4001
686 4609
814 4666
3427 4688
4073 4582
241 4881
4290 4708
2444 3304
1932 4917
2536 4290
3950 4352
189 4344
1574 4817
2247 4605
312 3754
4450 4817
2875 4189
1389 2294
3654 4498
174 3856
3197 4189
4040 4098
3128 4390
2240 3885
2178 4832
2506 4632
2178 2425
3434 4736
2441 3654
2918 3571
855 4499
2399 3563
3485 3633
2914 4265
2527 4708
2388 3550
1078 1505
1080 3231
5 4478
3027 4312
2562 2925
2958 4149
3994 4688
3304 4943
2235 4541
1078 3415
4623 4632
867 4790
2010 4410
3238 4449
2506 3832
123 3050
4094 4688
4367 4846
2257 3537
2090 4958
1174 4503
254 4736
294 3390
1923 4978
490 4001
1066 3386
2399 4702
1594 4181
2430 4847
2696 3916
1654 4347
1122 4552
2129 4449
3311 4168
2181 3803
2657 4001
1932 4463
2935 4958
1807 4770
4209 4605
3850 4115
2232 4666
56 4847
2232 4057
989 4449
4181 4745
919 4917
1976 3885
3270 4567
4131 4189
2370 4463
1933 2484
3811 4666
31 4832
682 3811
2483 4958
4265 4985
4483 4696
3998 4449
4158 4609
1731 4483
3097 4954
8 1214
3415 4827
2271 3495
3850 4881
1923 3021
339 2862
2149 2329
3646 4625
1574 4450
2596 4588
1749 3621
3885 4701
1247 4985
1122 4389
1820 4646
1126 4453
4193 4954
3571 4327
2103 4701
3275 4827
1972 4872
3973 4577
947 4193
1878 4759
3508 4312
1048 3747
4290 4675
1756 3994
2537 4281
2341 3749
2396 3998
4125 4478
4038 4220
1364 4449
880 4985
4180 4498
2536 3631
3772 4051
835 4780
1688 4327
2586 2650
1469 2537
3427 3850
3145 4573
2454 3659
2103 3986
2483 3285
2487 4626
2918 4297
2388 4632
2354 4696
2392 4827
514 2294
2552 4385
4827 4872
1524 4214
1761 4057
1972 2392
3948 4352
814 4057
2243 3754
3293 4181
2561 4943
560 1174
380 4623
2861 4297
3236 3488
1356 4846
2609 4478
3311 4390
1180 4001
2540 4240
752 4985
491 4985
4105 4646
3599 4666
3027 4373
1184 4790
2579 2623
2010 3790
2862 4094
1761 4666
2745 4453
4410 4573
2585 4057
2209 4605
3097 4918
3654 4265
1749 4367
3342 4688
3128 3654
980 4958
146 3293
3179 3238
4209 4498
1528 4112
1953 4708
4688 4790
312 3576
2881 4051
363 4782
2213 4827
1582 4675
3887 4297
3231 4415
4209 4265
3633 4094
1361 3245
2271 2430
1406 4852
1388 4588
1153 4625
3747 4220
2294 4541
1869 4832
1586 4290
1126 3875
1749 4073
4463 4966
4759 4846
31 3668
2880 4361
2918 4817
3485 4686
2444 4463
2927 4567
1158 2955
783 2357
2475 4573
1184 4881
2132 4125
2554 3144
2927 4745
554 4674
2399 4609
1756 3409
2261 4149
2132 3747
2647 3434
2219 3967
1820 4373
984 3342
2861 4817
104 3389
2958 4000
10 4663
3550 4632
1066 4770
1728 4827
2861 4450
2609 4361
1074 3854
2935 3304
4055 4073
947 4344
1231 3947
586 4846
2454 4701
2181 4347
3005 4675
616 4410
3659 3885
861 1158
3097 4336
3462 4552
3021 4675
1849 3827
1406 2760
888 1869
1342 3408
4180 4209
2956 2958
2219 3973
2121 4770
2181 3052
2341 4295
3144 4958
3179 4407
1169 4410
2235 2537
1676 2454
586 4841
2014 3948
2685 4115
497 3018
1047 1398
1574 4321
249 4646
2166 3537
2430 4872
711 3696
1863 3947
1223 2614
2243 4465
2502 4846
4674 4701
4094 4361
1609 3447
1047 1108
1122 3299
1945 4609
3488 4189
61 4347
1080 4819
551 4827
680 4352
4000 4344
607 4847
2880 4978
3694 4667
4373 4646
2392 4051
4126 4609
3790 4254
2745 4312
664 4846
1401 4193
3694 4832
2504 4463
108 4872
2965 4846
737 4790
3625 4552
3047 3629
4790 4881
326 4344
50 2601
2552 4736
23 4057
2444 4181
582 4498
3389 4125
3124 4958
254 593
1061 4149
3392 4254
3979 4210
1693 4688
1743 2650
4112 4582
1756 4881
217 4632
1878 4841
2369 4841
4168 4498
3050 4954
948 4667
2430 2540
603 948
3386 3803
980 2933
3508 4373
3275 4098
3027 3409
3144 3285
3285 3304
1749 4112
4181 4240
335 4336
4367 4463
23 2546
1552 4675
2579 3962
814 4998
2457 2650
2647 3145
2454 3986
431 4552
1481 4051
1932 4841
4040 4389
3238 3973
1309 3537
2354 4483
1217 4089
4209 4998
1125 3435
3599 4057
783 4675
4281 4958
858 2614
1505 4827
3027 4453
2329 4666
2537 3754
2958 3948
1668 1676
3563 4609
3646 4126
4407 4577
2001 4078
1849 3275
3967 4051
1878 3505
1481 4745
3572 4832
3979 4663
737 4115
4623 4626
4066 4667
2609 3633
3654 3758
3154 4352
2875 4410
2933 4832
3749 4646
3608 4954
4336 4609
2268 4180
3576 4770
4503 4609
603 898
501 4819
3013 4254
3415 4051
2014 4352
3025 3047
3572 4066
919 4759
2257 4852
2369 4463
3045 4312
189 4193
3772 4040
603 4958
1854 2341
343 4827
3809 3832
4465 4541
2213 3827
898 4832
2226 4626
4367 4841
1012 3986
2129 4078
3408 4210
1945 4503
145 4389
4180 4985
3488 4410
210 3576
2010 4189
10 4390
1528 3621
4336 4413
514 3052
2614 3772
2935 4667
4609 4702
455 4827
2132 4478
3643 4390
661 1123
727 4686
174 4410
1994 4782
3038 4222
1552 4978
3038 4105
3427 4202
2271 4688
1322 4588
3950 4943
2219 3887
3571 4321
325 4125
2968 4415
431 3916
1356 1972
898 3668
4125 4162
2835 3811
4625 4663
1389 1737
3643 4415
4666 4966
3097 4503
3633 4872
821 4847
2457 4696
616 3392
1933 4666
2918 4449
3625 4675
715 1181
3686 4290
2713 4367
4413 4782
3288 4790
4126 4807
1699 1868
1190 4390
2965 4001
1086 4503
2536 3625
4209 4985
61 3112
1576 4449
3270 3627
3488 3790
434 4625
3599 4998
2935 4832
2441 4415
2388 4626
3973 4407
4240 4745
444 4055
2209 4209
3225 4807
3818 4180
664 4385
2392 3979
3967 4158
2243 4347
1733 2760
363 4254
2213 3275
3038 4373
2219 4297
2789 4327
849 4321
4327 4807
4168 4180
2149 3599
1122 1923
2276 3916
4089 4373
3038 4089
3304 4667
2153 4846
1586 3631
3240 3827
2927 4240
1654 4832
4265 4390
2696 4708
2014 4001
443 4181
2354 2562
1181 2601
878 4577
57 4852
4297 4819
2609 2862
684 3811
551 1417
1180 3832
1181 3696
880 3435
1854 3962
858 3415
1066 1389
3427 3495
2918 4623
1384 4367
2226 3809
471 990
1123 1388
1269 3285
2914 3231
1175 4349
3986 4701
1356 4759
3176 3643
146 4577
551 4098
1469 4465
3236 4745
4832 4943
233 4918
1662 4819
711 4297
3392 3488
3505 4841
3238 3270
1863 3052
2261 4701
2396 4449
217 3809
1006 4149
1672 3239
3599 4361
2437 4663
5 2441
1174 4780
1719 4943
2462 4688
2614 4872
2861 3571
3572 4389
3409 4688
2268 4025
3144 4281
2437 4841
4297 4321
2001 3998
2001 4449
104 3795
813 4978
1972 4051
1731 2533
3818 4168
2219 4817
2601 3803
444 4202
1973 4407
4759 4841
1143 4943
2399 4503
1697 4807
3495 3850
3621 4385
3311 3758
408 3562
1417 2540
2955 3795
3790 4189
3633 4841
1010 4623
1342 4675
222 4759
2329 4998
560 4503
665 2650
1108 3562
2370 4759
1761 4998
2414 3747
3818 4605
3018 3747
540 4498
989 3998
3994 4503
4073 4214
3288 4623
3145 4112
2425 3950
780 4701
2329 3938
4189 4782
2875 3197
1731 4696
3005 4817
2392 3240
888 3409
989 4407
2370 4846
4666 4998
1854 4736
4073 4385
1184 3495
3386 4770
1125 4057
1851 4807
3571 4450
3629 4209
4759 4917
1524 4623
1863 3842
2875 4782
1797 3916
2000 2205
3238 3998
526 4847
855 4193
3747 4686
1052 4626
3311 3629
4349 4498
1184 3994
651 4958
2370 4841
1356 3827
3654 4985
1879 4954
1845 4625
1048 4094
2935 4066
2090 4667
1654 3240
397 1854
3967 4852
497 1606
18 4098
2089 4674
3112 3935
3344 4503
3863 4149
665 3854
2129 3564
2657 3947
664 4917
2247 3176
1011 4038
4210 4290
711 4588
3599 3811
880 4605
431 2527
2399 4474
1269 4958
727 3747
2240 3390
3668 4943
2140 4588
3572 4667
74 4674
3967 4872
3627 4872
2268 4168
4180 4265
2475 4782
3434 4385
888 4790
1976 2294
4349 4985
1175 1401
3938 4666
2484 2585
1743 4055
123 2862
665 4696
3827 4389
4336 4918
2880 3531
123 4817
254 3621
3270 4240
4474 4780
3128 4180
2554 4943
3344 4780
1515 4708
2835 4998
4089 4453
3505 4577
2437 4376
1878 4846
1025 2216
4115 4131
1833 4978
1731 2650
3758 4265
3850 4790
3962 4582
4149 4352
3386 4541
3571 4817
491 4605
2268 3176
3392 3473
3749 4373
2441 4708
1719 2561
1879 4780
4846 4917
3754 4541
3646 4327
3150 4168
2504 4367
1011 4688
443 4847
4240 4702
56 4567
540 4985
686 3415
3473 4782
3434 3621
715 2596
3225 4126
1356 4347
3409 3495
146 4847
2232 4038
1407 4450
1582 4290
2835 2881
3803 4541
3508 4089
2965 4759
861 3562
3758 4498
50 3386
1733 4852
4347 4465
1096 4807
4001 4376
3231 4168
2226 4632
4667 4943
319 4623
2257 4001
325 4686
3352 3938
2243 3386
3686 4708
3389 3485
2681 4389
3659 4674
4125 4361
4290 4552
2647 4073
2955 3389
18 4872
1143 4998
2014 3154
2256 4499
2357 3916
2965 3505
3916 4290
2010 4782
4352 4954
1884 3112
1012 4701
3052 3576
63 4696
4499 4567
3392 4573
1121 3924
1693 4881
2596 3239
2425 4958
3751 4449
1737 4770
2861 3887
2392 2540
867 4688
431 1203
4917 4966
348 1292
3179 3564
428 4790
4193 4852
1617 4389
3625 4483
449 4847
104 4361
2506 3809
1586 4552
1932 4759
2441 4985
2536 4708
1554 3383
1180 2000
3576 4966
4846 4966
4367 4966
1384 4040
3916 4708
1153 4327
3572 4943
2437 4126
1933 3245
2955 4094
3112 4503
1906 4376
1006 3352
326 4149
4180 4605
3179 4449
2239 2462
1125 3938
1010 2881
2216 4025
3097 4094
4625 4807
813 4686
2357 4675
512 4209
3668 4832
1729 4998
4105 4222
3408 3631
2533 3132
1662 3288
1756 4115
813 2955
1125 4998
2881 4240
814 3352
1972 3627
3563 4918
3809 4623
2601 4465
3850 4474
3818 4349
1953 4290
2243 3576
835 4918
1995 4254
2733 3854
4089 4312
2444 4240
1337 4745
3747 4162
1417 4827
2955 4478
3950 4958
4827 4917
501 4321
1074 2533
2399 3344
2504 4917
3832 4623
1833 4094
2430 3935
4626 4745
833 3627
1845 4327
2276 4094
1170 4577
3293 4847
4841 4846
2881 4567
3434 4112
4626 4632
1923 1953
2955 3299
1953 3631
1123 1672
2713 4463
2527 4675
4131 4782
1203 4552
616 4782
294 3986
813 1048
3998 4078
1126 4373
4078 4577
1126 3352
1621 4115
0 4157
5 3742
8 4178
10 4490
18 3196
21 2907
23 4788
31 3465
38 4930
50 4878
56 2332
57 4926
61 2538
63 3254
74 4740
90 3892
104 3475
108 4982
123 4722
135 4622
145 3807
146 4217
147 4968
174 4043
178 4563
186 1774
189 4134
210 1892
217 2511
222 4560
233 902
241 4963
249 4426
294 4727
312 4311
314 3413
319 4977
325 3594
326 4843
334 4530
335 3878
339 4276
343 3988
348 3214
363 3032
375 3006
380 4534
381 4537
384 3348
389 4828
397 4537
408 4930
428 3610
431 4654
434 923
443 4802
444 4604
177 449
455 4818
457 4797
471 4992
487 4676
490 4972
491 964
497 3925
501 4901
103 512
514 4939
526 2401
527 3295
533 4560
540 4010
544 4132
551 2921
554 4525
560 4772
579 4878
582 4937
586 3765
593 1819
603 4027
607 4497
616 723
651 3699
664 4944
665 3978
680 4990
682 4982
684 2786
686 4948
711 4927
714 4879
715 4706
581 716
727 1694
737 4454
745 1917
752 3688
780 4575
783 3500
813 4134
814 4932
821 3841
824 4949
825 4865
833 1513
835 4824
849 3883
853 4650
855 2999
858 3171
861 2529
867 4699
878 3028
880 4165
888 4754
898 930
919 1909
932 2097
947 3580
948 2387
969 4351
980 3382
984 4843
989 2901
990 4777
995 3441
1006 2375
1010 3740
1011 4939
1012 4228
1020 4425
1025 4439
1035 2348
1042 3405
317 1047
1048 4409
1052 4557
1056 2169
1061 4259
1066 4486
1074 1936
1078 3718
1080 4932
1086 3377
1096 1545
1108 4772
1121 1363
1122 3641
1123 3518
1125 4493
1126 4870
1143 4777
1150 4821
1153 3393
1158 2298
1169 4458
1170 3707
1174 3273
1175 4660
1178 4656
1180 4395
1181 2706
1184 2694
1185 3228
936 1190
1151 1200
1203 3215
1214 4132
1217 3655
1223 4900
1231 4783
1241 3312
1247 4828
1269 4581
1289 2269
215 1292
1309 2974
1322 2493
1331 4677
1337 4612
1342 4814
173 1361
1364 4514
1384 3893
1388 4372
1389 1460
1398 3483
1401 1426
1402 2559
1406 4225
1234 1407
1417 4533
1469 2519
1474 3437
1481 2980
1505 3882
1515 4637
1524 4953
1528 4784
1552 3193
1554 4920
1574 4837
1576 4944
1581 4286
1582 2453
1586 4775
1588 2613
1594 4461
1606 4455
1609 2885
1617 4521
1621 4034
1654 1779
1662 4802
1668 2572
1672 4969
1367 1676
1688 4328
1693 4816
1697 3743
1699 2398
1705 2941
1375 1719
1728 4489
1729 4529
1731 2135
1733 4715
1737 3740
1743 4820
1749 3769
1756 3750
1761 3209
1766 1769
1797 2888
1807 4488
1820 2992
1818 1833
1835 3081
1845 3681
1849 4684
163 1851
1854 4480
1863 4101
1868 4697
1869 4649
1878 4446
1879 3889
1884 4656
1906 4863
1907 3082
1923 4207
1932 4961
1933 4446
1945 3016
1953 4826
1972 2972
1973 4191
1975 4018
1976 3714
1994 4816
1995 4224
1846 2000
2001 4648
2010 4839
2014 4762
2050 4288
1507 2089
558 2090
2103 4899
2121 2124
2127 2129
2132 4654
2140 2482
2149 2672
2153 4393
2166 2816
2178 3472
2181 4396
2205 3770
2209 4921
2210 4364
1499 2213
1709 2216
2219 3504
2226 4052
2232 4590
2235 3546
2239 4427
2240 4053
2243 4669
2247 4522
2256 3081
2257 4960
2261 4074
2268 4393
2271 3879
2276 4100
1493 2294
2329 2912
330 2339
2341 4635
2354 2394
2352 2357
2369 4332
2370 3881
2388 3282
2392 4861
2396 4127
2399 4443
2385 2414
2425 4328
2152 2430
2437 3920
2441 3085
2444 4889
987 2454
2457 4753
2462 4622
1358 2475
2483 2780
2484 4995
2487 4229
2502 3028
2504 4005
2506 3053
2527 2920
1744 2533
2536 4515
2537 4538
2540 3189
2546 2912
2552 4590
2554 2557
2560 2561
2562 4594
2579 4915
2585 4682
2586 3540
2596 2672
2601 2985
2609 3201
2614 3882
2623 4907
927 2647
2650 4070
2657 4843
2681 4020
2685 4768
2688 2696
2713 4938
2733 4893
2745 4655
2753 4931
2760 4007
2789 4093
2810 3351
2835 4777
945 2861
2862 4977
2875 4497
2173 2880
2102 2881
2724 2914
1825 2917
2838 2918
2925 4882
2927 4989
2933 4820
2935 4591
2955 4129
2956 3460
2958 4128
2965 4412
2905 2968
3005 4677
3008 4350
3013 4506
1395 3018
2842 3021
3025 3669
213 3027
3038 4902
3045 3674
180 3047
3050 4604
3052 4824
3097 3487
2828 3112
3124 4885
3128 3881
3132 4509
3144 4673
420 3145
918 3150
3154 3440
3176 4798
3179 4713
3197 3688
3225 4716
3231 3458
2932 3236
2254 3238
3098 3239
2284 3240
2986 3245
3270 4912
3273 3275
1509 3285
3288 3799
1370 3293
3299 4308
3304 4288
3311 4244
3342 4294
1088 3344
3352 4988
3383 4703
1512 3386
3378 3389
3390 4140
3392 4471
414 3408
3201 3409
3415 4908
3427 4278
2442 3434
2345 3435
3447 4580
3462 4919
3473 4849
3164 3485
3488 3894
3495 4050
3136 3505
2291 3508
3531 4114
3537 4750
3550 4279
3562 4980
3315 3563
3564 4223
3571 4403
3496 3572
3075 3576
3036 3599
3608 4986
392 3621
3625 4160
3513 3627
3629 4853
3631 4587
3633 4462
3643 4564
3646 4566
3507 3654
1823 3659
3668 4546
3686 4976
3694 4738
3696 4677
3747 4734
3749 4957
3751 3787
3754 4693
3302 3758
1264 3772
3790 4088
3795 4050
1894 3803
667 3809
1308 3811
2320 3818
3704 3827
3832 4555
3323 3842
3437 3850
3736 3854
3856 4763
1533 3863
3875 4957
2493 3885
3887 4533
1954 3916
2672 3924
997 3935
3938 4005
3947 4432
3948 4455
3950 4218
2735 3962
759 3967
3973 4568
3979 4228
3464 3986
3994 4031
3998 4161
4000 4173
3690 4001
2075 4025
4038 4657
3507 4040
4051 4479
4055 4880
3616 4057
4066 4740
4073 4080
4078 4988
4050 4089
4094 4584
4098 4673
393 4105
4112 4251
4115 4923
2096 4125
2996 4126
4131 4875
4147 4149
4158 4294
4162 4205
3430 4168
4180 4477
1881 4181
1497 4189
4193 4778
2208 4202
1159 4209
3706 4210
4214 4224
4220 4965
4222 4830
1196 4240
3228 4254
4265 4883
1613 4281
3193 4290
4295 4301
4297 4621
4312 4595
3267 4321
4327 4908
1777 4336
4050 4344
4347 4351
3250 4349
4352 4460
2300 4361
4301 4367
1744 4373
2335 4376
3086 4385
3397 4389
3653 4390
1049 4407
1506 4410
4413 4585
4415 4584
3164 4449
3294 4450
830 4453
689 4463
1689 4465
3647 4474
1157 4478
4483 4695
4457 4498
4499 4913
2485 4503
2222 4541
4552 4557
2683 4567
3310 4573
4577 4801
3419 4582
1570 4588
4605 4683
2765 4609
3837 4623
3000 4625
4626 4639
4437 4632
3944 4646
2087 4663
1802 4666
4667 4693
4315 4674
4054 4675
3282 4686
2996 4688
4696 4893
4701 4833
4702 4751
1164 4708
4736 4915
1233 4745
4759 4880
3410 4770
1480 4780
2245 4782
3497 4790
2637 4807
4817 4893
4657 4819
2877 4827
3648 4832
2084 4841
676 4846
3402 4847
3083 4852
3985 4872
2817 4881
2872 4917
4508 4918
4943 4961
4938 4954
2610 4958
4758 4966
2809 4978
1814 4985
3904 4998
5 2884
10 4861
18 4165
21 3153
23 4945
31 4976
38 2564
50 3799
56 4974
57 4980
63 3679
74 3516
90 4041
104 4288
108 4861
123 4994
146 4531
147 3912
174 3580
78 178
186 1999
189 4950
210 4383
217 1725
222 3418
233 4386
241 4305
249 3471
294 3768
312 4076
314 4050
319 3932
325 4455
334 589
335 3457
348 4460
363 4313
375 4130
380 1346
381 4016
384 4938
291 389
428 1604
431 2067
443 4665
444 4893
449 4831
455 4802
457 4812
471 4323
487 4664
490 3493
491 4556
497 3335
501 2946
512 4564
514 4856
526 777
527 3730
533 4620
540 4268
544 4553
551 4557
554 4316
560 2544
579 4764
582 4816
586 4735
593 2273
603 4359
607 4842
616 3755
651 2783
664 4765
665 4239
680 2576
682 4711
686 4788
711 4203
714 4897
716 2469
727 4936
737 2515
44 745
752 4855
780 2630
813 4021
814 4500
821 4974
824 4840
825 4859
833 4619
835 4085
849 4357
853 4822
855 4981
858 4806
861 4690
867 3685
878 3741
880 4346
888 3292
898 4267
919 3521
932 4889
948 4570
969 4258
980 4811
989 2479
990 3829
995 4767
1011 1202
829 1012
1020 4983
1025 2486
1035 2705
1042 4899
1047 2885
1048 4707
1052 4849
1056 4160
1061 2325
1066 4862
881 1074
1078 4004
1096 4971
1121 4897
1123 4013
1125 4950
1126 4897
1150 3297
1153 4638
1169 4362
1170 4869
1174 4758
557 1175
1178 3955
1180 1368
1184 4616
1185 4266
1190 3770
1200 3067
1203 4697
1214 3638
1217 4885
1223 2828
1231 3023
1241 4914
1247 4460
1289 4929
1292 3220
1309 4869
1322 4800
1331 4256
1337 4739
1342 2845
1361 4986
1364 4955
1388 4709
1389 3857
1398 2885
1401 4518
1402 4549
1406 2072
1407 4876
1417 1533
1449 1469
1474 3009
1481 3426
1505 4707
1515 4836
1524 4771
1528 4922
1552 4970
1554 3881
1574 3611
1576 4107
1581 3591
1582 4764
1586 4028
1588 4174
1594 4974
1606 4739
1609 4687
1617 3982
1621 4186
1654 3714
1662 4859
1668 3930
1672 3345
1676 4711
1688 4934
1693 2192
1697 4989
1699 4962
1705 4869
1719 4871
1728 4866
1729 4580
751 1731
1733 2535
1737 3722
1743 4212
1756 4800
1761 3905
1769 4972
1797 4027
184 1807
1820 4380
1833 3313
1835 4923
1845 4964
1849 3830
1851 4937
1854 4784
1863 4597
1868 3845
1869 4560
1878 2839
1879 3897
1884 2413
1906 4973
1907 4965
1932 2351
1933 2281
1945 4091
1953 4838
1972 4861
1973 2828
1971 1975
1976 4459
1994 2539
1995 2957
2000 4331
1330 2001
2010 4317
2014 4676
2050 4087
2089 4800
2090 4920
2103 4728
2121 4838
2129 4870
2132 3429
2140 3989
2149 3314
2153 2700
2166 3362
2178 2368
2150 2181
2205 4487
2209 4816
2210 4920
2213 3934
2216 3800
2219 4972
2235 4773
2239 4893
2240 4417
2243 3644
2247 4990
2256 4260
2257 4982
2261 4467
2268 3593
2271 4554
2177 2276
2294 4970
2329 4176
2339 4143
2341 4754
2354 4114
2357 3260
2369 4828
2370 3070
2388 2840
2392 4620
2396 3925
2399 3235
2414 4161
2425 4310
2430 4669
2441 4950
2444 4974
2454 4986
2451 2457
2462 3568
2475 4595
2483 4017
2484 4536
2487 4511
2504 4679
2527 3320
2533 4967
2536 3401
2537 4536
2540 4538
2510 2546
2552 4812
2554 4798
2561 4665
2562 4858
2579 3086
2585 4307
2586 4929
2596 3640
536 2601
2609 3153
2614 4487
2623 4915
2647 4575
2650 3432
2657 4972
2681 3691
2685 4731
2696 3995
2159 2713
2733 4459
2745 4226
2753 4899
2760 3592
2789 3125
2805 2810
2835 4956
2861 4516
2862 4551
2875 4398
2880 4348
2881 3432
2914 2990
2917 3678
2918 4380
2925 4282
2355 2927
2933 4005
2935 3208
2389 2955
2956 3156
2958 3769
2965 4784
2968 4816
3005 4788
3008 4921
3013 3015
3018 3493
3021 4544
3025 4315
3027 4830
3038 4052
3045 3187
3047 4744
3050 4932
3097 4904
3112 4884
3124 4578
3042 3128
3132 4977
3144 4968
3145 3511
3150 3898
1024 3154
3176 4961
3179 4201
3197 3248
3225 4322
3231 4816
3236 4679
3238 3364
883 3239
3240 4957
3245 4486
3270 4871
3275 4252
3285 4303
3288 4101
3293 3402
3299 4587
3304 4294
226 3311
3342 3703
3344 4904
3352 4989
3268 3383
3386 4932
3389 3532
3390 4814
3392 3638
3408 4117
1971 3409
3415 4820
3427 3493
3336 3434
3435 4197
3447 4760
3462 4836
2510 3473
2225 3485
3488 4853
2547 3495
3508 4756
1979 3531
1448 3537
3550 4399
3562 4719
3563 4767
3564 4636
2891 3571
3572 4398
3576 4739
3599 4163
3608 4468
1989 3621
3625 3822
3627 4861
3629 4673
3631 4737
3633 4223
3643 4197
3646 4912
3654 4957
3659 4899
668 3668
3404 3686
3694 4345
3696 3746
3747 4257
3295 3749
3751 4256
3754 4820
2573 3758
3772 4737
3790 4362
3258 3795
2229 3803
3809 3814
3818 4987
3294 3827
3832 4765
3842 4580
2991 3850
3854 4838
3856 3906
2600 3863
3692 3875
3885 4668
3887 4994
3916 4977
3924 4161
3935 4467
3938 4698
3471 3947
3691 3948
3950 4868
3962 4915
3967 4831
3973 4927
1117 3979
1068 3986
3994 4566
3998 4067
4000 4517
4001 4628
4025 4559
4038 4839
3456 4040
4023 4051
4055 4928
4057 4493
3793 4066
3155 4073
4078 4195
3664 4089
4094 4980
4098 4392
3982 4105
4111 4112
16 4115
4125 4144
3379 4126
4131 4806
1824 4149
4158 4920
4162 4164
3092 4168
4180 4598
4181 4398
4189 4892
4193 4396
4202 4337
3906 4209
4210 4788
4214 4230
4220 4461
4222 4923
2270 4240
4120 4254
4265 4938
4281 4903
4287 4290
4295 4383
4297 4903
4299 4312
956 4321
4327 4805
3977 4336
4072 4344
4345 4347
4349 4934
4352 4690
3532 4361
4205 4367
3983 4373
4376 4505
4385 4915
3080 4389
4390 4651
4407 4877
871 4410
4413 4635
3433 4415
4449 4861
4450 4849
4453 4957
4463 4902
4370 4465
4474 4904
2098 4478
4483 4893
3577 4498
4018 4499
4454 4503
4541 4909
2900 4552
2577 4567
1736 4573
4487 4577
149 4582
3802 4588
3777 4605
4609 4691
4203 4623
4543 4625
1434 4626
2872 4632
2515 4646
3449 4663
3898 4666
4568 4667
4674 4875
4495 4675
1827 4686
3054 4688
4142 4696
4701 4899
4702 4904
4171 4708
4736 4784
4731 4745
4759 4975
4770 4789
3215 4780
4519 4782
4560 4790
4462 4807
4513 4817
2270 4819
4827 4828
4284 4832
850 4841
1497 4846
3755 4847
4176 4852
4872 4884
3610 4881
4455 4917
4912 4918
4943 4969
4806 4954
4707 4958
4960 4966
2060 4978
4546 4985
3536 4998
5 4924
10 4319
23 4065
38 3158
50 2717
57 4888
63 3133
74 3835
147 4987
174 4570
178 4934
241 4803
249 3096
314 4933
381 4905
384 2854
389 4926
449 4318
457 4725
471 3219
487 4761
490 4809
527 4374
533 4904
540 4521
551 4882
554 3212
579 4215
582 4991
686 4250
714 4972
727 3233
752 4461
780 2124
821 3532
824 4914
849 4309
853 4659
855 4973
858 4416
861 4875
867 4771
888 1152
919 3234
948 3022
969 4692
980 4348
990 4665
995 4586
1011 4843
1025 3826
1042 4600
1047 4179
1052 4808
1056 4771
1061 4757
1096 2895
1121 3539
1150 4747
1170 4437
1174 3067
1178 4436
1185 4932
1214 4880
1223 2764
1231 4981
933 1247
1289 4657
1292 4744
1309 4895
1331 4924
1337 4890
1361 4285
1364 4446
1389 4106
1398 4356
1401 4853
1402 4874
1406 3594
1417 3442
1469 1912
1474 3839
1481 4947
1505 4914
1515 2411
1524 4800
1528 4997
1552 4340
1554 4657
1582 4505
1588 3395
1609 4472
1617 4104
1654 4365
1688 3269
1693 4873
1697 4726
1699 4866
1719 2448
1728 4662
1729 4570
1769 3528
1807 4466
1833 4931
1835 2489
1845 4550
1849 4861
1851 4673
1863 4033
1868 4600
1869 4880
1878 3338
1879 3615
1884 4783
1906 4411
1907 4941
1933 3794
1975 4919
1994 4634
1995 4357
2000 4083
2001 4551
2010 3651
2050 2580
1391 2089
2090 2757
2103 4464
2121 4884
2129 4257
2132 3620
2140 3944
2149 3729
2153 2574
2166 3474
2181 4892
2205 4972
2210 4919
2235 4655
2239 3679
2240 4610
2243 4471
2247 4679
2256 4769
2261 4951
2271 3382
2294 2507
2329 4231
2339 3931
2341 3984
2354 4574
2357 4353
2369 3366
2388 4921
2396 3394
2414 4923
2425 3419
2454 4508
2457 3566
2462 4386
2475 3721
2483 3600
2487 4775
2527 4551
2533 4839
2536 4388
2537 4932
2540 4715
2546 3506
2552 4741
2561 4238
2579 4681
2586 3799
2609 2703
2614 4972
2623 4615
2647 4308
2650 4179
2657 4174
2681 4647
2685 3474
2695 2696
2732 2733
2745 3228
2753 3806
2760 3458
2789 4727
2810 4822
2861 4959
2862 4386
2875 4331
2400 2880
2914 4718
2917 4953
2918 3393
2956 4137
2958 4706
1786 2965
2968 3425
1866 3008
3013 3746
3018 4628
3021 4974
3025 4838
3027 4122
2963 3038
3045 4346
3047 4424
3097 3904
3112 4642
3124 4591
3132 4965
3144 3578
3145 4916
3150 3976
3154 4223
3176 4682
3179 4963
3197 4616
3225 4676
3231 3420
3236 4974
3239 4441
3240 4569
2749 3245
3275 4984
3285 3527
3288 3707
3299 3532
3304 3309
3311 4275
3342 3740
2781 3344
3352 3853
3383 4920
3386 4300
3389 4904
3392 4103
3408 4897
3409 4639
1689 3434
3435 4186
1841 3447
3462 3956
3473 4957
3066 3485
3488 4607
3495 4842
3508 4678
3531 3980
3537 4435
2747 3550
3562 4487
3564 3574
3571 4194
3572 4371
3576 4678
2966 3608
3621 4995
3625 4976
3054 3627
3629 4406
3631 4980
3643 4637
3646 4845
3014 3668
3686 4414
3694 4893
3696 4955
3747 4197
3749 4657
3751 4927
3754 4580
2800 3758
3772 4616
3790 4365
3795 4979
3803 4911
3809 4814
3818 4649
3820 3827
3832 4416
3842 4648
3542 3850
3854 4776
3093 3856
3440 3863
2545 3875
3885 4273
2024 3887
3916 4546
3924 4574
3935 4753
3938 4153
3947 4821
2403 3948
3950 4775
399 3962
3967 4833
3973 4862
3968 3979
3819 3986
3994 4322
3707 3998
4000 4903
4001 4843
3605 4038
4040 4641
4051 4200
4055 4893
4057 4097
4066 4198
4073 4915
4078 4927
4089 4733
3503 4094
4098 4743
3785 4105
4112 4987
4115 4382
3421 4125
4126 4200
4131 4808
3440 4149
4158 4514
3853 4162
4168 4956
4180 4725
4181 4974
3688 4189
4193 4494
3178 4209
4210 4218
4214 4851
3883 4220
4222 4957
3698 4240
3287 4254
4265 4270
3713 4281
3738 4290
4295 4593
4297 4994
4296 4312
4321 4994
3261 4327
4298 4336
658 4344
4196 4347
1031 4349
2097 4352
2809 4361
4367 4505
4373 4957
4192 4376
3899 4385
3219 4389
4390 4874
4407 4927
4410 4426
4413 4777
4075 4415
4449 4927
4450 4501
4453 4831
4463 4765
4446 4465
3883 4474
4478 4896
2809 4483
4498 4601
4499 4506
4495 4503
4170 4541
2662 4552
4567 4687
3721 4573
4577 4589
4582 4737
1821 4588
4375 4605
1248 4609
4614 4623
4625 4783
4626 4760
3281 4632
3470 4646
4192 4663
4134 4666
4653 4667
3212 4674
2617 4675
537 4686
3725 4688
2809 4696
4246 4701
2171 4702
4708 4746
4590 4736
3190 4745
4753 4759
4622 4770
4769 4780
4416 4782
1738 4790
4510 4807
2794 4817
3581 4819
4827 4967
4815 4832
734 4841
4833 4846
4847 4861
4852 4972
4872 4932
4394 4881
4917 4931
4910 4918
4334 4943
4133 4954
4173 4958
4919 4966
4384 4978
4237 4985
4484 4998
147 4960
178 4879
381 4243
533 4565
821 4650
824 3350
995 4572
1025 2587
1170 4509
1185 4959
1214 4932
1231 4634
1289 4691
1331 4899
1364 4894
1398 4706
1402 4555
1417 3828
1474 4192
1481 4747
1505 4781
1552 4729
1554 4803
1617 4444
1654 4829
1697 4940
1699 4848
1728 4145
1729 4649
1769 4840
1833 4929
1851 4697
1907 4822
2000 4510
2050 4772
2089 4500
2103 4526
2121 4919
2210 4866
2261 4981
2454 4785
2311 2487
2533 4417
2537 4940
2650 4544
2685 4969
2733 4795
2810 4650
2880 4455
2917 4511
2968 3776
3025 4340
3112 4188
3132 4270
3144 3520
3145 4784
3176 4888
3197 4999
3239 4514
3240 4972
3285 4977
3299 3787
3383 4956
2064 3386
3409 4885
3447 4703
3508 4913
3531 4916
3537 4704
3550 3837
3572 3756
3576 4243
3608 4664
3625 4924
3631 4137
3668 3774
3694 4975
2535 3696
3747 4928
3746 3754
3790 4695
3795 4578
3803 4670
3818 4879
3832 4925
3842 4776
2864 3856
3212 3885
3442 3935
2964 3947
3942 3948
3967 4945
3973 4833
3986 4899
3998 4995
4000 4791
4051 4100
2497 4055
4058 4066
3714 4078
4089 4099
4112 4933
4131 4848
3808 4158
4162 4858
4168 4680
4180 4591
4181 4190
4209 4816
4210 4500
4220 4849
3190 4240
4245 4254
2951 4265
3511 4281
3883 4290
3942 4295
4297 4301
4312 4313
4327 4999
4336 4848
4008 4344
4345 4349
3229 4376
4385 4572
3704 4389
4407 4524
4070 4410
4413 4927
4435 4449
4450 4729
4453 4887
4068 4463
4465 4932
4455 4478
4483 4492
4471 4498
4499 4797
4154 4541
3155 4552
4548 4567
4529 4573
4282 4582
3746 4588
4609 4904
4623 4843
3104 4625
3837 4632
4646 4957
4629 4663
4601 4666
4629 4674
2204 4675
4686 4908
4688 4793
4528 4696
4697 4701
4702 4890
4485 4708
2739 4745
4759 4762
4514 4770
4780 4904
3721 4782
4807 4822
4679 4817
2364 4819
4814 4827
4832 4930
4455 4841
4846 4992
4847 4959
4848 4852
4774 4872
4250 4881
3291 4917
4741 4918
4618 4943
4954 4991
4883 4958
3691 4966
4296 4978
4816 4985
4839 4998
1170 4987
1185 4338
1402 4529
1474 4394
1552 4535
1697 4648
1769 4544
2050 4639
2121 4989
2261 4916
2685 4185
2917 4020
3025 4930
3112 3565
3176 4942
3608 4767
2900 3631
3234 3694
3781 3790
3795 4305
3885 4338
3935 4100
3947 4972
3967 4049
3973 4409
3998 4927
4000 4853
4055 4945
4158 4673
3622 4162
4168 4880
4181 4669
4173 4209
4210 4695
3317 4220
4254 4968
4281 4791
3880 4290
4295 4946
4312 4957
2651 4327
3539 4349
3192 4376
2035 4385
3975 4413
4450 4622
4453 4534
4465 4575
4195 4498
3183 4541
4567 4969
4573 4578
3104 4582
2535 4588
4646 4791
4666 4835
4686 4878
4688 4831
2848 4701
4455 4759
4422 4780
3688 4782
3743 4807
4819 4994
358 4827
4814 4832
4844 4846
4435 4852
4848 4918
3806 4954
3766 4966
3088 4978
3153 4985
4581 4998
1697 4929
2121 4668
3608 4242
3935 4948
3967 4884
4281 4368
4295 4636
4312 4400
4327 4816
4349 4975
4582 4784
4594 4701
2587 4780
4827 4910
4818 4832
3978 4852
4918 4979
4844 4966
4962 4985
