86 820
300 4846
3052 4954
3370 4845
1002 4966
1211 4876
2229 2942
4876 4895
792 4493
2221 4317
3968 4234
1830 2390
3371 4301
3209 4410
1157 3561
2543 4557
2970 4244
933 1299
3019 4768
3039 4344
3060 4518
147 4768
2118 3249
26 4691
3061 3706
3723 4766
3209 4015
4230 4619
1324 4460
889 2054
1095 3384
3694 4231
1364 4832
3370 4820
1229 4766
3444 4581
2309 4898
4019 4788
3981 4832
578 4656
2613 4122
4520 4534
3193 4006
2204 4129
2848 4997
3606 3976
2314 3194
2015 4650
376 1364
1886 4058
1930 4478
2955 3970
3167 4837
2752 3980
2067 4440
2998 4942
2056 4989
2970 4619
3063 4897
2115 2638
2984 4621
516 4328
203 4232
2285 3246
2493 4916
2601 4015
3911 4621
1096 4457
77 3185
4520 4712
654 3746
2953 4665
1364 4368
2633 3911
2868 4634
2278 3561
1115 4916
2970 4001
2384 2953
1435 4336
3529 3920
524 4478
1095 4266
1950 4069
2118 4845
948 4977
3039 4000
1638 4517
3430 4932
2187 4900
3952 4517
1665 4876
2488 4954
1371 3210
3541 4170
1900 4266
2862 3017
1830 4336
3019 4806
1803 3533
2396 4837
4244 4270
163 3746
1568 4634
1877 4897
3185 4321
1435 3590
578 2314
2609 3903
1028 3061
3197 4516
2098 3809
556 2773
1312 4897
3386 4309
2087 4033
2056 4768
4165 4344
1882 4898
2149 3001
691 4131
140 2204
2755 4837
1277 2822
3604 3606
3075 4493
4266 4876
3670 4974
612 4460
369 2970
3606 4619
4044 4317
1423 4165
4231 4820
677 3529
857 3742
3453 4702
1900 4876
2098 4718
2296 3354
4006 4650
1227 4317
2067 4898
2984 4691
310 4806
2200 4876
3694 4820
705 4768
4735 4788
4814 4854
2344 4876
3656 4854
2773 4290
2851 3924
300 4696
3396 4044
1930 2753
2982 4493
4854 4966
1718 4898
1333 4954
2609 3430
2862 4016
1118 4718
3324 3947
3723 4898
1525 4712
1851 3533
2878 4317
294 4916
1679 4806
3750 4098
405 4810
3951 4966
4810 4853
1002 4854
1229 4650
3836 4691
1370 3835
2044 4446
2633 4898
2774 3628
274 2855
3723 4608
453 4980
1484 4895
1648 2452
3179 4981
2204 4954
991 3232
59 864
3447 4837
1638 4711
2048 2586
112 4415
3304 4290
757 4380
1148 3606
484 4432
1498 4232
1484 4656
787 4832
1027 4048
2056 4806
3505 4621
5 4317
2845 3996
3210 3687
2601 3209
1211 1638
5 4665
2048 4516
516 4608
2421 2773
3670 4101
3060 4317
1621 4900
3497 3920
2953 4702
4270 4321
2 1848
484 4447
211 4916
1102 2007
893 4368
1118 4696
2013 2129
2396 3167
2309 4650
2606 4895
2613 2848
2845 4712
2868 4980
453 2067
1499 4557
2998 4900
3746 3863
1814 2855
4156 4895
2037 4854
4057 4440
1071 4853
281 4621
4006 4980
4317 4876
3017 4318
2998 4520
3497 4932
1930 2810
252 4845
1338 3981
203 4147
1364 4237
1111 3902
1867 4517
4557 4932
767 4997
2768 4392
1997 2822
2834 4016
2203 3551
3428 3550
3354 4505
1744 4006
4019 4735
2082 2834
2702 4147
3185 3271
830 2082
1744 4898
2051 3189
4000 4044
4328 4989
4058 4433
4457 4932
228 3970
3453 4932
2280 2970
2851 4347
3197 3429
3095 4164
2912 3001
4440 4634
4044 4344
1324 3908
3706 4516
3670 4230
4344 4876
3117 3529
305 4016
3432 3863
1503 4101
2455 4788
3133 4846
3687 4520
103 3273
1499 3453
1621 4942
1333 3796
4019 4853
2280 4845
3952 4165
1740 4231
787 4389
3433 4656
4621 4711
1950 4432
2551 3194
2702 3189
4810 4954
2650 4621
1405 4634
1913 3401
1688 4895
1688 4564
3283 3560
3604 4735
1900 4044
2714 3179
2749 4237
3189 3249
3804 4524
2976 4989
3625 4505
3825 4977
484 4266
536 2855
2838 4557
3428 4389
373 1271
2493 4981
4165 4621
1736 4980
1096 4702
3590 4290
871 4336
1095 4496
2032 4410
3550 4389
3902 4101
2710 4156
4231 4392
406 4290
373 4954
524 4270
2794 3268
2995 3497
3370 4711
1688 4966
1211 4665
824 4389
1762 4478
3246 4173
536 4388
4057 4173
556 4900
304 4814
3027 3287
4317 4665
2164 4876
3591 3759
3604 4853
2223 4131
1411 3304
4122 4520
3396 4344
369 4954
1184 4520
1537 4897
2645 3576
556 3080
3980 4846
417 3628
1499 2613
3480 3825
1396 4898
2299 3987
2370 4001
3951 4234
3015 4691
1396 4006
1115 2493
2370 4048
3048 4942
2609 3078
2014 4853
3902 4974
4173 4440
4266 4432
126 3048
2878 4989
3497 3529
4309 4318
294 4820
522 3515
3273 3646
2007 3354
1519 4837
3194 3404
775 4943
1044 4897
3976 4810
2396 3970
2264 4044
3009 3550
654 4534
2981 4446
3060 4876
2999 3153
1333 3606
3271 3576
1002 4814
1102 4846
3197 4634
870 4048
1333 4788
360 4557
2749 3987
474 4832
1023 4974
3822 4230
2537 4932
2214 3276
1499 2537
933 4898
3576 4981
1623 4147
3628 3970
4460 4974
3442 3750
2372 3673
1698 4524
3271 4447
3911 4165
3656 3951
805 3646
3338 4101
4619 4810
2129 4230
1911 4895
976 4516
281 4691
2264 4560
2592 3730
3001 4410
3276 3453
3821 4916
2702 4232
1097 4231
1867 4621
2118 4147
948 4854
1801 4820
2855 4943
2875 3384
3561 4131
3063 4328
4564 4820
1556 4231
2013 4557
3194 4656
3480 3968
589 4057
1815 4619
1023 4464
1519 3167
3835 4460
3821 4433
4608 4806
3048 4520
3324 4058
3687 4712
2072 4788
2488 3796
3252 4876
4244 4564
1997 4806
3670 4164
2900 4691
1700 3541
889 4131
3822 3976
3687 4942
2164 4344
4164 4943
3033 3987
1184 3730
203 1814
228 4432
3442 4464
3903 4557
1027 4156
870 2778
2953 4518
2281 4608
1423 4621
3075 4505
662 4943
1396 4766
2908 3433
244 3081
1371 4520
474 3981
3276 4557
1516 4410
2 3541
2961 4989
1651 4932
4321 4433
412 3407
4234 4814
294 3951
4156 4966
1997 4897
4321 4981
2753 4854
4181 4954
4380 4478
3273 4232
3384 4432
2778 4131
89 4942
871 988
906 2592
991 4766
1612 4023
2013 3822
3153 3194
3733 4344
3821 4820
2737 3826
1608 2702
3825 3951
4440 4650
3082 4900
2768 4447
2822 4156
4019 4954
1405 2048
1075 4517
3028 4608
1551 3590
429 4711
2037 3825
2633 3232
3809 4505
798 4942
1690 3529
2999 3444
2953 4560
2455 4853
871 4380
2214 4932
1118 3809
4309 4410
775 4460
2794 3213
3210 4942
2998 3432
2203 4997
2113 4170
2848 4702
2357 4244
589 4440
3268 3980
937 3550
4608 4989
612 4766
578 4634
3920 4464
1612 4846
2285 4131
2559 4069
2773 4478
3987 4898
2280 3015
3444 4388
163 4942
4001 4853
3628 3924
1537 3692
3384 4284
1151 4942
1690 4098
1815 3796
3279 3613
1913 4846
1435 4478
3822 4181
857 4380
3480 4895
2638 4619
3706 4440
3081 4608
2455 4619
578 3444
3009 3428
3404 4581
3082 4942
3209 4446
2051 4147
2067 3075
2015 4057
2834 4237
4650 4766
1851 2223
4344 4518
360 3232
991 4634
1110 4718
1405 2091
3133 4696
412 4768
893 4016
183 4505
4129 4181
405 4564
3271 4981
2014 4788
3480 4966
1283 2952
3425 4069
2296 4696
2868 4006
1860 3746
2773 3724
1815 4019
3730 4524
777 4898
614 4284
59 4019
1481 2737
1125 4608
1886 3429
1848 2753
2223 2372
4231 4447
1102 1675
1370 4943
1580 4814
2999 3371
360 3723
3033 4237
3015 4581
3386 4446
1690 3117
3430 4122
2049 3550
2664 4122
3233 4321
556 4712
3028 3692
1957 4810
1338 4832
4854 4977
589 4634
1484 4966
2285 4048
225 4966
3048 3687
428 4336
3541 3590
1623 3515
3210 3996
4015 4410
3533 4033
4001 4181
4415 4806
1405 3826
2699 4900
2909 4810
1623 1993
423 612
1688 2638
1813 3551
3279 3560
1014 4650
3606 4810
1433 4388
1011 4432
1060 4656
2773 3742
4270 4916
2774 3924
1115 4820
1371 4942
1027 4033
2862 4237
3970 3981
2370 4534
428 4478
3560 3804
1227 4344
2446 4788
1503 3902
34 4814
2838 3903
4118 4380
3432 4900
2244 4966
3425 4432
2091 2115
805 4147
4516 4980
2130 3947
1075 4711
1148 4810
906 4966
1151 2067
3015 4711
3429 4309
2115 3822
3611 4832
174 4284
2606 3825
3551 4806
3338 3908
4069 4432
3613 3806
3908 4101
1911 4854
274 4974
4290 4478
3028 4768
1648 4118
3189 4997
3550 4837
2984 4977
3759 4164
4447 4916
2981 3586
2952 4954
522 4232
1848 3742
1097 4321
3442 4098
203 3976
1481 4098
2285 2778
3908 4974
1309 4845
4943 4974
2013 4954
2376 4837
1324 4943
3430 4457
2995 3750
4244 4820
655 4234
1433 3591
2855 4164
612 2868
1996 4853
3835 4974
4001 4954
2475 4735
1371 4900
857 3304
1725 2244
1309 3996
884 3724
1957 4735
2225 4712
112 3551
3027 3433
1005 4814
3060 3733
1122 4181
506 2390
3252 4044
2878 4328
4344 4560
2845 4534
1736 4766
501 3492
2174 4446
3611 4389
3081 4806
3687 3863
2875 3126
2384 4876
2606 4854
3505 4165
3378 4557
1525 3863
3249 3646
3407 4415
2051 3646
822 4270
3976 4981
2942 2995
1312 4318
3970 4837
252 4165
3082 4520
767 3430
3213 4718
3628 3981
1913 3213
3429 4015
3723 4980
2998 3996
2007 4696
614 4496
212 4634
3354 4023
3133 3135
4234 4966
4309 4317
2995 4098
933 1882
203 3189
1044 4328
2176 4164
3432 3996
3924 4837
1125 4989
1660 4440
3233 4981
260 3497
691 1157
1851 4048
3189 3646
1660 4980
3750 4493
183 1324
1593 4098
86 4650
1227 4876
3551 4415
2488 4735
1211 4000
1519 3628
3249 4232
1814 3586
3505 4691
3453 3903
2961 4897
1814 4147
2164 4518
3126 4266
212 4173
1725 3080
2493 4820
1612 3980
2810 4118
2115 4619
2007 3625
2592 3052
787 3981
4814 4895
1229 4516
3656 4234
2376 3167
2007 4718
2370 4131
2244 4854
2488 4853
1651 2613
1396 4634
1227 3370
59 4129
1568 4347
3179 4433
3505 4517
4170 4336
845 4058
4301 4581
2875 4432
3428 3981
4101 4974
2013 3287
3268 4505
4388 4417
260 2942
1950 3384
662 3902
140 4853
1718 4837
3252 4000
4814 4966
1744 4057
2176 3902
1911 4966
4129 4619
3987 4318
407 4505
3233 3576
2 4478
2999 3287
2130 4433
2372 4048
3692 4806
3981 4837
4006 4898
2067 4650
2912 3586
4415 4897
2264 2953
2900 4845
3396 4317
2976 4608
1995 4997
2862 3987
2032 4446
1580 4966
1762 4820
1028 3533
2559 2875
3039 4876
3911 4517
3396 4665
4164 4460
304 4440
3759 3835
3019 4989
3078 4702
1803 2778
2624 4997
220 4768
2278 4048
4006 4846
2999 4581
1725 4712
2200 4518
3370 3952
2115 3976
1957 4788
2278 2370
4098 4493
2054 3533
805 3515
1803 3061
1997 3081
2344 4518
3078 4557
1027 2372
4015 4942
1665 3060
4270 4392
524 4916
4446 4814
3976 4129
2949 3692
1122 4788
2606 4966
3981 4347
1803 1851
3733 4560
3613 4517
2264 4518
23 2664
2845 3082
2056 3028
2710 4814
870 889
4181 4810
3492 3551
3952 4691
2650 4691
2908 4581
4101 4164
1324 4557
4806 4897
2699 3863
4446 4447
3673 4033
2984 4711
2037 4966
4234 4854
2187 3082
1423 4845
4016 4318
3908 4164
100 3194
4389 4832
3425 4266
3706 4057
3404 3444
1529 4446
1299 4164
486 2452
1813 2633
3104 4656
3133 3980
1860 4118
1950 4496
2995 3117
3987 4237
355 4410
4464 4493
4118 4478
3724 4290
2982 3529
2862 4318
1660 2710
2333 4853
163 3442
2855 4101
4122 4997
820 2982
103 3249
937 4895
3656 4156
1011 4266
3017 4845
3001 4446
4000 4665
2396 3338
1537 2961
114 4977
1957 2446
2204 4853
1071 2054
1122 1206
2245 4954
2204 2638
2845 3863
2900 3836
3730 3804
4388 4460
1122 4846
3968 4417
1151 1882
4433 4916
3189 3273
2475 4954
2755 2845
2245 4129
2221 3252
2949 3063
3213 3401
3746 4966
3015 4845
3052 4524
1529 3001
1005 4966
3354 4328
3338 4974
1484 4977
261 3746
1096 4997
1364 2299
2851 4837
2177 4131
4069 4266
4766 4980
3586 4446
2650 3836
3724 4336
2488 4001
2037 4977
3533 3604
4019 4129
2370 2372
2953 4876
3611 4347
341 4608
3533 4131
140 4019
536 4943
3027 4581
1950 4284
3433 4380
4023 4718
373 4810
1148 4001
2749 4058
2309 4766
112 4806
2752 4854
3287 4656
2118 2952
1386 4266
1551 2773
1208 4581
2229 4098
2054 3061
3576 4270
4000 4518
1044 1125
2868 4516
1849 4854
2774 2848
3561 3673
3920 4493
2822 3273
3447 3550
1394 2082
2376 3628
4564 4981
2995 3249
2244 4977
2244 4814
2333 2810
705 4897
1718 3232
1698 2269
2032 3586
3952 4380
1151 4440
3027 3404
89 4712
3796 3822
4457 4557
705 4534
2976 3279
1396 4650
2606 4417
4696 4718
2225 2998
3606 4230
406 3324
2285 4650
787 2955
3976 4954
380 4517
1784 3625
2475 4619
174 4069
3252 4344
3825 4234
4118 4147
3371 3444
1125 4768
220 4608
2699 3687
2822 4989
3135 3428
103 3515
3063 4989
1623 4232
1859 4788
2187 4534
2957 3835
100 4301
2613 4457
2082 4237
2753 3590
1208 3104
2998 3210
1028 1803
3809 4696
3826 4173
1849 4977
3505 3911
893 4318
3613 4137
1283 4810
3135 4389
3039 4560
3480 3951
3430 4702
2296 4718
4702 4997
194 4943
1206 4619
1660 4516
2223 2285
103 1498
3271 3276
3987 4016
2452 2753
341 4989
1211 4560
474 4389
1744 2048
2309 4634
3980 4388
225 4234
3080 4900
1002 4895
2909 4230
4101 4388
589 4898
2624 4122
1930 4170
2221 4665
3586 4309
740 1612
2875 4069
4270 4820
871 3304
225 4895
2633 4634
228 4266
3606 4788
2710 4854
1299 2855
1503 4974
3908 4388
3590 3742
4023 4916
2455 2912
4137 4415
3759 4974
3060 3396
4619 4691
824 3135
3968 4854
2633 4980
3370 4621
3430 3903
3117 4464
1813 2878
1911 4814
1324 4388
3015 3952
2149 4309
3167 3447
662 1690
3197 3232
1762 4237
2949 3407
4001 4810
34 516
304 4977
2357 4916
3551 4989
3533 3673
305 830
4164 4974
3951 4417
407 4846
1044 4806
682 3354
183 4696
220 4806
2537 2624
1698 3804
1995 4702
2559 4496
1028 2285
294 4564
2200 4665
3009 4389
1993 3646
3324 4916
3396 4876
26 3370
1423 4691
933 3613
2586 4057
770 4464
937 4832
3611 3924
2118 2475
3826 4440
1665 4560
3987 4368
3687 4900
3081 4989
4000 4560
1675 4846
3492 4897
3826 4980
1206 4853
988 1848
1397 3822
3550 4347
1338 3924
1993 2051
1277 4768
3611 4711
3687 3996
4019 4810
884 2810
1740 4270
1768 3287
2421 3541
3338 3591
3505 3836
3268 4718
2280 4691
2370 3533
4266 4534
2054 4846
1111 4170
3232 3442
3304 4478
4230 4788
1757 3213
1206 4735
2149 3586
3809 4846
305 4981
1580 4977
3153 4966
3432 3746
2998 3951
1537 4517
1095 4432
1516 4446
1698 3052
486 4118
2737 3193
3304 3590
4557 4702
3246 4898
3370 3836
1283 2245
428 3541
1608 4696
3135 4837
183 2551
2714 3324
3075 3625
3179 4916
906 3425
2264 4876
2203 3903
3480 4234
3283 4415
18 4621
2164 4665
4417 4854
2187 4712
2957 4164
4388 4974
2200 3396
2446 4230
2810 4336
3694 4916
2225 3835
3273 4147
578 3153
2014 4129
4328 4897
2752 4718
3197 4650
1830 4290
3015 4517
893 4237
713 4735
1815 4129
4447 4820
2130 4244
3968 4156
1768 2390
4230 4735
3338 4460
5 4000
991 3193
1364 3987
2710 4895
1580 4854
3687 3746
3060 4560
2113 4118
2810 4347
792 2982
2645 3324
1525 3048
3039 4044
1498 1608
3670 4388
3432 4520
3167 3970
3822 4853
4347 4389
297 4837
1312 3806
3126 4284
1675 3213
2878 4181
3378 4997
2834 2862
3591 4388
4634 4766
2624 4457
3505 4845
691 4033
4814 4977
1370 4974
3371 4581
1848 2703
3529 4464
2737 4057
3656 3825
2912 4446
3836 3911
2909 2970
1484 4854
4129 4853
2976 4768
194 4895
1529 2981
3194 3433
857 2810
1519 2955
2049 3432
4702 4932
2768 4433
3613 4806
1725 3996
3447 4389
1768 4301
5 4876
3104 3404
664 2488
933 4634
3515 3646
3694 4244
2493 3185
89 4900
2714 3233
4069 4496
2285 3673
3746 4520
3947 4447
1405 4898
4966 4977
46 4336
3591 4943
1122 2952
4156 4234
2177 2223
1877 4137
2851 3135
405 4447
1227 1665
2794 4718
757 3590
798 4900
1433 3670
2606 4977
2372 3561
3252 4665
2955 4837
2082 4318
2878 3560
2037 4895
1397 4810
2446 2970
2838 3378
3197 4440
114 4895
225 4832
2551 4301
2703 4336
1867 4691
2072 4019
4016 4368
3197 4980
1593 3750
2613 3453
355 4309
2299 4237
2848 3276
884 1830
310 4321
3075 3268
77 4981
1898 4380
4440 4980
2357 4981
423 1882
3249 3273
3433 3444
4691 4711
2543 4702
2822 4897
1118 4023
2014 3976
2952 4735
3396 4560
3153 4301
1568 2851
662 4131
3821 4321
1591 2942
2032 2981
3401 4846
2550 3052
3061 3287
2013 4810
4344 4665
1784 4846
1394 2749
1115 3947
2113 4380
560 4980
2848 4457
1371 4534
3189 4147
1005 4854
1762 3987
1324 4974
536 4460
1227 3733
2606 4814
2908 3104
3591 3670
614 4432
976 4006
2970 3822
474 3924
770 3442
2749 4318
3742 4916
3835 4943
2752 4696
976 4898
3425 4284
1690 4464
428 3304
1900 4846
2281 4897
1060 4581
705 1997
2087 3533
787 4837
948 3968
3670 3902
1206 1396
864 4853
1849 4966
4517 4691
3407 4806
4505 4846
4058 4231
26 4845
300 4023
2592 3804
2357 4564
4932 4997
889 1957
3001 3429
114 4814
1591 3863
2774 4837
3017 4368
310 3271
3836 4621
1651 2826
516 4897
1537 3551
3951 4977
2118 4232
1911 3825
2048 4980
1830 1898
3742 4290
4711 4845
3052 3730
3911 4691
1996 4810
2072 4735
4712 4900
3432 4942
2957 4974
212 4898
1813 4989
1102 3213
2909 4181
3442 3529
985 1762
1151 4650
2087 4832
3338 4388
1433 4164
3551 3561
355 4446
244 2976
1688 4814
4230 4237
2299 3017
1516 3209
297 3981
2755 3970
3550 4832
3746 3996
3836 3952
1435 4557
2044 4309
1623 2702
2942 4464
126 4900
2049 2955
2344 4560
4417 4895
4347 4832
1071 3063
147 976
1957 4230
3404 4301
2376 4832
824 4837
948 4417
3354 3625
2214 4702
3591 4460
3733 4518
1886 4231
1688 4234
2838 4702
2396 4389
1784 4478
3210 4520
2376 3981
3153 3433
3692 4897
4058 4321
1111 4118
3920 4098
3694 3821
2037 4234
1229 3197
3835 4388
3947 4981
212 3826
3822 4788
3952 4621
211 4392
2044 2149
857 4336
3951 4895
2223 4033
3276 4932
3378 3590
2710 4966
3194 4301
2844 4147
3233 4564
2703 3628
3586 4410
4735 4810
1271 2245
2601 4309
1231 4832
1621 4520
1973 3082
501 4997
3505 3952
3836 4517
1900 2164
2664 4557
2650 2900
5 4560
4058 4820
2044 2601
3996 4712
1394 4016
3541 4336
3075 4718
4432 4496
3095 3338
3968 4814
3126 4496
100 4656
976 3126
2755 3135
3167 4347
2981 4410
1394 3730
3283 4608
3560 4806
4560 4665
767 4932
3209 4309
4417 4977
1993 2844
1665 4518
2072 4810
1638 4165
1813 3283
2214 4997
3625 4846
906 4266
4244 4981
3425 4496
1005 4368
3193 4634
2834 3987
4457 4702
1568 3970
2200 4317
3048 4534
2296 3268
3193 4980
4023 4696
2446 4735
3246 4516
3304 4118
4766 4898
294 4447
1071 4608
612 2586
1996 4496
4634 4650
4129 4735
3804 4101
2868 3706
1386 4069
261 1830
2344 3733
2015 3706
4895 4977
1060 3404
2982 4464
3283 3806
516 2976
1638 4691
3210 4712
4231 4916
1386 4432
1435 2703
4392 4820
1394 4368
3429 4410
2475 4853
3185 4433
376 4980
1122 2909
2714 3694
4137 4768
3656 4417
2942 3497
612 4516
304 4854
3279 4989
1930 4118
1481 3750
2147 4433
3746 4942
4493 4619
4768 4989
4916 4942
3033 4368
3273 3515
2844 3249
174 4432
4015 4309
3670 4943
274 4164
1283 3019
3980 4505
2221 4518
1757 3809
1757 4846
1005 4895
2949 4989
1105 4932
2826 4702
1075 4691
3733 4000
3279 4608
3996 4520
2051 4232
2174 3429
1717 3692
822 4820
3082 4712
3193 4766
1397 4853
1371 3694
864 4788
1271 4619
3009 4621
3951 3968
4534 4942
2280 2281
2455 3796
3080 4702
2949 4768
3821 4244
2868 4173
3442 4493
360 4173
2091 3723
2452 4290
4505 4696
2200 4560
4417 4814
2098 3354
1148 4853
1529 4410
2613 4932
1957 4181
1411 2397
767 4702
2710 4417
163 4900
2200 4234
2543 4336
2049 3135
3625 3809
453 4440
536 4974
1071 4806
3167 3981
1648 2421
4768 4806
4518 4560
985 2749
417 2755
4581 4656
3863 4712
933 1229
2838 4457
1801 4433
4270 4981
3232 4516
2007 4301
228 3425
3384 4266
1623 3268
3497 4493
2357 4820
2446 4810
3902 4460
3613 4989
4317 4518
1580 3968
4520 4942
792 4464
654 871
1608 3401
3863 4942
3246 4916
1898 4290
2664 4932
2794 4328
1435 2452
3033 4318
1157 2278
3246 4440
1660 4898
1784 2752
948 4814
2229 2995
805 4766
2344 4665
3429 4446
3576 4244
2537 3694
822 824
1110 4696
3976 4735
1411 3541
2768 4321
2875 4496
1568 4837
3095 3759
46 3541
4237 4318
2244 4895
4317 4560
664 3604
1815 2129
2755 4832
3591 3835
2421 4380
4129 4954
1717 3560
798 4534
3279 4806
4518 4665
2768 4981
1397 4977
3133 3268
1551 2390
949 4118
949 3447
3179 4118
1995 3453
2203 4557
2592 4524
2752 3625
486 2703
1118 2855
1814 3646
2645 4820
297 4347
2203 2702
4557 4997
4691 4814
1814 2702
3976 4019
3179 4321
194 4974
2054 4048
2376 4943
822 4244
2397 4380
417 2774
864 4181
1973 2592
2244 2245
2699 4712
3027 4656
4044 4876
787 4460
4181 4230
4457 4997
2280 4517
3453 4997
3529 4711
2537 4122
86 4098
4118 4290
2810 4380
3378 4932
3911 4711
1277 4897
7 4766
2955 3447
3724 4170
2551 4656
3386 4410
3019 4415
3080 4534
662 4974
376 985
870 1027
2054 4131
114 4966
2269 2550
1309 4621
3968 4966
4328 4457
3287 3404
3759 4943
3209 3386
937 4347
556 4942
2645 4981
3015 4621
3233 3694
2909 4853
4244 4916
949 3135
1725 3863
1849 3951
2900 4517
2984 4845
845 4270
1814 3515
3976 4001
3911 4845
4534 4900
1503 2957
2176 4101
2543 4932
2912 3209
3135 3924
3233 4916
4846 4854
2149 2372
3179 3185
2176 4943
2015 4516
3081 3560
2794 4696
792 3287
3133 4718
2543 4122
3433 4301
820 1593
474 2998
3078 4650
4392 4981
2875 4966
1525 4900
2269 3052
2203 4932
2309 4980
775 4977
1075 4845
2044 3386
2848 4932
194 4388
2822 3492
3796 4954
4231 4981
4181 4853
430 4069
4164 4392
2115 4810
614 4266
1648 4290
2982 4098
2984 3911
2543 4457
360 4440
3902 4943
1556 3947
1110 4846
1718 4516
1157 1882
3723 3724
3386 4015
775 4974
1309 4711
1111 4336
1996 4954
126 3976
373 4230
4270 4447
1757 3133
1877 4608
2845 4520
2187 4520
3396 4518
1299 4974
2013 4619
4129 4810
2225 4900
1481 4493
3354 4846
3117 4493
1900 4344
1370 4101
1111 4478
2225 4520
1995 4932
1283 4001
1044 2049
1516 1529
1499 3078
3304 4170
2613 4997
1157 1851
2999 4301
864 2269
893 2299
2177 2370
3428 4832
59 4788
560 4650
2174 2912
906 4496
2838 4997
1227 2999
1433 4974
4417 4966
3826 4766
805 2051
2015 2633
2737 4650
2390 2703
2221 2384
3287 3433
3061 3561
1675 3809
4057 4898
3017 3033
3126 4181
792 2942
1014 4980
1740 4564
2699 3210
2961 4328
1023 3529
260 4493
261 4942
1097 4433
3863 4410
2749 2862
664 4735
1206 3604
3252 3733
506 4118
3656 3968
1814 3273
3197 4898
2280 4711
1014 4006
1913 1973
2834 4318
3551 4768
2559 4284
4057 4766
390 4810
300 4505
991 3706
757 1860
3656 4977
2609 4237
1736 3706
7 4898
792 3497
2822 3560
2908 2909
2091 4898
1877 4989
1551 4170
1184 4524
281 4845
1593 4493
2281 4989
3970 4832
3001 3209
2942 3117
3271 4564
1110 4505
429 4621
1688 4977
2710 4977
2129 4788
3061 4131
3806 4415
976 4057
3153 4656
4137 4806
3836 4165
3095 3902
1148 4619
1717 4768
2333 4788
1556 4564
3027 3153
857 4876
3924 4832
2586 4766
2376 3453
3104 4581
355 3386
1312 4328
2714 4820
1740 4058
1679 4415
1993 3273
3806 4328
1481 4464
3104 3371
412 4897
2908 3194
1768 4656
390 4069
1950 2875
2149 2601
3185 4392
1898 3742
430 4496
1002 4977
2014 4832
3193 4440
3279 3551
2844 4232
3324 4392
4165 4691
4006 4057
373 4170
664 4001
380 4711
1283 4954
2624 3453
3039 3733
2164 4560
2753 4290
3863 4534
1231 3903
3063 4768
2174 2981
2650 3911
1973 4524
3126 3425
3733 4876
820 4464
2982 3497
2091 4516
417 1338
884 4309
1028 1157
2957 3908
3213 4846
1830 4478
988 2421
4137 4989
3432 4977
3095 3835
3656 4966
1060 3444
3052 3804
3692 4989
3826 4650
1860 2397
211 4447
3095 4101
2912 4410
1679 4897
2115 4853
522 3384
2774 3428
423 2309
3604 4989
3951 4156
654 4942
380 4845
2984 3952
2225 3432
304 4895
830 2862
341 4897
3613 4415
1023 3920
2559 4432
406 757
985 4016
4895 4966
4768 4981
3271 4321
1277 4415
2755 3924
4392 4916
3338 3759
2543 3430
3081 3806
2493 4270
3401 4696
1700 3796
1995 4557
4137 4608
2638 4810
2982 3750
3283 4989
2794 4505
1700 4336
1913 3809
1815 4954
4517 4981
3082 3863
1638 4524
3407 3492
524 4564
2908 4656
2118 3646
2737 4898
297 4368
1660 3232
3378 3903
3902 4164
822 4447
988 3590
2875 4284
4854 4895
2082 4006
423 4634
1075 3015
2609 3453
2214 2848
2714 4392
2981 4015
1913 4718
3947 4820
261 4534
3167 4832
1762 4368
1911 4977
2013 4019
4044 4665
2281 4137
3095 4974
949 4389
1638 4845
770 4098
4619 4853
7 4980
429 4876
2999 4656
4634 4980
3613 4328
3796 4853
988 4170
2147 4564
2221 4496
2278 3673
4317 4344
4173 4766
3447 3611
1690 4493
1725 4900
4069 4284
4321 4768
2638 2909
2609 4997
1593 3920
3806 4897
376 2749
1608 4023
2130 3033
4446 4788
1675 3625
3283 3492
3996 4534
2586 4898
77 4231
1498 3646
560 4634
2773 4170
2376 4389
112 2961
1105 4997
3249 4147
3947 4433
59 4853
228 4069
4718 4900
1736 3723
2278 4033
691 4900
1612 4505
2957 4943
1005 4977
2838 4932
4101 4943
3430 4557
4621 4691
2390 4478
3081 4897
3135 3826
3576 4433
2559 3027
2421 4290
4900 4942
1717 3806
662 3591
2981 4309
1608 4846
3246 4057
4309 4446
2296 3980
260 2229
1660 3706
2537 4997
3078 4122
3429 3586
2952 2970
506 3541
2455 4735
1717 4608
2778 4033
2845 3210
1784 4696
3908 4460
3968 4895
3733 4044
2755 3611
453 1768
3027 3371
2601 4410
3061 3673
3673 4048
4520 4900
2176 3759
3232 4980
775 3591
506 4478
2357 4447
3996 4942
3742 4478
3821 4981
1115 4321
1740 4820
2752 3354
3194 3287
1102 4505
4000 4344
4735 4954
1860 4336
3063 4137
3324 4981
4534 4712
183 3980
3724 4380
3576 4447
1996 3976
4433 4447
2056 4328
1386 3425
1679 4137
2187 4942
3492 4415
2396 3428
4621 4845
871 3724
2551 3371
4788 4853
798 4520
2826 3276
1044 4989
1338 4837
713 4619
3019 3028
3447 4832
2174 2296
2774 4832
3750 4464
430 4266
937 3611
1396 4980
1014 4516
2537 4702
4318 4368
3836 4711
1768 4581
1118 3576
4147 4232
889 4048
2955 3428
3628 4832
3480 4977
140 4954
3903 4932
2200 2384
4230 4981
212 2633
4712 4942
4415 4989
3694 4447
4058 4916
4165 4517
3809 4023
2942 4098
183 3401
1651 4997
3976 4788
2225 2455
3027 4301
2976 3613
2 1700
77 3947
3996 4900
100 1011
1886 2645
281 4711
2703 4380
3826 4634
1803 4033
2384 4000
949 4837
4156 4417
4691 4845
1757 3354
194 3908
4006 4516
1593 4464
174 4496
3903 4457
1231 3924
2855 4460
4015 4446
1648 2113
4023 4846
2225 4534
4832 4837
2372 4131
2844 3515
824 4832
2601 3001
3723 4006
4560 4876
691 3561
1898 4478
2264 2344
2995 4464
2130 3576
3561 3656
1299 4388
1851 2087
3028 4328
1014 3723
2650 4845
522 3606
1718 4650
2645 3821
3996 4837
1231 3611
3723 4650
4057 4516
2851 3009
2826 3378
2049 4837
2768 4058
1638 4621
2214 4557
2384 4665
2586 4650
3063 4806
3952 4711
2082 4368
4853 4954
3283 3613
1394 2299
4165 4845
522 3189
3970 4557
1095 4464
1499 4997
1231 4837
2543 4997
310 4981
4696 4735
1208 1768
3048 3746
77 3822
1556 4981
310 2768
3117 3920
2664 3078
4173 4234
1122 4368
2768 3179
4058 4564
126 1525
1877 4768
2550 4524
112 3095
1973 3628
1110 4170
2280 4165
3529 3750
3952 4845
2296 3401
985 4368
2912 4309
1621 4534
2056 4897
713 2952
194 3902
2129 4810
2174 3586
2609 4702
2113 2703
3009 4347
3401 4023
4165 4711
1784 3980
2015 4980
3246 4980
4129 4788
3271 4244
3604 4954
2998 4534
2664 4702
2007 4846
3404 4656
4518 4876
274 3902
2749 4368
2961 3283
1498 3515
1882 4980
4517 4845
3189 4232
1568 4389
775 3670
2225 4942
2314 2908
2475 4019
3821 4270
3028 4897
484 4496
3628 4101
174 4524
2834 4368
2900 3370
4410 4446
2586 4170
2624 4932
937 4837
845 4564
2714 4231
3017 3987
830 4237
3048 4900
86 4493
1886 4981
3670 3835
506 2397
3560 4768
2147 4820
3104 4301
1309 4897
1537 4806
1744 4980
1859 4898
2826 4997
3825 4966
1277 4328
4517 4711
1519 4832
163 4712
2834 3017
4718 4846
26 3911
1900 4317
369 3822
3371 4656
3576 4392
4392 4564
4234 4417
4181 4619
1744 3193
77 4916
3863 4900
3432 4534
3550 3970
4237 4368
3825 4895
407 4718
1151 4173
4156 4814
3189 4560
300 1110
3279 3407
870 3561
2314 4581
2957 3628
429 4845
1097 4820
412 2281
1503 4943
1830 2015
2822 4608
3442 3920
4006 4173
1877 3019
1095 4284
2559 4266
2014 4001
341 3407
3822 4735
1096 3276
2702 3646
2868 4898
845 4392
1675 4718
705 4989
578 4581
2333 4954
1679 3407
2113 4336
3126 4432
1736 2633
1995 4122
2245 4788
4122 4932
2396 4347
3835 4101
2229 2982
1208 3371
1423 3952
2778 3673
46 4170
2970 3604
3480 4156
3796 4181
2147 4916
3268 4846
3656 4895
2908 4301
4392 4433
1580 4156
3095 3908
4234 4895
2098 3980
2961 4768
305 4318
1411 3742
3338 4943
824 2755
3179 4244
1498 3249
2147 3694
3078 4997
3444 4301
2601 2912
380 3505
1211 3252
1648 1898
2091 4766
560 4766
2957 3759
406 1700
2087 4048
3835 3908
3001 4015
2129 4954
820 3442
1859 4977
1096 4932
1027 4131
2737 4766
798 3080
2072 4001
2214 4943
4000 4317
7 3246
405 4244
1679 3095
1867 4165
2176 4974
3246 3826
3670 3759
2984 3370
2900 4711
1757 4023
2551 3104
830 3033
2049 4702
2909 4954
1386 4496
2455 2475
3606 4954
4392 4447
1913 2752
3723 4634
3075 3133
3970 4347
1898 3586
1516 4309
1411 3724
3706 4980
1801 4916
3060 4344
3194 4897
2752 4846
2098 3268
3015 4389
3706 4650
3836 4845
3447 4347
252 3911
4460 4943
2147 3821
4266 4496
2664 4457
429 3505
830 1849
1525 4942
3656 4814
1516 4015
2645 4564
949 1498
1060 3433
2961 3560
4058 4270
4608 4768
1556 4916
2048 4173
4517 4621
770 4493
3947 4916
1271 4954
3442 3497
2953 4044
3551 4897
3354 4696
2855 4974
3039 4317
1105 4457
3692 4608
1011 4496
1551 4478
2848 4557
3276 4997
1299 4943
3039 4665
1309 4517
2333 4230
3492 4989
2245 4735
4156 4977
1725 4520
501 4932
1423 4711
1651 4557
3480 4417
2638 4788
2900 4621
4788 4954
1665 4665
2851 4832
2049 4347
2149 4410
2794 4023
2421 3724
654 4712
3759 4460
4290 4380
2333 4810
777 3017
2664 3903
2822 2878
2344 2953
3153 3287
2130 4981
3009 4832
561 4932
556 3560
1071 4415
1312 4806
3425 4137
1690 3920
405 4820
1973 3444
1679 3480
2264 4317
2551 4581
2087 2177
3081 4328
1105 4702
933 4173
2397 4170
3386 3429
2794 4846
244 4137
2995 4493
2314 2999
915 2049
4118 4170
3407 3692
2878 4897
369 4230
1011 4284
1312 3407
2826 4932
100 4581
3324 4433
3396 3428
4156 4854
3193 4173
2778 4048
1370 4460
1849 4156
3384 4069
3126 4069
3796 4230
1105 4122
4001 4619
260 3210
220 4137
2976 4806
2550 3730
3048 3080
777 2737
3425 4989
3082 4534
430 3126
2280 4621
3401 4718
1848 4380
3185 4231
4122 4457
1211 3981
3980 4696
1784 4718
4000 4876
3432 4712
3252 4518
2376 3970
2551 2908
2314 4656
3384 4496
1900 4665
2455 2952
244 3019
4044 4518
2049 4389
1801 3947
1271 4230
976 4440
3625 3980
2609 3378
376 4318
3213 3980
220 3492
2397 4478
3279 3806
3806 4989
211 2309
2278 4131
3185 4981
4665 4876
2032 4608
2032 4309
2810 3742
949 3628
845 4981
3430 4997
1886 4820
3061 4033
3232 3246
3976 4619
453 4237
884 4380
4266 4284
2949 4137
1397 4788
2174 4015
4058 4244
2493 4392
2952 3796
1023 4493
1097 1886
4505 4718
2229 3920
3951 4814
777 4006
906 4284
4650 4898
430 4284
2624 2838
3078 4932
2054 2087
713 3604
3746 4712
2826 4557
407 4023
1333 2333
126 4318
1621 2699
3561 4033
2753 3724
4516 4518
4033 4410
4328 4415
3386 3586
1718 3826
2204 4788
2955 3611
3233 3324
3480 4854
805 4232
2221 4876
114 4854
3806 4768
4388 4943
3903 4997
86 4464
3117 3750
4181 4735
2699 4942
1397 1996
1993 4147
211 4564
522 2844
1651 2537
484 1011
4234 4977
3863 3996
3809 4718
453 3706
1930 2452
2446 2638
2091 4440
2845 4900
2203 4457
1612 3625
2664 4997
3378 4702
1867 4711
2537 4301
3179 3271
4033 4524
2221 4560
244 4989
2130 2493
2650 4517
252 4711
1996 3606
261 4900
3033 4016
1849 4895
89 3687
2753 3742
486 4336
3444 4656
2774 4347
2995 3920
3604 3796
2390 4336
2269 4524
3947 4270
1860 4290
2281 2949
1867 4845
3075 4696
3080 4942
2878 2976
4231 4321
1208 3153
2177 2285
3825 4417
3604 4619
501 4702
1405 4460
3095 4943
3759 4388
1608 4505
297 3611
3009 3628
2949 3019
2067 4634
501 2537
1882 4766
2281 3806
3825 4854
2984 4517
524 3694
777 4980
1111 4380
906 4432
2098 4696
3529 4098
3370 4691
3903 4122
2559 3126
1397 4735
3560 4989
2032 4015
2203 4702
3378 4457
406 4380
3384 3425
3075 4846
360 4516
3480 4916
3283 3442
1484 4814
2452 4118
2586 4980
274 4943
1118 3075
2851 3447
423 4173
225 4814
3576 3821
1860 4478
2044 3429
1718 4980
3591 4974
2296 3133
3197 3826
1813 4768
126 4942
4284 4496
1997 3492
3908 4943
46 3590
3133 4505
2488 4619
3428 3924
2014 2072
3692 4328
2 4910
5 3712
7 4467
18 808
23 4342
26 3040
34 2678
46 2308
59 3789
77 4603
86 2366
89 4589
100 4437
103 1419
112 4947
114 3901
126 4504
140 4483
147 4590
163 4197
174 3648
183 3969
194 4707
203 2618
211 3460
212 4892
220 1268
225 3790
228 4786
244 2989
252 4184
260 3647
261 509
274 4618
281 3296
294 934
297 3558
300 4973
304 3473
305 399
310 4076
341 4283
355 4792
360 4312
369 4352
373 1212
376 863
380 1598
390 2400
405 2233
406 2929
407 4629
412 2538
417 4979
423 4864
428 4919
426 429
430 4688
453 3125
474 3726
484 3352
486 2316
501 3122
506 1557
516 2589
522 4412
524 615
536 4085
556 4790
560 1200
561 2438
578 4945
589 4842
612 953
614 924
654 1190
655 4265
662 2698
664 4632
677 2257
682 4685
691 4939
705 819
713 2080
740 4411
757 4858
767 4649
770 4893
775 3880
777 4158
787 3594
792 3478
798 3390
805 3845
820 1780
822 3145
824 4649
778 830
845 4494
857 3710
864 4116
870 4356
871 4207
884 3393
889 4770
893 4914
906 3616
915 3573
933 4786
937 3922
948 4093
949 3855
976 4200
985 4774
988 4043
991 2835
1002 4060
1005 4408
1011 4986
1014 2327
1023 4213
1027 4701
1028 4572
1044 1818
1060 3239
1071 3375
1075 3762
1095 3668
1096 3760
1097 2467
1102 3676
1105 4839
923 1110
1111 4043
1115 4968
1118 3990
1122 4998
1125 4934
1148 2497
1151 2667
1157 2515
1184 4420
1206 4676
1208 3518
1211 4720
1227 1754
1229 1977
928 1231
1271 4697
1277 3172
1283 3734
1299 4948
1309 4937
1312 4967
1324 3308
1333 4161
1338 2097
1364 4591
550 1370
1371 4940
1386 2148
1394 4841
1396 4360
1397 4251
1405 4802
1411 3665
1423 4127
1433 4343
1435 3349
1481 4480
1484 2723
1498 1546
1499 4773
1503 2672
1516 4027
1519 3244
1525 3801
1529 4357
1534 1537
1551 1817
1556 2792
537 1568
1580 4927
1228 1591
1593 3979
1608 3890
1611 1612
1621 4439
1623 2836
1638 4761
1648 2428
1651 4603
808 1660
1665 2416
1675 4103
1679 2683
1688 4273
1690 1853
1698 4603
1700 2920
1717 4868
1718 4381
1725 2639
1736 1738
1740 4525
1744 2883
1757 4986
158 1762
1248 1768
910 1784
1801 2208
1803 3820
1813 4953
1814 4662
1815 4545
485 1830
1848 3989
1849 4485
1851 2060
1858 1859
1860 3818
1194 1867
1240 1877
1882 4550
1886 4918
1898 3348
1900 2777
1911 4893
1913 2707
1930 4914
1950 4751
1957 3446
1221 1973
1993 4438
1995 4335
1996 2449
1997 2831
2007 3659
2013 3720
2014 2463
2015 4133
2032 4693
2037 2894
2044 4783
2048 2510
2051 3381
2054 3630
2056 4358
2067 4913
2072 4617
687 2082
2087 4941
2091 4931
2098 2111
2113 4373
549 2115
2118 2201
2129 3493
2130 4692
2147 2183
2149 3322
495 2164
2174 4576
2176 3037
568 2177
2187 3467
2200 2815
2203 4124
839 2204
2214 2986
2221 4911
2223 4287
1761 2225
2229 4038
2244 4424
2245 4473
2264 4689
2269 4158
2278 3420
2280 4540
2281 4031
2285 2654
2296 4556
2299 3475
2309 4859
2314 4017
2333 4764
2344 3709
2357 2825
2370 4527
2372 4429
2376 3803
2384 4189
2390 4834
596 2396
321 2397
471 2421
2446 4674
1846 2452
2455 4598
2475 2502
2488 3077
2493 3843
2537 3559
1384 2543
2251 2550
2551 3402
1469 2559
2586 4660
1918 2592
2601 4986
2606 4363
2609 3721
2613 4466
2624 3781
1112 2633
2638 3972
1510 2645
1855 2650
2664 2903
2699 4647
2702 4250
510 2703
2710 4426
2714 4871
1922 2737
2749 4386
85 2752
1506 2753
2755 4488
2768 4648
2773 4906
2774 4366
2778 4450
308 2794
2810 2876
2822 4849
383 2826
2834 3946
2838 3994
1350 2844
2845 4878
2848 3044
2517 2851
2855 4490
2862 4602
2865 2868
2875 2896
2878 3766
2900 4958
2908 3068
1279 2909
2912 4194
1798 2942
2022 2949
487 2952
2953 3516
204 2955
2957 3859
2762 2961
2798 2970
2502 2976
1533 2981
2882 2982
2984 4973
2871 2995
2998 4852
1185 2999
3001 4041
2997 3009
2924 3015
1304 3017
1850 3019
3027 4580
819 3028
3033 4878
3039 3042
2805 3048
3052 4867
3060 3350
1723 3061
3063 4729
3075 4239
3077 3078
475 3080
3081 4947
3082 3484
3095 3812
3104 4809
2840 3117
3126 3498
3133 4779
3135 4486
2786 3153
3167 4473
3179 4406
3185 4896
3189 3309
2242 3193
3194 4462
3196 3197
3209 3928
2708 3210
3213 4186
1864 3232
288 3233
2502 3246
3245 3249
3252 3962
3268 3270
3271 3285
3273 4750
1526 3276
3279 4707
3283 4438
2271 3287
3304 4917
2168 3324
318 3338
3354 4250
2239 3370
2547 3371
3378 4617
3384 3493
576 3386
2713 3396
3401 4829
2159 3404
3407 4777
3425 4133
673 3428
3429 4357
2787 3430
3432 4171
3424 3433
1219 3442
3444 4506
492 3447
3453 4570
3267 3480
3492 4385
660 3497
482 3505
3515 3532
3529 3818
3165 3533
2836 3541
3550 4239
1289 3551
2453 3560
3526 3561
3132 3576
3586 4782
3590 4603
3591 4950
3604 4847
3472 3606
2804 3611
3613 4757
3625 4894
1250 3628
2444 3646
3656 4862
932 3670
3085 3673
3217 3687
3692 4210
3244 3694
3706 4704
3723 4404
3724 4631
1562 3730
3733 4553
3353 3742
911 3746
2614 3750
1509 3759
3796 4959
2234 3804
3806 4652
3809 4052
43 3821
2973 3822
3825 4339
3826 4207
3835 3893
3836 4963
2997 3863
3902 4342
3893 3903
1890 3908
3103 3911
1616 3920
2156 3924
1267 3947
3301 3951
1463 3952
3968 4338
3970 3998
345 3976
3062 3980
3981 4393
2260 3987
3996 4076
3993 4000
2356 4001
3309 4006
1007 4015
166 4016
4019 4955
2558 4023
3990 4033
4044 4239
3491 4048
2789 4057
4058 4639
4069 4536
1292 4098
4101 4500
2487 4118
3296 4122
4129 4987
4087 4131
4137 4831
3145 4147
2157 4156
3702 4164
3935 4165
3666 4170
2190 4173
1471 4181
917 4230
3932 4231
4232 4940
4234 4878
582 4237
4244 4555
2346 4266
316 4270
2456 4284
1769 4290
4301 4566
4309 4886
1268 4317
4318 4797
3243 4321
1592 4328
4005 4336
669 4344
1444 4347
4368 4416
3239 4380
846 4388
4075 4389
403 4392
4405 4410
4070 4415
4417 4704
2684 4432
1695 4433
4440 4448
4446 4902
2426 4447
2542 4457
4442 4460
4464 4744
1696 4478
3422 4493
2860 4496
3734 4505
340 4516
4517 4689
4510 4518
2594 4520
1832 4524
2405 4534
3219 4557
4560 4673
555 4564
3476 4581
2286 4608
2360 4619
4621 4644
3411 4634
3772 4650
3803 4656
230 4665
187 4691
4329 4696
3743 4702
4693 4711
2938 4712
4718 4754
4705 4735
3296 4766
4411 4768
1031 4788
1029 4806
4255 4810
216 4814
2514 4820
1742 4832
4363 4837
2608 4845
4846 4893
2432 4853
1891 4854
4787 4876
179 4895
3264 4897
4398 4898
3500 4900
4218 4916
4863 4932
1761 4942
4937 4943
4004 4954
3578 4966
1447 4974
2022 4977
4707 4980
137 4981
1459 4989
3802 4997
2 296
5 9
7 4208
18 3983
23 4114
26 4541
34 3539
46 4676
59 3880
89 4225
100 4951
103 3770
114 4342
140 4744
147 4487
163 4827
174 1404
203 4953
211 1972
212 4474
220 4304
244 4926
252 2094
260 3147
261 4936
281 4889
294 818
297 3139
300 3873
304 4667
305 4739
310 4495
341 2808
355 2662
369 4953
376 3002
380 4383
390 4007
405 3288
406 1262
407 4618
412 4921
417 3607
423 3573
428 4591
474 2153
484 4639
486 3502
501 4843
506 1168
516 4919
524 4394
536 2494
560 3032
561 4573
589 2656
614 4721
654 2616
655 3573
664 4713
677 4960
682 2904
691 4571
705 3704
713 4148
740 3949
757 4970
767 2729
770 4821
775 2734
777 4402
787 4729
792 4533
798 2988
805 2975
820 4504
822 4606
824 3855
830 3805
845 1143
857 4606
864 2065
870 3191
871 4061
884 1586
889 3896
893 4192
915 3682
937 4214
948 4934
985 4250
988 4039
991 4676
1002 4963
1005 4920
1011 3417
1014 1181
1023 2828
1027 4894
1028 2387
1060 3906
1075 4699
1095 4770
1096 4643
1097 4706
1102 4745
1105 3510
1110 4911
1111 4515
1115 2303
1125 3373
1148 4909
1151 4624
1157 4896
1184 1774
1206 4304
1208 3064
1229 4223
1231 4303
1277 2989
1283 4522
1309 4983
1312 4780
1333 2767
1338 4225
1364 1421
1370 4622
1371 3143
1386 4567
1394 4469
1396 4917
1397 2093
1405 3650
1411 4713
1423 4513
1433 3843
1435 4689
1481 4731
1484 4288
1498 4523
1499 3735
1503 3419
1516 4976
1519 3953
1529 4365
1537 2972
1551 4901
1556 4050
1568 4276
1580 2711
1591 4877
1593 3614
1608 3392
1612 4559
1621 2881
1623 2646
1648 4106
1651 4720
774 1660
1665 4529
1675 4939
1688 4488
1690 4999
1698 2503
1700 4258
1717 4490
1725 4438
1736 3437
1740 4511
1744 3289
1757 4912
1762 4438
850 1768
1784 4645
1801 3163
1803 3539
1813 3254
1815 3886
1830 4905
1848 4187
1849 2535
1851 2481
1859 4907
1860 4937
1313 1867
1877 4956
1882 2256
1886 4844
78 1898
733 1911
1913 4816
1930 4830
1950 4813
185 1973
1993 4923
1995 4952
1996 3000
1997 2882
2007 2316
2013 4979
2014 4927
2015 2368
2032 4744
2037 4631
2044 3842
2048 3963
2051 3102
2054 4732
2056 3121
2067 3907
2072 2120
2082 3542
2087 4544
2091 2092
1686 2098
480 2113
2111 2115
1546 2118
2129 4747
2130 4382
2147 4829
2149 4960
2164 4809
2174 4964
2176 4659
2177 4960
2187 3501
2200 4659
2203 4482
1702 2204
2211 2214
2221 3137
2223 4381
2225 4970
2229 2353
2244 4265
336 2245
2264 4921
2269 4085
2278 4411
2280 4904
2281 3945
2285 3999
1460 2296
2299 3556
2185 2309
2314 3445
2333 4526
2344 4839
2288 2357
2370 4110
2372 3798
1297 2376
2384 4825
2390 4436
2396 3715
1976 2397
1631 2421
2446 4555
2452 2453
2455 4378
2475 4685
2110 2488
2493 4850
2537 4866
2543 3212
2550 4896
2551 2799
2559 4645
2586 2761
2133 2592
2232 2601
2605 2606
2609 4536
2613 3659
2624 4950
2633 4547
2638 4784
2645 4890
2650 4259
1890 2664
2657 2699
2702 4747
2703 3170
2710 3363
2194 2714
2737 4681
2749 4802
1487 2752
2753 4408
2215 2755
2768 4819
649 2773
2774 4612
2778 4734
2794 4914
2810 4134
2822 4901
2826 4856
2834 3657
119 2838
2844 4723
2845 4929
2848 3311
2851 4801
1576 2855
996 2862
2868 3764
2509 2875
2878 4641
2900 4798
2908 3704
2909 4657
2912 4674
2942 2975
2949 3661
1552 2952
2953 4323
2955 3960
2508 2957
2961 3790
2970 4790
2976 3763
2981 3485
2557 2982
2984 4186
2995 4844
2998 4582
2999 4998
3001 3882
1742 3009
3015 3245
3017 3876
3019 4471
3027 4664
3028 4407
2680 3033
3039 4963
3048 4100
3052 4362
3060 3523
266 3061
633 3063
3075 4056
3078 4999
2965 3080
3081 4969
3077 3082
3095 4322
3104 4894
983 3117
3126 4497
3133 4920
3135 3632
3153 3309
352 3167
3179 3754
3178 3185
2570 3189
3193 4884
3194 4206
3197 3966
3209 4653
3210 4655
2915 3213
1425 3232
3233 4510
3246 4765
3249 4995
2337 3252
3268 4972
3271 3316
3273 4618
3276 4894
2304 3279
3283 3284
2898 3287
1888 3304
3324 4687
3338 4599
3354 4636
3370 4782
1964 3371
3378 4535
1150 3384
3386 4945
3396 3929
3401 3406
3404 4529
3407 4819
2078 3425
3428 4914
3429 4681
3430 3913
3432 4179
3433 4914
3442 4626
3444 4819
1135 3447
3453 4304
3480 4764
1879 3492
3497 4823
2941 3505
3515 3517
3529 4010
2050 3533
3541 3777
3550 4492
3551 4826
3560 3892
2713 3561
3576 4541
3586 4537
1369 3590
3076 3591
827 3604
3606 3685
3156 3611
3613 4400
3625 3782
3628 4444
2591 3646
3656 4563
3108 3670
3673 4879
3687 4489
298 3692
3694 4798
3706 4744
2988 3723
3724 4757
2133 3730
3733 4630
3223 3742
3746 4867
3750 3966
2720 3759
3755 3796
1221 3804
3124 3806
263 3809
3762 3821
3395 3822
711 3825
3826 3827
3835 4273
3836 4725
3863 4511
3902 4811
1807 3903
3908 4741
1418 3911
3614 3920
3235 3924
3947 4551
3951 4908
3939 3952
3968 4161
3970 4865
3976 4642
3974 3980
3981 4706
3987 4912
3996 4394
3581 4000
4001 4858
546 4006
1856 4015
961 4016
4019 4858
2472 4023
3934 4033
4044 4999
4048 4532
4057 4063
4058 4554
4069 4911
4094 4098
2983 4101
4118 4747
1526 4122
3912 4129
4131 4716
3074 4137
3138 4147
4156 4157
3183 4164
3830 4165
1586 4170
3779 4173
4181 4738
2436 4230
4231 4714
4232 4238
1767 4234
4237 4539
1647 4244
4266 4780
3220 4270
4284 4295
207 4290
1470 4301
4309 4315
98 4317
399 4318
316 4321
4328 4782
4336 4595
3704 4344
2580 4347
4068 4368
4380 4402
3516 4388
4201 4389
1954 4392
3941 4410
3389 4415
4417 4699
359 4432
4433 4963
3314 4440
4446 4620
3784 4447
1678 4457
4460 4753
1291 4464
4478 4605
3745 4493
4113 4496
3380 4505
4516 4738
4507 4517
497 4518
4520 4707
4310 4524
4102 4534
3653 4557
4560 4720
3912 4564
4429 4581
2802 4608
4619 4944
4621 4802
4631 4634
65 4650
1368 4656
4049 4665
4677 4691
1936 4696
1354 4702
1553 4711
4348 4712
4718 4786
3186 4735
4766 4935
4594 4768
4752 4788
4800 4806
3761 4810
4658 4814
3714 4820
4207 4832
3573 4837
4845 4911
831 4846
4316 4853
4226 4854
3265 4876
1825 4895
4609 4897
4245 4898
4577 4900
1128 4916
4929 4932
3142 4942
4943 4973
4954 4973
3928 4966
4974 4994
4977 4999
3915 4980
2503 4981
4985 4989
4962 4997
18 4903
23 4992
89 3832
103 4065
147 4931
305 4831
355 4169
390 1597
412 1221
417 4875
486 4678
560 3837
561 4295
655 4036
664 3918
677 4685
682 4907
713 4271
740 4922
767 3811
770 4316
798 3320
845 3522
884 2429
915 4079
948 4826
988 4269
991 4281
927 1002
1014 4946
1060 4944
1096 3045
1097 4990
1105 4770
1115 3877
1125 3907
1148 4373
1184 3830
1208 3685
1229 3014
1231 3917
1333 4289
1338 4121
1370 2978
1371 3566
1394 3959
1433 4967
1435 4748
620 1481
1499 4929
1519 4797
1529 3615
1551 4461
1556 4584
275 1591
1612 4960
1651 4870
1665 3455
1675 3006
1698 4152
1586 1700
597 1717
1736 3691
1740 3528
1744 4862
1801 3997
1813 4345
1848 4103
1849 4730
1859 4456
1331 1867
1877 4669
1882 3992
1911 4007
1950 3418
1993 4821
1995 3035
1996 4950
1997 4275
2015 3379
2032 4951
2037 4081
2039 2048
2051 4553
2056 4933
2067 4562
2072 4926
2087 3093
2113 4838
2115 3291
2118 4422
2129 4685
2147 3922
2149 4628
2164 2876
731 2174
2177 4692
2187 4595
2200 4929
2203 2817
2204 4771
2214 4587
2223 3085
2229 4737
2244 4095
2264 4091
2133 2269
2278 4764
1943 2296
2299 3991
2333 3666
2357 3526
2370 3085
2373 2384
2390 4235
1179 2396
2421 4224
1827 2446
2452 3328
2475 3672
2488 4972
2493 4472
2543 4456
2550 3255
2551 4925
2586 4406
2592 4864
2601 4723
2606 3893
2609 4905
2613 4998
548 2624
2645 4922
2650 4541
2699 4200
2703 4405
2710 3681
2714 4865
2236 2737
527 2749
2752 2823
2755 4774
2768 3986
2773 3669
2774 4880
2778 4763
2794 3620
2810 3698
2476 2822
2826 4645
2834 4582
782 2838
2844 4894
2862 4241
2868 4881
2875 4860
2878 3900
2900 4287
2908 4971
2909 3067
2949 4211
2952 3965
2955 4984
2961 4906
2976 4843
2981 4813
2982 3397
2984 4525
2998 3792
2999 4481
3001 4113
3009 4941
3015 4991
961 3017
1964 3027
3028 4085
3033 4865
3048 4579
3052 3830
2642 3060
1826 3061
2028 3063
2017 3075
3078 4774
3080 4680
3081 4503
3082 4566
3104 4667
3117 4918
3126 4928
3133 4994
3153 4835
3167 4133
3179 4261
3185 4756
3189 3965
2835 3193
3194 4798
3209 4633
3210 4758
3213 3284
3232 4146
3233 4588
3246 3412
3249 4920
3252 4312
3268 4763
3273 4133
3276 4646
3279 4018
1185 3287
280 3324
3049 3338
3370 4583
3371 3755
3378 4964
3384 3413
1976 3386
2708 3396
3401 4176
3404 4080
3407 4167
1774 3425
3428 4013
3429 3860
3430 4342
3432 4986
3433 3490
3442 4625
3444 4652
3447 3610
3480 4921
3492 4611
3497 4996
3515 3776
3529 4911
3085 3533
3541 3999
3550 4375
3236 3551
3560 4280
3085 3561
2863 3576
3585 3586
3590 3832
3591 3845
3606 4470
3611 3953
3613 3618
3625 4857
942 3628
3646 3653
3656 4976
2615 3673
3687 4441
3659 3692
3694 4273
3723 4169
3724 4811
3730 4509
3489 3733
3742 4648
3746 4829
3750 3760
3759 4623
3792 3796
3804 4190
3806 4910
3809 4719
288 3821
3822 4214
3825 3831
3835 4473
1385 3836
3007 3863
3902 4313
3148 3903
2887 3908
3911 4243
3616 3920
3319 3924
2685 3947
3951 4365
3952 4349
3968 4245
1776 3970
3976 4157
3980 4313
1742 3981
961 3987
475 3996
4000 4902
4001 4877
2743 4006
1574 4015
3518 4016
3718 4019
4020 4023
3085 4033
1088 4044
3547 4048
4057 4599
4058 4935
4069 4950
3220 4098
4101 4507
4118 4245
2637 4129
4124 4131
4137 4841
4147 4918
4156 4367
4164 4708
4165 4904
4159 4170
4173 4414
4181 4454
3867 4230
4084 4231
4232 4860
3799 4237
4244 4717
3390 4266
3874 4270
4284 4458
4279 4290
4301 4544
3743 4309
3638 4317
3820 4318
2889 4321
2858 4328
1802 4336
3309 4344
1482 4347
838 4368
4331 4380
4288 4388
1742 4389
2380 4392
4410 4802
4415 4987
3486 4417
4432 4708
394 4433
4280 4440
4039 4446
33 4447
4455 4457
1116 4460
4464 4480
4468 4478
4358 4493
4496 4882
1546 4505
4516 4758
4517 4649
4367 4518
4520 4823
247 4524
3834 4534
4557 4688
4072 4560
4564 4574
2921 4581
4608 4613
4619 4946
4550 4621
4119 4634
3470 4650
2023 4656
4369 4665
4077 4691
4696 4733
4479 4702
4573 4711
4275 4712
2828 4718
3519 4735
4405 4766
4768 4959
3937 4788
4658 4806
2514 4810
4242 4814
4787 4820
4832 4902
4521 4837
4791 4845
4283 4846
2775 4853
3330 4854
3260 4876
3337 4895
4779 4897
3503 4898
1560 4900
394 4916
4633 4932
4935 4942
620 4943
4954 4976
1703 4966
4842 4974
192 4977
4108 4980
4727 4981
3118 4989
4154 4997
18 4419
147 4671
390 4024
561 4948
655 4782
677 4893
682 4875
915 4261
1519 4426
1591 4174
1717 4925
1801 4752
1867 4951
1911 4281
1993 4687
2187 4847
2223 4671
2229 4921
2264 4636
2269 4113
2475 4345
2493 3359
185 2550
2586 3519
2592 3047
2606 3297
2624 3181
2645 4502
2650 3760
2737 3696
2778 4873
2834 4663
2862 4774
2875 3898
2908 4822
2909 4384
2949 3883
2955 4035
2961 4030
2976 4553
2981 4386
2984 4733
3009 4771
3017 4750
2522 3027
3028 4476
3080 3091
3082 4064
3104 3988
3117 4243
3179 4607
3189 3960
3209 4699
3213 4739
3233 3612
3058 3249
3252 3508
3268 3998
3276 3280
3279 4379
3287 3288
3384 4708
3401 4283
1964 3404
3429 4959
1964 3433
3447 4427
2305 3497
3515 4584
3529 4727
3533 4695
3541 4922
3550 4697
3586 3846
3590 4618
3589 3591
3606 4401
3613 4812
3646 4220
3439 3656
3673 4453
3694 4615
3724 4555
3255 3730
3742 3883
3746 4227
3750 4435
3759 4255
3796 4011
3804 4919
3821 4349
3825 4672
3757 3863
3903 4857
3911 4785
3947 4418
3368 3951
3952 4021
3968 4450
3980 4545
3981 3992
4000 4912
3957 4001
2880 4006
4016 4345
3645 4023
3883 4033
3085 4048
4057 4856
4058 4367
4069 4610
4098 4663
4101 4988
4118 4189
3701 4131
4137 4886
3120 4147
4156 4986
4164 4384
4165 4801
2837 4170
4145 4173
4230 4933
4229 4231
4237 4480
3619 4244
4270 4982
4284 4748
4290 4956
4301 4578
4309 4323
4317 4995
4273 4318
4321 4842
4336 4643
4307 4344
4347 4701
4380 4639
4386 4389
4392 4739
201 4410
4403 4415
4417 4472
4422 4432
4433 4907
4440 4918
4446 4888
4447 4684
4457 4782
4460 4967
4183 4464
3003 4478
4493 4831
2398 4496
3905 4505
4345 4516
4212 4517
4518 4913
4297 4520
3830 4524
4557 4563
4560 4629
1128 4564
4176 4581
4608 4682
4592 4619
3178 4621
4003 4650
4416 4656
4665 4940
3248 4691
4696 4746
4702 4934
4711 4748
4639 4712
4718 4851
4672 4735
3839 4766
4111 4768
2859 4788
3652 4806
4635 4810
3572 4814
3556 4820
4832 4833
4569 4837
4611 4845
3123 4846
4853 4878
402 4854
4876 4893
2198 4895
4890 4897
3530 4898
2573 4900
4867 4916
4511 4932
3852 4942
4474 4943
2922 4954
402 4966
4961 4974
3852 4977
4961 4981
4956 4989
4971 4997
3433 4733
3746 4962
4389 4393
4432 4941
4457 4726
4465 4696
