4144 4945
2847 4071
3312 4490
71 2278
1137 4107
2539 4905
1229 4144
3371 3680
1464 4046
4804 4983
811 4884
1071 4968
45 4564
2734 3927
1619 3381
2982 4462
750 3793
3709 4103
2679 4368
3871 4710
4681 4788
4129 4250
4968 4989
1157 4480
3110 3802
4009 4083
2547 3922
3316 4940
3742 3893
910 2323
1051 4559
2643 4250
4291 4619
82 4989
3699 4962
1692 3290
2272 4323
697 4707
1157 4311
2146 4187
3228 3802
2026 3851
1716 3734
1895 2799
2204 3678
3312 4714
2840 4975
4345 4986
886 3677
1951 2324
3009 3965
1140 4027
2869 3578
2847 4617
333 4974
1297 4350
2708 3004
2038 4103
3284 4476
4111 4430
3455 4341
1892 3996
2107 4283
2107 4974
3082 3812
4019 4208
404 4802
280 4869
4203 4572
1310 3901
2352 3927
1611 4256
2629 4019
3373 3517
2272 4201
710 2796
2215 4363
3782 4986
416 4473
2252 4423
3131 3437
2575 3004
3146 4952
929 4490
3521 4372
975 4184
1460 2777
2281 4564
2575 3927
2847 4050
750 4952
2233 4940
3040 3110
2258 4723
2847 4372
2725 4285
846 4804
2280 4320
2990 3949
3566 4710
1428 4201
1382 4816
2960 3506
4476 4531
3142 3812
1299 4860
1724 4350
3377 3497
3867 4443
4482 4572
1430 4556
2107 4879
840 3680
2053 4423
95 4975
3770 3816
565 4171
1546 3677
1300 4017
4490 4511
2756 4103
650 4043
1589 3770
1694 2223
2870 4822
2636 3922
3131 3338
3142 4793
4107 4311
718 1710
2960 4788
3164 3680
2636 4822
4360 4665
1852 3871
2038 4514
3901 4093
2722 3410
2514 4975
435 4345
3704 4012
1626 4710
2481 3355
1590 4480
2679 3411
3300 4860
28 3580
2971 4537
3610 3619
1881 4940
1619 2156
3497 4945
4085 4869
4155 4260
1721 3081
2793 4556
4129 4287
2756 4253
2814 3771
1382 3529
3677 4050
2899 3699
4553 4788
4505 4665
1517 3771
2038 4974
1681 4323
4294 4514
176 4788
1575 4657
3009 3463
275 3338
2856 4144
3478 4417
435 4350
4341 4723
1970 4291
2960 4681
811 3497
1430 2352
2982 4350
1746 4071
2785 3909
3336 4553
4122 4159
1613 4093
1970 4043
2258 3691
270 4529
1692 4318
1065 1909
3031 3965
2683 3312
2324 4968
4360 4529
4253 4260
1274 2293
3610 4878
3867 4398
3411 3901
3870 4905
4107 4681
2134 4681
1063 4989
768 3901
3577 4791
3645 3996
4294 4423
4009 4564
1681 2429
3330 4968
1545 3996
1619 4430
1157 4681
214 2146
2514 4952
71 3582
1521 4952
3282 4422
3228 4878
3371 3611
777 2445
2911 4242
2417 4103
45 2575
225 4879
2495 2870
4409 4417
4505 4707
3685 3965
4529 4559
4004 4253
1297 4986
307 2815
1464 3870
4804 4860
4482 4788
1517 2204
3463 4318
3575 4256
2293 4363
2777 4323
3812 4650
695 4144
1925 3882
2109 4350
119 2486
1700 4283
4155 4490
13 4594
3816 4242
1493 4884
3065 4043
15 4788
3816 4129
806 4394
1658 4323
2592 4145
3164 4559
4311 4974
2258 3849
1229 4884
788 4187
4268 4707
4417 4962
3258 3381
1877 4975
3824 4144
4111 4728
4879 4919
770 1397
4723 4986
1545 4905
1300 3786
2109 4940
2799 3965
1970 4540
1513 3300
2004 4710
3072 4260
2734 2793
2643 3403
1892 3965
3082 4360
4017 4710
4019 4422
2223 2708
1611 3426
95 2960
1408 4619
1408 2911
412 3264
2824 4156
3284 4531
2138 3949
2846 4423
1202 3274
82 4919
2959 4315
1543 4975
2716 4983
3586 4628
3582 3851
2321 4908
1034 3290
3377 4945
3824 4908
4004 4423
2701 3874
2539 4287
3870 3927
359 1936
225 4681
3582 3664
4387 4989
2119 3086
3578 4315
2869 3680
1386 4710
3282 4208
2324 4156
1140 4617
3949 4553
295 2824
3032 4714
1936 2636
877 4791
622 3678
1917 4714
3312 3517
2629 4728
806 4556
4730 4816
622 2743
4350 4730
3065 3089
2928 4511
1119 4462
600 1392
2107 4940
3870 4983
3577 4903
4019 4549
4200 4564
3253 4260
3504 4083
1857 3582
2982 4879
536 4553
225 4908
2134 3373
4043 4350
131 3146
3858 3909
4027 4594
4285 4363
2278 3162
277 1721
257 4793
4012 4027
1418 4614
1590 4560
2960 4311
3371 4372
1119 3874
877 2814
1316 3874
4422 4430
894 4341
1852 4816
1051 4940
2291 4804
2131 4430
1518 1926
3677 4203
4457 4476
2899 4086
3559 3882
275 3031
3586 4903
3580 4594
3824 4945
2204 4657
2429 4201
3867 4473
2338 4804
4409 4681
1358 3734
1521 4975
2233 4919
3336 4409
3996 4549
1983 4904
4614 4869
2327 4945
2701 4878
4113 4714
387 3274
4443 4531
4962 4983
3463 3685
2138 3373
1909 2324
3922 4822
2107 3867
2565 3824
4968 4983
1573 2258
1677 4250
2899 4804
2278 4350
1316 4739
1646 3996
991 2429
81 1575
1034 3463
3282 4728
2679 4628
1587 4111
3893 4676
1881 4283
640 4802
1545 4537
2565 3582
2629 4208
4113 4860
2575 4564
3455 4723
1408 4242
4032 4103
2658 4650
1926 4802
2038 4423
1099 3707
1613 3411
2333 4111
3849 4986
3497 4653
1137 2790
3373 4482
3559 4710
1506 4869
811 4793
1386 2486
3506 4788
226 4945
4363 4377
4511 4714
1951 1970
768 4628
1726 3202
1587 4728
4129 4242
4184 4537
1460 4614
3709 4004
552 3664
3816 4443
4253 4294
1556 4802
4430 4728
1726 4317
4657 4962
214 3090
4291 4540
4529 4822
2371 3782
3146 3776
4443 4457
53 4372
2194 2573
2138 4482
3480 4793
3776 4401
2233 4283
2785 4009
2592 4387
2548 4676
4422 4549
3264 3566
4311 4482
718 1740
2560 4614
4653 4905
2856 3610
3370 3996
1750 4318
2990 4107
777 4320
2495 3901
3072 3253
3147 3882
3849 4341
2119 2375
24 4184
2665 4363
1451 3308
3867 4156
1099 3146
2726 3282
2134 3419
2686 4905
1895 3437
176 4482
1926 2293
1503 4822
1926 4377
143 4968
3142 4822
758 4476
3147 4723
2194 4800
3370 4549
3802 3992
3040 3610
3871 4903
2373 4012
3858 4080
307 4739
970 4311
1229 3497
4714 4822
3065 4540
4012 4256
809 4905
2022 4318
4020 4320
2790 4788
4027 4071
4879 4989
26 2119
4940 4989
840 4315
3082 4822
270 4439
234 4739
3264 4904
1852 3058
2420 4311
1202 4739
3031 3338
1274 2272
3403 4287
4723 4730
1545 4860
2375 2547
1451 4730
2658 2870
4439 4556
4443 4476
3793 4401
1281 4628
2250 4869
1147 4594
850 4878
1716 3521
1677 2117
718 4739
3142 4559
2722 4122
2665 3483
1926 4363
697 4952
4457 4572
1382 4884
2722 3776
4320 4511
3575 4012
2467 4986
3506 4279
981 2708
1992 3992
3164 3742
1051 1614
3004 4009
3258 3915
3949 4594
280 4311
904 4017
2004 3090
1613 4628
1957 4439
2280 2683
3594 3851
2847 4676
4511 4804
1470 2505
4919 4989
171 3004
981 4802
1925 4665
2231 3072
2930 4019
28 3065
81 4462
1595 4989
2971 3776
2565 3664
3478 3867
2022 4394
3330 4043
3919 4614
53 2725
1603 4083
4285 4707
1556 3483
829 3004
2481 4904
2960 4560
4350 4986
416 4398
1065 4968
1503 4559
3110 3874
1146 3594
3316 4879
2567 3575
877 3478
2656 3355
2899 4860
3146 4401
685 4707
351 3699
3793 4800
1543 4793
4417 4531
3611 3742
2870 3142
3090 4904
2397 4594
1008 4490
2323 2429
131 4650
4009 4572
3065 3815
3610 4482
1317 4628
1692 2799
604 4878
2785 4201
3058 3849
2233 3330
239 4462
4398 4457
846 4983
1716 4315
4113 4804
3664 4945
1590 4788
4279 4560
288 4372
695 3377
1101 4878
4016 4676
4360 4822
4860 4905
2679 4791
2592 4556
3072 3312
1267 1750
2084 4728
1386 1513
3782 4723
2959 3734
2004 3874
2272 2323
2971 3919
4320 4952
1707 4291
2053 2840
2911 4250
1506 4480
2870 3922
2420 4553
2790 4279
143 3089
3300 3786
4341 4345
4345 4350
2281 4291
2686 4983
2258 3812
3701 4904
3882 4665
179 2026
1881 4387
2990 4553
4260 4619
4004 4032
53 4315
128 4628
234 3274
2909 3455
3580 4617
4107 4553
2847 4012
3090 3559
3164 3893
1589 2911
45 2560
2420 4560
4681 4903
1470 3381
1575 4417
2708 4802
1029 4242
2252 4294
809 4983
2146 4490
2814 3004
3677 4556
3776 3793
830 4816
2117 4800
2495 3577
1274 2215
1710 3081
3816 4250
4398 4657
351 4804
975 4884
2288 4822
1110 4860
2551 3782
975 3824
3274 4739
3849 4730
1585 2726
2644 4952
1192 2785
1297 3645
1611 2847
3965 4318
4043 4291
1589 3816
2725 4665
1428 4614
1595 1957
3871 4628
4560 4974
412 3559
2547 4650
3063 4103
1147 3575
4628 4791
2816 4800
1137 4681
3426 4617
92 3677
3004 3965
128 4723
4019 4430
1242 2280
759 3776
3478 4476
2048 4739
179 2824
2643 4767
3575 4676
225 4793
299 4968
2793 3701
4016 4439
109 3771
4184 4653
1119 4171
2656 2683
4360 4707
4341 4986
4398 4816
4559 4822
495 4665
598 3707
1970 4962
3678 4564
1698 3147
2138 4681
2258 3793
3377 3480
2323 4665
2505 4203
2003 4791
1694 4377
1310 4903
2026 3202
2250 4401
1925 4203
3147 4986
28 4974
2449 4439
1034 2999
970 3677
1724 2764
1192 3909
2255 4879
1590 4279
3771 4564
1099 4159
1267 4187
4360 4714
4159 4401
3 4681
65 3782
26 4676
646 3089
2131 3370
2909 4986
270 3915
3704 4676
2338 4983
4320 4657
2490 4363
4417 4457
2683 4511
1117 1903
4423 4439
2420 3949
2734 3915
2793 3258
3782 3849
1063 4879
1768 2658
2468 4422
3336 4482
4019 4816
2498 4919
4285 4952
2643 4129
3090 4490
483 4802
1590 4409
3927 4439
2743 4009
2131 4728
1418 4341
13 4617
3996 4019
2551 3455
404 2293
1925 4952
483 4986
2272 2785
970 4203
1740 2796
830 3080
2960 4279
2004 3264
3089 3330
3090 3300
1909 4619
4473 4962
2427 3478
2573 4800
1768 3373
3851 4200
3742 4372
1192 2272
2291 4337
1506 4788
2022 2999
2856 4401
3577 3586
2467 4730
768 4093
2109 4283
2734 4203
3072 4320
2117 4869
2365 3411
3478 4657
3370 4422
4250 4767
728 3949
1677 4242
1698 4345
3253 4619
3403 4242
2445 4511
3882 4285
2417 2756
1925 4707
2252 4514
2708 2999
1117 3463
2373 4016
4043 4968
3072 4878
1229 4945
3619 4422
4145 4439
4417 4476
3110 4462
1391 4919
2658 3922
71 4908
3411 4368
565 3228
2131 3874
4443 4657
2468 4728
3040 4201
270 4020
2397 4345
1110 4537
2352 4203
1082 4791
1518 4377
3081 4739
2157 2490
4107 4480
981 3849
1589 4767
759 3919
1895 2367
3582 4144
32 4968
2567 4617
3373 4107
3909 4201
1726 4156
3870 4113
270 3258
2467 3849
2223 2665
295 4156
45 4009
561 3664
3701 3915
4879 4974
4480 4482
2548 4027
3901 4368
3577 4093
495 4707
2869 3521
2495 4368
2505 4145
4594 4617
234 2048
4200 4614
2734 4439
307 1451
1698 4986
1917 4155
4387 4879
840 3893
1071 4540
2427 3370
759 4085
1313 2467
2560 4564
2607 3870
3578 3734
2840 4665
2060 2814
2481 3162
3110 3419
1750 3871
2658 3142
4080 4323
1556 4363
158 2928
2449 3927
4144 4793
650 4540
650 3330
3915 3927
4919 4974
3403 4129
2397 4986
1051 4822
2971 4800
3455 3782
618 4650
3370 4208
1281 4368
3521 3611
3851 4156
234 3308
420 4816
359 3812
3770 4619
4208 4430
4083 4714
2539 4537
3426 4878
4283 4476
4401 4614
4080 4201
225 3664
3063 3709
1310 2679
3678 4009
3851 4439
3577 4628
600 3308
4145 4556
2498 4283
239 2701
552 4908
3202 3851
3437 3685
1317 2365
4318 4394
2429 2777
1852 2764
811 2321
1556 4377
4083 4156
568 4337
1768 2134
1892 3685
2565 4945
3040 3992
1451 4739
1460 4723
1895 3338
4462 4878
1628 1970
1768 4974
2790 4553
3949 4482
1242 4320
1595 4879
991 3909
2084 4430
3816 4287
626 3162
3867 4531
1146 4145
4665 4975
119 4710
806 1903
2909 4283
1071 1526
4793 4908
940 2840
3882 4975
3504 4505
176 4560
788 2486
2215 2223
2417 4253
2281 3004
758 4398
3438 3782
4311 4553
81 3992
1700 4940
2367 3031
3575 4594
2607 4556
2756 4423
816 4767
2157 4377
2084 4111
2764 4986
3373 4560
747 4026
1051 4650
4187 4904
1936 3086
4317 4676
2909 4730
4032 4514
770 3793
2899 4046
3478 4531
3282 4019
4423 4514
718 3274
2373 4071
3274 3308
1039 3338
2280 4511
3312 4822
2971 3793
3782 3992
2233 4879
3373 4553
3411 4791
3611 3734
4315 4372
2038 2156
2324 3330
809 4860
4020 4490
598 4009
2449 2607
3709 4294
359 3619
3858 4323
1129 4879
1313 4986
2722 4159
3704 4975
2070 4676
626 4317
128 4368
1316 2796
2840 4707
4184 4983
3258 3594
4287 4983
2157 4363
4283 4989
4050 4256
109 3308
4086 4537
747 3685
2119 4012
2959 3742
561 4884
1039 4394
3090 4017
3882 4952
2038 3273
3849 4107
4549 4728
568 4983
2445 3253
710 1710
2280 4260
1082 4628
3909 4080
1909 4540
2785 3483
2194 3707
3645 3691
4113 4962
3273 4560
2816 4159
4171 4878
213 4657
3517 3610
4401 4869
3147 4350
3403 4767
2490 4802
3586 4707
226 4793
1881 4879
3072 4511
1592 4822
3497 4908
1137 3273
3893 4315
758 4657
1628 4540
1129 4968
1575 4473
1358 2683
1391 4989
1029 4250
3282 3996
1970 4968
2278 4986
4113 4337
3336 4279
4430 4549
2109 4617
1768 4107
3685 3815
3 4372
4145 4203
2367 3131
4628 4903
2708 4422
2449 4556
3426 4027
1460 4080
3274 4350
3699 4860
4793 4945
4884 4908
3480 4945
2365 4791
3089 4291
3802 4462
3089 4043
3594 4556
4086 4804
430 3701
1476 3746
2756 4514
1895 2333
3032 4320
2573 4085
4009 4614
1723 4480
2999 4318
4086 4983
1229 3480
4398 4531
2146 4904
1310 4791
3308 4614
1146 2793
614 3582
3371 4315
1428 3909
2252 4253
1573 1724
2644 4975
4457 4473
2846 4294
3146 4159
3680 3734
1692 3965
2912 4505
604 3228
2575 4200
15 4560
1300 3566
2107 4387
3284 4443
3619 4549
3909 4323
846 4113
3202 4083
1646 4549
3312 4511
257 4422
2333 4377
2327 3480
1715 4989
3506 4482
646 4540
7 3142
816 3816
3793 4159
2048 3081
2291 4983
3949 4788
1903 2799
2427 3619
3664 4908
1595 4919
2869 4505
536 3336
1299 4905
3410 3919
2518 4200
4285 4665
4473 4476
2716 4184
4144 4908
940 4975
2417 3040
1546 4083
2911 3770
806 4318
1317 3577
2288 2870
2547 4559
3162 4350
2498 4879
768 4791
3802 4878
412 4017
816 2911
618 2375
1326 2777
1992 4171
1595 4940
1099 4800
2567 3699
400 3771
4086 4905
2930 4083
3284 4457
3824 4462
4884 4945
2686 4184
2397 4723
1646 4422
2701 3110
2109 4879
351 4619
1071 3330
3058 3355
2629 4111
2281 3678
2324 3089
2840 3882
3373 4480
3426 4071
3619 4111
403 4553
2498 2899
2909 4341
53 4804
2255 4989
2505 2846
994 4940
2754 4377
2971 4869
4253 4514
295 3202
1049 4350
1299 2716
2417 4294
131 4714
2575 2814
4027 4050
4363 4802
4279 4681
2278 2371
3919 4476
1892 3031
1585 3619
2380 2468
3370 4430
3497 4144
1476 4043
975 4945
3586 3901
2338 4905
4482 4553
2629 4430
622 4564
3336 4560
3284 4657
3619 4430
24 4905
3164 3371
3529 4884
3812 4559
2679 3901
1707 4540
2380 4549
32 4043
1628 2324
4398 4417
3381 4203
1626 3559
3580 4071
1746 2548
3426 4676
416 4476
4268 4975
1587 4422
3506 4409
1589 4129
4026 4032
1470 3677
1480 4511
2743 4564
1202 1392
4537 4653
4653 4903
2373 3580
3707 4085
929 3437
3142 4650
4256 4594
3273 4279
3901 4791
2486 4710
2053 4514
2679 4903
277 4531
2134 4279
400 2814
3410 4869
3264 3559
1039 3965
3164 3611
3377 3664
4032 4253
1313 4730
4387 4919
3009 3131
4443 4473
4032 4423
3371 3578
3870 4337
4107 4788
3506 4553
2560 3678
1917 4260
886 3594
3381 4556
4004 4514
565 4878
1546 2824
736 4730
4200 4908
4287 4804
2990 4409
1740 3308
683 3802
3578 3742
3815 4394
400 4564
840 3611
351 4860
975 4908
420 3782
1724 3849
257 4945
3578 4860
3824 4860
2327 4884
1110 4804
1313 4723
1386 4187
561 4793
3131 4318
1603 3504
903 1483
1483 4594
3480 3529
3273 4974
2856 4800
4113 4122
2726 4430
1029 4767
2156 4032
598 3771
1917 4511
2293 3080
2539 4983
2003 3586
3517 4514
3264 3786
4800 4869
3580 4268
2204 4473
830 3437
1476 4619
2796 4739
4208 4422
1852 4350
359 2636
2518 4360
359 4650
2250 4800
3410 4085
3870 4537
4093 4368
829 4422
4317 4318
4103 4423
3371 3734
552 4884
3645 4345
2726 4111
2038 2846
3742 4315
4122 4242
683 4171
1297 3849
4476 4816
4553 4681
2708 4363
840 4372
1852 4341
2982 4387
3058 4903
2367 4318
1451 3274
2490 3483
695 4945
2003 4903
1715 2565
683 3040
4540 4730
1316 2815
2157 2708
4113 4879
1202 1721
214 4187
2084 4549
598 2281
3529 4945
4085 4401
3483 3996
3521 3742
994 4989
3893 4372
1386 3300
2109 4919
4529 4556
4113 4983
1903 2756
710 1740
561 4144
400 2060
3707 4122
4071 4256
2084 4019
2607 4564
562 4804
3478 4457
1326 4279
747 4260
3776 4341
1029 3403
3082 4650
3411 4903
1267 4986
3915 4439
3330 4291
288 4707
2156 3426
3146 4869
614 3816
2138 4279
4283 4879
4559 4714
1585 4728
3786 4187
777 4260
1513 3871
4242 4767
2686 4804
1267 1386
4012 4617
4283 4387
2726 4549
2644 4505
1392 3274
2321 3497
2869 3611
4804 4905
4531 4657
3264 4710
1603 2930
3411 3577
994 4879
4665 4707
3529 4908
747 4394
1619 4253
4398 4473
956 4860
1168 3746
3273 4681
4311 4681
1408 4767
2053 4032
894 4723
2565 4908
697 4665
2053 4974
3419 4171
1658 1681
2551 4730
2138 4560
747 4242
3377 3824
1391 4879
2658 3559
1470 4250
1430 2117
770 4800
2930 3504
3004 4564
13 4050
1603 4156
2754 4802
3701 3851
3146 4800
1382 4945
2280 4155
4187 4201
2785 4323
2840 4285
2799 3031
829 4564
2004 3786
2656 4208
1034 3131
1614 4559
2930 4156
3504 4398
3874 4462
811 4908
1146 4556
1992 4878
2551 4723
3497 4884
2869 3742
4476 4962
4113 4184
1518 4802
1546 4156
3040 3874
3870 4184
3419 4462
2959 4372
2514 2840
2539 4860
1909 4291
2338 4086
2636 3812
3086 4559
3312 4505
1493 4908
3164 4714
3381 3927
3699 4804
2134 4560
4260 4529
28 4968
1503 2636
214 3371
3786 4800
4788 4975
886 3701
1049 4242
1521 3882
2223 4363
2725 4975
2567 2847
4617 4676
3707 4159
3483 4802
4080 4614
2327 3370
3786 4017
4337 4860
2643 3770
2567 4594
3426 3575
3746 4919
1274 4363
1971 4323
562 4905
1493 4144
1626 3786
3273 3506
4113 4537
4368 4628
435 3147
718 4945
1685 3316
4253 4423
2869 3893
2777 3858
1700 4879
2321 4884
2194 4122
2764 4723
3228 3874
1397 4869
2026 4317
3437 4394
4791 4903
4032 4283
626 4345
3812 3922
158 777
1694 4802
956 4983
2990 4665
3063 4253
4549 4878
26 2373
131 3922
600 4739
604 4462
2518 4201
2644 3529
3619 3996
239 4878
2321 3824
2321 3131
2999 3437
1626 4594
1715 2911
1992 4462
1543 4940
2785 4560
626 4878
4159 4869
4268 4665
1587 4549
2959 3521
1957 4315
4285 4975
3566 3786
2495 4904
2756 4294
4476 4657
1476 4968
2291 4537
1526 4968
4457 4657
2514 3253
2754 3483
2338 4113
3707 4800
1391 4283
3284 3770
92 4529
910 4080
2231 3312
4417 4473
4529 4650
685 4975
1556 2708
2960 4482
2816 4401
71 3664
2323 4323
3996 4430
3580 4050
4046 4860
2397 4350
1408 2643
1614 3922
2790 4480
1326 2785
3529 4144
1526 3815
1464 4983
214 4710
2053 4253
536 4788
4184 4905
1877 4665
3586 4368
3915 4145
2352 3594
850 1957
3080 4363
4050 4071
1646 4430
903 3580
412 4710
404 1723
1707 4422
2053 3709
3228 3992
1300 3065
3586 4553
981 3483
3 2250
710 4739
3996 4111
4107 4974
2109 4387
1313 3147
4368 4903
213 4473
1603 3202
53 2959
718 2815
3867 4417
1857 4908
4283 4919
2560 4050
1573 4723
3707 4869
536 4480
430 3927
1881 4989
3664 4144
1430 3258
3377 4884
994 4919
2223 2982
3793 4122
2815 4739
788 4017
3815 4968
128 4791
4016 4594
1983 4203
82 2070
728 3336
4004 4294
4113 4905
1146 3677
4283 4940
3058 4730
32 4540
3480 4884
1397 4800
4457 4962
1681 2815
1575 4531
1698 2656
2928 4155
3403 4919
3080 3483
1677 4767
403 4788
1951 4043
1397 4085
3080 4802
877 4739
2486 4187
143 4291
2505 3381
4537 4804
483 1556
1587 4430
1877 4707
3770 4767
3312 4320
2636 4650
1892 4318
3619 4728
2790 4681
4905 4962
1983 2352
1476 3065
1430 1857
3645 4986
2321 4945
1391 4940
1316 3081
1310 4628
2481 3645
904 3264
2026 4083
2442 4422
95 940
2252 4004
2793 4869
3063 4294
600 2048
1992 3802
2156 4514
2157 4802
1926 3080
2539 4804
1008 4676
4860 4983
4345 4723
956 4905
3273 4311
2321 4793
4129 4767
3419 3802
4549 4650
4071 4594
13 4027
4398 4443
2793 4989
759 4800
816 3770
2495 3586
280 1397
4473 4816
2725 3882
3308 4315
351 4905
1592 4422
2870 4559
2716 4086
1483 4256
1619 4514
3497 3582
2327 4908
4279 4409
4707 4975
1857 4793
295 2930
3566 4187
4723 4962
1613 2003
3870 4804
3949 4480
4879 4940
2498 4989
4940 4974
2726 4422
277 4739
2258 4986
2548 4256
4422 4728
3258 4145
1082 4903
1723 4802
1681 4201
1957 4556
1140 2548
4046 4537
3081 3274
568 4046
1157 4409
2814 3678
3290 4394
1418 3645
3162 3782
4046 4983
1724 4723
4537 4983
2323 3858
3162 4730
4184 4860
2725 4952
2026 2930
4046 4653
2231 4320
697 4975
3619 4208
4159 4473
4457 4531
3110 4878
2373 4617
3506 3949
1746 2070
4046 4113
3355 3438
1619 3709
2323 4080
846 4184
2518 4080
3699 3704
2847 4027
3290 3685
3032 4952
2816 4869
1137 4311
1658 3594
4050 4594
3677 4145
3072 4155
2701 3746
2846 4032
2467 3147
128 4903
2048 2796
2683 4714
4919 4940
2856 4250
1300 4187
3355 3645
2716 4337
646 4968
3089 4540
3815 4318
2324 4540
2912 3504
4144 4884
483 2215
2899 4983
3771 4009
991 2272
4974 4989
3521 3734
2231 4511
2003 4368
2375 4012
2468 2629
226 4884
295 4083
257 3497
1726 4083
1428 3858
3373 4788
2592 4439
2367 3965
3403 4619
1464 4860
2928 4260
3284 4417
994 4480
562 4860
3992 4268
1299 4983
1857 4884
1299 3282
568 4804
416 4657
3131 4540
275 747
2004 3566
2911 3816
1034 4394
2665 4802
65 3438
3370 4728
1281 4968
2070 4071
829 1517
4560 4788
3858 4203
3308 4739
3734 4372
2468 4549
2912 4083
535 4989
910 3858
4417 4657
4505 4952
2281 2743
307 600
2293 4377
903 4256
409 4401
2223 4802
2427 4430
2514 4707
2756 4019
2799 4318
3580 4016
994 4387
1957 3258
2420 4681
3701 4556
618 4822
4208 4728
3316 4974
2146 4017
2291 3870
4409 4553
4537 4860
1926 4905
2644 4665
1518 1694
614 4129
1698 3691
2119 4676
4032 4294
1614 3086
2796 3081
109 277
2629 3619
736 4345
2250 2573
3142 4714
3274 3577
1957 2547
3147 4480
2258 3645
2352 2592
4279 4480
2429 3909
1903 4026
2539 3699
2223 3483
333 4940
1281 4791
1119 4878
4952 4975
956 4962
3403 3770
1971 4793
2371 4723
622 4200
2911 4767
1724 3455
234 1451
2816 4085
561 4800
28 4540
3058 4986
3082 4559
1746 4016
2490 3080
2070 4594
1692 2022
1480 4260
4155 4320
288 4315
1392 3081
2481 2909
3559 4187
3090 4187
2573 4869
1716 3680
2726 4665
4085 4159
1039 4026
3770 4242
2252 4103
2912 2930
2420 4480
1386 2799
4184 4409
981 4363
1546 2912
2656 4350
3506 4480
1110 4983
409 3793
2442 3371
2665 2708
2990 4480
2551 3162
3645 4730
2716 3699
4409 4572
288 3680
3699 4337
788 4710
4341 4549
179 2912
3065 4968
2870 3082
4187 4800
26 1710
4086 4184
1428 4323
3063 4514
1700 4919
1936 3355
1460 4201
2548 3580
3426 4793
4050 4617
2785 4253
2560 3004
650 4968
2816 2971
1326 3909
2683 3253
3922 4559
1658 2518
1857 4945
3529 3582
4156 4505
1543 4919
3704 4093
131 4822
3438 4345
3919 4800
970 3701
904 4187
1895 2999
1358 1917
1267 4710
3691 4350
2656 3438
2793 4904
2420 4788
940 4665
4401 4800
2157 4423
1545 4804
2365 4093
239 3874
1099 4869
3040 4878
2258 4730
2498 4387
176 4409
3874 3992
1063 4919
3996 4422
3282 3370
2971 4122
2365 4903
404 4377
1936 4650
2514 4665
109 387
904 2486
683 3874
4046 4804
92 2793
2547 3812
71 4723
4093 4791
277 2796
894 3162
3284 4473
1768 4482
750 2725
2644 4707
403 4560
3 4919
3032 4975
4905 4983
2644 3882
2397 2764
2658 4822
1545 4113
1517 4009
1936 3142
650 1611
158 4320
359 4559
3578 3611
435 4986
3874 4171
1877 4285
830 2367
1750 3559
1281 4903
758 4473
3419 4878
4559 4650
4860 4962
2467 3058
1936 4559
2847 4482
3290 3463
3455 4345
3699 4983
3284 3867
4016 4256
1192 3858
4256 4617
4111 4208
970 1983
3316 4919
4417 4816
3786 4710
1147 4071
3812 4822
15 4681
3338 4026
1140 4594
1951 4540
2481 4723
3330 4540
288 2215
3575 4617
4086 4287
4200 4323
3110 3901
2814 4564
3258 4285
53 3742
409 4085
4482 4560
4285 4860
2365 4628
4242 4250
750 4975
2048 2084
2592 4904
3506 4107
7 2743
3586 4093
2656 4986
1707 4968
1619 4423
910 2777
2930 3480
3373 4409
4203 4439
4026 4318
4572 4974
2790 3949
403 3949
4816 4986
3521 3680
3463 3965
3284 4398
771 4728
991 4614
759 4869
1951 4968
3586 3871
806 3009
2679 4093
2070 4016
3816 4767
2380 4728
2272 4945
95 4952
2575 4009
26 4071
1483 3793
1110 4337
2722 4085
2365 3264
970 3381
4122 4869
81 4878
2846 4103
956 2899
3273 4409
1575 4398
736 2656
4012 4071
2445 2928
3582 4945
1613 4903
788 1513
2726 4728
4531 4962
2429 4080
3793 3919
1681 4200
3680 4315
82 4940
416 4531
1065 4291
1909 4968
517 4723
2909 3691
2793 4203
2117 3770
1700 4387
1202 2815
4480 4553
1658 2777
288 3521
1892 4394
2565 3529
2701 4462
1326 3858
2846 3063
2156 4294
2490 2665
1051 2288
3691 4730
2514 4360
213 4398
1464 4905
1852 3691
2869 3164
1716 3371
1628 4968
3867 4657
495 4975
1877 4952
2134 4788
3901 4903
4208 4549
1857 2327
1521 4285
1480 4020
4184 4804
2514 4285
1573 4986
2498 4940
3381 3594
4016 4050
2255 4283
4200 4462
387 4739
1992 3874
2278 3782
1317 4903
2417 4514
4804 4908
2722 4869
4260 4511
2233 4989
2255 4919
119 4904
2701 3802
3162 3455
1521 4707
3371 3893
904 3300
1700 4989
176 4107
4046 4337
3594 4203
604 4171
2252 4032
1008 4617
2468 3282
3965 4394
3312 4155
3611 3680
1556 2231
777 4155
65 4345
2333 4989
4540 4968
1983 4556
2796 2815
562 2291
226 4908
2960 4409
728 4107
3992 4171
4650 4822
2380 3619
3040 3419
3355 4986
685 4665
816 4323
1694 2754
1677 3770
2686 4962
4476 4490
535 4879
119 1626
2547 4822
1460 3909
2799 3463
3824 4793
2445 4619
3478 4473
3851 4171
2053 4294
2194 3919
2575 2656
1917 4320
2333 4363
2722 4800
351 2573
3410 4159
4398 4962
3901 3909
1646 2109
1957 2505
483 4377
2371 4345
2255 3316
816 4250
1476 4291
2442 4372
4337 4983
4155 4511
3867 4457
1503 4650
1746 4650
2215 4802
2799 3131
4103 4514
2427 4728
3901 4628
1117 4394
3802 4171
2495 4628
213 4531
3521 3893
1971 4945
1587 2427
2427 4422
4368 4791
3355 3691
552 4945
1281 4093
4020 4260
1493 4793
2373 4676
3316 4387
3370 4019
758 4531
3438 4986
3480 4908
2288 3922
1506 4986
81 3228
3290 4026
3258 4439
695 4884
2293 4287
3031 4026
1418 4986
2481 4986
1721 4739
2004 4017
1430 2592
4027 4617
3996 4728
2231 4260
697 4285
1517 2060
2231 2928
1611 4617
277 3901
3316 4989
2038 4004
1464 2338
1483 4027
1726 3504
4012 4016
4387 4974
4260 4320
2191 4952
2930 3202
1573 3058
1274 4802
1168 4443
4409 4788
28 646
2959 3578
2999 3463
4020 4155
2495 4093
2790 3336
4086 4337
3504 4156
3253 4511
333 4989
2548 4050
1317 4791
2824 3504
1008 4050
3867 4476
1483 4016
2683 4155
975 4793
2686 4046
517 4341
3746 4940
1326 4323
1117 1892
4260 4884
3529 4793
1740 4739
728 4788
1518 4145
2380 4878
3927 4529
3776 4869
1521 4665
4122 4401
1585 4208
4046 4714
4016 4617
3058 3438
1518 1723
1382 4793
4111 4422
1082 4368
2909 4345
2490 4377
2899 4905
1513 3566
82 4879
4283 4556
3410 4122
2231 4020
3264 4017
3870 4860
4250 4287
1715 4940
1611 4594
728 4480
3582 4793
3882 4707
3919 4869
1685 2575
2157 2754
2109 4989
3709 4423
991 4201
3611 3893
4184 4337
1698 4341
4473 4657
2022 2367
412 4879
2824 4083
4050 4317
1746 4617
2233 3316
2990 4681
3793 4869
3004 3678
940 4952
3063 4032
4103 4253
4473 4681
1082 3577
614 4242
2281 3771
771 3594
1470 4145
2060 3678
3164 4315
3290 3338
3664 4884
3965 4026
2252 4962
4046 4184
4279 4311
2084 4208
3336 4681
3478 4398
736 3147
2250 3707
3377 4793
3709 4514
95 4665
981 2215
4111 4549
2725 4707
2397 2481
15 4311
2255 4387
1297 3147
4490 4710
2816 4614
3228 3419
1723 2754
3874 4878
4657 4816
2131 3996
4122 4800
535 4919
3586 4791
3164 4372
1573 4730
4793 4884
806 4026
128 3901
1925 4285
4360 4975
604 3992
770 4122
894 2764
2107 4989
2255 4940
3089 4968
3480 3582
685 4952
1716 3893
3009 3437
280 2971
1065 4540
3709 4032
3870 4086
2250 4085
683 4878
1750 4710
3131 3685
2371 4986
3290 3437
404 3355
1430 4439
2380 4430
257 4908
3709 4253
3086 4676
4665 4952
3381 3677
1300 4710
1358 3072
4505 4975
535 4940
1903 3685
1681 3858
143 1526
2909 4317
1063 4940
4417 4443
2518 3909
3771 4071
2333 4919
1358 4020
1726 4505
1008 4594
1677 4129
3566 4017
1392 4739
4268 4952
2449 3701
2912 4156
3355 4730
2560 2575
3786 4490
65 4816
770 3776
640 4363
2194 3410
2573 3776
3063 4004
430 4145
3776 4800
4619 4968
3927 4203
4822 4945
3919 4085
2551 3849
1877 3882
2567 4317
2327 4793
3273 4480
2060 4564
4337 4905
1895 4026
3478 4443
903 1147
2824 2912
3355 4723
4345 4730
1147 4676
3770 4171
2743 3678
3746 4989
495 4952
3253 4320
904 4908
2665 2754
3438 4723
4553 4822
2840 4952
2373 3680
1951 4291
1418 4723
7 3815
1168 4919
2701 3419
3992 4878
4377 4802
3782 4730
3063 4423
1881 4919
3202 4317
1585 3996
640 4377
3040 4462
4291 4968
1039 3691
640 1723
420 517
1685 4962
3410 4401
1101 3419
24 4653
1418 4730
2870 4714
3316 4283
3922 4650
2656 3162
1628 1707
3578 4372
2131 4208
2481 3965
886 4145
1646 4728
4908 4945
1506 4482
1710 4739
1545 1957
4315 4317
598 4564
3300 4710
2417 4423
1358 4260
1464 3707
2565 3377
4473 4531
3381 4904
4311 4788
1936 3419
4027 4676
750 4707
4086 4860
1746 4341
430 3677
333 4919
1274 3483
3202 4156
618 4529
4387 4940
275 3290
4653 4986
2427 4549
1480 4155
2327 4144
3438 3849
4242 4619
1592 4650
3919 4401
24 809
1101 3992
109 4739
1049 4767
2250 3793
3338 4394
1168 3645
280 4122
2573 4122
1071 4043
2288 2547
1506 4974
1925 2327
2003 4628
4311 4409
3031 4318
3253 4020
2592 3701
1595 4283
3611 4315
3699 4905
1503 3812
3282 4549
171 4129
3580 4027
1242 4490
1575 4476
2156 4253
910 4201
4171 4462
2658 3812
4398 4476
4311 4560
4531 4816
829 4009
809 4086
2380 4019
2468 4208
1382 4908
2338 4337
2909 4816
2764 4341
3949 4409
1710 3308
1925 4975
1029 3770
2191 2514
71 4945
2743 3771
3065 4291
2990 4279
225 4884
2716 4860
3480 3824
4020 4619
1470 2449
4337 4537
3776 4159
3058 3403
32 3330
257 4884
565 3992
2990 4572
4004 4103
1971 4201
1299 4337
2658 3082
4019 4111
3110 3992
1493 3824
4046 4905
1750 3786
4537 4905
3463 4009
3300 3559
4093 4903
2291 4860
3594 3915
2131 4422
3915 4904
2756 4004
4279 4482
3040 4171
894 3455
3915 4556
2518 4323
4409 4560
2716 4311
903 4594
299 4285
2683 2928
2686 4860
1983 3927
929 2816
4291 4462
3455 3691
1063 4283
1546 3504
3410 3707
3300 3566
1658 4201
2191 3146
4026 4945
3919 4905
3065 4619
850 4556
2495 4903
517 4986
2371 4730
3080 4377
4707 4952
2323 4201
179 4083
1506 4553
1117 3678
3146 4614
420 2371
3371 3381
3734 3893
1408 4250
2785 4080
4103 4294
2278 4345
3529 3824
3699 4537
1242 4260
2734 3701
2070 4256
3 4941
7 4579
13 3614
15 3507
24 4139
26 1012
28 2659
32 913
45 3540
53 2950
65 4338
71 1559
81 592
82 2458
92 4872
95 4924
109 4626
119 4497
128 3237
131 4582
143 1594
51 158
171 1219
176 1639
179 4115
213 4413
214 4445
225 4446
226 3011
234 4780
239 4938
257 4982
270 4622
275 4942
277 4458
280 4724
288 865
295 4834
299 4980
307 4867
333 4792
351 4266
359 4542
387 4673
400 1810
403 4173
404 4495
409 4510
412 4953
416 3303
420 576
430 4796
435 4672
483 4777
495 4515
517 4666
535 4787
536 4939
552 4412
562 1554
565 4413
568 4954
598 1504
600 4985
604 3755
614 1337
618 4437
622 826
626 4910
640 4500
646 4161
650 4383
683 867
685 3988
695 4216
697 4692
710 4742
718 3416
728 4212
736 3535
747 3741
750 4876
758 1195
759 1734
768 4861
770 4854
771 4914
777 1684
788 2900
806 4701
809 2879
811 814
816 3056
829 3037
830 4818
840 4246
846 4569
850 4926
877 4894
886 4756
894 2859
903 4883
904 4015
910 2532
929 4840
940 4830
956 4479
970 3459
975 2516
703 981
991 4547
994 4365
1008 4818
1029 4063
1034 3791
1039 4818
1049 4775
1051 4451
1063 3624
1065 2009
1071 1840
1082 4152
1099 1402
1101 4982
1110 2259
1117 3069
227 1119
1129 4346
1137 4090
1140 3684
1146 2627
1147 3030
1157 4588
1168 4504
1192 4852
1202 4274
1229 3331
1242 4639
1267 4984
1274 3281
1281 2270
1297 4963
1299 3760
1300 4356
1310 3537
1313 3779
1316 4847
1317 3299
1272 1326
1358 4606
1278 1382
1386 1605
1391 4833
1392 4339
1397 4998
1175 1408
1418 4221
1428 3722
1430 4087
1451 4618
1460 4786
1464 3885
1438 1470
1476 3324
1480 4277
1483 3501
1493 4035
1503 3351
1506 3659
1513 3408
1517 4604
1518 4719
1521 4210
1526 4752
1543 4434
1545 3644
1546 3544
1556 4587
1573 4563
1575 2165
1585 4643
1587 3962
1589 4150
1590 4720
1592 1838
1595 4691
1603 3912
1611 4901
1613 4573
1614 3650
1619 4830
1626 3674
1628 2837
1646 4941
1658 1729
1319 1677
1681 1945
1685 4874
1692 4410
1694 3254
1698 3890
1700 4370
1707 4711
1710 3828
1715 3864
1716 4946
1721 3977
243 1723
1724 3852
1726 4944
1740 4980
1746 4328
1750 2309
1468 1768
1852 3990
1857 2210
1877 2086
1881 4716
79 1892
1895 4230
1474 1903
1909 4837
1917 4493
1925 3713
1926 4343
1936 3375
1951 4790
1957 4295
1970 3964
1971 4925
1983 3823
1864 1992
2003 4899
2004 3993
2022 4818
2026 3342
2038 4585
2048 4993
2053 3656
2060 2155
2070 3018
2084 3735
2107 3415
2109 2489
2117 3420
2119 3421
2131 4598
2134 4151
2138 2936
1826 2146
2156 3695
2157 4738
1836 2191
2194 4452
2204 4469
2215 4658
2223 4416
2231 2718
2233 3391
2250 4364
2252 4834
2255 4411
2258 4950
2272 3207
2234 2278
2280 3755
2281 3280
2288 4977
2291 4818
1949 2293
2321 4775
2323 4977
2324 4064
2327 2792
2333 3826
2338 4910
2352 4411
2365 3407
2367 4967
2371 3344
2373 3341
2375 4641
2380 2608
2397 4959
2417 3558
2420 4900
2427 4993
2429 4939
2442 4967
2445 4639
2449 4356
2467 4985
2468 4436
2481 4258
2046 2486
2490 3648
2498 4348
2505 4747
2514 4892
2518 4332
2539 4870
2547 4604
2306 2548
2551 4543
1823 2560
2565 4736
2567 4349
2573 4376
1179 2575
2592 4829
2607 4978
2629 3268
2636 4688
2643 4404
2639 2644
2656 4584
988 2658
2665 4458
2679 4985
2683 3581
2684 2686
2701 4811
2708 4470
2716 4189
2722 4284
2725 3293
2726 2967
1312 2734
2743 4817
2754 3612
2756 4207
2764 4817
2777 3351
2785 3060
2790 4857
2793 4411
2796 4735
2799 4577
2814 3997
2815 4829
2816 4510
2824 3360
1896 2840
2846 3987
2847 2883
1893 2856
178 2869
2043 2870
2899 3093
2909 3855
2911 4972
1766 2912
1640 2928
2930 3911
2959 4063
2960 4729
1043 2971
2982 4447
2762 2990
2999 4415
465 3004
3009 3344
3031 4935
3032 4692
3040 4891
3058 3064
3063 4680
3065 4304
2758 3072
3080 4530
3081 4636
2865 3082
3086 3982
3089 4795
3090 4675
3110 4939
3131 4584
3142 4206
3146 3421
3147 4432
3107 3162
3164 4277
3202 4002
3228 3637
2002 3253
1138 3258
3264 4039
3273 3380
3274 4778
3282 3912
440 3284
3290 3291
1094 3300
3308 4994
3312 4891
3316 4222
3330 4779
3336 4065
3338 4705
3355 4742
3370 4741
3371 4885
3373 4465
3377 4060
3381 4835
2570 3403
3410 4796
3411 3814
995 3419
3426 4271
3437 4280
3438 3675
3455 4656
3463 4069
3478 4108
3480 4819
3442 3483
3497 4759
635 3504
1605 3506
3517 4674
2872 3521
2594 3529
194 3559
3566 3665
2724 3575
3577 3888
5 3578
1163 3580
3582 4726
3586 4060
3550 3594
3610 4538
3611 3751
1819 3619
392 3645
2640 3664
3655 3677
3678 4392
3680 4737
3685 4519
3691 3896
961 3699
1893 3701
2143 3704
2945 3707
3709 4236
134 3734
3741 3742
3746 4257
3770 3785
577 3771
3776 4313
3782 3974
592 3786
2282 3793
3802 4686
3812 4131
1276 3815
3816 4324
3824 4319
3841 3849
3154 3851
3858 4964
3867 3869
3706 3870
3791 3871
3874 4741
3882 4415
3893 4960
3901 4726
2609 3909
3769 3915
3919 4220
3328 3922
3927 4756
2396 3949
3965 4716
3992 4602
2484 3996
2113 4004
3784 4009
1792 4012
1829 4016
137 4017
4019 4748
1056 4020
4026 4035
208 4027
3391 4032
2542 4043
4046 4446
3993 4050
2997 4071
3722 4080
3810 4083
4085 4498
1173 4086
4093 4932
4103 4682
2807 4107
4111 4569
4113 4756
4122 4497
1894 4129
2651 4144
504 4145
4155 4896
3587 4156
151 4159
4171 4273
2230 4184
4136 4187
1002 4200
4201 4815
4203 4465
3498 4208
4242 4742
4250 4565
4253 4258
4256 4262
4260 4939
4268 4950
209 4279
4283 4977
4285 4971
4173 4287
1528 4291
4294 4642
1860 4311
4315 4854
4317 4867
3738 4318
4320 4671
4323 4332
4292 4337
4341 4342
4336 4345
2791 4350
209 4360
4363 4924
4368 4523
546 4372
4377 4613
4387 4638
3486 4394
2460 4398
4359 4401
911 4409
4417 4431
4422 4456
3593 4423
802 4430
4295 4439
2411 4443
4457 4460
4462 4756
3837 4473
4476 4761
2705 4480
3986 4482
4231 4490
827 4505
4511 4994
3643 4514
787 4529
4038 4531
4537 4760
3555 4540
4549 4569
4553 4570
1804 4556
4052 4559
3911 4560
4564 4978
4112 4572
2197 4594
4614 4948
4617 4999
1337 4619
4628 4861
534 4650
3387 4653
3318 4657
4562 4665
4676 4754
3855 4681
3784 4707
1431 4710
294 4714
4448 4723
4569 4728
4730 4851
4592 4739
1998 4767
1461 4788
4776 4791
2058 4793
4800 4805
4718 4802
3350 4804
2749 4816
3224 4822
2835 4860
4510 4869
1943 4878
3535 4879
1494 4884
4861 4903
3440 4904
1997 4905
22 4908
4638 4919
3323 4940
4926 4945
4481 4952
3422 4962
2995 4968
4369 4974
1984 4975
3232 4983
2731 4986
478 4989
3 4444
7 4999
13 3868
15 4792
24 4051
32 4760
65 4493
82 4967
92 4295
95 4999
109 4942
119 120
143 4618
158 4575
171 4496
179 4845
213 4834
214 1485
226 3832
234 3513
239 4978
275 3913
280 3531
236 295
299 4668
307 4763
112 333
387 4899
400 3564
403 4993
404 2697
409 2563
416 3809
420 4380
430 2638
435 4523
495 3646
517 3194
535 1602
552 1862
562 4403
568 2050
598 1989
600 4850
604 4832
614 4911
618 4370
622 2348
626 3635
640 4383
646 4956
683 4446
685 4271
695 4859
710 4909
736 4656
750 4385
759 2641
768 4207
770 3963
771 4700
788 4452
806 4807
809 3441
811 4491
816 3853
829 4790
830 3262
840 4858
846 3854
850 4864
877 2882
73 886
894 3745
903 4039
904 4266
910 4314
929 4921
940 3538
956 4400
975 4599
991 4094
994 3953
1008 4851
1029 4725
1034 4244
1039 3781
1049 4925
1051 3941
1065 4699
1071 4783
1082 3561
1099 4278
1101 4921
744 1110
1117 1599
1119 4644
1129 4850
1137 4661
1140 4712
1146 3747
1147 3132
1168 4532
1192 4332
1202 4525
1229 4887
803 1242
1267 2568
1281 4737
1300 2050
1313 3981
1316 4969
1317 4128
1326 3798
1382 4873
1386 4926
1391 4815
1397 4121
1408 4690
1428 4501
1430 4872
1451 3719
1460 2828
1470 4809
1476 3213
1480 4671
1483 4836
1493 3510
1503 2477
1513 4269
1517 3766
1518 4644
1521 4648
1526 4756
1543 3732
1546 3616
1573 3103
1481 1585
1587 3361
1589 3836
1590 4818
1592 4691
884 1595
1603 2216
1613 4988
567 1614
1619 2671
1626 4849
1628 3414
1646 4708
1658 4907
1677 4819
1681 3408
1685 2133
405 1692
1698 3924
1700 3152
1707 3124
1715 4768
1716 4503
1596 1721
1723 3959
1724 2245
1726 2153
1740 4449
1750 3105
1852 3387
1857 4501
1877 4969
1881 3533
1903 4486
1909 4741
1917 4640
1925 4880
1951 4944
1970 4596
1971 3773
1983 4856
1992 4934
2003 4217
2022 4005
2026 4292
1283 2038
2048 3172
2053 4178
2060 3414
2070 4290
2084 4639
861 2107
2117 4535
2119 4365
2134 3675
2138 3618
2146 4501
1616 2156
2191 3967
2194 4078
2204 4324
2215 4858
2223 4995
2231 3098
2233 4033
2250 3940
2252 4858
2255 3800
2258 3114
2272 4163
2278 4243
2280 4902
2281 3185
2288 4525
2291 4332
2293 4373
2321 4261
2323 4799
2324 4765
2327 2931
2333 3813
2338 4933
2365 4469
2367 4906
2371 4696
2373 4421
2375 4754
2380 4569
2397 4720
2417 3324
2420 4921
2427 4807
2429 3924
2442 2470
2445 3092
2449 2802
2467 4637
2468 4378
1260 2486
2490 4839
2505 4776
2518 4672
2539 4716
2547 4845
833 2548
2551 2774
2560 3400
2565 4133
2607 3670
2629 3241
1335 2636
2643 4381
2644 2781
2656 3315
1600 2658
1808 2665
2679 4378
875 2683
2686 3759
2083 2701
2708 4589
2716 2720
2722 4247
2725 4023
2726 4824
2734 4589
2563 2743
2663 2754
2553 2756
2764 4660
2777 3363
1047 2785
2793 4642
2796 4914
2799 4434
2814 4971
2815 4899
2816 4880
2052 2824
2840 4378
2846 3053
2847 2849
2856 4231
2869 2875
2870 4066
2899 4998
2909 4889
2911 3020
2912 4513
2928 4441
2930 3453
2959 3407
2960 3133
2971 4506
2982 4970
2990 4647
2999 4349
3009 4818
1568 3031
3032 4530
3040 4578
41 3058
2676 3063
3065 4570
3072 3485
3080 4238
3081 3715
3082 4855
324 3086
3089 4733
1601 3090
3110 4703
1916 3131
3142 4914
514 3146
3147 4112
3164 3592
2463 3202
3228 4946
3253 3783
419 3258
3264 4936
3273 4818
3034 3274
3277 3282
2415 3284
3213 3290
3300 4680
3308 4448
3312 4671
3316 4928
3330 4927
3336 4116
3338 4512
2892 3355
3370 3601
3371 3875
3366 3373
3044 3377
3381 4574
3403 4758
3410 4435
3411 4000
3419 3730
3426 4349
3437 3978
3438 4254
3455 4633
3463 4542
3478 4498
3480 3549
3483 4243
3497 3662
3504 3561
3506 3703
3517 3997
3521 4487
3529 3536
3559 4949
3566 3813
3575 4271
3577 4677
3578 4470
3580 4736
1551 3582
3586 4862
3594 4756
3610 4090
3611 4584
3619 4918
3645 4100
3664 3951
3677 4756
3678 4978
2382 3680
3685 4499
3691 4963
3699 4698
3701 3950
3704 4461
3223 3707
3709 4519
3734 4538
3742 4226
3746 4781
3733 3770
3771 3784
3776 4063
3782 4861
3786 3835
3793 4729
3802 4890
3812 4688
663 3815
3088 3816
3824 4691
3849 4179
3021 3851
3858 4332
1217 3867
3870 4499
1237 3871
3874 4895
3882 3981
3893 4874
3616 3901
3909 4990
3841 3915
2465 3919
3650 3922
3927 4724
3694 3949
3501 3965
3992 4425
2343 3996
3982 4004
3997 4009
4012 4510
4016 4836
3328 4017
4019 4024
3660 4020
4026 4876
4027 4881
4007 4032
4043 4773
4046 4275
4050 4051
4071 4448
3805 4080
3769 4083
1161 4085
4086 4395
4093 4861
4103 4459
4060 4107
4111 4326
287 4113
3606 4122
686 4129
2378 4144
1972 4145
4155 4598
2924 4156
3466 4159
4171 4911
2766 4184
3848 4187
4007 4200
4201 4885
4203 4722
4208 4589
3557 4242
2318 4250
2328 4253
4256 4937
4161 4260
4268 4509
3725 4279
3471 4283
3589 4285
2786 4287
4291 4699
2313 4294
4311 4321
4315 4470
4317 4923
1121 4318
3888 4320
2274 4323
3779 4337
4341 4761
4345 4847
3225 4350
76 4360
4363 4463
4368 4861
1445 4372
3895 4377
4387 4390
3219 4394
542 4398
1579 4401
2099 4409
2386 4417
4422 4603
3684 4423
4430 4890
1632 4439
1558 4443
4457 4925
2346 4462
4473 4626
4476 4719
4292 4480
273 4482
4407 4490
4505 4830
4511 4558
4514 4941
3902 4529
4531 4736
4537 4996
4540 4922
4150 4549
4553 4809
4556 4660
3861 4559
696 4560
4564 4574
4230 4572
4594 4836
4614 4913
1175 4617
2046 4619
949 4628
4245 4650
817 4653
4468 4657
4296 4665
4178 4676
2857 4681
4707 4719
4710 4977
2262 4714
3719 4723
3464 4728
332 4730
4739 4899
2994 4767
3461 4788
4791 4996
2012 4793
4510 4800
4715 4802
3706 4804
4616 4816
4468 4822
4538 4860
591 4869
3501 4878
3622 4879
4652 4884
3293 4903
4904 4953
4905 4980
3396 4908
4919 4937
3462 4940
4274 4945
4634 4952
3984 4962
2315 4968
4974 4994
4367 4975
4248 4983
4245 4986
4084 4989
3 4854
7 3265
15 4109
32 4306
92 3057
119 1359
158 906
171 4811
387 4815
403 4548
430 4204
562 4743
568 4891
622 3570
626 4512
685 4893
695 4881
750 4432
771 3751
830 4824
840 4483
850 4855
877 2611
886 4845
894 4172
903 3724
929 4818
940 4446
991 4997
1008 2021
1034 4895
1039 4551
1071 4839
1099 4922
1101 4895
1110 3990
1129 3757
1140 2769
1147 4481
1192 4582
1229 2902
1242 4344
1391 2351
1397 4843
1428 4179
1480 2646
1493 4383
1503 4694
1513 2118
1518 4522
1521 4404
1526 4699
1543 4541
1587 4950
1603 3775
1613 1789
1614 4098
1628 2980
1646 1753
1658 4941
1677 4700
1685 2682
1692 3997
1698 2517
1700 4384
1707 3442
1715 4925
1721 2925
1724 4886
1740 4406
1877 4967
1903 3243
1917 4776
1951 4166
1983 4834
857 2003
2022 4574
2026 4374
2048 4899
2060 2416
260 2070
2107 4170
2117 4770
2119 3788
2134 3098
2138 3470
2146 4993
2191 4914
2204 4917
2215 4655
2231 3465
2233 3099
2255 4597
2278 4909
2280 3847
2288 4847
2321 3892
2338 4996
2367 4375
2373 2797
2375 3402
2380 4302
2397 3567
2420 4233
2427 4942
2442 4266
2445 4052
2449 4666
2467 4928
805 2468
2486 4150
2396 2490
2505 4756
2518 4098
2548 4832
2560 4373
2565 4070
1975 2607
2636 4262
2644 2699
2665 4371
2679 3658
2686 4520
2701 4712
2716 4627
2722 4133
2725 4763
2743 4978
2754 4408
2764 3708
2777 2781
2796 3967
2055 2799
2814 4865
2815 4814
2816 4290
2800 2824
2846 3581
2856 4851
2869 4944
2870 4747
2899 3657
2928 4623
2959 3025
2971 4645
2982 4946
1995 2990
2346 2999
3009 4951
3031 4500
3032 4998
3040 4875
3063 4770
3065 4058
3082 4213
3086 4997
3089 4883
3090 4933
3110 4167
3131 3952
2917 3142
3146 4220
3147 4321
3202 4831
3228 3993
3253 4671
1011 3258
3264 4510
3282 4756
2884 3290
3300 4719
3308 4899
2034 3312
3330 4685
235 3336
3338 3621
2821 3355
3371 4947
1693 3377
3381 4849
3403 4150
2507 3410
3411 4561
3419 3625
3426 4084
3437 4909
3438 4613
3455 4994
3463 4402
3478 4588
3480 4576
271 3483
3506 4782
3517 4701
2715 3521
3529 3660
3459 3559
2684 3566
582 3575
3578 4823
3580 4132
3582 3920
3586 4917
3594 4189
3610 4790
3611 3880
3645 4625
3664 4996
3677 4344
2884 3680
3685 4964
3691 4339
3699 4251
3701 4302
3704 3875
3707 3856
3709 4106
1445 3734
3742 4597
3746 4982
3771 4978
3776 4003
3782 3788
3786 4003
3793 4744
3802 3827
3812 4319
3563 3815
3824 4447
3849 4421
3851 4436
3858 4455
3867 4749
2205 3870
3482 3871
3874 4541
3882 4254
5 3893
3901 4837
3909 4532
1728 3915
3919 3924
3922 4191
2807 3927
2974 3949
3737 3965
3992 4585
3990 3996
3178 4004
2522 4009
3434 4012
2132 4016
1150 4017
4019 4153
3337 4020
3293 4026
3694 4027
4032 4158
4043 4813
3854 4046
1217 4071
2623 4080
4083 4698
4085 4504
4086 4941
3154 4093
4103 4977
2964 4107
4113 4643
3705 4122
1166 4129
1973 4144
4145 4999
3712 4155
786 4156
4159 4936
4171 4994
4184 4638
3219 4187
4200 4809
2666 4201
3898 4203
3859 4208
4242 4331
4150 4250
4253 4695
628 4256
4268 4811
2881 4279
4282 4283
3310 4285
4287 4894
2178 4291
4269 4294
4311 4977
1906 4315
3305 4317
855 4318
716 4320
4323 4813
3764 4337
4295 4341
4345 4460
4350 4361
4360 4978
4363 4691
4368 4985
3482 4372
4377 4936
4387 4399
3262 4394
2720 4398
1309 4401
2702 4409
4417 4915
4215 4422
3940 4423
4430 4742
4439 4711
4443 4454
3375 4457
4462 4502
4473 4738
1987 4476
1752 4480
4210 4482
3395 4490
4505 4601
4170 4511
4508 4514
1322 4529
3713 4531
4537 4777
4540 4674
4549 4812
3079 4553
4556 4734
2775 4559
3168 4560
4564 4630
4572 4582
4381 4594
4614 4618
4617 4944
4619 4785
4628 4833
4131 4650
4653 4717
3526 4657
2989 4665
1175 4676
4210 4681
4433 4707
4710 4725
4714 4979
1953 4723
4722 4728
3817 4730
3462 4739
4150 4767
3179 4788
3565 4791
4546 4793
890 4800
4802 4864
4760 4804
4814 4816
4447 4822
4362 4860
4869 4887
3078 4878
4638 4879
4682 4884
4894 4903
4150 4904
4197 4905
4908 4925
4912 4919
3622 4940
835 4945
4952 4953
4962 4970
3124 4968
4916 4974
4844 4975
4983 4992
4922 4986
4932 4989
158 4971
771 4593
1129 3914
1526 4306
1543 4942
1685 4842
1707 3414
1715 4946
1721 4899
1740 4065
2026 4899
2060 4427
2117 4811
2191 4936
2204 4848
2255 4861
2280 4609
2288 4896
2367 4601
2375 4863
2397 4245
2420 4521
2442 4998
2445 4561
2449 4497
2490 2789
2518 4882
1872 2548
2565 3183
2607 4265
2636 4466
2722 4841
2743 4971
2754 4704
2764 4646
2499 2777
2796 2973
2799 4453
2824 3810
2869 4470
2928 4684
2999 4364
3009 4499
3032 4058
3065 4915
3086 4484
3089 3383
3142 4861
2810 3146
3202 4741
3253 4198
3290 4160
3093 3300
2886 3330
3336 4685
1863 3338
3355 4806
3371 3748
3411 4995
3437 3444
3455 4987
3463 4749
3483 3880
3506 4964
3517 4305
2902 3578
3582 3591
2130 3610
3645 3754
3664 4671
3685 4852
3399 3691
3704 4414
3709 4969
3734 4470
3742 4470
3746 4590
3317 3771
3302 3776
3786 4089
3793 4557
3799 3815
3851 4830
1465 3858
3495 3867
3753 3870
3871 4907
3874 4731
3893 4160
3909 4466
3915 4851
3919 4808
3927 4912
3706 3992
4016 4062
4017 4748
3276 4019
4020 4808
3905 4026
4027 4048
3606 4032
3124 4043
4046 4055
4071 4493
3640 4080
4085 4831
4086 4096
4103 4618
4107 4520
4129 4222
4145 4606
4148 4155
3155 4156
4184 4371
3907 4200
4242 4426
4147 4250
4253 4910
4256 4700
4268 4992
4279 4400
3750 4285
1531 4287
4294 4858
4315 4778
4318 4608
3057 4323
3641 4341
4031 4345
3808 4350
4360 4907
4363 4801
3266 4368
1906 4372
4152 4377
4387 4901
3769 4394
3197 4398
4152 4401
4409 4413
4417 4859
3993 4422
4430 4876
4439 4859
2401 4443
4457 4980
1484 4462
4038 4473
4480 4483
4464 4482
4490 4858
4505 4551
3198 4511
4514 4663
4529 4863
4381 4531
3706 4537
3791 4540
3166 4553
3025 4556
4131 4559
1930 4560
4564 4772
2579 4572
4594 4999
3383 4614
3936 4617
1868 4619
860 4628
4650 4807
4148 4653
4676 4683
3404 4681
3156 4707
4714 4889
4723 4725
4688 4728
4100 4730
4542 4739
4759 4767
4791 4827
3532 4793
4220 4800
3442 4802
4804 4979
4816 4984
4822 4956
4197 4860
4220 4869
4873 4878
4879 4932
4884 4928
4786 4903
2907 4904
4188 4905
3655 4908
4544 4919
4638 4940
4939 4945
2989 4952
1868 4962
4923 4968
4974 4990
4975 4981
4954 4983
2634 4986
3462 4989
2191 4948
2375 4993
2442 4634
2449 4691
2607 4769
3009 4769
3086 4319
3202 4766
3253 4946
3455 4856
509 3645
3691 3808
3704 4276
3734 4199
3742 4823
3815 4704
3267 3851
3871 4880
3909 4799
3915 3997
3992 4622
4016 4691
3744 4020
4027 4752
4032 4960
3897 4145
3581 4155
3180 4242
2249 4250
4256 4836
4097 4268
4245 4341
3402 4360
3565 4368
4398 4888
4417 4930
4422 4571
4439 4606
4428 4457
1225 4462
3966 4473
4480 4640
4490 4620
4511 4631
4556 4578
2677 4559
4044 4572
4349 4594
4614 4978
4617 4785
4306 4619
4653 4965
3876 4676
4100 4707
4714 4743
2378 4728
4730 4734
4739 4813
3888 4791
3360 4793
4326 4802
4124 4804
2407 4816
4822 4832
4860 4870
4484 4869
2907 4878
4884 4914
3100 4903
4904 4934
4092 4908
4916 4919
4929 4940
3360 4945
3784 4952
4718 4962
4699 4968
4972 4974
3784 4975
4965 4983
3104 4986
4914 4989
2144 3742
4480 4787
4490 4936
4619 4933
4714 4831
4730 4854
4791 4892
4535 4802
4761 4884
4904 4907
4908 4913
4894 4919
4786 4945
4815 4952
4966 4983
4989 4992
3967 4908
