1552 4614
1529 4766
1456 3620
351 3027
2251 4534
2756 3807
2953 3064
2052 2942
3036 4326
125 4411
2566 4457
270 2384
4326 4584
4021 4470
2192 4279
393 4567
1261 4411
1800 2942
2112 3948
2911 4525
3279 4299
4742 4867
2751 4985
774 4465
3182 3741
4867 4943
1049 2384
1616 4581
1979 4878
3933 4299
852 4765
902 3252
2321 3822
3080 3247
2222 4892
2953 3919
3156 4020
1360 4834
3074 4930
1574 4347
2220 3357
1519 4719
3522 4317
3919 4576
2013 4117
4178 4742
2444 2743
3003 4411
3036 3440
437 4854
609 4826
270 3651
2911 3732
2112 4738
192 4028
3529 4525
3213 4045
3036 4203
1979 3609
739 4725
3440 4725
1879 3009
1049 4892
1838 4203
3933 4317
1589 1687
3495 4920
3669 4104
2914 3658
3948 4145
2443 4623
3840 4061
1870 4892
1952 4537
1239 2603
4623 4803
2533 3911
1879 2708
3141 3252
2914 4610
782 3796
4384 4610
48 4102
269 4344
930 4457
1997 3066
1665 4079
4293 4531
975 3965
2245 4725
1946 3591
2270 3833
1283 3524
2843 4675
2799 4058
3066 3924
2610 3810
3213 3950
3616 4429
3155 3822
3354 3522
4766 4860
2570 2914
3003 4192
182 4153
1050 4213
1979 4058
4534 4623
1242 4860
2294 3504
2033 4831
2052 3415
1330 2034
1274 4742
1704 2288
2132 3182
3756 4213
3477 4537
605 4722
2544 3850
1946 4961
4178 4610
2032 4576
1281 4169
1839 2898
3172 3413
2384 4525
2533 4831
4062 4282
3911 3919
2708 4757
2200 2470
1522 4005
2946 4821
2569 4169
1694 4299
2535 3172
4079 4359
1040 4623
1542 2889
2034 3245
2399 4742
2846 4448
3454 4117
2236 3894
1105 3732
1228 4344
3814 4803
2271 4278
2274 4854
3279 3933
1169 4334
1169 4996
677 3237
2270 4608
3743 4359
2920 4470
3066 4278
1134 2215
3363 4961
3051 4534
2761 4311
3933 4021
4192 4587
2396 4961
2603 4788
3463 4554
3709 4920
3009 4203
3238 3759
4221 4389
3841 4788
677 4326
2911 2917
152 4217
4384 4742
2443 4826
3074 4675
1934 4511
745 4929
3919 4985
2789 3628
2930 4411
3156 4062
1624 4344
704 3337
4479 4757
2736 4013
4153 4854
4448 4834
4675 4930
4401 4892
1646 2942
244 4821
852 3829
2497 4429
4020 4824
3344 3965
1134 4920
418 2071
2034 4359
1320 4808
3155 4217
4017 4470
2448 4020
1838 4675
2670 3252
3027 4279
3247 4996
1055 4192
3357 4782
3895 4429
3276 4610
1616 4779
3156 4312
2033 3744
1574 3840
4738 4864
705 2995
4389 4751
2122 4692
3776 4831
514 4930
4132 4924
4531 4860
3302 4448
700 4117
351 4429
2778 2843
1665 2073
3825 4061
1283 4808
393 3620
2132 4751
4384 4867
4479 4929
2947 4610
3245 4567
3116 3776
1574 3132
1332 4221
418 4738
2034 2962
2570 4221
1838 4834
2843 4930
4457 4537
2577 3919
4293 4766
1081 4831
567 4587
2947 3658
1229 2192
1552 3663
479 1059
1264 4878
3119 3726
2071 4996
853 3951
1330 3331
3203 3609
3663 4045
3808 4757
269 4389
1067 3331
328 4169
1144 4344
2889 4017
2577 3834
4293 4854
2447 4305
2946 3325
378 2683
4178 4867
2220 4192
1530 4992
3714 4584
814 4824
80 2423
1595 4429
2920 3572
3504 4985
2962 4072
1588 4719
3732 4401
2633 3193
588 4333
2659 4192
305 3776
2614 3119
2924 3193
3486 4765
4329 4534
355 4831
1530 4040
3467 3477
4803 4826
1863 3829
2222 4490
853 4192
983 4534
1283 3454
3036 3157
2627 4178
3825 4652
95 2388
2777 4930
2052 2462
2799 4719
2052 3360
3066 3869
3085 4104
3415 4347
2192 3027
4401 4525
120 4821
3808 3869
4864 4867
3337 3822
3796 4985
4525 4537
2649 4742
3450 3486
2402 3148
270 4821
3370 3709
2646 4675
1705 4751
3477 4854
347 2447
3495 4961
3156 4929
1751 4692
104 3454
3810 3840
3609 4878
1791 4738
3850 4892
2730 3522
2294 4985
3169 3203
2215 3730
4803 4808
2251 3895
1598 2399
2636 3009
2161 2633
790 4278
1735 4525
739 2708
1137 4821
86 4169
514 4675
4503 4929
2898 4479
2399 4867
1236 3148
4443 4961
2013 4765
1763 4854
3058 4985
1140 3829
4102 4326
4757 4943
318 4554
244 2793
3415 3840
2889 3354
4384 4576
4864 4992
4278 4333
491 2399
992 3822
3504 3784
182 3759
3536 4610
2447 2497
517 4782
2566 4766
3182 3252
2005 3948
2535 4534
2052 2443
4178 4576
3840 4404
4203 4584
4062 4503
3027 3726
2396 4610
4305 4534
1997 3869
2033 3116
4159 4567
3132 4013
152 4384
317 4581
3663 4145
2361 2416
3495 4725
2618 3677
3450 4765
1415 4920
1330 4359
1665 4722
4692 4808
3413 4429
2042 4153
2793 4359
1081 4511
2236 2378
3157 4834
1144 4751
1081 3911
2878 4779
422 4788
3331 3743
3210 3363
1281 3669
1895 4864
1239 3825
278 3948
3714 4040
2636 4326
2015 4652
3516 3663
3697 4525
1618 3651
3119 4279
112 4548
15 917
2318 2898
2217 4178
3536 3609
2953 4985
3591 4757
1140 3861
2753 4305
2042 4457
3344 4534
479 3661
1747 3169
378 3759
3331 4079
2614 3833
1589 4719
4020 4282
3027 3911
1010 3822
2751 3504
3413 3895
4013 4581
86 3620
1858 4608
3822 4623
2189 3869
739 2736
451 2754
2092 4961
3123 4924
3360 4985
2421 4040
2610 3825
3415 3810
3663 4554
4192 4742
3337 4401
2403 4154
3132 3559
749 3822
3572 4021
2421 4738
2046 3677
3182 3756
2797 4722
3450 3524
1229 4169
393 1752
2730 4576
4058 4719
730 1752
192 4608
2633 4878
3070 4334
451 4928
3814 4831
2042 4293
3591 4924
1067 2924
264 270
1050 4344
48 3237
1824 4154
2920 4311
1418 4554
1704 4608
1360 4448
2470 4311
3059 4985
3344 4659
2736 2930
4305 4329
4040 4608
730 1699
152 4826
3276 4178
418 3628
1004 3325
1624 4213
3911 4279
1098 3177
1579 4766
3370 3948
2345 4860
2754 4928
1704 3027
2754 3919
1705 4389
659 4404
985 2889
1618 3732
3792 4005
2846 4725
3529 3732
2403 3210
3572 4299
1171 3522
2112 4554
3779 4824
1228 4751
3210 4126
2274 4860
3620 4104
1791 4005
1067 4821
1529 4457
4511 4831
288 4788
1894 4511
2161 2334
3247 4864
2083 4467
2924 4766
3210 3709
955 4448
3009 4725
3027 4831
1863 4826
393 4943
891 4824
1117 4457
2013 4692
4443 4920
4102 4448
2005 4554
1848 3714
2264 3351
1773 4766
3429 4766
3616 3841
4061 4404
2920 4021
2083 4587
1117 4854
15 3933
2196 4028
1699 4465
1934 4279
2447 4534
1541 4479
3337 4623
2618 3351
2403 4961
4020 4929
1848 4996
2811 3504
4479 4534
2947 4742
347 4329
2402 4878
3965 4751
630 4725
3360 4567
3163 4192
3066 3950
2017 4525
373 930
1004 3193
2017 3697
3744 4429
4326 4725
3363 4083
4531 4854
1236 3314
3061 3148
2448 4824
4576 4610
1687 3314
1284 4928
704 4623
4117 4765
4033 4040
2071 4864
3628 3792
2670 2900
4722 4821
3080 4996
4742 4782
589 3628
589 4738
1140 4217
992 4623
1785 4766
3415 4779
1456 4104
423 3559
1589 3070
588 2271
1673 3051
3495 4126
4159 4738
3516 4045
3776 3779
3325 4719
2388 4525
4028 4831
1456 2832
3463 3948
625 4317
3157 4929
4928 4985
1616 4061
3730 4145
4531 4537
1519 4878
4013 4404
1785 4457
86 3669
1952 4854
278 4045
2005 2112
2078 4878
3169 4525
3991 4860
567 2659
2736 4192
4457 4766
3911 4831
4005 4992
3628 4567
2240 4040
2245 4834
1171 4299
2878 4013
3684 4788
3924 4333
1173 3609
2384 4490
3169 3628
3951 4803
2132 3252
4062 4930
3036 4584
3814 4217
2470 3522
1270 4742
1870 2627
1952 4766
1538 3950
3163 4803
3776 4608
2288 4831
2878 4404
3177 4117
1251 4929
4457 4854
3132 4788
2132 2729
3684 4652
4334 4719
2015 4788
3516 3948
3726 4279
2751 3908
4282 4503
3463 4045
1239 3541
2497 4329
95 3732
1010 3861
2303 4757
4537 4854
659 4779
3337 4826
1140 4826
3429 4457
1888 3616
2627 3169
3314 4878
2753 4614
2033 3833
104 4028
349 3536
4083 4126
394 4808
2251 4305
2378 4126
1541 2448
4765 4808
2421 4567
2995 3908
4061 4779
3276 4389
1443 3354
2042 4531
2610 4404
2367 4490
3360 3669
2789 3792
2753 3351
2215 3948
2288 4040
1894 4831
3337 4803
3351 3677
2264 2756
3776 3911
4178 4782
80 4992
2650 4996
2777 4929
1324 3351
3814 4623
3360 4928
1261 4548
2930 4548
1010 2321
4457 4465
192 3908
1330 4821
2614 4511
2917 3901
2924 3661
2995 3591
1704 4831
1559 4803
2271 2683
3616 4581
3058 4028
2736 4467
776 4293
2777 4503
2756 3677
2754 3504
451 4985
3156 4930
3810 3841
1736 3123
2060 4996
305 4279
4576 4867
2877 4154
3684 3840
853 4411
2083 4192
2930 3492
728 3363
3840 4779
1879 4448
264 4892
2367 3732
2494 3486
1128 3163
3085 3349
3833 4169
2603 3559
782 3743
3549 3869
2761 4470
566 4548
2914 4867
2462 3058
1552 2322
1538 4145
2789 3492
1173 4719
782 3908
1529 4537
3908 4930
2220 4867
2683 4278
3363 4920
3378 3628
3123 3709
3834 4928
4072 4821
207 4072
4013 4287
1616 3825
705 4985
3792 4996
2650 4864
2032 4867
2439 2797
2071 3080
1673 3895
3869 4278
418 4992
3516 3522
347 4305
2345 4766
3741 3756
1080 4757
976 3314
690 4961
2294 3360
913 4389
4013 4652
2399 4178
2444 3085
2535 3148
3950 4045
992 3814
4411 4548
2470 4470
4892 4928
2200 4470
3331 3697
2060 2729
3306 4803
2046 4614
2953 3360
3616 4788
2953 3908
4159 4864
4126 4961
3591 4961
360 4608
2995 4928
3036 4102
2396 4920
4033 4159
1541 2569
4213 4659
1264 3141
1542 2920
278 3663
2708 4448
2789 4992
3819 4334
3276 3357
3756 3965
4217 4623
3825 4347
3516 4145
2914 4178
3177 4808
576 4824
3378 4996
4334 4751
2270 2288
4192 4554
917 2470
394 3363
89 2953
194 3697
1646 1768
4040 4996
2281 3085
192 4928
2217 4072
269 4751
491 4867
574 4892
3492 3628
1229 4757
1519 4943
2073 2217
2334 3438
705 3834
3163 3951
150 4017
2220 3276
4169 4757
423 1095
2196 4928
625 4021
2271 4333
2288 3776
422 4347
3438 3924
2646 4929
3199 4766
790 1407
4153 4457
1822 4013
3276 4867
605 4359
1763 4153
2215 4608
3156 4675
3759 4333
1757 4020
2736 4803
1758 2423
373 3549
2497 4305
3841 4347
798 4924
1541 4943
2217 2334
4411 4587
4924 4961
1559 3814
2013 3524
2807 4742
1588 4334
1660 4614
902 4878
3619 4154
3950 4221
917 4021
2789 4005
4465 4924
1979 3833
1598 2807
1997 3759
3357 4554
3833 3942
4126 4470
2670 4213
3822 3829
16 4531
3924 4623
437 4531
778 2789
317 3677
2281 4943
1839 3669
4503 4675
358 4389
1228 4213
2217 4058
4429 4534
3252 4213
3454 4692
3661 4079
1144 3182
479 4992
3714 4996
778 4738
3991 4996
3213 3948
2052 3814
2388 4490
814 4929
1006 2318
2399 2947
1746 4117
380 3116
288 4061
2215 4221
2345 4537
1134 3894
3429 4860
3730 4554
2646 3896
2670 4389
2570 3463
3661 4072
2900 2920
2251 4429
2566 4531
2288 3942
3709 4614
2122 3454
3834 3919
2649 4178
4083 4465
3840 4013
3756 4102
4576 4742
3302 4834
1931 4117
3966 4126
1879 4326
3991 4537
620 4719
1117 4860
2189 3759
2494 4279
2494 4808
2439 4722
3616 4132
3193 4821
2367 4892
3148 4719
3051 4305
1542 4299
3516 4221
3059 3834
457 4924
4126 4924
2832 4757
2245 4448
2843 3074
2962 4821
702 4929
373 4278
2917 3756
2251 3744
953 4525
3199 4537
4992 4996
2729 4992
4020 4930
2295 4534
3440 4834
4389 4659
660 4808
1825 4788
2032 4742
3896 4062
1144 3901
4448 4725
2603 4581
2035 3440
2378 3591
491 4610
2396 3709
1757 4824
3784 4028
3901 4344
2877 3609
347 4534
1665 3331
2832 4479
3276 4576
1360 2846
2570 4045
3522 4021
3172 4305
328 4479
434 2439
4217 4992
3559 4581
2535 2570
852 4808
1360 4203
3714 4159
1574 4287
1624 3141
3349 4104
2033 4511
2448 4929
3919 4928
3003 4548
3908 4985
4312 4929
2444 4757
1888 4347
89 3064
1144 4443
567 1128
4317 4652
1542 4470
2192 4511
1064 4652
1673 3413
605 4692
3302 4079
3966 4154
3237 4326
3730 3950
479 913
624 4924
3066 3238
2321 4623
3302 4584
2962 4079
2047 3950
2443 4803
1742 4929
1562 4587
3616 3684
2274 4293
2610 4779
3966 4920
4153 4766
2743 4479
4033 4567
660 4692
3123 4443
2649 4384
814 4282
1067 2767
2753 3357
1229 3349
3741 4213
3743 4079
2807 4867
3169 3529
4548 4803
1736 3697
1825 3677
3901 4751
3784 3834
1284 3360
2035 4831
1264 2736
852 4692
3036 4834
3003 4587
2215 4554
2767 4722
3541 4652
2189 4278
3524 3741
1747 4083
393 3894
3850 4992
1538 2215
278 4985
3454 3834
3003 4467
4217 4826
3658 4782
2423 4992
3529 3697
2448 4312
3741 4389
861 4401
2962 3894
2421 4826
3325 4722
1456 4479
2777 4824
4153 4531
1894 3776
4282 4930
3819 4878
1952 4457
975 4782
1236 3536
2544 4490
2878 4788
1538 4554
3031 4329
1562 4548
3780 4610
95 4490
3199 4860
1588 3609
3276 4782
4279 4511
3177 3951
786 4719
2569 3349
3869 3924
2345 4457
3141 4344
3415 4404
1095 2462
3031 3413
3559 3825
4045 4659
380 3155
1768 4217
3495 3619
749 1559
150 4311
3237 4203
244 2946
625 3572
3541 4581
3951 4548
4045 4554
2092 4443
2220 4384
2811 4985
853 4803
4299 4317
2034 2793
2947 3357
2708 3237
3157 4203
167 4317
2846 3302
1838 2245
659 3559
730 3709
3085 4943
1624 4751
2367 4401
2078 3819
815 4614
3163 3306
1365 1616
2962 4722
3123 3894
3370 4154
3245 3743
1839 4943
344 2911
3677 4614
1660 3677
749 4826
89 4985
2877 3370
3495 4083
2917 4751
1415 3709
4072 4867
2032 3658
318 3950
194 2911
2132 4213
2281 3669
3064 3834
983 4834
1105 2911
1281 4943
2448 4503
3036 4725
307 3609
3155 4623
3477 4766
1839 4169
814 4503
1735 4072
4061 4581
3172 4329
1598 4384
3363 4126
1595 4305
1542 4017
1747 4490
2294 4928
1117 4766
3245 4079
2807 4610
3919 4028
1060 4824
728 4961
1270 4867
630 4834
690 3619
1825 4652
1625 2751
1418 3463
2294 2811
3314 4334
1763 4766
624 3894
418 4333
1746 4765
4608 4831
1169 3991
605 3325
2345 4404
3354 3572
1128 4587
3074 4929
104 4692
2047 4145
3349 4169
3714 4033
747 4929
3279 4317
2566 4854
3157 4102
3825 4132
891 4929
2402 4083
2217 4079
3850 4490
95 4401
2314 4719
3714 4567
3609 4334
850 2236
3495 4924
3536 4334
3245 4159
1785 4854
3814 4826
358 3141
2017 2911
833 4803
2497 4534
625 4020
660 4765
2761 4017
120 3991
778 4567
4404 4581
576 3779
410 4614
658 4554
2730 4610
1979 4033
790 4344
1694 4782
2628 2756
1064 4788
3467 4782
1128 4411
3663 3950
437 4860
3504 4867
1758 3080
3896 4282
1646 4443
2777 4282
3360 3504
2708 4326
2729 4159
3536 4878
2914 4782
1270 4576
2222 3850
3651 4490
700 4808
1270 4782
690 3709
4581 4788
2832 4943
976 3609
1705 4344
1579 4537
3780 4576
112 4587
479 4722
2494 4117
2264 4614
1418 4045
2566 4537
1687 2799
3080 3378
3726 4608
2533 4279
152 3829
2754 2811
4132 4788
3157 4725
4145 4554
1952 4531
4581 4652
1574 4788
2914 3276
3157 3440
3059 4928
4359 4534
2942 4623
609 4465
4132 4652
2161 2799
704 4826
4153 4293
112 4411
4005 4033
1173 4878
3524 4808
1098 3495
3559 4652
4203 4834
546 4961
180 4169
953 4961
2767 4359
4470 4779
2073 4821
1236 4719
2281 2771
3620 4479
3237 4584
317 4347
2367 3169
680 4470
1691 4719
1625 4985
2264 2618
3895 4329
3663 4221
2843 4062
2396 4154
3463 4221
410 3250
2078 4058
2439 4821
588 1952
3450 4808
3776 3942
3438 3759
1735 3697
2073 3331
457 2092
3834 4985
1522 4992
2610 4652
1320 1751
3759 3869
3477 4153
620 4058
301 3951
3825 4788
2778 4930
2761 4317
2743 4943
3741 4344
1646 1687
702 4824
3413 3744
4344 4389
2577 4985
2799 4878
3123 3370
2730 4867
4192 4803
2314 4996
2334 4878
2633 4719
86 4943
1579 4860
514 4929
2470 4021
1064 2878
3619 4329
4312 4930
3896 4503
745 4824
2443 4217
630 3157
1081 4279
4153 4860
2361 3357
2416 4614
3193 4299
3463 3950
3074 4062
2189 3066
3477 4457
730 3591
3413 4305
1858 4581
850 4961
1324 1704
1773 4854
1863 4803
328 1251
2649 3357
2751 3784
3714 3792
2470 3933
3780 4178
2274 4766
194 3732
3440 4448
4279 4608
3210 3901
4033 4864
3524 4765
2318 4531
2942 4803
269 3344
2161 3061
3896 4824
1931 4692
1530 4996
4920 4930
3714 4738
778 4992
3454 3524
2924 4860
2470 3726
3450 4692
318 3572
776 4854
4384 4782
3059 3064
2015 4347
3516 3950
349 4334
976 4878
2627 4826
3756 3901
902 4719
3948 4221
3948 4554
2628 3677
2196 4985
4738 4992
1134 4961
1242 4293
3477 4293
3796 3919
1768 4826
2628 4448
3951 4411
207 3661
2240 2421
2083 4803
1704 4279
2494 3450
2754 3059
3861 4826
1691 3314
1997 2683
1128 4467
1848 4567
2533 4608
3744 3895
2569 4282
3454 3651
1758 4738
2303 4623
380 4808
514 4503
2914 4576
2361 4576
2035 3833
4021 4299
2314 4864
4293 4860
2439 3325
3661 3743
2636 4834
2215 3950
2793 4821
207 3658
3250 3677
1870 2388
1443 4017
3085 4479
4490 4892
1134 2877
2034 4537
307 4058
1931 4765
786 976
2060 3378
2995 3919
3199 4854
930 4293
1595 3895
2083 3951
4329 4429
833 4217
1274 3834
3591 4443
305 4608
4725 4834
4033 4996
2807 4782
1270 4178
1687 3061
1274 3504
3325 4079
546 4443
1839 3919
1895 4040
985 4311
1320 4782
2200 4317
2736 4548
2889 2920
264 4490
1080 4943
2636 3440
4824 4929
2046 2628
3306 4192
3064 4928
4511 4608
4537 4766
1757 4503
1757 4930
2192 4608
1559 4826
2627 3529
625 3354
3504 3796
2399 4384
2843 4860
782 3741
467 3829
3148 4334
1822 3950
1895 4033
1522 2789
786 4878
2448 4675
3477 4860
3779 4929
4503 4930
437 4766
4312 4675
3199 4312
424 3814
798 4132
3193 3991
576 4282
269 1624
1538 3730
1055 4548
3895 4305
3325 3743
4020 4062
3744 4299
2544 4448
2270 4831
344 2017
1055 4803
3066 4333
3363 4465
3620 4757
2122 4808
1137 2793
2570 4554
700 4765
850 4443
1239 4788
4587 4608
930 4537
1522 4159
2670 3741
3948 3950
329 4675
1324 4614
1095 3684
3314 3536
1879 4725
1060 4675
3822 3861
1098 4311
112 3438
4389 4864
2015 3841
3784 4985
3933 4083
3061 3709
1742 2843
3210 4920
1173 1264
2318 3349
814 4169
2497 3744
4028 4985
2083 4411
341 3669
358 3741
2447 3895
2946 2962
467 2321
150 3279
3306 3951
349 620
2161 3351
1080 3349
1825 3810
891 4503
3279 4311
1979 4334
2566 4860
620 3148
620 3609
1519 3061
1646 4826
4104 4614
434 4821
3203 3919
3203 4928
680 4021
659 4347
3779 4062
3123 4920
1646 3861
3061 3314
4033 4738
3726 4831
4020 4675
1274 4928
2222 3833
2777 4312
2294 3919
2751 2811
1284 4985
2215 4511
125 2659
1791 4159
1456 2444
1895 3529
1281 4757
1530 1848
4102 4584
517 4742
2843 4824
1751 4765
2941 3829
2334 3549
3331 4722
1242 4766
1888 4581
3132 4404
3349 4479
2033 3726
1134 3709
3894 4126
1589 4878
264 4525
194 4892
1895 3247
3833 4831
1284 3919
125 3306
3119 4511
4766 4854
422 4404
3810 4013
1541 1839
1552 2618
2388 4659
2367 2627
2122 4765
1264 4824
2618 4614
589 4992
658 2112
434 2797
1895 4992
1242 4854
4104 4169
1050 4389
2878 4287
3252 4659
2614 3942
3951 4467
1588 2161
3477 4531
3247 3628
3245 3714
3132 4061
3529 4892
4404 4779
2900 3901
4567 4738
3116 4831
4213 4389
1049 3732
1870 3651
2288 3833
3467 4178
3549 3759
1236 4334
2962 4985
1598 4782
3370 4083
749 1040
955 4326
1049 3651
2659 4548
1800 4826
2618 3250
2032 3467
4169 4943
4465 4576
2489 3059
4467 4548
2911 4282
2911 3697
3193 4359
2633 4722
861 4892
2015 4061
4344 4659
378 3924
3141 4389
1098 3370
739 4448
1625 2995
3492 4996
4154 4924
3245 4359
491 4782
1229 2771
747 3896
3658 4576
1332 3663
479 4821
3829 4217
349 786
2217 4719
2569 4943
2013 3177
2295 3203
288 4132
567 4411
2361 4867
3651 3697
3009 4834
2439 3349
1050 3901
3834 4028
3661 4722
2920 4017
3331 4359
2911 4490
3450 4117
4347 4788
2797 3661
1418 4145
2941 3155
2756 3250
3541 3810
3522 3572
3516 3796
4326 4333
244 4722
3732 4943
2941 4623
4079 4293
1261 4587
4213 4751
1574 3850
3658 4742
745 4503
2650 4738
1060 4503
4757 4996
690 3732
574 4525
2846 4102
4623 4826
2793 2797
3933 4017
1137 4359
4675 4929
3651 3732
3467 4867
1264 1979
1274 3908
3238 4333
1747 2314
3337 4217
1618 3169
2771 4757
3541 4404
3080 4992
4282 4675
4652 4985
1320 4692
2962 3325
2314 4567
2995 3360
1242 4531
1552 3250
2361 2807
4929 4930
3156 4503
2251 3051
2220 4576
1931 4808
1529 4293
1530 4864
2761 3279
3210 4961
3780 4867
3009 4192
4457 4531
318 3213
3492 4864
4548 4587
4567 4996
1822 3841
3247 4992
778 3663
2533 3726
4079 4299
3193 4072
2322 2753
4126 4443
1822 4652
4005 4996
3792 4490
4154 4961
1747 3697
3119 4831
2544 4892
3177 4765
833 2941
2627 3559
3709 4465
2843 4929
2047 3730
975 4867
1934 3833
497 4062
983 4329
2361 4782
815 2628
2793 4722
3822 4803
2046 3250
2220 3080
3279 4470
16 4293
2270 3776
2610 4347
786 3070
3808 4278
351 4534
4028 4928
2900 3141
2603 4652
1251 4930
3116 3119
3991 4854
1752 3792
344 3651
1004 3743
2071 4992
2092 4465
2807 4576
3250 4614
3522 4470
4347 4581
3378 4033
3784 3908
182 3924
2073 2832
1747 4892
1519 1588
3895 4534
1080 2832
4132 4347
3756 4389
4317 4470
3833 4608
680 3933
1687 4719
2898 4757
1529 4860
2577 3908
3492 4554
3991 4766
3203 4985
2236 3966
3833 4132
2947 4576
2569 4757
680 4299
4457 4860
1228 1624
2295 3744
1236 3123
3351 4614
4033 4779
4610 4742
2570 3213
1752 1946
1171 3279
2627 4892
3438 3808
4005 4864
833 2443
3684 4404
4537 4860
1173 4334
3486 4117
1415 4961
1752 4924
3378 4738
745 4675
3616 4779
1006 4943
1360 4725
2200 4311
2743 2799
4072 4722
2078 3591
2633 4359
2646 4062
341 3003
3058 3064
3529 4490
2797 4359
588 3869
2751 4928
2042 4537
546 4924
3541 3616
1838 3486
1673 4534
1010 4826
3123 4312
3132 3810
3141 4659
3467 4576
1095 4779
4072 4079
1562 3951
373 3066
3061 3070
4824 4930
1822 4581
3684 4779
3360 4028
3991 4153
3669 4943
2073 4722
410 3677
1699 4961
3792 4040
2334 4278
1895 3492
1757 4929
1324 3807
1530 1758
1894 3833
2846 3036
986 2416
1742 4020
3440 4203
341 4411
1105 3850
861 3529
1522 3247
3003 3951
1858 4779
3779 4503
3965 4213
4326 4448
3792 4992
1040 4826
630 3302
1888 3516
3027 4511
2756 4614
1365 3616
3726 3911
3942 4608
1281 2898
3616 3825
3132 3841
3199 4153
4864 4996
1699 3591
2789 3784
1171 3155
1324 3250
3051 4429
1415 1946
2052 3155
2396 3370
3619 4961
4347 4652
2047 3663
2295 4329
2271 3924
1059 3193
1365 3541
3730 4221
2444 3620
358 4751
566 4192
985 4470
1618 4490
1050 4751
3516 3730
1541 3620
2789 4996
2274 4531
2628 4614
1530 4567
2577 4928
4017 4021
89 4928
328 4104
3965 4344
3524 4117
852 3524
4062 4312
301 4854
720 2832
2489 4996
3302 4326
4040 4992
3031 3895
1879 4834
704 1040
1407 4333
3177 3486
3504 3834
355 2033
422 4581
2670 3901
1660 2322
3861 4623
3833 4511
1562 4192
1858 4788
3116 3942
4359 4722
2670 3756
3732 4892
976 3924
394 4765
3061 4334
1979 2743
739 4834
3697 4892
3911 3942
3744 4305
3141 4751
3911 4511
4347 4779
1251 3896
2270 3116
2570 4145
3825 4448
4311 4470
1934 3911
2778 4675
3559 3684
3116 4511
2416 4864
4102 4834
4465 4920
360 3942
2900 4751
3070 3609
2132 3344
1052 3908
2345 4854
4203 4448
1768 1800
2192 4821
3572 4017
1699 3619
1283 4692
3163 4587
1735 4490
2900 2917
2403 2439
4104 4943
3156 4282
658 4045
3744 4534
3238 3549
833 4826
4079 4821
3591 4920
4013 4061
3896 4929
3559 4779
2649 4867
4531 4766
2535 4329
3896 4020
4652 4788
953 3966
1946 4154
2846 4584
3454 4808
3825 3829
3415 3541
394 4692
3157 3302
1888 3810
3658 4610
1589 1691
546 2403
852 3177
80 2489
4411 4803
2161 4079
329 4282
437 4537
3155 3829
4126 4154
3628 4033
3415 4287
372 4834
2636 4102
1746 3450
2877 4961
2946 3661
3237 4834
774 3429
1616 4652
1137 4581
1763 4537
3741 3965
2743 4334
1542 4311
1618 4892
4017 4311
4782 4867
457 4920
288 1064
3213 4554
4126 4920
2264 3807
1067 1137
1278 4719
358 4584
2013 4808
1278 3819
3064 4985
4221 4652
3325 3661
4154 4465
1746 4692
2416 3378
1704 3726
605 4821
3463 3730
1320 2494
2060 3792
2222 3651
4203 4725
2047 4928
4443 4924
2569 3085
355 2614
2889 3572
4401 4490
1415 3495
3756 4344
2962 4359
567 3951
1673 4305
278 4554
4005 4040
3991 4531
2303 4104
2603 4779
3193 4722
1751 4808
2423 4738
3933 4470
3492 4567
104 4808
48 4725
1010 3337
2015 4404
1870 3529
2799 3536
3123 4126
1952 4860
3238 3438
3132 4779
3245 4996
2092 4920
3213 4145
1625 4928
2047 4045
3182 4751
3966 4465
3237 4448
3779 3896
1360 4102
4359 4821
3415 4061
2811 2995
1888 4652
1320 4329
861 3169
4692 4765
1825 3841
4282 4824
677 3440
3157 4448
2071 4892
1579 3199
2092 4154
3549 3924
372 4203
576 4930
2610 4788
2846 4326
373 3438
2778 4824
2811 4928
2900 3756
2489 3378
3337 3829
3302 4929
4576 4782
3628 4005
80 4864
3591 4465
4334 4878
624 4920
1320 3450
3172 3744
497 4061
3370 4614
2898 3620
1052 1443
4104 4831
1407 2683
992 4779
3504 4928
747 4020
624 1946
1839 4104
3123 3966
2930 4192
2729 4864
378 3841
720 4479
3331 4821
341 4548
1081 4608
1324 2628
3354 4299
3651 4892
3669 4479
3942 4279
1274 4985
2878 3616
3193 3743
329 4930
1979 3663
3429 4614
1059 4722
3549 4333
1691 2334
4045 4765
4117 4779
1838 4584
497 4581
782 4985
3429 4531
2924 3199
1934 4608
2032 4782
4178 4384
4788 4867
3697 4490
2378 4920
2489 3245
2898 4169
728 3894
2112 3516
891 4864
985 4299
3669 4757
434 3064
152 4623
2743 4751
3726 3776
4305 4429
1140 4623
2423 4996
3829 4826
2683 3438
1171 4317
3354 4317
3780 4782
2314 4878
1848 4738
4061 4824
955 3237
3238 4278
4079 4722
2034 4821
983 4429
677 4834
1579 4153
953 4892
1004 4072
3780 4062
986 2264
517 4548
2240 4864
4293 4581
1239 4779
467 4826
774 3370
2281 4757
747 4675
360 4831
2646 2778
2650 4992
4465 4961
112 4192
341 3306
1270 4359
2236 4961
2245 3009
2005 4045
3058 4928
913 4659
3808 4333
2423 2729
3252 3741
2877 4920
658 3743
3438 3869
3080 4738
4282 4929
2303 2318
4040 4159
2423 3822
986 4614
3741 4751
3003 4803
4159 4992
2743 3609
2447 3148
3357 4742
2953 4928
3950 4554
120 4722
2060 4992
2245 4326
3354 4457
180 3808
1081 2618
3203 4028
3314 4126
4083 4961
3141 3741
3819 3942
1598 4742
1064 4013
4040 4567
955 4725
2900 4344
3344 3901
4153 4537
1822 4061
2683 3238
3349 4584
930 4854
955 4834
424 2767
3415 3684
2947 4867
2378 4465
2636 3354
1095 4581
112 853
1559 4623
1758 4159
2448 4282
2670 4751
4854 4860
3080 4005
2708 4834
1673 4329
3814 3829
347 4429
1838 4326
2402 4311
2577 3064
2367 4525
2423 4864
3454 3486
2659 3163
355 4608
574 2627
1365 3841
48 4584
3031 4534
4117 4808
2236 4878
1838 4725
2240 4996
2047 4554
2439 2793
992 4217
2898 4943
3894 4465
3182 4344
1625 3834
3252 3901
4299 4311
3172 4534
3354 4145
2402 4334
2112 4221
167 4311
2628 4961
3495 3709
3349 4943
1598 4867
2603 4287
953 4920
1785 4531
1519 2314
2071 4738
975 4742
2321 4826
328 4943
1251 4824
2736 4587
3344 4389
815 3351
2646 4824
2650 4826
739 3895
917 3522
2754 4985
2443 3861
3492 4159
1997 4278
790 4333
2274 4457
1330 2767
2627 4525
3148 4058
3840 4788
410 4329
3591 4537
3819 4058
2017 3529
2046 2322
2396 3210
3467 4610
16 4537
4503 4824
3378 4992
2646 4930
207 2946
1278 4878
2192 4831
747 4930
2930 3524
4659 4751
3344 4213
3182 4213
891 4930
467 1800
1522 4567
1144 4659
2877 4465
3238 3869
3199 4457
3051 4329
3810 4788
360 4511
3172 4429
986 1552
705 4928
1825 4779
2941 4826
150 4021
4117 4692
15 4311
1105 4892
182 4278
3155 3814
3302 4102
3463 3663
1694 4610
372 3009
4311 4738
1059 4821
4045 4145
182 3869
3429 4854
3744 4329
318 1746
1588 4878
2924 2946
2614 4279
3116 4608
2708 4725
2361 4742
1117 3477
3677 4854
3933 4311
720 1562
3169 4490
1598 4722
16 4333
1785 4860
3070 4058
3911 4608
4347 4404
975 4610
3808 3924
372 4725
774 3210
833 1742
1870 4525
3796 4928
4102 4725
700 4692
3896 4930
1757 3779
2060 3850
814 4930
2797 4821
3901 4389
270 4892
1691 4058
2577 3360
207 3743
318 4221
1763 4531
4467 4803
2489 3492
2947 4384
4017 4317
3951 4587
1365 3684
2421 4005
2489 4040
3779 4282
2192 2533
1574 4779
1595 3051
1456 4943
3074 4824
2942 4217
917 4943
3036 3492
3726 4511
2421 4864
2494 4692
305 4831
4178 4531
2618 2628
720 4943
2122 3450
3357 4867
4610 4782
2388 3697
4062 4824
3894 3966
2447 4429
1562 4411
658 3663
702 4930
702 4503
2042 4860
2220 4742
2264 3663
3486 4808
4652 4779
589 4159
1694 4742
423 4404
850 4503
1699 4920
2533 4511
704 3861
1758 4992
2189 4333
589 2947
1264 4548
3027 3942
3850 4525
4279 4831
3357 4384
1888 3825
3467 4384
2832 3808
423 3825
1705 4659
288 3841
451 3919
745 4930
1660 3351
2535 4429
3009 3440
125 4587
3276 3467
1589 3314
1791 4992
1595 4534
2751 4028
2807 3780
588 3924
1284 4028
89 3908
1004 2797
2610 4581
3861 4803
1407 4278
1055 1261
3119 3911
1791 4033
1665 4821
3807 4614
3861 4217
3080 4567
3119 3833
2603 3810
3841 4581
1894 3116
3210 3894
3061 4878
1934 4831
2778 4929
2778 4282
728 4465
1169 4864
2052 2321
2271 3759
2416 4567
680 4169
1705 3344
4525 4892
1822 4287
3306 4411
3051 3413
1825 3840
167 3933
2614 4831
2570 3516
3522 4017
1694 4867
2403 3966
307 1687
3252 4751
3658 4384
3492 4033
4132 4779
2444 4943
1997 4333
3779 4675
2729 3247
2946 4072
3454 4765
1791 3628
2761 4299
3776 4511
790 3238
3796 3908
3314 3850
1931 3486
975 2649
1800 3861
2659 4587
3942 4511
2073 4359
2384 4892
3896 4675
3163 4548
4610 4867
1824 3966
3247 3792
2122 3486
1660 4401
2771 4169
3306 4548
3182 4766
3829 3861
4479 4943
1579 4854
3726 3942
1691 3536
3492 3714
4738 4996
329 4929
4145 4221
4221 4554
2889 4317
1746 4808
2200 4299
2403 3363
1415 1542
1894 4608
3840 4652
3415 4788
3966 4924
3337 3814
2659 4411
4058 4878
1742 4312
491 4576
2771 4985
3357 4610
4326 4834
815 2322
3840 4287
2005 3213
2924 4854
2636 4725
424 1059
2489 3792
3177 4692
702 4675
2730 4782
2767 4072
3438 3549
976 2161
344 4892
3051 3744
104 4765
2318 4943
3810 4652
4033 4992
3743 4821
2345 4153
3085 4757
95 4892
2060 2421
2403 4920
1278 2799
2777 4062
2245 4203
3070 4878
1443 4311
4344 4751
3413 4329
3822 4826
3344 4751
3808 4479
778 4864
4013 4779
3894 4920
4584 4834
1418 3213
3066 3549
2900 3966
2953 4028
4299 4470
307 4719
1443 3933
2942 3155
1332 3730
2005 4145
930 4860
1660 2046
1824 4920
749 1562
2494 4765
1283 4765
2035 4608
609 4961
2633 4058
2636 4448
1006 3620
180 4479
3354 4470
3074 3779
301 4467
378 4333
2566 4293
3908 4928
1360 4305
2033 2930
4159 4961
4675 4824
891 4020
192 4985
574 2388
3841 4013
2052 4826
2729 3792
3172 3895
749 2941
3541 4779
2132 4389
2941 3822
4920 4961
207 2767
2771 3669
3779 4930
3351 3807
3199 4293
4311 4317
3438 4333
3792 4567
1763 4860
434 3743
2345 4293
1694 4178
1261 3306
3524 4692
3658 4867
2649 3658
3651 4525
4102 4203
3302 4892
3354 3933
1228 3756
1522 4782
3522 4299
2995 4985
1742 4675
3467 4742
15 4838
16 4958
48 4905
80 3789
86 4064
89 4938
95 268
104 1087
112 4123
120 4764
125 4848
150 3957
152 4301
167 4390
180 4550
182 3598
192 823
194 4242
244 4551
264 2106
269 4110
270 3471
278 4242
288 4856
301 4771
305 2534
307 1692
317 3151
318 4939
328 4791
329 4949
341 1426
344 4452
347 4417
349 848
351 4627
355 4036
358 4156
360 4433
372 4070
373 2798
175 378
380 3837
393 3149
394 4011
410 4533
418 4476
422 4795
423 3110
424 4648
434 4051
437 4302
451 4734
457 2141
467 4811
479 4780
491 4697
497 3520
514 886
517 4910
546 4430
566 4746
567 3105
574 4819
576 2044
588 3978
605 3459
609 4323
620 4088
624 2465
625 3291
630 4222
658 4825
659 4737
660 2136
677 4682
481 680
340 690
700 4951
702 4272
704 1692
705 4421
720 4599
728 4997
730 4601
739 4449
745 2199
747 3715
749 4972
774 4899
776 4050
778 4799
782 4764
786 3086
790 3150
798 4710
814 3303
815 4398
833 4849
850 4231
852 4950
853 4937
413 861
891 2862
902 4704
913 4911
917 4896
930 4764
929 953
955 4518
975 1686
976 3927
983 3631
985 4396
986 4583
758 992
1004 3350
1006 4273
1010 2117
1040 3618
1049 4449
1050 3580
1052 3093
851 1055
1059 4601
1060 2359
1064 4796
1067 4666
1080 1511
1081 4705
1095 2590
1098 4733
1105 4918
1117 3636
1128 3105
1134 3614
761 1137
1140 3932
1144 3821
1169 4840
1171 4723
1173 3627
1228 4125
1229 4414
1236 3532
1239 4561
1242 4974
1251 1765
1261 4346
1264 4857
804 1270
1274 4602
1065 1278
1281 4741
1283 3793
39 1284
1320 2263
1324 2090
1330 4753
1332 4969
1358 1360
1365 4151
1407 4289
1415 4869
1418 4981
1443 3582
1456 4986
1519 3019
1522 4222
1529 4285
1198 1530
1538 4313
1541 4959
1552 4980
1559 4753
1562 4775
725 1574
1579 3728
1588 2191
1589 4940
1464 1595
1598 2426
1616 4987
1618 3987
1624 4300
1625 2989
1646 4678
1660 2223
1665 3986
1673 4798
1687 4388
1691 3417
1694 3611
1699 2024
1704 4382
1705 4122
500 1735
1736 4034
1742 4464
1746 4348
1747 4939
1751 2523
1752 4989
1757 4332
299 1758
1763 3596
334 1768
1773 4642
1785 4600
1791 4151
1800 3986
1822 4447
1221 1824
1825 3391
1838 4731
1839 3150
1848 4964
1858 3769
1863 4553
559 1870
1879 3207
1888 4152
1894 4710
1895 4166
1471 1931
1212 1934
1946 4588
826 1952
1979 4749
1997 4653
2005 4667
2013 2963
2015 3514
2017 3476
2032 4871
2033 3758
2034 4713
2035 3326
2042 4947
1019 2046
2047 4778
2060 2558
2071 2993
2073 4902
2078 4838
2083 3321
2092 4710
2112 4103
2122 4772
2132 2580
2161 2186
756 2189
2192 4281
2196 4270
2200 4923
2215 4622
2217 3282
2220 3874
2222 3804
2236 4593
2240 3739
2245 2880
2251 4163
2085 2264
2270 3849
2271 4907
2274 4711
2281 4335
2288 4186
1302 2294
2295 4789
2303 4234
2314 3771
2318 3265
2321 3786
2322 4049
2334 4480
743 2345
2361 4954
982 2367
1683 2378
1842 2384
2232 2388
2396 4894
2399 2582
2402 4797
2403 3076
2339 2416
2421 2948
2423 4912
1451 2439
2443 4277
2444 3242
2447 4501
2448 4483
2462 4627
2470 4750
2489 4932
2494 4485
2497 4657
2533 2575
2535 4846
2027 2544
2566 4650
2426 2569
1458 2570
2577 4226
2603 4300
2610 4907
2614 4262
1569 2618
2627 4995
2479 2628
1209 2633
2636 2641
2646 4998
2649 4435
2650 4795
2659 4422
2670 4365
2683 2979
1723 2708
2729 4759
2730 2990
2736 3875
1454 2743
2751 3586
2753 4644
2754 3330
2756 4477
2761 4487
2767 4820
2771 4599
2777 3512
2778 4539
1424 2789
2793 4971
2797 4756
266 2799
2807 4539
2182 2811
2832 4999
2843 3705
2846 4676
2877 3419
2878 4707
385 2889
2898 4688
2900 3304
2911 4876
2616 2914
2917 4870
1478 2920
2924 4478
2930 4231
2941 4136
2942 4678
2946 4656
2947 4024
2953 3352
2962 4471
2995 4775
3003 3866
952 3009
3027 4630
3031 3904
1953 3036
3051 4776
3058 3407
3059 3923
2291 3061
1715 3064
3066 4744
3070 3691
682 3074
3080 3890
3085 3367
1770 3116
3119 4558
3123 3629
2190 3132
3141 4431
3148 4977
3155 4955
2231 3156
3122 3157
3163 4075
3169 4088
3172 4948
1796 3177
3182 3621
3193 3831
3199 4764
3203 3676
2276 3210
3213 4019
2532 3237
3238 3240
3245 4737
3247 3696
3250 3377
3252 4410
96 3276
3279 4473
2074 3302
3306 4668
3314 3733
1245 3325
3331 3781
2987 3337
3344 3983
3349 4598
3351 4917
3186 3354
2568 3357
1985 3360
3363 4598
669 3370
3378 3387
1753 3413
2678 3415
3429 4449
3438 4770
3411 3440
958 3450
1248 3454
3463 3757
3467 4624
3219 3477
3486 4418
767 3492
3495 4071
3504 4455
3348 3516
3522 4875
3524 4993
3529 4740
3334 3536
3541 3600
2642 3549
3559 4775
3572 4804
2861 3591
3609 4087
3382 3616
3619 4861
569 3620
3076 3628
3021 3651
346 3658
3661 4591
1280 3663
826 3669
3677 3685
3684 4301
3697 4551
3546 3709
473 3714
3726 3994
2776 3730
1842 3732
3741 4530
3743 4917
3744 4701
3756 4043
3261 3759
2861 3776
3779 4450
1930 3780
3205 3784
3785 3792
3175 3796
3518 3807
3808 4386
135 3810
3814 4593
2074 3819
3371 3822
3825 4613
2598 3829
389 3833
3834 4685
3550 3840
1908 3841
3850 4146
908 3861
1394 3869
3894 4997
3895 4666
2822 3896
345 3901
2690 3908
3911 3969
3919 4865
3659 3924
1015 3933
3592 3942
3948 4383
2567 3950
1193 3951
3965 4566
1761 3966
258 3991
3996 4005
3959 4013
2082 4017
2474 4020
3356 4021
3494 4028
4033 4947
4040 4827
736 4045
1573 4058
530 4061
2415 4062
4072 4575
3392 4079
4083 4482
2255 4102
3405 4104
3560 4117
4126 4527
1409 4132
4145 4983
96 4153
4154 4693
3140 4159
224 4169
4178 4997
898 4192
439 4203
3324 4213
725 4217
3711 4221
4278 4349
3847 4279
4016 4282
4023 4287
2800 4293
4299 4586
4305 4336
2474 4311
4312 4925
2062 4317
4326 4340
4329 4855
4333 4345
2534 4334
4344 4564
4347 4351
4359 4641
2347 4384
4389 4791
2768 4401
4404 4907
3431 4411
4098 4429
4443 4477
614 4448
3916 4457
1590 4465
3589 4467
4470 4477
2842 4479
3737 4490
3115 4503
4498 4511
2331 4525
2588 4531
3309 4534
3884 4537
1988 4548
3388 4554
4553 4567
4576 4602
2960 4581
4081 4584
4587 4777
3752 4608
4494 4610
4614 4631
4623 4678
2921 4652
888 4659
4675 4698
4692 4718
213 4719
1792 4722
3347 4725
3763 4738
4735 4742
1385 4751
2956 4757
1428 4765
3458 4766
3299 4779
3509 4782
4786 4788
4803 4976
4011 4808
2475 4821
682 4824
727 4826
56 4831
4834 4842
4621 4854
3696 4860
3763 4864
4846 4867
2389 4878
493 4892
4920 4976
1620 4924
2261 4928
420 4929
3624 4930
3479 4943
4315 4961
4103 4985
3698 4992
3530 4996
15 4846
16 4909
80 4948
86 3928
89 4815
95 3787
120 4053
125 3604
150 4125
152 4396
167 4735
180 4684
182 3683
194 4911
244 4664
264 3860
269 4744
301 4795
305 4954
307 4699
317 3888
328 4599
329 2893
341 4100
344 4917
347 4365
349 4903
351 2259
355 3892
360 1937
372 4304
378 3261
380 4798
410 4980
418 3886
422 4588
423 3945
424 4957
437 4847
451 4946
457 4593
467 4871
497 2540
514 4993
517 3718
546 3508
566 4074
321 567
574 4492
576 3106
605 2551
609 3162
620 4908
624 3657
625 4655
630 4980
659 4669
660 4987
677 4583
690 2376
700 4096
702 4129
705 4905
720 4499
728 4437
730 4902
739 4453
745 2704
747 4863
749 3171
776 4776
778 3959
782 4933
786 4508
790 3998
798 1657
814 4923
815 4789
833 4835
850 4697
852 2147
853 4487
861 4365
294 891
902 3348
913 4817
917 4735
953 3270
955 3733
983 4501
985 3945
986 4980
992 4543
1004 4197
1006 4997
1010 4994
1040 4232
1049 2982
1050 2534
1052 4706
1055 3043
1059 4956
1060 4441
1064 4100
650 1067
1080 3627
1095 4998
1098 4785
1105 3476
1117 4417
1128 4082
1134 4861
1137 3931
1140 4880
1144 4951
1171 4735
1173 4768
1228 4201
1229 4743
1236 4991
1239 3947
1251 3968
1261 4754
1270 4921
1274 4913
1278 3788
1281 2714
1284 1984
1324 2087
1330 4602
1332 4183
1360 4505
41 1365
1407 3261
1415 4997
1418 4572
1443 3945
1519 3970
1522 4458
1530 3848
1538 4768
1541 4861
1552 3696
1559 4678
1562 4978
1574 4667
1579 4975
1588 3386
1589 4923
1598 4993
1616 4220
1618 4409
1624 4387
1625 4768
1646 4638
1660 2102
1665 4606
1673 4193
1687 4323
1691 3228
1025 1694
1699 3902
1705 4995
1735 4724
1736 4318
1746 4527
1747 3286
1751 4143
1752 4959
1757 2228
1758 4341
1763 3972
1768 4877
1773 4705
1785 4142
1791 2390
1800 4706
1822 4375
1824 2328
1825 4846
1838 4979
1839 4763
1848 4595
1858 4647
1863 4870
1870 4999
1879 3817
1888 3097
1894 4785
1895 4406
1931 4011
1934 4932
1946 2542
1952 4734
1997 4759
2013 4919
2015 3866
2017 4089
2032 2892
2034 4598
2035 4449
2042 3665
2046 2249
2047 4589
2060 4082
2071 4840
2073 4869
2078 4204
2083 2193
2092 4894
2041 2112
2122 3310
2132 3905
2161 4070
2189 4665
2196 4774
2200 4705
2215 2928
2217 4896
2220 4176
2222 3699
2236 4242
2240 4535
2245 4990
2251 4501
2264 3944
2270 2559
2271 3215
2274 4198
2281 4386
1024 2288
2294 3561
2295 4588
2303 4962
2314 4840
2318 4386
2321 4678
2322 4917
2334 4799
2361 4064
837 2367
2378 4593
2384 3812
2388 4452
2396 4593
421 2399
2402 4903
2403 3881
1244 2416
1613 2421
2423 4832
2439 3755
2443 4792
2444 4130
2447 4440
2448 4180
2462 4523
2489 2541
2494 4004
2497 4501
2533 4704
2535 4875
2544 4335
2566 4029
2569 3766
2570 4197
2577 4941
2603 4856
2610 3969
2614 4252
2618 4477
2627 3666
854 2628
376 2633
2636 4035
1560 2646
2649 4456
2650 3106
2659 4963
2670 4749
2683 4349
2708 3621
2729 4705
2730 4023
2736 3376
692 2743
2751 4189
2753 3554
2754 4881
1973 2756
2761 4735
2767 4683
2771 3600
2777 4746
2778 2893
2789 4273
2793 4637
2325 2797
2799 4022
2807 4904
2811 4818
1874 2832
2175 2843
2846 4671
2877 4997
2878 4794
2889 4057
2898 4402
2911 4552
2914 4473
2917 4768
2920 4114
2924 4932
2930 4542
2942 4989
2946 4767
2947 2952
2953 4646
2962 4911
2216 2995
1537 3003
3009 4957
1528 3027
3031 4146
3036 3882
3051 4716
3058 3638
3059 4815
3061 4883
3064 3244
2850 3066
3070 4643
3074 4963
2674 3080
3085 3623
2672 3119
3132 4134
3141 3724
3148 3374
3155 4693
3156 4950
3157 3543
3163 4812
2340 3169
3172 3701
2925 3177
3182 4770
869 3193
3199 3738
3203 4789
3210 4880
3213 4851
3237 4713
3238 3898
2876 3245
3247 4616
3250 4691
512 3252
3276 4858
3279 4830
2957 3302
3306 4971
3314 4709
2565 3325
3331 4897
3337 4819
3344 4934
3207 3349
3351 4980
3354 4809
3357 4252
2206 3360
3269 3363
3370 4997
3378 4371
3413 4501
1312 3415
3429 4857
3438 3562
3440 4857
3450 4669
3454 3646
3463 3711
1561 3467
3477 4768
3486 4900
1947 3492
3495 4976
3504 4616
3522 4371
2254 3524
3187 3529
3536 4263
3541 4010
3549 3910
3559 3717
3572 3945
3591 4641
3609 4941
3616 4936
3619 4573
3620 4386
3628 4010
3651 4583
3658 4993
3661 3947
3663 4410
3677 4933
3684 4620
3697 4059
3709 4593
3714 4141
3726 4774
3730 4807
3732 4369
3687 3741
3743 4744
3744 4202
3756 4211
3759 4521
1461 3776
3775 3779
3780 4196
3784 3875
3792 4690
3796 4696
3807 4980
3808 4314
3786 3810
3814 4161
3819 4566
3822 4507
3356 3825
3829 4014
3607 3834
3257 3840
3841 4507
3850 4168
3861 4110
3869 4220
3894 4606
3396 3895
3254 3896
3901 4654
2842 3908
2860 3911
460 3919
3716 3924
3933 4688
3527 3942
3423 3948
3950 4795
3951 4876
3965 4588
3966 4997
3991 4733
4005 4959
4013 4047
4017 4735
4020 4718
4021 4524
4028 4963
4033 4825
1719 4040
4045 4703
2605 4058
4061 4464
4062 4795
761 4072
4079 4942
4083 4646
3952 4102
3207 4104
4117 4968
4126 4781
4132 4861
3711 4145
2926 4153
4154 4997
4159 4753
1328 4169
4178 4959
2731 4192
4203 4515
4213 4390
4217 4678
4221 4875
3686 4278
4279 4466
4282 4872
4287 4966
3449 4293
4299 4466
4305 4501
4311 4480
4312 4794
1911 4317
4326 4458
756 4329
4333 4613
4334 4393
3335 4344
4347 4355
4359 4611
3120 4384
3543 4389
3863 4401
3676 4404
4411 4461
3180 4429
4443 4698
3981 4448
4457 4775
4465 4997
4467 4606
4470 4735
4386 4479
4337 4490
4503 4582
4511 4512
2372 4525
4519 4531
4501 4534
4518 4537
4548 4632
4387 4554
4422 4567
4048 4576
4581 4866
4584 4593
4587 4885
4597 4608
3037 4610
4614 4677
4623 4819
4652 4667
4659 4740
4484 4675
4692 4814
4294 4719
4722 4898
3597 4725
4737 4738
4742 4849
4751 4762
1328 4757
4459 4765
1921 4766
4414 4779
4782 4823
4788 4973
1992 4803
4591 4808
4219 4821
4487 4824
4758 4826
4307 4831
4577 4834
4625 4854
1743 4860
4674 4864
4461 4867
4878 4897
3476 4892
4670 4920
4770 4924
4928 4954
4929 4947
3905 4930
3800 4943
4449 4961
4985 4988
2440 4992
2965 4996
15 4703
16 4561
120 4894
125 3802
167 4683
180 2307
194 3998
244 2357
264 4604
301 4971
317 4686
351 3893
360 4322
380 4749
410 3664
423 4908
424 4959
457 4647
497 4691
514 1983
517 4451
566 1263
100 574
609 4227
630 4536
660 4661
690 4997
728 1964
730 4155
747 3260
776 4713
782 4980
786 4105
798 4861
815 4980
850 4835
902 4914
913 4753
955 4795
983 4520
985 3954
986 4727
1004 1738
1006 2280
1010 2298
1052 3719
1055 1139
1060 3916
1080 3731
1098 4631
1105 3812
1137 4881
1140 3955
1171 4562
1251 2640
1278 2534
1281 3259
1330 2311
1332 4754
1365 3083
1407 4981
1418 4685
1443 3812
1538 3857
1541 4598
1552 4885
1559 4323
1579 4528
1616 4628
1618 4810
1625 3805
1660 3267
1691 4727
1694 4256
436 1705
1735 3777
1736 4380
1751 3391
1752 4702
1758 4957
1763 4870
1768 4678
636 1773
1800 4762
1824 4956
1825 4402
1848 2150
1858 4146
1863 3817
1895 3828
1934 4374
1946 4539
2013 2209
1912 2015
1127 2032
2035 4284
2042 3701
2046 4968
2071 2072
2078 4817
2092 2350
2121 2122
2189 4882
2196 3491
2200 3830
2217 4219
2222 3476
2236 4612
2240 4804
2264 4980
2270 4741
2271 3683
2274 3412
2281 3627
2288 3587
2294 4774
2295 4786
2303 4572
2314 4758
2318 4829
2321 4787
1587 2322
2334 4391
2361 2747
2371 2378
2384 4635
2388 4298
2399 4970
2402 4545
2416 4142
2421 4122
2443 4911
2444 4703
2447 4856
2448 4696
2462 4575
2489 3811
521 2494
2497 4896
2533 4143
2535 4667
2544 4550
2538 2566
2569 3627
2577 4805
2618 3710
2633 3191
2646 4440
2650 4243
2670 4872
2170 2683
2729 3763
2730 4110
2743 4397
2753 3739
2754 4680
1486 2756
2761 4971
2767 4622
2771 3227
2102 2777
2778 4212
2789 4340
2797 3195
2799 4750
2807 4244
2370 2811
2832 4109
2843 4833
2846 4367
2877 4593
1846 2889
2898 3224
2911 4989
2914 4679
2917 4671
651 2920
2924 4649
2930 4970
2942 4504
2946 3038
2953 3470
2995 4769
3003 4369
3009 4182
3027 3666
3031 4328
3051 3491
3058 3671
3059 4316
381 3061
3064 4052
3066 3797
2174 3070
3074 3936
3085 4235
3119 4462
3132 4857
3141 3396
3148 4215
3155 4913
3156 3648
3157 4858
3163 4245
3172 3290
3177 4047
2871 3182
3193 4260
2895 3199
3203 3963
3210 3259
3213 4988
3237 4055
3195 3238
3245 4184
3247 4898
3250 4980
3252 4094
1558 3276
3279 4735
3302 3597
3306 4965
3325 4573
3344 4850
3349 4760
3351 4480
3357 3696
3360 4895
3363 4997
3370 4204
3378 4682
3413 4432
3415 4694
3429 4588
3438 4921
3440 3513
3450 4911
3463 4538
3477 3751
3486 4143
3492 4711
3495 4997
3504 4861
3524 4986
3529 4912
3541 4695
3549 4264
3559 3676
3572 4735
3591 4997
3609 4337
3616 4973
3619 4724
3620 4407
3628 3865
36 3651
3658 4991
3084 3661
3663 3675
3677 4753
3684 4787
3697 3713
2830 3709
3714 4969
3726 4424
3730 4260
3732 4269
3741 3749
3743 4661
3744 4501
3311 3756
3759 4953
3776 4452
3779 3782
3780 4560
3533 3784
1044 3792
3534 3796
3807 3917
3808 4422
3186 3810
1155 3814
3819 3923
3822 4291
3834 4552
3840 4741
3839 3841
3850 4828
3861 4550
3869 4909
2526 3894
3895 4308
2522 3896
3901 4893
3908 4612
2079 3911
3539 3924
3933 4978
3942 3956
3711 3948
3950 4902
3951 4670
3965 3982
2527 3966
3991 4663
4005 4660
4011 4013
4017 4484
2939 4021
4028 4688
4003 4033
2216 4045
4058 4873
4061 4111
3350 4062
3122 4072
874 4079
3982 4083
3209 4102
4104 4862
2455 4117
4126 4997
2296 4132
2993 4145
1063 4153
4154 4386
3763 4159
4169 4605
4178 4517
4192 4483
23 4203
4213 4310
4217 4986
4221 4249
3268 4278
3566 4279
3530 4282
3509 4287
4120 4293
4299 4720
3574 4305
4311 4612
4312 4428
4317 4735
4326 4676
4329 4391
4253 4333
1495 4334
3905 4344
3501 4347
4351 4359
2816 4384
4389 4951
1342 4401
4404 4887
4411 4995
4429 4501
4443 4461
559 4448
4415 4457
2386 4465
4467 4575
3898 4470
2926 4479
4490 4777
2168 4503
3525 4511
1500 4525
4521 4531
1902 4534
1294 4537
4548 4982
4540 4554
2922 4567
2886 4576
4581 4818
4584 4634
1945 4587
4592 4608
3287 4610
97 4614
1481 4623
4484 4652
4659 4836
2064 4675
4011 4692
2389 4719
4162 4722
2441 4725
4412 4738
3931 4742
189 4751
4731 4757
4727 4765
4745 4766
1454 4779
4256 4782
2695 4788
4803 4873
4242 4808
4672 4821
4824 4919
4826 4863
4408 4831
4716 4834
3272 4854
2238 4860
1533 4864
3022 4867
3753 4878
4827 4892
3570 4920
4924 4970
3939 4928
2586 4929
4056 4930
4422 4943
4593 4961
4182 4985
4968 4992
4861 4996
180 4206
317 4969
351 4954
380 4634
424 4780
497 4469
566 4432
660 4225
776 4158
902 4031
913 4647
985 4919
1052 3509
1060 4822
1098 4871
1407 4654
1443 4536
1618 4991
1735 4545
1736 4110
1751 3401
1858 4499
1863 4390
2032 4954
2035 4820
2189 4580
2196 4402
2222 4585
2236 4228
2240 4263
1920 2264
2270 4108
2294 3918
2295 3928
2314 3220
2318 4721
2322 4980
2334 4859
2384 3208
2402 3871
2416 4980
2443 4472
2444 4385
2447 4271
2462 4037
2497 3977
2544 3930
2569 4956
2577 3000
2618 4980
2633 3341
2646 3904
2730 4955
2753 4980
2754 4396
2778 3578
2797 4680
2807 4981
2832 4966
2843 4789
2846 4685
2889 3587
2917 4974
2920 4852
2924 3255
2930 4410
2128 2942
2946 3273
2995 4761
3003 4665
3027 4797
3031 4268
3051 4504
3058 3668
3059 3910
3074 4812
3119 4456
3172 4984
3182 4319
3193 4591
3213 4960
3237 4242
3245 4906
3247 4919
3250 4625
3252 4815
2337 3276
3325 4841
3351 3353
3413 4680
3143 3415
3429 3693
3440 4137
3450 4381
3463 4545
3495 4677
3524 4143
3525 3529
3541 3676
3549 4646
3559 3563
3572 4955
3329 3616
3619 3699
3620 4848
3658 4836
874 3661
3677 4980
1998 3684
2257 3709
3714 4128
3712 3726
2643 3730
3729 3732
2483 3741
2824 3743
3756 3769
3686 3759
3779 4228
3780 4871
3784 4865
3796 4018
3807 4065
3808 4599
3810 4983
3270 3814
2055 3819
3822 4563
3834 4078
2840 3850
3869 4270
3894 4916
3911 4916
3261 3924
3933 4346
3948 4199
38 3951
3965 4905
3991 4833
3625 4005
3996 4013
4017 4288
3144 4021
2335 4028
4045 4988
2868 4061
4062 4142
2594 4072
4083 4653
3262 4102
4104 4579
4011 4117
4123 4126
4132 4814
4153 4544
3222 4154
4159 4792
4169 4338
4178 4638
4203 4968
1580 4213
4217 4390
4221 4300
3716 4278
4279 4376
4196 4282
4022 4287
3681 4299
4305 4699
2770 4311
3004 4312
1706 4317
4326 4702
4333 4855
4334 4514
3990 4344
4347 4964
3882 4359
4253 4384
4368 4389
2808 4401
4404 4839
4411 4816
4429 4441
4195 4443
3597 4448
4457 4609
4465 4550
2579 4467
3945 4470
4479 4493
4483 4503
4502 4511
3386 4531
3358 4534
2965 4537
4297 4548
4554 4748
3174 4567
4227 4581
4445 4584
4587 4817
4600 4610
4614 4866
1155 4623
4367 4652
4650 4659
4675 4678
4179 4692
606 4719
3647 4722
4295 4725
2440 4738
2135 4742
4727 4751
3627 4757
4765 4818
4595 4766
4774 4779
2759 4782
4772 4788
4678 4803
2565 4808
4660 4821
4826 4891
4831 4873
3597 4834
3510 4854
4331 4860
2965 4864
3120 4867
4878 4879
3293 4892
2139 4920
4629 4924
3791 4928
4330 4929
4816 4930
3501 4943
4957 4961
4672 4985
4421 4996
566 4115
1736 4253
2035 3859
2318 4769
2832 4603
3031 3527
3058 3095
3059 4616
3213 4606
3250 4327
3415 4190
3541 4789
3549 3716
3620 3975
3741 4921
3780 4785
3784 4514
3948 4220
3965 4369
3991 4759
2482 4005
4028 4974
4083 4101
3597 4102
4132 4403
4153 4995
4178 4400
4221 4327
4278 4997
2701 4282
4287 4902
4312 4433
4344 4350
3468 4347
4389 4768
4401 4891
4404 4721
4411 4780
4006 4465
4257 4503
4511 4549
4210 4534
4006 4537
4581 4905
4487 4584
4565 4587
4601 4610
4614 4980
4641 4652
4675 4686
1886 4692
4719 4735
4707 4738
4742 4953
4765 4896
4749 4766
4771 4779
4644 4788
3907 4803
4050 4808
4357 4821
4810 4826
4191 4834
4797 4854
3348 4864
4366 4867
4920 4926
3668 4924
3711 4928
4182 4929
4930 4944
4386 4943
4611 4961
4985 4986
4729 4996
4083 4890
4312 4509
4404 4694
4383 4584
4587 4969
4925 4929
4925 4930
