3999 4860
1094 4648
3384 4103
727 4860
2263 4348
1119 4656
2719 3029
3732 4863
3848 4393
1703 4979
1853 4503
4875 4948
621 2248
2769 4492
1939 2753
2955 3526
3252 3354
1907 3185
386 4907
1401 4537
463 4860
2906 4648
846 4047
638 4400
4027 4836
1463 4332
3464 4262
3570 3924
3953 4822
1915 2917
3776 4893
1756 4599
1704 4768
1478 4159
1339 4170
771 4774
3473 4941
3789 4234
379 4960
2048 4545
2230 3515
2301 3785
1495 3446
4203 4643
4278 4526
2579 4450
3282 4860
2980 3010
2453 4108
1752 4671
4495 4955
4314 4821
2597 4170
4377 4723
898 4929
817 2979
1077 2975
1494 4520
2339 4903
2658 2855
3183 3768
3382 3543
3357 4919
2057 4836
2457 4756
1105 2980
2358 4579
470 3543
3287 4651
260 3185
3935 4495
2106 2759
2349 4736
2436 2963
602 2656
1441 4179
4027 4875
3570 4521
2397 4591
3925 4658
2607 4305
2724 3818
2721 4131
2397 3818
1752 4451
871 3877
114 4979
1640 1777
4760 4822
3111 4925
978 1771
2567 4948
791 4863
830 4756
1094 4929
1948 3811
1119 4955
470 2941
3841 4192
54 607
3183 4656
4351 4960
4334 4683
2801 4453
4233 4591
3788 4646
742 4021
2652 4450
578 2797
2696 3069
1433 3841
2874 4305
4410 4971
2416 3865
1931 4774
4222 4667
3034 4948
207 1657
2248 4492
3848 4865
3924 4159
126 4066
1195 4937
4893 4895
1915 4400
2057 4925
3287 4404
2349 4903
1918 3935
2334 4656
4399 4971
4757 4774
129 4450
2874 3061
2130 4502
3931 4929
1347 3543
4646 4924
2416 4860
1783 4643
970 4757
1251 4860
3493 3931
1607 4924
3515 4925
2358 4596
196 3560
683 4520
1160 4620
1515 3560
2005 4822
3526 4874
4170 4620
4278 4848
4065 4495
3111 4836
4404 4651
1179 4863
1604 4351
3054 4052
4810 4860
979 4062
3129 3799
2975 4348
392 4334
920 3848
3828 4620
2243 3029
2971 4941
2205 4012
1441 4198
2970 3818
2436 4683
3018 4066
3788 4577
3354 4348
2430 3185
1367 3029
1629 4013
2063 2855
2371 3699
3359 4021
1433 2858
2624 4822
1179 4852
898 4924
2807 4848
1515 4037
2579 3261
3185 3197
3623 4358
3788 4410
3617 3699
551 4656
3384 4159
4280 4393
2484 4332
4836 4979
2124 3776
883 4903
773 4178
1752 3128
2265 4526
3154 4178
2858 4192
3157 4620
2809 4393
3252 4400
2694 4863
1692 4502
1931 4503
871 4062
3029 4671
2656 4643
3745 4671
275 4297
3159 4400
3838 4314
2408 4012
613 3526
1629 4521
2807 3554
23 244
1500 2703
1284 4716
4503 4757
1550 4821
3179 4373
1347 4903
389 4599
1939 4373
4334 4822
1891 4108
3507 4955
1204 4480
2971 3623
2124 2300
3931 4924
978 4865
2349 4875
703 4604
1230 1823
2801 4521
379 4012
771 4907
3357 4768
3560 4821
3776 4071
1628 4404
2206 4159
4757 4907
1230 2371
3263 4874
1604 4960
347 4768
1463 2980
2661 4894
1771 4971
1897 2484
1187 4810
360 4192
3408 4648
3554 4596
1085 4651
2567 4836
4178 4314
4875 4925
4382 4895
2223 3154
3543 4314
3623 4810
773 4066
2138 4275
4280 4629
2618 4658
1818 4955
1441 2330
389 3852
2301 2367
1719 4386
1948 2868
3446 4520
4103 4159
4358 4941
2371 3716
3848 4280
434 4492
271 4948
1638 4348
797 2858
1297 3646
2592 4850
3107 4222
2482 2759
4183 4948
3493 4410
222 3792
2970 3953
3865 4545
1463 4955
1692 3546
2624 4739
3708 4332
360 4047
2130 4170
1401 3359
707 1781
1155 1897
4399 4893
979 4768
2130 3560
2414 4502
3999 4358
1507 4537
2597 4037
830 4526
2924 4537
1478 4480
2070 2597
4537 4903
3924 4234
3089 4919
3359 4537
978 4629
2094 3159
496 2578
2578 4404
3408 4646
2320 4907
846 1887
1339 3828
1729 4599
935 4620
2213 2769
2656 3865
2579 3185
578 4852
1628 3811
207 3745
652 4760
2205 4192
4027 4714
13 3935
2763 4012
797 2480
1811 4062
3179 4646
3877 4894
1168 4875
2618 4791
347 4179
771 4894
662 4526
688 1980
313 4941
4220 4757
1792 4170
1752 3745
4280 4865
4591 4723
4577 4971
2675 4907
3818 4937
2141 2865
4526 4874
3201 4599
1029 3192
4393 4791
1675 4756
389 4220
871 4520
771 3768
3201 3963
3129 4716
3089 3679
2909 4332
470 4903
1965 4948
633 4937
904 4314
3125 4760
3365 4233
2362 3617
551 4955
817 2402
23 3566
742 4537
207 819
2198 4373
1647 2102
707 3865
1297 2963
3841 4012
2301 4723
1575 4268
2582 4656
2855 4903
3799 4521
1840 4545
1109 4863
754 4065
1640 2436
569 2955
4037 4170
1719 3953
1186 3615
888 3963
4404 4865
756 3390
2770 4233
2371 4334
2330 3826
1871 4599
91 4760
797 3925
3935 4716
578 3053
538 4062
2339 4860
3390 4179
1783 4358
2909 3365
2592 4663
4021 4179
2631 3107
3828 4502
212 4579
716 3751
4306 4955
1568 4999
2402 4929
1704 4062
1146 2225
817 4941
4836 4875
2584 3252
856 3848
1312 2144
2597 4620
3475 4314
4410 4924
1871 4604
2567 4979
1522 4893
3497 3729
1398 4646
2265 2658
3201 3434
3826 4021
3789 4159
888 3018
4390 4526
3464 4739
4103 4480
456 4450
1219 4756
10 4178
1105 2584
2934 3593
2243 3566
1441 3359
1647 2769
2975 4604
2349 2658
4027 4948
253 4393
3963 4178
2191 3061
2753 4305
3303 4903
949 1155
4739 4937
1092 3865
434 4052
3446 4768
1272 4852
1585 4658
4233 4377
4306 4545
2721 4739
613 4202
1948 4404
4200 4520
817 3865
1646 4579
2721 3818
1528 2315
2963 4651
4577 4895
1231 4822
3263 4390
949 2618
4714 4836
168 4865
3183 4757
995 4052
2937 3623
3570 4103
271 4999
2980 3480
1783 3999
2584 4999
145 4925
1575 2265
3069 4332
4520 4743
1339 3560
2070 4170
1568 4925
3183 4503
1704 4919
3408 4382
4047 4739
3464 3818
4108 4178
4215 4275
3107 4579
25 4351
1094 4924
2414 4667
1429 4895
2382 4768
2041 4596
84 3432
2770 4937
3789 3924
2874 4955
2358 2764
1401 4179
2045 4874
904 4373
463 4810
844 3825
2934 2941
4377 4386
3010 4305
3788 4648
2045 4390
2865 4850
602 4545
712 2976
3785 4714
392 3699
687 3357
2482 2694
4131 4233
2248 4955
4875 4979
4159 4234
2855 3593
2618 3279
4453 4521
4382 4929
3788 4929
3547 4760
358 4960
716 3699
3593 3825
920 4791
3811 4083
1646 4596
3546 4502
3384 4453
4103 4234
35 3261
4305 4492
4821 4848
2334 4774
3716 4925
1931 3303
2094 2300
608 3919
4393 4404
4893 4894
742 3390
185 1792
2963 4822
345 4821
2675 4503
2583 3480
1965 4875
4021 4537
2703 4760
4170 4907
2607 4052
379 2694
2414 3526
1948 4629
2732 4659
3179 4314
1515 3828
888 4599
2334 4894
4629 4651
3515 4924
4071 4756
11 196
1367 1424
3183 4894
3 3252
47 4351
844 883
1647 4671
1675 3776
2123 4183
2336 4658
3446 4743
1251 4358
4545 4860
1077 3729
4275 4852
3626 4348
2924 4757
4393 4865
86 2797
3390 4021
1009 4234
2934 4268
844 4903
386 4894
1401 4198
3925 4128
2408 4297
4170 4280
3098 4971
3192 4663
4577 4924
417 4202
271 4979
2265 3593
2315 4071
151 3646
1424 4671
3788 4895
3681 4521
3921 4919
2971 3999
1703 4925
1230 4683
4659 4850
3201 3852
4314 4599
2592 4083
3 84
3408 4893
2770 4723
1507 4179
2755 3566
4850 4865
1550 1756
569 4848
2070 3828
2362 4021
4215 4351
3357 4520
4656 4907
1492 4948
2480 3677
2955 3107
683 3357
2937 3789
4027 4999
3154 4179
2658 4268
3554 4579
2955 4390
510 1339
496 3792
2675 4656
1429 4924
4159 4453
3111 4714
1948 4280
2970 4591
2954 4453
2906 4577
4390 4874
3282 4667
2144 4071
2976 2979
2482 4683
2764 4579
4192 4791
145 4979
1109 4960
2205 2933
2457 4012
35 4850
4577 4648
2515 4929
4863 4960
3543 4903
533 2223
1729 4314
3732 4960
84 4348
1640 3751
2414 3554
434 2315
3089 4306
2801 4234
1501 4756
4875 4924
1602 4852
3288 4377
2719 4599
3789 4200
1688 4960
4103 4521
756 4537
2592 4629
4604 4875
4222 4526
3877 4774
1204 4159
3480 4495
1891 3061
4948 4999
2441 3699
227 4955
2367 2721
4027 4925
819 4671
716 3919
2320 4774
4013 4332
4179 4198
222 4404
2941 4736
1638 2263
253 4280
2106 3751
2624 4937
2230 3745
3263 4596
496 4850
1709 2755
4579 4874
607 4495
1792 2225
1077 4400
4192 4297
3359 4198
2515 4924
1915 3029
2138 4960
2130 4037
2301 4937
3838 4066
2583 3054
1398 4893
3865 4643
4027 4604
1604 3232
1818 3183
1602 4275
3446 4919
1604 4275
3617 4822
2314 4848
3365 3953
244 4404
3792 4062
4062 4919
4810 4941
1105 2933
626 4297
3708 4955
4860 4941
2057 4979
1771 4659
1297 2436
717 3543
4925 4999
2969 4850
1568 4979
4037 4620
4382 4648
838 4502
2089 2975
2198 4821
2584 3354
2206 2801
1494 3357
2578 4850
4280 4651
2230 4671
417 4852
607 2753
1853 4656
1035 4907
538 4929
427 4671
1186 4222
3159 3432
271 4925
4629 4850
2430 4716
3554 4390
3157 3546
4743 4768
3321 4863
4159 4521
1885 3263
1646 4390
3811 4393
2087 2480
2213 4955
1907 2976
2969 4629
3105 4651
3107 4526
3768 4159
907 2416
2515 4648
4502 4620
1818 3677
592 4604
2865 4280
707 4860
3826 4572
3034 4999
4850 4863
1339 4502
310 4948
4066 4821
2656 4941
125 4971
3321 4071
2523 3818
2041 4667
4027 4037
3716 4948
1500 4760
2397 2523
2770 4377
227 2583
2150 2979
1284 3129
1429 4971
2809 4629
4714 4925
2515 4971
1515 4170
1752 3848
4200 4768
1887 3279
4128 4716
4667 4874
687 4520
4648 4893
2979 4358
3154 4821
396 4924
731 4937
3963 4066
592 4743
838 4037
4234 4521
856 2141
2358 4495
2808 4334
2670 3919
636 2382
4386 4591
3359 3390
1729 4821
2453 4314
244 4629
597 3446
4604 4925
4646 4895
417 4275
3931 4648
313 2185
3554 3615
1077 3159
3107 4596
3768 4656
2906 4895
3792 4865
2300 4756
1840 2937
126 3154
632 3432
2941 4903
2087 3462
2070 3546
2213 4013
995 3507
3507 4013
949 3150
4895 4971
1297 3699
3359 4743
4399 4791
2367 4937
3865 4358
2808 3919
3852 4351
4013 4071
3288 4386
1811 3446
993 4903
3179 4821
907 4941
754 4450
2661 4774
3061 4822
2189 3716
3107 4919
3768 4774
4203 4860
4220 4503
463 4545
4651 4960
4714 4999
237 4659
2661 4220
2031 3877
1939 4052
3348 4108
2402 4971
2970 4739
3931 4646
1367 2100
2597 2937
3382 4903
2063 4903
3677 4013
3570 4159
2523 4386
4579 4667
2652 3935
1126 4658
1433 1887
2100 4671
2618 2696
2414 2881
1688 3480
1965 4999
3354 3432
544 3935
1297 4334
970 4894
2661 4656
151 4683
1647 2243
2868 4865
3921 4852
3098 4895
632 1646
1235 4929
2976 4450
2881 4848
4604 4648
2719 3963
1310 3018
712 4999
3263 3348
345 4373
3263 4222
1931 4656
2005 4334
2339 4736
3507 4332
3185 4716
1168 4948
1347 2855
1657 2102
1105 3729
4306 4919
2106 3061
1931 4894
1607 4929
4222 4451
2408 4502
4027 4979
3464 4937
207 427
2089 4400
3799 3924
1035 4757
1629 4453
846 3862
1823 3521
4262 4937
2124 4756
3288 4262
386 4757
2703 3776
2094 4760
4736 4903
3185 4450
3828 4170
2330 4537
2409 4941
3201 4373
632 1660
1676 2618
34 4629
3852 4108
538 4648
1035 4503
379 4863
838 4620
1119 4757
3462 4399
2855 3543
2102 3029
819 3029
836 3623
3348 3852
2958 3792
3877 4656
3792 4393
636 4919
4960 4979
2523 4262
641 4591
883 4268
4537 4572
343 4659
4052 4332
4179 4572
1640 4663
1676 4192
2808 4999
3729 4348
3785 4386
2703 3125
3838 4373
2061 4400
3069 4192
4757 4894
2567 4714
632 3252
3681 4159
4629 4659
3053 4215
4071 4955
2753 4955
2909 3999
3838 4599
126 1501
544 4651
1257 2430
1771 2958
1675 3125
3708 4492
227 2607
2865 4659
3546 3828
1628 4651
2457 3359
3120 4066
1629 3384
2480 4047
2724 4351
2301 4591
817 4545
3120 4373
2416 2607
4604 4999
521 3546
981 4537
2349 2934
4198 4220
2367 4591
2975 3729
3085 3261
2041 3615
2523 4591
114 4925
3493 4929
3852 4821
1676 4399
2763 3626
2808 4979
1756 3838
3953 4937
4774 4907
2979 4810
1939 4305
2694 4852
392 2759
3287 4865
3679 4062
2336 4791
1085 4850
844 4736
3507 4305
1897 3677
3287 3811
4656 4757
396 4971
4234 4480
773 4599
3526 4526
1660 3729
4373 4821
2397 4233
909 2703
3560 4170
4382 4893
1629 3681
358 1300
1186 4579
3811 4659
621 4979
1119 4894
3615 4874
379 3232
3288 4233
3089 4520
1792 3157
3826 4537
607 1897
1897 2607
2367 3785
3570 4453
4756 4760
1853 4757
2763 3841
3434 4852
3128 3745
3129 4450
3751 4683
2441 2963
4297 4658
4404 4850
3554 4848
2670 3699
2206 3924
2607 2624
2954 3570
4410 4895
1675 4760
2797 3732
3788 4924
1168 4999
1811 4520
1719 4723
3408 4971
2934 3543
2801 2954
3157 4502
4198 4572
4399 4895
2901 4739
978 3792
1204 4103
2656 4810
717 4736
909 3776
3434 4863
3623 4643
3125 4756
4382 4646
2225 4937
3085 3129
838 2624
3818 4377
1009 4159
2807 4596
3279 3841
4894 4907
2868 4659
4480 4521
1252 3521
4658 4791
2314 4874
1734 4651
907 4860
3192 4334
2414 2485
1939 4013
3150 3925
1166 3828
2141 4850
2855 4736
4215 4863
3232 4852
2485 2881
1204 3681
2903 4756
2320 4757
641 4937
394 3261
4659 4865
1587 4596
888 3475
212 4278
836 4358
4192 4399
2005 4739
260 3129
2334 4863
3679 4919
909 4756
3446 3679
343 4071
1522 4929
1109 4852
2263 2975
707 4941
1646 4222
3069 4723
3848 4629
2809 3129
3615 4667
3999 4941
1092 3999
3699 4865
4083 4651
1692 4037
1781 4404
4052 4492
2402 4924
3732 4852
687 4768
4948 4979
883 4736
2213 2753
4659 4791
3677 4399
1441 3617
1257 4716
2336 4278
4280 4659
126 4821
2881 4667
389 3475
3054 4821
533 4178
4768 4791
2005 4377
4332 4955
3019 4450
2523 4723
602 2409
2858 4012
2721 4937
2150 3382
521 4037
3852 4373
602 2901
3303 4736
2314 3526
3716 4836
613 3053
3921 4545
1085 4791
3626 3862
3570 4480
2144 4756
2113 4955
703 4314
1310 2282
1189 4314
1915 3729
1781 4358
2582 4907
2583 4332
3924 4453
846 4925
1704 2382
4183 4979
1575 4736
1709 4591
2970 4937
4382 4971
2225 3288
4453 4937
212 4596
1433 2087
271 4875
2248 3677
26 4743
791 2694
3547 4386
3507 4052
3515 4893
4656 4774
4200 4919
2661 4907
3623 4941
2138 4351
151 2371
1424 1657
688 1907
3526 4848
996 4192
4203 4941
4410 4577
4924 4971
2070 4620
11 4334
4577 4893
4836 4948
2106 3699
2592 4865
1823 4683
3953 4723
1347 4268
427 4222
23 3825
2807 4526
4822 4937
2480 2933
1756 3963
1660 2061
345 3179
4643 4941
2265 4268
2320 4220
3408 4924
2031 4907
1568 4836
185 4386
1980 2976
3877 4503
1494 4768
253 4083
1251 4810
1965 4836
3287 4791
2865 4404
2334 4907
883 3382
4047 4658
4450 4495
1401 4924
2979 4643
1429 4893
1501 3125
510 4502
2980 4013
2971 4810
2480 3925
3877 4757
2631 4874
2191 4334
3261 4495
3054 4599
237 4651
3877 4907
2703 4756
2206 4521
4648 4971
2963 4334
1853 4907
4179 4537
2719 3018
4083 4629
4108 4314
244 4865
3543 3593
533 3120
3462 3862
2584 3841
4306 4520
3838 4178
3010 4955
1777 2436
1781 4545
2624 4723
2654 3677
114 4999
1424 3745
3069 3841
1897 2769
3159 3354
275 2858
1146 1709
4895 4929
2906 4929
2436 2670
4893 4971
1550 4373
727 4941
2769 2980
2881 3263
3852 4066
2484 2583
1897 4495
1647 3029
1168 4925
1515 4502
935 2597
3924 4521
2696 4658
2969 4865
1252 4760
3768 4907
1494 3679
978 2592
1478 4521
695 4907
2416 2979
4358 4860
993 4305
2223 3018
313 2656
2061 4348
2865 2969
3179 3963
4604 4671
613 4863
1009 1478
592 4062
2969 4103
4599 4821
25 4929
1401 4021
4410 4646
3390 4198
4305 4306
3150 3626
4714 4875
2515 4893
2631 4667
3768 3877
2809 4865
3232 4351
1575 3825
1398 4924
2937 4821
265 2963
3434 3497
2063 4268
2670 4683
3111 4948
145 4999
3365 4723
407 4948
3593 4893
1676 2763
4275 4863
2263 4400
4280 4850
3408 4895
2909 4275
4012 4192
3288 4591
3054 3462
1918 3185
3826 4179
2924 4893
565 4268
3263 4865
4895 4924
4128 4757
1897 3811
310 4999
773 4373
2759 4822
3069 4399
2797 4202
1119 4907
716 4334
3799 4159
4306 4492
2652 3197
4451 4579
2265 4903
1704 4297
3785 3818
2031 4774
4066 4599
4410 4648
3729 4400
1628 4083
4278 4579
2191 4663
3261 3935
2185 4860
1885 4941
1783 4941
3446 4234
2624 4386
836 907
2336 2933
3125 3776
4591 4739
145 2955
2694 3232
920 4280
538 4971
1825 4297
2670 3061
4351 4852
1646 4756
3053 4852
1347 4736
3408 4577
2658 4736
4262 4739
1840 2656
345 3201
1607 4893
270 3646
1160 4502
168 4629
2265 4736
2661 4503
3432 4400
665 4663
2189 2198
98 4848
4925 4979
1495 2656
1664 4863
4648 4924
2416 4941
1085 4390
2230 2243
1931 4907
3623 4545
2770 3953
2358 4526
363 4480
1300 3434
4893 4929
2661 4757
3623 4860
597 3089
1885 2937
2223 3475
773 3357
898 4895
1310 4599
2939 4659
3841 4047
3497 4400
1891 3507
4450 4716
2567 4604
2858 4791
3019 3129
3128 4671
2315 4013
979 4520
3384 4521
3953 4591
4222 4390
4604 4979
970 4774
4358 4810
2263 4495
636 4768
3154 3348
394 3935
222 4865
2205 4658
2339 4810
2696 2763
4520 4768
3154 3751
2334 3877
3681 4234
2759 4683
4667 4671
2382 3357
270 4683
1853 4774
26 4768
703 3120
1528 2213
3185 4222
4062 4520
3054 4332
4393 4651
1424 3566
3789 4480
618 4351
3848 4941
126 4373
1085 4659
970 4656
1009 4480
1035 2330
3862 4297
1939 4332
4192 4202
3279 4658
4651 4865
909 2484
3617 4907
2382 4919
1272 4351
3570 3681
3931 4893
3716 4604
1494 4919
3159 3729
731 4377
1871 4821
2694 4960
75 4960
3785 4875
10 3348
2098 4393
565 4903
2031 4656
2484 4305
4012 4297
2582 4894
2106 3192
1186 2045
3085 4716
2282 3179
3 2263
2607 2654
3390 4572
3615 4278
1009 4537
949 2480
4453 4480
1918 2579
633 3862
3623 3865
3865 4941
3919 4683
2933 3626
3157 4037
731 3464
1195 4591
2453 4850
4220 4774
2906 3826
4410 4929
3776 4756
3120 3838
4393 4629
4233 4739
1492 4999
1187 4358
3252 3432
2597 4502
2089 2584
3554 4526
347 4919
4382 4410
2441 3919
521 3560
3924 4480
3931 4971
3111 3626
2045 4526
2868 4850
1168 4979
3792 4659
54 4052
363 4234
4358 4903
883 4979
2939 4083
4648 4895
313 4643
3785 4723
3921 4520
3493 4895
363 4453
3699 3919
3432 3729
4390 4667
1891 4305
1522 4971
2934 4736
3279 4047
2607 4492
4108 4373
4646 4893
3493 4646
4852 4863
2584 4400
253 4874
2969 4083
2755 4937
227 3507
2975 3159
3681 4103
2724 4852
4836 4925
2041 4222
2138 3732
2755 4739
4183 4875
2906 4893
407 4925
3646 4663
4103 4453
1500 2094
544 3261
1777 2670
150 3925
2933 4047
2582 4503
2123 4683
1704 1719
2402 4648
1664 3053
662 1646
358 4215
3120 3348
1501 2703
2100 3566
150 4756
1528 2248
4065 4716
633 1887
2248 2485
1853 3157
3617 4334
2670 3617
4399 4646
1166 4960
981 4198
3111 4875
1272 4275
578 3679
1077 4348
3921 4960
54 2607
510 3560
1195 2755
1638 2975
2980 4305
2430 2652
3789 4810
3493 4648
4262 4723
2457 4760
4021 4572
1885 4545
1965 4521
935 4502
2408 2480
4716 4822
742 4179
1664 4577
2100 4503
2578 4791
3497 4852
2874 3677
17 2113
26 4520
4052 4305
2579 3935
3768 4894
3931 4410
2441 3617
4373 4599
1230 3192
1980 3848
1501 2124
836 4545
1515 4620
4334 4663
1119 4220
363 4103
979 1811
1587 4390
3768 4220
222 4739
3825 4736
2223 4736
3010 4052
1522 4924
4179 4451
4526 4596
1587 4874
830 4760
4183 4999
4591 4822
2320 4656
2198 4108
3357 4393
391 3751
3785 4937
1756 4821
3681 4453
3789 4860
1777 4822
1939 4492
3354 4400
2063 3825
2937 4810
2371 3919
3953 4520
2138 4852
510 3828
2141 4404
363 4521
4071 4760
695 4503
4382 4924
688 2976
3507 4492
4278 4390
2954 3799
1811 4919
3010 3480
3493 4924
3288 4723
244 4280
3841 4791
4852 4960
1980 4450
3384 4480
3862 4192
91 2903
396 4929
1231 3192
3560 4620
1528 4955
3089 4768
797 3626
1367 4393
2138 4863
3107 3615
1160 3560
4262 4386
1463 4495
3 1638
838 3546
2482 3617
2954 4521
2367 4860
1915 2263
3547 3776
11 2106
3626 3925
2578 4659
597 3354
597 4480
3125 3547
2976 3129
3788 3931
4648 4929
4393 4572
717 4903
3197 4450
621 3480
1528 4305
2954 4103
4183 4925
196 4183
4545 4810
89 3061
2223 2382
3999 4643
23 4903
996 2858
2089 3252
4503 4907
4714 4979
3841 4658
1186 4278
2769 4955
3321 4822
4233 4723
3105 4404
1441 4537
3348 4821
2089 4348
2597 3828
4131 4262
3019 4716
4390 4848
2057 4948
2098 2969
2367 4723
3543 4907
907 4643
1160 3828
1965 4979
1528 4865
407 4999
1235 2763
4280 4404
3154 4066
2402 4895
1660 4348
1219 3125
3183 4220
2330 3390
360 4658
1501 4760
2582 4774
3192 3617
615 1885
1092 4810
2225 4723
2933 3862
3480 4305
2087 4903
2436 4955
3019 3261
1187 3999
2924 3826
2206 4453
394 4128
510 4620
2652 3019
1235 2205
3681 4941
3617 3919
2654 2769
592 4768
2770 4262
4202 4852
4170 4502
3089 3729
2797 4960
1703 4948
1568 4596
2150 4545
1257 4131
2061 3354
688 4450
846 3462
1771 2592
2954 3826
3054 4410
4577 4646
819 2102
2330 4021
3593 4736
2358 4667
2958 4865
2123 3699
1572 1664
4202 4863
4604 4836
4062 4768
544 4495
3716 4979
1219 2903
638 4297
4410 4893
1300 3232
615 3473
2903 4108
979 4919
2130 3157
4083 4865
608 4822
4875 4999
3357 4306
2954 4234
26 4919
1257 4450
2652 2858
3061 4062
3282 4390
4037 4502
2098 4404
1771 4013
3061 3919
456 4716
3348 3838
2721 4591
4222 4278
2971 3473
3515 4971
2583 4492
2567 4875
1035 4774
2901 4377
1492 4503
98 3462
652 4756
2955 4874
212 4451
3232 3732
2144 2457
4386 4723
2213 4332
2416 4643
2484 2753
2582 3183
2966 4591
3566 3745
4222 4874
2631 3120
3543 4736
662 2045
3111 4604
3566 4451
1781 4941
2523 2970
3357 4743
3473 4860
4131 4822
4646 4929
3811 4865
1522 4646
1931 4757
1398 4971
4278 4874
260 4065
3679 4768
2917 3432
2970 3919
1204 3924
3792 4791
4924 4929
2087 3626
17 4492
569 4596
626 4658
1029 4822
1640 2759
1915 4348
1918 3085
3862 3925
2349 3382
2958 4971
683 3089
3570 4492
1840 3999
2248 2315
2144 4760
4451 4874
2339 3390
222 4651
26 4062
3826 4198
386 4656
3931 4577
995 4332
1312 4756
3348 4373
2917 3729
253 4629
34 4865
168 4850
3384 3681
2048 4860
2631 2881
4220 4656
2225 3776
2966 3623
4108 4599
2937 4643
2300 2457
995 4955
688 4716
717 2349
0 3919
2087 3841
3852 3963
4572 4577
3279 4297
4233 4262
652 1219
4108 4821
360 1688
2976 4128
2909 4937
2031 4894
2567 4999
1781 2409
2654 3708
3150 4012
2223 4178
3493 4577
470 4736
343 4850
3446 4062
2367 4233
47 4960
2063 4736
3111 4999
4052 4071
2909 4013
2592 4393
2954 4480
4646 4656
981 4179
2300 4760
3085 4065
2382 3089
470 3382
3560 4502
3107 4874
544 4716
1029 2191
1252 3446
2048 4810
3785 4377
1219 4760
2955 4848
3475 4723
1853 4894
2696 3862
4656 4894
3263 4848
2263 2837
2631 4848
2094 3776
2315 4955
2906 4971
3515 4895
4929 4971
4979 4999
4907 4924
1029 4334
641 3365
2624 4262
1501 2903
3105 4659
427 3128
2205 3279
2909 4955
34 4083
4178 4739
1189 3120
1907 3197
3462 4791
1792 4502
3201 4821
3841 3925
125 4979
3526 4596
10 4821
2579 4716
3150 4526
3521 4875
2362 4179
3799 4103
2453 4659
3150 3862
2098 3811
687 4919
1367 4671
618 4202
993 3543
1688 4955
3818 4739
2484 3677
2764 3263
3848 4083
4651 4850
2652 4716
2048 2971
4220 4894
3473 4810
4013 4860
10 1729
3018 3201
1398 4929
3792 4850
2755 3288
98 4874
2719 3852
904 3838
4667 4848
3462 4012
695 4774
75 4377
1189 1310
3359 3826
13 4643
1231 3646
2485 3554
47 618
353 4275
791 1688
949 4658
2675 4894
4305 4495
1709 4822
3999 4203
3111 3157
4526 4848
3018 4108
275 3150
2124 4760
2934 4903
3543 4268
2094 4756
3480 4071
1823 4334
2371 4683
981 4894
551 2213
360 3462
636 871
2485 2764
2243 2939
1494 4021
2924 4929
17 2654
3732 4202
613 4852
1703 4875
1752 4382
3953 4233
2801 4480
2031 4757
3150 4658
4925 4948
791 4960
632 2837
2963 4683
2658 4903
754 4716
4220 4907
2100 3128
3434 4202
3085 3185
4404 4656
2592 3382
1657 4671
4233 4386
1692 4170
3434 4275
1257 3197
2721 3464
3593 4971
2970 4723
3999 4810
4768 4919
2515 4895
3069 4658
2206 4480
1195 3785
86 4351
1231 3919
2582 4757
2874 4332
75 4202
275 4658
2868 3811
4348 4400
4648 4651
993 3825
1495 4919
2320 4503
1675 2903
1709 3953
4021 4198
2061 3252
2578 4651
3838 3963
626 3862
717 2658
1568 4948
2924 4895
3263 3554
4579 4848
1310 3852
3716 4999
2397 3785
2582 3354
2969 4659
1771 4865
2314 4526
3953 4131
836 4643
2980 4386
533 3154
1703 2263
1126 4297
1676 4012
2048 4941
1703 4999
4198 4537
3931 4382
207 3566
856 4629
3462 4297
1660 4400
3159 3497
265 1823
129 4202
427 1231
3179 4178
2939 4572
1429 4929
358 3434
3526 3554
150 2696
602 4810
1433 4047
3480 4492
4377 4822
129 4863
3507 4306
2314 4222
2941 3303
3679 4200
3789 4941
4386 4937
2141 4629
2807 4579
3252 4903
1607 4895
3384 3799
4222 4848
1585 3150
2675 4757
4545 4643
2770 4739
2408 2903
578 4863
389 4108
597 4919
3089 4062
3018 4178
4591 4604
3799 4480
4200 4658
3107 4848
3434 4960
2336 3069
4351 4863
2654 4492
2484 4492
2807 4278
2100 3745
2719 4314
1792 4620
2334 4220
2349 3825
3848 4850
396 4893
3263 4451
4503 4774
1272 4960
3788 4047
3751 4821
993 3382
2113 3865
1709 4495
343 3287
592 4919
2970 4386
3473 4643
23 4736
456 1980
2764 4874
4012 4714
1179 4960
898 4893
1463 2654
4848 4874
2094 2457
3921 4768
1160 3157
394 4716
3464 4233
2874 2980
4714 4948
2903 4760
150 2933
1424 4743
3593 4268
2906 4924
151 2339
712 4979
1507 3826
3111 4979
3354 3729
2807 4667
407 4979
1918 4716
909 4760
1585 2087
3120 4739
4268 4903
638 3159
665 3521
2858 3862
662 4222
2150 4306
727 2416
1126 3069
615 4545
3480 4955
3776 4760
1492 4979
3125 4875
3546 4170
4278 4875
2797 4863
86 4960
2144 2903
1029 3646
3192 3646
3963 4599
1840 4810
2336 3279
4604 4714
615 4941
2223 4373
2409 4643
3811 4651
621 4955
2198 3475
0 4874
417 3497
3432 4348
3931 4895
569 3615
1646 2041
1719 3464
2282 3475
1492 4875
1585 4012
2057 4999
3129 3197
11 4683
3493 4971
2320 4894
2966 3473
343 3848
3818 4723
145 4948
2191 3521
2301 2807
244 4083
2336 4297
47 4275
1126 4012
1230 2441
791 4351
2130 4620
3129 3935
3681 3799
3382 4268
2339 4683
2970 2975
1507 4198
3828 4037
1607 4971
1347 3825
2206 4103
3382 4736
888 2719
237 3287
3799 4234
1500 4756
1657 3745
1522 4895
3768 4757
909 1312
2865 3848
3566 4671
626 4047
4399 4924
3019 4495
3617 3646
2191 3931
3751 4314
4646 4971
3157 3560
2414 4390
4013 4955
1478 3799
618 3732
3010 4492
3768 4503
3034 4979
3493 4893
196 4683
2696 3150
4893 4924
91 4756
1009 4521
4503 4656
2941 3593
2005 2397
3408 4929
641 4723
89 2191
1300 1604
2901 3288
3365 4739
2631 4596
2106 4948
34 4850
54 4955
1146 4739
1692 4620
3390 3826
1092 4860
1734 4850
4646 4648
1587 3526
1187 4941
3921 4202
4233 4937
2675 3877
2057 4875
3788 4382
4262 4591
2764 4278
4234 4453
2402 4646
4643 4822
1195 2397
1155 4658
310 4925
89 392
3877 4220
3497 4960
1783 4810
2070 4502
4071 4545
993 2063
4774 4894
1704 4520
345 2198
2652 3462
1105 1638
4520 4919
1339 4620
360 3732
168 4393
771 4757
3019 3197
2441 3646
2901 3365
2652 4128
641 4875
1675 2124
3282 4596
3924 4027
4743 4919
920 3792
621 2769
2339 2482
2755 4723
2937 4545
23 4268
3507 4480
3681 4480
871 4919
1478 4453
3570 4234
1155 4012
1607 4646
17 2874
1550 4599
2631 4579
856 4659
1109 3732
838 4999
3716 4714
3828 4599
2358 4278
2584 4348
3921 4275
1146 4937
1441 3826
1492 4925
3183 4774
3546 4037
1719 4591
2567 4925
1887 3626
2808 4948
920 4393
3566 3708
981 2330
3623 4047
1891 3348
126 389
168 3792
2102 4671
4306 4768
4503 4894
2480 4451
91 652
4200 4743
4202 4960
98 4667
2098 4865
3493 4382
2764 4596
2675 4220
1777 3617
3475 3963
3679 3921
703 3852
2243 4671
817 4643
4178 4821
2703 3788
3547 4756
2837 4348
2230 3566
3197 4716
4604 4948
703 4066
496 2868
1907 3935
3825 4903
1424 4200
3925 4297
2300 3776
3788 4893
935 3828
538 4893
2409 4860
3626 4658
3159 3252
222 4103
3287 4280
996 3626
3615 4526
1704 3679
496 4865
756 4925
1628 4865
417 4960
4658 4756
84 3354
4382 4577
3365 3818
1094 4893
1915 2837
2334 4757
1729 4178
3788 4971
1550 4066
3053 4863
3799 4453
1507 3359
456 3261
89 3521
2485 4874
1433 4399
1647 3566
2265 2934
4083 4850
2045 4278
2941 3382
2941 4268
3183 4907
797 996
2966 4545
3615 4222
3617 4875
313 4810
2868 3287
4203 4810
3679 4520
3646 4334
2089 2837
310 4979
1109 4351
2314 4667
1168 3098
2955 4667
3475 4599
844 3593
1231 2416
4577 4929
2402 4893
1647 3128
981 4021
463 4643
2618 2763
3157 4170
2048 3999
3053 4960
3475 4821
3865 4860
237 4280
1105 4348
4198 4203
4268 4736
3785 4739
89 665
3473 4545
1734 3811
4651 4791
521 3408
2980 4332
1429 2858
3232 3434
2658 3192
2809 4579
2061 2837
3098 4929
1300 4863
2675 3473
2801 3924
1811 4768
1907 3019
2100 2102
4492 4955
742 4198
4404 4629
1231 3061
1568 4875
4453 4756
4275 4960
2939 4671
4836 4999
1891 4377
970 4907
1251 4941
1312 2457
846 2797
2031 4646
2855 3825
427 1752
2881 4874
2189 3615
1398 4895
3546 4620
3010 3677
1734 2578
1602 4895
1155 3626
898 4971
2901 4937
2865 3811
2005 3818
2979 4860
3390 4537
2583 4013
2732 4393
1777 2963
597 4768
2979 4941
2430 4450
638 2205
1887 2618
2282 3963
1734 4280
665 2191
86 4863
2041 2314
695 4894
727 3999
2330 4852
1312 4760
2223 4821
1575 4903
3848 4404
695 2868
3288 3321
3924 4103
2801 3799
1825 4192
3384 4234
3716 4875
84 4400
3593 4903
3838 3852
3464 4386
3925 4192
3069 3925
3716 4027
2282 4373
3408 4410
3615 4579
1189 4066
2584 2837
521 4620
3841 4629
856 4850
2248 4332
2382 4062
2769 3677
3357 4062
4305 4865
1252 4667
683 4919
2937 4941
3473 3865
2301 4739
2797 4275
1272 3232
2230 3029
353 4537
2515 4646
25 4863
904 3201
1094 4971
391 4358
3384 3570
3526 4390
846 1126
2485 4579
2430 3935
1965 4925
2906 4646
2098 4651
771 3493
3 4503
2482 3192
3359 4179
2371 3252
4021 4865
1629 4480
4262 4377
731 3365
4377 4591
2185 4358
114 4948
1885 4860
871 4768
35 3626
4399 4929
4047 4297
3462 4047
0 4661
3 4816
10 4519
11 4712
13 2342
17 4142
23 1249
25 4957
26 3687
34 3855
35 4993
47 4405
54 4117
75 4137
84 4464
86 4972
89 3523
91 4829
98 4669
114 1846
125 3767
126 4981
129 4747
145 4983
150 3271
151 4276
168 4801
185 4040
196 4580
207 4887
212 4491
222 4789
227 4901
237 2766
244 2473
253 4434
260 4277
265 3884
270 4804
271 4043
275 3043
310 2989
313 4608
343 3900
345 2960
347 4859
353 4853
358 4598
360 4323
363 3652
379 4951
386 4488
389 4789
391 4640
388 392
394 3443
396 3905
407 4402
417 4686
434 4939
456 3713
463 3450
470 2707
496 4595
510 4951
521 4640
533 4308
538 1444
544 4003
551 4844
565 4998
569 4956
578 4458
592 3730
409 597
602 2981
607 4601
608 1352
613 4218
615 4096
618 4953
621 4796
626 3079
433 632
633 4744
636 3428
638 4868
641 4567
652 2291
662 4740
665 2543
683 4527
687 4707
688 2791
695 4105
703 2423
707 2688
712 4347
716 2765
717 4584
727 4176
731 4035
742 3257
754 4401
756 4704
771 4466
773 3899
791 4734
797 4897
817 4166
819 4870
830 4738
836 4294
838 4927
844 4421
846 3582
856 4534
871 4625
883 4802
888 4986
898 2071
904 4029
907 2600
909 4505
920 1921
935 3504
949 4654
970 4689
978 4877
979 4398
981 3843
993 4825
995 4892
536 996
1009 4344
1029 3746
1035 4861
1077 4592
1085 4600
1092 4838
1094 4080
1105 4522
1109 4461
1119 4090
1126 3541
1146 4466
1155 4352
1160 3106
1166 4223
1168 4440
1179 3369
1186 4969
1187 4509
1189 4991
1195 4118
647 1204
1219 2489
1230 1740
1231 4337
1235 4934
1251 4938
1252 4806
1257 4666
1272 1934
1284 4461
1297 3285
1300 3350
1310 3412
1312 4703
1339 3923
1347 4965
1367 4870
1398 2433
1401 4054
1424 4870
1429 4881
1433 4082
1463 4959
1478 4704
927 1492
1494 3091
1495 4887
1500 4956
1501 4920
1507 4923
1515 4350
1522 4789
1528 4176
1550 4293
1568 4560
1572 4466
1575 2747
1585 1673
1587 4421
1602 4872
1513 1604
1607 4698
1628 3445
1629 2222
1638 4544
1640 3414
1646 4522
1647 4953
1657 2532
1660 4389
1664 4869
1675 4325
1676 3581
1688 1984
1692 4362
1703 3498
1709 4469
1719 3812
1729 2317
1734 3612
1752 4880
1756 3230
1771 4991
1777 4829
1578 1781
1191 1783
1792 4281
1811 4772
1818 4813
1823 4872
1825 4224
1840 4727
1853 4917
1871 4884
1885 4855
1887 4914
1891 4080
1897 2449
1907 3967
1915 4189
1918 3550
1931 3012
1939 4824
1948 4690
1965 4437
1980 4747
2005 4645
2031 3800
1315 2041
2045 4207
2048 4878
2057 4944
2061 2625
2063 3894
2070 4534
2087 2884
2089 3366
2094 3265
2098 4931
2100 4685
2102 4981
2106 3972
2113 4097
2123 3743
992 2124
2130 3063
2138 4054
2141 4789
2002 2144
2150 3141
2185 3130
2189 4556
1489 2191
2198 3779
2205 2451
2206 4501
2213 3639
2223 3280
2225 4095
2230 4272
2243 4257
2248 2784
2263 4362
2159 2265
516 2282
1914 2300
2301 4512
2314 3284
2315 4689
2320 4295
2330 4669
2334 4679
2336 2828
2339 3298
2349 3318
2358 4961
2362 4967
2367 4245
2371 4621
2382 4272
2197 2397
2402 4778
2408 4263
2409 4412
2414 4635
2416 4003
2430 4692
2436 4456
2441 3892
226 2453
2457 3974
2480 3130
2482 4340
2484 4653
2485 4541
2515 4174
2523 4745
2567 4665
2578 4786
2579 4950
2582 4563
2583 4946
2584 4802
2592 4323
2597 3832
459 2607
2121 2618
2624 4186
2631 4705
1123 2652
2654 4770
2656 4737
2658 4008
2661 4882
2670 3508
2675 4016
2512 2694
2696 4254
1430 2703
2719 4862
2721 4755
2724 4771
671 2732
2753 4442
375 2755
1104 2759
1243 2763
1356 2764
2769 4766
2770 3669
1878 2797
2801 4665
2807 3991
2808 3643
2809 4641
2837 3427
2354 2855
2858 4562
2865 3389
2868 4710
2874 4375
2881 4679
2901 3102
2903 4493
2906 3959
2909 3916
1909 2917
2924 4046
2933 4300
2934 3756
1114 2937
2939 4820
2525 2941
2954 2957
2955 3293
2958 4787
2963 4832
2966 4514
2969 4368
2970 4722
2971 4551
2975 4809
2976 4633
2979 4293
2980 4130
3010 3875
1080 3018
3019 4792
3029 4870
3034 4712
3053 3268
3054 4718
1104 3061
3069 3079
3085 4747
3089 4225
3098 4326
3105 4693
3107 4026
3111 4433
3120 4079
2990 3125
3128 4870
3129 4019
1054 3150
3154 3796
3157 4498
3159 4858
3179 3509
3183 3188
3185 3632
3192 4560
3197 3591
3201 4816
3232 4853
3252 3938
3261 4172
3263 4207
3279 4975
3282 4976
3064 3287
1618 3288
3303 3709
3321 4920
3348 4776
3354 4442
3357 4057
3359 3727
3365 3581
3382 4715
3384 4115
3390 4512
1847 3408
3432 3928
3155 3434
1144 3446
3325 3462
3464 4809
1331 3473
3475 4516
3480 4353
3493 4286
3497 4795
3112 3507
3366 3515
3521 3817
3215 3526
3543 4993
3546 4173
3253 3547
3554 4891
3560 4984
910 3566
3570 4825
3593 3600
3615 4887
2565 3617
2761 3623
3626 4458
3646 4585
3677 3744
2226 3679
526 3681
3094 3699
3708 4030
3716 3775
3729 4703
3732 3757
3745 4587
3751 4977
1976 3768
3776 4285
3785 4557
3788 4600
3789 4712
3792 4603
1562 3799
3133 3811
2352 3818
3825 4541
3826 4245
3809 3828
3271 3838
3841 4991
3848 3903
3852 4375
3862 4715
3865 4405
2947 3877
1821 3919
3921 4641
3924 4227
3925 4117
2199 3931
3935 4666
3953 4977
2968 3963
2538 3999
4012 4777
3694 4013
1630 4021
3900 4027
4037 4184
4047 4365
3892 4052
4062 4891
4065 4534
4066 4539
3097 4071
4083 4553
173 4103
3011 4108
2326 4128
4131 4498
4159 4298
4170 4445
4178 4855
4126 4179
4183 4720
4192 4518
4198 4581
4200 4879
910 4202
4003 4203
3343 4215
137 4220
4206 4222
4233 4438
3687 4234
4262 4957
4268 4888
1342 4275
3806 4278
2748 4280
2507 4297
3990 4305
4306 4360
4314 4862
1445 4332
3906 4334
290 4348
4351 4962
108 4358
2249 4373
4377 4745
3090 4382
2392 4386
3059 4390
3256 4393
4232 4399
4400 4679
4404 4415
4410 4418
4450 4625
4451 4679
4054 4453
2974 4480
3487 4492
759 4495
4502 4625
4499 4503
4520 4588
3851 4521
1764 4526
4018 4537
3941 4545
4293 4572
4577 4762
3806 4579
4591 4745
4345 4596
3567 4599
4575 4604
4620 4786
4504 4629
4516 4643
3795 4646
4221 4648
4468 4651
2014 4656
4365 4658
4659 4660
2096 4663
3026 4667
3990 4671
4437 4683
4636 4714
3911 4716
3008 4723
2507 4736
4095 4739
4219 4743
4756 4764
2606 4757
2853 4760
3609 4768
4666 4774
1192 4791
3562 4810
3140 4821
421 4822
2234 4836
4506 4848
4850 4942
4852 4866
1613 4860
3294 4863
753 4865
1800 4874
3540 4875
3380 4893
2932 4894
3639 4895
1097 4903
2822 4907
2173 4919
4298 4924
2232 4925
4253 4929
4884 4937
4097 4941
4948 4985
4445 4955
4853 4960
4298 4971
1209 4979
3964 4999
0 4752
11 4813
13 4666
25 4840
26 2598
34 4991
35 4982
47 4561
54 4900
75 4489
84 4862
86 4636
89 4769
91 4454
98 4431
125 4983
129 4587
151 631
168 4753
185 4533
196 4608
212 4858
227 4936
237 4964
253 4132
158 260
265 4959
270 4246
271 3039
275 4984
310 4864
343 4568
345 4145
347 3024
353 4839
358 4808
363 4823
379 4782
386 2036
391 3525
392 4917
394 4818
396 3806
407 2524
417 4956
434 3652
456 4040
463 3640
470 4856
510 1333
533 4814
544 4350
551 4517
565 1910
569 2900
578 4476
592 4304
602 2827
608 4622
613 3418
615 1200
618 4746
621 4347
626 4042
632 3777
633 4567
636 4428
638 4443
641 1663
652 4858
662 4773
665 4805
687 3800
688 4809
695 2563
703 3065
707 1950
712 4958
716 4240
727 2895
731 4996
754 3849
756 4401
773 3190
791 3922
797 4815
817 4677
819 4140
830 4674
838 4684
844 3614
856 4362
871 4811
888 4758
904 3869
909 4531
920 3624
935 4681
949 4890
970 4854
995 4252
996 4906
1009 4636
1035 4710
1077 3728
1085 3571
1092 3944
1094 4357
1105 3549
1109 3421
1119 4010
1126 4996
1146 2545
1155 4365
1160 4681
1166 4910
1179 3930
1186 4735
1187 4405
1189 4816
1195 4728
1204 4936
1219 4208
1230 4808
1235 4969
1251 4727
1257 3457
1272 4916
1284 4797
1300 4889
1310 4120
1339 4508
1347 4994
1367 2996
1398 3918
1401 2156
1429 4068
1433 4833
1463 3892
1478 4568
1494 4001
1500 4962
1507 4695
1522 4706
1528 4930
1550 3981
1568 3857
1572 3980
1575 4483
1585 3698
1587 4407
1602 4589
1604 4650
1607 2846
1628 4621
1629 4534
1638 4783
1313 1640
1647 4839
1657 4980
1660 3549
1664 4978
1675 4518
317 1676
1688 4928
1692 4873
1703 3489
1709 3231
1719 2551
1729 4688
1734 4252
1756 2034
1771 2277
1777 4974
1781 4574
1783 4359
1792 3482
1811 4424
1818 4728
1825 4958
1642 1840
1853 4987
1871 2814
1885 4972
1887 2806
1891 4728
1897 4160
1848 1907
1918 4747
1939 3102
1948 3430
1965 4969
1980 4625
2005 2327
2031 4302
2041 4871
2045 3222
2048 4849
2057 2058
2061 4199
2063 4195
2070 4442
1157 2089
2094 3052
2043 2100
2102 4628
2106 4994
2113 4950
2123 3044
507 2124
2130 4576
2138 4533
2144 4914
2150 4953
2185 4880
2189 2922
2191 3168
2198 4308
2205 3866
2206 4315
2213 3915
405 2225
2230 4880
2243 4261
2265 4702
2282 4036
2300 2598
2301 2306
2314 2466
2315 2834
2320 3731
2330 4813
2334 3611
2336 3335
2339 4832
1172 2349
2358 3449
2362 3320
2367 2522
2371 4674
2382 4300
2397 4063
2402 4223
2408 3291
2409 4727
2414 4421
2430 4539
2441 4338
2453 4506
2457 4996
2482 4914
2485 4868
2515 4584
2523 4524
2567 4449
2578 3777
2579 4625
2582 4946
2583 4548
2592 4533
2597 4849
2607 4365
2618 2863
2624 2994
2652 4625
2654 4773
2656 4704
2658 3971
2661 3597
2254 2670
2675 4193
2694 3757
2696 4459
2703 4943
2719 3220
2721 4641
2724 4701
1313 2732
2753 2756
2755 4283
1943 2759
2763 4896
2764 4317
2769 4662
561 2770
2797 3094
2801 4818
2807 4186
2808 3502
2809 4634
2837 4861
2855 4307
2858 4747
2862 2865
2868 4673
2874 3892
2881 3006
2901 4978
2000 2903
2906 4690
2909 4813
2512 2917
2924 3702
1101 2933
2934 4701
2937 4435
2939 4754
2226 2941
2954 4296
2955 4541
2958 4116
2963 3835
2966 4325
158 2969
2970 4609
2971 4727
1012 2975
1307 2976
2640 2979
2980 4482
3010 3694
3018 4146
3019 3057
3029 4169
3034 4828
3053 3290
3054 4417
3061 4973
3069 4542
3085 4625
3089 4085
3098 4156
3105 3817
3111 4560
3120 4171
3125 4773
2996 3128
3129 4353
3150 4792
3154 4660
3157 4581
3159 3218
3179 4862
3185 4697
3192 4842
3197 4625
3201 3872
3232 4906
3252 4921
3261 4484
3263 4350
3260 3279
3282 4624
3287 4114
3288 4998
3303 3500
3321 4484
3348 4862
3354 3885
3357 3928
3359 4522
3365 4669
3382 3746
3384 4697
3390 4912
2660 3408
3432 4945
3434 4888
24 3446
3462 3893
3464 3991
3473 4952
3475 4856
3096 3480
3493 3643
3496 3497
2742 3507
3515 4413
3521 4859
3526 4934
3546 4403
3547 4891
1358 3554
3447 3560
3566 3669
2055 3570
3593 4753
3181 3615
3617 4054
3623 4707
3626 4129
3646 4879
3677 4570
3679 4686
3255 3681
3163 3699
3708 4816
3716 4952
3729 3859
3732 4761
3669 3745
2722 3751
3768 4298
3561 3776
3785 4354
3377 3788
3789 4897
3792 4936
3799 4684
2090 3811
3818 4485
1409 3825
2289 3826
2368 3828
3838 4156
1101 3841
3538 3848
3852 4725
3754 3862
1884 3865
3877 4098
3919 4877
3921 4966
3924 4785
3925 3929
1613 3931
3935 4965
3953 4148
3963 4974
3999 4416
2434 4012
4013 4608
2512 4021
4027 4952
4037 4693
3955 4047
4052 4086
3645 4062
4065 4721
4066 4432
1057 4071
4083 4095
3381 4103
4091 4108
4128 4600
4131 4738
3009 4159
4170 4942
4178 4704
2090 4179
4183 4779
4192 4660
4198 4621
4200 4752
4202 4639
4203 4963
4215 4887
4220 4861
3720 4222
2771 4233
3178 4234
4262 4828
2276 4268
4275 4966
3993 4278
4280 4549
3237 4297
4305 4932
4306 4885
4314 4479
2310 4332
4334 4984
4319 4348
4351 4593
2068 4358
4085 4373
4377 4645
4382 4932
4386 4645
4045 4390
4393 4402
4107 4399
3106 4400
4404 4588
560 4410
4450 4694
4451 4741
3021 4453
4152 4480
2997 4492
4495 4507
4502 4706
4503 4861
3686 4520
4391 4521
3313 4526
4054 4537
4487 4545
4572 4951
4289 4577
4033 4579
4477 4591
4370 4596
4136 4599
4604 4952
4620 4765
4629 4789
3540 4643
3797 4646
3911 4648
4361 4651
4656 4861
4196 4658
4659 4783
4171 4663
3500 4667
4671 4938
4683 4886
3937 4714
4249 4716
4723 4921
4736 4790
1672 4739
4039 4743
4323 4756
4757 4861
1386 4760
3503 4768
4774 4936
2619 4791
4807 4810
3492 4821
3842 4822
2353 4836
4848 4899
4847 4850
3807 4852
4475 4860
3881 4863
4789 4865
4874 4982
4007 4875
3233 4893
4861 4894
4706 4895
4889 4903
4907 4922
4919 4965
4847 4924
4925 4952
4544 4929
4616 4937
4837 4941
3964 4948
4436 4955
2862 4960
3810 4971
4007 4979
4007 4999
0 2842
13 4849
25 2677
35 4704
47 4174
75 4962
125 4807
129 4547
151 3286
260 4711
265 4872
270 4890
347 2558
353 4680
391 4353
392 3149
394 4839
396 4093
407 4988
434 3318
456 4820
565 4819
608 4794
618 4861
626 2510
652 3207
662 4139
665 3389
716 4869
754 1705
756 4089
773 4933
856 2531
970 4077
995 4075
996 4795
1035 4398
1179 3757
1187 4856
1189 4369
1204 3364
1219 4606
1230 4967
1235 4236
1284 4578
1310 3843
1347 1597
1367 4913
1398 4150
1401 4923
1433 4725
1463 4149
1500 3259
1507 3366
1550 4685
1572 4481
1575 4946
1604 3505
1628 4417
1638 4562
1660 3360
1688 4046
1337 1692
1818 4857
1825 4638
1871 4676
1887 4806
1980 4938
2041 4666
2057 4540
2094 4928
2100 4296
2102 3505
2113 4253
2123 2537
2124 3513
2138 4489
2144 3906
2150 4707
2185 4795
2189 2651
2225 4745
2230 4870
2265 4834
1862 2315
2330 2943
2339 4150
2358 4487
2362 4811
2371 3791
2408 4980
2409 2530
2430 4623
2441 4701
2453 4801
2482 4529
2485 4582
2523 4838
2567 4737
2578 4499
2579 4684
2582 3133
2583 4952
2592 4592
2597 3437
2618 4214
2652 4927
2656 4212
2658 4946
2661 4174
2670 3414
2675 4684
2694 3601
1520 2696
2719 3642
2724 4853
2732 4531
2753 4550
2763 2923
2764 4540
2769 3309
2253 2797
2801 4086
2807 4853
2808 4809
2809 4473
2837 4359
2855 3907
2858 3524
2865 3856
2868 4931
2874 4075
2881 4776
2901 4745
2903 4288
2909 4657
2924 3703
2934 4689
2939 4647
802 2941
2954 4864
2955 4998
2958 4532
2966 4935
2971 3830
2976 4840
3010 3202
3018 4101
3019 4251
3029 3040
3034 4926
3053 4853
3054 4799
3061 4289
3089 4359
3098 4994
3105 4947
3128 4880
3129 3742
3150 3592
3157 4279
3179 4761
3192 3968
3197 4859
3261 4433
3279 4608
3282 4644
3287 4642
3303 3744
3321 3831
3348 4258
3357 3914
2552 3365
3382 4742
3390 4649
3408 4570
1995 3432
3434 4935
3189 3446
3205 3462
1581 3464
3473 4727
2133 3493
3497 4428
3507 4978
3515 4552
3521 4068
3526 3995
3546 4645
3547 4808
2395 3560
3566 4880
3556 3570
2279 3615
314 3617
3623 4747
3677 3694
3679 4788
3681 4573
3699 4745
3708 4868
163 3716
2278 3729
3732 4654
3745 4250
3751 4939
3768 4859
3785 3839
3788 3990
3789 4752
3799 4623
3811 4945
3818 4616
3825 4772
3826 4296
3828 4341
3838 4798
3841 4102
3848 4789
3852 4300
3078 3862
3636 3865
3479 3877
3921 4488
3922 3924
3925 4921
3186 3931
3935 4747
3953 4645
3963 4697
3048 3999
4010 4012
2310 4013
2679 4021
2487 4027
3482 4037
4047 4171
4052 4840
4065 4637
4066 4902
4071 4666
4083 4601
4103 4939
4108 4777
4128 4284
4131 4813
4124 4159
4170 4661
4178 4908
4179 4431
4183 4958
4192 4729
4197 4198
4200 4943
2081 4202
4203 4575
4215 4631
4220 4741
4233 4419
4234 4317
4262 4745
4268 4884
3693 4275
1737 4278
4277 4280
3200 4297
4294 4305
4306 4911
3836 4314
4332 4763
2433 4334
1447 4348
4351 4488
4358 4844
4373 4536
4377 4842
4382 4722
4148 4386
1737 4390
4383 4393
4399 4944
3933 4400
2497 4404
4403 4410
4137 4450
4014 4451
2105 4453
4480 4483
4074 4492
3609 4495
4502 4815
4493 4503
4520 4536
3672 4521
4431 4526
2620 4537
4534 4545
4392 4572
3827 4577
4421 4579
4019 4591
3806 4596
3236 4599
4604 4913
3401 4620
4483 4629
3830 4643
4646 4886
4648 4832
4651 4784
3704 4656
4205 4658
4659 4669
4663 4867
4541 4667
4671 4870
4683 4685
4443 4714
4716 4735
4259 4723
2960 4736
4739 4900
4743 4832
4584 4756
3892 4757
3459 4760
3422 4768
4774 4861
4790 4791
3830 4810
4816 4821
4394 4822
4389 4836
3991 4848
4789 4850
4837 4852
2322 4860
3268 4863
4499 4865
3991 4874
4875 4952
4686 4893
4837 4894
4717 4895
4641 4903
4889 4907
4919 4928
4710 4924
4785 4925
4564 4929
4095 4937
4775 4941
4948 4968
4912 4955
4391 4960
4961 4971
3021 4979
3986 4999
25 4193
75 4662
265 1750
353 4920
565 3044
608 3209
996 4365
1187 4500
1284 4209
1463 4232
1572 4961
1604 4481
1692 4510
1818 4829
1825 4993
1887 4933
2123 4951
2124 4513
2189 4464
2362 4212
2408 4283
2096 2441
2453 4594
2482 4823
2579 3767
2675 4905
2694 4635
2732 3790
2807 4974
2808 4740
2909 3947
2939 4880
2745 2954
2958 4692
2966 4917
2976 4909
3019 4500
3034 4547
3053 4684
3128 4990
3188 3261
3279 4365
3282 4608
3303 4325
3119 3321
3473 3478
3521 4301
3526 4837
3546 4916
3615 4851
3623 4835
3318 3677
3708 4731
3745 4835
3339 3751
3768 4172
3785 4645
3281 3788
3754 3789
3818 4872
3533 3838
3848 4339
3331 3877
3576 3921
3925 4887
3935 4949
3963 4461
4021 4260
4047 4064
4065 4958
4066 4814
4083 4849
4103 4160
4108 4862
3414 4131
4159 4737
4170 4690
4178 4862
4183 4900
4054 4198
4200 4989
4202 4853
3101 4203
4215 4589
4220 4938
4233 4770
4259 4262
4268 4748
4275 4366
4278 4691
4149 4280
4297 4712
4298 4306
4351 4464
4358 4727
4363 4373
4230 4377
4097 4382
3086 4386
4390 4872
4189 4399
4230 4400
3943 4404
4450 4770
4451 4777
4286 4480
4492 4501
4495 4998
4230 4502
2693 4503
4466 4526
4524 4537
4545 4610
4572 4799
4528 4577
4579 4790
4591 4602
3313 4596
4599 4862
4310 4604
3407 4620
4403 4629
4646 4876
2714 4648
4448 4651
4338 4658
4406 4659
4524 4663
4431 4667
4605 4671
4683 4686
4714 4952
3374 4716
4736 4983
4587 4739
4251 4743
4756 4900
4429 4757
4749 4760
3689 4774
1639 4791
3450 4810
4821 4824
4638 4822
4818 4836
4817 4848
4470 4850
3175 4852
4061 4860
4863 4873
4014 4874
4531 4893
4894 4958
4298 4895
4105 4903
4902 4907
3635 4924
4298 4929
4934 4937
3767 4941
2676 4948
4955 4985
4040 4960
4576 4971
4952 4999
2189 4913
2362 4820
2482 3414
2958 4276
3053 4489
3526 4640
3789 4909
3838 4984
3190 4178
3660 4183
4198 4954
4200 4824
3161 4203
4215 4951
4233 4721
4278 4693
4280 4876
4306 4727
4373 4920
3213 4377
4264 4382
3213 4386
4399 4952
3250 4451
4495 4761
4503 4603
4545 4588
4014 4596
4199 4599
4648 4650
4667 4795
4690 4714
4653 4743
4774 4794
4143 4821
4822 4976
4834 4848
4590 4850
4541 4874
4894 4913
4895 4911
4861 4907
4801 4924
4898 4929
4439 4941
4955 4984
4926 4960
4727 4971
4215 4586
4306 4904
4421 4596
4229 4822
