34 1 0 0 0 0 0 0 0 0 1
107 0 1 0 0 0 0 0 0 0 1
173 0 1 0 0 0 0 0 0 0 1
348 0 0 1 0 0 0 0 0 0 1
363 0 0 0 0 0 0 0 0 0 1
370 0 0 0 0 0 0 1 0 1 0
373 0 0 0 0 0 0 0 0 1 0
374 0 0 0 0 0 0 0 0 0 1
376 0 0 1 0 0 0 0 0 0 1
378 0 0 0 0 0 0 0 0 0 1
391 0 0 0 0 0 0 0 0 0 1
394 0 0 0 0 0 0 0 0 0 1
395 0 1 0 0 0 0 0 0 0 1
400 0 0 1 0 0 0 0 0 0 1
412 0 0 0 0 0 0 0 0 1 0
422 0 0 0 0 0 0 0 0 0 1
423 0 0 0 0 0 0 1 0 1 0
427 0 0 0 0 0 1 0 0 0 1
428 0 0 0 1 0 0 0 0 0 1
431 0 0 0 0 0 0 0 0 0 1
434 0 0 0 0 0 0 0 0 0 1
436 0 0 0 0 0 0 0 0 0 1
438 0 0 0 0 0 0 0 0 0 1
461 0 0 0 0 0 0 0 0 1 0
465 0 0 0 0 0 0 0 0 0 1
475 0 0 0 0 0 0 0 0 0 1
480 0 1 0 0 0 0 0 0 0 1
483 0 1 0 0 0 0 0 0 0 1
492 0 0 0 0 0 0 0 0 1 0
496 0 0 0 0 0 0 0 0 0 1
500 0 0 0 0 0 0 0 0 0 1
506 0 0 0 0 0 0 0 0 0 1
513 0 0 0 0 0 0 0 0 0 1
514 0 0 0 1 0 0 0 0 0 1
515 0 0 0 0 0 0 0 0 0 1
524 0 0 1 0 0 0 0 0 1 0
542 0 0 0 0 0 0 0 0 1 0
544 1 0 0 0 1 0 0 0 0 1
553 0 0 0 0 0 0 1 0 1 0
556 0 0 1 0 0 0 0 0 0 1
558 0 0 0 0 0 0 0 0 0 1
559 0 0 0 0 0 0 0 0 0 1
561 0 0 0 0 0 0 0 0 0 1
563 0 0 0 0 0 0 0 0 0 1
566 0 0 0 0 0 0 0 0 1 0
567 0 0 0 0 0 0 0 0 1 0
573 0 0 0 0 0 0 0 0 0 1
574 0 0 0 0 0 0 1 0 1 0
575 0 0 1 0 0 0 0 0 0 1
576 0 0 1 0 0 0 0 0 1 0
577 0 1 0 1 0 0 0 0 1 0
578 1 0 1 0 0 0 0 0 0 1
579 0 0 1 0 0 0 0 0 0 1
580 0 0 0 0 0 0 0 0 1 0
581 0 0 0 0 0 0 0 0 0 1
582 0 0 1 0 0 0 0 0 0 1
583 1 0 0 0 0 0 0 0 0 1
584 0 0 0 0 0 1 0 0 1 0
586 0 0 0 0 0 0 0 0 1 0
587 0 0 0 0 0 0 0 0 1 0
588 0 0 1 0 0 0 0 0 0 1
589 0 0 1 0 0 0 0 0 0 1
590 0 0 0 0 0 0 0 0 1 0
591 0 0 0 0 0 0 0 0 1 0
592 0 1 1 0 0 0 0 0 0 1
593 0 0 0 0 0 1 0 0 0 1
594 0 1 0 0 0 0 0 0 0 1
595 0 0 1 0 0 0 0 0 1 0
596 0 0 0 0 0 0 0 0 0 1
597 0 0 1 0 0 0 0 0 0 1
598 0 0 1 0 0 0 0 0 0 1
599 0 0 0 0 0 0 0 0 1 0
600 0 0 0 0 0 0 0 0 0 1
601 0 0 0 0 0 0 0 0 0 0
603 0 0 1 0 0 0 0 0 0 1
604 1 1 0 0 0 0 0 0 0 1
605 0 0 0 1 0 0 0 0 0 1
606 1 1 0 0 0 0 0 0 0 1
609 0 0 0 0 0 0 0 0 0 1
610 1 0 0 0 0 0 0 0 0 1
611 0 0 1 0 0 0 0 0 0 1
612 0 0 1 0 0 0 0 0 1 0
614 0 0 0 0 0 0 0 1 0 1
615 0 0 0 0 0 0 0 0 1 0
616 0 0 0 0 0 0 0 0 1 0
617 0 0 0 1 0 0 0 0 0 1
618 0 0 0 0 0 0 0 0 0 1
619 0 0 0 1 0 0 0 0 0 1
620 0 0 0 0 0 0 0 0 0 1
621 1 0 0 0 0 0 1 0 1 0
622 0 0 0 0 0 0 0 0 0 1
623 0 0 0 0 0 0 0 0 1 0
625 0 0 1 0 0 0 0 0 0 1
626 1 0 0 1 0 0 0 0 0 1
627 0 0 1 0 0 0 0 0 0 1
628 1 0 0 0 0 1 0 0 0 1
629 0 0 0 0 0 0 1 0 1 0
630 0 0 0 0 0 0 0 0 0 1
631 0 0 0 0 0 0 0 0 0 1
632 0 0 0 1 0 0 0 0 0 1
633 0 0 0 1 0 0 0 0 0 1
634 0 0 0 0 0 0 0 0 0 1
635 0 0 0 0 0 0 0 0 1 0
636 0 0 1 0 0 0 0 0 1 0
637 0 0 0 0 0 0 0 0 0 1
639 0 1 0 0 0 1 0 0 0 1
640 0 0 1 0 0 0 0 0 1 0
641 0 0 0 0 0 0 0 0 1 0
642 0 0 0 0 0 0 0 0 0 1
643 1 0 1 0 0 0 0 0 0 1
644 0 0 0 1 0 0 0 0 0 1
645 0 0 0 0 0 0 0 0 0 1
646 0 0 0 0 0 0 0 0 0 1
647 0 0 0 0 1 0 1 0 0 1
648 0 0 0 0 0 0 1 0 1 0
649 0 0 0 0 0 0 0 0 0 1
650 0 0 0 0 0 0 0 0 1 0
651 0 0 0 0 0 0 0 0 0 1
652 0 0 0 0 0 0 0 0 1 0
653 0 0 0 1 0 0 0 0 0 1
654 0 1 1 0 0 0 0 0 0 1
655 0 1 0 0 0 0 0 0 0 1
656 1 1 0 0 0 0 0 0 0 1
657 0 0 0 0 0 0 0 0 0 1
658 0 0 1 0 0 0 0 0 0 1
659 0 0 0 0 0 0 0 0 1 0
660 0 0 0 0 0 0 0 0 1 0
661 0 0 0 0 0 0 0 0 0 1
662 0 0 0 1 0 0 0 0 0 1
663 0 0 0 0 0 0 1 0 1 0
664 0 0 0 1 0 0 0 0 0 1
665 0 0 0 0 1 0 0 0 0 1
666 0 0 0 0 0 0 0 0 0 1
667 0 0 0 0 0 0 0 0 1 0
669 0 0 0 0 0 0 0 0 0 1
670 0 0 0 0 0 0 0 0 0 1
671 0 0 0 0 0 0 0 0 0 1
672 0 0 0 0 0 0 0 0 1 0
673 0 0 0 0 0 0 0 0 0 1
675 0 0 0 0 0 0 0 0 0 1
676 0 0 0 0 0 0 1 0 0 1
677 1 0 1 0 0 0 0 0 0 1
678 0 0 0 0 1 0 0 0 0 1
679 1 0 0 0 0 0 0 0 1 0
680 0 0 0 0 0 0 0 0 0 1
681 0 0 1 0 0 0 0 0 0 1
682 0 0 0 1 0 0 0 0 0 1
683 0 0 0 0 0 0 0 0 0 1
684 0 0 0 0 0 0 0 0 0 1
685 0 0 0 0 0 0 0 0 1 0
