153 155
153 154
153 231
153 235
153 237
153 239
153 240
153 241
153 232
153 233
153 211
153 210
153 156
153 18
153 17
153 14
153 15
153 16
153 10
153 11
153 12
153 40
153 41
153 42
153 43
153 44
153 45
153 46
153 47
153 48
153 49
153 57
153 78
153 79
153 80
153 82
153 83
153 92
153 93
153 102
153 103
153 104
153 106
153 107
153 108
153 109
153 115
153 116
153 117
153 124
153 136
153 137
153 141
153 142
153 143
153 144
153 145
153 150
153 157
153 151
153 152
153 125
153 126
153 159
153 105
153 204
153 206
153 205
153 208
153 201
153 171
153 3
153 2
153 207
153 197
153 224
153 217
153 218
153 223
153 169
153 170
153 148
153 195
153 194
153 188
153 189
153 190
153 198
153 199
153 98
153 118
153 81
153 163
153 164
153 166
153 167
153 168
153 273
153 248
153 260
153 261
155 154
155 231
155 235
155 237
155 239
155 240
155 241
155 232
155 233
155 211
155 210
155 156
155 18
155 17
155 14
155 15
155 16
155 10
155 11
155 12
155 40
155 41
155 42
155 43
155 44
155 45
155 46
155 47
155 48
155 49
155 57
155 78
155 79
155 80
155 82
155 83
155 92
155 93
155 102
155 103
155 104
155 106
155 109
155 115
155 116
155 117
155 124
155 136
155 142
155 143
155 144
155 145
155 150
155 157
155 151
155 152
155 125
155 126
155 159
155 105
155 204
155 206
155 205
155 201
155 171
155 3
155 2
155 207
155 197
155 224
155 217
155 218
155 223
155 169
155 170
155 148
155 195
155 194
155 188
155 189
155 190
155 198
155 199
155 98
155 118
155 81
155 163
155 164
155 166
155 167
155 168
155 273
155 248
155 260
155 261
154 231
154 235
154 237
154 239
154 240
154 241
154 232
154 233
154 211
154 210
154 156
154 18
154 17
154 13
154 14
154 15
154 16
154 10
154 11
154 12
154 40
154 41
154 42
154 43
154 44
154 45
154 46
154 47
154 48
154 49
154 57
154 78
154 79
154 80
154 82
154 83
154 92
154 93
154 102
154 103
154 104
154 106
154 107
154 108
154 109
154 115
154 116
154 117
154 124
154 136
154 137
154 141
154 142
154 143
154 144
154 145
154 150
154 157
154 151
154 152
154 125
154 126
154 159
154 105
154 204
154 206
154 205
154 208
154 201
154 171
154 3
154 2
154 207
154 197
154 224
154 217
154 218
154 196
154 223
154 169
154 170
154 148
154 195
154 194
154 188
154 189
154 190
154 198
154 199
154 98
154 118
154 81
154 163
154 164
154 166
154 167
154 168
154 273
154 248
154 260
154 261
231 235
231 237
231 238
231 239
231 240
231 241
231 232
231 233
231 234
231 211
231 210
231 156
231 30
231 31
231 28
231 18
231 10
231 11
231 12
231 46
231 47
231 48
231 49
231 57
231 78
231 79
231 80
231 82
231 83
231 92
231 93
231 94
231 95
231 96
231 97
231 100
231 101
231 103
231 104
231 106
231 107
231 109
231 115
231 116
231 117
231 124
231 127
231 128
231 130
231 131
231 132
231 133
231 136
231 137
231 138
231 139
231 140
231 141
231 142
231 143
231 144
231 145
231 215
231 229
231 150
231 157
231 151
231 152
231 125
231 126
231 159
231 105
231 205
231 208
231 201
231 171
231 3
231 2
231 217
231 196
231 222
231 91
231 223
231 170
231 148
231 195
231 194
231 225
231 190
231 198
231 199
231 187
231 29
231 90
231 98
231 134
231 118
231 129
231 135
231 81
231 163
231 248
231 251
231 260
231 261
235 237
235 239
235 240
235 232
235 233
235 211
235 210
235 156
235 12
235 78
235 79
235 80
235 82
235 83
235 92
235 93
235 142
235 143
235 144
235 145
235 150
235 157
235 151
235 152
235 159
235 206
235 201
235 171
235 3
235 2
235 222
235 91
235 223
235 170
235 148
235 225
235 188
235 189
235 190
235 198
235 199
235 90
235 81
235 163
235 164
235 248
235 260
237 239
237 240
237 241
237 232
237 233
237 211
237 210
237 156
237 18
237 10
237 11
237 12
237 78
237 79
237 80
237 82
237 83
237 92
237 93
237 142
237 143
237 144
237 145
237 150
237 157
237 151
237 152
237 159
237 206
237 205
237 201
237 171
237 3
237 2
237 222
237 91
237 223
237 170
237 148
237 194
237 225
237 188
237 189
237 190
237 198
237 199
237 81
237 163
237 164
237 248
237 260
239 240
239 232
239 233
239 211
239 210
239 156
239 92
239 93
239 142
239 143
239 144
239 145
239 150
239 157
239 151
239 152
239 159
239 201
239 3
239 2
239 222
239 91
239 223
239 170
239 188
239 189
239 190
239 198
239 199
239 90
239 164
239 248
239 260
240 232
240 233
240 211
240 210
240 156
240 18
240 10
240 11
240 12
240 78
240 79
240 80
240 82
240 83
240 92
240 93
240 142
240 143
240 144
240 145
240 150
240 157
240 151
240 152
240 159
240 206
240 205
240 201
240 171
240 3
240 2
240 222
240 91
240 223
240 170
240 148
240 194
240 225
240 188
240 189
240 190
240 198
240 199
240 81
240 163
240 164
240 248
240 260
241 233
241 211
241 210
241 156
241 18
241 17
241 13
241 14
241 15
241 16
241 10
241 11
241 12
241 7
241 4
241 5
241 6
241 9
241 8
241 40
241 41
241 42
241 43
241 44
241 45
241 46
241 47
241 48
241 49
241 57
241 84
241 85
241 86
241 87
241 88
241 89
241 102
241 103
241 104
241 106
241 107
241 108
241 109
241 115
241 116
241 117
241 124
241 136
241 137
241 138
241 139
241 140
241 141
241 142
241 143
241 144
241 150
241 157
241 125
241 126
241 105
241 204
241 206
241 205
241 208
241 201
241 3
241 207
241 197
241 224
241 217
241 218
241 196
241 169
241 148
241 195
241 194
241 118
241 163
241 166
241 167
241 168
241 273
241 254
241 258
241 261
241 266
241 268
232 233
232 211
232 210
232 156
232 102
232 150
232 157
232 151
232 152
232 159
232 206
232 201
232 3
232 223
232 188
232 189
232 198
232 199
232 164
232 248
233 234
233 211
233 210
233 156
233 18
233 17
233 13
233 14
233 15
233 16
233 10
233 11
233 12
233 4
233 6
233 40
233 41
233 42
233 43
233 44
233 45
233 46
233 47
233 48
233 49
233 57
233 78
233 79
233 80
233 82
233 83
233 92
233 93
233 94
233 95
233 96
233 97
233 103
233 104
233 106
233 107
233 108
233 109
233 115
233 116
233 117
233 124
233 130
233 136
233 137
233 138
233 139
233 140
233 141
233 142
233 143
233 144
233 145
233 215
233 150
233 157
233 151
233 152
233 125
233 126
233 159
233 105
233 204
233 206
233 205
233 208
233 201
233 171
233 3
233 2
233 207
233 197
233 224
233 217
233 218
233 196
233 223
233 169
233 170
233 148
233 195
233 194
233 188
233 189
233 190
233 198
233 199
233 187
233 98
233 134
233 118
233 135
233 81
233 163
233 164
233 166
233 167
233 168
233 273
233 248
233 260
233 261
211 210
211 156
211 18
211 17
211 15
211 16
211 10
211 11
211 12
211 83
211 92
211 93
211 142
211 143
211 144
211 145
211 150
211 157
211 151
211 152
211 159
211 206
211 205
211 201
211 171
211 3
211 2
211 197
211 223
211 170
211 148
211 194
211 188
211 189
211 190
211 198
211 199
211 118
211 163
211 164
211 273
211 248
211 260
210 156
210 18
210 17
210 16
210 10
210 11
210 12
210 83
210 92
210 93
210 142
210 143
210 144
210 145
210 150
210 157
210 151
210 152
210 159
210 206
210 205
210 201
210 171
210 3
210 2
210 197
210 222
210 223
210 170
210 148
210 194
210 188
210 189
210 190
210 198
210 199
210 118
210 163
210 164
210 273
210 248
210 260
156 18
156 17
156 14
156 15
156 16
156 10
156 11
156 12
156 40
156 41
156 42
156 43
156 44
156 45
156 46
156 47
156 48
156 49
156 57
156 78
156 79
156 80
156 82
156 83
156 92
156 93
156 95
156 96
156 97
156 103
156 104
156 106
156 107
156 108
156 109
156 115
156 116
156 117
156 124
156 136
156 137
156 141
156 142
156 143
156 144
156 145
156 150
156 157
156 151
156 152
156 125
156 126
156 159
156 105
156 204
156 206
156 205
156 208
156 201
156 171
156 3
156 2
156 207
156 197
156 224
156 217
156 218
156 223
156 169
156 170
156 148
156 195
156 194
156 188
156 189
156 190
156 198
156 199
156 98
156 118
156 81
156 163
156 164
156 166
156 167
156 168
156 273
156 248
156 260
156 261
18 17
18 13
18 14
18 15
18 16
18 10
18 11
18 12
18 7
18 4
18 5
18 6
18 9
18 8
18 40
18 41
18 42
18 43
18 44
18 45
18 46
18 47
18 48
18 49
18 57
18 84
18 85
18 86
18 87
18 88
18 89
18 102
18 103
18 104
18 106
18 107
18 108
18 109
18 115
18 116
18 117
18 124
18 136
18 137
18 138
18 139
18 140
18 141
18 142
18 143
18 144
18 150
18 157
18 125
18 126
18 105
18 204
18 206
18 205
18 208
18 201
18 3
18 207
18 197
18 224
18 217
18 218
18 196
18 169
18 148
18 195
18 194
18 118
18 163
18 166
18 167
18 168
18 273
18 254
18 258
18 261
18 266
18 268
17 13
17 14
17 15
17 16
17 10
17 11
17 12
17 7
17 4
17 5
17 6
17 9
17 8
17 40
17 41
17 42
17 43
17 44
17 45
17 46
17 47
17 48
17 49
17 57
17 84
17 85
17 86
17 102
17 103
17 104
17 106
17 107
17 108
17 109
17 115
17 116
17 117
17 124
17 144
17 157
17 125
17 126
17 105
17 204
17 206
17 205
17 201
17 3
17 207
17 197
17 224
17 218
17 196
17 169
17 148
17 118
17 166
17 167
17 168
17 273
17 258
17 266
14 13
14 15
14 16
14 10
14 11
14 12
14 7
14 4
14 5
14 6
14 9
14 8
14 40
14 41
14 42
14 43
14 44
14 45
14 46
14 47
14 48
14 49
14 57
14 84
14 85
14 86
14 87
14 102
14 103
14 104
14 106
14 107
14 108
14 109
14 124
14 157
14 125
14 126
14 105
14 204
14 206
14 205
14 201
14 207
14 197
14 224
14 218
14 196
14 169
14 148
14 166
14 167
14 168
14 273
14 258
14 266
15 13
15 16
15 10
15 11
15 12
15 7
15 4
15 5
15 6
15 9
15 8
15 40
15 41
15 42
15 43
15 44
15 45
15 46
15 47
15 48
15 49
15 57
15 84
15 85
15 86
15 87
15 88
15 89
15 102
15 103
15 104
15 106
15 107
15 108
15 109
15 115
15 116
15 117
15 124
15 141
15 144
15 157
15 125
15 126
15 105
15 204
15 206
15 205
15 201
15 207
15 197
15 224
15 218
15 196
15 169
15 148
15 195
15 118
15 166
15 167
15 168
15 273
15 254
15 258
15 266
15 268
16 13
16 10
16 11
16 12
16 7
16 4
16 5
16 6
16 9
16 8
16 40
16 41
16 42
16 43
16 44
16 45
16 46
16 47
16 48
16 49
16 57
16 84
16 85
16 86
16 102
16 103
16 104
16 106
16 107
16 108
16 109
16 115
16 116
16 117
16 124
16 157
16 125
16 126
16 105
16 204
16 206
16 205
16 201
16 3
16 207
16 197
16 224
16 218
16 196
16 169
16 148
16 118
16 166
16 167
16 168
16 273
16 258
16 266
10 13
10 11
10 12
10 7
10 4
10 5
10 6
10 9
10 8
10 40
10 41
10 42
10 43
10 44
10 45
10 46
10 47
10 48
10 49
10 57
10 84
10 85
10 86
10 87
10 88
10 89
10 102
10 103
10 104
10 106
10 107
10 108
10 109
10 115
10 116
10 117
10 124
10 136
10 137
10 138
10 139
10 140
10 141
10 142
10 143
10 144
10 150
10 157
10 125
10 126
10 105
10 204
10 206
10 205
10 208
10 201
10 3
10 207
10 197
10 224
10 217
10 218
10 196
10 169
10 148
10 195
10 194
10 118
10 135
10 163
10 166
10 167
10 168
10 273
10 254
10 258
10 261
10 266
10 268
11 13
11 12
11 7
11 4
11 5
11 6
11 9
11 8
11 40
11 41
11 42
11 43
11 44
11 45
11 46
11 47
11 48
11 49
11 57
11 84
11 85
11 86
11 87
11 88
11 89
11 102
11 103
11 104
11 106
11 107
11 108
11 109
11 115
11 116
11 117
11 124
11 136
11 137
11 138
11 139
11 140
11 141
11 142
11 143
11 144
11 150
11 157
11 125
11 126
11 105
11 204
11 206
11 205
11 208
11 201
11 3
11 207
11 197
11 224
11 217
11 218
11 196
11 169
11 148
11 195
11 194
11 118
11 163
11 164
11 166
11 167
11 168
11 273
11 254
11 258
11 261
11 266
11 268
12 13
12 7
12 4
12 5
12 6
12 9
12 8
12 40
12 41
12 42
12 43
12 44
12 45
12 46
12 47
12 48
12 49
12 57
12 82
12 83
12 84
12 85
12 86
12 87
12 88
12 89
12 102
12 103
12 104
12 106
12 107
12 108
12 109
12 115
12 116
12 117
12 124
12 136
12 137
12 138
12 139
12 140
12 141
12 142
12 143
12 144
12 145
12 150
12 157
12 151
12 152
12 125
12 126
12 105
12 204
12 206
12 205
12 208
12 201
12 171
12 3
12 207
12 197
12 224
12 217
12 218
12 196
12 169
12 148
12 195
12 194
12 118
12 135
12 163
12 164
12 166
12 167
12 168
12 273
12 248
12 254
12 258
12 260
12 261
12 266
12 268
40 234
40 13
40 7
40 4
40 5
40 6
40 9
40 8
40 41
40 42
40 43
40 44
40 45
40 46
40 47
40 48
40 49
40 57
40 78
40 79
40 80
40 82
40 83
40 84
40 85
40 86
40 87
40 88
40 89
40 94
40 95
40 96
40 97
40 101
40 103
40 104
40 106
40 107
40 108
40 109
40 115
40 116
40 117
40 124
40 127
40 128
40 130
40 131
40 132
40 133
40 136
40 137
40 138
40 139
40 140
40 141
40 142
40 143
40 144
40 215
40 157
40 125
40 126
40 105
40 204
40 205
40 208
40 201
40 171
40 207
40 197
40 224
40 217
40 218
40 196
40 169
40 148
40 195
40 194
40 187
40 98
40 134
40 118
40 129
40 135
40 81
40 163
40 166
40 167
40 168
40 273
40 251
40 254
40 258
40 261
40 266
40 268
41 234
41 13
41 7
41 4
41 5
41 6
41 9
41 8
41 42
41 43
41 44
41 45
41 46
41 47
41 48
41 49
41 57
41 78
41 79
41 80
41 82
41 83
41 84
41 85
41 86
41 87
41 88
41 89
41 94
41 95
41 96
41 97
41 101
41 103
41 104
41 106
41 107
41 108
41 109
41 115
41 116
41 117
41 124
41 127
41 128
41 130
41 131
41 132
41 133
41 136
41 137
41 138
41 139
41 140
41 141
41 142
41 143
41 144
41 215
41 157
41 125
41 126
41 105
41 204
41 205
41 208
41 201
41 171
41 207
41 197
41 224
41 217
41 218
41 196
41 169
41 148
41 195
41 194
41 187
41 98
41 134
41 118
41 129
41 135
41 81
41 163
41 166
41 167
41 168
41 273
41 251
41 254
41 258
41 261
41 266
41 268
42 234
42 13
42 7
42 4
42 5
42 6
42 9
42 8
42 43
42 44
42 45
42 46
42 47
42 48
42 49
42 57
42 82
42 84
42 85
42 86
42 87
42 88
42 89
42 96
42 97
42 103
42 104
42 106
42 107
42 108
42 109
42 115
42 116
42 117
42 124
42 127
42 130
42 132
42 133
42 136
42 137
42 138
42 139
42 140
42 141
42 142
42 143
42 144
42 215
42 157
42 125
42 126
42 105
42 204
42 205
42 208
42 201
42 207
42 197
42 224
42 217
42 218
42 196
42 169
42 148
42 195
42 194
42 187
42 98
42 134
42 118
42 129
42 135
42 81
42 163
42 166
42 167
42 168
42 273
42 254
42 258
42 261
42 266
42 268
43 234
43 13
43 7
43 4
43 5
43 6
43 9
43 8
43 44
43 45
43 46
43 47
43 48
43 49
43 57
43 82
43 84
43 85
43 86
43 87
43 88
43 89
43 96
43 97
43 103
43 104
43 106
43 107
43 108
43 109
43 115
43 116
43 117
43 124
43 130
43 136
43 137
43 138
43 139
43 140
43 141
43 142
43 143
43 144
43 215
43 157
43 125
43 126
43 105
43 204
43 205
43 208
43 201
43 207
43 197
43 224
43 217
43 218
43 196
43 169
43 148
43 195
43 194
43 134
43 118
43 135
43 81
43 163
43 166
43 167
43 168
43 273
43 254
43 258
43 261
43 266
43 268
44 234
44 13
44 7
44 4
44 5
44 6
44 9
44 8
44 45
44 46
44 47
44 48
44 49
44 57
44 78
44 79
44 80
44 82
44 83
44 84
44 85
44 86
44 87
44 88
44 89
44 94
44 95
44 96
44 97
44 101
44 103
44 104
44 106
44 107
44 108
44 109
44 115
44 116
44 117
44 124
44 127
44 128
44 130
44 131
44 132
44 133
44 136
44 137
44 138
44 139
44 140
44 141
44 142
44 143
44 144
44 215
44 157
44 125
44 126
44 105
44 204
44 205
44 208
44 171
44 207
44 197
44 224
44 217
44 218
44 196
44 169
44 148
44 195
44 194
44 187
44 98
44 134
44 118
44 129
44 135
44 81
44 163
44 166
44 167
44 168
44 273
44 251
44 254
44 258
44 261
44 266
44 268
45 234
45 13
45 7
45 4
45 5
45 6
45 9
45 8
45 46
45 47
45 48
45 49
45 57
45 78
45 79
45 80
45 82
45 83
45 84
45 85
45 86
45 87
45 88
45 89
45 94
45 95
45 96
45 97
45 101
45 103
45 104
45 106
45 107
45 108
45 109
45 115
45 116
45 117
45 124
45 127
45 128
45 130
45 131
45 132
45 133
45 136
45 137
45 138
45 139
45 140
45 141
45 142
45 143
45 144
45 215
45 157
45 125
45 126
45 105
45 204
45 205
45 208
45 171
45 207
45 197
45 224
45 217
45 218
45 196
45 169
45 148
45 195
45 194
45 187
45 98
45 134
45 118
45 129
45 135
45 81
45 163
45 166
45 167
45 168
45 273
45 251
45 254
45 258
45 261
45 266
45 268
46 234
46 13
46 7
46 4
46 5
46 6
46 9
46 8
46 47
46 48
46 49
46 57
46 78
46 79
46 80
46 82
46 83
46 84
46 85
46 86
46 87
46 88
46 89
46 94
46 95
46 96
46 97
46 101
46 103
46 104
46 106
46 107
46 108
46 109
46 115
46 116
46 117
46 124
46 127
46 128
46 130
46 131
46 132
46 133
46 136
46 137
46 138
46 139
46 140
46 141
46 142
46 143
46 144
46 215
46 157
46 125
46 126
46 105
46 204
46 205
46 208
46 201
46 171
46 207
46 197
46 224
46 217
46 218
46 196
46 169
46 148
46 195
46 194
46 187
46 98
46 134
46 118
46 129
46 135
46 81
46 163
46 166
46 167
46 168
46 273
46 251
46 254
46 258
46 261
46 266
46 268
47 234
47 13
47 7
47 4
47 5
47 6
47 9
47 8
47 48
47 49
47 57
47 78
47 79
47 80
47 82
47 83
47 84
47 85
47 86
47 87
47 88
47 89
47 94
47 95
47 96
47 97
47 101
47 103
47 104
47 106
47 107
47 108
47 109
47 115
47 116
47 117
47 124
47 127
47 128
47 130
47 131
47 132
47 133
47 136
47 137
47 138
47 139
47 140
47 141
47 142
47 143
47 144
47 215
47 157
47 125
47 126
47 105
47 204
47 205
47 208
47 201
47 171
47 207
47 197
47 224
47 217
47 218
47 196
47 169
47 148
47 195
47 194
47 187
47 98
47 134
47 118
47 129
47 135
47 81
47 163
47 166
47 167
47 168
47 273
47 251
47 254
47 258
47 261
47 266
47 268
48 234
48 13
48 7
48 4
48 5
48 6
48 9
48 8
48 49
48 57
48 78
48 79
48 80
48 82
48 83
48 84
48 85
48 86
48 87
48 88
48 89
48 94
48 95
48 96
48 97
48 101
48 103
48 104
48 106
48 107
48 108
48 109
48 115
48 116
48 117
48 124
48 127
48 128
48 130
48 131
48 132
48 133
48 136
48 137
48 138
48 139
48 140
48 141
48 142
48 143
48 144
48 215
48 157
48 125
48 126
48 105
48 204
48 205
48 208
48 171
48 207
48 197
48 224
48 217
48 218
48 196
48 169
48 148
48 195
48 194
48 187
48 98
48 134
48 118
48 129
48 135
48 81
48 163
48 166
48 167
48 168
48 273
48 251
48 254
48 258
48 261
48 266
48 268
49 234
49 13
49 7
49 4
49 5
49 6
49 9
49 8
49 57
49 78
49 79
49 80
49 82
49 83
49 84
49 85
49 86
49 87
49 88
49 89
49 94
49 95
49 96
49 97
49 101
49 103
49 104
49 106
49 107
49 108
49 109
49 115
49 116
49 117
49 124
49 127
49 128
49 130
49 131
49 132
49 133
49 136
49 137
49 138
49 139
49 140
49 141
49 142
49 143
49 144
49 215
49 150
49 157
49 125
49 126
49 105
49 204
49 205
49 208
49 171
49 207
49 197
49 224
49 217
49 218
49 196
49 169
49 170
49 148
49 195
49 194
49 187
49 98
49 134
49 118
49 129
49 135
49 81
49 163
49 166
49 167
49 168
49 273
49 251
49 254
49 258
49 261
49 266
49 268
57 234
57 13
57 7
57 4
57 5
57 6
57 9
57 8
57 78
57 79
57 80
57 82
57 83
57 84
57 85
57 86
57 87
57 88
57 89
57 94
57 95
57 96
57 97
57 101
57 103
57 104
57 106
57 107
57 108
57 109
57 115
57 116
57 117
57 124
57 127
57 128
57 130
57 131
57 132
57 133
57 136
57 137
57 138
57 139
57 140
57 141
57 142
57 143
57 144
57 215
57 150
57 157
57 125
57 126
57 105
57 204
57 205
57 208
57 201
57 171
57 207
57 197
57 224
57 217
57 218
57 196
57 169
57 170
57 148
57 195
57 194
57 187
57 98
57 134
57 118
57 129
57 135
57 81
57 163
57 166
57 167
57 168
57 273
57 251
57 254
57 258
57 261
57 266
57 268
78 238
78 234
78 191
78 32
78 30
78 31
78 28
78 58
78 59
78 60
78 61
78 62
78 63
78 79
78 80
78 82
78 83
78 92
78 93
78 94
78 95
78 96
78 97
78 100
78 101
78 103
78 104
78 106
78 107
78 108
78 109
78 115
78 116
78 117
78 124
78 127
78 128
78 130
78 131
78 132
78 133
78 136
78 137
78 138
78 139
78 140
78 141
78 142
78 143
78 144
78 145
78 215
78 228
78 229
78 150
78 157
78 151
78 152
78 125
78 126
78 172
78 105
78 208
78 171
78 1
78 3
78 2
78 216
78 217
78 196
78 222
78 91
78 221
78 219
78 170
78 148
78 70
78 69
78 195
78 194
78 193
78 225
78 190
78 187
78 29
78 99
78 90
78 98
78 134
78 118
78 129
78 135
78 81
78 120
78 161
78 163
78 259
78 270
78 248
78 251
78 254
78 260
78 261
78 263
79 238
79 234
79 191
79 32
79 30
79 31
79 28
79 58
79 59
79 60
79 61
79 62
79 63
79 80
79 82
79 83
79 92
79 93
79 94
79 95
79 96
79 97
79 100
79 101
79 103
79 104
79 106
79 107
79 108
79 109
79 115
79 116
79 117
79 124
79 127
79 128
79 130
79 131
79 132
79 133
79 136
79 137
79 138
79 139
79 140
79 141
79 142
79 143
79 144
79 145
79 215
79 229
79 150
79 157
79 151
79 152
79 125
79 126
79 172
79 105
79 208
79 171
79 1
79 3
79 2
79 216
79 217
79 196
79 222
79 91
79 221
79 219
79 170
79 148
79 70
79 69
79 195
79 194
79 193
79 225
79 190
79 187
79 29
79 99
79 90
79 98
79 134
79 118
79 129
79 135
79 81
79 120
79 161
79 163
79 259
79 270
79 248
79 251
79 254
79 260
79 261
79 263
80 238
80 234
80 191
80 32
80 30
80 31
80 28
80 58
80 59
80 60
80 61
80 62
80 63
80 82
80 83
80 89
80 92
80 93
80 94
80 95
80 96
80 97
80 100
80 101
80 103
80 104
80 106
80 107
80 108
80 109
80 115
80 116
80 117
80 124
80 127
80 128
80 130
80 131
80 132
80 133
80 136
80 137
80 138
80 139
80 140
80 141
80 142
80 143
80 144
80 145
80 215
80 229
80 150
80 157
80 151
80 152
80 125
80 126
80 172
80 105
80 205
80 208
80 171
80 1
80 3
80 2
80 216
80 217
80 196
80 222
80 91
80 221
80 170
80 148
80 70
80 69
80 195
80 194
80 193
80 225
80 190
80 187
80 29
80 99
80 90
80 98
80 134
80 118
80 129
80 135
80 81
80 120
80 161
80 163
80 259
80 270
80 248
80 251
80 254
80 260
80 261
80 263
80 268
82 234
82 191
82 32
82 30
82 31
82 28
82 4
82 6
82 58
82 59
82 60
82 61
82 62
82 63
82 83
82 87
82 88
82 89
82 92
82 93
82 94
82 95
82 96
82 97
82 100
82 101
82 103
82 104
82 106
82 107
82 108
82 109
82 115
82 116
82 117
82 124
82 127
82 128
82 130
82 131
82 132
82 133
82 136
82 137
82 138
82 139
82 140
82 141
82 142
82 143
82 144
82 145
82 215
82 150
82 157
82 151
82 152
82 125
82 126
82 172
82 105
82 205
82 208
82 171
82 1
82 3
82 2
82 217
82 218
82 196
82 222
82 91
82 221
82 169
82 170
82 148
82 70
82 69
82 195
82 194
82 193
82 225
82 190
82 187
82 29
82 99
82 90
82 98
82 134
82 118
82 129
82 135
82 81
82 161
82 163
82 259
82 270
82 248
82 251
82 254
82 260
82 261
82 266
82 263
82 268
83 238
83 234
83 191
83 32
83 30
83 31
83 28
83 58
83 59
83 60
83 61
83 62
83 63
83 92
83 93
83 94
83 95
83 96
83 97
83 100
83 101
83 103
83 104
83 106
83 107
83 108
83 109
83 115
83 116
83 117
83 124
83 127
83 128
83 130
83 131
83 132
83 133
83 136
83 137
83 138
83 139
83 140
83 141
83 142
83 143
83 144
83 145
83 215
83 229
83 150
83 157
83 151
83 152
83 125
83 126
83 172
83 105
83 205
83 208
83 171
83 1
83 3
83 2
83 217
83 196
83 222
83 91
83 221
83 170
83 148
83 70
83 69
83 195
83 194
83 193
83 225
83 190
83 187
83 29
83 99
83 90
83 98
83 134
83 118
83 129
83 135
83 81
83 120
83 161
83 163
83 259
83 270
83 248
83 251
83 254
83 260
83 261
83 263
83 268
92 236
92 238
92 234
92 212
92 191
92 32
92 30
92 31
92 28
92 93
92 94
92 95
92 96
92 97
92 100
92 101
92 110
92 112
92 113
92 114
92 115
92 116
92 117
92 119
92 127
92 128
92 130
92 131
92 132
92 133
92 136
92 137
92 142
92 143
92 144
92 145
92 213
92 214
92 215
92 228
92 229
92 150
92 157
92 151
92 152
92 159
92 172
92 171
92 3
92 2
92 216
92 217
92 222
92 91
92 221
92 219
92 170
92 148
92 70
92 69
92 195
92 194
92 193
92 225
92 190
92 186
92 187
92 29
92 99
92 90
92 98
92 134
92 118
92 129
92 135
92 111
92 81
92 120
92 162
92 163
92 165
92 248
92 251
92 260
92 261
92 263
93 236
93 238
93 234
93 212
93 191
93 32
93 30
93 31
93 28
93 94
93 95
93 96
93 97
93 100
93 101
93 110
93 112
93 113
93 114
93 115
93 116
93 117
93 127
93 128
93 130
93 131
93 132
93 133
93 136
93 137
93 138
93 139
93 142
93 143
93 144
93 145
93 213
93 214
93 215
93 228
93 229
93 150
93 157
93 151
93 152
93 159
93 172
93 208
93 171
93 3
93 2
93 216
93 217
93 222
93 91
93 221
93 219
93 170
93 148
93 70
93 69
93 195
93 194
93 193
93 225
93 190
93 186
93 187
93 29
93 99
93 90
93 98
93 134
93 118
93 129
93 135
93 111
93 81
93 120
93 163
93 165
93 248
93 251
93 260
93 261
93 263
102 13
102 157
102 204
102 206
102 201
102 207
102 197
102 224
102 223
102 164
102 166
102 167
102 168
103 234
103 13
103 7
103 4
103 5
103 6
103 9
103 8
103 84
103 85
103 86
103 87
103 88
103 89
103 94
103 95
103 96
103 97
103 101
103 104
103 106
103 107
103 108
103 109
103 115
103 116
103 117
103 124
103 127
103 128
103 130
103 131
103 132
103 133
103 136
103 137
103 138
103 139
103 140
103 141
103 142
103 143
103 144
103 145
103 215
103 150
103 157
103 125
103 126
103 105
103 204
103 205
103 208
103 171
103 207
103 197
103 224
103 217
103 218
103 196
103 221
103 169
103 170
103 148
103 195
103 194
103 190
103 187
103 98
103 134
103 118
103 129
103 135
103 81
103 163
103 166
103 167
103 168
103 273
103 251
103 254
103 258
103 261
103 266
103 268
104 234
104 13
104 7
104 4
104 5
104 6
104 9
104 8
104 84
104 85
104 86
104 87
104 88
104 89
104 94
104 95
104 96
104 97
104 101
104 106
104 107
104 108
104 109
104 115
104 116
104 117
104 124
104 127
104 128
104 130
104 131
104 132
104 133
104 136
104 137
104 138
104 139
104 140
104 141
104 142
104 143
104 144
104 215
104 157
104 125
104 126
104 105
104 204
104 205
104 208
104 171
104 207
104 197
104 224
104 217
104 218
104 196
104 169
104 170
104 148
104 195
104 194
104 187
104 98
104 134
104 118
104 129
104 135
104 81
104 163
104 166
104 167
104 168
104 273
104 251
104 254
104 258
104 261
104 266
104 268
106 234
106 7
106 4
106 5
106 6
106 9
106 8
106 59
106 60
106 84
106 85
106 86
106 87
106 88
106 89
106 94
106 95
106 96
106 97
106 101
106 107
106 108
106 109
106 115
106 116
106 117
106 124
106 127
106 128
106 130
106 131
106 132
106 133
106 136
106 137
106 138
106 139
106 140
106 141
106 142
106 143
106 144
106 145
106 215
106 150
106 157
106 125
106 126
106 105
106 204
106 205
106 208
106 171
106 207
106 197
106 224
106 217
106 218
106 196
106 221
106 169
106 170
106 148
106 195
106 194
106 190
106 187
106 98
106 134
106 118
106 129
106 135
106 81
106 163
106 166
106 167
106 168
106 273
106 248
106 251
106 254
106 258
106 261
106 266
106 268
107 234
107 13
107 7
107 4
107 5
107 6
107 9
107 8
107 84
107 85
107 86
107 87
107 88
107 89
107 94
107 95
107 96
107 97
107 101
107 108
107 109
107 115
107 116
107 117
107 124
107 127
107 128
107 130
107 131
107 132
107 133
107 136
107 137
107 138
107 139
107 140
107 141
107 142
107 143
107 144
107 215
107 157
107 125
107 126
107 105
107 204
107 205
107 208
107 171
107 207
107 197
107 224
107 217
107 218
107 196
107 169
107 170
107 148
107 195
107 194
107 187
107 98
107 134
107 118
107 129
107 135
107 81
107 163
107 166
107 167
107 168
107 273
107 251
107 254
107 258
107 261
107 266
107 268
108 234
108 13
108 7
108 4
108 5
108 6
108 9
108 8
108 84
108 85
108 86
108 87
108 88
108 89
108 94
108 95
108 96
108 97
108 101
108 109
108 115
108 116
108 117
108 124
108 127
108 128
108 130
108 131
108 132
108 133
108 136
108 137
108 138
108 139
108 140
108 141
108 142
108 143
108 144
108 215
108 157
108 125
108 126
108 105
108 204
108 205
108 208
108 171
108 207
108 197
108 224
108 217
108 218
108 196
108 169
108 148
108 195
108 194
108 187
108 98
108 134
108 118
108 129
108 135
108 81
108 163
108 166
108 167
108 168
108 273
108 251
108 254
108 258
108 261
108 266
108 268
109 234
109 7
109 4
109 5
109 6
109 9
109 8
109 60
109 84
109 85
109 86
109 87
109 88
109 89
109 94
109 95
109 96
109 97
109 101
109 115
109 116
109 117
109 124
109 127
109 128
109 130
109 131
109 132
109 133
109 136
109 137
109 138
109 139
109 140
109 141
109 142
109 143
109 144
109 145
109 215
109 150
109 157
109 125
109 126
109 105
109 204
109 205
109 208
109 171
109 207
109 197
109 224
109 217
109 218
109 196
109 221
109 169
109 170
109 148
109 195
109 194
109 190
109 187
109 98
109 134
109 118
109 129
109 135
109 81
109 163
109 166
109 167
109 168
109 273
109 248
109 251
109 254
109 258
109 260
109 261
109 266
109 268
115 234
115 191
115 30
115 31
115 28
115 7
115 4
115 5
115 6
115 9
115 8
115 58
115 59
115 60
115 84
115 85
115 86
115 87
115 88
115 89
115 94
115 95
115 96
115 97
115 101
115 116
115 117
115 124
115 127
115 128
115 130
115 131
115 132
115 133
115 136
115 137
115 138
115 139
115 140
115 141
115 142
115 143
115 144
115 145
115 215
115 150
115 157
115 151
115 152
115 125
115 126
115 105
115 204
115 205
115 208
115 171
115 3
115 2
115 207
115 197
115 224
115 217
115 218
115 196
115 91
115 221
115 169
115 170
115 148
115 70
115 69
115 195
115 194
115 225
115 190
115 187
115 29
115 98
115 134
115 118
115 129
115 135
115 81
115 163
115 166
115 167
115 168
115 273
115 248
115 251
115 254
115 258
115 260
115 261
115 266
115 268
116 234
116 191
116 30
116 31
116 28
116 7
116 4
116 5
116 6
116 9
116 8
116 58
116 59
116 60
116 84
116 85
116 86
116 87
116 88
116 89
116 94
116 95
116 96
116 97
116 101
116 117
116 124
116 127
116 128
116 130
116 131
116 132
116 133
116 136
116 137
116 138
116 139
116 140
116 141
116 142
116 143
116 144
116 145
116 215
116 150
116 157
116 151
116 152
116 125
116 126
116 105
116 204
116 205
116 208
116 171
116 3
116 2
116 207
116 197
116 224
116 217
116 218
116 196
116 91
116 221
116 169
116 170
116 148
116 70
116 69
116 195
116 194
116 225
116 190
116 187
116 29
116 98
116 134
116 118
116 129
116 135
116 81
116 163
116 166
116 167
116 168
116 270
116 273
116 248
116 251
116 254
116 258
116 260
116 261
116 266
116 268
117 234
117 191
117 30
117 31
117 28
117 7
117 4
117 5
117 6
117 9
117 8
117 58
117 59
117 60
117 84
117 85
117 86
117 87
117 88
117 89
117 94
117 95
117 96
117 97
117 101
117 124
117 127
117 128
117 130
117 131
117 132
117 133
117 136
117 137
117 138
117 139
117 140
117 141
117 142
117 143
117 144
117 145
117 215
117 150
117 157
117 151
117 152
117 125
117 126
117 105
117 204
117 205
117 208
117 171
117 3
117 2
117 207
117 197
117 224
117 217
117 218
117 196
117 91
117 221
117 169
117 170
117 148
117 70
117 69
117 195
117 194
117 225
117 190
117 187
117 29
117 98
117 134
117 118
117 129
117 135
117 81
117 163
117 166
117 167
117 168
117 270
117 273
117 248
117 251
117 254
117 258
117 260
117 261
117 266
117 268
124 234
124 13
124 7
124 4
124 5
124 6
124 9
124 8
124 84
124 85
124 86
124 87
124 88
124 89
124 94
124 95
124 96
124 97
124 101
124 127
124 128
124 130
124 131
124 132
124 133
124 136
124 137
124 138
124 139
124 140
124 141
124 142
124 143
124 144
124 145
124 215
124 150
124 157
124 125
124 126
124 105
124 204
124 205
124 208
124 171
124 3
124 207
124 197
124 224
124 217
124 218
124 196
124 169
124 170
124 148
124 195
124 194
124 190
124 187
124 98
124 134
124 118
124 129
124 135
124 81
124 163
124 166
124 167
124 168
124 273
124 248
124 251
124 254
124 258
124 260
124 261
124 266
124 268
136 234
136 191
136 32
136 30
136 31
136 28
136 7
136 4
136 5
136 6
136 9
136 8
136 58
136 59
136 60
136 61
136 62
136 63
136 84
136 85
136 86
136 87
136 88
136 89
136 94
136 95
136 96
136 97
136 101
136 127
136 128
136 130
136 131
136 132
136 133
136 137
136 138
136 139
136 140
136 141
136 142
136 143
136 144
136 145
136 215
136 150
136 157
136 151
136 152
136 125
136 126
136 172
136 105
136 205
136 208
136 171
136 1
136 2
136 217
136 218
136 196
136 91
136 221
136 169
136 170
136 148
136 70
136 69
136 195
136 194
136 193
136 225
136 190
136 187
136 29
136 98
136 134
136 118
136 129
136 135
136 81
136 161
136 163
136 270
136 273
136 248
136 251
136 254
136 260
136 261
136 266
136 263
136 268
137 234
137 191
137 32
137 30
137 31
137 28
137 7
137 4
137 5
137 6
137 9
137 8
137 58
137 59
137 60
137 61
137 62
137 63
137 84
137 85
137 86
137 87
137 88
137 89
137 94
137 95
137 96
137 97
137 101
137 127
137 128
137 130
137 131
137 132
137 133
137 138
137 139
137 140
137 141
137 142
137 143
137 144
137 145
137 215
137 150
137 157
137 151
137 152
137 125
137 126
137 172
137 105
137 205
137 208
137 171
137 1
137 2
137 217
137 218
137 196
137 91
137 221
137 169
137 170
137 148
137 70
137 69
137 195
137 194
137 193
137 225
137 190
137 187
137 29
137 98
137 134
137 118
137 129
137 135
137 81
137 161
137 163
137 270
137 273
137 248
137 251
137 254
137 260
137 261
137 266
137 263
137 268
141 234
141 191
141 30
141 31
141 28
141 7
141 4
141 5
141 6
141 9
141 8
141 58
141 59
141 60
141 84
141 85
141 86
141 87
141 88
141 89
141 94
141 95
141 96
141 97
141 101
141 127
141 128
141 130
141 131
141 132
141 133
141 138
141 139
141 140
141 142
141 143
141 144
141 145
141 215
141 150
141 125
141 126
141 172
141 105
141 205
141 208
141 171
141 2
141 217
141 218
141 196
141 221
141 169
141 170
141 148
141 70
141 69
141 195
141 194
141 190
141 187
141 29
141 98
141 134
141 118
141 129
141 135
141 81
141 163
141 166
141 167
141 168
141 270
141 273
141 248
141 251
141 254
141 258
141 260
141 261
141 266
141 263
141 268
142 234
142 30
142 31
142 28
142 94
142 95
142 96
142 97
142 100
142 101
142 127
142 128
142 130
142 131
142 132
142 133
142 138
142 139
142 140
142 143
142 144
142 145
142 215
142 150
142 157
142 151
142 152
142 125
142 126
142 159
142 105
142 205
142 208
142 201
142 171
142 3
142 2
142 217
142 218
142 196
142 222
142 91
142 169
142 170
142 148
142 195
142 194
142 225
142 190
142 187
142 29
142 90
142 98
142 134
142 118
142 129
142 135
142 81
142 163
142 248
142 251
142 260
142 261
143 234
143 191
143 30
143 31
143 28
143 94
143 95
143 96
143 97
143 100
143 101
143 127
143 128
143 130
143 131
143 132
143 133
143 138
143 139
143 140
143 144
143 145
143 215
143 229
143 150
143 157
143 151
143 152
143 125
143 126
143 159
143 172
143 105
143 205
143 208
143 201
143 171
143 3
143 2
143 217
143 218
143 196
143 222
143 91
143 221
143 169
143 170
143 148
143 195
143 194
143 193
143 225
143 190
143 187
143 29
143 90
143 98
143 134
143 118
143 129
143 135
143 81
143 163
143 248
143 251
143 260
143 261
143 263
144 234
144 30
144 28
144 7
144 4
144 5
144 6
144 94
144 95
144 96
144 97
144 101
144 127
144 128
144 130
144 131
144 132
144 133
144 138
144 139
144 140
144 145
144 215
144 150
144 157
144 151
144 152
144 125
144 126
144 159
144 105
144 206
144 205
144 208
144 201
144 171
144 3
144 2
144 197
144 217
144 218
144 196
144 222
144 91
144 169
144 170
144 148
144 195
144 194
144 225
144 190
144 187
144 29
144 90
144 98
144 134
144 118
144 129
144 135
144 81
144 163
144 273
144 248
144 251
144 254
144 260
144 261
144 266
145 238
145 234
145 30
145 31
145 28
145 94
145 95
145 96
145 97
145 100
145 101
145 127
145 128
145 130
145 131
145 132
145 133
145 138
145 139
145 140
145 213
145 215
145 228
145 229
145 150
145 157
145 151
145 152
145 125
145 126
145 159
145 105
145 205
145 208
145 201
145 171
145 3
145 2
145 216
145 217
145 222
145 91
145 170
145 148
145 195
145 194
145 193
145 225
145 190
145 198
145 187
145 29
145 99
145 90
145 98
145 134
145 118
145 129
145 135
145 81
145 120
145 163
145 248
145 251
145 260
145 261
150 234
150 28
150 94
150 95
150 96
150 97
150 100
150 101
150 127
150 128
150 130
150 131
150 132
150 133
150 138
150 139
150 140
150 215
150 229
150 157
150 151
150 152
150 125
150 126
150 159
150 105
150 206
150 205
150 208
150 201
150 171
150 3
150 2
150 217
150 222
150 91
150 223
150 170
150 148
150 195
150 194
150 225
150 188
150 189
150 190
150 198
150 199
150 187
150 29
150 90
150 98
150 134
150 118
150 129
150 135
150 81
150 163
150 164
150 248
150 251
150 260
150 261
157 151
157 152
157 125
157 126
157 159
157 105
157 204
157 206
157 205
157 201
157 171
157 3
157 2
157 207
157 197
157 224
157 217
157 218
157 223
157 169
157 170
157 148
157 195
157 194
157 188
157 189
157 190
157 198
157 199
157 98
157 118
157 81
157 163
157 164
157 166
157 167
157 168
157 273
157 248
157 260
157 261
151 238
151 234
151 94
151 95
151 96
151 97
151 100
151 101
151 127
151 128
151 130
151 131
151 132
151 133
151 215
151 229
151 152
151 159
151 205
151 201
151 171
151 3
151 2
151 217
151 222
151 91
151 223
151 170
151 148
151 195
151 194
151 225
151 188
151 189
151 190
151 198
151 199
151 187
151 29
151 90
151 98
151 134
151 118
151 129
151 135
151 81
151 163
151 164
151 248
151 251
151 260
151 261
152 238
152 234
152 94
152 95
152 96
152 97
152 100
152 101
152 127
152 128
152 130
152 131
152 132
152 133
152 213
152 215
152 229
152 159
152 201
152 171
152 3
152 2
152 217
152 222
152 91
152 223
152 170
152 148
152 195
152 194
152 225
152 188
152 189
152 190
152 198
152 199
152 187
152 29
152 90
152 98
152 134
152 118
152 129
152 81
152 163
152 164
152 248
152 251
152 260
125 234
125 13
125 7
125 4
125 5
125 6
125 9
125 8
125 84
125 85
125 86
125 87
125 88
125 89
125 94
125 95
125 96
125 97
125 101
125 127
125 128
125 130
125 131
125 132
125 133
125 138
125 139
125 140
125 215
125 126
125 105
125 204
125 205
125 208
125 201
125 171
125 3
125 207
125 197
125 224
125 217
125 218
125 196
125 169
125 170
125 148
125 195
125 194
125 187
125 98
125 134
125 118
125 129
125 135
125 81
125 163
125 166
125 167
125 168
125 273
125 248
125 251
125 254
125 258
125 260
125 261
125 266
125 268
126 234
126 13
126 7
126 4
126 5
126 6
126 9
126 8
126 84
126 85
126 86
126 87
126 88
126 89
126 94
126 95
126 96
126 97
126 101
126 127
126 128
126 130
126 131
126 132
126 133
126 138
126 139
126 140
126 215
126 105
126 204
126 205
126 208
126 171
126 207
126 197
126 224
126 217
126 218
126 196
126 169
126 170
126 148
126 195
126 194
126 190
126 187
126 98
126 134
126 118
126 129
126 135
126 81
126 163
126 166
126 167
126 168
126 273
126 248
126 251
126 254
126 258
126 260
126 261
126 266
126 268
159 206
159 201
159 3
159 2
159 222
159 223
159 170
159 188
159 189
159 198
159 199
159 163
159 164
159 248
159 260
105 234
105 13
105 7
105 4
105 5
105 6
105 9
105 8
105 84
105 85
105 86
105 87
105 88
105 89
105 94
105 95
105 96
105 97
105 101
105 127
105 128
105 130
105 131
105 132
105 133
105 138
105 139
105 140
105 215
105 204
105 205
105 208
105 171
105 207
105 197
105 224
105 217
105 218
105 196
105 169
105 170
105 148
105 195
105 194
105 187
105 98
105 134
105 118
105 129
105 135
105 81
105 163
105 166
105 167
105 168
105 273
105 251
105 254
105 258
105 261
105 266
105 268
204 13
204 7
204 4
204 5
204 6
204 9
204 8
204 84
204 85
204 86
204 87
204 88
204 89
204 206
204 205
204 201
204 207
204 197
204 224
204 218
204 196
204 169
204 148
204 118
204 166
204 167
204 168
204 273
204 254
204 258
204 266
204 268
206 13
206 205
206 201
206 3
206 207
206 197
206 224
206 223
206 188
206 189
206 198
206 199
206 164
206 166
206 167
206 168
206 273
205 13
205 7
205 4
205 5
205 6
205 9
205 8
205 84
205 85
205 86
205 87
205 88
205 89
205 96
205 97
205 130
205 138
205 139
205 140
205 215
205 208
205 201
205 171
205 3
205 207
205 197
205 224
205 217
205 218
205 196
205 169
205 170
205 148
205 195
205 194
205 98
205 134
205 118
205 135
205 81
205 163
205 166
205 167
205 168
205 273
205 248
205 254
205 258
205 260
205 261
205 266
205 268
208 234
208 191
208 30
208 31
208 28
208 7
208 4
208 5
208 6
208 9
208 8
208 58
208 59
208 60
208 84
208 85
208 86
208 87
208 88
208 89
208 94
208 95
208 96
208 97
208 101
208 127
208 128
208 130
208 131
208 132
208 133
208 138
208 139
208 140
208 215
208 172
208 171
208 2
208 217
208 218
208 196
208 221
208 169
208 170
208 148
208 70
208 69
208 195
208 194
208 190
208 187
208 29
208 98
208 134
208 118
208 129
208 135
208 81
208 161
208 163
208 167
208 270
208 273
208 248
208 251
208 254
208 258
208 260
208 261
208 266
208 263
208 268
201 13
201 3
201 207
201 197
201 224
201 218
201 223
201 169
201 148
201 188
201 189
201 198
201 199
201 163
201 164
201 166
201 167
201 168
201 273
201 248
201 260
171 238
171 234
171 191
171 32
171 30
171 31
171 28
171 58
171 59
171 60
171 61
171 62
171 63
171 94
171 95
171 96
171 97
171 100
171 101
171 127
171 128
171 130
171 131
171 132
171 133
171 138
171 139
171 140
171 215
171 229
171 172
171 1
171 3
171 2
171 216
171 217
171 196
171 222
171 91
171 221
171 170
171 148
171 70
171 69
171 195
171 194
171 193
171 225
171 190
171 187
171 29
171 99
171 90
171 98
171 134
171 118
171 129
171 135
171 81
171 120
171 161
171 163
171 270
171 248
171 251
171 254
171 260
171 261
171 263
3 2
3 197
3 222
3 91
3 223
3 169
3 170
3 148
3 195
3 194
3 225
3 188
3 189
3 190
3 198
3 199
3 98
3 118
3 81
3 163
3 164
3 273
3 248
3 260
2 236
2 238
2 234
2 212
2 191
2 32
2 30
2 31
2 28
2 61
2 63
2 94
2 95
2 96
2 97
2 100
2 101
2 110
2 112
2 113
2 114
2 127
2 128
2 130
2 131
2 132
2 133
2 138
2 139
2 140
2 213
2 214
2 215
2 228
2 229
2 172
2 1
2 216
2 217
2 222
2 91
2 221
2 219
2 170
2 148
2 70
2 69
2 195
2 194
2 193
2 225
2 190
2 186
2 187
2 29
2 99
2 90
2 98
2 134
2 118
2 129
2 135
2 111
2 81
2 120
2 163
2 165
2 248
2 251
2 260
2 261
2 263
207 13
207 7
207 4
207 5
207 6
207 9
207 8
207 84
207 85
207 86
207 197
207 224
207 218
207 196
207 169
207 148
207 118
207 166
207 167
207 168
207 273
207 258
207 266
197 13
197 7
197 4
197 5
197 6
197 9
197 8
197 84
197 85
197 86
197 224
197 218
197 196
197 169
197 148
197 118
197 166
197 167
197 168
197 273
197 258
197 266
224 13
224 7
224 4
224 5
224 6
224 9
224 8
224 84
224 85
224 86
224 87
224 88
224 89
224 218
224 196
224 169
224 148
224 118
224 166
224 167
224 168
224 273
224 254
224 258
224 266
217 234
217 191
217 32
217 30
217 31
217 28
217 7
217 4
217 5
217 6
217 9
217 8
217 58
217 59
217 60
217 61
217 62
217 63
217 84
217 85
217 86
217 87
217 88
217 89
217 94
217 95
217 96
217 97
217 101
217 127
217 128
217 130
217 131
217 132
217 133
217 138
217 139
217 140
217 215
217 172
217 1
217 218
217 196
217 222
217 91
217 221
217 169
217 170
217 148
217 70
217 69
217 195
217 194
217 193
217 225
217 190
217 187
217 29
217 98
217 134
217 118
217 129
217 135
217 81
217 161
217 163
217 270
217 273
217 248
217 251
217 254
217 260
217 261
217 266
217 263
217 268
218 13
218 7
218 4
218 5
218 6
218 9
218 8
218 84
218 85
218 86
218 87
218 88
218 89
218 96
218 130
218 138
218 139
218 140
218 215
218 196
218 169
218 148
218 195
218 194
218 134
218 118
218 135
218 163
218 166
218 167
218 168
218 273
218 254
218 258
218 261
218 266
218 268
223 188
223 189
223 198
223 199
223 164
169 13
169 7
169 4
169 5
169 6
169 9
169 8
169 84
169 85
169 86
169 87
169 88
169 89
169 130
169 138
169 139
169 140
169 215
169 196
169 148
169 195
169 194
169 134
169 118
169 135
169 163
169 166
169 167
169 168
169 273
169 254
169 258
169 261
169 266
169 268
170 238
170 234
170 191
170 32
170 30
170 31
170 28
170 94
170 95
170 96
170 97
170 100
170 101
170 127
170 128
170 130
170 131
170 132
170 133
170 138
170 139
170 140
170 213
170 215
170 228
170 229
170 172
170 216
170 196
170 222
170 91
170 221
170 148
170 70
170 69
170 195
170 194
170 193
170 225
170 190
170 187
170 29
170 99
170 90
170 98
170 134
170 118
170 129
170 135
170 81
170 120
170 163
170 165
170 248
170 251
170 260
170 261
170 263
148 234
148 191
148 30
148 31
148 28
148 7
148 4
148 5
148 6
148 9
148 8
148 84
148 85
148 86
148 87
148 88
148 89
148 94
148 95
148 96
148 97
148 101
148 127
148 128
148 130
148 131
148 132
148 133
148 138
148 139
148 140
148 215
148 196
148 91
148 221
148 195
148 194
148 225
148 190
148 187
148 29
148 98
148 134
148 118
148 129
148 135
148 81
148 163
148 166
148 167
148 168
148 273
148 248
148 251
148 254
148 258
148 260
148 261
148 266
148 268
195 234
195 191
195 30
195 31
195 28
195 7
195 4
195 5
195 6
195 9
195 8
195 58
195 59
195 60
195 84
195 85
195 86
195 87
195 88
195 89
195 94
195 95
195 96
195 97
195 101
195 127
195 128
195 130
195 131
195 132
195 133
195 138
195 139
195 140
195 215
195 172
195 196
195 91
195 221
195 70
195 69
195 194
195 225
195 190
195 187
195 29
195 98
195 134
195 118
195 129
195 135
195 81
195 163
195 166
195 167
195 168
195 270
195 273
195 248
195 251
195 254
195 258
195 260
195 261
195 266
195 263
195 268
194 234
194 191
194 32
194 30
194 31
194 28
194 7
194 4
194 5
194 6
194 9
194 8
194 58
194 59
194 60
194 61
194 62
194 63
194 84
194 85
194 86
194 87
194 88
194 89
194 94
194 95
194 96
194 97
194 101
194 127
194 128
194 130
194 131
194 132
194 133
194 138
194 139
194 140
194 215
194 172
194 1
194 196
194 222
194 91
194 221
194 70
194 69
194 193
194 225
194 190
194 187
194 29
194 98
194 134
194 118
194 129
194 135
194 81
194 161
194 163
194 270
194 273
194 248
194 251
194 254
194 260
194 261
194 266
194 263
194 268
188 189
188 198
188 199
188 164
189 198
189 199
189 164
190 236
190 238
190 234
190 212
190 191
190 32
190 30
190 31
190 28
190 58
190 59
190 61
190 62
190 63
190 94
190 95
190 96
190 97
190 100
190 101
190 127
190 128
190 130
190 131
190 132
190 133
190 138
190 139
190 140
190 213
190 214
190 215
190 228
190 229
190 172
190 1
190 216
190 222
190 91
190 221
190 219
190 70
190 69
190 193
190 225
190 186
190 187
190 29
190 99
190 90
190 98
190 134
190 118
190 129
190 135
190 81
190 120
190 163
190 165
190 270
190 248
190 251
190 260
190 261
190 263
198 199
198 164
198 248
198 260
199 164
199 248
199 260
98 238
98 234
98 191
98 32
98 30
98 31
98 28
98 58
98 59
98 60
98 61
98 62
98 63
98 88
98 89
98 94
98 95
98 96
98 97
98 100
98 101
98 127
98 128
98 130
98 131
98 132
98 133
98 138
98 139
98 140
98 215
98 229
98 172
98 1
98 196
98 222
98 91
98 221
98 70
98 69
98 193
98 225
98 187
98 29
98 99
98 90
98 134
98 118
98 129
98 135
98 81
98 120
98 161
98 163
98 259
98 270
98 248
98 251
98 254
98 260
98 261
98 266
98 263
98 268
118 234
118 191
118 30
118 31
118 28
118 7
118 4
118 5
118 6
118 9
118 8
118 59
118 60
118 84
118 85
118 86
118 87
118 88
118 89
118 94
118 95
118 96
118 97
118 101
118 127
118 128
118 130
118 131
118 132
118 133
118 138
118 139
118 140
118 215
118 196
118 91
118 221
118 70
118 225
118 187
118 29
118 134
118 129
118 135
118 81
118 163
118 166
118 167
118 168
118 273
118 248
118 251
118 254
118 258
118 260
118 261
118 266
118 268
81 238
81 234
81 191
81 32
81 30
81 31
81 28
81 58
81 59
81 60
81 61
81 62
81 63
81 88
81 89
81 94
81 95
81 96
81 97
81 100
81 101
81 127
81 128
81 130
81 131
81 132
81 133
81 138
81 139
81 140
81 215
81 229
81 172
81 1
81 196
81 222
81 91
81 221
81 70
81 69
81 193
81 225
81 187
81 29
81 99
81 90
81 134
81 129
81 135
81 120
81 161
81 163
81 259
81 270
81 248
81 251
81 254
81 260
81 261
81 266
81 263
81 268
163 234
163 30
163 31
163 28
163 7
163 4
163 5
163 6
163 89
163 94
163 95
163 96
163 97
163 101
163 127
163 128
163 130
163 131
163 132
163 133
163 138
163 139
163 140
163 215
163 196
163 222
163 91
163 221
163 225
163 187
163 29
163 90
163 134
163 129
163 135
163 273
163 248
163 251
163 254
163 260
163 261
163 266
163 268
166 13
166 7
166 4
166 5
166 6
166 9
166 8
166 84
166 85
166 86
166 87
166 88
166 89
166 196
166 167
166 168
166 273
166 254
166 258
166 266
166 268
167 13
167 7
167 4
167 5
167 6
167 9
167 8
167 84
167 85
167 86
167 87
167 88
167 89
167 196
167 168
167 273
167 254
167 258
167 266
167 268
168 13
168 7
168 4
168 5
168 6
168 9
168 8
168 84
168 85
168 86
168 87
168 88
168 89
168 196
168 273
168 254
168 258
168 266
168 268
273 13
273 7
273 4
273 5
273 6
273 9
273 8
273 84
273 85
273 86
273 87
273 88
273 89
273 138
273 139
273 140
273 196
273 254
273 258
273 261
273 266
273 268
248 238
248 234
248 30
248 31
248 28
248 94
248 95
248 96
248 97
248 100
248 101
248 127
248 128
248 130
248 131
248 132
248 133
248 138
248 139
248 140
248 213
248 215
248 228
248 229
248 222
248 91
248 225
248 187
248 29
248 90
248 134
248 129
248 135
248 120
248 251
248 260
248 261
260 238
260 234
260 30
260 31
260 28
260 94
260 95
260 96
260 97
260 100
260 101
260 127
260 128
260 130
260 131
260 132
260 133
260 138
260 139
260 140
260 213
260 215
260 228
260 229
260 216
260 222
260 91
260 193
260 225
260 187
260 29
260 99
260 90
260 134
260 129
260 135
260 120
260 251
260 261
261 234
261 191
261 32
261 30
261 31
261 28
261 7
261 4
261 5
261 6
261 9
261 8
261 58
261 59
261 60
261 61
261 62
261 63
261 84
261 85
261 86
261 87
261 88
261 89
261 94
261 95
261 96
261 97
261 101
261 127
261 128
261 130
261 131
261 132
261 133
261 138
261 139
261 140
261 215
261 172
261 1
261 196
261 91
261 221
261 70
261 69
261 193
261 225
261 187
261 29
261 134
261 129
261 135
261 161
261 270
261 251
261 254
261 266
261 263
261 268
13 7
13 4
13 5
13 6
13 9
13 8
13 84
13 85
13 86
13 196
13 258
13 266
196 234
196 7
196 4
196 5
196 6
196 9
196 8
196 84
196 85
196 86
196 87
196 88
196 89
196 94
196 95
196 96
196 97
196 101
196 127
196 128
196 130
196 131
196 132
196 133
196 138
196 139
196 140
196 215
196 187
196 134
196 129
196 135
196 251
196 254
196 258
196 266
196 268
173 180
173 181
173 182
173 183
173 121
173 122
173 123
173 184
173 185
173 174
173 175
173 176
173 177
173 179
173 178
180 181
180 182
180 183
180 121
180 122
180 123
180 184
180 185
180 174
180 175
180 176
180 177
180 179
180 178
181 182
181 183
181 121
181 122
181 123
181 184
181 185
181 174
181 175
181 176
181 177
181 179
181 178
182 183
182 121
182 122
182 123
182 184
182 185
182 174
182 175
182 176
182 177
182 179
182 178
183 121
183 122
183 123
183 184
183 185
183 174
183 175
183 176
183 177
183 179
183 178
121 122
121 123
121 184
121 185
121 174
121 175
121 176
121 177
121 179
121 178
122 123
122 184
122 185
122 174
122 175
122 176
122 177
122 179
122 178
123 184
123 185
123 174
123 175
123 176
123 177
123 179
123 178
184 185
184 174
184 175
184 176
184 177
184 179
184 178
185 174
185 175
185 176
185 177
185 179
185 178
174 175
174 176
174 177
174 179
174 178
175 176
175 177
175 179
175 178
176 146
176 177
176 179
176 178
177 179
177 178
179 146
179 178
238 236
238 212
238 32
238 30
238 31
238 28
238 94
238 95
238 100
238 110
238 112
238 113
238 114
238 119
238 213
238 214
238 228
238 229
238 172
238 1
238 216
238 222
238 91
238 219
238 193
238 225
238 186
238 29
238 99
238 90
238 111
238 120
238 162
238 165
238 263
234 191
234 32
234 30
234 31
234 28
234 6
234 58
234 59
234 60
234 61
234 62
234 63
234 87
234 88
234 89
234 94
234 95
234 96
234 97
234 101
234 127
234 128
234 130
234 131
234 132
234 133
234 138
234 139
234 140
234 215
234 172
234 1
234 222
234 91
234 221
234 70
234 69
234 193
234 225
234 187
234 29
234 99
234 90
234 134
234 129
234 135
234 161
234 259
234 270
234 251
234 254
234 266
234 263
234 268
30 236
30 212
30 191
30 32
30 31
30 28
30 58
30 59
30 60
30 61
30 62
30 63
30 94
30 95
30 96
30 97
30 100
30 101
30 127
30 128
30 130
30 131
30 132
30 133
30 138
30 139
30 140
30 214
30 215
30 228
30 229
30 172
30 1
30 216
30 222
30 91
30 221
30 219
30 70
30 69
30 193
30 225
30 186
30 187
30 29
30 99
30 90
30 134
30 129
30 135
30 120
30 161
30 165
30 259
30 270
30 251
30 263
31 236
31 212
31 191
31 32
31 28
31 20
31 58
31 59
31 60
31 61
31 62
31 63
31 94
31 95
31 96
31 97
31 100
31 101
31 127
31 128
31 130
31 131
31 132
31 133
31 138
31 139
31 140
31 214
31 215
31 228
31 229
31 172
31 1
31 216
31 222
31 91
31 221
31 219
31 70
31 69
31 193
31 225
31 187
31 29
31 99
31 90
31 134
31 129
31 135
31 120
31 161
31 165
31 259
31 270
31 251
31 263
28 236
28 212
28 191
28 32
28 58
28 59
28 60
28 61
28 62
28 63
28 94
28 95
28 96
28 97
28 100
28 101
28 127
28 128
28 130
28 131
28 132
28 133
28 138
28 139
28 140
28 213
28 214
28 215
28 228
28 229
28 172
28 1
28 216
28 222
28 91
28 221
28 219
28 70
28 69
28 193
28 225
28 186
28 187
28 29
28 99
28 90
28 134
28 129
28 135
28 111
28 120
28 161
28 162
28 165
28 259
28 270
28 251
28 263
94 191
94 32
94 58
94 59
94 60
94 61
94 62
94 63
94 88
94 89
94 95
94 96
94 97
94 100
94 101
94 127
94 128
94 130
94 131
94 132
94 133
94 138
94 139
94 140
94 215
94 229
94 172
94 1
94 222
94 91
94 221
94 70
94 69
94 193
94 225
94 187
94 29
94 99
94 90
94 134
94 129
94 135
94 120
94 161
94 259
94 270
94 251
94 254
94 266
94 263
94 268
95 191
95 32
95 58
95 59
95 60
95 61
95 62
95 63
95 89
95 96
95 97
95 100
95 101
95 127
95 128
95 130
95 131
95 132
95 133
95 138
95 139
95 140
95 215
95 229
95 172
95 1
95 216
95 222
95 91
95 221
95 219
95 70
95 69
95 193
95 225
95 187
95 29
95 99
95 90
95 134
95 129
95 135
95 120
95 161
95 259
95 270
95 251
95 254
95 266
95 263
95 268
96 191
96 32
96 6
96 58
96 59
96 60
96 61
96 62
96 63
96 87
96 88
96 89
96 97
96 101
96 127
96 128
96 130
96 131
96 132
96 133
96 138
96 139
96 140
96 215
96 172
96 1
96 222
96 91
96 221
96 70
96 69
96 193
96 225
96 187
96 29
96 99
96 90
96 134
96 129
96 135
96 161
96 259
96 270
96 251
96 254
96 266
96 263
96 268
97 191
97 32
97 58
97 59
97 60
97 61
97 62
97 63
97 87
97 88
97 89
97 101
97 127
97 128
97 130
97 131
97 132
97 133
97 138
97 139
97 140
97 215
97 172
97 1
97 222
97 91
97 221
97 70
97 69
97 193
97 225
97 187
97 29
97 99
97 90
97 134
97 129
97 135
97 120
97 161
97 259
97 270
97 251
97 254
97 266
97 263
97 268
100 236
100 212
100 32
100 110
100 112
100 113
100 114
100 119
100 213
100 214
100 228
100 229
100 172
100 216
100 222
100 91
100 219
100 193
100 225
100 186
100 29
100 99
100 90
100 111
100 120
100 162
100 165
100 263
101 191
101 32
101 58
101 59
101 60
101 61
101 62
101 63
101 87
101 88
101 89
101 127
101 128
101 130
101 131
101 132
101 133
101 138
101 139
101 140
101 215
101 172
101 1
101 222
101 91
101 221
101 70
101 69
101 193
101 225
101 187
101 29
101 99
101 90
101 134
101 129
101 135
101 120
101 161
101 259
101 270
101 251
101 254
101 266
101 263
101 268
127 191
127 32
127 6
127 58
127 59
127 60
127 61
127 62
127 63
127 87
127 88
127 89
127 128
127 130
127 131
127 132
127 133
127 138
127 139
127 140
127 215
127 172
127 1
127 222
127 91
127 221
127 70
127 69
127 193
127 225
127 187
127 29
127 99
127 90
127 134
127 129
127 135
127 161
127 259
127 270
127 251
127 254
127 266
127 263
127 268
128 191
128 32
128 58
128 59
128 60
128 61
128 62
128 63
128 87
128 88
128 89
128 130
128 131
128 132
128 133
128 138
128 139
128 140
128 215
128 172
128 1
128 222
128 91
128 221
128 70
128 69
128 193
128 225
128 187
128 29
128 99
128 90
128 134
128 129
128 135
128 161
128 259
128 270
128 251
128 254
128 266
128 263
128 268
130 191
130 32
130 7
130 4
130 5
130 6
130 9
130 58
130 59
130 60
130 61
130 62
130 63
130 87
130 88
130 89
130 131
130 132
130 133
130 138
130 139
130 140
130 215
130 172
130 1
130 222
130 91
130 221
130 70
130 69
130 193
130 225
130 187
130 29
130 90
130 134
130 129
130 135
130 161
130 259
130 270
130 251
130 254
130 266
130 263
130 268
131 191
131 32
131 58
131 59
131 60
131 61
131 62
131 63
131 87
131 88
131 89
131 132
131 133
131 138
131 139
131 140
131 215
131 172
131 1
131 222
131 91
131 221
131 70
131 69
131 193
131 225
131 187
131 29
131 99
131 90
131 134
131 129
131 135
131 161
131 259
131 270
131 251
131 254
131 266
131 263
131 268
132 191
132 32
132 58
132 59
132 60
132 61
132 62
132 63
132 87
132 88
132 89
132 133
132 138
132 139
132 140
132 215
132 172
132 1
132 222
132 91
132 221
132 70
132 69
132 193
132 225
132 187
132 29
132 99
132 90
132 134
132 129
132 135
132 161
132 259
132 270
132 251
132 254
132 266
132 263
132 268
133 191
133 32
133 6
133 58
133 59
133 60
133 61
133 62
133 63
133 87
133 88
133 89
133 138
133 139
133 140
133 215
133 172
133 1
133 222
133 91
133 221
133 70
133 69
133 193
133 225
133 187
133 29
133 99
133 90
133 134
133 129
133 135
133 161
133 259
133 270
133 251
133 254
133 266
133 263
133 268
138 191
138 7
138 4
138 5
138 6
138 9
138 8
138 58
138 59
138 60
138 61
138 62
138 63
138 84
138 85
138 86
138 87
138 88
138 89
138 139
138 140
138 215
138 172
138 221
138 70
138 69
138 187
138 29
138 134
138 129
138 135
138 161
138 270
138 249
138 251
138 254
138 258
138 266
138 263
138 268
139 191
139 7
139 4
139 5
139 6
139 9
139 8
139 58
139 59
139 60
139 61
139 62
139 63
139 84
139 85
139 86
139 87
139 88
139 89
139 140
139 215
139 172
139 221
139 70
139 69
139 187
139 29
139 134
139 129
139 135
139 161
139 270
139 249
139 251
139 254
139 258
139 266
139 263
139 268
140 191
140 7
140 4
140 5
140 6
140 9
140 8
140 58
140 59
140 60
140 84
140 85
140 86
140 87
140 88
140 89
140 215
140 172
140 221
140 70
140 69
140 187
140 29
140 134
140 129
140 135
140 161
140 270
140 249
140 251
140 254
140 258
140 266
140 263
140 268
215 191
215 32
215 7
215 4
215 5
215 6
215 9
215 8
215 58
215 59
215 60
215 61
215 62
215 63
215 87
215 88
215 89
215 172
215 1
215 222
215 91
215 221
215 70
215 69
215 193
215 225
215 187
215 29
215 90
215 134
215 129
215 135
215 161
215 259
215 270
215 251
215 254
215 266
215 263
215 268
229 236
229 212
229 32
229 110
229 112
229 113
229 114
229 119
229 213
229 214
229 228
229 172
229 216
229 222
229 91
229 219
229 193
229 225
229 186
229 29
229 99
229 90
229 111
229 120
229 162
229 165
229 263
222 236
222 212
222 191
222 32
222 110
222 112
222 113
222 114
222 119
222 213
222 214
222 228
222 172
222 216
222 91
222 221
222 219
222 193
222 225
222 186
222 187
222 29
222 99
222 90
222 134
222 129
222 135
222 111
222 120
222 162
222 165
222 251
222 263
91 236
91 212
91 191
91 32
91 59
91 61
91 62
91 63
91 110
91 112
91 113
91 114
91 119
91 213
91 214
91 228
91 172
91 1
91 216
91 221
91 219
91 70
91 69
91 193
91 225
91 186
91 187
91 29
91 99
91 90
91 134
91 129
91 135
91 111
91 120
91 162
91 165
91 251
91 263
225 236
225 212
225 191
225 32
225 58
225 59
225 61
225 62
225 63
225 110
225 112
225 113
225 114
225 119
225 213
225 214
225 228
225 172
225 1
225 216
225 221
225 219
225 70
225 69
225 193
225 186
225 187
225 29
225 99
225 90
225 134
225 129
225 135
225 111
225 120
225 162
225 165
225 270
225 251
225 263
187 191
187 32
187 58
187 59
187 60
187 61
187 62
187 63
187 87
187 88
187 89
187 172
187 1
187 221
187 70
187 69
187 193
187 29
187 99
187 90
187 134
187 129
187 135
187 161
187 259
187 270
187 251
187 254
187 266
187 263
187 268
29 236
29 212
29 191
29 32
29 58
29 59
29 60
29 61
29 62
29 63
29 213
29 214
29 228
29 172
29 1
29 216
29 221
29 219
29 70
29 69
29 193
29 186
29 99
29 90
29 134
29 129
29 135
29 120
29 161
29 162
29 165
29 259
29 270
29 251
29 263
90 236
90 212
90 191
90 32
90 110
90 112
90 113
90 114
90 119
90 213
90 214
90 228
90 172
90 1
90 216
90 219
90 193
90 186
90 99
90 134
90 129
90 111
90 120
90 162
90 165
90 251
90 263
134 191
134 32
134 7
134 4
134 5
134 6
134 9
134 8
134 58
134 59
134 60
134 61
134 62
134 63
134 87
134 88
134 89
134 172
134 1
134 221
134 70
134 69
134 193
134 129
134 135
134 161
134 259
134 270
134 251
134 254
134 266
134 263
134 268
129 191
129 32
129 4
129 5
129 6
129 58
129 59
129 60
129 61
129 62
129 63
129 87
129 88
129 89
129 172
129 1
129 221
129 70
129 69
129 193
129 135
129 161
129 259
129 270
129 251
129 254
129 266
129 263
129 268
135 191
135 32
135 7
135 4
135 5
135 6
135 9
135 8
135 58
135 59
135 60
135 61
135 62
135 63
135 84
135 85
135 86
135 87
135 88
135 89
135 172
135 1
135 221
135 70
135 69
135 193
135 161
135 259
135 270
135 251
135 254
135 266
135 263
135 268
251 191
251 32
251 58
251 59
251 60
251 61
251 62
251 63
251 87
251 88
251 89
251 172
251 1
251 221
251 70
251 69
251 193
251 99
251 161
251 259
251 270
251 254
251 266
251 263
251 268
236 212
236 32
236 110
236 112
236 113
236 114
236 119
236 213
236 214
236 228
236 172
236 216
236 219
236 193
236 186
236 99
236 111
236 120
236 162
236 165
236 263
212 32
212 110
212 112
212 113
212 114
212 119
212 213
212 214
212 228
212 172
212 216
212 219
212 193
212 186
212 99
212 111
212 120
212 162
212 165
212 263
32 191
32 20
32 58
32 59
32 60
32 61
32 62
32 63
32 214
32 228
32 172
32 1
32 216
32 221
32 219
32 70
32 69
32 193
32 186
32 99
32 120
32 161
32 162
32 165
32 259
32 270
32 263
110 112
110 113
110 114
110 119
110 213
110 214
110 228
110 216
110 219
110 186
110 99
110 111
110 120
110 162
110 165
112 113
112 114
112 119
112 213
112 214
112 228
112 216
112 219
112 186
112 99
112 111
112 120
112 162
112 165
113 114
113 119
113 213
113 214
113 228
113 216
113 219
113 186
113 99
113 111
113 120
113 162
113 165
114 119
114 213
114 214
114 228
114 160
114 216
114 219
114 186
114 99
114 111
114 120
114 162
114 165
119 213
119 214
119 228
119 160
119 216
119 219
119 186
119 99
119 111
119 120
119 162
119 165
213 214
213 228
213 216
213 219
213 186
213 99
213 111
213 120
213 162
213 165
214 191
214 61
214 62
214 63
214 228
214 172
214 1
214 216
214 221
214 219
214 70
214 69
214 193
214 186
214 99
214 111
214 120
214 162
214 165
214 259
214 263
228 172
228 216
228 219
228 193
228 186
228 99
228 111
228 120
228 162
228 165
228 263
172 191
172 20
172 21
172 19
172 58
172 59
172 60
172 61
172 62
172 63
172 1
172 216
172 221
172 219
172 70
172 69
172 193
172 99
172 120
172 161
172 259
172 270
172 243
172 263
216 191
216 61
216 63
216 1
216 219
216 70
216 69
216 193
216 186
216 99
216 111
216 120
216 162
216 165
216 263
219 191
219 61
219 62
219 63
219 1
219 221
219 70
219 69
219 193
219 186
219 99
219 111
219 120
219 162
219 165
219 259
219 263
193 191
193 58
193 59
193 60
193 61
193 62
193 63
193 1
193 221
193 70
193 69
193 186
193 99
193 120
193 161
193 162
193 165
193 259
193 270
193 263
186 99
186 111
186 120
186 162
186 165
99 191
99 59
99 61
99 62
99 63
99 1
99 221
99 70
99 69
99 111
99 120
99 162
99 165
99 259
99 263
111 120
111 162
111 165
120 191
120 61
120 63
120 1
120 221
120 70
120 69
120 162
120 165
120 263
162 165
263 191
263 20
263 21
263 19
263 58
263 59
263 60
263 61
263 62
263 63
263 1
263 221
263 70
263 69
263 161
263 259
263 270
1 191
1 20
1 21
1 19
1 58
1 59
1 60
1 61
1 62
1 63
1 221
1 70
1 69
1 161
1 259
1 271
1 270
1 243
7 4
7 5
7 6
7 9
7 8
7 84
7 85
7 86
7 87
7 88
7 89
7 254
7 258
7 266
7 268
4 5
4 6
4 9
4 8
4 84
4 85
4 86
4 87
4 88
4 89
4 254
4 258
4 266
4 268
5 6
5 9
5 8
5 84
5 85
5 86
5 87
5 88
5 89
5 254
5 258
5 266
5 268
6 9
6 8
6 84
6 85
6 86
6 87
6 88
6 89
6 254
6 258
6 266
6 268
9 8
9 84
9 85
9 86
9 87
9 88
9 89
9 254
9 258
9 266
9 268
8 84
8 85
8 86
8 87
8 88
8 89
8 254
8 258
8 266
8 268
84 85
84 86
84 87
84 88
84 89
84 249
84 254
84 258
84 266
84 268
85 86
85 87
85 88
85 89
85 249
85 254
85 258
85 266
85 268
86 87
86 88
86 89
86 249
86 254
86 258
86 266
86 268
87 0
87 88
87 89
87 249
87 254
87 258
87 266
87 262
87 268
87 267
88 0
88 89
88 249
88 254
88 258
88 266
88 262
88 268
88 267
89 0
89 249
89 254
89 258
89 266
89 262
89 268
89 267
254 0
254 249
254 258
254 266
254 262
254 268
254 267
258 266
258 268
266 0
266 249
266 268
268 0
268 249
268 262
268 267
191 20
191 21
191 19
191 58
191 59
191 60
191 61
191 62
191 63
191 221
191 70
191 69
191 161
191 259
191 270
191 243
58 0
58 20
58 21
58 19
58 59
58 60
58 61
58 62
58 63
58 221
58 70
58 69
58 161
58 259
58 270
58 243
58 249
58 262
58 267
59 0
59 20
59 21
59 19
59 60
59 61
59 62
59 63
59 221
59 70
59 69
59 161
59 259
59 270
59 243
59 249
59 262
59 267
60 0
60 20
60 21
60 19
60 61
60 62
60 63
60 221
60 70
60 69
60 161
60 259
60 270
60 243
60 249
60 262
60 267
61 20
61 21
61 19
61 62
61 63
61 221
61 70
61 69
61 161
61 259
61 271
61 270
61 243
62 20
62 21
62 19
62 63
62 221
62 70
62 69
62 161
62 259
62 271
62 270
62 243
63 20
63 21
63 19
63 221
63 70
63 69
63 161
63 259
63 271
63 270
63 243
221 20
221 21
221 19
221 70
221 69
221 161
221 259
221 270
221 243
70 20
70 21
70 19
70 69
70 161
70 259
70 270
70 243
69 20
69 21
69 19
69 161
69 259
69 270
69 243
161 0
161 20
161 21
161 19
161 259
161 270
161 243
161 249
161 262
161 267
259 20
259 21
259 19
259 226
259 71
259 72
259 73
259 74
259 75
259 76
259 230
259 200
259 271
259 272
259 270
259 243
259 252
270 0
270 20
270 21
270 19
270 243
270 249
270 262
270 267
158 38
158 36
158 37
158 34
158 35
158 33
158 39
158 56
158 64
158 65
158 66
158 67
158 68
158 220
158 192
158 244
158 269
38 36
38 37
38 34
38 35
38 33
38 39
38 56
38 64
38 65
38 66
38 67
38 68
38 220
38 192
38 244
38 269
36 37
36 34
36 35
36 33
36 39
36 52
36 56
36 64
36 65
36 66
36 67
36 68
36 203
36 220
36 192
36 244
36 269
37 34
37 35
37 33
37 39
37 52
37 56
37 64
37 65
37 66
37 67
37 68
37 203
37 220
37 192
37 244
37 269
34 35
34 33
34 39
34 52
34 54
34 56
34 64
34 65
34 66
34 67
34 68
34 203
34 220
34 192
34 51
34 244
34 269
35 33
35 39
35 52
35 54
35 56
35 64
35 65
35 66
35 67
35 68
35 203
35 220
35 192
35 51
35 244
35 269
33 39
33 50
33 52
33 53
33 54
33 55
33 56
33 64
33 65
33 66
33 67
33 68
33 203
33 220
33 192
33 51
33 244
33 246
33 269
39 56
39 64
39 65
39 66
39 67
39 68
39 220
39 192
39 244
39 269
56 50
56 52
56 53
56 54
56 55
56 64
56 65
56 66
56 67
56 68
56 146
56 147
56 149
56 203
56 202
56 220
56 192
56 209
56 51
56 265
56 245
56 244
56 247
56 246
56 255
56 256
56 257
56 269
56 250
64 65
64 66
64 67
64 68
64 220
64 192
64 244
64 269
65 66
65 67
65 68
65 220
65 192
65 244
65 269
66 50
66 52
66 53
66 54
66 55
66 67
66 68
66 203
66 220
66 192
66 51
66 265
66 245
66 244
66 246
66 269
67 50
67 52
67 53
67 54
67 55
67 68
67 203
67 220
67 192
67 51
67 265
67 244
67 246
67 269
68 52
68 53
68 54
68 203
68 220
68 192
68 51
68 244
68 269
220 50
220 52
220 53
220 54
220 55
220 147
220 149
220 203
220 192
220 209
220 51
220 265
220 245
220 244
220 247
220 246
220 255
220 256
220 257
220 269
220 250
192 52
192 53
192 54
192 203
192 244
192 269
244 50
244 52
244 53
244 54
244 55
244 149
244 203
244 51
244 265
244 245
244 246
244 269
20 0
20 21
20 19
20 71
20 74
20 243
20 249
20 262
20 267
21 0
21 19
21 71
21 74
21 243
21 249
21 262
21 267
19 0
19 226
19 71
19 74
19 75
19 230
19 271
19 272
19 243
19 249
19 252
19 262
19 267
243 0
243 226
243 71
243 74
243 75
243 76
243 77
243 230
243 271
243 272
243 249
243 252
243 262
243 267
0 249
0 262
0 267
249 262
249 267
262 267
52 50
52 53
52 54
52 55
52 146
52 147
52 149
52 203
52 202
52 209
52 51
52 265
52 245
52 247
52 246
52 255
52 256
52 257
52 250
203 50
203 53
203 54
203 55
203 146
203 147
203 149
203 202
203 209
203 51
203 265
203 245
203 247
203 246
203 255
203 256
203 257
203 250
54 50
54 53
54 55
54 146
54 147
54 149
54 202
54 209
54 51
54 265
54 245
54 247
54 246
54 255
54 256
54 257
54 250
51 50
51 53
51 55
51 146
51 147
51 149
51 202
51 209
51 265
51 245
51 247
51 246
51 255
51 256
51 257
51 250
50 53
50 55
50 146
50 147
50 149
50 202
50 209
50 265
50 245
50 247
50 246
50 255
50 256
50 257
50 250
53 55
53 146
53 147
53 149
53 202
53 209
53 265
53 245
53 247
53 246
53 255
53 256
53 257
53 250
55 146
55 147
55 149
55 202
55 209
55 265
55 245
55 247
55 246
55 255
55 256
55 257
55 250
246 146
246 147
246 149
246 202
246 209
246 265
246 245
246 247
246 255
246 256
246 257
246 250
25 26
25 27
25 22
25 23
25 24
25 72
25 73
25 75
25 76
25 77
25 227
25 200
25 272
25 242
25 252
25 253
25 264
26 27
26 22
26 23
26 24
26 72
26 73
26 75
26 76
26 77
26 227
26 200
26 272
26 242
26 252
26 253
26 264
27 22
27 23
27 24
27 72
27 73
27 75
27 76
27 77
27 227
27 200
27 272
27 242
27 252
27 253
27 264
22 23
22 24
22 226
22 71
22 72
22 73
22 74
22 75
22 76
22 77
22 227
22 230
22 200
22 271
22 272
22 242
22 252
22 253
22 264
23 24
23 226
23 71
23 72
23 73
23 74
23 75
23 76
23 77
23 227
23 230
23 200
23 271
23 272
23 242
23 252
23 253
23 264
24 72
24 73
24 75
24 76
24 77
24 227
24 200
24 272
24 242
24 253
24 264
72 226
72 71
72 73
72 74
72 75
72 76
72 77
72 227
72 230
72 200
72 271
72 272
72 242
72 252
72 253
72 264
73 226
73 71
73 74
73 75
73 76
73 77
73 227
73 230
73 200
73 271
73 272
73 242
73 252
73 253
73 264
75 226
75 71
75 74
75 76
75 77
75 230
75 200
75 271
75 272
75 242
75 252
75 253
75 264
76 226
76 71
76 74
76 77
76 230
76 200
76 271
76 272
76 242
76 252
76 253
76 264
77 226
77 71
77 74
77 227
77 230
77 200
77 271
77 272
77 242
77 252
77 253
77 264
227 242
227 253
227 264
200 226
200 71
200 74
200 230
200 271
200 272
200 242
200 252
200 253
200 264
272 226
272 71
272 74
272 230
272 271
272 242
272 252
272 253
272 264
242 226
242 71
242 74
242 230
242 271
242 252
242 253
242 264
252 226
252 71
252 74
252 230
252 271
252 253
252 264
253 226
253 71
253 74
253 230
253 271
253 264
264 226
264 71
264 74
264 230
264 271
71 226
71 74
71 230
71 271
74 226
74 230
74 271
226 230
226 271
230 271
146 147
146 149
146 202
146 209
146 265
146 245
146 247
146 255
146 256
146 257
146 250
147 149
147 202
147 209
147 265
147 245
147 247
147 255
147 256
147 257
147 250
149 202
149 209
149 265
149 245
149 247
149 255
149 256
149 257
149 250
202 209
202 265
202 245
202 247
202 255
202 256
202 257
202 250
209 265
209 245
209 247
209 255
209 256
209 257
209 250
265 245
265 247
265 255
265 256
265 257
265 250
245 247
245 255
245 256
245 257
245 250
247 255
247 256
247 257
247 250
255 256
255 257
255 250
256 257
256 250
257 250
