328 5918
4310 6542
3703 9575
633 9268
5038 8397
6065 8187
6581 9681
6455 9734
3223 9147
2357 6542
3733 7834
3735 9832
6970 9234
4361 7179
5672 9084
7901 8735
3867 9015
643 7796
813 8904
4610 5327
4797 8270
3017 9743
466 9207
4917 6542
6094 6135
7734 9809
9450 9685
8528 9934
5634 8898
1856 9631
1801 6412
375 9486
8808 9976
7966 9153
3502 9704
7179 8195
7329 8495
5122 9330
5343 9836
4854 8486
1868 7485
8435 8875
7479 8330
8876 8898
6464 7849
4310 6786
1685 9832
8087 9762
8807 9041
7216 8149
4607 4932
3913 4864
3929 9295
6071 8199
5091 9357
4012 8903
8846 9320
33 6855
2735 9306
6855 8785
5375 9758
7264 8888
8641 9917
1731 9807
450 8827
5491 9241
3071 6640
7216 949
4296 6659
6316 9546
562 9476
4760 6158
5072 6676
7050 9515
8320 8386
1256 8745
9737 9793
259 9084
4610 6383
4764 8888
6867 9393
6098 7403
3414 6811
1077 8021
3771 6888
5198 7885
4297 7696
2507 9995
5137 5333
4894 9513
7254 7369
3413 6201
2327 4760
5745 6883
8320 9546
6045 9397
3507 3935
6036 7062
76 7901
3071 7937
3035 6786
361 9743
3947 6916
6959 9393
6829 699
5277 8090
3204 6398
2556 5279
2425 6987
3733 8585
8639 8879
4296 9909
492 9320
7673 8289
7051 7901
5146 9669
812 9414
7074 76
1696 6327
3605 7796
229 4546
7458 9734
3370 8879
7172 8386
1754 8667
7311 8021
7216 9758
6538 9681
4697 8628
6321 6855
6159 9450
4729 9397
4154 9442
6274 8064
6155 8072
4094 7172
4730 8407
3530 7883
8289 9672
5471 5947
685 8407
577 9863
2308 8956
5598 5802
1193 9863
6345 9234
6036 6168
7313 7320
5210 9234
2714 332
424 7066
6855 9908
6519 7898
194 5918
2004 3836
5166 9080
5454 7756
2113 9320
1815 5439
5556 9310
3331 8965
6427 9397
5056 6398
9207 9983
5356 9445
685 7457
2812 9972
5231 708
6217 9244
1264 7359
2645 8903
5096 9027
4854 8808
2873 9147
5454 9886
9245 9704
5881 6959
7521 8603
4114 5547
3438 9972
7085 9295
234 3314
4958 9703
7076 8005
6327 9360
849 9832
1208 4546
3543 6405
5773 6009
7276 9667
1615 9232
3246 5951
8435 9448
3017 7502
5903 9546
3286 6772
5947 9476
1511 1544
2681 9287
4297 9546
7194 7763
2371 7095
328 4174
1530 2360
5640 8871
3079 7458
4984 8807
5188 789
8932 9685
7095 7814
7062 9140
2647 8652
3483 3804
1201 6786
9226 9340
1379 9969
5500 6094
5091 5362
1530 9832
9084 9295
9472 9995
8348 9806
8698 9404
2379 6654
6602 9958
3360 9071
4354 8625
6049 8455
6027 8391
1457 8956
1523 646
3754 9296
6661 7325
1754 9908
1201 4310
3241 9207
6551 6970
8404 9234
683 9244
7087 8435
4165 6383
1090 8706
6183 7048
8059 8846
683 9040
9694 9786
6867 7103
7194 7883
3981 9846
2709 8445
5347 8808
4628 9389
6538 8786
5410 5685
9550 9669
1946 3340
2757 5137
7066 8289
8990 9874
8407 943
8264 9958
5198 868
6676 7781
1090 3752
4730 943
5036 5120
7034 9486
1649 9773
6726 863
525 9863
420 9340
1449 8207
7076 9041
4388 4982
5730 9785
8665 9268
2568 7454
2519 5137
6302 7074
4771 524
2359 9115
8268 9734
6297 9041
4777 8525
7834 9445
6168 744
4282 6566
9614 9786
7264 8903
523 7638
6036 8876
2147 8652
2668 5826
2379 9027
5031 9969
7565 8603
8064 9442
1033 9287
2216 7600
6244 6273
3370 8394
633 8565
9807 9958
6661 6829
3845 5857
2859 8021
7763 8286
2033 6349
2248 8690
5633 9681
699 7756
9314 9909
4832 6768
7696 9809
7841 8059
1043 7982
7537 9153
2221 3628
6405 7235
4819 685
6551 7519
1856 8745
8364 9123
185 8665
5198 8528
258 8484
9295 9868
4154 9015
3204 6560
5343 9481
4160 9948
2676 5279
3749 4731
2157 6867
2004 9976
2251 9015
5874 7386
4777 9721
2900 7499
4932 8650
5078 913
5594 8639
2157 8446
4319 9917
7236 7537
7513 7721
1969 9306
9714 9886
3104 4289
3859 9936
3964 9807
8698 9714
8320 9069
7966 8316
8962 9575
3845 9377
6595 9836
1676 5540
6959 8446
4560 9513
5269 6356
7158 9550
8314 87
1278 5123
9488 9967
5936 7883
8808 8971
5454 8110
4454 9015
6094 7158
4616 8110
264 9445
4174 7457
8022 9486
8808 9450
3139 3831
3071 6217
9404 97
6808 8735
3684 7550
7458 9115
2567 5632
6776 9448
705 9995
6485 8316
8270 9589
2390 4854
5121 5773
7841 9770
1557 9958
4877 8565
7975 9685
8270 9080
7087 7313
682 9956
4174 5918
4240 7638
4165 7421
3668 7423
7475 7763
5578 633
6878 7958
4388 9868
4562 7369
5038 9917
5250 6065
1495 8270
7017 7734
4116 4731
27 2927
7103 9486
6344 8397
7521 9488
2359 2360
5091 7874
3967 9785
2002 8956
3964 9958
914 9245
4025 8932
5750 9472
6040 7966
7258 9956
6027 7454
1179 9721
7721 7883
3804 8753
8786 9681
810 8754
6519 6808
3454 8552
4982 7497
4820 5918
1808 9631
7258 9448
5238 8390
5918 7457
5951 8744
5726 9993
2604 6772
6772 7500
4820 8407
7814 8807
968 9972
3821 4999
2033 9147
8399 9737
8711 9886
8130 9022
8168 8863
4819 5155
150 9084
2130 9775
6327 9993
2033 9442
4672 5561
4820 7457
2732 3507
6689 8139
3507 8484
3413 6768
5250 9232
6299 7203
5296 6055
6535 9836
4866 5030
7051 9694
3671 8625
6405 7627
2397 6513
2856 8876
8971 9703
8005 8390
6878 9448
8187 9295
7114 966
4354 5660
8136 9340
8745 9969
6457 7048
8257 9868
2327 5039
5356 9245
5726 5957
7962 8139
504 9320
8603 9153
5594 6970
8005 9041
6110 9295
1278 5926
4952 6908
6805 8904
6159 8301
2881 2884
9703 9891
6302 6341
3571 6392
4493 8656
2604 9969
1452 4760
229 8404
8652 9694
875 9442
3396 9773
521 9917
7521 9967
5410 7500
3981 9397
5362 9226
2868 7385
1061 7937
5699 6218
7179 8904
6535 8525
4678 8903
2424 9667
1227 9976
7286 9022
9583 9967
8161 9983
7507 8879
5030 7273
63 8863
1868 5534
4240 5699
5541 6456
2397 9907
5685 5903
3979 9575
5146 7103
5389 5632
2113 9770
6125 8962
424 9846
3294 5578
7065 757
2080 9245
7901 9917
1439 2668
6654 9762
1753 5038
9425 9806
2110 3812
7443 7518
8264 9734
5457 8436
2952 9886
9296 9743
3530 6312
2315 6481
5012 7497
5964 7048
1623 9226
1788 7886
7236 9488
2499 9972
8807 9226
2651 8698
896 9631
4798 6602
9023 9836
7982 8275
3108 7313
7518 8965
8669 8932
6317 9934
5269 8670
1277 3370
3580 8690
1457 9330
4221 5534
2193 6794
6855 889
7519 8394
7010 8641
7321 7485
7643 8364
3671 6062
4388 9268
7254 8207
2709 9704
5730 9027
7085 9232
6867 9287
5449 7500
810 9429
5750 978
3571 6822
7550 7834
5157 7284
5013 7643
3461 9681
1000 7962
1670 9147
494 9281
3748 4192
9123 9703
4306 7962
2379 9807
5831 8875
3793 9296
5134 8195
3874 9411
5763 8745
4877 9232
2977 5681
2281 3749
9186 9983
1593 7320
7087 7458
5820 8871
2087 3671
7629 9934
8348 8656
1146 8827
5561 8199
1208 8404
2616 8090
1783 8552
1530 9565
8703 9770
8667 8785
8168 8962
1274 9956
7329 9425
1043 8275
2556 5540
5752 6855
8403 9361
3763 9614
2217 3579
4984 8436
8264 9785
1684 2475
8087 9734
4064 9948
3413 6384
4678 868
5121 8634
497 5826
4493 7756
8827 8965
2085 9071
4215 9297
6365 9357
5091 9932
2424 7756
8484 9976
9546 9969
3703 8962
1050 9993
4425 8667
3555 6542
4865 4994
7864 8786
8136 9357
7537 8290
5426 5454
736 9807
6645 9431
2338 2932
2156 3740
3947 9232
7537 7565
7521 9153
1208 8394
9017 9967
6694 7276
8110 8348
4616 9714
7062 9472
2868 6481
3546 5680
2253 9907
4710 7236
7696 9069
6318 9022
968 9846
5210 7118
6923 9806
2884 9967
2390 3507
5966 6318
5500 7164
6949 7203
5314 9241
3006 8956
6808 9907
1227 4487
7241 9281
4012 9972
3104 5540
5681 9995
4958 5445
5096 9734
5039 8552
2610 7999
6805 8162
789 8670
5188 8429
580 8863
6125 8149
6828 9589
6062 7313
918 9431
1868 7321
3981 9672
3996 4310
4678 7885
3677 8205
4718 9785
6388 9868
1972 9565
4544 6949
3442 8962
5356 9071
3742 6365
8764 9040
1839 9967
9260 9357
8168 9234
229 8168
3533 9908
5355 675
2357 3555
6111 7734
2225 8667
6789 9287
2554 6388
45 5745
9481 9575
5439 680
8863 9662
2759 4231
8711 9806
4489 849
3863 9809
9393 9397
2514 7350
3466 3546
3530 6317
7507 8404
6762 9488
6726 8386
2110 6702
2283 9793
4858 9936
1615 8665
5269 6481
8149 949
2952 8711
2873 9015
5137 7781
5752 8785
2489 439
1801 9476
7266 9071
1096 3241
150 1615
6535 7999
1 6457
466 9863
3749 4999
7619 9340
3972 6659
7627 9669
8585 9071
2692 3831
2112 6762
4764 7264
5347 8971
2225 5752
5651 6822
504 9207
2608 9785
5627 9040
8106 8639
8965 9874
5078 7350
147 8301
5500 6009
6888 8971
4276 6318
4529 8827
5257 9583
4296 5918
1815 7257
2049 9472
3779 8888
2274 8879
6888 8050
6908 9786
1126 7216
759 9296
337 7051
3974 9958
5438 9786
8625 8875
1690 1915
5594 7118
7756 9404
4899 8445
1031 2567
7276 9972
6278 9589
7600 8585
4276 8458
5166 9589
1413 9476
8875 9448
8879 9234
2812 8301
6155 8871
4843 6829
322 4924
7457 8407
4628 9360
5036 9310
7216 9721
8875 9956
4405 8942
5957 7273
5781 6163
9041 9260
645 6566
4276 6829
4912 7321
5627 6882
2281 3579
568 9226
4641 9704
6168 7734
913 9743
2478 9793
6595 7216
1277 8168
73 9147
8064 9147
3597 8136
5857 8701
4522 9425
7518 8871
736 8268
8888 8903
5672 8257
4231 6883
5005 7421
1061 9040
7010 8735
5389 6829
4454 8023
4267 7454
2359 9785
3017 7369
5491 9310
5538 9786
3742 7095
2900 7162
2193 4800
8316 9017
4932 8753
1256 9809
2884 3016
4800 8879
3771 8486
3668 5139
6027 9513
4018 9703
4985 6198
8349 9234
9685 9976
5750 6412
5556 9015
420 7814
3874 6828
7254 913
6344 7901
2489 9472
3268 8286
6464 9123
9017 9153
5198 9934
5007 5120
3462 5314
3709 8199
6967 7057
3592 5936
6065 87
6936 9123
3530 8528
2732 7975
7074 8690
3502 7834
7629 7885
6003 9662
7565 9967
524 9773
8486 9685
5773 8769
3874 6306
3389 9758
5947 8876
1805 9983
6198 703
1731 9785
5250 87
7824 8436
3836 7385
2714 7781
3543 9967
6255 813
2735 5541
5277 6715
5598 6012
5146 9550
5576 7369
5012 8565
1653 9232
5707 5874
4369 8904
5014 8005
2499 7276
1615 994
6726 7017
8023 9147
6210 7038
8330 8656
4672 9891
4984 9932
4274 7565
4405 5031
2136 9672
3253 6659
2647 9917
2886 7883
1838 7241
7350 875
4231 4544
4310 5547
1413 8876
4855 8303
31 8268
1274 7313
7507 9662
5711 9694
8130 9330
5031 5763
2692 8552
7619 813
6297 9340
5078 9743
354 8314
1921 5906
1748 523
1442 9874
5763 9069
6923 9886
2478 9737
3533 8667
3304 8349
5534 5996
3389 9023
6103 7266
2047 4851
4544 5745
6356 8670
9041 9340
9414 9972
3972 9425
2519 5333
2394 8956
322 7284
6168 7696
6125 9758
7761 9583
8445 9071
2424 9414
8876 9140
5627 8821
4866 9360
3812 3821
5763 9969
4215 9846
4451 914
1442 8072
8585 9245
6312 95
4894 6327
5082 708
7966 8603
8268 9807
4798 9115
7638 8903
7311 9681
1748 5198
6255 8195
6125 9431
7849 9703
5516 8403
8634 8639
4240 6098
3328 9874
5964 7038
7999 9836
2610 8525
744 8745
9397 968
4777 7999
3118 5036
1956 5123
8286 985
3748 7864
4131 8701
2217 7883
5664 5802
1808 9969
985 9909
3490 4917
3734 9234
322 9948
2856 9476
4166 5711
8022 9377
7017 9969
5538 9694
6715 748
8330 9314
248 8701
7403 8888
515 8650
7610 9244
4282 9360
2740 4628
5439 9548
5245 8330
7610 9040
1670 8023
2821 9486
6111 896
8289 9846
1278 2477
163 332
4174 4819
6255 8162
1452 721
7087 9956
6309 9287
4221 4912
691 9907
9758 9775
7454 8391
3268 3370
2373 5680
4529 8965
1623 9260
5031 8320
6595 9575
3543 7627
2554 9669
4166 7386
9721 9775
5146 8769
8199 8364
1972 9667
8110 9314
4800 5210
7034 7164
4932 6808
2106 4240
185 9868
4130 966
6595 8962
3763 7051
5664 6012
2283 6163
8603 9515
3307 5166
6009 8634
6098 8903
8303 9357
7565 9488
8130 8956
1277 6003
185 9268
7550 814
420 9932
7050 8290
6661 8005
1915 9330
5014 9041
5139 6302
6012 8139
3974 9734
2567 9330
4529 8990
6349 8706
9071 9704
6481 8670
3874 9589
4300 9907
6055 9234
3776 7708
7886 9846
8162 8195
7311 8786
3307 8021
5561 8364
3512 9972
7807 9734
3947 4877
8022 833
8769 9550
3039 9404
8289 9297
4843 8458
8301 9832
4160 9737
9306 9393
4854 9685
6147 9936
1321 700
1901 6829
4983 6392
4289 5279
4221 7485
2692 3760
7325 8436
2253 9773
3310 8863
6217 8821
4616 9909
3304 3370
2610 9575
8875 994
1718 7443
4562 9296
5210 8404
3898 9770
5681 8753
2136 9846
2732 8971
5869 9662
5005 5327
2604 457
8364 9703
5516 6302
5534 7057
5039 6158
1146 9874
1684 6299
5454 6923
640 9714
5030 8391
6244 9793
759 8207
2736 6538
4274 8290
577 9983
2608 9958
3665 6317
1487 9743
9320 9770
5139 8403
5611 662
7638 8888
6036 9140
6551 8639
8136 9932
6654 8087
1679 2936
4700 8735
3016 9153
8110 8495
6659 9714
1142 5188
1277 6055
5121 7164
5831 6776
2927 8904
2401 7203
8161 9186
7369 9743
2850 9310
8628 8634
2369 6110
8467 9886
4912 5357
6800 7883
1777 9934
849 9414
4090 6316
6244 8754
6345 8106
259 9295
5449 6726
5561 6936
5707 9694
121 6383
2519 8732
3974 9785
4672 7643
813 8162
7537 8634
1033 9306
2082 6377
2398 6882
375 5121
2812 9414
2604 8942
5056 6560
2357 4114
417 9335
2274 3734
494 8445
6640 8821
4616 8348
1649 6519
781 7841
4985 7708
3268 5594
8050 8808
9389 9785
2080 9281
8205 9583
4751 9694
450 8072
6040 6405
2308 9330
5355 6201
8650 8753
2759 9983
9734 9958
4306 6012
4641 7600
6645 9775
1589 3546
5347 8486
6045 9846
1000 6012
9084 9232
221 6344
5781 6398
4952 5438
3294 8665
7076 7824
6244 8399
8753 9995
1676 5279
1663 8275
7898 90
8110 9714
7671 9320
2201 6689
8022 9550
2334 2973
4984 9041
451 7421
1303 5711
1459 3579
7403 8903
9414 9667
3682 5919
6551 8349
348 6800
6996 9614
5134 7179
6464 9703
7325 8303
7386 9694
2425 3682
8270 9681
157 2676
337 5707
6916 8257
5031 8942
7814 9260
4267 4628
5685 6713
7519 8349
5634 9140
1677 9614
5406 7066
5410 8745
6321 9908
2424 9565
8257 8314
5685 9546
6535 9775
4094 7756
2252 9669
3754 5576
2093 292
6071 9891
8698 9806
1201 4316
9115 9785
492 7874
3223 9015
2914 6959
3227 9958
6155 8965
6427 9846
5415 8764
1 8275
9022 9330
9268 9868
9936 9995
9411 9589
8846 9983
2443 9786
2216 9281
4932 9936
9071 914
1090 9310
6163 6560
1146 8871
7114 7479
5056 5781
4282 9993
1649 9907
4858 7296
6689 7962
2740 8391
1227 2093
5611 5936
1745 7565
917 978
8059 9770
1254 9773
7515 7960
3507 8971
7236 8603
8149 8962
4246 9934
8161 8162
2732 8486
7172 8320
5845 9115
5996 7164
6715 7600
645 9993
3947 9268
580 6345
6055 8639
6183 7038
7960 9793
3682 5926
7074 9361
8264 9389
3833 5707
5763 7172
7898 9773
2338 9704
5634 7062
6144 8639
4317 9241
354 8665
4118 8445
8871 8990
4503 6959
7966 8205
2357 9917
7114 8467
6312 8528
7095 7874
863 8942
2097 7507
424 6045
7841 9983
2106 95
5636 7066
5904 7095
3735 9414
8656 9806
4986 8904
2253 2960
1193 8846
290 9314
1278 6987
9360 9993
3396 8936
1736 9123
5660 6164
4544 6883
2873 8706
45 6299
5685 863
1764 5439
6466 9335
2045 7074
4764 7885
6566 9513
1362 2881
5516 9361
2489 8876
7065 8326
5445 9891
1814 9614
3461 7311
6274 9442
6317 7638
5064 8745
3347 9770
2248 6410
7062 8898
5078 7502
2401 4544
817 9361
5134 7619
3628 4710
8786 9080
3913 9335
9340 9932
5598 8139
6916 9232
5389 9022
7807 9958
8429 902
6244 7960
5438 8455
1801 8898
3244 6147
6040 7235
7236 9967
5802 6012
4297 8942
8059 9207
3490 6542
1676 2881
3414 7329
6916 8565
322 9793
3597 9357
4326 8289
6519 8936
3035 3996
5410 5903
7497 8314
192 2711
5634 8876
4267 7273
4316 6786
5820 8827
4094 9631
1497 7919
4459 7057
6388 9268
2221 4710
6306 8786
1000 8139
6485 8205
6144 8879
4560 9993
5096 6602
5157 7960
6327 8391
4489 9667
5362 7076
6485 9583
4672 9703
5730 9762
1167 9481
6794 8106
6111 9631
1677 6996
5406 9672
388 8785
3454 8458
2477 6987
45 6949
8650 9995
6384 675
1901 9565
1109 9389
3579 5082
6464 9891
812 9832
748 9445
1292 9714
2281 5231
3204 5781
3490 6786
7313 9448
4866 6027
7671 8703
8290 9967
2283 6398
5660 9448
8745 9069
7164 9486
8264 9762
4125 7385
4877 9868
6210 6457
3740 9310
6822 8821
212 4710
4616 5031
8436 8807
3804 9936
5457 7619
4125 6481
5375 9575
3135 4999
9268 9295
497 7781
5966 9022
6581 7864
4983 8764
9335 9448
5264 9734
5155 7457
8711 966
1718 9874
4510 8050
6883 6949
1936 6456
237 8956
154 6201
2616 5039
3310 6055
7034 8769
9320 9983
3223 3867
2475 4231
4899 6715
3776 4832
4130 9314
4417 6640
6103 8090
6427 7066
2947 3859
3328 7443
7050 9583
9207 9320
680 7257
5454 9404
7369 8207
7350 7502
8495 9404
6794 6970
3347 9983
471 9360
2823 8301
6398 6560
5627 6217
3833 9297
7565 9017
6309 9306
3972 9714
6316 8744
6661 9357
3396 7898
4798 6455
3053 9976
455 7515
6083 7643
2252 7103
8348 985
3232 9891
2047 5082
2608 9027
7761 9017
3053 8486
8808 8932
3438 9832
1718 7518
3328 8871
8706 9442
4706 9793
3751 913
6829 7286
6822 7937
259 6388
3929 9868
9762 9807
121 7421
1946 7421
455 7960
2045 5356
4985 8024
2507 8650
1565 9575
9186 9207
3546 5951
5845 736
5651 8821
6455 6654
2914 8446
7403 7885
3776 4985
6959 7350
3396 9907
2489 9476
2036 5264
2576 9704
4306 8139
9886 9909
3060 6702
3104 5279
8391 9993
3289 5598
3748 9411
1530 9972
2157 9393
1292 8495
7796 8690
1788 9672
2371 9932
2568 9360
3709 6936
7696 9631
5750 8876
2475 5745
3483 9995
2708 5269
2327 9330
1815 9548
4686 9431
6485 7236
5640 5820
1821 9404
154 6384
2616 9022
1413 5750
8161 8846
1342 5951
9734 9785
6341 9361
2291 3315
4319 9786
4706 5471
4793 9956
8486 8808
7721 8286
154 234
6365 9932
6040 9515
2859 9411
1043 6210
4797 7311
5598 7962
3682 6987
7999 9775
9565 9972
7515 8399
5964 7173
5426 9425
7975 8484
3060 3592
7756 9714
420 8023
7807 9115
1096 9983
8050 8971
4678 9934
1838 9245
3026 8634
5763 7500
6811 8330
3580 7423
2062 9737
4854 8971
4877 6916
9762 9958
7519 9662
5561 7849
8110 9909
2114 8326
4090 8744
3933 8932
1321 7721
4319 9614
7216 9481
8525 9758
8628 9486
5314 9442
1254 5317
4544 7203
3442 9721
3735 9565
6551 9662
3227 6455
2104 7311
9758 9836
3347 9320
7095 7325
2568 9513
31 9734
5347 9976
2554 7164
6349 8064
3499 9040
6794 8404
562 8289
5123 5919
7386 8455
5238 7359
2380 5681
2093 7286
4952 6344
7479 9565
3749 9548
5500 9669
5802 8548
5857 7158
3053 8932
2248 3480
3139 8130
8195 8670
104 9737
6009 8701
6640 7610
4851 5611
5241 5936
3016 9515
7057 7485
4865 9806
337 9786
2927 6255
7721 9548
7629 9685
7966 9488
7216 9575
5711 6996
8314 9868
3603 8744
7673 9297
3483 5681
1808 9069
7673 9397
450 9874
6789 9393
5091 6661
7619 8904
4866 9993
5243 7550
8087 9807
3579 7883
3751 3793
7814 9357
4154 8023
5471 9472
2104 9411
7095 9357
3355 8871
9027 9958
5457 9340
4417 6828
7627 9583
7874 8303
2821 9669
5245 9806
4361 6255
4114 4316
4288 5264
3054 9703
8846 9770
9080 9411
2881 5279
5362 9932
7296 8650
5633 9080
2130 9836
1457 7091
7499 8024
5904 8807
2147 3763
6198 8024
7284 8754
3006 9330
6996 8652
1274 9335
1292 8467
8205 8290
4154 8706
4114 4917
3477 7781
3108 9335
3017 8207
5120 8064
9431 9721
7051 9786
5730 9958
2759 8703
7960 8754
87 9268
810 9948
4793 8435
4166 5640
4025 8669
1805 781
1379 9546
9445 9704
6772 9069
8390 9932
7241 9445
3981 4215
328 5155
8525 9575
3597 7103
5857 9486
3466 4090
6702 8286
8130 8552
5243 9703
3461 6828
4911 5438
2259 6949
4451 7834
7761 9153
2180 5926
5120 8023
7807 9785
6427 7886
2201 9297
3836 8670
9360 9513
1945 9886
4116 5231
3979 9775
1321 9956
4102 7066
3709 5389
1498 8628
3831 9330
5264 8264
925 9936
1745 9017
5874 8690
7901 8641
7619 8195
1495 7919
1839 8603
444 8706
6659 6811
4911 6908
1901 9022
6970 8863
3060 7475
1690 2002
5269 7385
3360 3733
5457 8303
6083 8364
5343 9023
7103 9377
3605 8690
2104 8021
2114 5534
966 9806
4038 9023
8348 9425
3026 9550
4166 9694
6485 7627
2645 8888
7886 9397
6306 7311
1565 8525
225 375
3135 4116
2947 8650
4350 5121
8005 8436
3310 6794
6356 789
1741 6388
8455 9614
7864 9080
2673 4899
2424 4012
7258 8875
7423 8403
3006 8552
6210 7982
1690 8552
1663 5964
8022 8628
6083 9891
7329 9404
7518 9874
8187 8565
7311 8270
2884 7761
7550 9445
5636 9846
8827 8871
2507 5681
6538 9589
3355 7443
6456 9393
7619 7824
5257 7761
4489 9414
1684 6883
6341 6410
1969 8446
6538 9080
337 4700
7385 8429
2371 9340
7423 8690
8898 9140
9147 9310
9015 9442
2315 5188
5389 8130
1037 9393
3935 9976
7076 9932
7369 7502
6217 7937
3964 3974
8827 9874
2709 5277
1179 9758
7919 8199
1264 8390
2823 9667
3328 7518
3967 9958
4999 708
6566 7454
2823 9565
4300 6519
7814 8136
7796 9361
5538 8397
3684 5277
3964 9785
4459 7065
451 9488
4084 9411
1442 7443
1754 4425
1941 85
1179 9481
2859 9589
4855 9932
1497 6936
1722 8669
5067 7958
5834 85
2973 5134
5357 6967
5375 9481
4797 9681
31 9027
4729 9297
424 457
5012 9268
8386 9809
4983 6640
7458 7864
7057 7065
6772 8320
8701 9486
2668 7781
1748 9934
5608 7673
3322 7841
4751 5066
6309 6789
7454 9360
6980 8936
2692 8187
6513 9907
9481 9721
9335 9956
4405 9546
147 9972
5538 6996
2047 4731
6392 7610
33 8667
7085 9868
4793 9335
8641 9694
1628 4054
6418 8942
9186 9863
299 9907
6049 683
8161 8703
27 4369
7266 9281
1690 9330
5157 8399
1969 9287
8528 8903
7975 8486
1179 7276
2082 9513
6055 8879
7834 8364
744 9069
3108 9956
6392 9244
5541 6789
1915 4276
7050 9153
3859 925
8436 9260
6410 8403
1077 6538
5031 5449
8445 8585
5005 6383
5608 6045
185 5012
6312 9934
5726 6566
896 9969
8301 9414
7273 9993
1452 1901
3389 9481
8399 9793
3703 9481
1956 5919
5066 9786
6356 6481
7194 9548
5012 8665
4350 7158
7841 9863
7834 8585
6694 8301
3812 6702
5644 9450
7479 8698
6800 7721
6980 8024
3733 9071
1463 8744
1685 9565
5874 9917
1 7173
1537 2478
1685 9667
3889 4700
9027 9734
4417 7610
7518 8990
150 2369
1457 2308
1009 6306
6388 8314
1439 8732
5064 6726
1196 9260
2106 9934
6513 6519
361 9296
7369 875
8314 9084
5964 8275
4924 8399
5869 8394
6776 7320
3752 9241
2709 9071
4986 7179
4894 8391
8397 9296
5966 7091
3223 5878
2274 6970
3502 9281
4911 9917
1517 8667
4316 5547
8871 8876
1764 7475
5820 9874
3289 5664
3118 9147
7600 9445
1722 9450
1537 9737
5317 9907
7034 9550
5007 9015
2360 9972
9314 97
3771 6159
3462 8706
2259 6883
4958 7849
5210 6551
5134 8162
8962 9758
781 9863
6144 7507
3079 9488
2477 5926
1815 643
2130 9023
1565 7999
4116 7513
1196 8303
5241 9548
5538 9614
6456 6867
8059 9186
705 8650
6103 9281
6923 8330
5122 8130
3590 5078
5471 6036
6144 6551
5120 9310
2424 9972
2884 7627
492 9186
2514 9743
7841 9186
7673 9846
2886 8286
5122 6158
5878 9241
7515 9793
76 8641
9314 9886
9027 9123
1544 2080
3301 8404
5406 9846
1753 8652
3812 8286
2193 7519
2217 7513
1162 9672
6481 8429
7074 8403
7254 7350
3232 8199
6040 7761
1468 868
3244 8753
3821 5241
4102 7162
1628 6316
5264 9027
7038 7982
3833 9786
5651 9040
9027 9785
1227 3628
6456 9287
466 9983
7329 9909
5644 8669
6602 9115
7824 9932
6538 6581
4276 7091
4855 9260
721 8956
699 8956
5831 6164
7095 8303
5356 6715
6996 7010
4160 7284
7643 9891
3108 8435
5122 8458
1249 9260
5594 8404
8670 902
2507 8753
7241 9704
580 8404
5874 6344
8701 8769
3933 8484
3304 6345
8087 8268
8846 9186
4710 5834
7050 9967
8314 8665
876 8962
9546 9809
1821 9886
7241 814
5315 9245
8059 9863
6198 7499
3964 9389
1495 6464
3483 9936
3845 8628
292 5834
7500 9546
3310 8394
7671 9186
1172 2708
5957 9513
7276 9832
4306 8548
2645 7629
5445 9123
5651 7937
5699 8528
4267 9360
7937 9244
8703 9983
2264 8650
4854 9450
4038 6595
1544 7600
1696 7454
6244 9429
5685 9069
8050 8486
2327 7286
5845 9762
6412 9476
8486 9976
1497 9703
7507 8394
8455 8652
5556 9442
6273 7960
3499 7610
2673 8090
6377 8936
3668 9361
439 8876
3898 9983
2360 9565
2651 8330
6702 7513
6398 868
9969 9972
3355 8965
1544 2709
5547 6542
3592 9614
2110 7513
4718 9958
3733 9704
4459 6967
4038 9836
6726 8320
6065 9084
4522 9714
6168 6713
3837 8286
3118 8706
3060 7883
2645 7403
4911 7010
3821 7475
97 9806
1815 7763
257 6309
1505 6012
3282 5857
675 6768
2281 9548
1304 3571
6321 8667
6003 7118
2033 2850
3703 7499
6800 7763
7118 9662
1679 8407
521 8397
8330 8467
1172 902
5067 9956
4984 5238
5343 9775
4174 9694
7296 9936
1736 9703
2519 5072
5315 9281
2668 8289
7114 9806
7087 8875
3935 9450
6110 8565
6936 7849
8634 9550
6003 8106
492 9770
8652 9786
2514 8207
2401 6299
5881 9306
9575 9775
5633 8786
1805 9863
6345 7708
1379 4297
3499 6217
2934 6163
7050 7235
8072 8965
3929 5250
4510 9450
2886 3592
6457 8275
1575 9080
1312 9743
3085 5869
5664 8139
242 5269
3331 8990
5241 7721
6155 8827
7443 9874
2973 6560
4628 5726
8525 9431
7257 7721
8161 9770
9431 9575
3824 9809
8932 9976
7807 9807
1201 3996
6702 7475
4326 9672
8446 9393
7114 9425
5375 9775
4616 9425
7756 9886
4288 9734
5730 7162
3227 9762
2062 9793
5188 7385
157 3104
7919 9891
8110 985
3499 8764
9667 9972
7114 8711
8059 8703
1722 9685
3533 8785
2080 6103
4116 9548
2952 9909
5869 8168
6327 7273
7074 7796
5878 9015
5238 8303
258 9976
5874 9694
8348 9714
3442 9431
7841 8161
8669 9685
283 8087
4459 8326
5660 8875
7048 7173
7359 8436
4982 5672
3328 8072
3461 8786
6045 9297
5123 5926
3947 9084
9431 9481
6457 7038
150 9295
6273 8399
7518 8827
3026 8769
1517 9758
8701 9669
1575 3307
7696 8942
1736 5445
515 9936
6959 9306
2380 9995
6210 8275
1728 9874
2251 5007
5315 6103
7173 7982
3913 417
6218 9934
4493 9909
1741 8565
1459 7721
7050 7537
2676 3104
8876 9472
2109 9589
4697 9669
4054 5680
5752 9330
7236 9583
6412 9140
6297 9932
2823 9414
789 8429
1684 4231
4986 5134
2398 8821
8394 8639
5064 5763
7734 9631
6158 8956
7874 9260
2085 7550
6062 9448
1287 9703
8106 9662
6967 7321
2973 6398
7515 9429
1945 8711
9429 9793
8397 8735
1342 5541
6278 9080
1362 5540
6538 8021
700 8875
2171 9546
7849 9297
2104 4084
521 5375
290 8698
4297 9969
3665 4349
3867 9147
3972 9909
2047 7194
3740 9442
2478 9704
6427 9297
1838 4246
6083 9703
6135 9486
7600 9704
4858 9995
7216 9775
234 6768
5072 7781
2927 8195
4215 6045
6383 8390
5406 9297
7507 8863
9589 9681
8162 8904
8703 9320
4125 8670
7499 7708
7273 9360
5857 9807
1557 9027
6198 7708
4985 7499
4855 9226
4932 6147
3571 8764
6776 9956
1249 7359
7515 9737
3751 7350
646 9084
1037 9287
348 5231
7814 8303
9297 9672
9140 9476
212 85
7643 7919
6776 9335
3709 7643
6302 8690
6659 9314
2112 9967
5157 7515
8090 9245
4131 9550
6923 7329
5608 8289
6513 7898
7958 9956
8386 8942
4317 5996
8301 9667
6009 7034
2180 5919
6811 7479
6794 8326
3793 7502
4018 7919
6789 9306
5881 6867
5926 6987
3461 8270
5257 7050
2936 8407
3135 3837
7919 9123
7057 7321
5072 8732
2150 8087
1728 8827
5296 8168
4012 9667
4855 8136
1676 1677
6800 9548
6049 7610
3752 9442
6822 9244
1023 7386
6049 9244
6822 9040
8021 9411
7359 9340
5343 918
6049 9040
417 8435
1146 8990
8149 9758
3282 9377
2252 7423
6065 8565
1167 9023
1593 9448
683 8821
6923 7479
5357 7065
817 8403
2264 9936
1061 8821
5188 8670
5869 8863
4231 7203
7076 9357
8270 8786
4983 9244
9115 9807
4038 9758
3831 6318
8064 9015
1808 9809
1628 5951
5904 8005
4560 8391
8628 9550
4510 9685
9069 9969
3223 5556
2036 9389
4894 9993
2398 9244
4192 9681
9041 9932
1706 9260
251 7421
7502 8207
2379 9389
3294 9868
7235 8316
5007 9241
2443 9917
4865 9886
1921 8903
2369 9207
5878 8064
4118 4641
7091 8458
583 8703
1754 8785
6808 9773
708 9548
4982 9232
2554 9486
2281 348
6155 9874
3709 8257
3776 7499
3322 9983
121 5005
5155 5918
9023 9758
5067 6776
3929 9232
1805 8703
4610 700
3480 6410
3863 9069
5664 8548
5576 875
8087 9958
8139 8548
1589 9770
8290 9515
4282 9513
27 8195
7423 7796
1537 9948
7874 9773
4405 457
6094 8701
424 9672
3135 7513
8484 8932
264 914
2714 8732
8690 9361
6273 9948
6535 8962
881 9022
1593 8625
1628 8744
6762 8205
1449 9296
7311 9411
4064 9793
5672 7085
7502 960
7258 8625
7671 9983
5903 8745
7975 8932
1956 2477
4246 4678
2647 4952
8161 9863
354 9084
6694 9972
8023 9310
6218 8888
5773 7164
2952 8656
2932 8090
6040 9017
2248 9361
9721 9758
4246 4349
7038 8275
5238 9260
2736 3748
8403 8690
4958 8364
5036 5491
1731 5730
2093 4487
8932 8971
4350 9669
2274 8349
5096 9958
5059 9672
3154 8024
9431 9836
1677 8641
6645 9023
354 8187
4706 9737
4361 8904
6427 9672
5439 5611
6466 7258
4174 4730
3253 4493
4815 8956
8399 9948
248 4697
6908 7386
5317 9773
8628 8701
2868 3836
4982 4983
6466 994
4130 9806
7966 9515
9207 9863
5243 9123
8050 9976
5640 8072
2645 6135
3752 6349
283 6455
1463 6316
6456 9306
2914 9306
4985 7162
3079 9515
7521 8205
2610 8149
3668 8690
7284 9948
4771 9907
4700 4952
1777 6098
471 5957
5634 9472
251 6383
3256 8875
7975 8669
8162 960
1915 4751
6551 8168
4994 7849
2934 6398
5121 9669
8090 9071
6302 6410
5516 7074
1050 6027
7885 8903
4607 9995
7264 8528
8652 9614
3154 7499
7118 8349
1615 6110
3139 721
1379 8320
4288 5096
3996 4114
9041 9357
1523 8257
444 9147
1342 3603
6158 8965
5707 6908
662 680
1287 8364
7521 8316
5039 9022
8525 9023
1956 3682
264 8090
4510 7975
8257 8665
2397 9773
4221 7321
5964 6183
1821 5245
1162 9846
577 9770
925 9995
374 8205
7276 9414
2443 7051
6183 7173
5964 7982
6713 6772
1096 9207
6111 7500
3035 8386
6867 9306
3286 8386
1292 8711
4354 4793
3671 7320
1821 3972
5845 7458
1589 3603
1783 5632
6341 8403
6980 9773
4165 4610
8525 918
5711 9786
8585 9445
3933 9685
1814 5038
5257 7565
3740 5878
5250 9295
9123 9891
8807 9340
2900 703
1838 8090
4815 8458
7321 8326
2947 9936
7386 9786
2004 4510
3466 8744
3981 5608
5471 8876
3282 4697
8667 9908
1764 7194
3703 9758
7118 8879
5594 8394
8349 9662
6542 6786
5627 6392
9186 9320
1312 3793
1468 7629
3760 9330
1077 9589
7479 9909
6464 8199
5881 9287
2604 9546
9565 9667
6970 9908
6602 9807
7515 8754
1256 7696
6356 8429
5680 8744
27 8904
9863 9983
5773 7034
4983 6049
3283 4797
5904 7874
6309 8446
7296 9995
5644 8808
1619 8769
5491 6349
3414 9909
8754 9793
583 9207
6959 9287
3907 9335
6365 8436
5640 8990
7864 9589
5007 9310
8168 9662
7497 9084
9377 9550
2736 2859
2900 8024
8316 9515
1090 9241
2150 9958
4240 8888
7286 881
2259 2401
8641 9614
8023 9442
8072 8827
5064 9809
5752 8667
4894 9360
6312 8888
3543 9153
1050 6566
2390 6888
8257 9232
7065 7321
1623 9357
4300 9773
4296 8467
1304 3071
2397 6377
524 5317
3442 7236
5906 6098
5651 6049
2398 7937
8965 8990
5966 8552
7671 9207
4231 6949
8397 8652
3684 8585
3837 5936
3054 6071
8898 9472
1972 9414
8301 9972
7313 9335
2556 4289
4864 682
7475 8286
2960 6377
3671 8875
1856 9809
812 9565
4454 5036
8808 9685
2608 4815
6344 8641
8195 8904
4246 7264
5903 8386
7273 8391
757 8326
1563 7975
9027 9115
2201 8548
2156 2850
2616 5966
8397 9614
8316 9583
8942 9969
5730 9389
2252 8701
7919 9703
6110 7497
6878 7087
6210 7048
8404 8407
8087 8264
3039 8495
5802 6689
1783 5389
2252 7164
2398 6640
1747 8879
2394 7286
4160 8754
2499 9667
8706 9241
4349 8903
6427 7673
6273 7284
3779 7629
2823 7276
6147 8650
4546 8404
4388 8565
2736 8021
2514 9296
3605 9361
9806 9909
3979 9481
2114 4221
73 8023
6855 8667
5120 9241
3244 7296
299 8936
451 9017
1126 9023
6168 9809
5030 5726
2004 3771
1303 8735
3933 8669
290 8656
4730 4819
5664 7962
3533 6321
2960 9773
3039 7329
6217 6882
7500 7696
5845 7457
4310 5264
7385 8670
8136 9226
2147 7796
3821 3837
6405 9488
7359 8807
9147 9241
3256 682
6198 7162
3017 7254
8764 9244
5651 6392
5773 8701
5072 5333
8316 8932
7497 8257
1728 8072
4986 97
2093 5834
524 8936
4958 9891
2252 8634
2651 9404
4326 9846
2936 943
3863 9969
2157 4503
568 8005
7966 9583
562 6341
3867 6274
1167 9721
3981 7886
5672 8665
4489 9565
703 7499
4064 8399
3118 5039
6384 6768
3253 9909
583 8161
8348 8711
5082 7257
3414 9806
5634 6412
2759 9186
5947 9472
7085 8187
8785 9908
9513 9993
2171 9631
4274 9967
2087 9448
3836 902
2568 4866
2425 5919
63 7960
3286 7172
3586 8634
1172 6481
6888 9450
6427 8289
7500 863
6916 9868
4798 9734
264 8445
361 7350
6299 6883
6098 7638
6822 8764
5064 5410
4700 7010
2676 4289
5231 7194
6405 7565
3628 4487
2868 4125
3867 5036
5904 9226
5820 7518
3874 7321
471 9993
7051 9917
748 9704
6147 8753
5750 8898
9245 9281
8064 9241
6000 7325
6808 6980
6455 9389
1096 9770
8168 8394
1801 8876
3039 9425
6306 8270
1557 6602
5471 9140
6383 7421
4958 6464
5155 8407
3748 6278
525 9186
2253 6980
1747 1891
2673 9071
8205 9515
4192 9589
4771 8936
4288 7807
6027 6566
5059 7886
7325 9932
5415 9040
8435 9956
3592 7513
257 9393
1941 4487
4297 6168
4911 5707
2379 9762
3054 6936
4274 9017
5632 6318
9186 9770
7179 7619
8005 9932
8446 9306
2977 9995
7519 8639
6316 6317
5257 9515
5845 8264
4686 9721
8634 9669
4999 5611
4764 9934
9281 9704
5534 6967
8565 9268
2264 9995
640 9314
4616 6811
3751 9743
2881 4289
2425 5926
3413 5355
1463 2373
3244 9995
8205 928
2608 4718
5651 8764
3462 5036
7627 7761
9932 9936
4361 8195
4851 7763
4425 8785
1249 8303
4771 6513
6055 9662
4503 9393
6009 9669
4090 5951
5640 6155
4288 9389
8585 9704
5438 8397
3824 5410
3438 7276
2036 9762
3779 4349
6456 6789
3322 3898
4529 8072
6485 9967
7162 8024
104 9429
3763 7010
1589 8744
8149 8525
4174 8407
7515 9948
9793 9948
2735 4503
4246 7885
6713 9809
4800 8863
251 5005
7521 9583
6466 7320
2681 9306
5198 5699
125 9907
2576 9445
2692 8130
5541 8446
5857 833
4489 9972
439 9472
63 9737
6829 8130
3859 9995
5315 7600
5064 5500
4361 8162
6878 8625
8050 9685
5826 7781
7627 9153
7962 8548
1196 9041
6274 8023
5660 7958
5685 7172
3749 5439
7254 9296
5406 9397
6071 6083
9080 9589
3232 4994
6882 8764
6083 6936
2225 8785
1783 4843
6794 9662
9762 9785
7919 8364
9140 9472
3586 8022
3053 3054
1249 9226
6062 6164
7172 7500
3315 6045
3845 9550
3597 7095
1563 9976
257 9287
1043 6457
505 9972
4924 9429
6183 9360
9429 9737
8467 8698
2334 5056
6071 9123
8863 9234
7284 8399
374 9515
525 9770
6936 7643
8059 9983
5243 7849
90 9907
5745 6949
4797 9411
5608 9846
6341 643
7814 7824
7258 7958
1537 9793
2576 7241
523 9934
2914 6867
5014 9932
5362 8136
2668 5333
4697 9486
7194 7257
2952 9714
9397 9846
5457 8005
7038 7173
5445 7643
5831 6466
8625 9956
3483 8753
457 8745
328 8407
6036 9472
4864 8435
949 9721
5750 9476
5415 6640
8303 8390
2338 9245
643 8403
5357 8326
7051 9614
5576 8207
1442 8990
4326 9397
7158 9669
7610 8764
2394 4815
3253 9886
4994 5013
3512 9832
292 85
640 8348
7708 8024
5426 8330
4503 5881
3804 7179
242 7385
3735 9972
580 8349
3824 9069
2673 9245
6772 9546
1941 8936
332 5826
1312 5957
5415 7937
1736 9891
5449 7017
2114 7057
6317 7264
4730 4820
4084 8021
7638 95
1264 6297
2147 4166
2112 6040
7849 9123
6065 9868
3586 9486
4451 8445
1915 8130
4731 8286
3907 5660
6297 6365
3590 9743
4326 9297
6110 8257
3462 5556
2977 9936
444 9015
2711 6908
6125 9775
2390 9976
4131 833
1685 9972
5672 9268
8268 9389
3779 5699
5730 9115
8962 9023
7519 9234
3677 9515
7443 9268
3314 4832
4018 7643
1517 388
388 5752
6654 9958
361 7502
8525 9836
3740 8064
5903 7017
6762 9583
1362 5279
26 5122
2711 9694
6083 7919
6762 9515
332 6676
1468 9934
4718 9389
1788 9297
2334 6560
2873 9241
6273 9429
2812 9832
3154 7708
5347 6888
6805 960
5327 8268
6049 6217
1814 8397
6344 9694
494 6967
7565 7627
6255 8904
7475 7513
7734 9546
2360 9667
4054 6316
8404 8863
5711 9917
1321 5067
2711 8735
1649 6808
8711 9425
8467 9404
2201 7962
3340 7421
3979 9431
1487 3793
515 8753
5238 6661
4982 5333
1563 3935
8106 9234
9080 9681
2812 3735
5355 6384
5752 9908
2193 8106
3414 9404
9786 9958
3026 4131
4267 6027
4986 8195
1565 9481
4912 7065
3543 7236
33 8785
6183 6457
6513 9773
8187 8665
5906 7629
1167 4777
2085 5277
3289 4306
7235 7761
5608 6210
2856 6412
7114 9714
6377 7898
5091 8136
6970 8106
3246 4090
1342 8744
6713 8320
5640 9874
8971 9450
1109 9734
6244 9948
6418 8320
5013 9123
7114 9314
6726 9969
9785 9958
1945 5426
4118 9245
7284 9429
1788 9846
6377 6808
1946 4610
2315 4125
8846 9863
3776 7162
3677 7521
1745 9967
2180 6987
3340 5327
3677 4316
6388 9084
3771 9685
3889 7386
4562 9743
1162 9397
3748 6828
2216 8445
494 5356
192 9614
4994 8199
3837 7883
2914 9393
5633 6581
4982 8665
5820 5878
3462 8023
8106 8879
9448 994
691 6980
242 8429
4326 5406
3118 5491
8754 9948
1941 4710
4215 4729
1839 7537
6244 9737
7454 9513
4851 6800
6218 6312
8268 9762
4102 4985
4388 5250
7034 833
3812 7475
4369 4986
471 645
7497 9232
9377 9669
2886 534
3824 7172
1517 8785
3246 6316
7673 9672
1891 5699
3314 6384
3665 523
4192 6278
3935 8932
2475 4094
6318 8458
3754 7369
1112 9260
9932 9934
1303 192
6916 9084
3340 6383
9832 9972
4306 6689
6012 8548
2647 9694
6418 9631
1142 8429
1109 6602
3396 6808
6201 675
8397 8455
6164 9448
4522 9404
3592 4116
257 5881
5541 9306
3763 8455
744 9631
6923 9425
3760 7286
3499 6882
2283 5056
26 3831
1172 8670
4025 9976
1677 8735
3135 5936
7241 7834
2886 5241
7264 7638
3512 9565
8495 9314
3586 8628
7103 9669
1495 9891
1312 9296
2251 4454
7050 9488
3972 9886
7497 8187
7320 8625
3016 7761
3331 8871
5005 8149
2821 5500
4751 6908
4276 8956
2283 2934
4425 6855
7485 757
6297 8764
6000 9357
6645 9758
5375 6535
6654 9027
7179 8162
949 9758
6321 9983
2085 7266
3286 7734
444 6274
5166 8021
3241 9320
2477 5919
3071 9244
1146 5926
1362 2676
1777 6218
9115 9762
918 9836
5578 8314
3085 6144
7507 8168
1505 8548
5067 8435
7284 9737
5355 6768
8290 8603
8404 9662
1463 3246
8187 9868
6098 8888
7085 9268
6278 8270
504 9186
4289 5540
4300 7898
8455 9917
2934 6560
3331 8195
9714 9909
7162 7499
5644 7975
1718 8965
640 8495
4800 8349
5210 5296
5082 8286
3771 6218
3824 6168
163 8064
4493 5245
5231 7763
3108 5831
4282 4560
1031 8458
7325 9357
3742 6297
5878 9310
7266 7834
2087 3913
7458 9785
568 7824
2080 9874
2443 6344
6388 8257
3555 6786
9245 9445
5146 8634
3734 4546
896 9069
451 9153
8898 9476
8703 9863
748 9071
3480 9361
3668 7796
2390 8669
4798 7458
1498 7103
457 7734
6147 9995
497 8732
5245 8467
5680 5951
9226 9260
2357 4310
4917 6786
6410 8690
3889 7385
4855 7359
3804 6147
3006 6318
6659 9806
5426 7479
7313 8625
2110 9548
7507 7519
9153 9488
1511 9245
455 9948
2049 9476
5066 5874
3967 9027
3204 9389
4038 9721
9260 9411
5296 8106
2201 8139
4317 6967
6388 7497
1670 8706
6027 9993
5633 9411
1972 3438
5576 9743
6003 7507
1946 5327
4932 5681
5245 5454
4731 5439
2045 4118
1142 2708
6321 7369
2082 8391
8399 8754
3590 7350
7164 9550
3244 9936
7257 7883
8458 9022
2708 8670
6828 9681
5067 6878
4800 6970
4165 5327
8871 9874
455 9737
1745 9583
2932 8585
1312 8207
8436 9357
3590 9296
3734 8879
4851 5082
9806 985
2977 7296
2900 7708
534 5611
5903 6111
7091 8956
2274 9662
7386 9917
157 2556
3035 6542
7834 9704
5745 7203
4686 9023
7537 9017
662 9548
6808 7898
6365 7619
1031 699
9232 9295
2478 4064
5711 8455
6299 6949
2507 9936
374 6762
8087 9389
3863 7017
4865 7756
417 6878
4354 7958
3543 3571
5906 6218
7761 9488
4771 9773
8753 9936
3964 9115
3668 8785
7874 8136
1868 5996
8807 9357
705 8753
5449 9809
6349 9442
4819 7457
5315 6715
2036 31
1495 9703
8665 9295
876 9836
4459 5357
2608 9762
2936 7457
3742 9340
221 8735
4986 6805
5644 9976
1193 9983
6640 9244
3929 6916
3671 7118
3054 9123
6000 9340
4797 7864
5146 9377
7479 8656
2673 8585
5664 6689
4560 9360
8936 9907
6811 7329
6980 8711
2217 7763
3889 9694
5903 9969
5707 9917
3979 9758
4354 682
6410 9361
5264 7458
4038 9575
2130 9721
1033 6456
3867 9310
5327 6383
633 8665
3845 8769
1511 4899
8585 9281
6566 9360
7017 9546
5123 8445
8467 8495
6654 9807
2225 889
3347 8161
8942 9631
9515 9583
699 7286
9481 9836
5644 9667
6466 9956
8390 8634
8072 9874
1050 9513
4388 6388
5013 9703
5831 9335
1722 8808
3733 9445
5598 6689
9721 9836
1162 5534
2714 6676
2757 5826
3331 9874
8445 9445
7550 8445
7565 7763
8552 881
5845 8268
5347 9685
9153 9967
3837 9548
534 7194
237 4815
6923 9314
7807 8268
6036 8898
4267 9513
2109 9080
5357 7485
1449 9743
2264 8753
4349 6317
5640 7443
6155 7518
6273 9793
9241 9442
451 9583
9411 9681
8330 9909
5556 9241
3301 8639
4487 5834
5121 8484
645 9513
7443 8827
5608 9672
6418 8386
4025 8971
1653 9084
4628 9993
3307 8786
7966 9575
7162 7708
5773 9377
2082 4560
3824 9969
1009 8270
4288 9785
759 9743
6183 7982
450 5730
3779 6218
4369 8162
5241 7257
4855 6949
2264 4932
7403 868
1321 7258
2062 9429
1037 6456
26 8458
3933 9450
5781 6560
6062 9956
4864 9448
6923 9404
1941 2221
8399 9429
7329 7756
3118 4454
5210 7519
1 7982
7958 8435
6317 7629
7266 8090
3907 7313
7085 9084
3283 7864
3035 3490
3294 6065
3154 6198
703 8024
6062 6776
685 943
4166 9614
8064 8706
439 9476
812 8301
1498 6135
1061 6392
6455 9115
4012 9832
4864 7087
3742 9226
7673 7886
6661 7824
2150 9762
7076 7814
1972 9832
4118 9445
4282 5726
3709 9891
9287 9393
3671 6776
1530 9886
1033 9393
9414 9832
5315 9071
5561 9891
1459 662
6595 9115
9153 9583
4215 9672
7320 9956
2112 9583
1142 8670
5966 8458
2221 292
4489 6694
6888 9976
2373 3603
4246 8903
8110 8656
7814 8390
5343 8962
7479 9425
9297 968
2150 2359
9429 9431
1969 6309
8090 9281
6356 9397
2681 9393
2757 6676
7057 8326
1303 8652
4130 9886
6210 7173
1753 7010
7458 8087
6111 8745
3139 7091
6996 8641
6519 9907
2291 6466
4487 4710
6183 8275
1593 9335
2253 8936
2740 9993
8971 9976
5904 9260
7087 7320
2927 8162
194 8407
8391 9513
8348 9886
6349 8023
3913 4793
388 8667
3898 9320
5951 6316
2934 5781
258 8050
1856 5449
1031 5632
7849 8364
1277 2047
9614 9917
4361 6805
8769 9669
4018 5243
8207 9296
3268 8394
7734 8386
194 7457
3967 6654
7443 8072
26 8552
9431 9775
6676 8732
5296 8349
8698 8711
8650 9936
3307 9681
9389 9762
5198 7264
3754 9743
8769 9377
183 9476
7403 7629
7864 9411
3079 8603
9486 9488
1679 5155
5500 7103
2610 9721
2357 4316
6036 9476
6645 9836
849 9565
4503 9287
5857 9377
7502 9296
4832 6384
8656 9886
8754 9737
5139 7074
3974 8268
1741 9295
1676 2556
521 8455
8735 9614
4607 8650
2171 9809
2156 9015
9232 9868
5343 6535
4102 7708
2645 5906
4843 9022
8669 8971
6595 9721
2147 7901
5857 8634
7901 8652
5438 8764
680 7763
4529 9874
7841 8846
3571 8821
1304 8821
2692 5389
7235 9967
5636 6427
2109 9411
7065 7485
5632 8130
420 8390
6045 7886
5547 5831
8264 9807
7038 7048
121 3340
375 6135
3751 3754
3580 9361
2369 646
7966 8290
8330 8711
7886 8289
3466 4054
283 8268
2225 9908
1037 6959
3268 6345
8348 8349
4546 9234
1523 8187
3283 8786
3256 9448
7898 8936
5773 9123
6659 8656
7325 7359
3742 8390
4706 7960
6000 9932
2711 3889
3590 7502
6278 9411
6306 9681
6345 7118
6000 8807
534 7763
1009 5166
1777 5906
4522 9909
4317 7321
6888 9685
5826 8732
4296 9886
8875 9335
2180 3682
9737 9948
76 8455
3246 5680
4764 95
3665 7403
4297 4306
2475 7203
5030 5957
9450 9976
4607 9936
8270 9411
4522 8698
700 9956
4999 7257
2171 6713
7235 7521
4192 5633
3996 5547
7087 9335
5936 9548
6158 9022
299 9773
1112 8436
3863 9546
8187 9232
7627 928
4012 8301
8484 8808
8314 8565
4760 7286
1741 9868
1764 8286
7066 7673
2259 6299
4706 9948
251 4610
562 9672
3286 9631
3898 8962
3793 8207
1696 4894
5134 8904
4546 5296
4160 9429
4084 6828
505 8301
6789 8446
5013 8199
2308 7091
6485 7966
9040 9244
2850 3752
1901 7286
6071 9703
3322 7671
1505 8139
4405 9631
9631 9969
7236 8316
4641 5277
1839 9017
5947 7062
6457 7982
4350 4697
4012 8641
2960 7898
1498 8022
2338 814
8962 9836
248 9486
4510 8484
3947 5012
2380 7296
6103 9445
646 6916
7017 9809
1563 8971
5012 8187
3039 9314
8059 9320
4832 5355
1023 9917
8021 9589
3304 8639
154 6768
1449 7254
7958 8625
9667 9832
3389 6645
810 9737
348 6702
2732 9450
6694 9414
3684 9445
6702 6800
2859 6278
6776 9207
8316 9488
6318 8552
4751 8652
4018 8199
237 7091
5426 9714
6581 9080
8667 889
4125 8429
3859 4858
2334 6398
4350 9377
248 9377
5534 757
3833 9917
2651 8495
5243 5445
6135 8769
7475 9548
7807 9389
1342 5680
7960 9948
1304 6882
8394 8863
1487 9296
4641 8585
8110 9886
5919 6987
5389 881
2757 3477
8603 9967
8386 9631
5333 8732
3079 9967
6273 9737
505 9565
5139 6341
5541 9287
6805 8195
5957 6327
8149 9431
7454 9993
7034 9377
7885 9934
6794 8168
290 9425
9773 9907
1653 9295
7537 7966
8936 9773
2087 6466
7756 9314
3546 8744
2856 8898
2475 6883
4451 9281
5030 9993
1653 9868
2109 4797
1442 3981
3454 5039
2369 9868
2740 9360
1505 7057
6772 9631
5627 9244
4911 5038
2045 9245
4678 8528
7010 9917
5166 6306
6009 6135
4912 7057
8005 9340
3355 9874
125 4300
1731 4718
6164 8435
6144 7118
6694 9565
6094 9550
2360 9832
1505 7962
7886 9297
5059 5636
8827 8990
6967 7065
7796 817
1126 9575
505 9414
3597 8390
1023 7901
8446 9287
4451 4899
3079 9017
3301 9565
4102 7499
234 4832
5685 8552
2735 9393
1497 9891
76 9786
8397 8641
9445 9448
2401 6949
7320 7958
5314 5491
2973 6163
4994 6071
3035 4114
3454 9022
3307 6828
5066 8397
2248 817
2104 6949
3752 9147
5636 7886
6306 6581
1162 5636
4858 8650
7114 7756
5516 7423
2049 6036
3053 8050
6661 7874
7458 9389
4751 8735
6713 7696
2932 4899
2681 6789
4166 521
5919 7734
6996 8455
5082 7883
3831 4843
5826 6676
5672 8314
5317 6980
5726 6027
3310 6003
5257 8290
157 5540
221 9786
6159 8669
6094 8628
8628 9669
1623 8390
1563 8407
3301 8863
7999 9431
6455 6602
1517 3533
3282 9550
192 9917
3913 8625
6418 9809
8484 9685
4094 9546
2821 7103
6098 8528
2960 9907
1439 5333
5243 9891
1557 9807
5966 6158
4865 8467
8348 97
1696 5726
1670 9310
1511 7834
1009 9589
8807 9260
3502 6715
5357 6789
3804 9995
7638 9934
194 4820
3360 7550
7999 876
6715 7266
5820 8965
2049 8898
6341 8690
8149 9575
1679 4820
258 4018
2554 8634
8072 8990
3053 9450
1523 5578
7235 8290
8625 994
3060 4851
3502 3684
2568 9993
2106 8888
3821 7721
1459 7513
6412 9472
7537 928
6321 8785
4369 960
7671 9863
8467 9909
2647 5066
4274 8603
7849 7919
6811 8656
3322 9770
3586 9377
4130 8698
3438 9667
2759 8059
8785 889
6405 7521
283 9785
5457 5904
5699 7403
1663 7982
4851 9548
7066 9846
2507 9515
4686 9775
5820 8990
7076 9260
6762 8603
3499 5078
2359 5845
7627 9017
1077 7864
7048 7982
6327 9513
3355 8827
7172 9069
3734 5594
5078 9296
1619 8628
4924 9948
5014 5362
568 9932
3304 6970
3054 7849
8394 9662
6377 9773
8110 8698
5471 8898
6164 6878
5752 6321
9241 9310
2740 7273
9481 9775
4984 7874
4562 5078
2936 4819
2004 6888
4866 7273
5996 6967
5651 7257
7254 9743
3314 9450
2567 5122
1287 9123
8971 9685
4319 4911
8349 8639
4425 6321
7158 9486
7458 9762
5627 8764
2371 4984
8821 9040
2425 5123
3256 7958
3026 8701
5644 8484
3241 8059
3597 9041
6309 6959
3740 8706
6164 9956
736 9734
4607 7296
5327 7421
6595 7999
4924 7960
4354 8875
9714 9806
3227 8264
2576 8090
9472 9476
525 8703
3703 9431
5157 9948
7999 9575
7066 9397
3256 700
5426 9806
3580 3605
4771 691
4025 9685
5014 9340
6392 7937
3555 4917
6980 9907
3833 9694
4729 9672
3139 9330
3874 9080
8904 960
5869 8879
6302 9361
4154 8064
8528 8888
1439 3477
7485 8326
7048 8275
2519 7781
4054 8744
5096 9807
8641 8735
2113 9863
5491 9442
5996 7485
4815 6158
6356 7385
2251 6274
7479 9714
63 9948
8050 8669
6111 8942
5072 5137
4131 9486
6485 9515
3283 9681
3703 8149
466 8846
8059 8435
3628 4984
5918 8407
7671 9770
7696 9969
1452 8956
4369 6805
9389 9734
7901 9614
4793 9448
6062 9335
3480 7796
1227 212
3477 8732
4417 9040
4983 7937
2156 9147
5277 9281
6805 7179
9027 9762
2136 9297
1274 7074
2873 5314
104 7515
6867 8446
73 8064
8022 9669
9575 9836
7629 7638
3301 5869
9069 9809
33 6321
5957 9993
6125 9023
7502 759
3751 7369
73 9442
5906 9934
4562 5576
4300 8936
6794 7118
5802 7962
2308 4815
4866 8391
2489 9140
3929 7085
3232 4672
4493 8698
1838 7550
375 6125
2045 814
3555 5547
7423 9361
45 7203
6000 6365
3812 9548
3603 6316
9397 9672
4777 9775
147 2499
9314 9425
5611 7565
8429 8670
5685 7017
8330 9714
147 9565
3907 8435
3360 6103
4154 6000
3289 8548
8205 9967
9023 9721
9488 9515
4729 8289
5881 9393
5410 9631
2868 6356
2359 9807
3314 6768
7824 8390
299 6513
2062 9948
7162 8552
8669 9976
2373 8744
6159 8484
2315 3836
3760 9022
1753 9917
5936 8286
6062 6878
1728 8965
6694 9667
3771 9450
4131 8022
4952 7901
6312 8903
242 6356
6661 9226
4221 8326
6125 9836
5598 8548
6726 8942
3677 8316
4454 5314
2136 9397
2327 4843
7796 8403
4607 4858
5157 8754
3833 4319
5947 9140
1196 9226
5457 9041
5123 6987
7443 8990
7824 8807
8386 9969
8711 9404
6135 7034
1031 2113
2757 8732
2443 5066
6317 8903
1589 3466
2514 7254
7359 7619
450 8871
3512 9667
2283 2973
6201 6384
7235 9515
6908 6996
8703 9186
3665 8528
3241 9863
9297 9846
3889 9786
5831 7313
8754 9429
9287 9306
212 5834
4924 7114
4610 7421
7937 8764
3204 6163
7051 7386
4865 6811
2478 8754
4064 9737
6466 6878
4084 6581
8264 9115
1256 9969
183 9472
1109 9027
332 8732
5064 6418
7158 8628
4094 9809
8320 8745
4102 8024
7519 8879
5139 8690
3833 5874
5014 9226
183 8898
7103 9550
6829 9330
5707 8005
1126 6645
5578 7085
6159 9976
7264 9934
4994 5445
6595 9758
2708 8429
3889 5066
7241 8445
2259 5745
4319 8652
9207 9770
6694 9832
221 9694
8136 9041
5030 9513
4405 8386
1945 9721
5538 8735
1814 8455
4729 7066
9770 9983
6455 9583
5644 8932
2394 7091
4154 5878
3085 8106
5415 7610
3907 8625
3016 9017
6159 8808
6882 8821
9486 9550
6645 8962
63 9793
4760 8458
4958 5013
6377 9907
4094 6418
3347 9863
5056 6163
1264 9260
5578 8565
5845 9807
643 7423
7296 925
2736 8786
7325 7824
1945 9425
4718 9115
5314 6274
1179 9431
8525 9481
5608 9397
5406 5636
7359 9932
8962 9775
2850 8706
4090 5680
5296 9234
1274 7258
5038 8641
5538 6155
4425 9908
5438 8735
4317 4912
2082 9360
6094 8769
5750 9140
497 6676
1663 7038
4686 9481
928 9488
9320 9863
6065 9268
7173 8275
3668 6410
1112 7325
6967 8326
5415 8821
562 9140
5516 7796
5996 8326
6377 6980
2567 3006
3283 9589
6345 8863
1112 6297
1487 7350
9993 9995
8205 9153
705 9936
2616 8552
9041 9226
8495 8711
6405 9583
1208 9662
7807 9762
5064 6800
583 9770
2002 9330
3967 7807
7610 8821
4349 7629
5166 5633
6713 9546
4165 5005
7076 8136
3935 9685
3898 8161
4760 5632
3580 8403
5315 9704
8701 9377
4798 7807
2315 8429
7158 8022
6412 7062
6341 7423
2651 9886
3665 7885
1468 8888
3314 6201
8257 9295
4924 9793
2932 4118
5013 9891
5802 8139
4706 9429
781 8846
4700 9786
2759 9863
4999 7194
3709 7919
6464 8364
5137 8732
7734 8942
9565 9832
5415 6822
6110 8314
5139 9361
4777 876
5996 7321
4982 9868
2002 237
1254 9907
6535 9721
6045 9672
9015 9310
6519 6980
1921 7885
3085 8349
5660 9956
6159 8932
5634 9476
3413 4832
3677 9488
8090 9704
504 8161
1023 8641
4350 8022
6513 8936
1254 8936
4855 6365
6581 6828
1287 6936
515 9995
7627 9488
2380 9936
8199 9891
6418 8745
4296 9404
7874 8390
2856 5947
3442 9836
3085 6003
2216 9245
3268 9662
494 9704
1193 7671
8639 9662
7266 7550
2380 2947
8656 8698
2735 6309
3605 7074
3530 3779
3294 4877
7824 9340
8316 8603
348 7257
3282 8634
8486 8932
6762 7236
2338 7266
2576 7600
1413 9140
5904 5906
1748 8528
6000 7874
4025 8484
4064 9429
229 6345
7814 8436
492 9207
7841 9207
259 9268
374 8290
8548 8807
7673 968
5007 9442
9071 9281
3996 4917
4865 8495
7756 8656
8467 9806
875 9743
4296 8348
6882 9040
6689 8548
3974 9807
6144 9234
3253 8495
7781 8732
577 8846
2499 9832
258 8486
9023 9775
5007 6349
6800 7475
6882 9244
3154 7162
7350 8207
5245 9404
4192 8786
2947 9995
1000 8548
6255 7179
2334 5781
3776 8024
9297 9397
9575 9758
2681 8446
1921 9934
9015 9241
4160 9793
5375 8149
7062 9476
3760 5122
3512 9414
9425 9909
2821 9377
9662 9909
2113 3898
8871 8965
3749 7513
7864 9681
7975 9450
5243 8364
4354 4864
5317 7898
6908 7010
183 9140
691 9773
8846 9207
1 3147
1009 9137
1023 8015
1037 9687
104 6011
1050 9929
1061 9581
1096 8045
1112 8315
1126 6938
1142 8313
1167 5768
1172 5725
1196 711
1201 5258
1208 6679
121 9408
1249 7793
125 9944
1256 5532
1264 7735
1287 4188
1304 8975
1362 6593
1379 7412
1413 6015
1439 9576
1452 9179
1459 4511
1463 8126
1468 7125
147 4515
1487 5647
1497 4839
150 9378
1511 1616
1537 9612
1544 7831
157 9994
1575 9426
1619 4749
163 7910
1670 9574
1685 9816
1690 8616
1696 6585
1706 8653
1722 8281
1728 6591
1731 6451
1736 5863
1741 5732
1747 7754
1753 8531
1754 8234
1764 9632
1783 8842
1805 6151
1808 8794
1814 8884
1821 7944
183 9994
185 9645
1891 3423
1921 4807
1936 6307
1946 6641
1956 3395
1969 9988
2002 8371
2033 7784
2036 9410
2049 9505
1647 2062
2087 9816
2097 9059
2106 8048
2109 2843
2110 8499
212 6126
2136 7778
2150 9192
2180 8274
2193 8108
2217 9096
2221 3412
2225 7482
225 6351
2259 9535
2264 7516
2281 6769
229 9243
2291 6770
2308 7780
2315 5212
2327 9931
2338 3631
2369 2436
2371 9534
2373 9490
2380 2635
2394 8011
2397 8596
2398 8359
2401 7094
242 6686
2443 9057
2477 6629
248 8084
2499 6943
2568 9312
2604 9542
2610 8475
264 7858
27 9689
2708 8784
2711 4299
2740 6824
2812 8240
283 4279
2850 8913
2856 8677
2868 9979
2872 2873
2881 7431
2884 9056
2886 6013
290 9176
2914 8960
292 9482
2927 9816
2934 8373
2936 9947
2947 9195
2952 9020
2960 6017
2977 9563
299 9436
3006 6053
3017 8055
3026 9792
3060 9733
3085 9275
31 9974
3104 9256
3135 7098
3139 9101
3154 8542
3204 9729
322 9943
3232 7212
3241 9366
3244 8912
3253 8796
3282 8627
3283 9697
3286 8811
3289 8619
3310 6205
3315 6691
3322 9050
3328 6924
1147 3340
3355 7626
3360 8167
337 9822
3389 9199
3414 9462
3438 7724
3442 8226
3454 9693
3462 7452
1605 3477
3480 3656
3481 3483
3490 3522
3502 5409
3507 7606
3512 9612
3555 3559
3579 8729
3580 8509
3590 8647
3628 6533
3665 5133
3682 9843
3734 9772
3735 8533
3740 8902
3749 5407
3754 7603
3760 9274
3763 9852
3776 9530
3779 9789
3804 4507
3812 7131
330 3821
3824 9522
3831 848
3836 8790
3837 8946
3845 7180
2071 3859
3863 8018
3867 7356
3874 574
3907 4928
3435 3929
3933 9446
3935 9603
3967 9577
3972 5058
3974 8337
3979 4302
3996 8167
2399 4025
4038 6550
4054 6679
2120 4064
4102 9774
4114 7830
4116 9449
4118 8124
4125 735
4131 9441
4160 9921
4161 4165
417 8474
4221 7037
4240 4243
3629 4274
4317 8212
4319 8437
4349 6529
2023 4350
4369 8006
4388 9169
4405 6985
4417 7339
4035 444
4451 7542
4503 5610
4510 9167
4522 8740
4529 7728
4536 4544
4546 8476
455 5172
4594 4641
4672 8009
4678 5354
4729 9831
4730 7581
4751 9603
4764 9666
4771 9722
4777 9686
4797 8551
4798 4801
4819 8851
4820 7855
4832 8780
4843 8515
4858 9373
4864 9082
4865 6116
4866 7661
4911 9890
4910 4912
4917 7058
5013 9005
5030 5607
4808 5038
504 9104
505 9617
5056 9435
5059 9315
5066 8884
5067 9110
5072 9459
5091 5095
5122 7072
5123 5128
5137 8278
5139 7592
5146 5588
5155 8674
5157 6428
5185 5188
5198 8082
523 7545
5231 6671
5238 5825
524 9853
5241 9851
525 5300
5250 5367
5257 7861
5264 7754
5269 8475
2678 5277
5296 8944
5314 7759
5315 9493
1858 5317
5333 5334
3458 5343
2302 5347
5356 9726
5357 9922
5362 606
5375 8153
5415 9402
5426 8922
5445 9478
5449 7526
2105 5457
5471 8132
5491 8617
5538 8595
5540 6873
5547 6565
5556 7189
5561 9827
5576 9292
5578 8756
5598 8184
5633 9741
5634 8077
5636 9440
5644 5895
5660 8877
5664 7819
5671 5672
5680 7506
5681 9600
2441 5699
5711 9370
5745 7009
577 9317
5773 9833
4976 580
4121 5820
5826 9680
5831 7894
5834 6956
5869 6790
5881 8979
5936 9653
5170 5947
5956 5957
5833 5964
5966 8179
5996 6608
6012 9385
2266 6040
6049 6051
6062 9381
6065 7925
6070 6071
6083 9569
59 6098
6103 7802
6125 8684
6135 8141
3870 6144
6145 6147
6155 6156
6158 8930
6159 6160
2250 6163
6168 9483
5063 6198
5487 6201
6218 8138
6244 9508
6255 8852
3290 6273
1853 6274
6297 7075
6299 9189
6302 9064
5981 6306
6308 6309
6312 8604
6317 8204
6341 9566
5373 6344
2094 6345
6349 6431
6356 7701
4604 6377
6384 9501
4205 6392
5335 6398
6405 7806
6410 9943
6412 6454
6418 9422
6427 7072
3095 6457
6464 8089
6466 9367
6481 9597
6513 9702
6519 6898
6538 9950
3375 6542
4883 6551
5349 6560
6566 9884
4795 6581
662 6957
6640 9776
6645 770
6659 8640
6661 8597
6676 9019
6689 8216
1456 6694
6702 9701
6713 8100
6715 6716
5494 6726
675 8997
6762 9057
6772 9834
6785 6786
4121 6794
680 9527
6800 6801
6805 6807
6590 6811
3780 682
6822 9269
683 8637
685 7127
5034 6878
300 6882
4753 6883
508 6888
691 8343
6916 775
2214 6936
6987 7002
5051 6996
5402 7017
703 9922
7034 9218
6653 7038
7048 7829
7050 7889
7051 9796
7062 8624
12 7065
7066 9728
7076 9883
7085 9290
7087 7088
3213 7114
7118 7624
7158 7288
7164 8333
7033 7172
4840 7173
6253 7179
7203 9841
6744 721
3163 7216
7235 9987
4883 7258
7264 9723
7266 9043
7273 9579
6727 7276
7035 7284
6260 7286
7296 8233
6508 73
7136 7313
7320 9263
7321 8978
7325 8663
7328 7329
6938 7359
736 9752
3332 7369
2310 7385
6562 7386
7403 9248
7421 9337
744 9218
7454 9825
5320 7457
7475 9108
748 8229
1772 7485
7497 9125
7499 9049
7500 8383
7502 8129
3633 7513
5714 7518
6876 7519
7550 8845
759 8120
7599 7600
7610 9532
7277 7643
7105 7671
3762 7673
7653 7696
5303 7708
7361 7734
4424 7761
4990 7763
7781 9742
6854 7796
7807 9466
781 8177
1450 7814
5224 7824
5572 7834
6195 7841
7849 8002
7864 8476
7874 7876
6806 7883
7885 7931
7886 8494
7453 789
7901 9926
7919 9965
7937 8913
7956 7958
6603 7960
7466 7975
1184 7982
4484 7999
8005 9440
7876 8021
8022 9582
8023 9823
8024 9805
8059 8794
8064 8070
5240 8072
8087 999
810 8408
8105 8106
4703 8110
7275 813
4805 8130
8136 9839
5369 814
8161 9590
8162 9261
7260 8168
8187 8188
7764 8199
8205 9837
8207 9719
2999 8257
4456 8264
4527 8268
8270 9339
7737 8275
8283 8286
8125 8289
2665 8290
8301 8359
4153 8316
8320 9108
5688 8326
7575 833
5635 8330
3594 8348
2854 8349
3561 8364
8385 8386
7005 8390
7805 8391
8394 9842
8397 9782
8399 8934
4377 8403
5503 8429
7839 8435
8436 8437
8445 8647
8455 9610
8458 8885
2102 8467
8055 8484
8486 9804
8044 8495
7282 85
8498 8525
5595 8528
8548 9538
1083 8565
7527 8585
4604 8603
8625 9328
423 8628
5267 863
7374 8634
8639 9523
7865 8641
6903 8650
8652 8757
6199 8656
6820 8667
8657 8669
4314 8670
6533 8690
2930 8698
7568 8701
6862 8703
7590 8706
7594 8732
8735 9259
8744 8980
6223 8745
8753 923
8754 9378
8769 8779
8272 8785
1493 8786
8607 8808
7977 8821
8823 8827
8846 9579
8469 8863
2808 8871
8875 9462
8879 9283
8888 9078
6612 889
8898 9007
7760 8903
3124 8904
6151 8932
8936 9899
8942 9960
4190 8956
690 8965
8720 8990
4863 90
8200 9015
8238 9017
8779 9022
9023 9558
8420 9027
9040 9754
6721 9041
6219 9069
9071 9075
546 9080
4569 9084
9115 9552
2133 9123
9137 9140
9147 9149
8169 9153
4794 917
3038 918
3882 9186
6222 9207
4919 9226
8961 9232
158 9234
9241 9913
9240 9244
5954 9245
8091 925
8621 9260
9268 9517
9281 9777
4801 9287
1931 9295
9296 9930
8422 9306
9233 9310
9314 9317
7900 9320
1483 9330
2877 9335
2436 9340
7365 9357
9360 9533
7792 9361
6754 9377
9389 9392
9404 9869
9117 9411
6415 9414
7828 9425
3984 9429
8872 9431
4981 9445
4338 9448
9450 9454
9472 9797
7631 9476
8196 9481
4765 9486
9127 9488
8923 949
9513 9516
9515 9516
9363 9546
7813 9548
9385 9550
8646 9565
7343 9575
9583 9602
6441 9589
9614 9980
623 9631
966 9808
7684 9662
7593 9667
4847 9669
9665 9672
4069 9681
7978 9685
6795 9694
9702 9703
9352 9704
9709 9714
6143 9721
9729 9734
9031 9737
1482 9743
9433 9758
3826 9762
9770 9771
9633 9773
6741 9775
7892 978
9400 9785
7003 9786
3826 9793
9806 9833
9646 9807
9809 9896
2981 9832
956 9836
9143 9846
7977 9863
3087 9868
6391 9874
1005 9891
7762 9907
2483 9908
6622 9909
8502 9917
6966 9932
9331 9934
8082 9936
9943 9948
8083 9956
8750 9958
4458 9967
9622 9969
9750 9972
9883 9976
6346 9983
9993 9997
3031 9995
125 5079
1619 9923
1891 8674
1936 8129
3289 7139
3763 9941
3859 8855
4451 6927
4764 9272
4912 9955
5834 6033
6083 9272
6163 8231
6299 9753
6392 9772
6566 9122
3992 7076
721 8618
7296 8859
7403 9549
7454 9107
7696 8376
7708 8959
6366 7761
8257 9219
8264 9087
8452 8455
3243 8458
8492 8495
8525 8526
8625 9482
3081 8821
5055 8827
6361 8863
6684 8888
5099 8904
5877 8956
6983 9017
8179 917
8442 9296
9301 9306
9314 9692
9320 9325
7414 9361
5530 9404
9425 9427
6011 9429
7726 9450
8939 9481
9485 9548
8651 9550
9321 9575
8360 9614
9672 9712
9701 9704
9713 9714
9743 9829
9767 9773
9775 9782
9786 9794
8108 9793
9812 9836
9863 9872
9874 9879
8842 9891
8063 9907
8312 9908
8844 9917
9933 9936
9969 9974
8393 9936
