1933 4930
4603 4884
1400 2684
2589 2835
1355 3453
3371 3680
1113 1760
1423 3592
3125 3238
561 4909
4514 4581
3204 4692
1981 2608
3929 4881
1829 3718
3917 3929
723 2715
1140 1760
983 4579
3550 4956
2564 3702
3686 3766
2063 4083
1454 4343
1700 3646
1936 3815
2499 4782
2906 3148
4006 4165
4956 4984
3020 4942
4637 4638
1586 4984
432 3203
1813 3607
2474 4198
3239 3864
334 4422
1159 1700
3917 4881
4603 4909
3342 3802
663 3680
3973 4315
2487 4102
4637 4751
180 3057
2035 2859
301 3211
2406 2995
4382 4614
3165 4701
3239 4353
2436 4069
2622 3929
2606 2809
1246 4930
1874 4046
588 4102
3906 4555
3980 4499
4021 4228
2280 4669
921 2836
719 4083
3704 4480
37 3938
1061 4962
3798 3861
2447 3057
3618 4487
2376 2606
1334 3097
4199 4751
2711 3540
1320 4862
4200 4637
1547 4603
2879 3900
566 4514
1981 4541
1027 3798
2913 3436
1134 4036
242 4462
850 4315
1972 2836
635 4678
561 4959
2371 4862
3029 4962
3235 3861
322 4406
3976 4893
181 4102
1856 4862
2818 4069
4199 4200
222 4952
4581 4669
3643 4637
4514 4848
2726 3936
301 4006
3592 4041
4664 4984
462 4992
202 538
556 3952
2659 3588
1981 4848
1040 2608
2120 2605
3238 3858
2311 3098
651 4165
2684 3371
3290 4315
3643 4603
1748 3937
2488 4751
2345 2999
3057 4959
2835 3490
3929 4352
4259 4382
4059 4318
2439 4956
1645 4073
2369 3453
1974 4992
3366 4848
1246 4603
1218 1373
3689 4480
1829 3942
2392 3718
862 4017
2036 4956
2859 4827
4073 4753
3061 4198
2333 2436
4059 4930
2902 4352
2192 2311
2923 4083
3128 4020
3667 4284
937 3073
4138 4292
1361 4480
1305 4499
1586 4965
1243 4083
3061 3408
1136 2392
3906 3950
432 3847
2111 4956
821 975
2333 3975
2906 3342
19 3802
2248 4811
3208 4020
4093 4353
3496 4083
3643 4318
2045 3342
4686 4692
1760 4579
2209 4907
1633 4382
3976 4165
2947 3247
2608 4581
3158 4407
3580 4395
4020 4246
4603 4751
3165 4767
3938 4395
3203 4907
32 4423
3405 4827
3407 4678
507 4036
3643 4930
888 4480
718 1943
316 3878
2388 4462
3113 4199
3342 3766
2781 4497
3702 4259
566 4535
4782 4862
1878 4881
1040 2280
2754 4907
2995 3057
3052 3180
556 2392
561 4930
2311 3225
2283 4353
710 4952
3025 4057
3980 4535
3061 4295
850 4768
2371 4962
1857 2234
2232 4422
2488 4603
2232 3685
2285 3952
3018 3097
2649 4462
541 4952
898 3128
3815 3906
202 4319
4198 4499
490 1067
2371 4992
3973 4135
2436 3633
3550 4616
199 4862
2120 3025
4422 4497
4083 4638
1874 2839
4637 4893
3580 4893
663 4811
719 4638
2388 2943
1648 3453
4382 4899
2210 4407
3113 4829
4319 4333
2452 4041
2234 3588
2859 4020
3020 4318
1871 3204
3464 4829
1634 3461
2129 4592
3906 4899
2646 4192
387 4965
3490 3975
983 4319
1658 2999
2839 4246
2130 4497
2228 2538
1760 4319
4192 4228
2070 3836
1485 4020
878 3938
346 4275
2821 3607
3371 4019
37 1253
1199 2452
3132 4637
2891 4962
3960 4592
1140 4395
1634 2487
3618 4343
2117 3648
3073 4295
3774 4135
3976 4751
911 3661
1675 4811
2952 4041
458 3160
3994 4584
1943 3936
2911 3479
584 3921
3238 3436
757 2387
3025 4019
3689 4686
1395 4848
1634 3592
1722 3830
1936 4284
80 3061
3014 3017
4154 4353
3221 4603
4211 4487
913 4907
1725 4959
2857 3766
4965 4984
3729 4959
1936 4501
3225 4406
1653 4333
4638 4678
3158 4692
507 2906
670 3407
2100 3225
630 3802
1452 3929
1760 4333
3016 4192
3976 4959
126 4715
179 4751
3211 3680
1869 2503
793 4692
2392 3415
4584 4956
426 4768
3108 4930
1291 3545
2058 2838
2209 4959
3973 4259
4138 4671
2362 3829
490 4446
878 4319
1912 4893
3037 4252
1631 3780
1700 1893
498 4315
180 4678
3021 3453
4579 4893
2911 3267
2781 3204
2111 4992
3029 4664
1933 4907
387 4952
3158 3704
1485 4046
2503 3078
2911 3461
3540 4555
2283 4093
498 4592
4073 4249
760 3981
3148 4497
1981 4581
3371 4006
1540 3837
2943 3453
1773 3490
557 4909
3014 3858
3661 3864
1874 2811
2487 3479
179 4942
4284 4899
982 2387
2102 2995
679 4382
937 4848
983 3125
1698 4069
943 4581
3618 4211
911 2754
3718 3942
3365 3436
686 4952
2239 3919
2168 3268
3962 4638
911 3239
2575 2661
4295 4514
3702 4249
765 4135
1965 3618
3025 4006
2452 3267
1857 3159
2175 2212
3408 4581
3765 3919
1431 4893
538 4579
4751 4959
4767 4782
4930 4959
3366 4514
3052 4638
440 3607
2036 4965
3251 4501
170 3588
4153 4959
2781 4692
3837 4020
1871 4480
2564 4753
1869 3942
2120 4019
4382 4753
2499 4701
4616 4965
589 3211
2071 2649
1323 4753
4259 4407
2117 4135
3052 4153
3366 4768
2071 2388
2232 4686
2913 3238
1689 2049
4637 4930
2392 3937
3658 4768
432 4102
3994 4984
1125 2911
2358 4514
2911 3847
2503 3937
510 4884
2221 2811
2781 4407
1159 3952
3020 4907
3815 3900
1264 3160
2816 3906
10 3906
1127 4692
3643 4893
956 3921
4318 4942
1893 3942
1674 4678
2838 3802
3540 4734
940 4292
1718 4487
1722 4487
3765 3921
2363 3618
4909 4959
4962 4965
1746 4353
3960 4073
1136 3718
3913 4480
2762 3371
4701 4829
596 4259
391 4603
2833 4480
3180 3962
556 1331
4 1264
731 4198
2661 2835
2947 4734
1547 4884
3275 3829
168 2363
878 3580
308 3607
698 3125
2070 3129
2698 4753
301 4057
1015 3830
3108 4751
1400 4057
3535 4487
180 3496
862 4211
679 4715
1386 2070
3239 4093
4041 4102
2649 3453
3 3490
1878 3737
346 4192
1645 4614
458 2333
490 4541
1943 2770
2754 4199
1159 3942
1786 2883
1051 4592
2212 3981
3643 4907
1648 4462
2280 2715
3550 4664
1960 4751
3172 4669
2915 4249
3290 4768
4 2575
1454 3449
3436 3545
731 4295
1871 4422
4637 4909
1051 4382
3267 4102
1400 4811
560 4952
1739 3858
136 4154
1793 3936
2427 4899
2538 4962
2906 3686
2436 3975
2070 3607
1320 4962
82 3268
2995 4984
4956 4962
3268 3798
1323 4249
3602 4715
3158 4480
3238 3365
3630 3746
308 921
589 4057
821 4252
2248 2762
2943 3021
1863 4753
847 3780
3774 4228
4956 4992
2487 3847
3020 3976
1067 4848
1448 3129
3268 4487
2762 3211
3324 4753
498 4249
2283 3070
3436 4352
2923 4959
900 3247
2120 4811
2210 4382
3592 3917
1061 4984
2362 3746
1546 3919
2770 3921
3602 3780
3994 4956
301 4019
757 1972
1125 4102
2995 3729
847 2943
3366 4259
2622 3365
783 3780
2474 4541
1829 3415
3029 4952
2499 4984
3 2575
1973 4249
2859 3208
2283 2362
2439 4862
3661 4252
1169 4249
1395 1411
1253 3803
3729 3962
181 3847
2857 3686
876 2376
2879 4284
2520 3646
4333 4579
168 3830
1159 3718
1106 3342
1675 3490
1047 3159
606 3837
1871 4671
1837 4422
2036 4862
2035 2809
771 3950
4318 4909
2197 4046
19 1169
3275 4252
462 4952
4249 4315
214 3718
3803 4319
2100 3588
2754 4942
1386 3836
2923 3180
2646 3774
3 3160
1857 2659
3408 4848
3449 4017
698 4352
541 4353
2499 4767
1650 4678
3132 4884
4907 4942
3902 4862
3407 4069
1592 2452
2816 3900
2991 4603
4199 4884
3235 3449
1881 3633
4318 4884
2197 3612
3689 3913
3238 3545
760 4962
2303 4480
1821 3045
733 3803
2859 3405
4782 4956
864 4992
1863 1973
3900 4284
921 3129
4154 4252
749 4102
2358 4499
144 2447
1686 3453
1739 3125
1933 4884
2991 4942
4603 4930
2369 2943
3405 4246
2212 4135
362 4318
2913 3929
2376 2839
1586 4962
4952 4956
609 4909
3658 4614
3490 4811
308 4626
3160 4811
507 2857
1448 1893
956 2770
595 3858
3235 3535
2354 4579
3533 4984
3550 4782
2234 3159
606 4020
1140 3938
2436 2661
3018 3929
4059 4909
913 4942
1686 2592
3407 3962
1372 4069
1968 4198
3052 3407
82 3235
1423 2487
1592 3847
1972 3129
2098 3737
2280 4514
2684 4811
1633 4315
2867 3324
2947 4501
3078 3415
3129 3535
1973 4753
3490 4069
630 2058
2387 2836
1748 3952
3618 3664
1674 4638
2212 3878
2915 4259
3436 3737
860 1448
4352 4881
2762 3613
2209 3902
2100 2747
2371 4965
2589 3975
1047 2192
1390 4959
2418 3737
1817 4319
1372 2589
1891 4192
3798 4603
1878 2098
2418 3017
3533 4616
4616 4956
80 4848
3128 3837
3165 4616
2891 4767
3602 3960
181 3479
2358 4848
1657 4423
105 3613
4753 4899
3290 4753
2371 4829
2816 4734
3204 4671
3415 3718
2102 4959
1291 2035
3902 4199
1658 2770
1372 2661
4862 4992
2014 4395
401 3829
881 4899
2911 3917
3208 3837
3158 4422
3203 3847
522 4541
3310 3938
211 2836
4259 4315
1698 3633
4315 4899
391 4884
1125 4041
2303 4422
202 3934
4284 4734
3633 3975
1645 4592
2063 4678
3884 4734
3045 4669
1739 3917
2117 3774
3088 3365
3938 4124
2221 3128
2891 4965
3158 3323
144 4638
4499 4541
1390 2770
4782 4984
3602 4753
2192 2747
651 4942
3165 4984
4541 4848
2285 3937
4093 4252
2117 3973
2221 2606
3680 4057
1633 4753
4616 4767
2564 4592
3211 3613
1334 3017
3975 4069
2447 3496
1257 4083
1452 3017
1657 2711
1968 3980
783 2649
1967 4259
4199 4603
2906 3766
4422 4480
1739 4352
2192 4406
1657 2816
3158 3913
566 4295
126 4592
3994 4965
2371 4952
3132 4959
2816 4501
761 1649
3294 4751
4228 4678
2179 3936
2358 2608
975 4252
2369 3187
719 2728
740 2659
801 4135
3479 4102
2839 3405
864 4956
609 4930
2130 4480
2248 4057
2606 4246
3323 4480
3837 4827
4664 4701
840 4352
3098 4406
4592 4616
606 4246
1243 3729
2111 4984
3088 4352
1592 3479
3900 3950
2811 3208
1972 4626
1400 3371
258 3342
3415 3942
4669 4848
876 4020
1657 4555
1710 4848
1936 4734
2891 4701
1047 2659
3981 4275
1127 3913
458 4069
4616 4984
3902 4751
4535 4848
2911 4041
4884 4893
1653 4395
2071 2369
3689 4671
2358 3073
664 4138
1739 3018
2439 4782
281 4638
3858 3929
3366 4614
2608 3550
1320 4992
4307 4664
584 1373
4603 4811
3112 4124
3113 4965
1893 3415
1373 3921
1136 3952
2098 3545
3550 4701
4198 4535
3405 3837
3204 3704
1400 2762
2891 4295
3976 4942
4319 4395
4592 4614
2285 2520
651 4893
2883 3829
1423 4102
4616 4701
3980 4848
2726 3921
1967 4592
3803 4124
4165 4930
2995 3496
3165 4956
4407 4592
1633 4249
2345 3919
1871 4692
3020 4909
3461 4102
4073 4259
862 4343
4952 4965
3664 3830
850 4614
840 4881
3061 4499
2649 3780
2995 4678
4006 4811
4829 4862
3113 4616
2487 2952
630 1134
2525 4353
2838 2857
3251 4899
2520 3415
334 4686
2883 3239
3453 3780
4020 4046
3535 3798
3962 4021
2564 4073
440 4626
1431 4319
1786 4353
1821 4669
2192 3588
4017 4211
281 4083
847 2592
1933 4751
3934 3938
645 3667
3630 4353
2809 2811
1287 1744
1891 4275
1693 4579
1014 3680
3129 3836
2883 3864
211 4626
1878 3545
1933 3020
3550 4992
3938 4893
3994 4782
2838 3340
202 4333
864 4984
2698 4909
4295 4499
3275 4353
2891 4782
3612 4827
4019 4811
4343 4487
3052 4021
3858 4352
2076 3774
2175 4275
3267 3479
1411 4446
4395 4893
2835 3160
4199 4318
3203 4041
740 4406
898 1903
2538 4992
3113 4952
1208 4192
2049 4734
3165 4782
3323 3689
362 4930
589 3371
1871 4497
2836 3129
3324 4715
4581 4848
1933 4942
2991 4884
4884 4930
2058 3340
1546 3765
1856 4965
840 3858
2575 4069
1291 3436
440 1386
940 3158
3016 4228
3496 4153
2054 3588
3917 4352
15 4343
585 3618
4753 4768
222 4962
441 4678
2392 3952
2538 4984
2358 4541
3449 3535
49 1773
1431 4333
1159 3937
2014 4579
179 4199
2303 4292
1760 1912
2659 3159
4124 4579
1361 4671
2120 2248
956 3936
3221 4907
3018 4352
3449 3830
310 4579
1113 4319
3545 3858
3045 3980
2781 4138
2606 3128
2891 4956
3612 4246
898 4246
2698 4603
222 4965
1863 3324
3125 4881
2239 3765
3267 3461
749 3917
4664 4965
3994 4616
2199 3950
2447 4678
3962 4228
3057 3180
2248 2684
1137 3981
2952 4102
4664 4767
1287 2883
3340 3342
3097 3737
3858 4881
1773 3633
740 3159
3973 4192
1290 1334
2583 4333
1631 2943
1575 3267
1793 3765
2833 3685
2867 4614
4249 4614
1372 3407
1809 2806
1863 4715
2661 3490
3340 3766
4228 4638
1047 3588
322 2192
3884 3950
2406 4959
4318 4907
2488 4942
2452 3847
2839 4046
3407 3975
2049 3900
1454 3830
2811 2839
4909 4930
4862 4962
1386 3129
847 3453
3113 4862
783 3187
1395 4535
913 3643
4198 4848
2098 3018
1903 2811
3490 3942
740 2054
595 3014
3580 3934
3461 3917
2474 4626
2715 4848
4307 4952
4626 4848
10 3950
3661 4093
1199 4041
2883 4093
2049 4555
718 2999
3658 4382
3125 4352
1881 4069
2058 3686
3324 4073
753 2836
1653 4579
2232 4292
606 3612
3408 4535
281 1390
3729 4153
4767 4984
3324 4768
4862 4965
3290 4592
2538 4956
3 4069
1760 4124
1320 4952
2474 4295
3658 4592
1863 3960
4019 4057
3504 3829
1448 4626
733 4579
1372 3975
609 4907
2754 4603
2333 2661
2879 4734
78 4017
1169 4614
1106 3148
19 3686
1856 4952
1603 4907
2014 3112
1331 2520
214 1700
2427 3815
635 4228
1199 3592
3203 4102
4829 4962
2891 4984
898 2606
2054 2234
2503 3415
694 3765
3942 3952
4249 4259
80 4581
426 4715
2369 3021
4446 4535
2197 3837
1586 4829
2728 4083
4584 4701
2754 3643
2228 4192
37 3310
2014 4124
3994 4767
3464 4616
749 3592
3648 3774
1739 3929
2906 3340
3256 4319
3366 4499
3540 3884
2452 3203
4200 4907
3128 4046
2045 3340
498 2867
3702 4168
4407 4480
1657 3906
1546 3936
765 2212
3078 3952
510 4909
3098 3225
3774 3878
1718 3618
308 982
3132 4907
3203 4909
3160 3633
2179 2999
4592 4899
1540 2811
3158 4686
2303 3323
3014 3545
2333 3490
4701 4962
2076 3981
3592 4102
3113 4664
3238 4881
3366 4753
3211 4019
3533 4767
588 3592
1891 3973
3461 4041
1334 3545
1540 3612
3018 3365
3633 4069
2168 4487
2906 3802
3658 4753
3913 4692
4584 4962
2054 2659
2439 4829
2045 3802
3108 3294
3165 4965
258 3802
3366 4581
4046 4246
1264 4811
150 322
2345 3936
1395 4499
3020 4884
1395 4669
1431 4124
2781 3689
3613 4019
2130 4686
585 1718
2991 4959
3580 3938
1744 4154
3980 4669
3407 4083
37 4124
2698 4893
2879 4501
1134 2838
3238 4423
3765 3936
1675 4069
37 4333
4307 4782
4382 4715
1134 3148
760 4984
2499 4956
630 3686
2592 3780
4499 4535
3408 4499
588 4041
4767 4956
3685 3913
1903 3405
1290 3018
1431 3112
2583 3310
2999 3765
3612 4020
1658 3919
2071 3780
2911 4102
1923 2649
3464 4782
2192 2659
3148 3340
316 801
2285 3646
982 3836
4124 4333
1718 3861
1936 4423
718 956
1974 4962
862 3535
1361 3913
3366 4626
3533 4962
3556 3976
4637 4884
3018 3238
1968 4541
749 1125
3052 4083
3221 4165
3803 3934
2781 4686
4446 4499
1821 4848
1552 4036
761 2418
3371 3613
1869 3718
937 4541
2606 4827
2915 4168
3052 3729
3268 4343
3504 4353
136 4252
2867 4768
4165 4751
4592 4626
2747 4406
2564 4480
3211 4006
2747 3159
3618 4017
639 3496
1264 4069
1373 2770
3187 3453
3667 3900
4701 4862
4751 4930
1974 4965
3187 4462
3267 3592
3994 4962
179 4930
346 3973
1334 2418
2418 4124
3980 4446
4782 4992
1287 4252
2076 4135
498 4715
3108 3902
3661 3829
48 4753
1253 3934
4616 4664
1547 4930
1243 3180
2117 3981
670 2589
1718 4211
956 3919
1061 4992
1658 3921
2452 3461
1903 2035
432 3917
2199 4423
3029 4782
4083 4678
1390 4638
4614 4715
3208 4246
432 3479
3630 3661
719 4678
560 4992
4315 4715
4829 4952
3415 3937
1218 3919
3464 4965
2129 4168
3239 3829
1331 3942
723 4541
3029 4992
1306 2175
3913 4292
1134 3342
1809 3661
82 3861
522 4669
3861 4017
3702 4768
2102 4638
1361 3685
3172 4295
1817 4395
1981 4669
4198 4541
4307 4829
821 2806
2520 3942
3037 3070
997 3815
281 4153
561 4884
1821 3980
982 4626
362 4603
1106 3686
3540 3815
4017 4343
4637 4942
3045 4541
557 4907
134 4275
2575 3633
595 2418
3129 3607
3113 4782
3247 3906
733 3934
49 4020
1291 4352
258 3148
761 2913
2234 2311
32 4734
1871 4686
2179 3921
1891 4228
3504 3630
507 3766
37 4579
214 3646
2439 4992
3938 4319
1290 3088
3994 4701
3902 4962
4138 4422
4318 4930
105 2762
306 3815
1431 4579
3323 4497
2388 3187
1257 4959
4701 4952
2014 4333
2488 4884
3057 3496
3057 4083
432 3461
645 4555
1739 3365
2406 2923
1067 1411
588 1592
3830 4211
1965 4017
2711 2947
566 4626
4893 4930
78 3798
2589 3633
126 4768
3172 4198
1334 3436
1586 4952
2762 4019
3648 3981
3533 4829
975 1746
3902 4965
15 4211
3479 3917
510 4199
322 3588
584 3919
864 4962
1448 2821
1923 3780
334 4497
2063 3180
2388 3021
3112 4333
3294 3643
3533 4782
749 3461
507 3686
4584 4862
670 3633
4292 4407
3664 3861
2439 4767
635 4638
1756 4192
4862 4956
1243 4959
3132 4199
2232 4671
2452 4848
878 4395
2488 3294
2836 3607
3204 3913
2406 2728
4059 4884
4292 4422
584 1793
1649 3018
3204 4497
2661 3160
911 4252
2583 4579
2063 2995
2406 3729
3861 4487
4168 4614
4168 4315
921 3836
4497 4686
4318 4603
1960 4942
180 4153
1023 4423
1027 3830
2913 3737
1821 4446
664 4422
2199 4284
2999 3921
3016 3648
3078 3718
4884 4907
1773 4827
942 4315
1552 3766
1881 3975
801 4275
2014 4319
2228 4135
2354 4893
753 3607
2728 3057
749 4041
214 3937
3602 4382
222 4984
1722 3449
1878 4352
2100 2192
2406 4083
3878 4275
1974 4952
2369 2649
3774 4192
733 4319
2821 4626
1744 3746
3018 3737
3323 4422
3535 3861
3290 4168
4664 4952
698 1649
1243 4638
3268 3861
588 2583
806 3802
2622 3858
2698 4930
1634 3847
3646 3937
3643 4884
1973 4768
1575 4102
1125 3847
4535 4541
180 4811
1658 2345
585 3664
645 4501
1264 1881
1287 3037
1649 4881
1546 2345
2857 3342
670 2818
1015 4343
2362 3275
4893 4909
2857 4036
1903 4046
723 4446
4956 4965
3045 3172
1633 4259
3830 4343
3815 3884
1137 3648
2129 4768
3643 4909
596 3324
2525 3630
401 3661
1027 4487
2035 4020
1603 4603
1603 4942
1710 4669
3830 3861
2392 3646
4307 4862
1592 3592
2923 4638
2376 4246
1159 3078
3960 4614
126 4168
4637 4907
1793 2345
170 3098
134 4827
1881 3407
3550 4952
2965 4499
3602 4259
3702 3960
3607 3836
2070 2387
2605 4006
1874 3837
1817 3803
3960 4249
214 3078
3290 4614
876 2221
4678 4959
2311 3588
2575 4811
3016 4275
2715 3172
710 4984
881 3884
1023 2711
3686 3802
898 4827
4862 4984
1967 4753
982 1972
888 4083
2762 4811
4406 4407
2770 3919
362 4909
588 3847
1653 3938
1675 2818
1725 4884
3021 3780
4200 4959
940 4671
1199 4102
541 4984
2728 4678
2781 4292
771 3729
898 4046
1305 4541
4514 4626
2063 4638
3702 4753
4614 4768
2859 3766
1023 3884
4501 4734
1912 4579
3453 4462
1106 2838
1423 1592
2622 4352
1634 4041
3208 3405
4124 4395
3290 4899
1936 3906
4829 4992
1657 2427
2363 4017
15 4487
1725 4909
3267 4041
401 4154
1640 4422
2248 3025
3016 3973
134 4046
888 3689
942 4715
168 3235
258 3686
1674 2923
2175 4135
2525 3037
3290 3960
2583 4124
3407 4153
1409 3664
2503 3718
4555 4734
2762 4057
2646 4275
2991 4907
3029 4862
4664 4782
3128 3405
1817 4579
1686 2943
664 4671
440 753
2168 4017
2303 4686
4616 4992
3407 4959
2363 4487
3405 3612
4423 4555
168 3664
595 2913
3667 4734
1027 3618
1137 3878
1547 4907
3045 4848
3070 3829
78 4211
723 4295
4059 4942
3861 4343
242 3780
3648 4135
4616 4862
1799 4848
1813 2821
3158 4669
2538 3680
561 4751
3221 4942
2210 4592
1675 2436
2525 4093
728 1809
2340 4069
679 4614
911 3070
3239 3661
1700 3952
150 3588
4138 4692
2806 4093
2952 3847
3464 4956
2362 3504
2947 4423
3371 4057
4782 4962
1051 4899
3247 3540
3704 4497
3960 4753
2965 4535
1373 3765
1373 3936
1829 1869
510 4907
3148 4036
1793 2726
2280 4541
3290 4715
2646 3878
3132 4909
391 4907
765 4228
1786 3661
2212 3648
2564 4382
1693 4124
2285 3415
1169 4073
3132 3294
3643 4942
862 1015
606 2376
1674 3052
2036 4992
3366 4767
4318 4893
2622 4881
316 4135
2867 3658
561 4942
793 3689
2811 3612
719 3729
1552 3148
753 2821
1246 4751
4249 4382
4782 4965
78 4487
2499 4862
2406 4638
4046 4827
3766 4036
4480 4497
3689 4292
1657 4501
1700 1748
757 4626
2130 4692
556 3937
3902 4942
1649 1739
3061 4514
2340 2747
2221 4827
4315 4753
78 3535
3112 4893
3580 3803
1657 4284
3556 4907
4584 4782
1700 3942
2427 4501
4407 4715
1821 3061
733 4395
876 3128
1395 4581
3057 4021
2120 3613
4382 4592
1756 4135
1650 4638
2833 4686
1125 3592
585 4487
1125 3267
1411 3045
824 4019
1856 4992
4073 4315
19 4499
3268 4211
3746 4252
4734 4899
870 4959
4259 4715
1243 4678
630 3342
3132 4899
3902 4956
2698 3221
3618 3830
1320 4829
1746 4252
2071 2592
3685 4692
4135 4228
864 4862
2248 4006
78 4343
426 4899
2333 4069
2995 4638
2076 3973
3490 3633
1878 3097
3070 4353
2234 2747
3861 4211
144 4959
1891 3981
4535 4581
1856 4782
4942 4959
2248 3680
3187 3780
1575 3847
2228 3774
2589 3490
2915 3366
2049 4423
3704 4407
3815 4555
3689 3704
3884 4555
1856 4829
2212 3774
645 4734
1409 1634
635 3962
1881 4811
1718 4343
3294 4942
4407 4497
3078 4956
3025 3680
3994 4992
3057 4638
2859 4246
2102 4083
2285 3942
541 3661
1127 4671
1287 3275
2835 4811
1023 4284
2418 4352
1409 2168
2857 3802
3203 3267
1648 3780
1881 3160
3680 4019
1199 2911
4446 4669
1658 2239
2487 3267
783 3453
2747 3588
3108 4959
2209 4930
2809 3837
4592 4715
3464 4984
560 4962
1829 2285
1869 1893
2406 4021
3132 4930
3917 4102
4407 4899
771 3667
1047 3098
2345 3921
584 2726
1586 4862
1710 4514
2809 4246
3070 3864
3718 3952
942 4753
331 2833
3204 4422
1208 4135
1981 2280
556 557
3533 4664
164 3247
538 1693
199 4952
694 3919
1023 3950
1640 4671
538 4319
1967 4715
3061 4541
32 1936
740 3225
1972 3836
4315 4382
3211 4057
840 3929
1640 4686
4584 4952
441 4638
3913 4686
3342 4036
2564 4315
824 4057
2175 2646
1965 4487
3981 4135
3275 3864
2915 3960
731 4535
3037 3239
1323 4382
510 4942
2661 4811
635 2063
2098 3365
2867 3290
3052 3962
3275 3746
316 3016
3366 4899
2728 4638
4135 4275
3464 4701
2340 2818
242 2071
902 3780
595 2098
1113 4893
3415 3646
3976 4930
806 3686
2711 3900
2130 4292
1878 3017
3938 4579
258 3340
1552 3802
2210 4249
3837 4046
346 3981
557 4930
3113 4962
3685 4497
2447 4638
1546 2726
3884 4423
3815 4423
2418 4881
3479 4041
2715 4295
1134 3802
1014 3613
1454 3235
3902 4984
1857 2100
3884 4899
126 4315
2525 4252
4715 4753
1454 2168
2816 4423
1912 3256
1183 2100
3017 3858
1689 4753
2564 4614
2659 4406
3020 3643
3371 4811
1722 3235
3029 4701
80 4535
1799 2608
2809 4046
806 3766
2362 3239
310 4319
1390 3496
1710 4535
4664 4862
1014 4057
10 4734
3256 4893
2239 2770
765 4275
983 4395
1658 3936
2605 4057
3648 3878
1967 4614
3238 3929
4751 4907
1552 2906
860 3129
179 4907
3962 4153
1586 4992
1305 4848
2111 4829
426 4753
1793 2999
850 3960
1061 4952
1113 4579
3294 4909
3323 4686
4059 4751
3878 4192
3310 4333
4497 4692
1159 3646
4592 4768
2358 4669
1411 4541
876 3837
1871 3689
2564 4899
3323 4671
1575 3479
997 4734
3310 4395
4884 4909
3449 4211
3729 4638
4637 4959
651 4884
2354 4124
3017 4881
1881 2575
3113 4767
164 4734
1799 4514
1817 3580
2340 2589
940 4692
1649 3017
334 3685
686 4862
1878 3436
3294 4884
847 1631
913 4884
1051 4753
3648 3973
3366 3960
900 3540
1821 3408
202 3938
2212 4192
3704 4671
2698 4907
4198 4669
3643 4751
281 4678
462 4984
308 3836
214 3942
847 4462
2371 4782
1431 1817
3973 4228
1546 3921
3098 3837
3496 4021
4701 4992
975 4353
1014 4019
3310 3803
242 3187
2605 4019
3646 3942
49 2376
1127 4686
3165 4829
3902 4884
1051 3602
3746 3829
1725 3221
4198 4446
1575 3461
3 2589
698 3014
3323 3913
2232 4138
2564 4715
4249 4407
1653 3310
2199 4734
2474 4446
4124 4319
635 4021
1773 4046
78 3268
921 2821
902 2943
2014 4893
1686 4462
3962 4959
956 1218
1395 4514
1817 4333
4284 4501
585 4017
876 2859
3061 4848
2076 3878
2833 4292
3204 4480
2197 2606
2070 2836
4541 4669
1773 2575
4497 4671
1290 3125
1760 4395
3052 4959
2488 4930
3268 3449
3340 4036
878 4579
4767 4862
1361 4686
4093 4154
301 3680
1645 4715
3251 4734
4199 4930
3533 4952
4499 4669
4909 4942
2583 4395
2747 3225
214 3952
2715 4499
4059 4199
3975 4811
3247 3950
1320 4965
2345 2726
2661 2818
3449 4343
694 2179
2818 3975
2857 2906
3464 3994
1015 3664
4168 4407
1658 1943
2684 3613
3129 4626
3829 4252
902 1183
3464 4767
2179 3765
3962 4083
2168 4343
1756 3648
1291 3737
3704 4692
913 4165
1409 3830
1857 4406
4751 4884
1331 2503
1423 3267
3029 4956
1040 4541
541 4992
3934 4893
645 3950
2179 2239
3976 4318
4295 4626
1874 3612
3689 4497
2818 3160
2111 4862
1423 3461
1061 4965
609 4603
4165 4909
49 2911
2388 3453
975 4093
1837 3689
1361 4497
2102 4021
1355 3021
2120 4057
2129 4753
2991 4909
150 3159
2646 3981
3235 3798
150 2747
1485 2809
1799 2715
1960 4907
2583 4893
3602 4592
4751 4893
1452 4881
3029 4965
3235 4211
316 3648
2058 2906
3658 3702
1972 2070
1829 3952
2575 2818
2168 3535
2228 3973
3239 3275
2883 4154
760 4992
1257 4678
4021 4678
310 1653
3159 3225
2991 3020
1633 4899
1675 3633
1485 3405
1140 4579
2362 4154
3535 3618
3685 4671
3158 4497
3132 4751
3830 4487
1748 3942
3667 4899
824 3371
3017 3929
3496 3962
870 4083
3661 4353
2499 4962
3128 3208
2811 4020
3798 4017
1634 2452
2715 4198
2915 4382
4715 4768
222 4956
793 4480
3014 3929
4782 4952
850 3324
4 3490
3613 4006
4200 4942
1423 3917
749 1634
3016 3981
2098 3929
2280 4535
2991 4930
4603 4942
3878 4017
2754 3556
391 4930
2605 3211
3203 4942
3658 4073
1817 3934
2911 3592
1603 4909
2943 3780
4701 4767
760 4965
761 3929
1040 4514
2098 4881
2439 4952
3113 4701
4499 4514
710 4962
2525 3746
2622 3088
2838 3686
3980 4541
1603 4199
2833 3323
2646 4501
4603 4637
902 3187
1645 3702
2371 4984
3070 4154
3125 3737
4228 4275
2036 4952
824 4006
3980 4295
2388 2592
2589 4811
888 3704
1127 2303
2130 3689
1047 2747
694 3936
2436 4811
3479 3847
3847 4041
3658 4168
4198 4581
3556 4909
3323 4138
2111 4952
2995 3052
134 3405
2333 3160
170 3159
1973 4614
3310 4579
3658 4315
645 3906
4259 4592
710 4965
458 2818
4198 4295
1323 4715
168 4343
1821 4541
2754 4959
2879 4423
3737 3858
4200 4909
2130 3204
1878 3365
2833 4692
1746 3453
4307 4992
2762 3680
2991 4751
3324 3602
1748 3415
4616 4952
753 3836
1943 3921
2197 4246
1631 3187
2488 4199
3097 3365
3680 4006
3221 4959
4083 4153
718 3936
3021 3187
1675 2575
144 4083
150 3607
2058 4036
710 4956
3618 3861
1674 4153
4200 4884
1869 3078
1552 3342
3960 4768
2036 4782
3073 4535
3310 3934
3203 4884
2036 4829
199 4965
2999 3936
3235 4487
3643 4959
4295 4541
3464 4664
1409 3449
765 3016
3211 4811
765 3774
1305 4626
3580 4124
4165 4199
4315 4614
1218 3936
4138 4686
3550 4767
1485 3837
566 4669
1943 2726
3913 4422
2923 2995
3275 3504
2883 3746
3221 4751
3737 4881
3461 3847
2102 2447
3630 3864
771 4734
2035 2606
2280 4499
1199 3847
3203 4893
3746 3864
4211 4343
3689 4422
199 4962
3884 3906
2811 4827
2902 3917
3148 3342
1857 3588
3172 4848
2035 3128
793 4686
860 2387
1686 2649
2035 3612
1974 4782
2209 4751
1960 4318
2179 2770
2833 4671
1725 4930
1640 4497
1253 4124
4292 4671
1400 4019
2239 2726
3113 4992
840 2913
864 4952
609 4942
1208 3973
1710 4626
1933 4603
3180 4678
1113 4333
4292 4686
2879 3906
3550 4862
242 1631
2054 2747
2418 3125
4930 4942
2915 4315
2049 3540
3729 4228
3919 3921
2387 3836
4259 4899
1881 2436
2649 2943
3540 3906
1125 3436
1411 3073
3268 3535
3976 4907
4200 4318
3014 3097
541 3864
3 2333
1014 4811
2499 4829
3113 4984
2175 4192
2622 3917
2376 3128
4382 4768
334 4292
1645 4249
997 4423
2991 3294
3158 3685
3685 4686
4614 4899
2999 3919
2915 4614
1923 3453
2054 4406
2520 3937
4199 4907
440 1813
2923 4678
2698 3976
898 3837
1448 3607
306 3906
1912 4124
3612 3837
2111 4782
2111 4965
3108 4942
3737 4352
4407 4686
4893 4942
2583 3803
3014 3088
902 4462
3664 4017
4423 4501
440 3836
4671 4686
1686 4069
1869 3952
1134 3340
3680 4811
387 4956
1257 4638
1973 4592
2058 3802
4259 4614
32 4899
1633 4768
306 4555
3449 3798
15 2363
4751 4909
1331 3078
3256 4124
308 757
1218 2239
3204 4292
1674 2995
3766 3802
3323 4292
1649 3097
2111 4962
2228 3878
1756 3981
3913 4497
902 2192
2833 4497
2608 3980
3815 4899
322 2054
824 3613
2913 3097
331 4671
136 3275
1967 4899
2592 4462
3294 4907
2965 4581
821 3504
2806 4252
2175 3774
3405 4020
1373 1658
686 4956
3221 4884
1287 3829
3648 4192
1960 4930
862 3861
1140 3256
1893 3952
2806 3864
694 3921
4073 4168
4616 4962
3061 4669
3221 3976
2995 4153
3449 3861
3208 4827
1689 4899
2447 3962
2818 3633
2754 4893
4480 4686
2781 4671
3550 4962
1140 3934
4535 4669
4584 4616
1183 3159
2906 4036
1014 4006
2303 4138
362 4959
3836 4626
202 4395
441 4959
3238 4352
2891 4829
2525 3980
346 3774
144 4021
2452 4102
2991 4165
3108 4884
1454 3798
4333 4395
663 4019
718 3921
1208 4275
2488 4893
3535 4343
1923 3021
4581 4626
2754 4884
870 4021
3737 3929
2427 4423
2049 4284
2179 2726
144 4153
1891 4135
2452 3592
3550 4965
694 2239
2726 3919
4 4811
3239 4154
1965 3235
3097 3436
3504 4252
1136 3937
3746 4353
3052 3057
2867 4259
2427 4734
2684 3680
3088 3097
3864 4353
1960 4603
3504 3864
589 4811
1485 4246
2363 4343
1334 3929
783 3021
1603 4930
3251 4284
3550 3994
3950 4734
2499 4992
3112 4395
4153 4678
2447 4959
3550 4829
2283 3630
3774 3973
4165 4603
334 4692
1218 3921
2770 3936
1320 4984
1657 4734
1689 4715
2285 2392
3405 4046
4168 4768
3658 3960
2711 2816
4616 4829
2806 3037
2474 4669
1331 3646
2076 4275
4315 4768
4603 4893
48 4592
2684 3025
3829 4154
3902 4782
664 2833
1746 3864
2728 2923
1856 4984
1051 4614
1361 4692
3685 3704
761 4352
4006 4057
2303 4692
2891 4952
4962 4984
306 4734
2857 3340
664 4692
1640 4292
3408 3980
3461 3592
1809 4252
2406 4678
1965 3535
2525 3829
2197 3208
1746 4154
3798 4211
2711 4899
4893 4907
2049 3251
1386 3607
2592 3453
3088 3917
2809 3612
3533 4992
3704 4138
1674 3496
2179 3919
3323 4692
1718 4017
686 4984
3704 4686
2474 3061
4962 4992
1799 3408
2474 4535
596 4753
3108 4318
1773 4811
3729 4083
4249 4753
1634 2911
1813 2070
2102 3729
3556 4165
560 4956
2371 4767
3934 4124
1169 4259
806 3340
3535 4211
2130 4138
3646 3718
4907 4959
2698 4751
2014 3580
4603 4907
3496 4678
4407 4422
1640 3685
589 3680
913 4751
1744 3504
2303 4497
589 4006
3976 4884
2711 3950
1693 4333
1423 4041
1169 3802
2192 3225
2754 4751
4664 4992
10 4899
2684 4006
1974 4862
757 921
2071 3187
2809 2859
3057 4678
10 900
3994 4952
1355 2943
2283 3746
3921 3936
522 4499
3148 3686
3365 3858
2806 4353
3803 4579
2833 4422
2221 3405
2891 4862
2839 3612
3407 4638
2439 4965
1863 4592
1452 2622
3294 4318
3702 4614
3774 4275
2770 3765
4984 4992
179 4884
3037 3504
3407 3633
840 3737
2608 4198
331 4138
3132 3556
3864 4093
3112 3938
3648 4275
3160 4069
1106 4036
2879 3247
1725 4907
840 3017
3613 4811
902 4406
2076 4192
3256 4395
1454 3618
1760 4893
3602 3658
2362 3864
3020 4930
2488 3976
199 4992
1710 4581
2646 3973
2387 2821
670 4811
3290 4073
911 1744
1127 4407
2439 4962
1936 3884
2221 2859
462 4956
2499 4965
3148 3766
3661 4352
3902 4992
606 4046
490 4295
1857 3098
2806 4154
4767 4965
1793 3919
4423 4734
2228 4275
4480 4671
921 1813
3172 4514
1631 2592
2525 4154
1361 4292
1547 4909
2228 3981
3630 4093
2387 4626
82 3830
1291 4881
793 2833
3878 4135
3981 4192
4021 4153
1786 4093
4907 4930
441 1689
2248 4019
4307 4962
2816 4899
698 3858
2711 4734
4767 4829
1290 4881
82 3535
3014 4352
3204 4686
2363 3664
1981 3073
1689 4768
1693 2583
2726 2999
4767 4962
679 4753
1829 3937
3016 3878
560 4984
870 3962
2684 4019
3204 4138
639 4678
3960 4168
281 639
881 4423
1373 2345
1305 4581
2120 3680
3018 3088
522 4626
82 4487
2045 3766
19 3148
170 1857
181 3718
2839 4827
3815 4284
4767 4992
105 4057
4514 4669
4499 4848
1786 3037
1912 3803
401 4353
639 3962
1640 4692
2726 3765
2754 4909
1137 1891
3365 4352
4829 4984
1650 4959
3702 4715
1306 3981
2054 3098
1874 4020
2376 2809
3602 4768
4584 4664
793 4497
1863 3290
3045 4581
3900 3902
3934 4579
3294 4930
4446 4541
913 4930
771 4284
522 4535
4603 4959
426 3702
3125 3858
1891 2117
4592 4753
164 3815
4 1372
1386 4626
3900 4501
32 4555
1633 4168
753 3129
566 3366
2340 3160
2879 4899
4584 4965
888 4671
3029 4984
2499 4952
3108 4907
1698 2333
4138 4497
1891 3648
1744 3070
2503 2520
3902 3976
2816 3815
1331 2392
3112 3934
3165 4962
3132 4942
1974 4829
3132 4603
2199 3884
2436 3490
490 4669
346 3878
731 4514
824 4811
878 4893
1912 4319
1051 4768
2071 3021
783 1686
1386 2821
2427 3540
3704 3913
2684 3211
4664 4829
1400 4006
2661 3975
19 4036
180 4638
3902 4930
3667 3906
301 3613
4701 4984
1698 3407
1809 4154
2058 3766
2363 3830
3902 4909
2488 4318
2129 4614
3729 4678
541 3070
3221 4637
3864 4154
3973 4275
1137 2646
733 4333
3798 4487
2014 3934
1722 3664
1290 3017
3607 4626
3180 4021
3294 4603
3702 4899
432 3267
3078 3937
3981 4228
719 4959
1183 3098
1023 3540
1134 3766
4165 4318
1710 1968
2063 4153
3685 4422
2345 3765
180 4959
4395 4579
679 4249
1355 2592
1693 4395
1936 3540
3203 4199
1361 3323
876 4246
1246 4909
1140 4333
3980 4514
331 4292
3256 3580
557 4942
651 4930
48 4168
3052 4678
1744 4252
306 4423
2054 2100
2232 3704
1912 4333
3098 3588
1547 4942
4073 4382
2130 4671
3702 4382
170 1183
1675 3975
2781 4422
2659 3225
3630 4252
3960 4382
801 3981
3159 4406
4199 4909
2427 3884
596 4382
840 1290
557 3643
1973 4259
2649 3021
3496 4638
664 3704
881 2947
1027 4211
1693 3938
2035 4246
2175 2228
2965 4848
3097 3496
2915 4753
3994 4862
4165 4637
4165 4200
888 4692
1592 4041
4829 4956
1974 4984
1395 3408
1246 4884
3172 4581
4073 4899
821 3746
3479 3592
1968 4535
3365 3929
1773 3975
2371 4956
1047 1857
3407 3729
1933 4909
3545 4881
3165 4862
3689 4407
1837 4497
2071 4462
2913 3365
1208 3981
1649 3545
3803 4395
2387 3607
3664 4211
462 4962
2354 4395
258 4036
4259 4753
4295 4669
1874 4246
1253 4395
2283 3976
3070 3630
1127 4422
3073 4848
2592 3021
2906 4899
3729 4021
1257 4153
1756 3878
997 4899
3017 4352
3685 4138
1923 2592
1837 4292
1640 4480
3602 4315
3829 4093
1355 1686
3256 4579
3088 3125
4407 4768
2809 4020
2821 3836
1837 4671
2608 4295
4701 4956
134 4135
462 4965
728 4252
3464 4992
3906 4734
1027 3861
3702 4073
4021 4959
1973 4715
1546 2179
3550 4984
507 3802
1631 3453
1331 3952
1809 4093
635 4153
3702 4592
3037 4353
3464 4862
4073 4715
1586 4956
4952 4962
211 3607
2388 3780
510 1869
1136 3646
2520 3952
975 3037
718 3919
862 3664
3247 3815
179 4909
4952 4992
2427 2947
4862 4952
3803 4893
1756 3973
3256 3934
150 3225
3878 4228
3415 3952
1027 4343
860 3607
2036 4962
3020 4199
1136 3415
1547 4893
2049 3247
4021 4638
3545 4352
4165 4942
3588 4406
2221 2376
3165 4952
639 4638
181 3917
1813 3129
1869 3937
2388 2649
940 4480
458 1264
3268 4017
710 4992
864 4965
1648 2388
4701 4782
870 3180
806 1552
4168 4592
1061 4862
806 4036
1893 3646
3798 4343
728 1746
3225 3588
4307 4701
2392 3942
2883 4353
630 3667
4407 4692
1645 4768
2354 4333
1799 4198
2447 4021
2728 4021
3533 3994
3073 4581
2589 2818
1546 1793
806 2838
2879 3540
1893 3937
3267 3847
4138 4407
1856 4962
3981 4907
765 3878
1967 4315
3580 4319
4199 4942
997 4555
4 4069
2879 3950
3994 4829
4192 4275
3980 4581
664 4686
1257 4228
943 4848
2303 4671
3408 4626
15 3798
2947 3906
458 4811
2333 2835
1040 4669
4422 4671
740 2747
3113 4956
2891 4992
1710 3980
2564 4407
362 4942
3020 4959
3037 3661
2120 4006
2280 4581
4884 4942
1291 3238
2867 4382
4422 4686
757 3129
1106 3766
4318 4751
679 4315
3247 4734
584 3936
3025 4811
80 3073
522 2715
1748 3078
19 3766
1933 1960
3070 3661
3774 3981
2283 3504
4480 4692
3025 3613
860 3836
3238 3737
1015 3535
4664 4962
588 2487
801 4192
1813 4626
3976 4603
1136 3078
3686 4036
2698 4318
222 4992
2427 3950
1552 2857
1863 4614
1485 1903
2209 4603
2283 4252
2839 4020
1972 2821
3580 4333
3917 4041
942 4407
663 4057
2362 4353
2915 4768
2520 3718
3251 4423
940 4422
1264 1698
3037 3630
3613 4057
49 4046
900 4734
1575 3592
3017 3545
3324 4614
3112 4579
3160 3975
2447 4153
585 3830
4715 4899
2210 3658
3664 3798
2902 3858
4295 4581
686 4992
2867 4899
3016 4135
3294 4165
3533 4862
4284 4423
2232 4480
3962 4678
4249 4899
4319 4579
4782 4829
900 4423
2100 3159
334 4671
2333 4584
2883 3661
2406 4907
663 3371
4259 4768
2197 2839
3408 4541
878 3256
3540 4284
4584 4829
670 4069
900 4899
1127 4497
997 4284
1693 3803
2583 3934
32 2816
4073 4768
4200 4930
3602 4249
4165 4907
3180 4083
3960 4259
3618 3798
1943 3919
2915 4592
4199 4893
1973 3602
3878 3973
391 4942
3203 4930
4319 4893
1674 3729
3798 3830
3021 4462
2248 3211
2175 3973
3045 4626
538 4124
3919 3936
596 4768
3275 4093
761 3917
10 4501
2221 3602
2811 2859
718 3765
3180 3729
824 3680
2728 3962
1323 4614
2867 4073
651 4907
3340 3802
2839 3837
2965 4514
3780 4462
3613 3680
4073 4407
4165 4884
1113 3310
2168 3798
3884 4284
860 4626
4057 4811
4307 4956
1183 3588
3221 4930
765 4192
1960 4884
1746 3504
1746 4093
1943 3765
1981 4535
2111 4579
1903 2606
2646 3648
3664 4487
4829 4965
1786 3864
242 1686
3464 4952
4249 4318
4249 4715
1306 4192
1967 4768
630 4036
860 1972
1320 4956
4165 4893
3073 4514
426 4168
498 4768
4168 4249
2952 3479
310 3803
199 4984
1943 2999
4307 4965
1700 3415
595 3436
757 2821
2117 4192
3165 4664
3934 4319
1874 2376
3061 3980
4333 4893
4614 4753
1856 4956
4307 4767
1253 4319
3658 4715
4584 4984
870 4678
3408 4514
2358 4581
1540 2839
1355 2369
1821 4514
2809 4827
4059 4907
2754 4930
3913 4671
4059 4165
3088 3858
2209 4884
4907 4909
144 4678
2175 3016
821 3829
310 4333
1674 4228
3037 4093
2943 3187
1698 4811
1809 4353
2369 3780
2474 2715
310 4395
2913 3018
4768 4899
4292 4692
728 3829
4701 4965
316 4275
4315 4407
4135 4192
2487 2911
2661 4069
3097 4881
3689 4692
2711 4555
1603 4884
2474 4499
3045 4499
3108 4909
4295 4446
2197 2859
1799 4669
4541 4581
1722 4343
2209 4909
2622 3017
2965 4541
2583 3938
3540 4423
3496 3976
1253 3580
3902 4952
1813 2836
1965 4343
2340 3975
2117 3878
556 2503
1208 4228
3704 4292
3902 4907
3815 4734
322 3225
3658 4407
3014 3436
2280 4848
1700 3937
557 3221
1756 4275
3310 4893
2622 2913
2063 4021
1793 3921
2209 2991
1218 2999
3802 4036
2358 4198
1725 4942
1411 4295
1912 4395
1373 3919
4671 4692
3239 3746
4292 4480
3112 3310
900 3667
1893 3718
1653 4124
3556 4942
1334 3365
609 4751
639 3180
783 1355
49 3128
937 4535
3029 4767
4307 4984
2902 3238
847 3187
881 3950
2525 3504
1411 4581
821 3630
2232 3913
281 3057
2762 3025
3861 4406
2902 3436
757 3836
1218 3765
2209 4942
3533 4965
1431 3938
911 4353
731 4848
1246 4907
1799 3172
1965 3664
2838 4036
3020 4165
4200 4893
4767 4952
1243 2728
850 4168
2684 4057
1698 2436
301 4811
3324 3960
3496 4228
1829 1893
881 4284
3078 3942
2816 3950
538 4893
136 3829
2117 4275
956 3765
2239 3921
1323 3290
3097 4352
3158 3689
3976 4637
199 4956
801 3648
105 4019
3976 4059
2811 4246
888 3913
3125 3545
4514 4541
1400 3613
4153 4638
3018 4881
2564 4168
2915 4715
3324 4259
1650 3962
4584 4767
888 4686
4138 4480
3746 4154
560 4965
870 3496
3025 3211
1485 4827
1967 4168
136 3239
1773 3208
3950 4899
596 3602
1722 4211
1372 3633
3324 4592
48 4073
3256 3803
150 3098
3545 3737
3556 4884
3158 3204
2608 2715
1786 3070
4249 4768
4965 4992
510 4318
1306 4135
1965 4211
4751 4942
997 3906
1575 2952
1113 4124
1903 4827
1903 4246
3976 4909
3464 4962
2622 3125
1264 2436
4017 4487
2838 3148
3275 4154
645 3247
170 2747
2076 2228
308 2387
3533 4701
3976 4199
698 3088
913 4909
1575 4041
943 3980
3950 4284
4168 4259
3310 4319
1431 3580
3408 4446
3960 4315
2035 4046
1448 2836
1323 4768
801 3973
1372 3490
4626 4669
2883 4252
2575 3975
3937 3942
595 3917
663 4006
1592 4102
2058 3148
2806 3630
181 4041
126 3658
2503 3952
1809 3504
1137 2076
1208 3878
1448 2070
3247 4899
2369 4462
3718 3937
3108 4603
4315 4592
4318 4959
1817 3938
2102 2923
937 4499
937 4198
3158 4138
1169 4036
4006 4019
2098 4352
2406 4228
1040 4848
4423 4899
391 4751
3906 4501
1874 4827
3803 4333
3913 4138
3016 3774
498 4614
2589 3160
2063 4228
2836 4626
1061 4956
3088 3737
1067 4499
1136 2503
1355 3187
1323 4592
1653 3256
2947 3950
1773 3960
2100 2659
181 2487
3025 3371
2487 4041
2913 3858
1871 2781
2836 3836
3180 4638
3602 4614
3646 3952
686 4962
2168 3861
37 3112
458 3490
2606 3837
2452 3479
3937 3952
761 3545
3073 3172
3342 3686
1409 4211
2947 4284
1869 3646
1547 4751
2728 3729
4199 4637
3045 4514
4514 4535
1257 3962
1698 3975
2418 3929
3172 4499
2503 3942
1756 2646
3580 4579
3973 3981
49 2197
1183 4406
4168 4382
3685 4480
3461 3479
1718 3449
316 4228
1113 3934
3112 3256
686 4965
1137 4192
3847 4102
2838 3342
322 3159
1603 4959
2285 3718
3449 4487
1748 1829
3900 4423
2234 3225
2232 4692
2770 2999
1067 4295
982 3607
2816 3540
1454 4211
4 3633
556 3078
3268 3664
4499 4581
4638 4959
3112 3803
982 1386
850 4715
168 3268
3994 4664
2608 3408
2806 3746
2418 3436
824 3025
2212 3973
1813 3836
2762 4006
4584 4992
3029 4829
4422 4692
943 4198
3938 4333
2474 3073
1246 4318
1409 4487
3014 3365
3950 4555
3108 3132
1863 4768
4407 4671
1015 3861
136 4093
3290 4382
170 2234
3 3975
1974 4956
3960 4715
2698 4165
940 4686
4664 4956
2867 4592
1287 3661
2818 4811
3902 4829
2698 4942
4952 4984
1051 4715
1014 3211
3128 4246
2045 4036
1199 3461
2239 3936
2923 4153
1291 3014
3221 4909
2728 4153
4616 4782
2197 4020
2049 3884
3098 3159
2439 4984
3165 4992
3533 4956
3630 4154
2488 4909
1106 2857
1448 3836
1960 4059
2867 4168
2538 4965
2879 3815
2212 4275
1409 4343
1748 2520
2036 4984
2234 3098
4069 4811
1968 4669
4246 4827
1183 2234
1645 4753
4295 4848
2102 4678
2806 3275
1725 4751
1246 3864
1305 4535
10 1694
15 4181
32 4111
48 4758
80 4214
82 3546
105 3871
126 1133
134 2861
164 4534
202 3177
211 4781
222 4577
242 4533
258 2680
306 4622
310 342
331 1480
346 4708
387 4957
401 4980
371 426
441 4834
490 4979
507 4835
522 4895
538 3557
560 3001
566 4979
584 4786
585 4741
589 1860
609 4975
639 4157
644 651
670 4976
679 3307
694 4582
698 3696
719 4887
723 4764
728 4980
731 4979
740 4929
760 4728
771 4757
793 4602
806 4569
847 4863
850 4126
860 4902
862 3668
864 4894
870 4110
876 1340
878 2741
881 2964
898 4209
900 2914
902 3042
911 4980
940 4472
942 2701
943 3220
975 4030
983 4976
1014 1455
1015 4561
1023 1024
1027 4561
1040 4892
1047 3941
1061 4456
1067 4979
1106 4970
1140 4947
1159 4197
1199 3835
1243 2672
845 1253
1257 4625
1305 4979
1306 3899
1320 4700
1323 3252
1331 4542
1355 4967
1372 4846
1390 4831
1395 4127
1400 1770
1409 3930
1411 3719
1452 2750
1454 4814
1540 3309
1547 4744
1552 4486
1586 2678
1592 4737
1631 4368
1633 4996
1640 4048
1645 4970
1648 4912
1650 4023
1653 3619
1675 4871
1689 4184
1709 1710
1722 4561
1725 4672
1739 4146
1744 4980
1756 3102
1786 4980
1793 4953
1799 4979
1809 4980
1817 3967
1837 4116
1532 1856
1857 4594
1863 4676
1874 1875
1878 4759
1903 4794
1912 4360
1923 4062
1960 4506
1965 4826
790 1967
1968 2780
1972 4994
1973 4722
1974 2308
1981 4214
2036 3318
2045 4776
2054 2074
573 2058
1505 2071
2076 4900
2098 4825
2117 4113
386 2120
2129 4485
2130 4202
2168 4523
2175 4220
2192 2193
2197 4572
2199 4774
1031 2209
2210 4966
2221 3086
2228 4393
2232 4711
2239 4466
2283 4030
1595 2285
2303 2304
2311 3688
2340 4918
2345 4772
2354 4696
2358 4733
2362 4980
2363 3977
2331 2369
2388 4649
2392 4056
2427 4060
2439 3559
2162 2447
2487 4071
2488 4509
1416 2499
2520 4460
2525 4980
2538 4599
2575 4878
2583 3557
2524 2592
2605 4329
231 2606
2608 4979
2622 4898
2646 4809
2659 4863
2661 4015
2711 4622
2715 4815
2762 4842
302 2781
2806 4980
2809 4786
2066 2816
2821 4467
2835 3914
2553 2836
2838 3024
2857 4711
2859 3086
2867 3740
2879 4944
2883 4030
2902 3218
2906 4961
2915 4062
2923 4648
2943 3978
2947 4622
2952 4424
1826 2965
2991 4989
2999 4937
3016 4007
3020 3986
2584 3021
3029 3400
3045 4979
3052 3945
3061 4979
3070 4980
1551 3073
3088 3143
539 3097
532 3098
3108 4936
3112 3594
1087 3128
3132 4889
3024 3148
3160 4933
3165 4988
3172 3659
3180 4954
1931 3187
1882 3203
518 3208
3211 3218
1590 3235
3239 4030
3247 4644
3251 4622
3256 3557
1308 3267
3268 4546
3275 4980
3294 4309
3310 4762
3323 4012
3307 3324
3024 3340
3364 3366
2067 3371
2557 3405
3408 4733
3436 4571
3449 4561
901 3461
3464 4988
3479 4559
3504 4980
3533 4988
3535 4561
3545 4109
3550 4988
3556 4289
3580 4990
3587 3588
3592 4588
3307 3602
1978 3607
3086 3612
3613 4219
30 3618
1276 3630
3642 3643
3646 4989
3648 3651
3658 4223
3661 4430
2676 3664
2556 3667
3541 3685
3024 3686
3684 3689
3307 3702
3703 3704
446 3718
3066 3737
3746 4980
3513 3765
3024 3766
3536 3774
3133 3780
54 3798
3751 3803
2201 3815
3829 4980
135 3830
3834 3836
3086 3837
3059 3847
1883 3858
3861 3912
3864 4030
3878 4045
1405 3884
2377 3900
3902 4822
2869 3906
3913 4012
3138 3919
930 3929
3557 3934
3431 3936
3937 4644
3938 4596
2981 3942
2970 3950
3960 3961
3962 4552
3820 3975
3980 4979
3095 3994
2067 4006
790 4017
2067 4019
3086 4020
1311 4021
3024 4036
4041 4194
1087 4046
2067 4057
4059 4843
3995 4073
3845 4083
4093 4575
4102 4900
4124 4403
4135 4322
4012 4138
3153 4153
4154 4980
1439 4165
4168 4172
4108 4192
2579 4198
4116 4200
4211 4561
4228 4632
1692 4246
4249 4662
4252 4980
4259 4873
587 4275
4284 4622
4012 4292
4295 4733
4209 4307
4315 4748
2089 4319
4333 4342
4343 4561
1041 4352
4353 4426
2972 4382
4174 4395
3953 4406
3494 4407
3289 4422
4378 4423
4446 4733
4462 4991
3289 4480
4487 4858
3289 4497
1135 4499
4094 4501
4514 4979
4535 4733
3797 4541
4555 4661
3557 4579
4581 4703
4270 4584
463 4592
3292 4603
3317 4614
4447 4616
4626 4631
2490 4637
2245 4638
4647 4664
4669 4733
3289 4671
4654 4678
4686 4831
4012 4692
4697 4701
4540 4715
2317 4734
4751 4780
3307 4753
4767 4988
3524 4768
4782 4785
2791 4811
4827 4879
4829 4988
323 4848
2977 4862
4216 4881
4883 4884
4142 4893
1807 4899
2518 4907
4553 4909
4930 4981
3991 4942
4374 4952
4956 4988
4857 4959
842 4962
4965 4988
476 4984
4679 4992
48 4897
80 4822
105 846
211 4944
401 4030
728 4030
760 4418
793 4012
881 2317
942 4840
943 4431
975 4980
1023 4622
1040 4979
1067 1614
1306 4451
1390 3298
1452 3521
1540 3707
1648 4999
1650 3414
1689 4571
1786 4030
1799 4844
1923 4869
1965 3930
1968 4979
2045 3636
1583 2129
2168 3930
2199 3824
2210 4861
2340 4870
2363 3930
2520 4354
2538 4336
2605 4657
2659 3515
2715 4979
2781 4674
2806 4425
2821 4976
2835 4676
2838 4998
2879 4622
2902 4972
1405 2947
2952 4864
2958 2965
2579 3045
3061 4321
1614 3172
3235 4561
3239 4026
3251 4876
3268 4561
3340 3918
3366 4733
17 3461
3504 4270
3556 4764
3557 3580
3588 4484
3612 4195
3618 4561
3664 4173
3667 4963
3685 4012
989 3746
3774 4898
3815 4825
3830 4561
3755 3837
3858 4801
3864 4980
3884 4622
3900 3901
3906 4622
2257 3913
3919 4311
1743 3937
446 3942
3966 3975
348 4017
4019 4559
1692 4020
4036 4784
3856 4046
4059 4173
3307 4073
4030 4093
4102 4874
2783 4138
1665 4168
4192 4469
4198 4979
4196 4200
4211 4358
2940 4246
4284 4560
4182 4292
4214 4295
4307 4610
4343 4348
4353 4980
4406 4765
2970 4423
4378 4446
4161 4462
2783 4480
4487 4561
4012 4497
4499 4733
4393 4501
4514 4733
4535 4979
4214 4541
3966 4555
4581 4733
2445 4584
4590 4592
4614 4682
4616 4988
952 4626
4637 4919
4664 4988
4214 4669
4671 4923
4678 4683
4686 4728
2783 4692
3812 4701
3307 4715
2970 4734
4752 4753
4782 4988
4673 4827
4829 4830
4409 4848
4862 4988
4881 4883
3870 4884
4891 4893
4622 4899
4907 4990
4909 4957
4620 4930
4942 4943
4952 4988
4945 4956
4959 4960
3517 4962
4984 4985
4988 4992
1390 4707
1540 4260
1648 4836
1650 4565
1923 4414
1968 4214
2045 4519
2340 4902
2605 4846
2835 4819
2902 4793
2952 4941
2965 3595
3045 4300
3172 4733
3235 3930
3556 4526
286 3884
4036 4306
4059 4306
4093 4980
4200 4854
3930 4211
4307 4891
3918 4406
4423 4622
4327 4446
4462 4598
3930 4487
2579 4499
3421 4501
4535 4932
4541 4733
4553 4555
4214 4581
4584 4922
4626 4979
4637 4944
2783 4686
4701 4988
4053 4827
4214 4848
3983 4881
2970 4899
715 4909
4942 4944
4945 4952
4169 4962
4984 4988
3796 4992
4307 4874
4406 4409
4462 4608
4404 4827
4733 4848
