29 3228
4383 4445
3495 4550
4450 4724
2052 4944
1407 3885
4599 4879
4006 4849
3497 4876
1819 4986
3406 3472
3090 3406
3367 4562
1035 3549
3052 4728
2916 3450
3647 4588
987 4401
1065 3454
819 3533
1770 4832
2355 4319
929 4600
4365 4400
3030 4243
2169 3469
734 3076
1231 4735
1432 4335
2687 3003
2899 4143
907 3905
2167 4149
3639 4469
4953 4992
4607 4660
174 4553
1578 3077
1253 4554
4349 4744
1060 3048
3590 4735
126 4252
1221 3868
1200 1611
4554 4664
428 1501
3052 3683
3590 3877
32 4660
4186 4446
3994 4711
1156 4756
3615 4064
2693 4680
1487 4817
4000 4599
2075 4833
2828 4910
1132 4832
847 4114
3580 4347
1305 1576
359 4553
766 4550
3724 4578
670 1903
1253 4849
2464 2776
1012 2721
3549 4672
3052 3868
4240 4274
1085 2631
312 3133
3357 3367
308 4149
4414 4564
3048 3230
3218 3856
2341 4982
4175 4676
3083 4953
1685 3245
440 4383
3015 3022
1113 3659
1824 2709
2525 3002
3170 4996
1748 2992
2177 3394
3450 3529
203 4910
2238 2535
1770 3938
2535 4446
106 2525
1670 3345
1415 4681
1074 4343
4711 4717
3519 4400
2701 4562
542 4912
1085 3365
410 1714
3289 4414
503 1770
4175 4604
1598 3868
4414 4636
1515 3419
3419 4681
3295 4735
2132 4833
4343 4347
575 4746
1130 4450
1551 4849
2499 4728
1770 3781
1524 4022
1120 3795
1141 4604
3357 4415
1770 4953
2042 3172
4553 4676
2273 3722
2607 4379
3289 3647
1941 4599
3002 3529
427 1021
909 1309
3052 4681
271 2959
734 4876
436 1012
542 4599
76 3461
2977 4735
2959 4300
3352 4851
115 1756
3468 4409
1713 3180
4406 4600
3410 4837
4735 4827
2937 3138
2177 4628
312 4616
809 4603
3365 3531
3846 4746
914 1819
3807 4469
2701 3008
1871 4365
1229 2478
2460 4680
3091 4837
3435 3511
3225 4832
2197 3007
237 2450
914 4274
2607 3533
3170 4143
3079 3618
3172 3659
3908 4523
215 1523
4677 4879
4022 4349
427 4879
2438 2636
3519 3531
3659 3670
2808 4588
980 3908
3074 3908
131 2542
282 4274
1529 3228
3083 4415
3079 4604
3245 4553
2075 4992
2076 3345
2804 4158
1578 3608
1164 1372
912 4178
3450 4597
2736 4554
3090 4879
3846 4735
809 4817
1598 2736
1824 3639
766 4684
571 3905
126 4000
1928 4684
1108 4415
1024 3864
482 3435
4291 4737
1130 4409
1568 3781
701 4944
3699 3871
1523 4721
2636 3558
3497 3529
4415 4721
2167 4724
4636 4684
3615 3808
2912 3030
1537 3724
1326 3705
4104 4564
727 4519
2062 4744
3703 4594
1156 3497
485 1164
2631 3814
801 4616
3615 4578
4400 4953
979 4639
32 4597
3228 3531
929 2125
2123 3295
2240 4588
3956 4499
2631 2740
408 4680
1966 3218
4446 4450
670 3807
162 3549
3539 4370
1113 3685
117 3868
1903 2499
2240 2509
721 4698
1761 2636
1780 3007
2076 3874
3030 4996
30 4432
1216 3519
586 4186
1524 2725
1561 4737
4578 4600
2778 4379
1073 3580
2607 3618
4550 4664
1909 4910
4175 4348
586 3416
1933 4446
2209 2912
2769 3026
430 3365
484 3218
3007 4179
4240 4616
1940 4764
1065 4414
1407 3139
3435 4684
1031 1460
1151 4744
2385 3814
2808 3218
1120 3539
4599 4681
3454 3690
1527 2977
2140 4186
4450 4462
3367 3406
689 3795
830 4832
2975 4114
886 1882
615 1587
3495 3781
3032 4406
2544 4523
1231 4365
2248 2808
3659 4837
1920 3379
2463 2478
1587 3781
2125 4744
4296 4335
1551 2806
2746 4603
346 3905
1772 4851
1576 2804
4349 4470
3048 3987
146 2959
930 4117
2541 4143
4000 4455
2292 4349
1844 4102
1151 4564
3794 4446
3519 4365
1913 4724
2333 3022
30 4347
4186 4252
1482 4910
571 3077
3508 4944
3450 3930
698 4982
2397 4383
2937 4986
1206 3076
4347 4519
2125 3295
4432 4728
2238 4986
1358 3078
4677 4698
1151 3778
1348 4884
2460 4876
1913 3580
1819 3450
1339 4724
2003 4467
482 4884
3214 4006
1035 1665
237 4499
1482 2298
3133 3289
1611 3026
60 2776
941 4523
830 2746
3570 4684
1503 4243
910 920
2132 3079
2701 3367
2062 4672
3410 4744
3490 3497
1031 2727
328 4756
1593 4450
2725 4636
560 2392
3994 4300
455 2146
573 1168
1735 4684
2628 3357
2916 4178
3570 3864
982 1104
982 4616
1928 4827
1487 4240
3239 4672
1206 4664
3705 4274
2301 3670
3454 4607
1400 3905
405 2801
3590 4876
390 773
3435 4849
1754 4628
1305 3078
3026 4467
3581 4953
2238 3026
60 2169
979 4724
162 4912
4324 4550
3469 4910
1824 4499
1108 3594
3268 3703
1909 4523
2380 4944
2292 4175
1407 4455
4728 4817
879 4414
126 3170
2123 3938
668 4175
1442 4876
4554 4756
2122 4986
1913 3938
2342 2636
4944 4953
4564 4986
1611 4017
1939 2076
3143 4832
4817 4832
146 2478
4450 4660
4158 4406
2273 4744
3766 4562
4348 4992
686 4724
4243 4628
1372 4243
38 2606
3003 4119
1206 1593
4676 4711
2003 4348
2402 4851
399 4178
1767 4348
3794 3871
1611 2450
407 4114
3846 4851
3519 3719
4104 4119
674 3007
4470 4986
3791 3807
576 2801
886 3026
1164 1867
1395 4064
2146 4676
2341 2525
4114 4470
1928 3435
3690 4243
982 2384
4553 4594
4982 4992
847 4728
2392 2535
4349 4414
773 3239
1099 4982
1146 1339
1568 4104
1711 4672
3061 4744
2721 4677
3930 3943
2125 3722
2525 4240
3580 4639
2727 4103
4639 4717
2075 4516
3590 4944
3356 3410
192 437
1341 4616
3289 4178
3143 3719
430 4379
1711 4996
2959 4982
3250 3670
1021 4594
2122 4324
4553 4992
3410 4149
2899 4117
3379 4383
128 565
174 4677
229 4432
1772 2811
4104 4992
2746 2812
174 2607
3472 4186
2709 4851
2783 3356
4252 4817
2298 4982
1035 3267
1415 3943
1493 4717
2977 4628
3026 3533
1104 4607
941 1561
1713 2636
3079 4586
3139 3581
3618 4728
1021 3290
3791 3994
689 2978
4149 4944
1541 4348
2392 4347
1024 4664
2542 2808
10 4470
3990 4383
2714 4827
2516 2773
553 4996
1913 4450
2978 3406
1824 4349
1587 2783
857 4414
2003 3987
758 1062
1748 4603
3611 4600
3778 4660
2123 3808
865 4837
1882 3719
3699 3719
4150 4721
2978 4944
3943 4684
2475 4681
4202 4243
1168 2402
1793 2340
3015 3367
4717 4879
1772 3090
792 3640
1754 2475
801 4553
2912 4516
1084 3994
1501 3705
4409 4594
1229 3365
2003 3434
1192 4879
598 3074
1253 2438
1754 3030
2451 3077
1688 3170
1871 2471
3472 4851
3268 4680
2435 4992
408 2937
3039 4660
131 4324
1973 3608
410 4462
4104 4737
4450 4639
1493 4319
2773 3039
2340 4833
4158 4600
819 3688
3683 3874
2631 4986
390 4550
388 2693
3990 4411
1042 2687
3394 3994
3688 4910
3061 4672
1192 4179
1084 4628
1031 2736
1770 3647
1164 2146
2699 3472
1104 3647
1395 4006
982 1326
3640 3874
1358 4343
746 3778
1164 4628
1372 4202
3008 3219
1548 4594
430 1487
399 3983
1621 2072
4607 4677
1939 4603
1761 4335
2808 3022
2517 3590
2332 3558
440 3091
3618 4178
3143 3908
4833 4837
3640 3683
3690 3994
2456 4117
3295 3807
1402 4879
3956 4406
3068 3956
3218 4550
1987 3558
3990 4445
32 4158
1780 4849
4149 4411
4319 4335
3519 4411
1909 4996
3877 4737
2438 2801
3076 4737
746 4252
3295 4383
1161 3290
1713 3410
2525 4274
1120 4335
1511 4677
1394 4744
3003 3778
4324 4414
543 929
3133 3419
1255 4672
455 3814
1748 3871
4469 4744
2806 4467
2801 3608
3180 4676
2912 4833
2916 4764
30 128
1042 3468
3639 4401
2169 4370
3091 4721
97 3615
231 2977
383 4467
682 4944
3807 3994
4343 4365
29 3419
46 4022
482 3495
1146 2773
3219 3871
4599 4953
1847 4746
1504 3214
215 4150
1670 4554
2123 4383
282 1641
727 2240
3611 4616
3938 4143
698 3699
3077 4274
920 1156
1164 4445
2975 3461
3228 3611
4103 4636
4324 4597
3026 4597
203 3864
1444 4578
440 2464
643 4603
2052 4158
1504 2861
1161 4400
3990 4735
515 3685
1141 4175
2808 4445
3450 4884
4291 4365
1348 4672
1523 2076
987 1395
1884 3766
4240 4348
2812 3874
1419 2945
3002 3846
744 3406
758 3394
192 4149
686 4639
2992 3172
2541 4516
3022 3250
2397 4992
4604 4833
1348 4664
793 3618
484 4735
1501 4837
1113 2769
830 4469
1529 4383
710 3511
1042 3061
2169 3139
3529 3864
4628 4910
3549 4347
2811 4851
1754 3048
2725 3549
1419 2916
930 4744
2692 3076
3519 4837
4000 4728
1073 4450
4064 4554
3864 4684
3068 3345
2471 3533
1192 4884
1767 2435
573 4179
2959 4586
1297 4660
2140 2240
2380 4400
1844 4817
3508 4603
2509 3533
1287 1402
4523 4744
3533 3983
312 4677
410 3356
2811 3143
4588 4735
3225 4724
3994 4202
1091 1735
4467 4746
3724 4102
879 4746
1593 2042
1847 4603
792 4064
4523 4737
126 2992
1748 4744
3490 3611
3826 4564
265 4519
3461 4415
734 3791
1649 4600
1928 3495
1049 3461
761 4992
3703 4102
3874 4944
746 2692
2197 4324
1711 4104
865 4550
408 2570
4499 4680
3674 4698
2385 4554
1132 4499
1844 2301
2248 4499
1867 4746
2769 3943
766 3874
3581 4470
3699 4409
346 4876
3356 4550
1987 4175
1239 3856
3808 3930
3529 4884
744 4684
4536 4849
2240 3406
4445 4735
4616 4992
2146 2804
1229 1394
3022 3670
3766 4365
106 1767
157 2132
131 3435
1933 2134
3061 3983
1925 4837
2146 2332
2975 4588
830 4300
2740 3639
758 2392
3138 4833
1257 4523
721 1873
1656 3434
1871 4017
2541 4832
2003 4607
3139 4600
1772 3930
2517 4600
2380 4910
4414 4832
1767 4737
115 4711
573 4660
4240 4578
4114 4986
1933 2812
3908 4022
2945 4000
2460 4562
3943 4550
2783 3877
2292 4833
2861 4986
482 4470
734 4664
3690 4681
192 3861
372 4728
4296 4684
1108 3138
1576 4406
3724 4499
4876 4996
3659 4379
670 2899
1419 4600
4296 4827
1422 4578
4469 4628
560 4291
1548 1635
2177 4300
4411 4462
3670 4876
2134 2607
615 2450
1400 3352
1639 2123
3511 3795
1665 3139
3410 4411
1326 4737
4291 4681
2699 2776
1504 3511
408 4401
282 4832
3256 4102
162 4832
2541 3826
3580 4717
1933 4639
2341 2662
3128 4986
192 4876
46 4986
4660 4676
3590 4680
1432 4944
809 4599
3808 4432
1568 4470
1537 3068
1647 4240
1309 4746
2450 3218
29 2693
2134 3808
4462 4586
2090 3722
886 4516
1587 3468
2090 3357
4104 4411
2701 3885
3611 4536
388 1871
575 2021
40 4499
1257 4639
407 4827
2292 2541
270 3868
271 4827
2076 4746
4450 4992
3138 3885
3868 4756
4588 4982
2736 3180
4300 4628
1925 3856
4186 4450
4114 4944
1402 2341
3077 4469
2769 3435
2449 2814
3225 3724
563 2828
4664 4717
3814 4944
1400 4349
3239 4000
3490 4370
2478 4996
3245 4550
1875 4912
1503 2392
4594 4681
3250 4414
3472 4006
1940 4150
4672 4698
229 3416
4680 4756
4348 4578
2075 2916
773 1847
2380 4982
3856 4401
1442 2460
3580 4462
2746 4684
792 980
3791 4202
87 4992
3230 4243
4607 4636
2628 3079
2945 4406
346 4672
3394 4469
912 1057
485 4149
819 4470
914 2076
265 3495
3807 4104
1074 2169
534 3724
3497 4680
1621 2167
2392 3267
1085 3685
4414 4827
3133 3239
3549 4735
1635 3410
643 4681
2541 3079
3450 4324
2776 4672
3125 3885
3885 4833
1873 4851
2273 2371
4102 4103
2806 4406
3061 4150
2248 3990
1442 2132
2021 4578
1748 1847
4406 4664
3139 4833
571 4300
38 4149
1511 2899
1941 4721
399 4698
3618 4721
3030 3885
3345 3434
1231 1438
1257 1641
115 3083
4446 4717
3061 4469
4343 4607
87 4149
2090 3419
484 3519
4291 4817
3549 4721
29 4519
2385 3699
2464 4672
689 3938
979 3128
2721 4728
865 3885
229 3008
2449 4401
2090 3394
1714 4680
3529 4684
3531 4944
4536 4553
3724 4737
390 1867
3867 4676
1639 2570
4523 4879
1711 4837
1884 3539
3469 4348
3076 4324
3581 3674
3766 3861
382 3905
2451 3410
3766 4603
3007 3345
4409 4827
2273 3068
3228 4554
1339 4953
1576 2814
1772 4274
2333 4119
930 4910
2542 3938
1031 4756
3090 4470
3611 4335
879 4604
412 3074
2384 4379
3230 4764
907 3867
203 428
2122 4553
1939 3590
1206 2636
3826 4827
193 4676
1780 4519
4450 4470
3170 3394
1986 4335
1920 2371
4291 4698
1309 4986
3225 3864
1635 2721
1966 4274
3558 4586
2517 4383
4409 4724
3139 3728
3539 4746
3007 4764
1268 3647
128 3256
515 4660
1091 2662
2699 3352
1541 4578
2125 4523
3570 3670
115 4179
1770 3219
3022 3468
3791 4849
3795 4616
3461 4319
399 3128
1641 2542
2727 3930
131 4202
4000 4681
2402 4837
2042 2072
1665 4600
237 1655
157 4562
2631 2937
3807 3990
4536 4588
3867 4744
515 4017
1884 3908
2811 4827
2714 4735
3008 4432
3172 3228
1239 2385
1665 3885
3052 4677
4103 4817
3856 4462
4717 4724
4550 4910
3245 4664
3570 4553
3026 3570
346 4851
2475 4519
575 4550
3581 4252
1772 2912
2714 3990
157 4516
1460 4143
2140 4102
3639 4202
347 2471
980 3461
1438 4455
4432 4912
1049 4735
10 3724
1714 2727
2371 4104
4411 4837
4604 4677
3987 4607
1422 4607
3026 3778
405 4597
1882 4884
2937 3128
2714 4680
157 3608
1593 3864
596 3435
4724 4992
3905 4243
2456 2701
2709 3659
1444 3874
2773 4711
1206 2517
674 4467
698 2292
1395 2460
1875 4006
2397 3379
1432 4379
543 4017
2209 3983
4186 4639
761 4000
1593 4379
2248 4348
2342 3674
598 1824
2385 4594
3508 4876
1761 4944
1395 4728
3558 4884
3856 4982
2075 4996
2778 4017
3290 3728
3078 4912
359 3861
2606 4746
2463 3497
265 2773
565 4553
2449 4117
3172 4343
3450 3688
2397 4717
4450 4717
3659 4114
2975 4383
2811 3670
537 3531
670 2397
3365 3640
1035 3508
4817 4953
1161 3076
753 3930
4728 4737
3290 4536
643 761
1287 3674
3618 4564
2692 2701
3468 4594
436 979
1074 1493
2384 4240
2238 4175
1884 4604
3030 4202
2341 4996
312 4252
3008 4724
1903 3454
575 4879
410 4680
598 2197
3003 4370
2828 4178
1537 4681
1713 3994
3814 4986
1748 2769
565 3214
1515 3367
2937 4944
1309 4114
372 4291
3015 4347
2062 4953
3943 4324
746 1432
1297 1493
693 4728
2449 2451
3268 3450
2125 4349
693 3558
3077 3905
4252 4698
4586 4604
4064 4348
2240 4022
2544 3908
879 4756
643 4343
3079 4833
576 4274
793 2240
174 4698
3295 4536
3472 3867
87 4827
2714 4243
1511 1527
3581 4711
3511 4586
4446 4884
146 4996
1598 3133
701 4300
4022 4744
3807 4660
1049 2499
1986 4179
1611 4450
1973 4252
1503 3002
3983 4996
3052 3690
1221 3639
405 3570
162 4499
146 4409
1132 3219
40 4827
1442 3908
543 3594
1515 2509
410 4379
2449 4519
1524 2783
2296 4996
408 3885
3367 4721
2177 4523
503 3795
4599 4677
1326 2355
2402 3659
3519 4379
1268 4455
3077 3994
2628 2783
2721 4000
3468 3670
382 4335
2072 4445
1255 3143
2977 4676
3289 3290
4636 4660
2296 4672
2075 4764
2301 4519
2451 3078
1461 3511
3469 4400
543 3003
2812 3983
1012 2332
1402 1735
2197 4711
1819 4348
97 4117
3239 3267
668 4516
4698 4728
1940 4415
2146 2475
910 3724
3490 3618
2606 4319
2463 3943
4415 4953
1576 3867
1168 3864
270 4432
4017 4604
4597 4603
1655 4411
3003 4319
2806 4319
1867 3846
3345 3987
1442 1867
1986 4554
1042 3495
721 3639
1824 4149
1621 1793
3539 3781
1767 2340
271 4102
193 3228
1341 3846
2801 3690
282 4764
3615 3938
3807 3905
596 3885
347 1655
1873 4586
3435 4982
1402 4837
1261 4296
3434 3674
947 4992
76 4616
2088 2916
2783 2812
1537 3705
383 3214
909 4879
1523 3611
1062 3225
1287 4432
4664 4684
1341 1358
3076 4884
1268 3728
3778 4912
792 4103
1060 3461
1348 3570
2740 4564
1261 4837
912 4737
1394 3987
4400 4409
3379 3410
2197 3861
746 941
2814 4764
3290 3877
2783 3861
3674 4953
3091 4604
1939 3938
3379 4409
606 3416
1656 4553
2606 4202
1920 3225
3807 4243
46 4114
1206 4986
3791 4469
1339 2342
2861 3728
2662 4728
427 2296
2687 3125
4365 4735
3905 4597
1084 2525
2516 3230
3256 4676
2899 3938
1074 2003
3868 4462
3138 4175
2088 3558
2945 3808
1073 4910
1527 4409
1548 3867
682 2631
1688 2341
3039 4912
3406 3533
1021 1548
3138 4516
2570 4744
3289 4912
3133 4735
689 3703
437 909
710 4910
1482 2814
2471 3091
1099 4698
4681 4728
4588 4744
1444 4764
1873 4455
1657 4536
2725 2899
117 4446
606 682
847 3688
857 4564
1871 4851
689 3688
3885 4516
2714 3228
2296 4728
1884 4186
4553 4851
2992 4415
2355 4347
2456 3289
3497 3807
1442 2693
4186 4717
1438 4717
2693 3039
947 3079
1639 4550
920 4837
2298 4639
4446 4639
3722 4022
193 766
4684 4884
2746 2806
3728 4599
3639 4628
3219 3490
615 3472
3454 4383
1844 3091
1793 4103
2140 3794
3074 4744
4300 4851
2435 3608
2912 3125
2783 3719
3138 4179
1060 2916
563 2692
3472 4296
3225 4992
947 1461
2464 3239
3531 4347
1141 3079
3871 4832
2714 4588
38 4837
4252 4677
3214 4401
412 1444
1903 4756
1216 3795
3180 4401
1735 3435
2607 3214
3052 4599
1986 4851
2146 4499
4370 4817
3077 4243
1655 3861
753 4470
4000 4586
390 2449
3791 4300
372 3808
2088 4764
440 4586
4274 4737
3549 3558
2475 3461
3570 4664
2542 4536
10 4737
1537 4348
3594 4150
4446 4455
2544 4849
1966 4817
312 4680
3590 4554
2541 4603
537 2778
1529 4616
1551 3856
1925 4383
3868 4849
3267 4672
3143 4600
436 4562
1756 3864
1168 3345
3454 4411
4119 4728
2769 4324
3495 3529
193 4912
430 4114
3688 4639
4252 4884
4274 4348
4550 4684
3590 4912
766 4717
2509 3435
3930 4756
4064 4562
1012 3003
710 4370
4000 4462
2134 2992
4445 4536
3078 4150
2088 4379
3943 4680
2298 3032
3938 4639
693 4252
4383 4536
3808 4554
2959 4910
3078 4432
4178 4550
1793 4383
1909 3674
2692 3647
1057 3640
2248 4588
270 3032
2435 4446
1713 4415
3030 3826
701 3267
2978 4879
162 4827
3615 4554
4910 4982
847 4982
3461 4536
1461 3519
3594 3867
2385 4409
4599 4698
4698 4817
4516 4833
346 3352
97 3090
3250 3728
2662 3170
543 1657
1482 3133
979 4597
4467 4550
3688 4588
4837 4912
4628 4636
3647 4724
987 4578
1649 3685
1987 3469
1482 3608
760 4578
760 4684
1104 3015
3581 3690
910 4379
3519 4119
1146 4365
3143 4744
3529 4876
2542 3295
3172 4553
2541 3139
412 3703
537 4536
1541 3180
3357 3640
1873 3472
4717 4992
4291 4677
793 3268
537 4455
930 2570
1561 3290
2687 3416
979 4717
689 4349
2499 4817
1024 4764
3410 4406
3670 4664
1541 3558
2134 2828
308 4104
920 4746
3128 4639
865 1986
3956 4409
930 4607
1084 4202
3674 4764
2628 3683
3794 4415
3245 4884
912 3724
1933 4717
1793 4944
3495 4664
3690 3705
482 1261
979 4746
4597 4884
3987 4711
912 4406
436 4467
4639 4724
686 2978
1647 2384
2355 4744
117 2292
2570 3230
2806 3170
3722 4523
809 4291
2687 4406
792 3256
2122 4884
231 4849
534 4006
1297 1422
615 3683
231 4588
1875 3994
1504 3416
3225 3719
4335 4851
1523 4616
1657 4445
3808 4756
4186 4599
2333 4884
3022 3611
4179 4300
40 4103
3068 3143
359 2959
1062 3580
1986 4296
2736 4744
761 1057
1578 4756
4681 4953
830 3905
3367 4335
3943 4664
534 4677
1756 3983
2516 3356
2301 4462
2804 4912
2475 4746
2132 3256
3990 4588
1200 4986
1407 4833
1541 4446
1685 2746
2727 3808
3379 3877
1156 4150
1447 4721
847 4910
1665 2912
1239 3239
3225 4450
4432 4499
3468 4597
4455 4660
4446 4724
615 4721
553 3367
3531 3685
4347 4597
1973 2662
3581 4698
4117 4879
4102 4104
2450 2607
1132 4178
1339 2052
1229 4158
912 3469
3856 4562
2516 4243
3076 4664
2811 3352
3008 4912
3990 4006
405 3032
1503 3549
4469 4986
2075 4175
1460 2209
4348 4681
1447 3722
328 4817
1621 4401
2727 3868
2332 2340
2384 3594
3905 4300
4446 4992
4240 4737
3032 4536
10 3141
29 2754
30 3875
32 2931
38 4841
40 3761
46 4501
60 3160
76 4337
87 3428
97 2832
106 4041
115 2235
117 4945
126 4809
128 4790
131 2299
146 2710
157 789
162 4925
6 174
192 3512
193 4420
203 4197
215 4751
229 4239
231 1499
237 4878
265 4354
270 4976
271 4533
282 2923
308 4487
312 4989
328 2671
346 3691
347 4608
359 4948
372 3940
382 1271
383 4084
388 4552
390 4841
399 4659
405 4943
407 3875
408 4801
410 4454
412 3179
427 4645
428 4797
430 4770
436 3280
437 4741
440 3544
455 4640
482 4641
484 2586
485 4690
503 4804
515 4200
534 4524
537 4288
542 4254
543 4882
553 4757
560 4402
563 3679
565 4030
571 4877
573 4771
575 2444
576 4577
586 3246
596 4853
598 4458
606 4888
615 2658
643 4821
668 4976
670 4965
674 4377
682 4431
686 4047
689 4904
693 4689
698 3954
701 3734
710 4968
721 4955
727 2462
734 1220
744 3601
746 4945
753 4841
758 4332
760 4062
761 4964
766 4510
773 4280
792 4959
793 4855
801 4012
809 4966
819 4192
830 4924
847 2291
857 4896
865 4932
879 2256
886 3886
907 2426
909 3162
910 4626
912 4374
914 4328
920 4545
929 4443
930 3440
941 4829
947 4208
979 4614
980 4256
982 4260
987 4981
1012 4410
1021 1427
1024 3554
1031 4729
1035 4771
1042 4718
1049 4209
1057 3398
1060 4059
1062 4166
1065 2562
1073 4392
1074 2319
1084 4732
1085 4868
1091 2331
1099 4297
1104 1357
1108 2116
1113 3220
1120 4770
1130 3137
1132 4963
1141 4336
1146 4357
1151 4098
1156 4705
951 1161
1164 2534
1168 4779
1192 4633
1200 4683
1206 4673
1216 4922
1221 3669
1229 4923
1231 4430
1239 4965
1253 1929
1255 4770
1257 4315
1261 4176
1268 3739
1287 4468
1297 4526
1305 4392
1309 1938
1326 3958
1339 4220
1341 4191
1348 4473
1358 2602
1372 4928
1394 4292
1395 3649
1400 4539
1402 4229
1407 3827
1415 4054
1419 2106
1422 3283
1432 3506
1438 3433
1442 2965
1444 2647
1447 4939
1460 4974
1461 4037
1482 4864
768 1487
1493 4350
1501 4727
1503 4325
1504 4311
1511 4877
973 1515
1523 3062
1524 4952
1527 4875
1529 4140
1537 4878
1541 4641
1548 4304
1551 3936
1561 4359
1568 4008
1576 4970
1578 4334
1587 4163
1593 4793
1598 4303
1611 4757
1621 3247
1635 4305
1639 4725
1641 4708
1647 3932
1649 4758
1655 4691
1656 4805
1657 4590
216 1665
1670 4963
1685 4693
1688 4919
1711 4900
1713 3823
1714 4256
1735 4389
1748 4870
1754 2579
1756 4943
1761 4602
1767 1889
1770 2121
1772 3682
1780 4856
1793 4644
1819 4695
1824 4174
1844 4059
1282 1847
1867 2244
1871 4579
1873 4966
1875 2815
1882 3145
1613 1884
1903 4040
1909 4232
1913 2609
1920 4870
1925 4573
1928 2822
1933 3758
1939 2966
1940 4816
1941 4509
1966 4471
1973 4129
1986 3944
1987 2513
2003 3889
2021 4363
2042 4443
2052 4909
2062 4940
2072 2408
175 2075
2076 4473
2088 3120
2090 4637
2122 4258
816 2123
2125 3843
2132 2427
2134 4977
2127 2140
2146 4831
2167 3474
2169 4589
2177 4923
2197 4472
2209 3852
2238 4280
2240 4787
2248 3235
2273 4622
2292 4889
2296 4209
1991 2298
2301 2790
2332 3829
2333 4637
2340 4972
2341 4160
2342 4718
2355 3658
624 2371
2380 4857
2384 4437
2385 4266
2392 4977
2397 2925
2402 4510
2435 3710
2438 3692
2449 4121
2450 4720
2451 4539
453 2456
2460 3796
2463 4532
2464 2976
2471 3948
2475 4967
2478 4940
1886 2499
2509 4966
2516 4993
2517 4171
2525 4442
2535 4513
2541 4051
2542 4829
2544 4526
2570 3796
2606 4670
2607 4157
663 2628
2631 2641
2636 4886
1575 2662
1698 2687
2692 4763
2693 3324
2699 3465
2701 4204
2709 3789
2714 2747
2721 4748
2725 4716
2727 4805
2736 3888
2740 4862
2746 2838
2769 4280
2773 4581
2776 4587
2778 2891
2783 3213
2775 2801
2729 2804
827 2806
2808 3769
2811 4824
2812 4390
2814 4816
2828 3733
2861 4904
2899 4495
2912 3462
2916 4108
2937 4987
2945 4781
2959 4433
1052 2975
2977 3927
1948 2978
2992 4739
324 3002
3003 4674
3007 4864
3008 4188
3015 4713
3022 4513
3026 3168
3030 3568
1763 3032
3039 4929
3048 4943
3052 4740
3061 3065
3068 3069
3056 3074
3073 3076
3077 4914
3078 4943
3079 4841
3083 4960
3090 3878
3091 4994
3125 3736
3128 4929
313 3133
3138 3833
3139 4389
1389 3143
3170 4846
3172 4613
2190 3180
3214 4789
3218 3969
2993 3219
2069 3225
3228 3774
3230 4943
3239 3477
3245 4858
3250 4808
3256 3548
3267 3285
3268 4778
3289 4606
3290 3751
3295 3595
3345 3800
3352 4145
3356 4385
3357 4803
3365 4840
3367 4839
3116 3379
2712 3394
3406 4610
3410 4765
3416 4185
1357 3419
3434 4371
3435 4242
3450 4106
2497 3454
3461 4184
3466 3468
3469 3853
3472 3997
3490 4419
3495 4501
3497 4172
3508 4497
2554 3511
3445 3519
3529 4745
3531 4579
3533 3563
2256 3539
2735 3549
3558 4971
3570 3875
3580 4838
3581 4946
3590 4812
3594 4483
3608 3630
3611 3996
789 3615
3618 3752
3639 4634
3640 4712
1125 3647
1814 3659
3670 4359
3674 4865
3683 4359
3685 4021
3688 3954
3049 3690
3699 3797
3703 4255
3705 4483
2722 3719
3722 4809
3724 4140
3728 4780
1917 3766
3778 4886
1397 3781
2457 3791
3794 4277
3795 4942
3807 4780
3808 4316
2513 3814
3826 4050
2187 3846
3856 3919
3861 3964
3864 4572
3867 4980
260 3868
3871 4667
3874 4396
3449 3877
3885 3948
3905 4948
2203 3908
3930 4500
3938 4484
998 3943
3956 3986
3786 3983
1855 3987
3990 4575
2810 3994
3130 4000
4006 4939
3978 4017
3757 4022
4064 4856
4102 4939
4103 4934
1710 4104
3418 4114
4117 4529
4119 4454
3442 4143
3527 4149
2255 4150
2887 4158
4175 4797
4178 4739
4179 4683
1956 4186
4202 4896
4106 4240
3518 4243
4252 4842
2159 4274
4291 4773
4296 4723
2794 4300
3443 4319
4324 4475
1330 4335
4343 4966
4347 4742
4348 4808
3692 4349
1752 4365
4370 4914
4379 4691
4338 4383
4155 4400
4401 4934
3951 4406
3392 4409
4411 4720
4137 4414
4415 4638
4432 4901
2587 4445
3554 4446
3254 4450
3588 4455
4462 4847
4110 4467
2836 4469
4107 4470
3784 4499
4516 4772
135 4519
3892 4523
4278 4536
4363 4550
2085 4553
180 4554
4562 4787
2085 4564
4578 4974
4586 4971
3927 4588
2901 4594
4597 4825
3171 4599
3526 4600
4603 4880
3933 4604
4607 4976
2395 4616
4628 4983
4567 4636
4639 4658
4644 4660
3924 4664
4612 4672
2816 4676
3227 4677
4215 4680
3897 4681
4684 4956
2941 4698
2550 4711
3029 4717
4305 4721
4724 4935
2824 4728
3655 4735
4737 4862
3763 4744
4661 4746
3499 4756
4764 4774
4817 4828
1475 4827
4657 4832
1923 4833
1910 4837
1736 4849
4851 4916
4866 4876
4879 4956
2827 4884
4613 4910
4902 4912
4035 4944
2970 4953
4476 4982
3889 4986
4580 4992
4509 4996
10 4834
29 3369
30 4624
32 3423
38 3951
40 3716
46 4085
60 4288
76 4568
87 4371
97 2503
106 4674
117 2855
126 3633
128 4060
131 4456
146 2180
157 4640
162 4619
174 4976
193 486
203 4963
215 4821
229 2874
231 3380
237 2472
265 4124
270 3636
271 4825
282 4555
308 4060
312 3187
328 4613
346 4061
347 4534
359 3494
372 2888
382 3237
383 4980
388 4805
390 4328
399 4054
405 4909
407 878
410 4203
427 4309
428 3506
430 4591
436 3992
437 3110
440 3319
455 4923
482 3437
484 4773
485 2723
503 4976
515 4448
534 4964
537 3787
542 659
553 4215
560 4782
563 4244
565 1795
571 4972
573 4853
576 1977
586 4632
315 596
598 4047
606 4882
615 2562
643 3671
668 4486
670 3309
674 4891
682 4067
686 4534
693 1998
698 4927
701 4055
710 3018
721 4514
727 4207
734 4816
744 4378
746 4367
753 4802
758 1342
760 4426
761 4095
766 3931
773 4878
792 3979
793 4734
801 2825
809 3839
819 2201
830 4736
847 1383
857 4058
865 4629
879 4590
886 4097
907 2112
909 3368
910 4934
912 3820
914 4883
920 3208
929 4994
930 4949
941 953
947 4889
980 4269
982 2466
987 4342
1012 2790
1021 2949
1024 4875
1031 3780
1035 3927
1042 4619
1049 4609
1057 4938
1060 4001
1062 4585
1065 4418
1073 4859
1074 3979
1084 4880
1085 3850
1091 4885
1099 4301
1104 2064
1108 2000
1113 4224
1120 4539
1130 3961
1132 4916
1141 4742
1146 3742
1151 4678
1078 1156
1161 3820
1164 4780
829 1168
1192 4864
1200 4226
1206 2025
1216 4058
1221 4994
1229 2010
1231 4924
1239 4376
1253 4529
1244 1255
143 1257
1261 4762
1268 3361
1287 4581
1297 3121
1305 4777
589 1309
1326 4559
1339 3171
1341 4396
1348 3510
1358 3904
1372 3678
532 1394
1395 3835
1400 4861
1402 2958
1407 4830
1415 4911
1419 4089
1422 4840
1432 4579
1438 4984
1442 3597
1444 3588
1447 4877
1460 3695
1461 3491
1482 3954
702 1487
1493 4898
284 1501
1503 4761
1504 4377
1511 4228
142 1515
1523 4352
1524 4938
1527 4003
1529 2110
1537 4932
1541 4488
1548 4572
1551 4720
1561 4525
1568 4830
1576 2879
1578 4688
1587 4108
1593 4208
1598 4899
1611 4490
1621 4016
1635 3040
1639 4166
1641 3845
1647 3625
1649 2491
1655 4031
1656 4601
1657 1895
1665 4722
1670 4190
1685 4609
1688 4413
1711 4704
556 1713
1714 2894
1735 4176
1754 4869
1756 4865
1761 4896
1767 4722
1770 4880
1772 3260
1780 4437
1793 3282
1819 4700
1824 2964
1844 4781
1847 4528
1867 4551
1871 2846
1873 2580
1875 4981
1882 4395
1884 4776
1903 4135
1909 4430
1913 3635
1920 4937
1925 4772
1928 4476
1933 4507
1939 4265
1940 2351
1941 4801
1966 4099
1973 3573
1986 4955
1987 4286
2003 4755
2021 4328
2042 4571
2052 4454
2062 4283
2072 4701
2075 4651
2076 4269
2088 3630
2090 4514
2122 4950
2123 2760
2125 4697
2132 4824
2134 4800
2140 3805
2146 3455
2167 2220
2169 3947
2177 4791
2197 4993
2209 4266
2238 3955
2240 4850
2248 4896
2273 4779
2292 4949
2296 4363
2298 3292
2301 4916
2332 3720
2333 3053
2340 4763
2341 2877
2342 3589
2355 4669
2371 4872
2380 4870
2384 3093
2385 3732
2392 3878
1574 2397
2402 3546
2435 3229
2438 4915
2449 3332
1934 2450
984 2451
2456 4850
2460 2598
2463 4880
2464 4238
2471 3918
2475 3502
2478 3373
2499 3130
2509 2533
1337 2516
1316 2517
2525 4810
2426 2535
2541 4329
2542 4246
2544 4840
2570 4638
2606 2711
2607 4192
2628 4896
2631 2668
2636 3411
2662 4227
2687 4618
2692 4508
2693 4836
2699 4685
2701 4890
2100 2709
2714 4132
2721 4769
2725 4188
2727 4776
2736 4247
2740 4796
2746 4649
2769 3810
2773 3179
2776 3988
2778 4476
2783 4985
2801 4218
2804 4534
2321 2806
2808 4156
2811 4654
2812 3849
2814 4393
2828 4126
2861 4394
2899 4233
2912 4447
642 2916
2937 4995
2945 4544
1916 2959
2975 4745
2973 2977
2978 4914
2992 4620
3002 4816
3003 4354
3007 4975
3008 3153
3015 4666
3022 4907
141 3026
3030 4710
3032 4196
3039 4948
2885 3048
3052 4906
2825 3061
3068 3902
2043 3074
3076 4966
3077 4164
1785 3078
3079 4565
3083 4673
3090 3911
3091 3113
3125 4120
209 3128
3133 4899
3138 4643
3139 4123
3143 4424
2877 3170
3172 4318
2031 3180
3214 4214
3218 4812
3202 3219
459 3225
3228 4807
3230 4010
2976 3239
2469 3245
3250 3582
3256 4532
3267 3714
3268 3681
3067 3289
3290 3737
3295 4563
3065 3345
3352 4928
3356 4941
3357 3698
3365 3555
3367 3740
3379 4715
3394 3407
3406 4798
3410 4869
3416 4941
3419 4611
3434 4271
3435 3440
2718 3450
2829 3454
3461 4073
3468 4757
1311 3469
3472 4522
3490 4531
3483 3495
3497 4977
3508 4959
3511 4860
3519 4998
2963 3529
3531 4985
3533 4859
3539 3669
3549 4954
3558 4504
3570 4732
3580 4699
3581 4812
3590 4634
3583 3594
3157 3608
3611 4949
3615 3911
3618 4253
3639 4086
3532 3640
3647 4508
3659 4958
3670 4167
2656 3674
3683 4754
3134 3685
3688 4373
3690 4224
3699 4153
3703 4989
3705 4097
3719 4427
3722 4185
3526 3724
2069 3728
3439 3766
3778 4255
3463 3781
3791 4631
3794 4541
3165 3795
3807 4204
3808 4242
2100 3814
3826 4320
1605 3846
3695 3856
3385 3861
3864 4943
3867 4567
3868 3922
3871 4682
3232 3874
3307 3877
3297 3885
3772 3905
1450 3908
975 3930
3938 4932
3943 3962
3956 4407
3983 4834
2836 3987
3936 3990
3680 3994
4000 4700
3993 4006
2470 4017
3081 4022
4064 4802
4102 4846
3322 4103
3619 4104
3215 4114
4117 4840
4119 4145
4143 4148
4149 4883
4150 4460
415 4158
4175 4885
4171 4178
4179 4867
4163 4186
4202 4742
4240 4734
4176 4243
4210 4252
4274 4634
2156 4291
4228 4296
4042 4300
3925 4319
3036 4324
4335 4723
3323 4343
4347 4430
3888 4348
2598 4349
3729 4365
3474 4370
4379 4490
4383 4531
3886 4400
4401 4962
3986 4406
4409 4619
4411 4805
1718 4414
4415 4552
3629 4432
4445 4465
514 4446
4290 4450
2038 4455
3253 4462
4467 4866
4469 4865
2282 4470
4293 4499
4516 4834
2664 4519
4523 4842
4536 4731
4199 4550
3199 4553
4527 4554
3382 4562
4564 4962
4578 4754
4548 4586
4574 4588
2949 4594
1470 4597
2044 4599
2629 4600
4603 4612
1820 4604
4607 4612
4608 4616
2822 4628
3770 4636
4258 4639
4489 4660
4489 4664
2792 4672
4262 4676
4538 4677
4680 4915
4681 4765
4563 4684
3486 4698
4509 4711
4111 4717
4566 4721
4724 4813
3574 4728
4106 4735
4737 4850
3716 4744
4336 4746
4050 4756
4764 4903
3353 4817
4827 4862
4832 4843
3694 4833
2038 4837
4417 4849
4145 4851
2621 4876
4116 4879
4797 4884
4844 4910
1387 4912
4944 4984
4777 4953
4943 4982
4940 4986
4980 4992
4390 4996
29 4003
30 2786
38 3933
40 4177
46 3447
60 3984
76 4533
87 4829
97 4266
106 4131
117 4037
126 4308
128 4991
131 4904
146 4565
193 4528
203 4831
215 2971
229 4259
237 4771
265 4345
270 2707
271 4828
282 834
308 922
328 4579
347 4723
359 3623
372 2726
382 4840
383 4608
388 3466
399 4045
407 4396
427 4908
430 4967
437 4238
455 4819
484 3698
485 2987
503 1799
14 515
534 4873
537 3713
542 4972
553 4775
560 4640
563 4816
565 4372
571 3346
573 3475
576 4695
586 4368
596 1278
598 4579
606 3537
643 3479
668 2199
674 3023
682 2096
686 4813
693 4528
698 4226
701 2696
710 4215
721 3169
727 4699
734 4787
753 4862
758 4257
760 4945
761 4830
773 4918
793 3895
801 4948
809 3744
819 3555
847 4875
857 4853
879 3393
886 4793
907 4839
909 4776
910 4028
914 3459
920 2543
929 3821
930 2196
947 3338
980 2744
982 2825
987 4163
1012 3928
1021 3797
1024 4765
1031 1691
1035 4877
1042 4866
1049 3167
1057 4807
1060 4479
1062 4560
1065 4194
1073 2429
1074 4966
1084 3847
1085 2182
1091 4778
1099 3758
1104 4673
1108 4563
1113 4381
1120 4576
1130 4719
309 1132
1141 4522
1146 4146
1151 3381
1156 3266
1161 3952
1168 2615
1192 4589
1200 4720
1216 4298
1221 4283
1239 4518
1253 4488
1255 4278
1257 4283
1268 4273
1287 4669
1297 3675
1305 4975
1309 4602
1341 1347
1348 2762
1358 4958
1372 4839
1394 3576
1395 3839
1400 4962
1402 4276
1407 4613
1415 4973
1419 4438
1422 3928
1432 4695
1438 3753
1444 4887
1447 2799
1460 4234
1416 1461
1482 4725
1487 4803
1493 3727
1501 4113
1504 4436
1511 4196
1515 4762
1523 4442
1524 4964
1527 3109
1529 4894
1548 4190
1551 2827
1568 2639
1578 4374
1587 4079
1241 1593
1598 4464
1611 4855
1621 4177
1635 3247
1639 3887
1641 4911
1647 4892
1649 2853
1655 2602
1656 3796
1657 3803
1670 3614
1685 4650
1688 4679
1711 3322
1713 4871
1714 2766
1735 3920
1754 2258
1756 3328
1761 4808
1767 3744
1770 4667
1772 2851
1780 4726
1793 4434
1819 2997
1824 3981
1844 3149
1847 3660
1867 4665
1871 4661
1873 4532
1875 4801
1882 4496
1884 3965
1903 4718
1909 4859
1913 4806
1920 3602
1925 4024
1928 4050
1933 4359
1939 4023
1940 4939
1941 4993
1966 4883
1973 4392
1987 3534
2003 3809
2021 2951
2042 4671
2052 3824
2062 4495
2072 3552
2075 3752
2076 4154
2088 3437
2090 4555
2122 4054
2123 4984
2132 4026
2140 4973
2146 4662
2167 4941
2169 4887
2197 2589
2209 2465
2238 4448
2240 4897
2248 3574
2273 4310
2292 4132
2296 4133
2298 3829
2301 4934
2332 3740
2333 4635
2340 4088
245 2341
2342 3360
2355 4640
2371 4700
442 2380
2384 4283
2385 2745
2392 3072
2397 4511
2402 4208
2435 3853
2438 4503
2449 4795
2450 4140
2451 3001
2456 3021
2460 3298
2463 4843
2208 2464
2471 3478
2443 2475
2478 4847
2499 4394
1768 2509
2516 2991
2517 4899
2525 4584
2535 3033
2542 2747
2544 4408
2570 3517
2606 4353
2607 3391
2628 4734
2631 4267
2636 3686
2662 3832
2687 4301
2692 4189
2404 2693
2699 4394
2701 3896
2709 4146
2714 3485
2721 4918
2725 4927
2727 4709
1075 2736
2740 4870
2746 4581
2769 4949
2773 3059
2776 4608
2778 4633
2783 2907
2642 2801
2804 4083
2806 4127
2808 4145
2811 4521
2812 4013
2814 4325
2828 4068
2861 4858
2899 4269
2912 4917
2916 4526
1948 2937
2945 4842
1298 2959
2975 4019
2977 3095
2978 4037
2992 3448
3002 3142
3003 4277
3007 4649
2663 3008
3015 4627
2915 3022
161 3026
3030 3233
3032 4826
3039 4798
3048 3341
3052 4715
3061 4970
3068 4703
3074 3817
3076 4625
3077 4497
3078 3730
3079 4605
3083 4920
2304 3090
3091 4934
3125 3832
3128 3787
3133 3375
3138 4620
3139 4286
3143 3163
3170 3498
3172 4946
3180 3760
3038 3214
3200 3218
3219 3560
431 3225
3228 3773
3230 4181
1782 3239
3245 4759
3250 4897
2243 3256
3267 4770
3259 3268
3289 4787
3290 4967
1681 3295
3189 3345
3352 4360
3094 3356
3357 4566
3365 3981
1577 3367
1956 3379
1876 3394
3406 4106
3410 4127
3416 4908
3419 3933
3434 4549
3409 3435
2118 3450
3454 4914
3155 3461
3468 4416
3469 4784
3472 4214
391 3490
3495 4051
3497 4668
2520 3508
3511 4228
3519 3520
3453 3529
3388 3531
3533 4854
3539 4088
3549 4718
3558 4976
3073 3570
3580 4572
3096 3581
3590 4776
936 3594
3608 4316
3611 4140
3175 3615
3618 4873
1829 3639
3640 3985
3647 4955
2921 3659
3448 3670
3674 4870
3683 4214
3685 3968
3560 3688
3690 3818
3699 4704
3703 4844
3705 4905
3719 4881
3722 4317
3724 4173
3728 4246
3766 4675
2672 3778
3781 4678
3791 4820
3783 3794
3795 4027
3807 3897
3808 4433
3481 3814
3826 4534
3846 4655
3856 4398
3861 4828
3864 4870
3867 4497
3868 4856
3871 4758
3874 4479
2149 3877
3885 4582
3905 3952
3908 4901
3658 3930
3293 3938
3612 3943
3956 4926
3983 4880
3987 4755
3990 4441
3994 4464
1787 4000
4006 4975
4017 4579
4022 4768
4064 4543
4102 4739
848 4103
2289 4104
4114 4820
4109 4117
2919 4119
109 4143
4149 4286
4150 4727
4158 4513
3614 4175
4160 4178
4179 4852
4186 4952
3031 4202
4080 4240
2724 4243
4252 4806
4274 4283
4291 4356
4296 4302
4300 4602
4144 4319
3437 4324
4335 4541
3455 4343
2321 4347
4348 4821
3775 4349
3942 4365
4370 4629
4379 4990
2777 4383
4400 4487
3334 4401
2730 4406
4409 4768
3941 4411
4414 4865
4415 4485
4187 4432
4445 4512
2711 4446
4450 4458
4455 4975
4462 4727
4453 4467
3949 4469
4090 4470
1935 4499
4516 4687
3997 4519
3817 4523
4190 4536
4550 4577
4095 4553
4404 4554
4562 4955
1842 4564
4173 4578
2698 4586
4588 4633
4594 4916
4194 4597
3344 4599
3686 4600
4011 4603
4604 4847
4208 4607
4284 4616
4285 4628
4424 4636
4639 4854
4023 4660
4664 4925
4672 4761
3178 4676
2097 4677
4255 4680
4576 4681
4328 4684
4438 4698
4711 4950
4214 4717
4417 4721
4340 4724
4728 4736
4735 4831
4297 4737
4731 4744
4688 4746
4307 4756
2987 4764
2962 4817
4050 4827
2961 4832
4833 4852
3894 4837
4404 4849
3081 4851
3257 4876
4127 4879
4573 4884
4595 4910
4382 4912
4940 4944
3424 4953
4900 4982
3051 4986
4784 4992
4703 4996
38 3535
40 4502
60 4396
76 3249
106 4264
128 4573
215 4872
229 4855
237 4188
271 4733
308 4781
328 3441
347 4866
382 4866
383 3865
388 4706
427 4915
437 4979
484 4448
485 2840
503 4410
515 4816
553 4774
560 4868
563 4239
489 571
573 4130
576 4082
586 4857
596 3844
598 4263
606 4625
668 3848
674 2191
682 4965
701 3717
710 4494
721 2642
753 2889
760 4475
819 4800
857 2706
886 4044
907 4980
909 4107
910 3249
914 4905
929 4730
947 2511
980 3136
987 4372
1012 3789
1021 4723
1024 4640
1031 4983
1042 1712
1057 4092
1060 4529
1065 4865
1084 4491
1091 3968
1099 4063
1108 4883
1113 4558
1130 3926
1151 4725
1200 4627
1216 4961
1221 2093
1239 4542
1253 3349
1150 1255
1257 2731
1268 2870
1287 3004
1297 4682
1305 3988
1341 2921
1348 4985
1358 4128
1372 4949
1394 2174
1395 4302
1400 4794
1402 2752
1407 3055
1415 4539
1419 3839
924 1422
1432 4975
1438 3664
1444 2795
1447 4971
1461 4044
1482 3762
1487 4846
1493 3328
1501 2674
1511 3894
1515 4839
1523 3609
1524 3442
1527 4920
1529 2704
1548 3848
1551 4155
1578 3677
1587 1642
1593 3457
1598 4848
1639 4868
1641 4322
1647 3923
1649 4770
1655 4961
1657 2700
1670 4694
1685 4928
1688 4993
1714 2905
1735 4479
1756 4333
1761 4812
1767 2205
1780 4915
1793 4726
1819 4907
1824 4958
1844 4207
1847 4010
1867 3711
1873 4404
1875 2659
1882 2911
1884 4855
1903 2589
1909 4148
1913 4790
1920 2287
1925 3804
1928 4963
1933 2522
1940 4109
1941 4344
1966 4742
1973 3932
1987 3057
2021 3945
2042 4814
2052 4620
2062 4517
2072 3429
2076 4333
2088 3242
2090 4286
2123 4691
2132 3712
2140 4889
2167 4285
2169 3006
1390 2197
2208 2209
2238 3672
269 2240
2248 4423
2273 4508
2292 4993
2296 4914
2298 3046
2332 4860
2333 3780
2340 4991
2342 4581
2355 2634
2371 4937
2380 4251
2384 4695
2385 4289
2392 4747
2397 4821
1881 2402
2435 3384
2438 4836
2449 4988
529 2450
2451 4666
277 2456
2148 2460
2463 3412
2464 2488
2471 2949
2478 4390
2499 4872
2509 4521
2129 2516
2517 3780
1667 2525
2535 4903
2542 3532
2223 2544
2570 3152
940 2606
2607 3145
2628 4730
2631 3355
2554 2636
2662 4857
2687 4810
2692 4608
2693 4655
2699 4825
2701 2982
2709 3696
2714 2962
2721 4395
2725 4528
2616 2727
874 2736
2740 3271
2769 4361
2773 4258
2776 4268
2778 3562
2783 4310
1464 2801
2804 4063
2808 4270
2811 4321
2812 3552
2814 4882
2828 4513
2777 2861
2899 4326
2912 4858
2191 2916
2937 3215
2945 4387
2959 4690
2975 3087
2977 4683
838 2978
2992 4707
3002 4113
3007 4508
3008 4792
1712 3015
3022 4183
1682 3030
3032 4410
3039 4068
3048 4120
3061 3892
3068 4820
3074 4969
3076 4465
3078 4841
3083 4800
3090 4020
3091 4207
2745 3125
3128 4792
3133 4975
3138 4907
984 3139
3143 4919
3170 4232
2765 3172
3180 3756
3214 4981
2323 3218
3219 4828
1746 3225
2458 3228
3230 3518
3239 4355
3245 4092
2592 3250
3256 4869
3267 4965
3268 4507
3289 4508
3035 3290
2881 3295
3345 4900
3352 3801
3356 4883
3357 4162
3348 3365
1247 3367
3379 3789
3394 3560
3406 4814
3384 3410
2800 3416
1450 3419
2259 3434
2753 3435
3340 3450
3454 4678
3461 4977
3468 4162
1944 3469
3472 4824
3490 4667
3495 4030
3259 3497
3508 4608
3511 4279
3519 4742
3529 3798
306 3531
3533 4792
3418 3539
2793 3549
3558 4575
3570 3651
3580 3604
3581 3932
3303 3590
2305 3594
3608 4614
3611 4873
3615 3789
3618 4935
3639 4225
3216 3640
3613 3647
2720 3659
1896 3670
3674 3712
3683 3985
3685 4898
3688 4924
3667 3690
3699 3899
1760 3703
3705 3743
3719 3991
1654 3722
3724 4980
3728 4264
3564 3766
3626 3778
3781 4928
3791 4749
3185 3794
3795 4443
3807 4249
3808 4999
2700 3814
3826 4838
3120 3846
3800 3856
3861 4705
3864 3878
3867 4901
3868 3895
3871 4198
3874 4931
3286 3877
962 3885
3905 4353
3908 4277
2909 3930
3926 3938
3943 4239
2395 3956
3983 4845
3987 4918
3990 4658
3975 3994
4000 4970
2585 4006
4017 4314
4022 4810
2846 4064
4102 4685
1751 4103
3060 4104
3210 4114
4117 4577
4119 4229
4143 4959
4149 4775
3957 4150
2853 4158
4175 4720
4059 4178
4179 4201
4186 4770
3585 4202
4240 4848
4243 4820
4252 4968
4274 4601
2592 4291
4145 4296
3713 4300
4319 4612
4311 4324
2573 4335
4012 4343
3631 4347
3310 4348
3215 4349
4305 4365
525 4370
4096 4379
4361 4383
4400 4788
4401 4988
2334 4406
2029 4409
4411 4766
3587 4414
2830 4415
4372 4432
4036 4445
3311 4446
4450 4540
1658 4455
4462 4994
4278 4467
4469 4857
2356 4470
3626 4499
4516 4596
4519 4631
4426 4523
4536 4908
722 4550
4161 4553
2425 4554
4562 4719
973 4564
3188 4578
4504 4586
4082 4588
4594 4809
3303 4597
3106 4599
2619 4600
4451 4603
4604 4941
1018 4607
2920 4616
3137 4628
3240 4636
4639 4918
2994 4660
4664 4710
4268 4672
3311 4676
2961 4677
3154 4680
4402 4681
4684 4918
2583 4698
4037 4711
4070 4717
4721 4895
3347 4724
4728 4960
3980 4735
4737 4890
3902 4744
2506 4746
3806 4756
4026 4764
4753 4817
4827 4854
4194 4832
4727 4833
4837 4896
3836 4849
2713 4851
2386 4876
4879 4880
2914 4884
4215 4910
4530 4912
2608 4944
4906 4953
4433 4982
4424 4986
4408 4992
3919 4996
60 3993
106 4987
308 4882
328 4747
347 4394
437 4214
596 1918
606 2833
668 2303
674 4284
819 4750
857 4132
886 3899
909 3025
1024 4935
1060 4777
1065 4789
1091 4580
1216 4870
1221 4710
1255 4927
1268 3775
1287 4668
1358 4778
1394 4196
1415 3212
1419 4795
1444 4691
1447 2780
1487 4005
1511 4050
1515 4930
1524 3193
1527 4654
1548 3937
1551 4127
1578 4758
1587 4377
1598 4725
1641 4537
1647 3619
1649 4382
1177 1657
1670 4026
1685 4218
1688 4148
1714 3116
1756 4475
1780 4209
1793 4641
1775 1847
1913 3543
1925 4350
1940 3646
1941 4678
1966 4182
1973 3374
1987 4732
2062 4315
2090 3614
2123 3853
2132 4320
2140 3546
2167 4805
2169 3658
2238 4987
2273 4283
2034 2296
2298 3436
2332 4942
2333 4464
2340 3604
2371 4366
2380 4674
2384 4093
2397 4239
2435 3906
2438 3678
2449 4285
2450 4738
2295 2451
2456 4946
2463 3910
2464 4915
2471 3773
2478 4172
2499 3572
2509 4626
2516 3976
2525 3821
2535 4515
2544 3969
2570 3560
2604 2606
2628 4877
2631 4078
2662 4943
2687 4003
2692 4620
2693 4257
2699 4723
1439 2701
2709 4871
2721 4224
2725 4495
2736 4960
2740 4786
2773 4950
2776 4651
2801 3891
2804 4942
2808 4686
2811 4930
2812 3852
2814 3589
2828 3537
2861 4125
2912 3211
2916 4451
2937 4862
2945 3343
2959 4886
2975 3834
2977 4570
2953 2978
2992 4645
3002 3201
3008 4972
2267 3015
3022 4427
3030 4654
1579 3032
3039 3221
3048 4504
557 3061
3074 3562
3076 3745
3078 4679
3083 3400
3090 4630
2966 3091
3125 3144
3133 3959
3170 4796
3172 3430
3180 4762
3214 3947
3218 4881
3219 4667
3225 4642
3228 4709
3230 4070
3245 3408
3250 3650
3256 4762
3268 3545
3289 4860
2575 3295
3345 4946
3352 4376
2389 3356
3357 4596
3365 4100
3367 4417
3379 4970
3410 4227
3416 3735
3419 3689
3434 4758
3435 3922
3278 3450
3454 3527
3461 4403
2882 3468
3469 4130
3495 3821
3497 4868
3508 4460
3511 3841
3519 4732
1745 3529
3531 3849
3539 4492
337 3558
3580 4760
3581 3582
3590 3595
3594 4745
3608 4659
3611 4397
3615 4188
3137 3618
3640 4958
3674 4867
3683 3940
3685 4439
3688 4707
3690 4955
3699 4485
3703 4918
3705 4808
1490 3719
3722 4754
3724 4933
3728 4852
3766 3840
3778 4795
2571 3791
2781 3794
3795 4255
3807 4770
3808 4856
3569 3814
3826 3995
3302 3846
3856 4787
3861 4753
3864 4789
3867 4238
2732 3868
3871 3890
2946 3874
3741 3877
3885 4648
3066 3905
3908 4440
3930 4763
2038 3938
2634 3943
2663 3956
3983 4233
3987 4371
3990 4810
3823 3994
3887 4000
4006 4653
4017 4768
3208 4022
4064 4368
4102 4694
4103 4259
1682 4104
3213 4114
4117 4261
4088 4119
4143 4800
4139 4149
4150 4416
4158 4704
3921 4175
4178 4582
4179 4859
4186 4930
4202 4644
3446 4240
3923 4243
4007 4252
3884 4274
4248 4291
3752 4296
4300 4460
4319 4620
4324 4520
4335 4820
4251 4343
3223 4347
4348 4933
4349 4532
2843 4365
3579 4370
4378 4379
3980 4383
4400 4963
3649 4401
4406 4852
4409 4423
4411 4423
3619 4414
4001 4415
4432 4729
2681 4445
4446 4709
4146 4450
3011 4455
2863 4462
4467 4846
1618 4469
4470 4867
4313 4499
3904 4516
4519 4763
3902 4523
4506 4536
4550 4800
4384 4553
3134 4554
2681 4562
4564 4971
3243 4578
2763 4586
4588 4729
3840 4594
3879 4597
326 4599
2369 4600
2595 4603
4184 4604
4070 4607
4560 4616
4615 4628
4032 4636
4222 4639
1658 4660
3843 4664
3902 4672
4676 4954
4048 4677
4503 4680
4681 4712
4327 4684
4266 4698
4157 4711
4717 4813
4192 4721
4076 4724
3050 4728
4398 4735
4695 4737
4744 4892
4746 4964
3102 4756
4461 4764
2839 4817
3431 4827
3890 4832
4783 4833
4837 4855
3904 4849
4851 4897
4548 4876
4879 4933
4884 4911
1792 4910
4345 4912
3923 4944
4953 4967
4893 4982
4694 4986
4497 4992
4930 4996
1524 3741
1578 4995
1647 4046
1756 3471
1780 4883
1925 2250
2132 4784
2167 3997
2273 4814
2332 4800
2333 4556
2340 4749
2371 3324
2450 3186
2456 3986
2463 4948
2464 4304
2471 4444
2478 4920
2535 4714
2544 4703
2570 3966
2560 2606
2628 4939
2631 4399
2662 3514
2687 4088
2692 4990
2699 4952
2709 4808
2740 3582
2776 4916
2801 4697
2811 3000
2812 4958
2828 4841
2945 4371
2975 4219
3002 4500
3015 4675
3032 4381
3039 4262
3048 4975
3083 4645
3090 4747
3009 3125
3133 4622
3170 4518
3172 3700
3180 4652
3214 4419
3218 3923
3219 4496
2275 3245
3250 4458
3268 4945
3289 4357
3295 3368
3352 4525
3356 4382
3357 4958
3365 4590
3416 4865
3419 4975
3434 3449
3450 4642
1245 3454
3495 4148
3497 3503
3508 3706
3519 4031
3539 4804
3581 4716
3594 4062
3608 4236
3611 4999
3615 4821
3640 4974
3683 4975
3688 4189
3690 4751
1798 3699
3703 4852
3705 3854
2772 3722
3645 3724
3684 3728
3766 4395
3778 4792
3322 3794
3795 4095
3808 4880
3814 4760
2267 3846
3192 3856
3861 4329
3687 3867
3868 3881
3871 4710
3354 3908
3930 4678
3667 3938
3943 4919
3956 3957
3983 4449
3987 3988
3990 4592
3994 4906
3694 4000
4006 4977
4017 4939
4022 4952
4047 4064
4102 4576
3697 4103
4104 4399
4114 4205
4117 4988
4143 4416
4150 4497
2871 4158
3252 4178
4090 4179
4186 4691
4202 4760
4240 4823
4243 4901
2744 4252
4274 4695
4291 4848
3949 4296
4300 4951
4319 4796
4324 4699
4335 4824
4343 4364
4347 4801
4349 4808
4365 4624
4379 4557
3834 4383
3777 4400
3679 4401
4406 4701
2237 4409
4411 4895
4414 4878
4415 4788
4432 4962
4316 4445
2999 4450
4455 4814
4462 4913
2944 4467
4470 4905
4516 4809
4416 4519
4523 4557
4500 4536
4550 4610
4111 4554
4380 4562
4564 4871
4552 4578
4191 4586
4332 4588
4594 4917
4597 4957
4599 4835
4600 4902
4603 4656
4604 4650
4244 4607
4616 4822
3633 4628
4520 4636
4660 4768
4664 4703
4672 4828
4676 4869
4224 4677
3935 4680
4219 4681
4334 4684
4693 4698
3173 4711
4717 4946
4170 4721
4459 4724
3424 4728
4457 4735
4043 4737
3330 4744
3966 4746
4734 4756
4764 4810
4817 4892
3749 4827
4452 4832
3242 4833
4837 4843
4076 4849
4851 4987
4863 4876
3760 4879
2901 4884
4014 4910
3301 4912
4151 4944
4947 4953
4848 4982
4947 4986
3993 4992
4856 4996
2544 4722
2606 3617
3048 4812
3180 4449
3245 4673
3419 4870
3434 4995
3497 3790
3113 3539
3594 4980
3216 3615
3640 4080
3683 4212
3699 4897
3703 4904
3705 4695
3728 4909
3766 4502
3794 4589
3814 3844
3088 3846
3861 4878
3708 3867
3983 4646
3987 4522
3990 4993
4006 4981
3968 4017
4022 4702
4064 4719
4102 4617
3816 4117
4150 4980
4178 4763
4179 4869
4240 4905
4243 4250
4296 4340
4234 4300
4324 4651
4335 4860
4347 4436
4349 4861
4365 4784
4219 4383
4411 4928
4414 4871
4415 4791
4295 4445
4450 4977
3986 4516
3879 4519
3855 4562
3985 4586
4594 4928
4597 4733
4604 4934
4607 4947
4352 4616
3898 4628
4672 4733
4677 4790
4551 4680
4421 4684
4108 4698
4711 4977
4717 4868
4134 4721
4724 4791
4735 4767
3198 4737
4165 4744
4746 4800
4756 4856
4035 4764
4671 4817
4417 4827
4548 4833
4133 4851
4876 4917
4052 4879
4884 4998
4850 4910
4899 4912
4953 4977
4980 4982
4191 4986
4535 4992
3983 4232
4003 4017
4240 4983
4276 4324
4445 4601
4687 4735
