845 4438
1719 3806
928 2848
161 662
3512 4072
1421 4824
3916 4443
4114 4802
2517 4769
1599 2062
2255 2655
2395 4934
3924 4926
2266 3304
1611 3477
689 4269
3183 4147
1008 3820
1728 4086
1958 2185
988 4772
266 555
2263 4049
1130 3654
3274 4659
4389 4877
2013 4438
1562 4926
1450 4596
2735 4755
2847 4191
3401 4217
4283 4833
647 1824
2892 4558
4410 4571
3152 3491
2109 4511
3370 4013
4440 4559
3695 4705
2281 4586
1222 4724
3066 3359
3274 4440
4585 4759
25 1473
2321 4825
4647 4883
2251 4527
1719 1741
1288 4527
3359 4764
2149 2847
2994 3116
28 4976
1941 4630
4283 4559
4087 4630
4329 4509
683 4890
683 4833
2764 4764
1171 4788
4364 4558
1289 2549
1900 4442
2721 4013
963 4980
3989 4705
3795 4910
4084 4980
3723 4759
2305 3688
2356 2716
1416 4167
332 4509
3512 4086
867 4730
872 4837
3477 4526
2928 4934
3760 4496
450 4095
2471 4876
2264 4975
2464 4134
326 3512
2159 4585
2356 2994
3249 4496
360 4080
974 4477
1987 4654
3418 4783
1277 4657
4114 4877
2065 4883
2185 3963
1001 4385
2288 4926
1964 4647
2433 4208
2498 4013
1034 3991
1107 3840
267 4786
2695 3403
2819 3579
2598 2789
3060 4571
3840 4448
1828 4009
1219 3373
903 3116
3344 4009
1533 4916
3920 4995
4008 4833
1105 4181
1123 4607
1034 4494
1272 4568
2491 4177
2847 4825
1753 4802
2367 4980
2275 2778
3166 3806
3441 4657
2680 3359
4283 4630
716 3989
2855 4654
949 3578
2103 4080
4038 4294
4184 4636
3236 4623
2514 4654
4705 4783
2052 2359
2491 2801
763 3234
3822 4578
3401 4998
4608 4995
2331 2682
4410 4596
555 2782
2433 4346
1272 4133
95 4975
4325 4786
2868 4871
3343 4038
370 3795
1406 4496
845 3688
1749 4080
3920 4730
4633 4654
3652 4159
111 4783
108 2403
311 4871
1063 2690
3116 3491
3249 4145
4185 4496
4455 4873
3308 3822
3470 3888
1089 2321
56 4975
2159 4607
38 4995
819 3512
2936 4558
3060 3166
3441 3544
3985 4630
1219 2183
1450 1501
1832 4998
2296 3168
4630 4833
2142 4877
2936 4744
3030 3916
4332 4551
3066 3638
2690 4385
1535 4177
4034 4237
1637 4890
3116 3152
4331 4786
621 4364
1428 4438
2565 4080
4145 4477
1273 4568
1987 4724
3609 4410
963 4607
4077 4081
28 4948
3832 4269
3920 4608
988 3451
146 4181
2708 2735
3418 4792
3665 4294
4705 4793
3652 4786
1621 4739
3730 4551
2259 4825
1606 3512
2154 4916
2735 3753
3623 3935
1153 4477
4443 4744
809 4730
2978 3430
3730 4182
4008 4087
2458 3968
157 4788
4115 4442
3795 4283
3304 3999
0 4134
1406 3760
2062 4392
1295 4442
1599 4392
3728 4511
973 4633
1753 4934
1665 4657
1295 4769
1473 3410
1951 2545
4551 4883
3832 4824
1120 4009
2321 2458
2471 4630
3688 4049
2367 4607
1574 2693
4009 4237
4442 4824
1295 4237
772 3430
1637 4876
928 984
790 4559
2820 2852
3997 4724
4598 4730
689 4824
1481 4511
2321 4346
2928 4564
3723 4527
1800 4080
3894 4788
4705 4877
1524 4935
276 4873
298 4724
2721 4809
3343 4647
3068 4269
3512 4705
3695 4103
3840 4133
4552 4657
1963 4167
4802 4934
38 4871
2073 4657
1001 2690
4009 4034
3916 4364
1198 3832
3996 4911
2767 4935
1621 4496
2936 4364
2690 3759
2081 4788
853 4526
370 1955
3963 4824
2820 2994
3578 4477
3048 4607
1164 4824
1919 4283
2845 3916
2958 4364
3883 4404
2598 4568
4551 4976
217 4072
4559 4910
1121 3006
2951 4744
4526 4527
1198 3728
121 4612
3853 4890
3519 4346
340 3360
1107 4837
1289 4509
448 4075
1335 3593
3170 3991
3608 3853
3401 3652
3402 4442
2065 4730
4147 4783
4329 4349
4364 4511
4032 4349
2819 4283
3003 4349
1637 4926
1535 3595
974 4496
1572 3315
3343 4802
4496 4585
4332 4871
1613 4783
1951 2640
4389 4647
661 2115
2417 3359
2789 2899
2321 2403
1258 1716
2420 4115
263 3996
2317 2708
1277 4623
2281 4998
1394 4598
4217 4786
223 4883
973 4612
1198 4772
1753 4147
2514 4612
373 4936
1900 4824
1613 4934
2789 3759
805 3968
1091 1446
2087 4764
4159 4308
4730 4976
1647 3344
1812 3470
2352 3654
4494 4657
2579 4873
2682 3470
2108 3006
772 2789
4072 4086
4911 4926
2450 2545
4552 4936
2764 3477
1001 3840
3579 4833
1720 3410
4095 4935
3308 3776
4008 4876
3168 4526
2108 2716
1450 3916
3996 4630
805 4825
111 4934
809 4976
332 4657
1991 2640
3197 4578
1368 3244
1201 4890
2367 4185
2830 4873
763 4329
3291 4392
1996 4630
2146 3441
3883 4633
4440 4833
1549 1601
3853 4876
2690 3593
1164 4442
2420 2942
269 4103
2359 3759
3997 4696
1107 4448
3360 4936
261 4072
779 4934
742 4755
3916 4744
4243 4786
488 4696
1964 4877
1258 3410
3402 4824
47 4455
1506 2872
4013 4809
1299 2196
4730 4883
2296 4916
2424 4744
2740 3820
2142 4802
1998 4167
1720 2041
2471 4659
1019 3473
1733 4527
1864 3644
1406 4185
1864 2395
416 3894
1123 4527
2528 4283
266 267
2154 2852
2643 4764
4294 4934
3608 3985
2264 4998
3935 4325
621 4571
416 4998
2506 3822
2027 4185
2848 4392
4387 4612
2942 4269
1008 1900
4551 4948
2693 2852
1726 4890
3168 3315
2242 4980
1749 3935
1265 4630
3795 4876
2321 2778
2106 3344
3853 4926
112 4568
340 4081
3116 3644
4346 4825
4730 4816
446 4559
647 2464
1613 4802
2517 4442
2695 3916
3197 3997
365 2852
3735 4496
535 4329
2892 2936
2899 4568
4294 4793
3308 4612
1611 4916
3989 4389
2899 3840
711 4438
988 4824
2266 3832
4084 4087
1435 4564
3563 4072
3318 4526
1008 4769
4802 4877
2951 4837
984 4077
2395 2852
3579 4926
3291 4936
3573 4825
2764 3168
3968 4825
4182 4332
647 4134
668 4009
4833 4911
4084 4477
4115 4824
365 3644
111 4147
2789 4385
3349 3623
3894 4159
1996 4833
2764 4526
1123 4759
2690 4043
1753 4877
1988 4890
1900 4772
3665 4793
505 4527
739 1021
3177 3359
3358 3806
1008 4824
3832 4769
3168 3638
1533 2087
2264 4786
1828 4115
3735 4145
4114 4793
1609 1781
772 3759
1171 4625
1800 3349
2305 4177
3315 4167
3795 4890
4283 4911
38 4948
2655 2998
763 3441
1001 4043
4269 4769
382 4161
1781 2266
2919 4108
1273 2598
4387 4404
2655 3512
772 4568
2395 2693
683 4911
1671 1716
4630 4980
1728 3770
2695 4571
1435 4793
2420 4769
3806 4936
3274 4559
25 2843
763 4657
1089 3782
1034 2263
988 4442
3234 4657
4294 4883
1828 3402
2281 4013
4440 4926
4283 4440
1749 2103
1601 4558
184 4612
285 3883
711 3076
1986 4586
3152 3644
2331 3806
1481 4184
819 4705
3776 4387
3003 4509
3244 3304
2073 4509
369 4934
4809 4975
2725 4114
231 4786
3723 4477
914 4208
4596 4636
3451 4772
4598 4935
1683 4833
2281 4243
3989 4114
1716 2843
3920 4871
4087 4926
949 4527
2146 4329
790 4630
457 4802
2121 3343
3822 4612
4331 4809
4586 4998
1919 4890
3920 4161
3730 4048
4243 4975
4410 4837
1506 2188
2087 3359
1637 4283
2727 3441
1941 3985
3060 4744
1528 4586
3048 4527
2830 3894
4387 4696
3695 4086
191 4936
2266 4769
4161 4976
4608 4871
2082 4010
3609 4558
4114 4883
2364 3578
809 4935
403 4191
974 4145
3234 4509
4509 4657
1019 2299
4511 4744
2185 4034
386 3304
3370 4998
3116 4185
1800 3935
914 4346
120 121
311 4995
3728 4443
4182 4935
3234 4108
4294 4877
4364 4625
3790 4995
4440 4876
2403 2458
2682 2829
395 4294
1941 4440
3373 4108
1983 4935
1421 4442
3370 4975
4032 4657
4177 4438
4578 4633
2146 4623
276 4975
973 4724
3403 4025
4387 4654
4494 4509
157 4998
1539 4696
1539 4578
3822 3883
4159 4809
338 2843
1753 4647
2868 4551
376 4568
2065 4598
621 4744
711 4177
4087 4876
1446 4108
1533 2417
4008 4440
2830 4159
1421 4237
28 4816
2693 3116
2855 4696
1964 4934
184 4633
3077 3822
1781 1828
3506 4125
542 3999
962 4578
369 3418
1019 4936
28 4935
2296 3638
3236 3544
3403 4184
4443 4511
1501 4571
3996 4440
1214 4890
247 3935
1528 4455
3234 4329
2242 4607
4294 4331
3402 4269
4404 4578
3076 4177
1996 4440
4013 4625
2251 3770
3728 4410
3578 4145
3894 4998
2458 4208
853 2764
469 903
3822 3997
2892 4596
2395 4916
3573 4346
101 1963
101 2764
3822 4633
3935 4080
1201 4833
1900 4115
4440 4890
4114 4647
263 4926
748 4612
3997 4633
2073 4552
2868 4048
4148 4877
2868 4730
963 4739
2052 2899
4032 4623
1986 4788
2789 4568
3730 4871
3730 4816
4095 4598
3920 4948
4612 4696
3652 4788
2506 4387
2767 3920
223 4934
3920 4048
2514 4387
4364 4596
1219 4032
157 4873
1862 2465
4243 4455
1723 4876
2485 4552
1019 3166
3197 4696
4511 4596
1573 4705
1919 4926
3609 4744
1164 2185
3403 4364
2598 4133
3370 4809
966 4243
2433 3573
2820 3644
1153 3030
4783 4877
3076 3688
3790 4871
4387 4724
3168 4167
4764 4916
307 2944
748 3997
742 2735
108 662
1987 4612
3418 4793
2942 4769
4705 4792
1299 4764
488 4578
1728 3375
1562 4890
1435 4294
2183 4114
4410 4625
4032 4329
4034 4824
3373 3604
3003 4329
2767 4976
1955 2872
2317 3318
3608 4008
2275 3968
1723 4559
1421 1958
276 4455
2664 4115
3894 4786
4564 4647
3068 3963
3770 4145
207 2149
3996 4659
2655 4705
4038 4934
4182 4598
2958 3076
4329 4623
836 4657
685 2640
914 2458
1288 4084
1406 4477
2528 3985
2951 3609
1450 4571
4010 4633
3234 4623
4185 4739
4809 4998
2281 4217
4332 4995
1091 3544
1506 3344
1723 4890
3652 4809
1983 4883
4125 4564
191 3888
3401 4873
3609 4025
886 3822
2352 3996
2081 4325
2848 4081
4025 4364
535 4032
1473 1671
4558 4596
4125 4783
3586 4657
4184 4596
226 4871
1219 4623
4935 4995
505 4607
2266 4442
2506 3308
4145 4607
2403 4191
3730 4976
764 2868
963 4477
4115 4237
2528 4008
1446 4623
4873 4998
2073 4349
3730 4995
298 4612
1609 4769
3048 4759
3790 4048
2137 4184
4013 4998
223 4802
1144 1611
2847 3573
3048 3760
4243 4331
66 4657
326 1573
2643 3477
1501 4625
1998 4764
4527 4980
1273 4133
3166 4936
3609 4364
375 4809
1480 4916
2109 3916
3519 4825
3997 4387
3795 4087
4730 4871
836 3604
39 4744
1573 4072
3068 3832
1219 3544
2264 4809
3402 4009
2899 3593
446 4911
1723 4283
3403 4625
3665 4934
4084 4185
269 3695
2458 4191
1042 2960
3344 4630
647 4080
3403 4443
2417 4526
772 4448
4696 4724
1091 4623
83 4009
2367 4477
2773 2837
2740 4824
3470 3806
4448 4568
2321 2847
3963 4269
527 3563
3506 4147
373 3888
2978 4133
647 2856
4084 4145
2142 4934
2727 4329
2290 4608
4145 4585
1715 4998
4038 4125
3236 3441
73 2410
2951 4625
931 2352
1749 4134
376 4043
2919 4509
3068 4115
2242 3578
3068 4824
2944 4438
2506 4612
275 2118
1562 4833
2767 4948
3996 4926
4783 4793
2801 3595
2829 3473
3608 4910
2137 4571
4013 4873
4217 4809
1733 4739
1987 4696
2082 3623
3308 4578
3623 4558
2994 3491
1627 2843
1794 4873
4038 4883
4387 4633
3963 4115
1428 2944
3578 4607
276 4586
2845 4364
4331 4705
3048 4477
2958 4494
128 1609
28 4730
1941 4876
3451 4034
128 4034
2125 3840
836 1277
1728 4705
2727 3604
1299 3177
1021 1864
3343 4564
3916 4410
177 4788
1105 2399
949 4585
4783 4934
1637 4911
2951 4511
341 3344
1986 4217
4786 4873
3512 3563
1720 4181
2108 3999
966 4786
1781 4442
2255 2998
4034 4115
4325 4998
3840 4568
1812 2142
4389 4793
1501 4184
1800 3623
4108 4329
2942 3832
3166 4077
3402 4034
886 4387
1609 4442
1665 3234
3730 4948
668 2545
836 4329
3820 3963
3853 4559
3430 4448
1983 4730
542 2966
3883 3997
2498 3360
4633 4724
4443 4837
2680 3638
736 3688
326 3695
3996 4876
1139 3166
269 2998
1524 4730
373 3060
2528 4833
1219 4108
4325 4809
3183 4564
2251 4739
386 1121
2073 2727
448 1105
1299 2680
809 4816
1983 4598
2450 3344
2819 4926
2855 4633
1988 4440
3968 4191
3068 4442
4038 4792
4038 4877
2062 4936
3234 3236
1196 3688
3207 4724
1019 1697
2565 3935
2727 4032
2998 3512
4564 4792
973 4654
1991 2188
2281 4873
3197 3883
3723 4980
3373 4509
1139 2848
701 4975
1481 4571
3760 4607
3728 4744
3441 3604
4025 4410
2829 4081
4043 4448
2081 4243
3688 4177
2545 3344
2767 4816
311 4935
2109 4837
2936 4511
701 4998
3544 4329
647 4558
4659 4926
2027 2693
285 4724
327 4935
963 1621
681 4586
1637 4659
2196 3168
2464 4080
2242 4739
247 2191
1201 4876
2115 4755
4038 4802
4185 4916
3920 4883
3795 4833
360 4325
4769 4824
1733 4496
2514 4578
83 3344
3343 4793
1421 4772
4833 4910
4759 4980
108 4191
1446 3586
3723 3924
3996 4559
4308 4998
555 4181
3197 4633
4025 4744
813 4607
1219 4657
1609 4115
2264 4159
3920 4332
4114 4705
360 4558
3077 4612
3853 4087
3003 3604
3003 4494
1998 2643
3170 3688
3359 4526
3770 4585
2868 4608
813 2364
3665 4792
3991 4494
4571 4625
2359 4385
2399 4181
1574 3152
226 4730
1574 2820
2390 2708
3883 4612
4283 4910
365 3491
2041 3410
269 3375
247 1800
3853 4911
66 4032
2721 4243
1824 2565
4025 4571
661 742
3579 4008
1063 3593
974 4607
4237 4824
145 1963
217 4103
2855 4612
3759 4043
4659 4876
1460 4657
1705 4551
1726 4876
967 3840
809 4948
1986 4809
1435 4792
2998 4086
2259 4346
3544 4657
1201 4926
2242 4084
2390 2735
1528 3652
3665 4802
3375 3563
4208 4705
661 3999
4871 4976
4072 4103
1123 4477
1135 3470
1091 4657
3985 4283
4364 4636
779 4877
2242 3770
2740 4269
685 2188
4084 4759
1481 4558
2966 3318
2191 3935
2263 3170
4455 4786
4975 4998
903 3152
2259 2403
2352 2682
3695 4072
2819 4890
382 4871
3519 4191
3430 4133
1089 4191
2146 4730
4145 4527
4578 4612
1368 3304
1535 2013
1647 2872
3308 4404
1794 4786
1627 2287
1733 3249
4630 4876
3207 4696
2288 3996
1033 4349
3349 3935
4586 4980
3308 4010
3563 3695
4744 4837
1964 4802
1986 4998
38 4935
3177 4526
2420 4824
4647 4877
1697 4081
3853 3985
1728 3563
1599 4077
2159 4477
2251 4084
2801 3991
1955 2640
3048 4496
1988 4833
3418 4294
3790 4182
0 3349
1196 2305
1446 4349
1781 3963
2052 3593
2450 2872
4159 4873
4182 4730
4659 4890
3506 4038
4705 4934
285 4696
1726 4926
1656 4182
931 3473
2356 2852
3077 3997
2664 4772
1130 4936
3916 4596
1613 4877
4551 4730
1671 2843
1964 4793
2708 3006
2149 4825
3183 4647
3274 4890
365 2154
2287 2843
973 4578
4586 4625
1900 4269
4883 4935
4332 4935
1719 4936
4191 4346
2820 3116
2103 2464
469 2693
3349 4080
4148 4783
403 2433
25 1258
2485 4623
2417 4764
4125 4883
2845 4596
1477 2087
3441 4032
207 4191
3470 3654
370 3344
3358 4081
267 4788
275 3244
395 4404
2837 4325
1123 4496
681 4440
494 4936
4081 4936
4551 4608
365 3608
3003 3544
340 3806
3638 4526
966 1987
3735 4084
1951 1955
2103 4134
1987 4633
4294 4647
120 3410
4095 4871
668 3344
47 4788
4332 4608
4349 4509
2716 3644
4404 4696
1289 4657
1042 2994
3418 4647
2830 4809
3795 4926
1705 4871
4871 4948
1506 2640
1964 4783
1535 3688
1524 4182
2789 4837
2848 4077
3274 4876
1951 2106
2936 4025
4013 4455
1196 2801
2185 4824
206 4936
3790 4598
2041 4075
1473 2041
39 4184
764 2856
2367 4145
2721 4975
668 2433
4551 4816
1958 4237
3152 4916
668 685
40 2118
730 2118
2073 4329
3370 3401
4331 4647
365 739
494 3806
3665 4647
1958 4769
3776 4654
967 4568
2305 4494
3759 4448
730 3999
1144 4526
1983 4332
4147 4802
1277 3586
4331 4788
1335 4568
3430 3759
711 2740
542 2735
1042 3491
3730 4332
207 4825
4043 4837
4108 4494
403 2778
4527 4759
1180 3177
3654 3806
1394 4871
2103 3349
3963 4772
276 4786
1720 4075
3030 4511
4404 4654
4084 4496
2296 3177
2491 3991
56 4786
3578 4759
3506 4389
3030 3728
2491 3076
87 4410
3760 4980
4087 4890
3776 3997
2664 4442
2740 4442
4081 4392
1130 3358
1824 2464
263 4911
1288 3735
1539 4387
2121 4783
2966 3244
3274 4926
4730 4995
1621 4477
360 3935
1741 3888
4043 4385
2149 3968
47 4873
128 1828
1180 3168
555 3410
2727 4349
3759 4837
4161 4948
2356 2960
2267 3968
1214 4876
332 4623
2275 4825
2528 4630
2928 4038
2514 4633
3593 3840
3770 4980
4125 4934
4034 4769
2395 3152
450 2944
4145 4739
2852 3491
4095 4995
764 4134
1481 4364
1265 4559
3358 4077
1671 4181
748 3822
2471 4833
1277 3604
813 4527
2424 4571
1919 4911
4332 4883
3735 4585
1613 4294
2121 4125
145 2680
4410 4744
4087 4559
217 3375
1042 1714
1986 4975
1308 4871
4185 4585
1368 3999
66 4349
601 4976
382 4948
161 207
962 4010
739 2994
4477 4759
261 2874
340 4392
1599 3060
87 4443
3318 3359
1033 4108
4564 4877
1258 4075
2514 3308
3512 4103
4442 4769
267 4809
2356 4916
2106 4009
375 4998
1781 4824
2855 4578
2855 4724
201 4877
39 4410
1295 4034
2845 4744
2735 3999
3197 3776
3506 3665
1299 3638
1214 4926
4108 4349
369 4877
1609 4824
338 4385
1697 2068
3349 4558
4705 4802
326 4072
4783 4802
989 4980
3985 4926
4095 4730
903 4185
2458 3519
2664 2942
3291 3888
3790 4332
4049 4438
457 4934
967 2359
2106 2188
3730 4161
1219 3234
1572 4167
2868 4332
3735 4607
263 4890
1781 4769
1501 4511
1177 4998
730 3753
2390 3753
2424 4184
1627 4075
3274 4833
1832 4625
1601 2464
2690 4133
2789 2978
2196 4526
4038 4114
763 3604
1627 4181
2498 4936
2263 4438
4283 4876
3003 3373
2159 3723
4564 4883
742 2966
2118 3318
1794 2264
779 4793
772 3840
177 4786
25 555
4783 4792
681 4308
111 4564
2892 4755
3197 4724
4147 4647
3308 4633
403 2267
3608 4911
4184 4443
1198 3963
3996 4833
1265 3853
989 4772
4125 4793
4145 4496
1416 2465
3997 4404
4559 4926
1812 3360
2062 2299
1506 1955
2275 3782
285 4633
1620 3759
1139 3358
2159 3578
3728 4364
3506 4877
4833 4890
1864 2027
1123 3723
0 3623
3595 3991
3996 4008
685 4009
689 4237
2778 4208
4243 4788
267 4998
4013 4331
914 3968
2087 4526
311 4976
1308 4816
4025 4837
1988 4911
4389 4792
3795 4559
382 4976
1416 4764
535 4108
1983 4185
3728 4596
1201 4283
1549 2464
2118 4755
3665 4114
2255 4086
984 4392
1621 3770
4283 4890
416 4975
1998 3315
2196 3477
1120 2872
555 673
3358 3888
145 2764
1723 4926
2837 4134
1671 4075
4108 4552
4349 4657
1606 4072
2579 4998
2951 3916
2695 2936
2305 4049
1107 4568
1715 4975
4038 4793
3274 3579
3402 3963
1749 3623
2856 4325
1394 4948
73 4410
4559 4876
2146 4509
2664 4237
4564 4793
1222 3997
4625 4873
1368 4134
3935 4558
2465 4526
3315 4526
4308 4873
1535 3991
3375 4103
1308 4608
1480 3644
3985 4890
3168 4764
1068 2498
1601 2773
3723 4145
3853 4440
3820 4237
3820 4442
3999 4755
1477 4916
450 4438
4243 4802
1413 2848
341 2545
4331 4877
3470 4081
4161 4816
730 2966
4598 4976
2655 2874
3730 4935
298 4696
2740 3402
3236 4108
2149 2778
2773 4080
1812 4392
1987 3997
3152 4185
2727 3586
2284 4034
1719 3358
1258 2782
2664 4824
3343 4792
157 4809
1697 4077
3991 4438
621 4410
1599 4081
3759 4385
4185 4527
867 4816
4585 4607
4389 4802
2819 4440
2819 4911
3760 4145
73 4443
1001 3759
1198 4115
1308 4976
2263 3595
3991 4049
3401 3894
647 3623
1549 2565
3790 4935
2944 4177
2052 4568
3760 4084
2267 3519
2420 4772
3894 4586
2264 4788
1941 4911
2764 4916
2892 4571
3853 4910
2767 4995
2103 2856
120 2287
1135 1697
1864 4916
1714 3644
370 1951
3318 4764
2695 3030
3760 4185
3996 4890
1214 4440
3430 4837
4455 4788
3308 4724
1277 4349
2263 4177
1996 4890
3723 4585
311 4948
3894 4873
4182 4551
4586 4788
1196 2013
2081 4586
1613 4564
1549 3935
4084 4527
2255 2874
1446 4494
128 4769
2288 4876
2874 3512
3451 4769
3077 4010
1987 4387
4364 4571
1996 4659
3795 4440
1394 4816
4034 4269
3723 4084
2103 2191
311 4730
2856 3623
3638 4764
2410 3030
2735 3244
275 3999
488 4654
2267 4346
1063 4448
4876 4890
2109 4596
2183 4877
226 4948
3401 4809
101 4526
2778 4191
3840 4043
3832 4237
2266 4772
1501 4558
4571 4596
2087 2465
4730 4739
4331 4564
395 4783
1705 4883
2928 4792
4013 4586
4625 4998
4237 4269
1606 3563
2848 3470
4633 4696
748 4633
1726 4630
931 4392
2288 4833
2565 4558
2716 4916
1180 4526
2185 4772
4184 4364
47 4975
1705 4730
2528 4559
2843 4181
3586 4552
4511 4837
867 4948
872 4511
3077 4404
1177 4788
1139 3360
4730 4935
4509 4623
3470 4392
4331 4998
1201 4911
4586 4809
157 4455
1295 4269
2928 4389
4243 4873
2936 4837
2598 3840
3782 4191
3604 4349
4095 4332
4294 4564
3790 4730
1832 4786
146 2399
914 3573
505 3735
3343 4877
4883 4934
1413 2829
2142 4125
716 4792
2359 3593
2767 4161
3244 4755
247 3349
1308 4948
369 4793
1647 2450
3586 4108
2299 4936
3068 4237
1460 4623
4243 4586
1091 3236
2255 3695
2528 4087
2801 4177
2928 4647
1068 4148
311 4816
2789 4133
3595 4049
4147 4934
3770 4477
2725 4877
3820 3832
1601 4134
4349 4623
3604 4657
4477 4496
2041 2782
87 4511
2305 3991
4217 4325
2708 3999
2936 4443
4125 4148
3579 4659
3512 3695
3308 4696
1828 4442
1105 1720
4008 4926
1406 4607
527 4103
1996 4926
4087 4833
4578 4654
340 3473
2183 4802
2845 4443
2942 3963
2944 3991
3076 3595
3183 4877
4440 4659
2115 2390
3991 4177
1627 1720
1299 4167
1621 2364
145 4916
1535 4049
2255 4705
298 4654
4935 4976
2740 4115
3883 4696
1272 4043
1021 3644
332 4494
3968 4346
3166 3470
949 4739
1180 1570
2288 4630
1123 4585
4125 4802
4876 4926
25 4181
3343 4883
3418 4877
120 4181
1606 3695
4048 4935
4883 4948
2399 4075
3207 4654
2305 4438
2485 4032
469 2395
1986 4786
3579 4559
4809 4873
872 4596
3168 4145
3170 4438
4636 4910
2288 4911
4659 4833
4387 4578
3822 4010
555 4075
1413 3888
395 4389
1171 4998
1671 2287
1941 4283
2159 4980
1288 4607
1435 4877
1824 3935
2137 4596
1265 4890
267 4975
2121 4114
2317 4755
1562 4659
1021 2693
56 4159
120 1716
2159 4496
2290 4948
764 3935
2356 3152
3060 4443
1164 3451
1406 4739
3403 4511
1406 4585
4389 4934
4559 4833
1958 4034
2356 3644
3840 4837
742 3318
101 3318
867 4976
3183 4883
157 4975
1473 4075
1460 4494
3274 4087
4443 4636
673 1720
1574 1714
1063 3840
1599 4936
2655 4072
95 4809
3177 4916
2960 3491
813 3770
2281 4809
2255 3563
1601 2856
1705 4976
681 4786
2919 4552
689 4772
263 4910
748 4724
2027 2154
2125 2978
2655 4103
2041 2399
3116 4916
3652 4998
1120 1991
1683 4911
963 4585
4010 4724
3996 4346
1781 3820
2185 4442
1824 2837
2764 4167
87 4744
1726 4008
1988 4630
2259 3968
2281 4786
2680 3168
2928 4877
2142 4294
736 4438
3060 4410
4509 4552
2458 4346
146 1627
1091 3604
2146 4108
2789 4448
3586 4623
3343 4389
4008 4890
1539 4654
2942 4237
2716 2820
2951 4443
4455 4998
2367 4496
4568 4837
1683 4440
3920 4598
4448 4837
40 2108
326 4086
1601 3623
1533 1572
2506 3197
4935 4948
1295 4824
2137 4625
3593 4385
4133 4837
146 2287
1620 4385
1963 4764
1214 4630
2321 3519
2778 2847
3030 4744
1367 4346
66 4623
805 2433
4571 4744
2820 4916
2159 4527
2108 4755
2052 4448
1416 4526
2154 2693
1715 4809
2299 2682
2549 4623
4349 4552
3183 4793
4647 4705
4883 4976
4243 4625
1656 4995
3030 3403
4440 4630
2458 3782
4404 4612
2942 4824
1599 3654
2103 3935
4159 4455
2267 3573
1460 3234
360 1749
373 4392
4048 4161
2994 4916
2242 4145
3236 4032
3770 4185
2514 3776
4294 4389
988 2942
3358 3360
1063 4385
4873 4975
790 4890
2998 3695
4217 4243
1528 4975
689 4034
3048 4585
1919 4630
685 2450
1289 3441
2082 4633
217 4086
382 4935
2936 4596
375 3652
2420 4237
836 2727
1862 4167
3236 4329
3770 4084
2598 4385
3760 4477
931 3806
469 2852
2364 4527
3506 4294
3782 4825
4147 4793
4792 4802
779 4792
2830 4788
4551 4598
450 4571
2433 3519
2251 4496
1335 2899
2125 4385
2693 3491
2528 4890
1480 3116
2517 3963
4793 4934
2664 3402
748 4696
3077 4654
2485 4329
3573 4191
4125 4792
701 4217
2465 3168
2087 3168
3652 4873
4159 4786
2528 4659
3832 3963
1164 4115
247 4558
2255 4072
2643 3638
2856 4080
3375 4208
3985 4911
872 4025
903 4916
1647 2188
813 3735
1609 3963
3608 3795
3989 4783
1599 2281
3776 4633
1964 4294
2267 3782
2013 3595
4145 4980
4769 4772
1367 4911
3183 4114
1606 4086
1794 4975
1862 3318
2266 4237
4332 4976
112 2125
3060 4081
161 3519
2068 3888
83 1951
2819 3608
3451 4442
3723 3760
4625 4809
3401 4788
1716 2399
2725 4647
3735 4477
2892 4184
2892 4837
2998 4072
4077 4936
1572 2680
1477 2465
1726 4833
2251 4145
2708 2966
4038 4705
247 2856
2191 4134
4048 4883
2966 3304
711 2801
1139 4077
457 4389
3997 4654
1611 2764
1715 4788
3401 4455
3608 4926
4048 4976
1406 4527
3795 4659
108 4346
3373 4623
3358 4392
4108 4115
2830 4975
2410 4596
601 4948
1627 2782
3249 3578
3916 4625
2892 4636
1177 4873
2767 4730
3586 4509
1130 4081
3609 4511
3916 4571
2693 2994
2485 4509
3060 3403
1535 2801
1033 4509
4125 4705
4788 4998
3048 3249
779 4783
3544 4032
3579 3996
1705 4935
1139 4936
3728 3916
4159 4998
716 4564
2528 4911
4792 4934
4237 4772
4511 4558
1714 2820
4133 4568
661 3753
3077 4633
3652 4217
1998 3477
2196 3315
1272 4385
2695 4636
4788 4975
177 4998
4410 4443
1446 4509
1008 4772
2506 4010
1647 1955
2549 4509
3609 3916
2352 3291
121 4654
4612 4633
231 4625
87 4364
2290 2450
3782 4208
2259 4191
2830 4586
3491 4185
2899 3430
4084 4739
2655 3375
3894 4809
1198 4442
2081 4455
3608 4876
4724 4786
4032 4509
535 2919
3853 4630
375 3370
2296 4167
1919 4659
4976 4995
4551 4935
40 3999
3832 4772
1394 4935
4032 4108
4161 4883
2196 3177
4125 4877
120 4075
4114 4331
3920 4551
4816 4935
1413 3358
2928 4294
145 4764
2845 4511
3920 4182
2517 4772
988 2420
1986 3894
3573 3782
3579 4630
1864 3491
4332 4948
1501 4596
3358 4936
4598 4816
2899 4133
928 3473
2682 4936
1988 4876
3985 4087
1428 4177
341 2872
4559 4890
1733 4607
1606 4103
4114 4783
3595 4438
4564 4934
3985 4876
4455 4586
819 1728
3473 4077
4008 4283
4833 4926
2109 3728
3170 4177
3723 4496
3688 4494
469 4916
4871 4995
2471 4559
2013 3688
2471 4890
3506 4792
2830 4455
3608 4890
601 4871
845 4049
3077 4724
1963 4526
2450 4009
1741 3166
1308 4935
1570 4526
2275 4346
373 4077
3441 4755
1177 4786
3003 4623
4159 4243
2364 4585
1198 4824
4182 4816
3883 4724
206 2848
4283 4926
2928 4793
4072 4208
1196 4438
4598 4608
886 4633
2958 4049
3473 4936
2137 4511
819 4103
266 2041
1620 4448
2782 4075
66 3373
1733 4980
2149 4346
4608 4816
3608 4087
2960 4916
4793 4802
2065 4816
3820 4009
2159 4145
1105 3410
1800 4558
111 4877
108 2433
4455 4975
1120 1647
1719 4081
4788 4792
1832 4586
1832 4159
805 2259
3735 4759
1394 4976
1480 1864
161 3782
1647 1991
1728 4208
4075 4181
4217 4975
928 3358
2118 3244
2919 3586
984 4936
1153 4739
2142 4783
2471 4283
3249 4477
1367 4087
1144 1572
1919 4876
2081 4975
47 4998
2275 2847
1963 2196
2829 3654
2994 3152
4793 4877
1480 1574
3997 4612
772 4385
3506 4564
4182 4608
3066 3477
4086 4208
3441 4329
3776 4404
2159 4739
716 4793
83 2872
1019 3888
1824 4134
2296 4526
2465 2643
2082 4578
2082 4696
1562 4876
4598 4948
1214 4833
701 4455
247 4080
2364 4607
1988 4659
1573 3563
2830 4243
1273 2789
4038 4647
4184 4744
2598 4448
903 1042
2290 4816
1621 4607
1033 4657
1749 4325
3168 3359
3989 4038
4148 4389
4331 4792
4477 4527
146 1473
488 4612
1144 3177
1153 4511
2517 4792
2359 4133
326 4103
1562 3924
1986 4873
2716 2994
3519 3782
4125 4147
4527 4739
4890 4910
307 4438
764 1824
3853 4659
111 4883
2106 2640
4161 4935
683 4876
3308 4387
601 4816
2359 4043
3578 4739
3544 4623
2899 4837
764 2773
4586 4975
4148 4647
4114 4294
3068 4769
3544 3586
1794 4217
285 4387
1832 4455
4208 4346
2837 3410
4182 4948
2062 4081
2830 3370
3586 4349
3894 4217
4080 4325
1528 4049
2149 3782
3776 4696
3963 4237
2471 4926
4308 4455
4608 4976
2065 4976
505 4585
161 4191
716 4783
2640 3344
2266 3451
2767 4182
95 4786
2062 3806
3963 4769
1862 4764
2275 2433
2403 3573
2892 4511
4145 4759
683 4559
3609 4636
3989 4147
673 4181
0 2773
1068 3291
2819 4630
3652 4243
2321 3968
3430 4385
1812 3166
2549 4349
3985 4833
1153 4585
3370 4788
1413 2331
4013 4243
1714 1864
1741 2068
4786 4788
4364 4744
4455 4809
226 4976
836 4552
3168 4916
1272 3430
3451 3832
2395 3116
4217 4455
4009 4772
4477 4739
1295 4772
4496 4980
2317 4724
1105 2843
2579 4586
4034 4772
201 4647
2433 4191
2874 3695
3888 4081
386 4755
4025 4511
1130 3888
3609 4837
3609 4184
4477 4980
4410 4636
2716 3491
3370 4217
4496 4739
2013 3170
3822 4654
2264 3894
4331 4783
3006 3244
1501 4636
967 4448
3759 4568
1656 4871
4237 4442
2829 3888
2830 4998
1637 4833
1272 4448
4184 4511
3236 4349
3770 4527
3989 4564
332 3604
3665 4147
4010 4612
4816 4976
2299 3473
4087 4440
201 4793
2068 3291
4177 4494
2062 3473
3544 4552
3308 4654
4496 4607
269 4208
1671 3410
2251 4477
2290 4935
3373 4657
3723 3735
2188 2545
1477 3477
2390 3304
3638 4167
2242 4527
4095 4948
4325 4975
2852 4916
2082 4612
2899 4043
2121 4647
2966 3006
2767 4598
2498 3806
3473 3806
3166 4392
3579 3853
1460 4509
3360 4081
3735 4980
643 3753
2359 4448
3652 3894
1446 3373
2951 4636
1460 3236
1368 3349
3470 4936
3695 4208
1222 4654
1367 4825
2868 4976
4167 4916
2284 4769
416 4788
966 4998
1428 3170
1033 4552
2364 4759
809 4598
1983 4816
4182 4976
4217 4998
3274 4910
2137 4558
3076 4438
3795 4630
1335 4385
2874 4103
2288 4659
2433 3968
3410 4181
1413 4936
853 3315
1528 4788
3985 4559
4526 4764
4625 4837
4792 4883
1794 4809
2549 4032
4598 4883
1198 4769
403 4825
1273 4448
2721 4873
3985 4440
872 4636
4148 4585
4167 4764
1862 2417
3506 3989
3593 4568
1570 4764
1991 2106
2367 4585
4608 4730
4647 4934
2830 4786
1719 4392
621 4443
4410 4511
1450 4443
2565 2773
2819 3996
4786 4809
3506 4191
2317 3753
1665 4032
3418 4934
4910 4911
3048 3770
403 3573
836 4509
3370 4325
3595 4177
4269 4824
2263 3688
2847 4346
3916 4184
3586 4032
4705 4883
1135 4936
3924 4659
2727 4657
4159 4788
2640 2872
3782 4346
2847 3782
1034 4049
1413 3654
3760 4739
2565 3623
1107 4133
3451 4269
4147 4792
4182 4883
3623 4325
1991 3344
3790 4608
1864 2716
2364 3770
40 3291
3249 3760
1428 4494
4325 4873
886 4696
3790 3920
2549 3003
2829 3470
2065 4608
4048 4995
1265 4926
1450 4025
1620 4043
2073 2919
2290 4976
469 2027
3401 4786
867 4871
2367 4739
3274 4630
1539 4612
3916 4636
966 4809
2356 3491
3579 4911
191 2062
542 3753
673 2843
2847 4208
2154 4185
4148 4705
4364 4410
2690 4448
1800 2856
1068 3358
4308 4786
673 4075
3360 4392
206 4392
984 1130
2154 3644
3343 4783
3985 4910
2420 3820
2664 3832
3375 3512
1705 4948
488 3776
4325 4455
3451 4115
3730 4730
4792 4793
4511 4571
1258 4181
1367 4910
375 4975
4191 4825
3963 4034
1728 4072
4013 4788
56 4586
661 4755
3030 4184
1824 2191
2065 4935
3790 4976
1728 4103
736 4177
3776 3883
223 4877
1019 4081
4108 4657
191 2498
4788 4873
3776 4578
56 4243
3654 4936
1828 4772
2868 4948
3030 4410
3343 3989
1153 4527
3491 4916
4477 4607
949 4607
3997 4578
1214 4659
4308 4325
974 4585
3197 4612
4114 4564
2410 4744
267 4586
2680 3315
661 4764
963 4084
1611 3638
3418 4802
1613 4647
1824 4080
2137 4443
4389 4783
416 4873
2837 3623
4185 4477
2778 3573
4331 4586
4404 4633
3985 3996
2655 3695
4025 4558
962 4633
1714 2994
4607 4980
1001 4133
2545 2640
505 4739
662 3519
3360 3806
3207 4578
1121 3999
2305 3170
2106 2872
3924 4910
4389 4883
338 4568
1277 4329
1697 3470
2549 3234
1299 4526
3318 3753
2598 2978
4385 4448
112 1272
2845 3728
4048 4871
681 4013
3688 3991
4564 4802
4148 4564
3066 4764
2331 4077
3730 3920
2491 4049
643 2108
4087 4911
1428 3688
1222 4612
1421 4769
3989 4793
748 4654
2716 3152
3760 4585
4269 4772
1656 4816
2936 4410
3608 4440
2281 4625
3403 4558
4571 4837
206 1812
4013 4308
966 4975
790 4926
3578 4527
4125 4294
1528 4243
2082 3997
2149 4191
3985 4659
2281 4975
2778 4346
4654 4696
2874 4072
184 4387
1828 3832
2331 4936
928 4936
395 4934
2251 3249
1033 4494
3820 4769
1034 4177
95 4873
853 3638
1533 3315
1606 4705
2491 4494
1611 4764
3593 3759
2978 4385
3989 4802
668 1506
2506 4654
2287 3410
4877 4883
1983 4948
2528 4926
4294 4783
1473 2399
2958 4438
3665 4389
1533 4764
967 4385
3924 4440
662 4346
928 4077
2740 2942
4564 4705
2960 3644
3770 4607
2115 3999
4586 4786
4625 4788
736 1034
973 3997
2485 4657
1656 4608
4596 4625
3170 4049
2773 4558
1367 4191
2868 4598
3894 4013
2284 4237
1941 4833
3177 3477
966 4586
1105 4075
3477 4764
2417 4916
3604 4329
4496 4527
1828 4824
4389 4705
1477 4764
2978 4837
2052 4043
662 4825
2154 2820
2185 4769
3506 4793
4147 4294
2498 4392
3048 3723
4625 4636
1697 3473
535 3586
2966 3753
988 4769
535 4623
1335 3759
2106 2545
3197 4387
3430 4568
1367 3782
3665 4783
1528 3401
3820 4034
1171 4786
805 3519
2693 2820
967 3759
4048 4332
4161 4332
332 4108
3770 4739
3234 4032
266 4181
4389 4564
1998 4526
416 3401
2242 3760
2458 3573
4167 4526
1481 4596
40 3244
1068 4077
3776 4724
4364 4837
4025 4443
1683 4876
1714 2716
4048 4948
360 4134
739 903
4013 4159
1656 4948
1719 3166
1611 2417
4095 4551
1900 3963
2242 4585
121 4696
643 1121
1570 3477
1723 4659
2259 2778
4630 4890
764 1749
1562 4008
2655 4086
112 4448
1288 4477
1273 4385
2395 2820
4043 4568
4009 4824
1572 4916
3183 4389
1042 4916
3441 4494
4010 4387
1089 4825
3370 3652
1033 4623
3077 3883
4331 4802
4585 4739
962 4724
1832 4788
4630 4659
1671 2782
967 4837
1121 4755
1705 4816
4159 4217
4147 4705
2352 3473
1501 4115
3170 3595
1549 4325
4792 4877
2514 3197
3609 4571
2410 4571
701 4013
2027 2395
3916 4511
4654 4724
2395 3644
2068 3470
2680 4916
1733 4585
3790 4816
1570 3359
2108 3753
3723 4739
1428 3595
3166 3888
4025 4596
1130 3360
2664 3451
1606 2874
4049 4494
2121 4793
4890 4911
161 3573
4217 4331
3728 4837
2183 4783
369 4647
1716 4181
1683 4890
4114 4389
1549 4080
2267 4208
73 3728
805 4346
95 4788
1477 3318
1120 1955
872 3728
4526 4916
446 4876
2259 2847
1171 4809
1726 4911
3832 4115
2142 3989
3573 3968
2465 4764
3048 4980
206 3291
505 4980
2928 4783
4559 4659
1008 4115
4623 4657
2317 2390
1450 4364
2856 3935
47 4809
1812 4936
2296 3318
2928 4147
621 4511
3519 3968
527 4086
3735 3760
4148 4792
4331 4389
4332 4730
4816 4995
4630 4911
621 4837
1958 2420
2287 4075
4145 4185
4527 4585
3343 4147
962 4654
3236 3604
2296 3359
2517 4824
1958 4772
2598 3430
2364 4477
1406 4084
4325 4331
4786 4975
4095 4816
4048 4598
685 1991
4086 4103
2506 4724
3573 4208
4331 4934
4008 4910
2942 4442
1570 3315
1656 4976
2305 2958
2287 2399
3506 4647
3894 4243
527 1606
779 4564
4048 4730
121 4724
2267 4607
4558 4744
819 4072
4552 4759
2919 3003
395 4802
3249 3723
4871 4935
2013 3991
2103 2837
2829 4936
1753 4783
3989 4934
962 4696
338 4181
121 4387
2773 3623
3207 4387
2321 3782
2471 4911
4876 4910
3623 4134
3790 4551
2259 2267
736 2801
1171 4975
448 1258
3373 4349
2266 3402
4552 4623
2514 4010
668 2450
853 4916
275 3753
488 3883
2137 3609
298 4633
1991 3730
4527 4607
4008 4659
2065 4995
2735 3304
4048 4608
1741 4936
340 4936
914 3519
201 4792
1021 2852
4161 4608
2801 4049
836 4032
886 4724
3030 3609
1421 4269
1613 4792
1120 2188
2944 3595
1091 4329
2721 4998
2367 4759
3076 3991
3402 4769
376 4385
2978 4568
3968 4208
3170 4494
1963 2764
2471 4008
3477 4167
4332 4816
2664 4269
813 4739
4739 4759
3403 4636
2082 4724
3076 4494
4551 4871
931 4936
3304 3753
184 4578
819 4086
2565 2837
4455 4625
2263 2491
3644 4185
4816 4871
1481 4410
112 4043
3924 4876
1177 4625
1089 4346
3820 4269
1180 4764
1753 4793
2154 3116
3274 4911
2579 4975
2725 4793
2978 4448
217 4705
3760 4527
988 4237
1063 4043
1620 4837
1034 4438
974 4759
4578 4696
1812 3291
1222 3822
3418 3989
1539 4633
4048 4816
4443 4596
984 2299
3177 4764
3578 4585
3183 4038
1164 4772
3623 4080
3883 4654
2109 4025
285 4612
3578 3760
2966 3999
4217 4586
4598 4995
39 4558
3883 4010
2081 3894
3066 4916
2928 4802
2506 4633
3430 3840
184 4696
191 984
3249 4739
2740 4772
1153 4596
231 4873
1637 2819
1601 3349
966 4873
3060 4077
4161 4995
1983 4551
4161 4598
4608 4948
4739 4980
601 4935
2390 4755
1535 4438
1068 3473
2767 4551
4564 4783
3604 4494
4009 4442
3985 4008
1481 4443
1034 2801
201 4802
736 4494
2052 4837
4161 4730
4308 4788
223 4783
1539 3883
886 4654
3401 4586
3822 4696
1222 4633
2868 4935
4438 4494
1741 4392
3776 4612
87 4571
711 3991
1528 4873
1473 4181
3730 4608
1201 4659
4182 4995
263 4876
1171 4455
1987 3776
2820 3152
3853 4283
730 3304
845 4177
989 4769
4659 4911
4788 4809
4877 4934
28 4551
2082 4654
2185 3832
3077 4578
275 3006
1506 2545
327 4948
2506 4578
2655 3563
1524 4332
1214 4911
4147 4883
3579 4910
121 4633
4612 4654
4871 4883
365 2716
2073 4623
2899 4448
962 4612
3183 4442
2013 4177
3375 4086
1068 2068
4948 4995
4910 4926
3402 3820
813 4496
4647 4793
2998 4103
2288 4559
38 4730
3728 4184
4511 4636
4331 4455
25 4075
1572 4764
4443 4571
3430 4043
4013 4217
4772 4824
128 4824
949 3735
1549 4134
1719 2062
1477 3066
1570 2764
1611 4526
4115 4269
4816 4948
2716 3116
1180 1862
1955 2188
4043 4133
4008 4630
3006 3304
177 4980
3782 3968
643 3304
2255 4103
1435 4389
3418 4038
3753 4755
1549 3349
4048 4551
1265 4911
4087 4659
1964 3183
327 4608
2680 4764
4184 4571
4331 4873
3916 4025
4095 4976
1716 4075
3470 4077
1951 2188
1574 4916
2108 2735
2403 3519
3563 4086
2288 4890
376 1335
83 685
1620 4133
2013 2958
4010 4696
1368 2464
4147 4564
4161 4871
298 4578
66 4509
1941 4890
0 4558
73 4744
2801 2944
2998 3375
2121 4009
1435 4934
742 3006
2188 2872
4440 4910
872 4744
4494 4623
66 4108
3735 4527
662 3782
1963 2680
1196 2263
2108 3244
201 4934
1428 4049
967 2690
184 4724
3652 4308
3924 4911
2829 4077
1573 4208
4647 4783
2403 3968
1021 4916
3924 4833
1524 4871
3593 4043
3894 4455
4329 4657
1121 2708
2919 4657
3753 3999
4612 4724
4049 4177
1723 4630
1562 4911
1964 4564
3795 3996
2778 3968
4087 4910
450 3170
3795 3853
3822 4724
2081 2464
2403 4346
1647 2640
3473 4081
3989 4877
2149 2275
3989 4792
4095 4608
2417 4167
448 2041
83 1991
4072 4705
2874 2998
739 4916
2118 3999
3076 4049
4184 4410
3790 4161
2852 4185
2843 4075
4625 4975
1570 4167
3563 4103
3030 4025
4625 4786
1900 4769
4243 4998
450 4744
3652 4975
3888 4936
2125 4133
4159 4975
3249 4607
191 3291
2275 4191
1573 3695
1627 2399
1144 3477
2121 4934
2142 4792
1068 4936
269 4086
2109 4625
3373 4032
266 4075
3236 4552
3197 4010
2998 4208
87 4596
3304 4755
2837 3935
3832 4034
2773 4134
3197 4654
1683 3402
4331 4975
3441 4623
4134 4558
2266 4824
1123 4739
1656 4935
2951 4364
376 3430
3608 4559
375 4788
3735 4739
3359 3638
1196 3076
128 4772
217 3695
4586 4873
1647 2545
3418 4114
3608 4659
2579 4809
1794 4243
3935 4134
0 2191
3370 4586
1299 2417
4159 4325
1120 2450
4385 4837
4133 4448
2951 4596
95 4998
2682 3360
3441 4349
1996 4876
3883 4578
601 3790
1480 2716
3604 4552
3790 4948
4349 4494
376 4448
2296 3477
3370 4873
4802 4883
3249 4585
2664 4769
1988 4559
261 4103
3418 4125
1919 4559
3989 4125
1941 4926
3795 4911
2196 4764
269 4072
2837 4080
2185 4115
4647 4802
3291 3360
3593 4448
2255 3512
1107 2899
2892 4443
2183 4792
3894 4975
1295 3402
3349 4325
2399 2782
382 4551
2052 4385
2068 2299
886 4578
2196 4916
3888 4392
716 4934
931 3166
338 1671
1421 3068
2740 3068
2027 4916
3506 4934
3183 3506
3308 3997
2845 4025
4607 4739
1958 4442
2191 4325
3375 3695
845 2944
1135 4077
853 3477
3586 4329
3401 4975
779 4802
4793 4883
2284 4824
2506 4696
2196 4167
3315 3638
2847 3519
643 2735
2819 4876
4103 4705
3451 4824
3776 3822
403 4346
4608 4883
3236 3373
3234 3373
4010 4654
3578 3723
914 4191
1996 3996
681 4998
2109 4410
3236 4509
2848 3360
3068 4772
3688 4438
1524 4608
2266 4034
2549 4329
2978 3840
3375 4705
3274 4283
1222 4696
3308 3883
2690 4568
2121 4792
2491 3170
1987 4578
108 1089
3544 4509
3665 4038
3451 3820
527 4072
2944 3076
1573 4086
867 4935
101 4764
3770 4496
4080 4558
395 4877
3077 4387
40 2115
542 730
4730 4948
2695 4410
2367 3770
4496 4759
1460 4349
1741 3358
3006 4755
1201 4177
1919 4833
2740 4237
2868 4816
2356 4185
56 4998
1983 4976
266 3410
101 4916
1599 3806
4086 4705
2068 4081
1524 4976
2420 4269
4038 4147
4625 4744
2464 2773
4009 4769
4148 4793
2065 4871
1621 3735
1063 4568
2966 4755
819 3375
2299 3166
903 3644
3608 4630
4816 4883
928 4392
4115 4769
1506 2106
2052 3840
527 2998
4125 4647
3506 4802
2960 4995
3370 4786
643 3999
4890 4926
4103 4208
974 4739
2549 4657
2848 4936
3183 4783
4008 4911
4010 4578
4494 4552
4551 4995
1996 4911
2727 4623
2125 4568
931 4077
931 3360
1574 2027
2936 4571
1665 3003
3579 4876
145 1144
1733 4084
4443 4625
1620 2598
2708 4755
2068 4936
1042 1480
1800 4134
711 3688
3795 3924
4125 4389
2845 4571
4217 4873
112 3593
2121 4802
2251 4585
2364 4739
1288 4585
4038 4564
2081 4873
3806 3888
853 1998
1177 4586
4876 4911
2872 4072
1697 2682
3790 4883
1265 4833
3077 4696
3207 4633
1394 4551
4283 4659
4636 4744
1196 4177
4598 4871
95 4217
3989 4647
2549 3544
3920 4935
4630 4926
1021 2994
39 4571
3604 4705
2829 3291
1832 4873
3048 4084
4048 4182
177 4739
2284 4772
3996 4910
949 4496
1288 4496
1862 4526
1794 4998
1862 2087
3996 4087
4608 4935
369 4802
673 3410
1130 3291
2259 2275
2465 4167
2267 4191
2951 3403
3759 4133
3410 4075
3963 4009
4159 4586
809 4871
1144 4916
1720 2782
3249 4527
266 2782
3579 4890
4108 4623
4559 4911
2725 4934
4786 4998
223 4792
276 4998
689 3820
1609 4772
4182 4871
3236 3586
2491 2944
4559 4630
338 2690
764 4080
973 4387
1753 4792
2725 4792
3665 4564
1781 4772
1988 4926
1683 4926
2514 4724
2778 4825
2115 2735
4008 4559
845 3991
1335 4837
1963 2417
3315 4764
2640 4009
1524 4948
1435 4147
2299 3654
1951 2872
2027 2356
1958 4269
2491 3595
4084 4585
4087 4283
73 4184
2491 4438
3403 3728
448 2843
2960 3152
3048 4739
4833 4876
3403 4837
1723 4911
2892 4364
3997 4010
1697 4936
2465 3315
226 4332
4148 4934
370 2450
3608 4833
2845 3609
28 4871
1001 4568
3593 4837
3989 4294
4133 4385
1288 4739
4329 4558
2424 4625
1477 4167
2115 2708
2549 3586
3579 3795
2695 4025
3207 4612
3883 4387
730 3006
3853 4114
989 4824
4147 4877
332 4349
3822 4387
4217 4788
1832 4975
2837 3349
3060 4184
120 2843
2872 3344
2695 3728
3595 4494
4308 4975
2782 3410
2845 4837
2424 4596
2264 3401
448 4181
739 3491
1714 3491
1180 1533
2727 4108
307 4049
2727 3373
2892 4025
4659 4910
4184 4558
3343 4934
3563 4705
2081 4998
370 4009
3197 3822
3349 4134
2288 4440
2359 4568
73 4364
4585 4980
3665 4125
853 4764
4084 4607
2708 3753
2464 3935
1683 3853
4077 4392
275 3304
1394 4608
3924 4890
805 4191
4161 4182
3578 4980
681 4975
701 4809
1733 4145
207 3968
1951 3344
4647 4792
4013 4786
4161 4551
4596 4744
2041 4181
3578 4496
1368 2773
4331 4883
207 4346
689 4114
3665 4883
3920 4816
370 1506
217 3512
3795 3985
3604 4509
3183 4934
4114 4934
2082 4387
2149 3573
2545 2764
2789 3840
2087 3638
2305 3595
527 3375
1524 4816
39 4596
1368 3006
928 2843
2919 4494
1683 4659
3403 4744
3652 4625
4294 4792
2829 4392
2919 3441
2296 2465
1716 2287
450 4443
2471 4087
2125 4043
2892 4744
1450 4744
2267 2458
3003 4032
3853 4833
683 4926
1460 3544
973 4696
1164 4269
2514 4696
2978 3593
763 4108
1539 4724
4364 4443
177 4607
1008 3068
4404 4724
2565 3349
2919 4349
207 4208
4332 4598
763 4349
1335 4133
4410 4558
1620 4568
4440 4911
3579 3985
2801 4438
1998 3177
2598 3759
2695 4744
226 4935
3563 4208
1367 4926
4080 4134
2115 3244
4237 4769
3723 4607
2287 4181
2819 4833
2125 4837
2643 4526
4013 4975
4578 4724
4294 4802
3609 4596
2682 3888
1089 3968
2191 4558
146 4075
1726 4440
1139 3806
3593 4133
3665 4877
4948 4976
2403 4825
3730 4598
3418 4564
867 4598
1368 3207
3030 4571
4114 4792
1121 3304
3820 4772
4308 4809
3776 4010
1091 4509
3370 4159
2109 4744
1533 3177
2390 3244
742 3999
2137 4410
3360 3473
4392 4936
1177 4975
4596 4837
4038 4783
2264 4873
338 4448
1273 4043
25 2782
145 1862
2782 4181
3920 4976
2565 4134
2191 2837
2874 4086
3688 3968
4147 4389
3291 4081
4010 4404
4607 4759
1021 4185
2142 4793
1800 4325
1413 4392
38 4311
40 4474
47 4500
56 4675
83 2979
101 251
108 4983
111 3904
112 3582
157 3531
161 3355
184 4784
191 4304
206 4126
223 4377
226 4862
231 4140
261 4897
263 4104
276 2342
285 4827
296 298
307 4982
326 4658
327 4941
340 4974
341 4940
360 4467
369 3863
373 2962
375 3238
376 1537
386 4797
416 4820
446 4383
457 4023
469 2668
494 4304
505 2599
535 4622
542 4474
643 4474
661 3889
662 3433
701 3201
716 1944
733 763
772 3285
779 4277
790 4343
813 1759
819 4735
845 1803
867 1670
872 4285
914 4247
949 2952
962 3950
963 4853
982 984
989 4353
1001 4923
1019 4510
1042 4470
1063 4767
1105 3088
1107 3464
1120 4606
1135 4669
1139 4278
1144 3390
1164 3893
1171 3866
1177 4447
1265 4807
1272 3986
1277 1456
1289 4813
1308 4991
1367 2696
1394 4820
1413 4450
1416 3188
1421 4462
1428 1866
1435 2298
1450 1451
1460 3818
1477 3209
1480 2629
1481 4525
1535 4674
1539 3618
1562 2765
1570 3324
1500 1572
1573 3427
1574 4621
1609 4221
1611 3033
1612 1613
1620 3986
1621 4888
1627 3802
1637 4306
490 1656
1665 4856
1705 4396
1714 4021
1715 4808
1716 3909
1720 4117
1726 4863
1741 4292
1753 4675
1794 4082
1800 4954
1812 2129
1824 4539
1832 4437
1862 4113
1864 4057
1900 4274
1919 4291
1167 1951
1955 3905
1649 1958
1386 1963
1964 4684
1854 1991
1998 3556
2013 4563
2041 4445
2052 3711
2062 3368
561 2068
2073 2605
2087 3754
2103 4843
2106 3624
2108 3889
2109 3314
2115 4474
2118 3889
2125 3986
2137 3785
2146 4583
2149 3921
331 2154
2159 4919
2183 4324
2185 3029
2188 4154
1659 2191
2242 4433
2251 4904
2080 2255
2259 4002
2263 4275
2264 4813
2275 4278
2284 4609
2287 3731
2290 4459
2296 4338
2299 4982
2305 4174
2317 4284
2321 4968
2331 4524
2352 4338
2358 2359
2364 4999
2367 3203
2390 4474
2399 3014
2403 3764
2410 3969
1453 2417
2420 3766
2424 4343
2450 4814
2458 3890
2464 3831
2465 4499
2471 4018
2485 4643
2498 4687
2517 4946
2528 3264
1482 2545
2565 3281
2579 4669
2045 2598
2640 4670
2643 3405
2664 4958
2680 3556
2213 2682
2690 4412
381 2693
2695 4172
2708 4474
2721 4915
2725 3100
2711 2727
2408 2735
2740 4274
2767 4991
2773 3332
2782 4804
2789 3615
2801 4547
2819 4493
2820 4887
2829 4304
1287 2830
2837 2844
2845 2995
2848 2962
2852 4763
2855 4797
2856 4463
2868 4822
2874 3427
2790 2899
2919 3990
2942 4274
2944 4523
1126 2951
2958 3027
2960 4311
1825 2966
2978 3986
2998 4817
3003 3438
3006 4474
3030 3458
3048 4906
3060 3063
3066 4383
3068 3492
3076 4262
3077 4486
3152 3540
3166 3167
3170 4616
657 3177
3183 4575
3197 4284
3207 4843
2644 3234
3244 4474
3249 4428
3274 4940
3304 3889
3308 4153
1744 3315
3318 4474
3343 3921
1267 3358
97 3359
3028 3360
3370 4231
2726 3375
3401 4449
3402 4274
3403 4615
3418 3419
2050 3430
3441 4502
2673 3451
3470 4753
2962 3473
3477 4664
2405 3491
3512 4748
3519 4106
3544 4531
3427 3563
2908 3578
3159 3579
3586 3741
3593 4984
2311 3595
3604 4546
3608 4363
3193 3609
1659 3623
3556 3638
331 3644
3023 3652
3180 3654
3665 4693
3688 4872
2969 3695
1015 3723
16 3728
3730 4642
3735 4758
3753 3889
3518 3759
3760 4550
3770 4452
2660 3776
747 3782
3790 4991
1518 3795
3806 4727
3049 3820
1048 3822
3832 4610
3853 4253
2363 3883
3888 4304
2923 3894
246 3916
3920 4991
3383 3924
2728 3935
3537 3963
2912 3968
1693 3985
3989 4441
2965 3991
3225 3999
3332 4009
4010 4593
4012 4013
4023 4025
4032 4892
4034 4039
4038 4164
4043 4903
4048 4991
2311 4049
4072 4073
4075 4079
2876 4077
1659 4080
4081 4327
3969 4086
1401 4095
3427 4103
2644 4108
4114 4255
2630 4115
2589 4125
2212 4133
4134 4918
4145 4416
4148 4421
4159 4252
3233 4161
723 4167
2965 4177
3014 4181
4182 4573
4184 4572
3860 4191
4208 4351
4217 4353
3049 4237
4243 4992
1029 4269
3151 4283
4294 4399
4308 4754
4325 4490
2644 4329
3335 4331
3179 4332
4346 4350
2512 4349
3796 4364
1947 4385
3290 4387
4375 4389
4068 4392
4404 4879
4157 4410
2311 4438
4440 4441
3549 4442
1689 4443
4446 4448
4455 4457
4477 4480
4491 4494
4493 4496
3275 4509
1227 4511
160 4526
620 4527
3378 4551
2428 4552
3086 4558
4554 4559
136 4564
431 4568
3647 4571
2354 4578
4585 4952
2757 4586
16 4596
983 4598
3409 4607
4608 4991
1311 4612
2605 4623
1782 4625
4627 4633
4562 4636
4572 4647
4654 4664
2644 4657
4659 4865
4609 4696
3917 4705
4724 4829
4730 4991
4738 4739
16 4744
3925 4755
1228 4759
4446 4764
4768 4769
4274 4772
7 4783
4220 4786
4220 4788
2759 4792
2759 4793
3013 4802
3449 4809
983 4816
3930 4824
4820 4825
4521 4833
706 4837
4462 4871
2329 4873
4241 4876
2759 4877
4883 4991
3084 4890
4334 4910
4545 4911
4754 4916
3251 4926
3802 4934
4462 4935
2962 4936
983 4948
2757 4975
4454 4976
3630 4980
3143 4995
4220 4998
38 4784
231 4703
307 4861
327 4937
341 4971
386 3564
446 3646
457 4285
494 4845
790 3798
989 3630
1135 4514
1416 4892
1572 4052
1573 2835
1665 3909
248 1715
1794 4220
2118 4474
2146 4835
2183 4681
2284 4482
2290 4666
2317 4555
2331 4839
2352 4028
2359 3986
2390 4803
2410 4471
2424 4819
1854 2450
2485 3849
2498 4221
2517 4997
2565 4839
2579 4535
2643 4721
2129 2682
2695 4720
2721 4974
2767 4456
2829 4800
2845 4469
2848 4304
2852 4851
2855 4487
2919 4361
2942 4230
2951 4973
2958 4235
2960 4849
2966 4474
3060 4304
3066 4050
3076 3518
3152 4716
3177 3556
1583 3207
3244 4964
1500 3315
3318 3843
3340 3343
723 3359
3402 4868
2630 3451
3475 3477
2605 3544
3563 4967
2116 3579
2988 3593
3595 3801
3643 3644
3654 4706
3728 4352
3730 4991
3278 3735
3753 4474
3339 3776
2026 3790
3806 4304
3832 4274
2779 3883
2962 3888
3924 4336
3571 3935
3599 3985
2311 3991
3999 4474
4025 4431
4034 4274
4048 4642
4049 4120
3427 4072
4075 4893
4081 4304
3511 4095
4115 4274
4074 4125
3901 4133
4148 4461
4154 4159
4161 4642
3846 4167
1803 4177
4181 4806
4182 4642
4208 4216
4217 4218
4070 4237
4220 4243
3958 4269
3251 4283
2176 4308
4325 4891
3868 4329
4332 4991
3073 4346
4387 4388
3371 4389
4304 4392
4404 4718
3172 4410
4438 4852
4440 4567
2630 4442
4443 4757
3986 4448
4220 4455
4295 4477
2502 4496
3527 4511
3994 4526
4462 4551
2882 4552
3235 4559
4564 4661
1969 4568
4295 4571
4578 4579
4585 4960
473 4586
1010 4598
4239 4607
4608 4642
4612 4715
3089 4623
2354 4633
1322 4636
1664 4647
2354 4654
4656 4657
3427 4705
2354 4724
4462 4730
4755 4757
3135 4759
97 4764
4765 4769
4772 4828
1096 4783
4287 4786
4316 4788
3013 4792
4742 4793
4643 4802
4220 4809
4752 4816
1002 4824
4307 4825
3251 4833
3986 4837
3179 4871
4220 4873
4738 4876
3237 4877
4883 4887
3251 4890
4910 4965
3251 4911
3622 4916
4926 4930
2759 4934
2294 4935
2129 4936
3179 4948
4220 4975
3179 4976
2283 4980
4642 4995
4972 4998
307 4742
341 4287
1135 4581
1416 4851
1665 4218
2183 4778
2284 4841
2290 4434
2317 3884
2410 4264
2424 4920
2485 4411
2498 4999
2517 4822
2579 4848
2643 4532
2682 4304
2721 4923
2960 3355
3066 4355
3207 4650
3244 3889
3654 4902
2026 3883
3924 4599
4048 4756
2965 4049
4081 4908
3966 4095
4161 4991
4269 4274
4308 4380
4332 4462
3013 4389
1583 4392
4327 4404
2965 4438
3049 4442
4495 4496
4551 4991
2372 4552
4568 4933
4598 4642
4588 4608
4166 4636
3013 4647
4705 4706
2026 4724
4642 4730
3059 4755
1807 4759
3828 4769
2630 4772
2759 4783
2757 4788
4793 4797
4801 4802
4809 4812
4642 4816
3049 4824
4520 4825
4833 4979
133 4871
4873 4964
4876 4900
4870 4877
4462 4883
2582 4890
4305 4910
3865 4916
2172 4926
4934 4939
4935 4991
4948 4951
2294 4976
4991 4995
341 4853
2424 4665
2498 4454
2517 4961
2960 4784
2722 4404
4551 4642
4464 4608
4636 4698
2372 4759
4462 4816
4780 4825
4871 4991
2172 4876
4880 4910
3556 4916
4926 4928
4462 4948
4462 4976
4642 4871
4948 4991
