3985 4293
1954 3238
3453 3464
2485 4258
2074 2588
4144 4182
410 3908
887 4827
3175 3746
3886 4598
4671 4796
2895 3259
3428 4551
291 4505
3963 4186
4376 4606
3880 4299
4299 4739
3817 4880
205 4564
868 4606
2941 4880
2903 4697
2016 4859
2176 4827
4500 4855
2343 3727
4674 4732
227 4232
428 4420
4322 4674
1485 4980
4732 4851
634 4980
1651 4592
2596 3194
1665 4487
804 3904
3154 3831
608 4598
2038 4441
3154 3904
280 4711
1241 4933
65 4592
4211 4827
4744 4842
682 4827
4487 4496
105 4068
2277 4988
4258 4453
3607 4824
654 4299
1100 4546
159 4872
2645 4791
2344 4774
3904 3944
1698 3568
1698 4029
4796 4900
4153 4817
3428 4676
3381 3658
4153 4564
3610 4906
2999 4827
3084 4087
571 4598
951 4434
1993 4980
3989 4827
2259 3920
2190 4900
682 3654
3908 3963
918 4232
2369 3453
4144 4554
336 4136
4151 4980
3316 4906
4551 4900
3572 4873
1560 2370
3746 4239
4144 4441
2388 3281
3381 4978
2385 3880
3433 3726
2124 4859
3596 4923
986 3511
4322 4434
1585 4384
4787 4817
2238 4232
656 4111
2102 4829
3338 3831
1373 4900
2410 3490
4151 4266
198 4906
3154 4795
2344 4191
842 4978
4030 4043
1100 3410
2120 3453
2652 4935
1088 4384
1905 3580
2422 4795
2277 4817
4193 4239
4230 4855
2402 4665
1940 3944
2080 4759
4554 4802
2120 4505
2336 4865
4099 4239
1051 4440
2605 4697
3158 4204
4334 4428
2929 4537
3889 4525
2485 2674
3910 4591
562 3831
2316 4500
2365 3901
3088 3850
3170 4434
406 1051
2048 4665
912 2146
2636 3800
4859 4877
2954 4344
2514 4787
1863 4351
970 3299
3338 3580
1485 4299
4362 4453
867 3117
3607 4267
4865 4877
2343 4082
3154 3504
863 4440
2922 4855
4258 4687
3278 4246
951 4191
3607 4546
3314 4592
951 2165
1798 4855
3428 3734
291 4774
2398 4371
1664 3831
4476 4568
4255 4859
1608 3901
1664 4933
3114 4193
2728 4796
3731 3811
3061 4440
1193 1312
1961 4744
3058 4420
2252 4371
3504 4214
4144 4598
1055 4505
2369 3274
2887 4598
3511 4824
1488 3410
2016 2336
503 3568
149 4283
4234 4759
2972 4487
139 2316
1110 4255
4082 4266
139 4231
1533 4817
2292 3703
2381 3084
1782 4214
3181 4144
3596 4157
3154 3966
3610 4082
2576 3600
3165 4231
2473 4842
886 4818
3067 4267
2903 4609
3423 3435
4144 4880
3985 4230
1382 4157
4111 4537
3256 4678
4851 4881
1984 3058
3966 4478
1205 3590
1590 4266
3316 4186
1251 4525
2972 4618
557 4143
3734 3983
4266 4564
1798 3084
846 4151
2520 3114
1789 4859
2514 4759
61 3985
1848 4702
4609 4674
33 4460
2677 2880
1585 4478
4144 4802
3149 4851
1479 4124
1780 4881
402 4842
3543 4496
1697 3885
3259 4242
1940 4500
2600 4512
2640 4802
2895 3338
2946 4609
4375 4564
3904 3920
4186 4906
1488 3314
2429 4592
2429 4923
1410 4935
2640 3461
2578 3461
1790 4322
3564 4487
4551 4665
3522 3543
3651 4668
1251 4935
1594 3590
1848 4564
2808 4880
204 4441
3522 4926
1594 3817
3983 4618
4720 4988
707 4671
4283 4702
3461 4598
2696 4859
1729 4606
4842 4988
3396 4829
315 4865
3868 4124
3314 4872
654 4322
1137 4827
4818 4906
4143 4376
2718 4739
1677 2681
1275 3154
3698 4143
4242 4334
1410 4525
2503 4926
3463 4293
4848 4851
242 2763
460 3734
1664 4706
198 4978
470 4674
1984 4890
470 3350
1704 3787
1202 4859
3362 4865
3731 3887
2485 4496
2877 3640
291 4231
2345 4934
2588 4441
1956 4678
2674 4258
2988 3469
3654 4043
4759 4988
2125 4890
2398 4151
4829 4877
2356 4687
2748 4441
4926 4935
3284 4144
4148 4246
3400 3404
4706 4744
268 4665
912 4829
3616 3889
4230 4500
308 4935
2336 3274
1312 3561
2259 4384
4204 4829
1026 4711
4592 4881
3284 4441
3593 3746
633 4824
3817 4702
4344 4759
1073 4795
3983 4848
4258 4529
319 4829
2530 3590
4191 4231
2877 3944
2880 4877
2348 4774
739 2674
3682 4182
3117 4841
571 4732
3901 4478
4592 4872
89 4697
2322 4676
2530 4214
3682 4802
1514 4855
2962 4267
1305 4702
2466 3580
1567 4434
4415 4711
4487 4687
2388 4351
3274 4774
3610 4841
682 4082
1692 4641
231 3889
2652 4818
2728 4440
159 4036
3102 4564
2277 4787
2618 4817
3061 4551
336 3760
2718 2773
2473 2485
3284 4641
1860 4890
2388 4787
947 4906
2588 4255
3726 4817
1550 2579
1073 3904
3718 4641
3057 4674
4157 4246
2605 4434
4756 4817
4153 4988
1604 3114
1789 1873
1692 4881
303 2999
4255 4293
4385 4859
1550 2808
599 4980
951 4609
1781 4043
4124 4711
2445 4791
3175 4376
2385 4564
449 4476
2356 4453
1139 4618
2736 4230
2954 4744
303 4606
1130 1677
1137 4606
1686 4591
985 3259
2681 3817
1193 2606
2074 4923
3504 4874
3887 4934
3596 4529
863 4665
1905 3259
1465 4900
3058 4537
4258 4362
2300 4609
2252 2398
3461 4182
4872 4934
4143 4848
4720 4774
562 4739
1149 4829
4351 4744
1550 3102
1849 4351
3593 4463
2017 4068
2988 4824
3581 3971
2232 3561
1308 4299
4568 4988
1665 4496
3718 4512
1961 4668
3600 4384
4180 4787
4641 4732
827 3959
198 4818
1501 4935
1601 4153
1697 1955
2292 2489
1931 4546
1528 4496
3564 3987
3616 4906
4890 4906
1376 3593
449 3966
3453 4774
1015 4851
48 4453
2232 3114
1955 3596
1789 4829
1015 4881
846 2579
2408 4609
2124 4851
4841 4906
291 4191
1488 4283
3963 4935
2381 4978
4525 4935
1590 2941
1698 4546
3490 4802
3165 4505
3731 4246
1967 3088
3469 3658
1138 4877
625 4774
1651 2588
827 4334
449 3959
497 4874
2305 3158
2451 4732
3981 4525
1863 4568
1939 4933
3777 4933
2042 4934
3840 4136
4043 4230
1865 4890
2972 3396
1026 4796
4157 4872
1562 4890
3174 4609
2736 4855
3464 4774
3463 3734
2728 3983
846 4668
1937 3368
2596 3850
4420 4668
1250 4865
1729 4900
4231 4537
2232 2606
1915 4676
4151 4283
2670 4674
3885 4618
3850 4169
901 4299
3453 4606
928 4877
1098 3607
1975 2886
1608 4933
1698 4827
1251 4906
4641 4848
1848 2277
1332 4487
1594 4702
486 4759
3703 4384
2640 3886
1720 4136
3149 4546
1967 3844
4551 4796
3885 4756
4157 4890
3596 4246
2468 2503
2369 4505
486 1149
4440 4796
486 4671
4818 4935
2140 2946
3522 4598
3844 3989
83 4874
2259 3777
1202 3435
1704 4890
4136 4591
2109 4211
739 4362
2613 3362
2887 4441
2936 3651
3885 4551
970 4186
1377 4618
2588 4890
60 4505
2259 4478
2369 4180
4665 4796
1567 3174
3281 4842
1984 4371
1386 1772
1677 4880
4476 4591
674 4824
3886 4802
3727 4460
3238 3428
2886 4230
3593 4277
1130 1645
1312 3423
3435 3609
1299 4606
1071 4706
3362 4255
4512 4851
1755 4505
1937 4299
4851 4859
1780 4732
2578 2728
2936 3368
4344 4988
303 2932
2343 4460
3008 4344
3511 3607
1130 3256
644 3350
3170 4697
89 3971
3963 4841
3727 4143
3239 3682
3381 4148
3651 4865
2642 4827
947 3067
2043 4072
340 4239
955 4827
2886 4193
2048 4935
4592 4988
159 4923
533 4159
2424 4598
1849 4988
1704 4420
125 4935
3464 3746
3281 3868
3423 3561
3640 4230
1332 4362
3149 4732
1027 4678
3490 4487
2699 2922
2677 3158
3175 4978
645 4371
337 3381
1772 4420
65 4934
2424 3682
1397 4537
4234 4744
4732 4818
3362 4668
1343 4568
3971 4711
2410 4598
2696 3609
4072 4227
1149 1608
1550 4702
2184 4204
2337 3831
2408 3350
3181 4441
1865 4246
4148 4159
4487 4529
2520 4043
2887 3158
3289 4872
2578 4618
2408 4697
3904 4384
3868 4720
337 1931
4234 4787
2921 3920
2096 3840
3141 3840
2056 3580
2895 3844
2402 4900
4124 4787
1386 4900
1332 4376
1000 4865
947 4935
4376 4848
1780 4641
2773 4415
3256 3490
173 4851
3474 4978
599 4859
3568 4851
886 1312
2503 4546
3314 4923
3446 4711
2305 2375
3404 3901
1110 4865
2208 3971
2941 4496
4068 4906
69 4420
2292 2422
1299 2109
3158 4859
3580 4169
867 4926
135 4697
1000 4872
3889 4186
2238 4376
3289 4841
4186 4818
1955 4441
4267 4546
1729 4827
2038 4144
280 4739
1789 4204
3490 4182
4351 4759
3610 4935
428 1704
1601 4671
2605 4609
1769 3401
2895 3850
533 4873
804 2489
3703 3904
2208 4136
2887 4802
1018 1275
634 3446
1433 1772
2903 4674
3316 4935
4283 4842
4087 4463
3433 4344
2645 4231
3316 4665
1560 4978
3443 4476
4267 4926
4246 4923
337 1323
1252 4676
1308 4739
2728 4988
1519 4851
2305 4829
4890 4934
2732 4841
3446 4415
4546 4551
149 4564
2208 3840
634 4641
139 4191
3003 3731
562 1149
4678 4791
118 3165
2763 4934
1249 3423
2525 3963
3596 4872
3149 3875
707 4842
65 4923
1993 4739
2613 4668
2343 4848
3401 4851
1055 3274
2208 4476
4227 4258
4159 4873
503 3435
655 3102
2438 4874
3141 4428
4124 4759
2170 4546
1592 4153
2886 4500
1944 4428
1376 3395
3181 3682
1137 4711
4478 4933
1313 4551
1698 2127
4082 4242
2140 4082
2370 2451
557 4376
372 4706
3760 3840
1697 4796
1382 4428
4186 4525
1018 4460
1575 4791
1249 4182
3908 4841
1313 4900
1130 3474
4791 4873
3238 4756
1585 4795
4351 4988
48 4496
4759 4842
4180 4385
4641 4881
2773 4739
831 4795
227 3698
3734 4818
4043 4855
884 3400
470 4609
3461 4802
1139 3061
1071 4795
3787 4420
540 4478
1384 4706
1849 4568
3461 3886
460 2300
1377 4440
4159 4678
2110 2146
2763 4791
2356 2579
2489 4980
1323 4824
3368 4739
231 4277
3350 4322
4153 4720
4283 4564
4267 4293
2096 4476
4440 4665
2962 4978
1798 3985
1782 4874
3299 3908
4232 4848
989 4880
1371 3181
3008 4817
2120 3464
3543 4687
1573 4598
1955 4592
3640 4043
2473 3443
2048 2081
1397 4111
3840 4591
1349 4043
3278 4934
1562 3787
1562 2929
2988 4267
1931 4824
388 4500
3149 4512
4153 4842
503 3580
4180 4802
4362 4496
4193 4230
4674 4697
3572 4744
60 4774
887 3058
1332 3470
4258 4487
3274 4926
2365 3154
927 4873
2456 4890
3289 4525
979 4460
4774 4791
1594 4234
1371 4802
2048 2402
4344 4671
3800 4756
4824 4926
2277 4720
3580 3850
1915 4082
1533 4671
674 4267
89 4711
2503 4665
1567 4674
1943 4851
159 4934
3395 4214
4234 4842
2520 3985
3088 4169
3875 4512
4239 4874
1249 2696
3102 4211
3910 4428
2736 4211
3543 4487
1018 4376
955 3546
1533 4124
4371 4818
782 4880
4668 4676
842 3658
3284 4802
2424 2445
2438 4087
4744 4988
4068 4277
2485 4529
3800 4618
84 2988
2618 4384
820 4351
336 4591
1015 4641
1573 4182
1863 4988
2426 4554
2369 2763
2612 3154
3718 4881
2605 4674
2954 4554
1975 4855
1100 4824
2358 4873
2880 4255
3102 4702
3640 4193
3470 4258
3149 4641
2074 3278
2887 3181
1313 2190
3987 4453
3989 4169
2137 4512
4277 4841
4371 4537
3194 3850
4258 4496
1567 2214
1594 4148
2017 4795
2612 4796
3990 4267
4087 4824
3543 4362
2336 2932
4204 4859
2578 4440
2137 4851
3760 4476
1961 2877
2214 4697
91 4817
118 594
3944 4030
60 4827
149 4880
1241 3746
4111 4371
4293 4598
4592 4934
3817 4283
2525 4818
2096 4136
3581 4415
8 3423
1755 4774
4151 4564
2402 3885
4266 4283
4671 4759
1193 2661
3141 4476
169 4851
2098 3658
2612 3885
3274 4191
1410 4818
3981 4186
2596 3259
3658 4978
3381 4926
2208 3910
4711 4744
4234 4671
2596 3338
1349 3274
1704 2125
3698 4460
2370 4978
2579 4880
4609 4697
2429 4148
674 4926
2699 4827
2605 4322
4824 4978
2042 4791
334 4153
337 4926
1939 4795
3299 4841
268 3600
3433 4671
2736 4334
702 4537
1918 4525
328 3959
3433 4099
868 4827
4440 4900
4720 4759
4668 4865
644 3446
3959 4428
1781 4529
3428 4756
4234 4988
3141 4136
4384 4795
1645 2808
4153 4671
571 4851
2344 4234
1018 3400
3561 4848
1789 3651
3590 4283
3239 4598
3777 4478
2468 4702
1023 4193
2681 4880
682 4606
2345 4923
827 3910
1601 4787
1854 4874
2214 4674
3008 4842
4344 4568
4859 4926
2612 4978
4385 4829
1349 4855
2941 4687
1848 4266
2275 3470
3840 3959
4496 4818
2466 4144
4759 4787
2081 4900
2080 4817
2932 3654
2661 4476
3734 4756
2137 4881
2102 4877
1251 3981
2748 4554
3289 4186
1954 3990
2887 4554
4227 4496
951 2214
1873 4859
1865 4564
2426 4855
804 4795
1251 3061
3284 4554
2618 3966
1088 4933
169 4881
1275 4232
608 3158
3760 4678
3987 4529
1967 3338
1000 4873
4415 4739
1575 3165
687 4881
3165 4774
334 2972
1137 2109
2677 4865
1944 2160
1937 4739
3886 4841
4072 4496
4872 4923
1397 1562
3400 3703
3885 4665
3760 4136
1376 3084
1798 2388
1384 3985
1202 2696
3887 4890
2612 3316
1698 2932
1790 2408
2345 2429
2473 4671
4720 4787
2576 3885
4239 4463
2124 4641
1252 4242
3910 4476
3880 4415
1382 3811
957 2348
1533 4759
2398 4537
4231 4598
125 198
125 625
4496 4880
4906 4935
2520 4193
782 4564
340 4463
4227 4487
2358 4159
4551 4732
3596 3811
1940 2736
985 3850
562 1664
4848 4906
2184 2305
2525 3616
3963 4906
4143 4232
1645 4702
3811 4923
3284 4182
3158 4877
2365 4478
1098 4978
2398 2929
1692 4512
2674 4072
1592 2080
2208 3959
3381 4824
3987 4072
1514 4136
1651 4934
2732 3616
2525 4841
1275 2238
4551 4618
2525 4068
91 4124
1349 3114
2662 3777
1599 3088
4618 4665
3338 4978
2988 4978
3061 4900
3880 4711
2921 4671
3581 4739
4665 4756
2579 4564
2146 3396
985 4124
1071 1585
1501 4827
3464 4900
1139 3314
2102 2466
2176 3546
3543 4072
2612 4900
3067 3734
410 4463
2127 2999
3338 3844
566 2252
4036 4242
4124 4234
2921 3901
3904 4234
3777 3966
1088 4706
4824 4906
1018 2645
4030 4500
1943 4072
340 4029
2348 4191
3564 4529
2600 4848
2056 2618
2895 3194
3981 4385
4351 4787
1585 1664
2485 4227
2640 4598
2451 4546
1560 3469
2596 3989
315 4706
831 4478
2348 3464
3726 4787
1860 4420
372 3966
3959 4591
2232 4855
782 4702
3003 3887
2456 4111
3289 4935
3983 4796
3987 4687
410 4906
1018 4618
1433 3362
72 4795
2124 4732
3316 3600
2043 3727
3504 4029
3590 4880
2929 4111
2165 2670
3616 3963
1106 4460
2385 4874
2954 3314
1984 2929
3590 4702
644 4674
739 4529
4242 4865
2612 3600
2098 4855
947 4841
1854 4099
1249 4877
4344 4817
4036 4676
2887 3239
1465 1548
173 4881
1327 3435
3718 4706
4227 4230
568 4193
125 3396
72 3920
1854 4441
2808 4266
1934 3504
3088 3844
3008 3726
3463 4551
3433 4842
1755 2577
3904 4706
1377 3316
3727 4376
2146 2336
1790 4697
1575 4873
4072 4258
3731 4890
2577 4191
1514 4591
3568 4827
2048 4618
2662 3256
308 4818
2983 3435
3008 4744
1205 2681
1026 4671
453 4818
1073 4706
2365 4641
3546 4606
1692 4851
1305 4266
2275 4258
2410 3461
2596 3580
2773 4980
135 4609
564 4671
3593 4099
1548 3238
3174 4697
3175 4848
1918 4068
2316 3114
4277 4935
4756 4900
1939 4478
2489 3920
2670 3844
1993 3880
1975 4500
4246 4872
1601 4124
4618 4756
1323 4978
1071 4933
633 3607
3474 4151
928 4859
2438 3593
1548 3278
3963 4818
1697 4900
1308 4232
1860 2252
4334 4463
453 2016
3368 4711
1873 4877
3760 4334
1139 3777
886 3149
3581 3880
3057 4609
4234 4344
1519 4881
4732 4881
1110 4859
3149 4848
3278 4923
4537 4890
118 3274
3787 4537
1406 4774
2636 4756
3800 4551
1961 3400
594 1055
4124 4934
139 3718
1343 4234
4848 4881
3490 4144
4193 4855
4246 4890
2525 4906
61 4855
842 986
1332 4453
2336 4926
2577 4791
3114 4855
2125 4267
1653 2489
2238 4143
2877 4043
1410 3981
2748 3284
3174 4674
3453 4505
3511 4978
3443 4136
2485 4687
2345 4148
4568 4720
460 4697
2903 4322
702 3787
2300 4674
3149 4881
3464 4231
1106 4232
2190 4087
3396 4385
1252 2322
3868 4842
205 4880
2184 4255
3396 4877
3901 3904
4277 4906
654 4980
2176 4606
3299 4186
3368 3971
4029 4874
4029 4087
884 4873
2670 4322
2336 4829
2445 4554
2252 4111
2074 4500
2232 2983
3581 4980
2316 4230
3568 4375
4029 4214
1377 4796
827 4136
3875 4881
4182 4554
3474 4266
2642 4802
2160 4030
4453 4487
1241 4384
1000 4829
4124 4153
1604 4299
3463 3800
3194 4169
912 3158
4420 4537
1967 2921
2080 4900
2098 4978
970 3580
2932 3568
3543 4529
204 3404
3590 4266
486 4478
698 4926
3410 3590
3746 4204
3990 4926
2140 4933
3350 4697
2489 3966
986 2426
3875 4641
3966 4706
3350 4434
3760 4591
4375 4827
2110 4877
867 4824
453 927
4671 4787
4505 4774
3658 4824
4434 4609
3395 4463
3726 4988
2652 4068
4204 4865
820 4865
608 3404
1599 4859
4111 4420
3561 3609
291 3490
4641 4791
4732 4848
1073 2337
2214 3170
1138 4787
1943 4512
2344 3464
2322 4082
3572 4678
135 2408
3564 4227
3511 4926
4036 4881
4420 4890
3165 4791
3590 4151
2137 4641
2674 4978
1214 4678
2408 4322
867 3990
2600 4182
1781 4855
1139 4900
4362 4687
1410 1645
2385 4099
2365 4706
2337 2921
3259 3850
3061 3885
4671 4988
3908 4906
2038 4759
2718 4980
372 4756
3410 4880
1585 4204
1955 4923
4351 4671
1343 3868
2127 4606
901 4711
3061 4732
3731 4817
3971 4415
2468 4739
4322 4697
2238 4774
2259 3154
2600 4641
1377 4817
2300 3746
406 4818
83 3084
957 4375
2578 4796
4384 4933
3314 4159
1560 4267
2056 3088
2102 2613
2732 4277
2579 3817
4153 4568
2422 2618
2681 3590
2160 4476
3102 4880
2438 4214
3985 4855
625 3464
2345 3003
3868 4351
3284 4598
3889 4841
4124 4720
2424 4144
372 3777
2578 4900
3381 4546
2124 4881
125 3299
3600 4756
4180 4242
428 4111
2946 4242
2125 4537
3908 4818
4759 4923
4143 4460
928 2880
3453 4231
3971 4739
1514 4817
1937 4711
4227 4362
3616 4818
2503 4978
2983 3609
2176 3654
2370 2988
2096 4591
3401 4415
4148 4872
3610 4525
3464 4505
2932 3546
319 1789
1590 1720
2954 4817
2903 2929
1130 4880
3901 4384
1250 4204
4525 4606
1939 3703
2042 4592
2699 4463
2426 3987
1849 4842
1485 4739
1599 4169
1214 4706
2277 4568
687 4732
1865 4157
540 2337
2322 4242
4529 4687
1018 3727
3289 4068
1528 3580
2962 4824
3868 4988
69 3058
4072 4362
2588 4872
3840 4496
1955 4934
2941 4227
557 2238
1327 2606
3446 4739
4859 4865
4678 4744
139 2120
2337 4795
3811 4148
2056 3850
4463 4874
1713 3423
242 4978
1905 3194
3067 4546
3734 4618
4890 4923
2074 4890
1343 3057
4923 4935
1780 4851
654 3401
3777 3904
2365 4933
2369 4191
3401 4711
3580 3844
3920 4933
2579 3256
3698 4848
3404 4144
3811 4157
3350 4609
3338 4169
2808 4564
2402 4551
2988 4546
645 4420
3008 4988
2577 4231
2718 3971
3568 4606
1781 4030
1386 1397
687 4851
4232 4376
1905 3338
4351 4720
2238 3990
1205 4702
3084 4874
1772 4246
1533 4988
1873 4668
4512 4881
1918 4906
2600 4732
1026 2190
2954 4706
557 4460
2451 2503
1071 1653
3463 4665
2345 4829
2921 4478
634 4711
4029 4239
4227 4529
1027 3256
2451 4978
1249 1713
1202 1713
2748 4802
2358 3474
4415 4697
3886 4554
1106 4143
707 2388
868 2999
1406 4362
3117 4744
1349 1975
1712 4376
4148 4592
1865 4923
3061 3734
1934 4239
4668 4877
3316 4818
1397 3058
4872 4890
2932 4827
2983 3561
3470 4496
1944 4591
4322 4609
4453 4687
3278 3887
955 4606
4441 4802
1905 2125
2728 4900
1250 2375
2429 4934
1873 2375
2808 3470
3443 4591
4591 4934
4087 4239
242 4926
2275 4529
2773 4711
4440 4756
887 4420
3543 3987
4512 4732
3944 4193
702 4246
1993 3581
2880 3396
2503 4267
2214 4463
594 4791
1849 4671
2936 4099
3381 4267
4554 4598
2016 4829
2140 4774
4157 4923
4711 4739
4375 4702
410 4841
2252 2456
2381 4851
48 3987
647 3746
4829 4859
315 2999
2808 3443
3238 4900
1139 4796
1249 3609
3920 4678
3963 4277
231 2732
2456 4934
3889 4906
918 4848
979 4376
2699 3546
1433 4841
2636 3734
3433 4988
33 3727
3654 4606
1241 4641
2305 4865
3889 3908
1488 4880
1915 4180
2165 4239
3238 3463
1386 4551
1488 1645
3901 4933
470 4697
3281 4787
1854 4463
242 4824
2348 4231
3682 4554
1251 4231
4496 4529
2954 3966
470 4923
989 4266
3102 4151
2972 4872
61 4865
656 4537
503 4827
4926 4978
2880 4865
3149 3607
633 4926
1967 2466
1371 4441
1689 4153
3003 4592
2109 4375
2110 4255
657 4900
2674 4362
4157 4934
1137 3654
1323 4926
4234 4817
2514 4568
3971 4980
1590 4880
69 4537
3959 4334
3981 4841
655 782
205 4159
3607 4978
1590 4702
3092 4525
2748 4926
3817 4564
2642 3362
2576 4796
2922 4239
3920 4384
2696 2983
1373 4665
2588 4934
1594 3474
3658 4546
406 4980
957 4476
3564 4687
1604 1769
1377 2576
1653 4706
2514 3433
1202 3423
2606 2696
594 4505
2514 3726
540 2422
2880 3239
3443 4334
3831 4706
3875 4848
2170 4877
2579 4702
927 4678
2962 4877
3175 4460
4234 4720
4453 4529
2699 4873
1299 1860
4546 4926
1665 4687
2886 4702
656 4890
4246 4934
2038 4554
204 4182
1241 2921
1055 3453
2375 4385
4087 4732
2642 3461
1848 4151
4505 4791
2146 4720
1677 4151
2652 3908
91 4842
1548 4900
3546 4906
2292 3920
3868 4671
3175 4143
3446 3880
4890 4900
625 4791
1519 2596
1410 4841
2124 4512
3887 4148
1465 3800
205 4283
2370 3511
48 4277
4687 4900
2160 4334
955 1698
2640 3181
2921 4384
3453 4124
4568 4787
2081 4665
3596 3731
1594 3102
1860 4537
3966 4554
1479 4759
1562 4537
3886 4182
1465 4618
3726 4671
2275 4227
3469 4824
846 4702
3522 3959
4687 4796
1138 4829
3887 4157
503 4606
198 4935
1501 4818
3461 4554
4232 4865
2345 4872
1790 3057
319 4877
1939 4706
3910 3959
2728 4551
2640 4441
3840 4476
4720 4817
3607 4926
1592 4759
3889 4068
4157 4592
2042 4923
3401 4239
3274 4487
231 4818
1780 4512
1782 3987
2017 4111
1567 4697
3698 4232
2056 3844
682 4874
831 4933
1000 2613
3003 4872
985 3989
3463 4796
1073 4923
1528 4362
1697 3800
1943 4881
2165 4674
2763 3580
2530 4874
867 4978
2530 3746
3703 4795
1651 2763
1769 4711
3404 3682
1934 4874
460 4609
1382 4872
1956 2886
1720 4476
4204 4385
402 4720
4641 4851
1110 4829
3474 3817
1406 4487
8 1327
3850 4322
60 1573
2642 4598
1139 2652
3395 4099
2388 3522
4385 4877
1955 4148
4923 4934
625 4505
3443 3840
3654 4827
4415 4980
334 4759
928 4865
3718 4851
3008 4787
955 4787
3522 3682
644 2165
1944 3840
3727 4848
4214 4874
227 4460
2674 4687
4817 4842
4711 4935
1993 4415
1780 4859
568 4030
3084 4463
2038 4802
2358 2946
3470 4453
4111 4180
2613 4865
1865 4872
2670 4434
3985 4030
4371 4420
33 4143
820 3910
702 4371
1915 4872
1608 4795
4082 4180
655 4283
1560 4926
4283 4375
1100 3469
315 4204
3470 4487
1406 4529
1373 4440
2160 4591
3596 4592
342 2954
846 4375
280 4980
4255 4385
1098 4926
2445 4802
3990 4824
3141 3760
4817 4988
4231 4774
1692 4732
2214 4554
979 1275
957 4428
4512 4848
4795 4933
2606 3561
608 4802
4234 4351
2954 4933
2170 4859
315 4795
4496 4841
1769 3971
2375 4877
1599 2895
1651 4923
3141 4591
3238 3885
336 3443
947 4277
4375 4880
2184 4385
2972 4362
2081 3600
4739 4980
3971 4299
1023 3640
3284 3433
3787 4371
4568 4906
3463 4678
3141 4242
3880 4980
497 2936
2941 4375
886 2983
1205 4266
2645 3274
2600 4881
1376 4099
3410 4277
3281 3726
3910 4334
4255 4829
268 4551
2176 4211
2305 4859
4231 4505
901 4980
3875 4242
4460 4848
2120 4774
2356 4529
4124 4817
2576 4900
647 4460
3698 4376
566 4420
571 4881
1501 3170
1305 4564
2808 4151
1931 3469
2661 3561
1088 3904
674 3880
2042 4246
687 4641
989 1590
3400 3572
918 3698
568 4865
1781 3985
337 656
2074 4934
3564 4258
1308 2468
1501 4841
2232 4230
3651 4874
2466 3338
3368 3401
2110 4668
3682 4153
4029 4420
3003 3811
3281 4817
1305 4880
3061 4756
3469 4546
1051 3590
3817 4266
657 3061
3727 4232
1755 4988
1918 4935
1373 4796
3003 4923
1905 3850
3920 3966
2612 4756
1937 4980
334 1601
2356 4487
3887 4872
3057 4697
91 4744
1327 4591
8 3609
979 4232
3067 3511
3299 4525
4211 4375
2110 4865
2613 3887
4182 4441
655 4702
566 4111
342 4880
3600 4796
173 1308
1308 4980
2184 4829
139 4505
4211 4606
3908 4935
568 3944
4375 4606
3910 4136
3731 4934
4204 4877
4568 4817
61 4500
1934 3175
2645 3453
340 4874
2661 3609
2763 3278
1967 4211
867 4676
2718 4711
4277 4525
4351 4842
2336 4385
4441 4598
3703 4478
4068 4935
4191 4774
970 4935
3401 3581
4829 4865
3299 4935
89 3368
1697 4756
2972 4453
3698 4525
3811 4246
3593 4143
125 4500
3886 4441
3194 4988
2056 4169
3141 4334
4665 4923
3543 4384
118 4774
2652 4525
4029 4463
4841 4935
3401 4980
4440 4551
1015 4732
3274 4231
1848 4283
3698 3727
4674 4906
3504 4890
1343 4153
2645 4774
3474 4564
2936 3593
2358 4791
2344 4791
644 4933
4706 4759
2670 4609
3920 4795
1782 4029
4818 4841
3908 4277
2999 3654
4111 4890
4512 4641
1313 4440
3395 3651
388 1384
2886 4855
2962 4255
989 4283
2048 3734
887 2398
1149 3154
2773 3008
2962 4859
1299 2127
3469 4978
3875 4851
649 4255
1755 4191
2102 2146
4434 4598
2402 4796
3175 4463
2718 3880
886 2661
449 4591
3368 4415
3368 4980
4592 4923
2292 4933
3181 4554
4384 4706
2903 4434
868 2922
2336 4859
2530 4029
4151 4702
2748 4144
3463 3777
2922 4463
3470 3564
3564 4453
2388 4988
4299 4980
1599 3092
842 3616
1023 4030
2343 4232
1373 2576
2410 3522
3966 4795
204 4802
3368 4641
2375 4859
3395 4087
4099 4874
1854 4087
3616 4525
2402 4791
3170 3511
2514 4988
647 4874
3987 4227
3350 4159
2125 3787
3543 4796
3546 4375
3174 4322
4546 4824
1573 4802
1514 4476
3901 4795
1677 3446
2999 4606
3117 4791
4434 4697
3800 4796
3889 4935
4124 4842
1720 2160
1528 4453
2190 3463
2385 4702
4204 4211
1956 4791
2962 4988
3281 4759
1485 4500
3117 3572
2300 3174
1406 4687
4744 4759
4029 4926
3817 3875
1961 2358
3278 3590
3718 3875
1665 4072
831 3703
2422 3901
599 4865
698 3404
3651 4859
1608 3777
3181 3886
3718 4732
1479 4568
3350 4880
3963 3981
2732 4818
4186 4935
3314 4148
3887 4923
3289 4818
2170 4829
2922 4211
2600 4851
2140 3885
2424 4554
2096 3910
3920 4720
1599 3844
84 4851
654 4739
3281 4720
3731 4872
3543 4453
3067 3470
2410 4554
2773 3446
4299 4415
1501 4906
2748 4598
3800 4665
3875 4732
3568 4211
2080 4344
3165 4191
4068 4525
1984 3787
388 2877
4434 4674
986 3607
3990 4978
2936 3746
4525 4906
3640 4159
649 4877
2316 4193
4036 4082
3463 4440
2081 4796
1689 4988
2732 3299
3868 4787
2127 4827
656 3787
3092 3256
2208 4334
4371 4890
2652 4841
3423 4111
1214 3901
4231 4787
1384 4230
3453 4900
3546 3654
3718 4848
2662 4678
3443 3760
1514 3910
83 3428
2190 2578
3194 3844
328 4476
3616 4068
1241 1653
3443 3511
4180 4676
4568 4671
887 4371
1590 4500
2808 3410
3910 4072
1943 4732
1944 3760
2365 4384
4344 4351
1712 4460
2681 4266
2887 3886
3546 4827
2445 4441
3596 4934
1382 4923
3470 4739
2929 4420
3057 4434
1686 3607
3726 4720
1252 4371
4787 4988
1528 4529
3983 4756
428 4371
4144 4697
2080 4988
2385 3474
2300 4434
3600 4900
3777 3920
3474 4880
2388 4711
3600 3609
3981 4277
4564 4880
2670 3057
3522 4554
2456 4537
4111 4487
649 3396
4148 4934
886 3435
1377 4322
4711 4980
2662 4873
1550 4880
1860 4371
1931 4926
2921 4706
3987 4496
1918 4841
4087 4099
2999 3546
3777 4706
4428 4591
2422 4933
564 4842
2337 4933
3395 3593
4376 4460
4072 4529
2473 4568
2422 3316
2275 3564
863 2190
2696 3435
882 4881
3400 4744
3401 4299
3971 4732
268 4618
2451 4267
3395 4239
647 4463
3470 3987
2016 4877
1026 4756
3817 4375
882 4851
901 3581
533 2808
1371 4182
2016 4385
3887 4246
2588 4592
887 4855
1100 4978
3058 4371
2895 4169
3443 3959
2410 3581
3396 4865
280 4415
4334 4476
4706 4848
3640 3944
3299 4182
3651 4877
4148 4157
4334 4591
1327 2983
1479 4988
3568 3654
2763 4191
2645 4191
1015 4609
1665 4362
1712 1934
410 4525
3259 4169
105 4230
3274 4791
3278 4872
986 4978
4706 4933
328 4334
4598 4802
918 4376
3396 4872
3381 3511
1790 2903
1485 4711
1026 2636
2356 4072
3682 3886
4551 4756
3350 4674
4618 4900
863 4900
1934 3084
2038 3239
1943 4641
3981 4906
3734 4665
3880 3971
2577 4774
2530 3593
1138 4344
970 3981
4087 4214
402 4817
2042 4872
2577 4505
2102 4865
2456 3787
4182 4802
649 4385
1382 4934
2613 4385
4030 4855
1299 4827
3889 4277
4277 4818
2137 4732
4227 4687
1769 4980
2109 4606
1479 1592
645 2125
3811 4872
242 1651
1251 2300
89 4980
1653 4933
3433 4568
2043 4227
1000 4877
1098 4267
912 4255
4151 4880
169 4732
1528 4687
4204 4255
1863 4720
8 1713
2636 4618
3760 4371
1599 3989
1250 4859
2292 4795
8 4578
33 762
48 3507
60 3337
61 1891
65 3771
69 1985
72 4810
83 708
84 4801
89 4825
91 4608
105 4987
118 4451
125 4846
135 4941
139 2274
149 4102
159 4217
169 2187
173 1827
198 1708
204 2637
205 725
227 4910
231 2644
242 4825
268 2373
280 1287
291 3439
303 3185
308 3468
315 4596
319 4467
328 3134
334 3136
336 4786
337 1280
340 4430
342 3950
372 4006
388 3454
402 4039
406 3913
410 4808
428 4473
449 4320
453 2782
460 4959
470 3537
486 4607
497 4749
503 4930
533 3550
540 4773
557 4896
562 4704
564 4830
566 4924
568 2842
571 4452
594 3255
599 1828
608 4573
625 4069
633 4456
634 4965
644 4891
645 1286
647 4917
649 4927
654 4059
655 3527
656 3912
657 2919
674 2283
682 1744
687 4823
698 2851
702 3937
707 4567
739 2746
549 782
492 804
820 4515
827 3646
831 2604
842 2639
863 4722
867 1114
868 4783
882 4949
884 3624
886 4502
79 887
360 901
912 4075
144 918
927 2382
928 3954
215 947
951 4339
955 4941
957 4982
970 3687
979 1532
985 2585
986 4354
989 3949
1000 4035
1015 2701
1018 4691
1023 4902
1026 3692
1027 4651
1051 4531
1055 3940
1071 3705
1073 4278
1088 1600
1098 4620
1100 4390
1106 2994
1110 4986
1130 4651
1137 2138
1138 3906
1139 4973
1149 4776
1193 4938
1202 3321
1205 3558
1214 4389
1241 4540
1249 3770
1250 4521
1251 4122
1019 1252
1275 3691
1299 4212
1305 4751
1308 3835
1312 4316
1313 4365
746 1323
1327 4843
891 1332
1343 2867
1349 4187
1371 4937
1373 3802
1376 4749
1377 4695
1382 4876
1384 3082
1386 4431
1397 4424
1104 1406
1410 2497
1433 4783
1465 4966
1479 4472
1010 1485
1488 3911
1497 1501
245 1514
1519 4602
1528 4976
1533 4188
1548 1870
1550 3689
1560 4492
1562 4975
1567 4854
1573 4276
1575 4939
1585 3678
1590 4743
1448 1592
1594 1699
1599 3343
1601 1994
1604 3418
1608 3053
1645 4936
440 1651
1653 4307
213 1664
1291 1665
1677 3612
1686 4237
1689 3716
1692 4853
1294 1697
1698 4838
1704 3017
1712 4862
1713 1857
1720 2154
1729 4799
1755 3467
1769 4219
1772 4939
1780 2987
1781 3998
1782 3635
1789 2196
1790 2643
1798 4576
1848 2781
1849 3565
1854 4589
1860 4593
1863 4621
1865 3483
1873 4997
1905 3598
1915 4273
1918 3292
1031 1931
1934 4261
1937 2907
1939 3308
1940 4010
1943 4311
1944 3750
1954 4937
1955 4602
1956 3303
1961 3973
1967 3741
1973 1975
1984 4457
1993 3450
2016 4683
2017 4639
2038 4956
2042 4573
2043 4080
2048 4785
2056 2060
2074 3557
2080 4764
2081 4597
2096 4468
2098 4320
1253 2102
2109 4893
933 2110
2120 4435
2124 4637
2125 2896
2127 4723
1124 2137
2140 3938
2146 3924
1132 2160
2165 4704
1304 2170
2176 4409
2184 3594
2190 2712
2208 3615
2214 3890
2232 4737
2238 3208
2252 4585
2259 4813
2275 3664
2277 3930
2292 3940
2300 4693
2305 2777
2316 4658
2322 4613
2336 4952
2337 4581
313 2343
1655 2344
2345 3055
2348 3180
2356 4412
2358 4317
2365 4090
1440 2369
2370 3335
2375 4893
2381 4646
2385 3407
2388 4777
2398 4631
2402 3363
2408 3856
2410 3969
2422 4781
2424 4318
2426 2947
2429 4489
2438 4876
2445 4892
677 2451
2456 3519
2466 3273
2468 4481
1482 2473
2485 4172
1570 2489
2196 2503
2514 4571
2520 4585
2525 4820
2530 4184
2576 2581
2577 4909
2578 3422
2579 4119
2588 4879
703 2596
2600 4438
2605 4273
2606 4566
2612 4575
2145 2613
313 2618
2636 4208
2640 3645
2642 4893
2645 2997
1715 2652
2661 3317
2662 4389
2670 3364
2674 4329
2677 4608
2681 3080
2696 2782
2699 4605
1771 2718
2728 4339
2554 2732
2736 3921
2748 4550
2762 2763
2773 4776
2630 2808
2877 4142
1675 2880
2886 4494
2887 3069
2888 2895
2903 3493
2921 4970
2922 4961
2929 4755
2932 4270
1140 2936
2941 4383
2946 3219
2954 3991
2243 2962
2972 4878
2983 3053
2988 3993
2999 4201
2441 3003
829 3008
3057 4704
3058 4164
3061 3612
3067 3671
3007 3084
3088 4437
1973 3092
3102 4994
3114 4896
3117 4342
3141 4483
1907 3149
2819 3154
3158 3711
3165 4565
3170 4328
2767 3174
140 3175
3181 4854
3194 3405
3238 3578
2604 3239
3256 4669
3259 4187
1439 3274
3278 4989
3281 4380
3284 4838
3289 4730
3299 4731
3055 3314
2510 3316
3338 4120
3350 3638
2442 3362
3368 3730
2307 3381
3395 3992
3396 3630
3400 4350
576 3401
2701 3404
3410 4303
3423 4335
3268 3428
3340 3433
3435 3442
5 3443
3446 4805
3453 3456
412 3461
2050 3463
3464 4766
3469 4940
945 3470
3474 4975
3490 3621
3504 4624
3511 3523
3331 3522
3224 3543
2195 3546
738 3561
3014 3564
3568 4960
129 3572
3580 3674
1795 3581
3590 4318
3593 4451
3596 4194
898 3600
2657 3607
1274 3609
3610 4335
3322 3616
3640 3921
3651 4845
3654 4510
3658 4336
1261 3682
2994 3698
3703 4450
3242 3718
3726 3738
3528 3727
3731 4600
3734 4177
3746 4749
3760 4982
2148 3777
2741 3787
3503 3800
504 3811
1837 3817
3184 3831
3212 3840
3370 3844
3780 3850
3868 4633
3875 4910
2874 3880
3885 4830
3886 4074
3887 4896
3156 3889
3901 4977
356 3904
3419 3908
2031 3910
3920 4009
3921 3944
3959 4766
1741 3963
440 3966
3968 3971
3981 4705
3983 4936
3985 4494
2909 3987
512 3989
3340 3990
4029 4804
1877 4030
4036 4648
3157 4043
2354 4068
2647 4072
2592 4082
4087 4856
1763 4099
505 4111
3769 4124
4136 4715
2994 4143
2885 4144
3899 4148
1356 4151
3191 4153
4157 4221
4145 4159
2538 4169
1429 4180
3845 4182
1952 4186
4189 4191
2507 4193
1231 4204
710 4211
4214 4734
945 4227
4026 4230
4231 4968
4232 4588
3521 4234
3296 4239
1196 4242
429 4246
37 4255
4258 4914
2717 4266
4267 4799
4277 4996
973 4283
4293 4804
484 4299
4322 4704
4047 4334
469 4344
4351 4963
4362 4656
4371 4948
4375 4510
2678 4376
3968 4384
4372 4385
3044 4415
3199 4420
3059 4428
4434 4695
2079 4440
450 4441
3730 4453
4460 4825
3050 4463
3494 4476
3876 4478
2828 4487
4496 4558
1901 4500
3444 4505
4175 4512
4525 4868
4508 4529
4537 4876
4147 4546
3353 4551
3976 4554
4564 4777
4565 4568
3036 4591
1484 4592
4597 4598
4606 4610
2364 4609
2049 4618
4444 4641
4626 4665
3853 4668
2308 4671
2555 4674
3318 4676
2562 4678
3620 4687
2364 4697
2774 4702
2172 4706
3260 4711
4720 4905
3858 4732
3083 4739
2024 4744
4749 4756
1411 4759
116 4774
4787 4932
4791 4913
4780 4795
4758 4796
2798 4802
2969 4817
4025 4818
1061 4824
4139 4827
1898 4829
4772 4841
4826 4842
4848 4897
4281 4851
1618 4855
4721 4859
1209 4865
3245 4872
4350 4873
525 4874
2053 4877
4257 4880
4853 4881
3356 4890
3185 4900
367 4906
4923 4924
383 4926
4561 4933
2630 4934
3509 4935
4603 4978
4816 4980
4965 4988
8 3720
33 4348
48 2625
60 4886
61 4762
65 4571
69 3881
72 4920
83 3296
84 4694
91 4910
105 4421
118 4698
135 4844
149 4480
169 4222
173 4683
198 4914
204 2406
205 4792
227 4823
231 3145
268 2876
280 4896
291 4250
308 4943
315 4264
319 4113
328 4619
334 574
336 3737
337 4917
340 4830
342 4287
372 1691
388 4623
402 2831
406 4516
410 4423
428 3968
449 1062
453 4863
460 4031
470 4722
486 4446
497 4490
503 4831
533 2189
540 4990
557 4343
76 562
564 4300
566 3740
568 3921
571 4755
599 4380
608 3351
625 4305
633 4688
634 4783
644 4386
645 4493
647 4729
649 3733
654 4748
655 2631
656 3518
657 4443
674 4752
682 4181
687 3957
698 4269
702 4560
707 4984
739 4801
782 807
804 4469
820 4417
827 4815
831 3684
842 3049
863 4250
867 4863
868 4974
882 4658
884 4938
886 4751
887 4986
901 2101
912 4605
918 4321
927 4466
928 4651
947 4471
951 2487
957 4981
970 4491
979 4077
985 999
986 4894
989 4954
1015 4971
1023 4569
1027 4812
1051 4939
1055 3533
1073 4343
1088 3599
1098 4809
1100 2287
1106 4394
1110 3471
1130 1292
1138 4814
1149 4095
1193 4852
1202 2793
1205 2003
1214 4134
1241 3510
1249 1841
1250 4987
1252 4730
1275 4768
1305 4971
1312 2940
1313 4064
1323 3735
1327 4879
1343 4833
1349 4761
1373 3518
1376 4524
1377 4930
1382 4106
1384 4760
1386 4766
1406 3402
1410 2998
1433 4646
1465 4268
1479 4447
1485 4459
1488 4939
1501 3483
1514 4577
1519 4573
1528 4967
1533 2690
1548 4245
1550 4856
1560 3266
1562 4742
1567 4285
1573 4750
1575 4928
1590 2656
1592 3176
1594 4413
1599 2458
1601 4912
1597 1604
1608 2610
1645 4958
1651 3753
1653 4580
1664 3251
1665 4973
1677 4937
1686 4852
1689 4979
1692 4958
1697 2430
1704 4761
1712 4849
1713 4769
1720 4337
1729 4700
1755 4695
1769 2543
1772 4244
1780 3673
1781 3073
670 1782
1789 2368
1790 4198
1798 1929
1848 4863
1849 4526
1854 4910
1860 4949
1863 2213
1865 4310
1873 4696
1905 3333
1915 4701
1918 4604
1931 4272
1934 4928
1937 4868
455 1939
244 1940
1943 4184
1944 4271
1954 4847
1955 4779
1956 4410
1961 4327
1967 3903
1975 4494
1984 4541
1992 1993
2016 3623
2017 4677
2038 4533
2042 4569
2043 4967
2048 4509
2056 2726
2074 3675
2080 4224
2081 2825
2096 3639
2098 4224
2102 4617
2109 2782
2110 4693
2120 4742
2124 3775
2125 3448
2127 4410
2137 3437
2140 2833
2146 3945
2160 4738
2165 4914
2170 4858
2176 4205
2184 4924
2190 3662
2093 2208
2214 2868
2232 3277
2238 3774
2252 3801
2259 3725
2275 4531
2277 4984
2292 4595
2300 3000
2305 4681
287 2316
2322 4648
2336 4867
2337 4970
2343 4510
2345 4747
2348 4556
2356 3411
2358 3515
2365 4435
279 2369
2370 2376
2375 4919
2381 3107
2385 4513
2388 4992
2398 4078
2402 4449
2408 4490
2410 4408
2422 2524
1994 2424
2426 4751
2429 4229
2438 4534
2445 4104
2451 3851
2456 4812
2030 2466
2468 4080
2473 4717
2237 2485
2489 3645
1872 2503
2514 4471
2520 4840
2525 3712
2530 4867
2576 4400
2321 2577
2357 2578
2579 4305
2588 4775
1532 2596
2600 4976
2605 4210
2606 4007
2612 2687
2613 4080
2618 4535
2636 4274
2640 4194
2642 4578
2645 4024
2652 3277
2661 4889
2662 4203
2570 2670
2674 4289
2677 4984
2681 4632
2696 2852
2699 4483
2718 4141
2728 4342
2732 3741
2562 2736
2748 4722
2763 3210
2773 4530
2808 4957
2877 3998
2880 4632
2886 4101
2887 4612
2895 4897
2903 4882
2921 4968
2922 4184
2929 4350
2932 4849
2936 4190
2941 4201
2946 4968
2954 3786
1524 2962
2964 2972
2983 4915
44 2988
2999 4572
3003 4936
3008 3456
3057 4545
3058 4523
3061 4823
3067 3219
3084 4634
3088 3675
267 3092
3102 4313
3114 4613
3117 4928
1952 3141
3149 4248
1748 3154
3158 4213
3165 4482
3170 4952
3174 3563
3175 4839
3181 4296
3194 4209
3098 3238
2978 3239
3256 4893
3259 4725
3274 3280
3278 3553
3281 4586
3284 4581
196 3289
3299 4644
3314 4602
2940 3316
3338 4315
3350 4570
2262 3362
3368 4632
3381 4828
3395 4704
3396 4765
3400 4127
3401 4982
3404 4394
3410 4792
3423 4897
3428 3798
3427 3433
3435 4951
3443 4835
3446 4481
3453 4784
2359 3461
3463 4878
3464 4767
3469 4259
3470 4583
3474 4447
3490 4033
3504 4408
3511 4126
3522 4910
3543 4257
3546 4596
1773 3561
2206 3564
3568 4886
3572 3965
3580 4736
3581 3801
3590 4459
3593 4749
3596 4758
3600 3860
3607 4070
3609 4786
3610 4448
3616 4615
3277 3640
3651 4905
2027 3654
2549 3658
3682 4519
3698 4937
3703 4014
547 3718
3726 4892
3727 4943
3097 3731
3685 3734
3746 3909
3760 4863
3163 3777
3787 4542
245 3800
3811 4647
1643 3817
3831 4825
3380 3840
3312 3844
1523 3850
3868 4288
3875 4563
3880 4614
3885 4638
113 3886
3887 4714
3889 4800
3901 3960
3625 3904
3908 4905
3910 4064
153 3920
3944 4969
3865 3959
3426 3963
3966 4134
3826 3971
3981 4741
3502 3983
3985 4620
3987 4162
3989 4306
3990 4910
4029 4749
4030 4839
4036 4727
4043 4494
4068 4692
3503 4072
3766 4082
3025 4087
4004 4099
4111 4812
4124 4128
2653 4136
4141 4143
4144 4594
4148 4229
3967 4151
4153 4772
4157 4284
4159 4928
4169 4635
3766 4180
197 4182
2793 4186
4191 4622
4193 4782
4204 4698
4211 4871
4214 4981
4227 4666
4230 4730
872 4231
4232 4994
1348 4234
4239 4937
4242 4727
2116 4246
3066 4255
1976 4258
3877 4266
1487 4267
4277 4407
3967 4283
2785 4293
2815 4299
4322 4350
4334 4833
4344 4751
3612 4351
40 4362
3608 4371
2509 4375
4376 4839
4384 4587
4385 4662
4415 4481
3361 4420
4428 4660
4434 4704
2981 4440
4350 4441
4453 4823
1143 4460
4463 4595
3005 4476
4478 4485
4487 4499
4496 4497
3943 4500
4088 4505
3943 4512
4176 4525
4529 4536
4531 4537
4393 4546
4507 4551
3642 4554
3508 4564
4568 4589
4308 4591
4190 4592
2723 4598
4485 4606
4609 4620
4618 4785
4604 4641
4088 4665
4668 4984
2864 4671
1895 4674
4241 4676
4678 4750
4687 4788
4639 4697
4702 4948
4542 4706
4394 4711
4720 4786
2078 4732
4607 4739
4736 4744
4364 4756
3748 4759
4112 4774
1167 4787
1962 4791
3424 4795
4796 4815
828 4802
4817 4994
3471 4818
4713 4824
4781 4827
4542 4829
4237 4841
4842 4856
4848 4970
4846 4851
4837 4855
3127 4859
3930 4865
4229 4872
3363 4873
4004 4874
4508 4877
3501 4880
4828 4881
4387 4890
4523 4900
3803 4906
4034 4923
4590 4926
3857 4933
4811 4934
4719 4935
4310 4978
3954 4980
4639 4988
33 1403
60 4723
65 4425
69 4683
72 4770
84 4304
91 4844
105 2469
135 4704
149 3387
169 1684
173 4610
205 4755
227 4023
308 4307
319 4502
340 4808
342 2942
402 3663
449 4790
453 3641
460 4866
486 2457
497 4522
533 3705
540 4838
557 3834
564 4937
571 4757
599 4534
633 3882
222 645
649 4601
655 4364
657 3266
698 4513
707 4785
739 4800
782 3984
820 4656
827 4553
831 4594
842 4207
863 2500
868 2331
882 3144
884 4134
901 3121
918 3272
927 4928
957 3749
979 4172
985 3312
989 4260
1023 1353
3 1027
1051 4985
1055 2203
1098 4028
289 1100
1106 3808
1110 4454
1138 4667
1193 2256
1214 4238
1250 2595
1252 3042
1275 4840
1305 4450
1312 1834
1323 2873
1327 4268
1343 2563
1349 4431
1376 4958
1386 4810
1433 4055
1479 4999
1485 3380
1488 2726
1501 3481
1514 3788
1519 4605
1528 2648
1533 3738
1220 1548
1550 4867
1560 4603
1562 2257
1567 4967
1573 2431
1575 3202
1592 3749
1601 4202
1604 4699
1653 3925
1664 4392
1005 1677
1686 4445
1689 3148
1692 3775
1697 2859
1704 4767
1712 3315
1713 2769
1720 3785
1729 4958
1369 1755
1769 2249
1781 3025
1782 3864
1789 4528
1790 3792
1798 4326
1391 1854
1860 4810
1863 4970
465 1865
1873 4117
1905 3345
1915 4081
1931 4582
1909 1934
1937 4686
1939 4675
1940 4937
1944 4629
1954 4013
1955 4407
1956 4289
1961 2202
1967 3270
1975 4868
1984 4659
2016 3260
2017 4709
2038 4777
2043 3641
2048 4465
2056 4014
2080 3888
2081 4655
2098 4287
2109 3846
2110 2969
2120 4815
2124 4868
2127 4944
2137 4439
2146 3757
2160 4468
2165 3882
2170 3323
2176 4541
2214 4700
2232 3877
2238 3648
2259 3897
2275 4611
2277 4269
2292 3214
2300 4450
2305 4326
2316 3834
2322 3352
2337 4181
2343 3209
2345 4449
2348 4112
2356 4985
2365 4777
2369 4727
2370 4213
2375 4910
2381 3408
2398 4443
2402 3785
2408 3538
1623 2410
2422 4886
2424 4511
2426 4340
2438 3684
2445 4273
2456 4733
2466 4600
2468 4649
2473 4897
2485 4838
2489 3652
2503 3706
2514 3304
2520 4770
2525 4941
2530 4925
2576 3936
2578 4570
2588 4437
2596 3796
2600 4850
2605 4896
2256 2606
2612 3620
2613 4585
2618 4901
2636 3928
2640 4976
2642 4834
2645 4573
2427 2652
2256 2661
2662 4296
2670 3517
2674 3432
2677 4932
2681 4886
2699 3965
2717 2718
2732 4719
2736 2738
2143 2763
2877 4073
2880 3816
2886 4836
1412 2887
2895 4908
2903 3657
2922 4749
2929 3214
2936 4866
2941 4669
1978 2946
2206 2954
2962 3897
2972 3328
2983 4073
2988 4638
2999 4265
3003 4027
3008 4821
3058 4896
3061 3627
3067 4439
3084 4749
3088 3312
3092 3736
3102 3858
3114 4688
1797 3117
2320 3141
3149 4584
3154 4117
1278 3158
3165 4112
3170 4965
3174 4879
3175 4708
3181 3193
3194 4964
826 3238
3239 4836
3256 4794
2224 3259
3274 4145
3278 4479
3281 4323
3284 4367
3289 4050
3299 4857
3314 4223
3316 4637
3338 3493
3103 3350
3362 4183
3368 4673
3381 4443
3390 3395
2800 3396
3400 4134
3401 3535
3404 4843
3410 4977
3423 4253
2544 3428
3433 4621
3435 4055
3443 3534
3446 4324
3453 4776
3461 3874
3463 4616
3469 4876
3470 3792
3474 3587
2265 3490
3504 4471
3511 3922
3522 4663
3543 4772
3546 4857
3561 4076
3568 4807
3572 4455
504 3580
3581 3591
3590 4391
3593 4727
3596 4171
3600 4652
3537 3607
3609 4387
3610 4721
3616 4754
2825 3640
3651 4482
3654 4614
3658 4399
3682 4113
2926 3698
3703 3708
3718 4278
3726 3833
3727 4365
3731 4768
3734 4408
3746 4480
3760 4410
3777 4630
3756 3787
3800 4771
3811 4133
3817 4061
3629 3831
3840 4838
3844 4481
3850 4548
3868 4621
2215 3875
3880 4956
3885 3897
3879 3886
3887 4649
3323 3889
3556 3901
3277 3904
3908 4140
2280 3910
3919 3920
3943 3944
3752 3959
2562 3963
3455 3966
3971 4627
3981 4131
3983 4804
3416 3985
3415 3987
3989 4846
3655 3990
3635 4029
4030 4897
1886 4036
4043 4103
4064 4068
4072 4888
4049 4082
4084 4087
4099 4884
3674 4111
4124 4279
4136 4491
4143 4647
4144 4707
4148 4914
4151 4619
4153 4304
3588 4157
4159 4888
4169 4714
4180 4319
2843 4182
4186 4858
4191 4195
4193 4569
2741 4204
4042 4211
4214 4927
4227 4402
4230 4552
4231 4237
3839 4232
4234 4834
4239 4346
4242 4648
3637 4246
4255 4845
4258 4897
4015 4266
4267 4963
3918 4277
4283 4365
1452 4293
3324 4299
4317 4322
4090 4334
2716 4344
4351 4647
4362 4626
4368 4371
4375 4901
3188 4376
4325 4384
4385 4918
4005 4415
4420 4574
4428 4760
4434 4670
4440 4909
4441 4895
4138 4453
3713 4460
4463 4475
3687 4476
4472 4478
4461 4487
3507 4496
4474 4500
4505 4986
4512 4882
4046 4525
4529 4828
4537 4983
3680 4546
4551 4854
2682 4554
3099 4564
3652 4568
2622 4591
2860 4592
4217 4598
4391 4606
3383 4609
4208 4618
4292 4641
4630 4665
4646 4668
4308 4671
4674 4860
4646 4676
4678 4928
2890 4687
4324 4697
4702 4916
4706 4947
4481 4711
4506 4720
4129 4732
2785 4739
1296 4744
4756 4887
4511 4759
1075 4774
4270 4787
3306 4791
4795 4944
4796 4798
4565 4802
3773 4817
2679 4818
4812 4824
3821 4827
3712 4829
2591 4841
3353 4842
4425 4848
4171 4851
4569 4855
1401 4859
4865 4924
4872 4981
4873 4896
3050 4874
4790 4877
4880 4883
4881 4883
4890 4895
4900 4972
4035 4906
4207 4923
4207 4926
2979 4933
4934 4995
4885 4935
4717 4978
4974 4980
4897 4988
33 2994
84 4324
105 4479
149 4990
173 4209
319 4458
342 4405
533 2193
599 2683
842 4990
868 4653
884 4127
927 4444
387 985
1027 4630
1051 4515
1098 4588
1106 4643
1312 4737
1343 3890
1376 4462
1386 4875
1433 4729
1519 4867
1575 4139
1601 4904
1604 4480
1689 4750
1692 4550
1712 4690
1713 4353
1729 4870
1790 4912
1854 4667
1863 3918
1915 2859
1931 4069
1954 4156
1956 4327
1975 4548
1984 3816
2017 4983
2043 4562
2098 4582
2110 3402
2170 4954
2232 4329
1135 2259
543 2305
360 2316
2322 4995
2337 4115
2370 4579
2424 4804
2438 4749
2456 4002
2466 2679
2514 4076
2520 2685
1765 2576
2578 4493
2605 4704
2606 3351
2613 2980
2526 2618
2636 4392
2640 4801
2642 4141
2662 3303
2670 4860
2674 3257
2677 3100
2681 4399
1924 2718
2877 4718
2886 4882
2895 4790
2929 3081
2936 4749
2946 4727
2983 4729
3058 4103
3067 4910
3084 3950
3088 4631
3092 4390
3117 4482
3158 4884
3170 4746
3174 4660
3181 4248
3194 3660
3239 4982
3256 4628
3259 3270
3278 3684
3289 4971
3316 4443
3362 4429
2869 3395
1530 3396
3400 4315
3401 4276
3410 3415
3423 4915
3446 3747
3453 4152
3461 4939
3463 4367
3052 3474
3490 4166
3504 4733
3511 4831
3522 3526
3543 3974
2151 3568
2302 3572
3312 3580
3581 3782
3372 3590
3600 4006
3607 4587
3609 4807
3610 3821
2559 3616
3640 4448
3651 4749
3654 4679
3658 4252
3682 4282
3698 4171
3703 4967
3727 4170
3731 3876
1987 3734
3635 3746
3787 4867
3800 4799
3811 4532
3817 4703
3831 4104
3840 4961
3844 4837
3850 4719
3868 4938
3875 4590
3880 4589
3885 4597
3886 3982
3887 4960
3901 4093
3904 4127
3908 4840
3920 4318
3944 3991
3959 4406
3762 3963
3627 3966
3895 3983
3985 4986
3989 4942
1402 3990
4024 4029
4030 4456
4036 4588
2825 4043
2995 4068
3715 4082
3970 4087
4099 4107
3740 4136
4143 4718
4144 4495
4153 4253
4157 4582
3614 4159
4169 4315
4180 4666
2559 4186
1708 4191
4193 4826
1240 4204
2916 4211
4214 4285
4206 4230
3877 4231
4234 4733
4239 4793
4127 4242
4246 4943
4045 4255
4258 4260
4266 4692
4277 4735
4283 4913
4138 4293
4289 4299
4314 4322
4334 4768
4344 4667
4264 4351
4362 4945
2304 4371
3929 4375
3942 4376
4384 4921
4385 4562
4408 4415
4215 4420
4428 4601
4389 4440
4441 4907
4453 4577
4460 4545
4463 4749
4152 4476
4049 4478
4487 4589
4496 4898
4500 4729
4505 4959
4103 4512
4525 4876
4398 4529
3196 4537
4546 4944
3318 4551
3375 4554
1598 4564
4317 4568
4592 4998
4569 4598
4543 4606
4609 4819
4387 4618
4641 4810
4295 4665
4238 4668
2364 4674
3560 4676
4134 4678
2423 4687
4697 4956
4703 4706
4628 4711
4720 4734
4710 4732
4595 4739
4666 4756
2271 4759
4438 4787
2783 4791
4783 4795
4796 4819
4253 4802
4817 4939
4209 4818
3993 4824
4290 4827
4812 4829
4587 4841
4621 4842
3794 4848
3376 4855
4859 4921
4865 4898
4723 4872
4873 4928
1953 4874
2755 4877
4861 4880
4520 4881
4775 4890
4804 4900
2836 4906
3969 4923
4347 4926
4893 4933
4934 4998
4904 4935
3993 4978
4736 4980
4950 4988
1712 4056
1729 3195
1854 3050
2322 4908
2424 4112
2605 4294
2642 4927
2662 4928
2677 4373
2877 3921
2929 4400
3092 3861
3174 3996
2679 3194
3193 3256
1500 3259
3316 4215
3396 4165
3401 4205
3410 4832
3423 4792
3461 4028
3474 4581
3504 4346
3522 4128
3568 4433
3572 4813
3581 4370
3616 3955
3640 4594
3651 4429
3658 3993
3811 4588
3844 4953
3850 4929
3875 4997
3880 4481
3885 4737
3887 4963
3901 4569
1880 3920
3319 3944
3943 3963
3966 4946
3990 4882
3047 4030
3491 4036
4068 4070
4082 4648
4087 4749
4099 4503
3740 4143
4044 4157
4180 4521
4186 4189
4052 4211
4214 4749
4230 4752
3634 4239
2566 4242
4258 4958
3909 4293
4299 4539
2382 4322
4334 4973
4344 4736
4384 4608
3332 4420
4428 4788
4208 4440
4441 4647
4461 4476
2967 4529
3250 4551
4389 4564
4568 4621
4225 4598
4606 4689
4424 4618
4562 4668
4674 4704
4687 4938
4189 4697
4526 4711
4720 4993
2811 4756
4771 4787
4766 4791
4032 4802
4817 4821
3864 4818
4574 4824
4631 4841
4842 4976
4855 4941
4469 4872
4783 4873
4858 4881
4045 4890
4869 4900
4844 4923
4854 4933
4831 4934
3532 4978
4401 4980
3997 4988
2605 4556
2662 4577
3092 4386
3174 3195
3572 4145
3640 4816
3658 4436
3963 4610
4068 4583
4099 4999
4157 4229
4180 4410
4181 4186
4211 4898
4230 4494
3965 4258
4293 4418
4428 4686
4432 4441
4675 4687
4616 4697
4570 4711
4621 4720
4621 4787
4791 4928
4207 4824
4138 4872
3909 4873
3896 4881
4794 4923
3979 4933
4934 4936
4965 4980
4666 4720
