4611 4643
221 2858
1322 3699
1216 4560
4292 4761
495 4583
3313 4954
526 4930
1517 4341
2965 4979
161 4885
1898 4199
2226 3928
910 1113
2239 4499
744 4885
728 4538
907 4291
2574 4569
1143 3732
3167 4593
4073 4337
193 4629
738 3632
3188 4300
1543 4719
2396 4459
3365 4761
3574 4298
3013 3945
2007 4126
830 4094
2572 3645
3049 3167
3984 4240
2276 4617
3167 3816
3633 4629
4142 4885
132 4341
3605 4657
3932 4314
425 3475
4131 4538
1672 4066
1617 2794
3562 4166
1828 3534
4192 4432
3225 4142
570 3524
108 4304
269 3785
329 4229
1499 3945
4199 4663
3645 4199
2397 3166
3852 4761
1903 4065
852 3786
1352 4892
713 3225
2271 4991
821 2323
1396 4557
1113 1853
3431 4905
2220 4724
2169 4657
764 4215
1977 4472
2217 2563
237 3451
3907 4085
1416 4979
1976 3202
28 3931
2148 4643
103 1788
3109 4636
583 4265
382 4559
3538 4643
1315 4798
1557 4840
4066 4247
1301 4991
858 2090
3168 3816
4131 4206
3412 3894
269 3406
2521 2546
112 4131
893 3562
2088 2389
3489 4292
3218 3856
821 4337
877 3903
3577 4764
136 2990
2311 3695
713 4291
1300 4798
325 3928
2248 3337
1867 4655
3086 3785
3406 4200
2546 4643
2403 4278
2095 4761
1328 3394
1690 4094
3124 4229
757 4593
4166 4849
3030 4885
1998 3166
2744 3984
3124 4705
3605 4200
3142 3394
2563 2608
2271 4611
2218 4643
4066 4265
3225 4530
3135 4142
2952 4059
3109 4518
2276 3524
1691 2476
1912 3013
2744 4432
4300 4569
1557 4754
677 4063
3337 4251
221 4616
304 3913
262 3004
1328 4131
2220 4743
1310 4311
3732 3851
258 3799
536 4278
185 4885
2559 3011
482 3364
3579 4065
1391 3998
2290 4229
3763 4538
4805 4903
4 4432
433 1301
2136 4643
2546 3538
3574 3612
3799 4091
4091 4636
3538 4724
1668 3403
4341 4530
2971 4160
4094 4481
2315 4523
3364 4518
2961 4583
2148 3205
3848 4459
3763 3972
236 4275
4305 4930
1893 4724
1398 4839
3507 4131
1221 3264
3204 4097
1393 3365
2837 3577
3602 4643
3695 4643
316 3932
3801 4655
2553 4412
3384 4724
671 4892
1162 3135
1310 2220
3142 3364
2397 3848
3786 4979
2597 4724
3925 4305
2787 4954
526 983
185 4201
712 3322
1687 2663
4094 4166
4131 4719
370 3545
36 4142
3322 4514
3344 4160
4240 4245
3049 3940
3388 4332
236 4629
4126 4559
2461 4798
11 4412
2965 4862
2218 4724
2961 3674
671 2851
1867 2386
2037 3412
2529 4663
3756 4058
2389 3799
2574 4903
4229 4885
2858 4663
2851 3524
4055 4311
3851 4268
900 4298
2971 3471
3142 3489
965 4903
4538 4758
1835 4611
1691 4839
3246 3883
856 2035
1558 4905
2272 4991
4544 4862
370 4629
131 4849
482 4954
3206 3932
600 3109
998 4085
1972 4839
854 4839
4481 4903
1319 4892
581 1047
2286 3799
3472 4518
3699 3945
1972 4758
1414 3073
4085 4764
3251 4275
2477 3801
2200 2734
1195 3322
2558 3903
1566 4688
3356 4097
3674 4085
3155 3955
3004 4560
3251 3906
2363 3851
788 3699
2359 3852
2359 3579
1633 3403
1898 4764
2341 4849
2919 3903
1828 4291
3492 4419
2837 4583
1758 3450
78 2521
2713 4314
1398 4200
1925 2037
4126 4805
2136 4448
1617 4485
881 4358
583 3695
1543 2863
2014 2095
943 2837
1778 4240
2505 4657
3246 4885
1301 3403
2014 3827
3334 3894
3925 4560
4091 4485
2239 3644
4514 4560
3883 4593
2035 3303
3264 4862
2655 4798
108 3785
1328 4518
1903 3451
2367 4518
1113 4593
502 4758
1517 4719
3191 3906
389 3477
98 2533
2014 4839
1408 2875
1829 2961
2228 4862
3687 3984
4862 4979
3605 4530
318 4557
3167 4705
2971 3680
2476 4499
611 3538
163 4583
3205 4066
2961 3855
787 3258
103 2360
753 4350
3577 4743
1160 4905
1352 3827
3168 3883
2055 2495
3331 4199
329 2323
1303 4798
2799 3894
4094 4544
3012 3507
3012 4754
3756 4903
3406 3663
2220 4523
2572 4304
4078 4611
26 4688
4317 4432
2837 4085
1143 4657
3932 4617
2389 4419
3331 4616
36 4341
2597 4066
3699 4200
2297 3632
85 4719
4126 4317
161 1775
539 4557
1444 1495
528 4954
858 4304
1462 3998
720 4305
2156 4066
3214 4337
3602 4247
2574 4432
2548 2744
2267 4754
3674 3907
32 3307
3218 3816
2971 4206
2990 4798
3064 4412
3364 4945
1938 4497
1414 3065
2893 4327
3799 4719
275 4544
665 4245
81 4593
1864 4314
4078 4360
4311 4743
660 3939
2655 4754
3931 4275
856 2863
2060 4991
3450 3524
1836 2315
1633 4903
3166 4192
4499 4839
881 4705
3489 4275
652 3825
3472 4954
4314 4337
145 3855
2512 2558
3955 4839
4314 4448
4719 4798
4247 4724
3246 4705
3998 4945
1428 3337
2289 2649
1707 2574
2558 4063
2971 4229
3246 4559
3412 4358
4094 4862
2290 3958
531 3206
627 4317
3356 4523
3450 4538
3763 4518
3309 4229
2389 4840
652 4165
2990 3073
2787 3763
1690 4849
329 3167
1617 2064
3475 4094
26 4754
4317 4903
1924 4197
2363 4499
1316 4059
1517 4201
2290 4724
2546 4247
3431 4131
2350 4165
2533 4459
2386 4764
2663 4991
1116 2976
85 4754
1775 4304
2018 4317
1864 4448
1972 3732
1416 4849
108 1225
1116 3225
526 4305
252 4491
2286 3940
1310 4523
3073 4197
1316 4419
1893 3264
2267 4862
2655 4419
3574 3932
3940 4611
523 652
3903 4063
4055 4743
3477 3763
1828 2058
2045 4892
2614 3956
3166 3450
11 4360
2871 4459
2363 4839
3204 4055
78 4448
3545 3906
3913 4655
1606 4491
2744 4805
2090 2095
1526 1828
2290 3856
2694 3956
2478 3799
920 3412
1125 4497
10 4655
2403 3337
2360 4705
4166 4979
1517 4291
713 4341
858 3785
4419 4840
370 4758
802 1788
389 3856
1352 4459
554 966
1444 4849
4337 4459
252 4360
3205 3695
2528 4805
2943 3577
4166 4268
45 4724
82 4862
1010 1310
2239 3605
3899 4412
4097 4523
382 3756
1341 4979
1206 4059
3586 4616
1936 4840
4412 4705
877 4125
1691 3851
3004 4557
554 4160
1842 4862
2347 2663
2572 3791
3883 4337
4616 4663
1511 2649
3955 4268
1125 4091
2018 4805
2912 4291
3851 4754
2175 2943
965 4327
2875 4979
32 3526
3477 3972
4125 4332
763 3492
1163 4724
2103 2655
425 4514
1204 4481
3644 4905
600 4655
2803 4930
1864 2713
2045 4459
2169 4839
4514 4557
316 2529
2391 4192
3723 4655
1198 4523
1972 4268
2553 4798
2323 3214
3782 4350
85 3492
600 2477
3450 3827
1617 4497
2594 4530
3344 3939
4358 4930
1925 2272
3562 4215
26 3507
2403 3365
2014 4332
2708 4954
877 4215
237 3394
3205 4265
2708 2787
3903 3913
304 3998
171 4131
3309 3632
902 4094
1557 4798
3403 4192
1455 4954
941 3894
82 4544
902 3977
4063 4125
1690 4544
3011 4617
3925 4557
598 3906
1898 4350
1258 3716
2701 3534
2218 2220
3251 4758
2226 4616
1936 3064
3142 3472
2218 4066
2286 4491
2290 3168
2881 4332
1526 4758
2218 3384
4593 4885
1283 4617
3945 3998
3977 4862
3526 4655
764 2419
3816 3958
3225 3334
1582 1807
2167 3680
730 4298
2803 3412
1578 4073
793 4663
3364 3644
3109 4805
4514 4930
1455 2350
4192 4200
2910 4557
2347 4491
3109 4903
943 4192
3687 4559
112 4798
2012 4514
1582 3086
4305 4557
627 4481
3142 4165
2495 3799
2476 3851
2863 3364
3246 3586
2217 4199
2843 4311
2594 4764
1511 3674
2350 4094
3492 4840
4008 4758
4569 4805
202 2297
3263 3633
4247 4265
4059 4197
3545 4629
2167 4459
4292 4530
1315 4629
1416 4094
2095 3852
581 4292
773 3204
3851 4200
2397 4724
2559 3214
712 3562
3011 3612
3004 4358
3574 4448
1893 4643
3331 3928
2276 4298
2744 4636
1341 2965
877 3526
4251 4304
39 4688
1788 4097
830 4862
4523 4743
977 3307
3955 4657
4066 4724
1668 4432
802 4311
184 4311
2871 4065
427 4557
3406 4657
3856 3883
2103 4304
2563 3210
744 2965
132 4142
946 3579
2014 2045
2649 4583
2851 4892
1778 4905
4432 4569
954 4275
3958 4063
2794 4485
4058 4065
433 2529
1517 3099
2060 4491
76 4559
2701 4291
2389 4412
1566 4008
2359 4905
1691 4657
2419 4332
2391 4903
598 4629
1672 4643
3945 4059
851 902
1398 4657
171 4412
941 4560
2521 4448
3205 4724
184 4523
2167 4327
2169 4663
193 4758
965 4805
712 4215
2167 3344
3756 4481
4557 4569
2548 4192
1998 3848
4126 4300
2187 3365
763 4719
2912 4530
1462 3945
3732 4499
1396 1807
3577 4350
3451 4206
3632 4705
2910 4305
2875 4945
3633 4758
3984 4569
1310 4743
1807 3791
81 252
826 4758
1198 4743
3188 4275
3612 4448
3848 4892
1319 4459
1853 3940
2088 4166
930 4059
1195 4332
1927 4200
3827 4892
851 4979
2055 2575
598 4758
3403 4805
3785 3791
3939 4160
2289 4350
1836 4134
2607 4518
3899 4798
10 4215
3086 4073
3334 4560
4292 4905
425 4930
3012 4719
1495 4317
1047 3907
893 2338
4058 4903
136 3451
301 2655
1666 4954
2058 3135
2548 3984
3852 4065
1362 4719
1578 3632
757 4636
2421 4311
2952 4758
2575 4636
614 2868
3894 3972
2267 4849
4688 4758
1853 4078
3450 4557
616 1925
3475 3998
1221 4094
3492 4412
720 4930
2881 4945
3579 4240
3586 4663
4131 4754
370 3977
793 3700
2228 4979
2871 4251
983 4134
3206 4314
1011 4764
1070 4991
2148 3538
193 4688
1322 1414
1927 4499
2971 4459
830 4979
4754 4840
2323 4073
3004 4305
2495 4485
3364 3972
720 3894
3928 4663
2575 4497
2868 4688
3586 3645
4142 4530
1303 4840
4491 4611
3013 3699
2825 3903
2226 3331
1977 4991
3956 4245
2290 4849
4268 4499
3856 4705
370 4275
889 3489
1258 2843
4165 4314
941 4798
1113 4885
1759 4448
184 3786
1671 3202
1707 4358
1890 4593
3206 3945
1316 3945
2744 4559
3188 4192
378 4991
859 4743
554 2837
4247 4643
3406 3605
25 2858
1723 4705
2363 4065
4557 4930
788 4472
744 4862
2965 4166
3251 4629
39 2912
2512 4063
2910 4930
3801 4332
954 4930
4058 4805
3073 3945
2594 3577
1903 4905
2607 3364
2614 4491
3384 3538
2594 2837
983 4514
4192 4903
2781 3202
3364 3477
3188 4432
2272 3163
3049 4611
1220 4497
82 4849
3827 4206
85 4798
4008 4991
3388 4655
3218 4705
3605 4499
1254 3945
1842 4849
1113 3258
4719 4840
1283 2136
2575 3799
2843 4743
3984 4192
3124 4201
3899 4840
962 4197
1977 4611
2675 4840
2289 4197
4360 4472
852 4097
1423 4097
570 4459
3303 4305
3663 4300
2290 3030
3205 3633
536 4251
3167 3856
3065 4059
53 4839
2175 2837
900 4448
2113 4991
3507 4754
3475 4358
1796 2574
910 3579
3307 4663
2064 3899
3825 4278
4629 4688
967 3785
4472 4616
1829 4583
1341 3264
224 4905
2367 3477
1303 4094
3337 4481
433 2396
1283 3574
494 4569
2228 3124
2397 3939
2734 4616
4275 4616
2553 4688
977 2419
4059 4065
3801 3903
4251 4761
712 2035
907 4142
1301 1391
851 4166
2461 4840
3011 3574
4265 4643
1543 4754
821 4073
3645 3928
3932 4448
36 63
2018 4903
531 3977
494 4126
357 3206
2347 4991
3687 4805
236 3633
2007 4903
3309 4885
648 2521
2512 3723
480 1301
2035 4134
2289 4764
3206 3612
3064 4719
4008 4275
2461 4754
98 2386
1796 4559
3388 4215
36 3534
1543 3012
1568 4518
1972 4805
919 4059
2521 4617
2397 4892
600 893
1867 3723
757 4192
2919 4332
2976 4142
2239 3406
539 3475
903 1938
4481 4559
3816 4350
3258 3632
1807 3214
4245 4761
2912 4341
3191 4688
1322 4945
3210 3307
611 4724
2367 4954
3218 4593
3699 4197
3907 4583
45 4247
3049 3163
4849 4979
1976 4743
2014 2167
3337 4905
4560 4930
1672 3695
2396 2559
2156 3700
900 4617
854 4657
1362 3492
2961 3577
2297 4885
3264 4544
2528 4559
131 4544
3545 4275
1606 4991
2868 3489
3700 4491
3825 3956
1758 4459
2271 2614
382 4805
2421 4743
1243 2787
3932 4134
3384 4265
2730 4583
329 4885
3538 3695
3632 3816
4160 4206
2239 4268
3471 4892
82 4979
763 4798
903 1809
3477 4523
1393 4240
3984 4903
919 4350
3855 3907
2912 4557
4764 4905
3379 4419
301 2675
3716 4930
3940 4459
1142 4311
3984 4805
4058 4481
316 4298
3218 4229
2297 3251
4849 4862
2521 4314
3331 3687
262 4560
4200 4758
4544 4979
1788 4764
85 3586
3956 4065
652 3827
4058 4636
3364 4954
132 3225
2881 3388
3356 4743
1246 3602
2863 4593
2990 3365
1617 4160
2290 3246
2803 4305
3356 4055
318 3004
3011 3206
2607 3049
1010 3925
3412 3716
507 4131
1893 4265
3632 3883
3489 4758
2386 4332
4240 4292
427 4514
2607 3477
4593 4705
2341 4979
4412 4840
869 3489
2575 4485
1972 4657
1668 4317
329 4705
2803 3334
4419 4481
4432 4559
1225 2572
907 2701
3313 3972
1759 4617
507 4719
998 3907
2171 4337
4611 4617
3524 3939
3225 4245
1691 3394
2360 3210
2663 4611
4419 4719
4078 4991
2239 4839
3825 4905
2113 3472
3450 3939
1925 4472
1867 3099
3732 4200
1160 1563
3663 4688
2655 4412
76 2338
4304 4337
1198 4275
983 1707
4311 4523
28 4291
2037 3049
1398 1927
4125 4206
258 4485
2148 4724
3030 3167
3124 3258
1142 4055
3246 3632
2799 4085
2478 4091
379 4862
1316 4131
1142 2315
1998 4611
3135 4291
3221 3577
3958 4593
1125 2695
3534 4530
3605 3851
744 4849
893 4655
3663 3906
1682 4472
977 3723
3699 4945
946 4292
2871 4905
3723 3732
3984 4559
132 4629
2058 4160
2663 4491
1682 4491
2843 4055
3687 4058
1303 4412
1462 4059
2060 4472
523 4945
1566 2868
1070 1977
2976 3135
3356 3801
3086 4305
3379 4754
3379 4412
600 2919
2976 3577
3695 3700
2391 4317
881 4930
3135 3931
2695 4485
3785 4337
1796 4125
1835 3633
859 2421
11 3848
2871 3825
2218 4247
2360 3030
3507 4798
577 3925
3204 4743
1578 4523
1835 4360
2803 4560
2608 4616
131 4629
305 1301
3309 4593
4559 4805
3155 3732
2803 2910
2976 4341
2476 3406
1444 4754
3534 3931
2597 4247
2875 4544
2881 3855
2088 4798
4200 4839
3290 4358
4705 4885
930 4275
1393 4905
1600 4629
3191 3633
2309 4849
2461 2655
3955 4091
614 4629
224 2289
738 3309
528 4448
2309 3264
900 1557
1893 4247
2952 4197
1300 1936
1163 3723
2614 4472
1163 1225
2837 3202
3431 4292
3013 3065
4544 4849
3365 4251
2309 3932
3188 4559
3205 4247
3977 4166
2713 3932
1133 3202
2851 3939
2553 3492
1672 4265
1707 3290
3406 3695
39 3191
3204 4523
3205 4643
1582 4304
4166 4544
2045 3680
3263 3906
4229 4448
1775 3791
1971 4245
577 3202
1011 2943
2276 3932
2391 4805
1893 3632
2103 4337
2090 3431
2559 4499
3099 3801
3450 4892
793 4199
495 4412
1462 1924
2136 2521
3680 4459
3732 4839
275 3680
45 4066
1511 3855
2248 4544
554 3827
161 4593
3191 3913
3633 3906
1842 4979
3191 4275
3785 4559
1936 4798
2787 4518
2695 4636
2943 4764
1903 4278
1796 4636
2367 4538
4611 4991
2528 4317
3602 4724
3309 4705
2477 4332
63 4583
788 4491
1158 4350
2248 4094
648 4979
2136 3011
3716 3894
1828 4341
3403 4559
2730 4764
16 4903
3210 3388
3221 3674
3064 4754
4201 4705
136 4065
3899 4719
3785 4073
2675 4719
2272 4491
4251 4292
3602 4265
1070 4611
4327 4892
1807 3534
2851 4206
382 4058
3431 4251
1682 3940
2477 3526
2421 3204
1362 3507
3099 3903
4472 4491
3507 4840
3365 4905
39 474
730 4314
507 4754
3065 4314
2060 3940
3913 4063
713 4275
4160 4892
1723 3168
2563 3928
2794 4497
237 494
2976 3225
2200 4472
3695 4265
4 2548
3791 4304
536 3956
577 920
2113 4954
2347 4360
4201 4885
2574 3687
3825 4065
3958 4201
2875 4849
967 4304
4245 4292
793 4616
962 3013
2548 4559
4206 4459
3538 4066
491 4991
893 3903
2304 2893
2391 4559
3334 4268
163 3674
53 4327
63 224
1788 2315
4360 4991
611 4265
2594 2597
4240 4905
583 2597
4358 4514
2248 3431
648 4166
3545 4758
2220 4085
2309 3977
3848 4206
4215 4497
1517 3534
3883 4073
4754 4945
1011 2799
4350 4764
2360 3883
3998 4569
2478 4497
941 4930
2961 4764
3388 4125
2323 4337
1216 4903
3258 3816
902 4663
4278 4840
3492 4131
907 4341
2512 3801
163 3492
161 4705
3534 4616
787 4885
3263 4758
25 4514
2875 4954
3786 4743
1258 3334
2064 4412
3168 4593
3251 3663
2286 4559
507 4798
3906 4569
1362 4840
2607 4165
2734 4663
316 2276
2167 3855
4300 4432
2881 3562
1582 4073
1319 3848
2067 3723
583 3977
1396 4560
4497 4636
3166 4206
3475 4560
3210 3801
4412 4419
4557 4560
3680 4991
1444 3977
502 4688
826 3848
773 1204
1672 4200
3246 3258
3334 4930
3945 4945
1143 4268
3605 4839
1796 4903
2529 3928
2781 4903
531 4979
3135 4530
2239 4314
2495 4497
3716 4557
920 983
3210 4125
554 4892
1352 3471
3379 4798
3205 4305
1707 4514
3431 3579
3577 4583
2058 4142
1254 4059
1315 4688
1864 2171
2781 3687
3214 4304
3756 4569
1927 2169
2018 4192
859 3786
2037 4991
1303 4160
2694 4761
3674 4945
3290 3475
1853 4839
3928 4199
962 2952
523 4278
3451 3825
2695 2794
730 3206
2833 3633
3940 4360
3763 4954
2012 3925
433 2037
1668 2007
3855 4764
3225 4341
1258 3307
4131 4419
2286 4472
28 3534
2990 4245
4126 4432
2058 2912
1221 4892
4629 4657
307 4616
2323 3785
379 2228
4 4840
1898 4583
4165 4518
3716 4305
581 1563
1352 2533
4078 4663
3365 4126
3756 4559
2363 3732
2090 3825
1 4954
1416 4544
166 4448
523 2403
3313 3394
614 3545
3492 4247
81 3030
2228 4166
2276 3574
2863 3303
2067 4160
2965 4849
3816 4593
4066 4643
1723 3958
2521 3932
4472 4991
852 4055
3344 4459
3955 4499
3206 4298
3064 4131
3109 3477
4097 4743
2271 4491
3246 4593
1499 3073
889 1566
2701 4142
3313 3562
728 4954
730 4617
1796 4432
3322 4063
252 2286
1898 4663
2389 4754
1775 4337
433 4360
954 3925
1925 4991
4643 4724
2781 4058
2649 3984
427 4305
1687 4523
3263 4688
3562 4655
903 4485
2350 4538
494 2528
3786 4523
802 2477
3605 4497
202 1558
4317 4805
2675 4754
2910 3290
3206 4617
941 4485
998 4350
11 4160
3977 4849
788 4360
4200 4657
3406 3732
2943 4085
2171 4448
4229 4705
3379 4840
3313 3763
3109 4229
2012 4560
2012 4125
854 4268
1216 3955
109 4251
910 2694
1303 4419
889 1600
2055 4485
4472 4611
1925 4611
2359 4761
63 1511
3931 4341
3011 4448
3166 3939
4008 4629
3124 3883
1707 4705
4142 4341
1723 3816
2187 4761
2919 4125
2311 4073
163 3907
1853 3049
4131 4798
3290 4930
3344 4892
495 3782
2220 3204
2067 3562
4305 4560
3388 3526
3524 4160
166 2386
2505 4200
2529 2608
858 4073
2881 4655
2476 4657
2843 3356
930 4945
1563 4278
36 4317
1666 3644
1204 4885
4065 4251
962 3065
3791 4073
1828 3135
2495 2794
2833 4629
2843 3786
910 3956
1289 4518
3931 4291
63 4764
2350 3313
350 4058
3801 4063
3977 4514
3723 3913
2528 4903
2734 4518
1682 2663
3913 4215
1976 4311
166 4617
2919 4655
3303 3309
307 3928
2730 3855
3030 3883
2649 4085
2533 4892
3472 3763
787 4530
4268 4559
275 4892
3124 4885
3109 3313
1511 3782
318 4930
2868 3263
1633 4805
2952 3998
32 3913
2881 4125
2220 4311
2113 2708
3251 3263
4065 4245
4412 4798
2505 3605
2734 4199
2575 2794
2495 4091
3166 4892
3940 4472
3263 4629
1414 4197
193 3263
3524 3827
881 1319
1637 2572
2910 4514
4291 4530
3899 4360
4247 4743
1890 3856
652 1428
2014 3471
2338 4481
2067 4655
1047 4245
910 2095
3632 4058
3852 4292
652 4905
2136 4298
2386 3562
3906 4275
3782 4764
2367 3313
3307 3322
2553 3191
1455 3931
2367 3142
3364 4764
4097 4131
1835 4991
2359 2871
4291 4341
869 3663
389 4538
2012 4160
3883 4885
3633 3663
1666 3763
581 4497
3855 4085
1543 3379
2018 2614
1142 4743
1976 4055
3786 4097
3716 4085
4583 4764
2799 4538
3221 4350
3155 4291
1254 4945
757 4903
1113 3030
1162 4643
2971 4892
2558 3913
1758 3848
1864 4617
3011 4200
262 4930
1011 3907
941 4557
1893 2546
4200 4499
4206 4643
2919 3723
2695 3799
967 3086
967 1775
2218 3538
136 946
252 4078
4055 4097
851 4862
2597 4643
3168 4705
581 3064
132 2701
1455 3644
2512 3099
2990 4065
1517 4530
4278 4292
4125 4655
305 4078
1998 2045
1246 4265
495 4764
3913 4125
1971 4300
4131 4412
2868 4275
112 3379
1160 3579
3940 4991
53 4499
1010 4557
2403 4761
10 3210
1163 4066
755 4091
3322 3913
4073 4304
2843 4523
2169 2217
4298 4617
2419 4125
3309 3856
4215 4332
1809 2478
1976 3786
2171 3574
4 2781
3972 4327
2881 3801
81 4885
1258 3925
4636 4903
720 2360
3687 4317
3394 4538
3384 3602
2594 2943
1162 4724
2649 3925
258 4091
2614 4991
2694 4905
1499 4059
301 3012
665 2694
2248 4862
4412 4719
4481 4805
2695 4497
39 4758
3489 3906
1526 3545
2965 4544
109 4761
1690 3264
2090 4240
2347 4611
3894 4560
3251 3545
275 3939
2708 4518
3577 3855
3816 3856
3412 4305
1617 1938
363 4617
1927 4839
648 4862
2187 4251
1221 4544
2012 4557
788 1682
1125 3799
2675 4798
3852 4245
2843 4097
2912 2976
526 2910
4275 4688
3013 4945
81 3168
830 3977
3403 4636
3579 3852
1637 2803
2893 3303
3977 4094
78 4617
902 4945
614 3663
3605 4268
3956 4240
627 4903
4459 4892
1221 4979
3204 4311
1010 3475
4192 4805
1300 4840
1867 3526
2607 4954
2187 4240
3680 4892
224 3674
4065 4761
2546 4066
755 2055
1836 4327
3763 4849
3925 4930
3049 4491
1971 3852
3290 3716
2397 3471
2360 4885
363 3526
2297 3167
3331 4663
78 2713
1568 2695
1010 4358
4201 4593
28 2701
763 4412
3851 4839
1319 4206
2088 4419
1246 3695
3928 4616
3856 3958
3906 4758
2267 2341
539 4930
3579 4905
480 4317
357 4617
1671 2304
859 3538
3356 4311
1606 4611
480 3984
3065 3073
3633 4688
821 1198
527 539
3013 4197
284 4688
1408 4979
425 4305
2553 3489
1414 3013
2713 4298
171 4840
598 4688
3903 4332
2546 4265
3732 4657
3309 3925
3791 4337
1329 1637
2708 4538
3073 4945
3166 3848
1254 3801
3534 4341
531 4544
1835 4472
4485 4636
3451 4905
1557 3379
2990 4278
3827 3848
1322 1924
184 3356
1707 4930
2730 3782
363 3612
2396 3574
3365 3956
3344 3450
2103 2323
1666 3142
1225 3214
3695 4247
3883 4201
98 4559
4544 4559
4200 4268
10 2512
744 3264
3972 4954
4358 4557
3303 4758
2794 4636
2187 3431
2217 2734
2341 4518
4485 4497
2338 3403
3507 4719
852 4743
2171 4298
3977 4979
2248 2309
2734 4945
171 4657
856 4134
2148 3602
4499 4657
2558 4215
660 4160
3049 3602
3644 4954
2734 3586
966 4206
3210 4063
1778 3852
1216 1912
284 4419
3406 4268
3356 3695
2103 3791
16 877
1 1666
757 1408
145 4583
2803 4358
2708 3394
108 2311
755 4497
427 3894
2533 4206
3384 4643
1617 4091
1289 4300
482 4518
1329 3206
3645 4616
325 4199
2675 3064
581 3956
389 3290
577 4358
2297 4705
920 1258
1301 4472
2713 3612
3188 3756
3431 4245
258 4636
2276 4134
4629 4758
3782 4085
660 4892
4091 4497
2461 4719
1221 4930
224 2594
1414 2825
859 4097
3210 3723
3699 4059
4078 4472
4063 4332
1423 4523
4317 4332
98 1462
2018 4569
491 4078
2341 4544
2403 4251
2649 4764
2367 2397
2175 4583
1444 4979
1836 2912
2558 4419
1246 4724
2217 4616
3135 4499
3205 3602
3221 3907
3258 4593
2563 4199
536 2347
1160 4761
1341 4849
4125 4134
2012 3716
427 4798
2478 4485
3472 3972
3307 4063
2289 3221
2529 4616
2363 4657
378 491
3049 4991
2220 3356
166 357
1759 4298
4636 4805
3264 4278
4360 4611
3526 4063
2563 4616
2952 3699
677 4314
1998 3680
3202 4327
26 2389
1778 4278
3477 4954
3663 4758
1163 4643
1225 4073
2548 4126
2597 3384
3756 4126
3412 3475
1283 4314
1143 4839
2608 4199
1206 3998
2781 3984
3816 4885
4419 4754
1977 4360
4518 4954
185 3958
3394 3972
2858 4616
3450 4206
3218 3246
2851 3344
3011 4314
145 3782
2286 4991
2558 4655
2226 4199
1162 3384
1758 4892
954 3716
577 583
53 4657
2272 4611
943 4058
902 4979
4278 4761
3124 3958
2912 4142
2837 4764
1543 4840
109 4160
3086 4337
1606 4360
4063 4275
1938 4485
2304 4327
712 2419
221 4663
2803 3507
1393 2045
854 4499
3431 4278
3142 4954
2058 4291
1606 3086
4278 4611
2315 4743
53 3579
1243 3763
2614 4078
4131 4840
1254 3065
3344 3680
2248 4849
307 4663
1936 3012
3972 4805
3099 4332
2799 3782
3188 3687
4059 4945
1976 4523
2007 4636
1243 4518
1423 3972
502 3489
3825 4251
2060 4611
3403 4903
3412 4514
2871 3958
3492 3899
131 3977
2386 3526
2315 3786
1011 3475
1563 4754
3191 4758
4432 4611
2350 4954
1972 4499
2461 4419
3524 3925
3958 4705
3894 4930
2990 4240
2574 4126
3322 3388
1672 4724
3856 4885
378 3940
3290 4560
1600 2868
889 4300
4317 4481
32 1495
3109 4126
1809 4485
966 4892
3674 4131
728 2787
389 4954
3612 4314
3939 4839
998 1829
2175 2730
1759 3932
1408 1690
3012 4840
2713 3577
2397 3680
787 4485
2217 4663
2875 4166
3004 4514
131 4979
903 4497
3012 4991
1444 4862
2360 3379
2476 4839
2113 3972
3191 4629
2952 4945
523 2095
2912 3225
3799 4636
1315 3700
3524 4206
3290 4514
1133 4583
3303 3825
53 4268
2067 3210
2103 2311
2608 3331
3334 3925
954 4514
2781 3403
2419 4655
2311 4304
2477 4125
2533 4160
2505 4268
2505 4839
3124 4569
3221 4085
3471 3939
2007 2391
3264 4166
2055 4497
1240 4192
1809 4091
1842 2228
4754 4798
802 4743
3851 4657
4657 4839
1396 4930
2067 2919
4055 4523
3073 4497
2421 3945
1 3644
2360 3958
2175 4085
1070 4360
2226 2529
1977 4862
1758 4160
2943 4583
4245 4251
2594 3907
869 4629
3030 4616
3756 4317
325 4663
1563 4905
2505 4499
4358 4560
2309 4862
3064 4840
1243 2350
3406 4839
1690 4617
2228 2341
2781 4432
3674 3855
3099 4215
2271 4360
379 1842
2649 3782
2461 4341
1162 3695
3334 4514
2090 3451
1393 4761
2875 4094
3004 4448
2363 4200
1807 4337
2663 4078
900 3932
1396 3894
2528 4058
4268 4839
3451 4761
869 3251
3214 3791
1047 1903
2167 3471
1499 4197
2825 4761
3394 4954
3984 4300
3644 3972
4300 4903
2529 2734
2067 2607
1133 3303
3827 3939
3827 4160
1163 3602
3214 4073
527 4560
4432 4903
1998 4459
966 3524
1198 4688
3931 4142
1116 4291
305 4991
1408 4849
2014 4459
2037 3940
2267 4094
3221 3782
764 3322
1807 3086
3218 4885
3545 4291
3931 4840
3903 4125
1206 1462
3799 4497
889 3545
3475 4514
3945 4197
4245 4278
1600 4275
2608 4663
4719 4754
4298 4314
3851 4499
3313 3644
1206 4945
3663 4629
3612 4617
163 2187
379 4166
2267 4979
2359 3534
2730 3221
2512 4559
350 4126
495 4201
3163 4991
2272 2614
1341 4862
738 4885
4432 4885
4199 4616
665 4905
2226 4663
1788 3204
2347 2529
1 4108
4 4976
10 4467
11 2707
16 4510
25 4198
26 4847
28 4877
32 2494
36 4620
39 3395
45 3679
53 4795
63 4527
76 372
78 4400
81 3829
82 4801
85 4487
98 4685
103 4513
108 4909
109 4379
112 3398
131 3988
132 3715
136 3670
145 4627
161 4176
163 4967
166 4691
171 1058
184 4325
185 1963
193 3469
202 4876
221 4603
224 4853
236 4842
237 3758
252 4716
258 2722
262 4656
253 269
275 1776
284 2761
301 840
304 4415
305 3729
307 1579
316 4722
318 3802
325 4773
329 3981
350 4912
357 4349
363 759
370 2994
378 4039
379 4948
382 4434
389 4137
425 4484
427 2928
433 4553
474 4816
480 4861
482 4522
491 4493
494 3508
495 4289
502 2817
507 3519
523 4577
526 3638
527 3964
528 4832
531 3531
536 4939
539 4797
554 3494
570 4669
577 3895
581 2327
583 4151
598 4230
600 4433
611 4993
614 4479
616 4926
627 2620
648 1948
652 3822
660 1065
665 1154
671 4627
677 4397
712 2840
713 4384
720 4382
728 4411
730 4001
738 4624
744 2831
753 2927
755 4517
757 4346
763 3372
764 4509
773 1395
787 4680
788 1627
793 4919
802 4955
821 3934
826 4895
830 3914
851 3407
852 3299
854 3033
856 2662
858 4324
859 3371
869 4019
877 3010
881 4588
889 3476
893 4437
900 1967
902 4430
903 1830
907 4763
910 3490
919 2340
920 3986
930 4390
941 4868
846 943
946 2832
954 4423
962 4842
965 2627
966 3455
967 4989
977 3126
983 4096
998 3872
1010 4095
1011 4283
1047 4946
1070 4974
1113 4872
1116 4074
1125 3725
1133 3965
1142 4313
1143 2545
1158 1963
1160 3967
1162 4714
1163 2046
1195 4552
1198 3585
1204 4005
1206 3802
1216 4318
1220 4618
1221 4932
1225 4697
1240 4859
1243 3952
1021 1246
1254 4280
1258 3670
1283 3766
1289 2551
1300 1876
1301 3896
1303 3597
1310 4637
1315 4841
1316 3514
1319 4338
940 1322
1328 4985
1329 3413
1341 4891
1332 1352
1362 4867
1391 4870
603 1393
1396 4252
1398 4922
1408 3904
1414 4968
1416 3892
1423 2932
1428 3967
1444 3550
1455 3476
1462 2072
1495 1970
1499 4948
1511 3813
1517 4624
1407 1526
1543 2601
1557 3999
1558 3957
1563 4946
1566 4821
1568 4927
1578 4637
1582 2394
1600 2806
1606 2351
1617 3819
1633 4498
1637 4674
1666 3743
1668 4877
1671 3498
1672 4163
279 1682
1687 4425
1326 1690
1691 4704
1707 4645
689 1723
1758 4661
1759 2804
1775 4052
1778 3710
1788 3551
1796 4726
511 1807
1809 4863
1828 3485
400 1829
1835 4708
1046 1836
1842 4093
1853 2268
1864 3207
1867 4992
1259 1890
1893 4990
1898 3981
1903 4884
1912 2967
1924 4687
1925 4680
1927 4932
1936 4988
1938 4987
1971 4147
1745 1972
1976 3865
1977 3965
1998 3320
2007 3304
2012 4002
2014 3081
2018 2789
2035 3870
1076 2037
2045 3529
2055 3653
2058 3752
1863 2060
2064 3751
2067 4770
2088 4787
2090 3667
2095 4909
2103 3697
2113 3675
2136 4384
2148 4717
2156 4693
2167 4329
2169 3831
2171 4502
2175 3673
1364 2187
1942 2200
2217 4966
2218 4323
2220 4424
2226 4692
2228 4715
2239 4282
2248 4258
2267 2465
2271 2902
2272 4194
2276 3923
2286 2972
2289 4700
2290 4784
2260 2297
2304 4444
2309 3504
2311 4726
2315 3239
2323 4681
2338 4953
2231 2341
2347 4539
2350 4594
2359 4946
2360 3642
2363 3660
2367 4773
2386 4896
2389 4377
2391 4330
308 2396
1549 2397
2403 4982
2419 4036
2421 3127
2461 4462
2476 4662
1313 2477
2478 3818
1351 2495
2505 4851
2512 3169
2521 3908
2528 4351
2529 4765
2533 4120
2546 4699
2548 4309
2553 4483
2558 3561
2559 4068
2563 3522
2572 2812
2574 3669
2575 4693
2594 4406
2597 4093
2607 4214
2608 4735
2614 4511
2438 2649
2655 3018
2663 2807
2675 3898
961 2694
1812 2695
2701 3823
2708 3964
2713 4995
2730 4100
2734 4860
2744 4210
2190 2781
2787 4043
2054 2794
2799 4671
2803 4981
2825 3713
2137 2833
2837 4446
2843 4414
2851 4252
803 2858
2863 4928
2868 4871
1868 2871
2875 4397
2881 4628
2893 4489
2910 4496
1054 2912
2919 4104
2274 2943
2952 4575
2961 3330
2965 4623
1313 2971
1021 2976
29 2990
3004 3728
3011 4487
2174 3012
3013 4952
3023 3030
3049 4866
1519 3064
3065 4532
2989 3073
3086 4324
3099 4634
2711 3109
3006 3124
2377 3135
3142 4710
3155 4940
3163 4933
2492 3166
3167 3853
2366 3168
840 3188
2645 3191
3045 3202
34 3204
1014 3205
3206 4584
3210 4101
3214 4666
3218 4454
2213 3221
3225 3810
563 3246
3251 4495
2666 3258
2395 3263
3264 4978
3290 4874
3303 4692
159 3307
1144 3309
2822 3313
2357 3322
3331 4935
352 3334
3337 4739
3243 3344
2715 3356
2133 3364
1263 3365
3379 3714
1413 3384
3388 4269
3394 4344
3403 4997
3406 3765
2896 3412
1766 3431
3450 3691
3451 4628
309 3471
89 3472
3475 3478
3477 4970
3489 4404
1386 3492
1290 3507
1518 3524
1592 3526
3456 3534
3538 4249
3545 3667
3553 3562
3046 3574
1861 3577
3440 3579
1932 3586
3543 3602
1921 3605
3063 3612
1818 3632
3633 4034
692 3644
1097 3645
3663 4545
3674 3684
3680 4336
2172 3687
3695 4653
3699 3781
3700 4838
2109 3716
274 3723
1102 3732
3048 3756
3763 4087
2975 3782
3354 3785
2326 3786
3791 4910
509 3799
3801 4696
3506 3816
3825 4723
3499 3827
3848 4907
3395 3851
1984 3852
3845 3855
283 3856
2579 3883
617 3894
3899 4819
3903 4107
3906 4944
3696 3907
2231 3913
3925 4613
1373 3928
3931 4443
3750 3932
1119 3939
2931 3940
1479 3945
3009 3955
3428 3956
3958 4572
3408 3972
3062 3977
1552 3984
3998 4241
4008 4929
2448 4055
3992 4058
2275 4059
724 4063
3118 4065
2191 4066
3822 4073
3457 4078
2162 4085
4091 4944
666 4094
4097 4922
3414 4125
4126 4204
2354 4131
3965 4134
3650 4142
2936 4160
4165 4760
2430 4166
3796 4192
3240 4197
1993 4199
2310 4200
1119 4201
4206 4645
3982 4215
4229 4952
4240 4507
4245 4878
3447 4247
2532 4251
4265 4498
4268 4396
4275 4462
3750 4278
4291 4297
1858 4292
4298 4809
2714 4300
215 4304
1670 4305
3176 4311
2096 4314
2834 4317
3872 4327
2766 4332
4324 4337
2758 4341
4350 4928
4358 4689
3980 4360
263 4412
2501 4419
4432 4498
3535 4448
3236 4459
3259 4472
2704 4481
2811 4485
3457 4491
4484 4497
4488 4499
4514 4604
4121 4518
2531 4523
4530 4532
3131 4538
303 4544
411 4557
4559 4815
1397 4560
1432 4569
4583 4681
3902 4593
4611 4625
3522 4616
4617 4876
4629 4639
3382 4636
2994 4643
4655 4664
404 4657
4279 4663
3156 4688
2724 4705
4122 4719
1810 4724
4711 4743
4754 4889
259 4758
2838 4761
4425 4764
1535 4798
2134 4805
3573 4839
1770 4840
4849 4875
4862 4923
690 4885
979 4892
3294 4903
2444 4905
2441 4930
4395 4945
2991 4954
2761 4979
1878 4991
1 1354
4 1130
10 2615
11 4404
16 4861
25 4912
26 4703
28 2929
32 3948
36 4309
39 4140
45 4005
63 4519
76 3573
78 4717
81 3506
82 4770
85 3183
98 4496
103 4808
108 2739
109 4872
112 4421
131 4760
136 4382
145 4679
161 4727
166 4815
171 4783
184 3685
185 4906
193 4723
202 4965
221 2412
224 4627
236 4195
237 3730
252 3964
258 4105
262 3626
269 1725
275 1783
284 4760
301 4845
304 2736
305 3914
307 4573
316 3548
318 647
325 4879
329 4868
350 4953
357 1186
363 4949
370 4084
378 4534
379 4932
382 4553
389 4018
425 3567
427 4420
433 2123
474 3352
480 4711
482 4452
491 4696
494 3284
374 495
502 4891
507 2889
523 4986
526 4891
527 4968
528 4924
531 3850
536 4927
539 4821
554 4900
570 2530
577 4112
598 3342
611 4828
614 4155
616 4765
627 4132
648 4480
660 4987
665 4133
671 3638
677 4794
712 4827
713 4858
720 4060
728 1996
738 3558
744 4894
753 4555
755 4323
757 2128
763 2177
764 3066
773 4756
787 4632
788 4814
793 3414
802 4155
84 821
826 4891
830 4960
851 1355
852 4431
854 4744
856 2936
858 4145
859 2748
869 3876
877 3769
881 4951
889 4219
893 1622
900 4881
902 4465
903 4586
907 4050
910 4770
919 4678
920 4902
930 4545
306 941
943 4974
946 3312
954 4969
962 4623
965 4463
966 3235
967 4808
977 2626
983 3613
998 4334
1010 4890
1011 4752
1047 4597
1070 3373
1116 2841
1125 4708
1133 4198
1142 4628
1143 4162
1158 4895
1160 4879
1162 3771
1163 3948
1195 4802
1198 1939
1204 4870
1206 4591
1216 4691
1220 4665
1221 4779
1225 4386
1240 4868
1243 4960
1246 2747
1254 4079
1258 4315
1283 4524
1289 1753
1300 2712
1303 3551
1310 4973
1315 4999
1316 2282
1319 3631
1322 4772
1328 4911
736 1329
1341 4176
1352 4962
1362 4044
1391 4934
1393 4658
1396 4658
1398 3637
1408 4329
1414 3079
1416 3900
1423 4827
1428 4108
1444 4961
1455 4997
1379 1462
1495 2278
1499 4869
1511 3853
1517 2412
1526 4854
1543 4323
1557 4373
1558 4566
1563 3578
1566 4249
1568 4937
1578 4504
1582 3868
1600 4874
1606 4504
1617 4736
1633 4555
1637 4864
948 1666
1668 4987
1671 4678
1672 2984
1682 4607
1687 4823
1690 4124
1691 2740
1707 3529
1723 4032
1758 4910
1759 2613
1775 3911
1778 3143
1788 4162
1796 4975
1807 3853
1809 4639
1828 3326
1829 3832
1783 1835
1836 4873
1842 3824
1853 4984
1864 2337
1867 4502
1890 3838
1893 4896
1898 3646
1903 3212
1912 3501
1924 2979
1925 4868
1927 3944
1936 4169
1938 2828
1971 4896
1972 3114
250 1976
1977 2326
1799 1998
2007 4597
2018 4434
248 2035
2037 4532
2045 4504
2055 4642
2058 3091
2060 3853
2064 3775
2067 2583
2088 4635
2090 4817
2095 4895
2103 4909
2113 3808
2136 4772
2148 4628
2156 4509
2167 4904
2169 4781
2171 4833
2175 3347
2187 4781
2200 4363
2217 2535
2218 4987
836 2220
2226 3622
2228 4855
2239 4572
2248 4735
2267 4926
2271 2849
2272 3097
2276 4738
1504 2286
1351 2289
2290 4284
2297 2765
2304 4344
818 2309
2311 4025
2315 3336
2323 3386
2338 4600
2341 3845
2347 3547
2350 3639
2359 4436
2360 4830
2363 3530
2367 4161
2198 2386
2389 3250
2314 2391
2396 4906
2397 4095
2403 4881
2419 4288
2421 4630
1164 2461
48 2476
2477 2788
2478 3237
2495 4603
2505 4776
2512 3382
2521 4952
2528 4216
2529 3706
2533 3638
2546 4083
2548 3335
2553 4568
2558 3368
2559 4841
2563 3589
2572 3335
2574 4814
2575 4759
2372 2594
2597 3376
2607 3631
2608 3224
2614 2747
2649 4244
2655 4088
2663 4751
1932 2675
2694 4270
980 2695
2701 4895
2708 4297
2713 4568
2730 4023
2734 4713
2744 2749
2781 3238
2787 4331
2794 3459
2799 4676
2803 4987
2091 2825
2833 4676
2837 4102
2843 4080
2851 4936
2858 4416
2863 4678
2868 4333
2639 2871
2875 4687
2881 4084
2893 3117
1990 2910
2912 3705
1644 2919
2943 3480
2952 4796
1941 2961
2455 2965
2971 4745
2976 3445
2990 3617
3004 4942
3011 3278
3012 3749
3013 4158
3030 4980
3049 4320
1205 3064
3065 4338
3057 3073
3086 4177
3099 3946
3109 3554
3124 4987
3135 4813
3142 4660
2922 3155
3163 4501
3166 4148
833 3167
3168 3527
3188 3548
1999 3191
3202 4895
3010 3204
3205 3994
3206 4509
964 3210
1302 3214
3218 4411
3221 4727
2712 3225
3246 4156
3251 4939
2036 3258
3263 4640
3264 4225
3290 4109
3303 4343
1490 3307
3309 3734
3313 3812
1611 3322
3331 3622
3334 4779
3337 4410
3332 3344
3356 4796
3364 3917
2585 3365
3379 4451
1946 3384
3388 4547
3394 3446
3403 3784
3406 4735
1453 3412
2230 3431
3450 4850
3451 3567
3471 3638
2879 3472
3475 4296
3477 3798
3489 3718
3491 3492
308 3507
3524 4430
3526 3552
3534 3987
865 3538
3545 3777
621 3562
3574 4609
3577 4818
3579 4524
3586 4627
3602 3748
3605 4466
3113 3612
2765 3632
3633 4103
3518 3644
3478 3645
3663 4859
206 3674
3680 3837
3687 4955
3695 4374
642 3699
3700 4961
3716 3721
302 3723
3732 4613
3756 4334
3763 4838
3782 4695
3785 4911
3786 3890
3791 4371
3799 4144
3801 4871
3777 3816
3825 4489
3827 4191
3848 4223
358 3851
3852 4489
3855 3874
2264 3856
3883 4621
3894 4453
3899 4768
3903 4677
3906 4767
3907 4634
2834 3913
3925 4025
670 3928
3931 4077
3932 4708
3939 3942
1335 3940
1930 3945
3955 4029
3956 4644
3958 4405
3972 4861
3964 3977
3984 4164
580 3998
4008 4736
4055 4579
814 4058
2768 4059
4063 4440
3512 4065
4066 4494
3473 4073
3666 4078
4077 4085
3079 4091
4094 4800
4097 4791
4125 4517
4126 4372
3496 4131
2652 4134
3737 4142
2721 4160
4165 4953
3496 4166
3759 4192
2729 4197
3978 4199
4200 4555
4201 4852
3638 4206
4215 4915
3731 4229
4240 4658
4245 4551
3765 4247
4232 4251
2830 4265
4268 4894
4103 4275
645 4278
4287 4291
2855 4292
2689 4298
4300 4537
1678 4304
3711 4305
4311 4469
3003 4314
4317 4806
3965 4327
3092 4332
4337 4442
4155 4341
3614 4350
4358 4364
4173 4360
1722 4412
3314 4419
1917 4432
4448 4833
2731 4459
4472 4992
4133 4481
2770 4485
4491 4947
2753 4497
2348 4499
2375 4514
190 4518
2998 4523
4530 4915
3651 4538
328 4544
4410 4557
4356 4559
4560 4997
810 4569
3341 4583
4083 4593
4611 4626
4473 4616
4266 4617
2191 4629
3171 4636
4643 4749
4375 4655
2467 4657
4663 4671
4102 4688
4669 4705
4602 4719
4671 4724
3184 4743
3567 4754
4758 4845
4411 4761
2948 4764
4798 4802
4343 4805
4825 4839
704 4840
3321 4849
4848 4862
2520 4885
4892 4911
4874 4903
4905 4946
2974 4930
4818 4945
4819 4954
2375 4979
4989 4991
1 4186
10 4099
11 4985
16 3797
25 4767
28 4580
32 4970
45 4800
76 4686
103 4340
109 4975
112 4981
136 3510
145 4434
166 4999
184 4594
185 2771
202 4717
237 4966
258 2921
262 2855
269 4146
275 2745
284 3994
301 4742
304 3921
305 1324
307 4547
316 1425
318 4488
325 586
350 3880
363 1960
379 3719
425 4519
474 4075
480 4691
482 4359
491 2774
494 4722
502 3165
507 3361
526 4763
528 3843
536 4859
570 4893
598 1567
611 4804
614 4852
616 2963
627 882
648 4741
660 3490
671 3736
677 4630
720 3961
728 3216
753 4683
755 4577
763 4788
764 3132
773 2802
793 3517
802 4478
821 4785
826 4938
830 1088
852 4623
854 2450
856 3766
858 4755
859 3392
869 4897
877 4959
881 4397
900 3464
903 4890
907 4940
919 3559
930 4978
943 3878
946 4808
954 4415
962 3554
489 965
966 4907
967 4929
977 3570
998 4427
1011 1817
1047 4854
1070 3905
1116 3915
1133 4127
1142 4556
1143 4780
1158 4159
1160 4886
1195 4848
1204 3694
1206 3835
1216 4920
1220 4801
1225 3930
1240 4385
1243 4879
1246 4316
1254 4423
1283 3796
1289 4621
1300 3607
1310 4069
1315 3829
1316 2865
1319 4874
1322 2116
1328 4136
1329 4605
1341 4873
1362 2510
1391 4605
1393 4838
1398 4811
1408 4502
1414 4591
1416 3613
1423 4788
1428 4633
1455 4709
1462 3990
1495 4307
1499 4578
1511 3960
1526 4768
1543 4739
1557 4796
1558 4850
1563 4978
1566 4615
1568 4867
1578 4919
1582 4782
1606 4928
1633 4712
1637 2262
1666 4937
1671 3965
1682 3183
1687 4971
1691 4722
1723 4664
1759 4784
1775 3863
1778 4067
1788 4420
1809 4768
1828 4190
1829 4676
1835 3033
1836 4648
1842 3081
1853 4348
1864 4615
1867 4258
1890 4728
1893 3601
1898 3839
1903 4816
1912 4927
1924 4689
1925 4223
1927 4269
1936 4680
1938 2474
1971 3630
1520 1972
1977 4018
2007 4940
2018 3187
2035 3614
2037 4470
2045 4390
2055 4820
2058 4866
2060 3891
2064 4658
2088 4866
2090 4786
2095 3815
2103 2888
2113 4730
2136 4576
2148 4769
2156 4828
406 2169
1732 2171
2175 3259
2187 3042
2200 3354
2217 2489
2218 3975
2226 3613
2228 3024
2239 3067
2248 4034
2267 3682
2271 3739
1434 2272
2276 4656
2289 3935
2290 4778
2297 4503
2304 4844
2309 3974
2311 4408
2283 2315
2338 4478
2347 4004
2350 3740
2359 4154
2363 4336
2367 4450
2386 4847
2389 2552
2391 4999
2396 4841
2397 2737
2403 3839
2414 2419
2227 2421
2461 4627
2476 4815
2477 4838
2478 4771
1520 2495
2512 4967
2528 4386
2529 4417
2533 4307
2546 4254
2553 4656
2558 3694
1191 2559
2563 3207
2572 4281
2574 4702
2575 4087
2594 3039
2597 4389
2607 4295
2608 4132
2614 3494
2649 4937
2085 2655
2663 4186
2675 3096
2694 4471
2695 4601
2708 4619
2713 4467
2730 4963
2744 2917
2781 3160
2787 4886
2794 4904
1795 2799
2803 3097
2825 3885
2833 4727
2837 4776
2205 2843
2851 4966
2858 4684
2863 4972
2868 3493
2871 4946
2875 2914
2881 3400
2893 4145
2910 4573
2912 3362
2919 3484
2943 4923
2952 4169
2961 4757
1699 2965
2971 4675
882 2976
1486 2990
3004 3227
3011 4687
3012 4830
3013 4767
3030 4501
3049 4100
2280 3064
642 3065
3073 4601
3085 3086
3099 4820
3109 4700
3124 3540
3135 4810
3142 3245
3155 3705
3163 4795
3166 3544
3167 4787
1626 3168
3188 3353
3191 4784
3202 4534
2547 3204
3205 4133
3206 4845
3214 4880
3218 4659
3221 3734
3225 4210
3246 4960
1214 3251
3258 4795
2511 3263
3290 4847
3303 4542
406 3307
3229 3309
3313 3327
3322 4185
3331 4738
3334 3886
2526 3337
3344 4709
3356 4809
3364 4939
3365 4938
3379 4445
3384 4842
3388 4263
3394 4977
1749 3403
3406 4392
2963 3412
1774 3431
3450 3629
3451 4946
3471 4222
3472 4861
3475 4752
3477 4483
3291 3489
3492 4855
3507 4470
1706 3524
3526 4207
2519 3534
3538 4021
3545 4615
1724 3562
2063 3574
3577 3745
3579 4990
3586 4802
3602 4965
2141 3605
3612 3943
3632 4411
3633 4982
3644 4026
3645 4713
1284 3663
3674 4592
3242 3680
3548 3687
3695 3697
3699 4454
3700 4203
3716 4422
3723 4117
3243 3732
3756 4715
2791 3763
3782 4467
3752 3785
3786 4695
3076 3791
3799 4816
3801 4968
3813 3816
3825 4973
3827 4442
2873 3848
3851 4252
3852 4109
3855 4642
2184 3856
2778 3883
3894 4888
3899 4814
3903 4507
3429 3906
2302 3907
3913 4938
3410 3925
3928 4436
3931 4654
3932 4190
3939 4261
2860 3940
3945 4934
1755 3955
3956 4242
2765 3958
2766 3972
3977 4193
3677 3984
1110 3998
4008 4824
4055 4637
4058 4376
3637 4059
4063 4857
1373 4065
4066 4778
2277 4073
4078 4899
4085 4373
3846 4091
4094 4767
4097 4326
745 4125
4126 4127
4131 4361
4134 4873
4142 4623
3536 4160
4129 4165
3232 4166
959 4192
1438 4197
4199 4851
4200 4375
4201 4574
4206 4935
2788 4215
4229 4931
4193 4240
3995 4245
4235 4247
4251 4772
3800 4265
179 4268
4225 4275
4278 4835
3179 4291
4292 4871
3276 4298
3613 4300
4304 4947
4305 4825
4308 4311
1732 4314
4023 4317
3400 4327
2116 4332
3858 4337
4072 4341
4350 4678
3363 4358
1937 4360
4029 4412
1473 4419
3625 4432
4424 4448
4054 4459
4458 4472
4475 4481
2993 4485
3787 4491
4497 4976
4498 4499
4107 4514
4483 4518
4523 4968
4385 4530
3927 4538
4111 4544
3339 4557
4118 4559
4560 4664
4569 4994
4583 4740
4593 4972
4611 4937
4140 4616
4617 4620
4321 4629
3774 4636
4034 4643
4183 4655
4363 4657
4070 4663
4674 4688
4534 4705
4719 4793
2151 4724
2120 4743
4148 4754
4180 4758
4325 4761
3366 4764
3178 4798
4805 4877
4669 4839
4825 4840
3571 4849
4715 4862
4885 4901
3610 4892
3162 4903
4859 4905
4553 4930
4709 4945
4899 4954
3738 4979
4940 4991
16 4992
25 4777
103 3409
109 4592
185 3512
262 3041
269 4293
284 4997
304 4713
318 4384
350 4811
474 4452
491 3374
502 4238
570 4937
671 3581
728 4368
755 3040
773 4878
826 4834
830 4026
854 4243
856 4404
881 2278
930 4443
946 4946
965 4972
977 4599
998 4778
1070 4904
1142 4016
1158 4289
1195 4421
1204 4878
1220 4756
1240 4829
1243 4971
1246 4918
1289 2978
1316 4282
1322 3677
1329 3805
1391 4212
1393 4545
1408 2504
1423 3896
1428 4468
1495 4997
1499 4541
1511 4548
1526 4737
1558 4883
1568 4556
1578 4102
1582 3751
1606 4791
1633 3548
1637 4460
1666 4274
1671 4381
1682 3702
1687 3854
1683 1723
1809 3781
1829 4768
1835 3457
1836 4159
1842 4409
1853 4972
1890 4441
1903 3265
1912 4010
1924 4520
1936 4831
1938 4896
1971 4664
2007 3402
2018 4531
2035 4145
2045 2214
2055 4016
2058 4120
2064 4734
2088 4975
2090 4956
2095 3121
2136 3476
2156 4129
2169 4565
2171 4850
2175 3754
2200 4040
2226 4974
2228 4082
2239 4924
2248 4049
2267 4713
2271 4956
2272 4998
1433 2289
2304 3572
2309 4069
2311 4324
2338 4933
2359 3865
2386 4955
2389 4937
2391 4590
2396 3981
2403 3989
2419 4908
2476 3143
2477 4999
2495 4710
2469 2512
2528 4974
2546 4256
2559 4818
2563 3884
2572 4479
2594 4766
2597 4962
2265 2608
2675 4520
2561 2694
2708 4100
2713 3348
2730 4797
2794 4558
2799 4082
2825 4010
2833 4049
2863 4151
2868 4835
2871 4918
2881 4769
2893 4635
2943 3512
2462 2952
2349 2961
2950 2971
2976 3751
3004 4651
3011 4896
1449 3012
3013 4738
3064 4563
3065 4728
3086 3606
3099 4117
3124 3665
3142 4548
3155 4692
3163 4009
3166 4845
3167 3514
3188 3195
3191 3681
3202 4744
3204 4799
3214 4800
3218 3810
1535 3246
3251 3862
3263 4874
3303 4928
3307 3886
3322 4832
3331 4349
3334 3774
3337 3446
3364 3366
3379 3870
3384 3869
3388 4604
3394 3675
3403 4890
3406 4591
3407 3412
2081 3431
3451 4450
3472 3953
3475 4113
3389 3477
3492 4774
2455 3507
3526 3731
3538 3986
3545 3593
3562 4438
3574 3619
3577 4739
3579 4759
3586 4684
3602 4931
3605 4869
2688 3632
3633 4433
540 3644
3645 4620
3655 3663
3674 4270
3680 4907
3699 3726
3700 4916
3557 3716
3732 4933
3228 3756
3763 3764
3782 4999
3785 4324
2642 3786
3495 3791
3486 3799
639 3816
3825 4084
3827 4993
3848 4196
3851 4989
3051 3852
3018 3855
3856 4699
3894 4588
3899 4562
3903 4217
3906 4843
2043 3907
2916 3913
3928 4150
3681 3931
3932 4923
3939 4720
3940 4944
3945 4708
3955 4736
3956 4946
3958 4832
3951 3977
3984 4899
3998 4043
4008 4187
4055 4668
2249 4058
3462 4059
4063 4668
4066 4170
3840 4073
4078 4808
3501 4085
4097 4183
3805 4125
3895 4126
4134 4145
4141 4142
4160 4618
4165 4938
4166 4794
4192 4438
4197 4833
3291 4199
4200 4325
4201 4608
2666 4206
4215 4679
1657 4229
4209 4240
4245 4907
2688 4247
4251 4493
4265 4651
4075 4268
4278 4946
4291 4577
4292 4320
4181 4298
1438 4300
4304 4916
4305 4860
4163 4314
3581 4317
1946 4327
4307 4332
4337 4816
4341 4995
3488 4350
4356 4358
4412 4887
4419 4943
3085 4432
1174 4448
4458 4459
4472 4781
4299 4481
4475 4485
4402 4491
4163 4497
3114 4499
4493 4514
3398 4518
4523 4818
4477 4530
4538 4579
1954 4544
4557 4985
2985 4559
4560 4900
4030 4569
4280 4583
4593 4861
4550 4611
4616 4943
3863 4617
3994 4629
3058 4643
4655 4745
4581 4657
4663 4998
4308 4688
4673 4705
4719 4757
2394 4724
2969 4743
4754 4789
4758 4942
4489 4761
4270 4764
4798 4811
4796 4805
3715 4839
4840 4926
4849 4894
4845 4862
4316 4885
4286 4892
4873 4903
4846 4905
4465 4930
3014 4945
4841 4954
4202 4979
4919 4991
269 4812
284 4103
930 4630
1158 4928
1329 4864
1391 4853
1423 4612
1526 4070
1558 4746
1637 3996
1809 3919
1842 4791
1853 4971
1938 4918
1971 4392
2055 4379
2088 4912
2156 4096
2169 3867
2200 4879
2338 4995
2396 4186
2512 4957
2559 4713
2694 4489
2713 4958
2730 4609
2799 4921
2825 4500
2833 4242
2863 4159
2881 4409
2893 4678
2976 4976
3163 3703
3202 4678
2514 3246
3307 4962
3322 4867
3334 4143
3337 4823
3394 4936
3451 4489
3472 4977
3538 4803
3545 4595
3562 4260
3579 3872
3586 4517
3602 4243
3632 4908
3700 4942
3763 3908
3782 4002
3786 4834
3825 4520
3848 4836
3852 4193
3557 3855
3894 4129
3899 4555
3913 4188
3928 4648
3866 3939
3940 4175
3228 3955
4008 4486
4058 4893
4059 4446
2270 4066
4078 4526
4097 4395
4126 4732
3401 4134
4052 4142
4165 4913
4166 4793
4200 4721
2804 4201
4206 4379
1051 4215
3811 4229
4240 4489
1519 4247
4278 4997
4291 4576
4298 4938
4304 4773
4305 4781
4159 4327
4138 4332
3712 4337
4115 4350
4412 4913
4432 4913
4459 4750
4146 4472
3877 4481
4491 4796
4302 4499
4057 4518
3983 4530
4538 4940
4557 4594
3902 4560
2807 4569
4583 4915
3842 4593
4611 4794
4153 4616
4617 4873
4476 4655
4622 4657
4351 4663
4688 4886
3729 4705
3863 4724
1433 4743
4306 4754
4761 4827
2452 4764
4648 4798
3565 4839
4589 4849
4529 4885
4683 4892
4551 4905
4930 4943
4945 4952
3689 4954
4864 4979
1558 4747
3202 4873
3337 4980
3700 4861
3825 4709
3848 4882
4530 4921
3640 4569
4724 4873
4690 4979
