916 4941
4786 4951
1036 4609
4305 4383
175 2716
2188 2750
696 855
2646 4806
4188 4442
1623 3352
2269 3772
2510 4798
4698 4858
2689 4388
3332 4698
2111 4126
4816 4913
3078 4455
2298 4552
116 3751
3419 4583
2521 4481
1872 4622
4341 4615
1227 3366
3544 4948
2832 4101
3881 4110
4296 4653
3905 4858
4305 4980
2655 4778
2994 3768
329 4523
68 3481
431 3751
989 4098
1526 4966
1588 4776
2012 3232
4007 4744
3087 3610
539 2042
1484 3087
3985 4605
639 1295
3771 4486
1924 4803
2646 4931
1280 4948
2066 4738
88 2619
4510 4913
4042 4395
1572 4552
3771 4760
4707 4980
1568 2188
1912 3204
2845 4962
603 747
3751 3772
3662 4788
1432 3881
3742 4975
4092 4939
3544 4305
3901 4395
2619 3051
3204 3412
2225 4591
132 521
1912 4486
2857 3253
4697 4760
1762 3051
702 4744
2042 4188
3839 4698
3051 4951
3610 4331
2934 3613
3703 4442
2234 4486
612 4928
1623 4697
3985 4591
4136 4855
429 4867
570 3772
3723 4707
200 4980
3998 4765
4473 4698
4486 4821
1491 4140
3608 3703
3608 4140
1834 4233
221 4114
4331 4543
2117 4295
2905 4755
1868 4760
2048 4972
2049 4114
2726 4126
4765 4962
3051 4755
1849 4951
2619 4602
3025 4490
3505 4605
1717 4424
2525 3768
45 2048
1588 4112
1733 4424
4188 4516
4047 4473
2525 3881
3841 4966
2260 3896
3917 4473
2487 2903
895 4858
1874 4861
1834 2042
3608 4928
309 3444
10 990
3412 4515
170 4422
2349 2769
4098 4608
3884 4023
521 4755
2296 3368
3023 3028
3740 4092
1202 4615
2521 4591
1744 4473
2017 4320
4695 4850
3505 4591
3090 4931
3905 4816
3884 4620
1485 3834
2832 3983
2646 4966
4081 4602
2168 3723
2260 2372
4729 4951
2508 4481
3985 4816
1367 4786
326 2168
2486 4235
3354 3366
1679 4780
3547 4980
3332 4293
3794 4559
326 4821
1369 1543
2506 2610
4510 4816
494 2517
872 4775
1076 4776
4775 4843
1084 3896
895 2699
100 1863
597 2004
3912 4184
4755 4966
3359 3792
1125 2670
4765 4855
2699 3052
4516 4939
2276 3392
3866 4591
702 4980
3419 3564
2769 3865
2427 2780
3368 4941
2034 4972
2101 4608
3420 4112
3896 4081
1671 3794
1238 3772
2168 4305
601 2200
2560 3411
4816 4855
3352 4697
1546 3739
333 3862
3998 4116
3654 4778
3452 4515
1805 4007
4516 4780
2522 4657
3884 4523
2507 4594
2585 3912
4110 4970
26 3739
4424 4962
3352 4657
1621 3772
4510 4543
1816 4980
1485 4321
2845 4136
3547 4559
81 3232
1955 4481
2225 4939
3547 4729
2619 4966
4119 4867
696 3896
4329 4543
115 4320
449 4948
430 4188
1926 4424
4324 4424
1202 4433
4348 4867
2012 4418
2318 4481
1383 1744
1868 4433
3617 4007
570 4583
437 3739
988 4348
4053 4951
437 4744
3218 4486
2634 4695
4320 4414
3023 3662
2525 3557
4455 4942
3087 4248
1825 4972
1744 4765
2948 4951
3505 4803
2463 4023
2065 2903
3204 4510
1962 4296
4521 4928
517 1805
597 4776
1254 2101
3204 4816
2014 4490
4053 4235
2973 3782
1008 2661
2508 2560
2658 3912
3876 4942
1259 4321
1968 3193
2805 4775
3578 4114
3948 4341
912 4707
89 4697
1411 4821
4112 4975
1237 1805
3023 4824
3267 4867
4329 4783
2634 4697
4101 4975
434 3740
1491 4106
1237 4295
2506 4939
1943 4042
3505 4861
3703 3830
3452 4233
775 4615
3327 4975
3881 4970
221 2659
916 4942
170 4776
337 4806
459 2724
1614 4798
3691 3839
2699 4858
2780 4941
1227 2893
1125 4388
702 4559
796 3243
3052 4729
1878 2030
2619 3015
4252 4750
2725 3419
33 1802
407 4760
3884 4296
2586 3317
2200 4913
2699 4962
4295 4583
925 4609
1813 4388
3135 4951
1802 4765
2665 2810
3608 4521
2030 4383
1813 4928
4042 4120
2163 4788
1653 3949
3352 3924
1693 4806
2957 3757
3865 4786
3267 3924
605 1762
4110 4750
3772 4295
1286 4455
1822 4110
3198 4323
214 1708
3916 4966
3057 4184
3617 4329
2318 3988
2298 3916
3794 4931
124 4942
2054 3768
3742 3876
1415 4329
1034 2046
2893 4442
2901 4645
2242 3641
3307 4047
88 4928
3830 4106
1959 2804
3420 4970
2034 3740
1572 2296
4383 4515
671 4778
3023 4931
3452 4951
2226 2510
779 4861
2780 4591
1733 3188
2636 4388
398 3392
3352 4760
2510 3359
3368 4738
2066 4962
2636 4928
1598 4116
2017 4941
3210 3757
326 1016
2262 4424
3188 3610
2646 4183
775 4602
3052 4442
3739 4972
2642 3985
1568 4939
189 4931
1962 4136
3924 4044
3820 4622
588 2226
4088 4120
3317 4778
3597 3794
3896 4939
4383 4778
1808 3884
4620 4653
1409 3597
1803 4188
2358 2607
3346 3751
3470 4780
4552 4755
2030 4783
3865 4750
4120 4321
1872 4110
1528 4510
2188 3924
2101 4321
4608 4939
3949 4594
925 4975
1912 3412
3487 4233
2262 4442
2487 3107
838 3757
2004 4786
3985 4941
2560 4183
4697 4850
1802 4816
2269 4803
790 4543
3115 4044
336 4657
2111 3346
2192 2517
3346 4051
1813 4140
95 1279
2234 4850
314 4942
2533 4486
158 4605
1834 4594
1019 1959
1432 4942
3056 3418
2724 3768
3699 4948
4295 4680
4424 4645
3207 4942
2586 4788
2111 2298
3881 4188
1762 4323
2655 4695
1008 4948
343 2683
2370 2683
10 3689
4559 4707
229 2804
26 3307
2725 4821
4816 4858
329 2546
1202 1279
524 4622
4007 4442
1192 4490
4858 4962
4235 4951
3983 4615
4296 4305
3052 4188
269 4395
882 4972
2481 2503
2297 4101
742 3617
4816 4962
323 4383
4140 4388
4395 4942
4293 4765
494 2525
441 2775
2513 2724
2905 4855
214 4183
936 3757
2143 4007
3193 4850
1238 4051
3740 4942
3884 4126
3960 4053
4695 4760
4329 4698
100 3082
2463 4329
2014 2984
429 1019
3087 4422
890 3998
2655 4383
317 2066
1572 2758
4455 4608
2903 4331
2086 4867
3082 4248
3323 4510
3359 4788
3051 3983
4424 4698
1836 2658
1598 4609
115 1257
2804 3865
4248 4776
2370 4321
2298 4738
1279 4972
721 4053
4653 4680
3691 4821
1677 4778
1207 4433
3082 3917
3782 4821
4843 4913
601 2065
4296 4620
2825 4107
4602 4939
569 1204
2994 4786
2169 4962
1237 4044
1926 2670
2658 4615
3057 4114
398 4433
3253 4481
407 3613
2349 4783
3723 4980
1334 3243
407 3352
4110 4776
2703 3418
4321 4951
3023 4821
1442 3988
3488 4114
3881 4112
4098 4780
1317 2775
2383 4972
175 1019
775 4942
221 872
114 1563
3782 4788
431 1896
69 1557
3792 4788
1317 4738
361 2349
1802 4293
1943 2288
3949 4941
4455 4602
2973 4798
3312 4510
4296 4523
398 2541
2661 4051
2908 4323
4942 4966
320 1834
2766 3230
113 4778
1163 4188
2188 2585
539 4007
4433 4602
45 4972
4388 4521
1943 3901
2501 4321
3188 4975
1178 4821
2832 3327
1383 3323
3115 4867
1653 4798
601 603
2541 4972
3307 4776
1813 4521
1561 3028
1671 4106
4323 4861
4473 4962
4442 4760
2065 4680
21 26
4573 4786
4707 4931
643 3597
2004 4523
89 4931
3641 4970
1072 4806
2023 3419
3866 4573
3056 4520
2655 4783
2948 4941
3354 3359
4583 4913
200 4707
4738 4843
2586 4235
1467 4331
2066 2908
4486 4695
3662 4776
4775 4867
2507 4744
1546 1563
3135 4729
2507 3960
3411 4481
1442 3056
869 3876
2225 4595
3332 4424
2857 3830
3230 4523
1289 2372
4188 4320
1224 4433
99 2535
1467 4320
3985 4595
2517 3578
3641 4798
3470 3876
3771 4850
855 4183
1868 4486
1432 3876
2427 2533
3093 4760
2504 2893
1770 4816
2296 4966
2521 4750
2769 4855
1334 3420
2703 3056
2901 3924
2108 4855
2805 4119
2004 4107
4608 4780
1855 1943
3412 3493
4320 4329
882 2667
1193 3564
2517 2522
2984 4490
3210 4760
3948 4305
1878 4520
2301 2318
2374 4750
1334 3224
3820 4942
3470 4516
3699 4305
1863 4248
117 2014
1280 4305
2040 4140
3198 4697
3839 4821
2832 4775
1955 4101
2301 4806
4101 4939
4559 4948
434 3768
605 1834
3896 4602
1227 4942
2296 4980
2649 4861
3751 4975
4605 4861
2525 3935
2508 4184
588 1226
3172 4235
3505 4595
1017 4248
1224 4970
569 3771
3172 3641
1016 1623
1491 4941
2649 2780
653 4139
1215 3617
1968 2533
3597 4931
4323 4941
3876 4516
4042 4595
3028 3901
2234 3505
2034 3925
2508 4183
3412 4913
4843 4966
486 4765
3597 4559
24 2370
3420 4110
2503 4776
3057 4750
4140 4521
2040 4521
1968 4486
1202 4972
1317 4850
1568 3757
3608 3830
132 3841
2750 2957
88 4521
3354 3662
189 4948
708 4653
483 1511
3107 4657
280 4970
3699 4744
1733 3327
3960 4594
1825 4594
3217 3544
2535 4112
2535 4970
4780 4816
2658 4101
643 4913
2296 4414
3090 4707
4552 4738
3015 4609
3260 4951
1614 4594
3243 4329
1224 1279
3617 4516
4107 4119
4007 4331
4044 4775
4516 4942
336 1409
771 2463
989 4803
756 4850
3608 4106
4516 4608
2192 4422
1064 4931
3782 3794
2269 4605
2857 4321
3411 4806
3488 4248
4418 4843
1076 4778
3232 4418
4738 4966
2758 4615
3312 4645
4007 4320
3392 4120
882 4433
796 3617
2095 4552
4081 4780
2100 4552
2065 4051
3217 4329
4324 4698
989 4941
1543 2143
744 4112
4295 4776
431 4913
3135 4573
4645 4775
3916 4755
4323 4605
3505 4941
2368 4098
2169 4951
4140 4928
3742 4116
3230 4296
3896 4516
1254 2658
2683 3230
4591 4595
88 2805
4473 4855
333 4183
581 4913
1986 4053
4047 4821
4305 4738
1693 4481
2030 4047
2533 2901
2973 4120
2297 4975
1738 4855
3841 4615
2775 3078
3862 3901
3223 4114
2358 4414
99 280
3317 4047
2683 4750
2689 3948
4591 4941
1227 4516
2034 2383
1226 3373
1383 3198
3323 3493
2661 4680
3544 4980
1435 2164
2726 4843
988 4803
3901 3905
443 4395
3547 3723
1557 4806
1874 4119
2636 4486
3107 4861
742 4442
3366 4942
2726 4755
3905 4962
1467 3412
305 2825
747 2750
2522 3866
113 1588
2725 4697
945 4824
3703 4928
2269 4941
89 4975
1311 4395
3470 4081
1803 2463
2486 3866
4948 4980
2880 4775
2368 4972
1074 4806
2164 3025
4695 4697
2689 3608
4490 4798
3346 3820
2683 2766
869 4395
1807 4948
2421 3905
4112 4970
4707 4948
796 4442
100 4788
3792 4120
3135 4235
2269 4348
1614 3792
2225 4609
2506 4942
2086 4119
3207 3839
698 4913
4042 4515
1863 3223
3916 4552
2636 4622
3025 4798
1738 2169
2370 2753
1872 4473
1924 4341
1962 4765
4521 4824
612 4106
332 2427
1765 2577
2661 3884
3830 4140
3207 4455
2168 4707
3839 4760
2901 3115
3948 4092
3794 4948
4324 4765
895 1543
2188 2318
45 3481
3204 4913
3093 4861
1541 4760
4573 4608
1568 3217
2040 2510
771 2610
4707 4744
113 4729
4092 4608
1679 4622
2901 4775
1588 3057
2658 4806
3392 3444
3610 4101
945 4803
988 4775
3243 3641
2726 4966
3444 3998
2276 3608
4341 4755
4786 4941
612 4521
828 4657
4695 4821
3232 4293
1825 3264
721 2510
2200 3689
483 4414
708 4858
3488 3654
2699 4473
3028 3866
2659 4970
2699 4765
2028 4657
1084 4615
3412 4816
2758 3218
1204 4248
1653 4744
1874 4775
2649 4591
2689 4928
2525 4583
3866 3988
3452 4843
3703 4521
603 4816
2048 4806
1546 4948
459 2054
3493 4510
2269 4861
2585 4324
3834 4481
2586 4951
3198 4695
3028 4395
4972 4975
3193 4697
3218 4966
2297 4609
1334 4970
3411 4296
916 4972
69 229
3218 4418
2189 3998
1016 4821
4136 4858
4760 4778
2486 4729
2525 3772
3317 4783
361 2753
430 4051
2347 3264
2349 2374
3323 3332
3998 4324
2030 4778
605 4233
2017 4653
828 4520
170 3355
3699 4931
2040 3830
596 3544
2780 4861
3452 3613
2948 3771
1064 2804
3317 4776
343 1295
4136 4293
309 3481
691 1874
2546 4697
449 4559
2659 4595
3488 4776
570 1621
639 4520
824 4188
2108 4765
1207 2347
2541 4707
2607 4320
1878 4816
2210 4803
3924 4645
3691 4850
4803 4858
2957 3703
517 3564
4653 4858
1872 3740
437 4414
3418 4657
2607 2948
1912 4510
3985 4233
3452 4395
3983 4738
2607 4329
449 4980
4136 4473
796 2487
3983 4414
1645 4112
1762 4738
3264 4324
603 2242
3198 4760
3470 4939
3841 4738
2905 4843
3366 4455
702 1257
1849 3373
2028 3876
2689 4106
696 4608
4119 4775
2586 4786
441 3493
4486 4788
3115 3924
4044 4348
2318 4520
21 3960
1926 3172
2101 2586
99 4970
3260 3373
2665 3419
3905 4473
192 3015
2189 2374
1664 4139
1557 4778
2857 4184
361 2297
4329 4442
2725 4486
1435 1868
2893 4101
3578 4776
3985 4323
4329 4331
2659 4591
4305 4744
1822 4750
1017 4760
2117 4583
1808 3581
581 4824
343 4867
4523 4948
2893 3581
4824 4972
3207 4608
1677 4783
2766 4750
4106 4928
1227 3948
3253 3834
1178 3418
1084 4695
925 1621
1271 4323
4455 4755
2667 4609
872 4348
1541 4119
4248 4778
4521 4620
990 4780
4695 4755
4602 4942
3082 4088
4324 4858
1311 2370
1557 3307
1367 3948
2188 4252
3988 4657
4136 4698
1074 1568
4323 4803
3912 4321
3470 4760
3419 4941
2012 4341
3830 4521
4595 4803
1432 4780
4092 4602
2973 4112
2169 4855
1017 4778
3564 4931
3916 4738
3057 3488
494 1730
4523 4620
2880 4348
3876 4455
192 4975
4516 4645
2506 4780
3505 4323
4490 4788
4088 4941
2984 3025
2642 3193
1076 1215
190 1730
3901 4042
2979 3115
2556 2979
1005 4798
1286 2828
320 2716
3917 4962
1572 4966
170 2513
4707 4951
3544 4931
2455 4821
1108 2984
2832 4116
1528 1770
317 1959
2185 4942
4605 4948
114 3739
2318 4184
2048 2347
2234 4414
1679 4942
2758 3610
190 4824
33 4962
1887 3881
4047 4776
895 4962
3373 4126
4106 4855
114 4044
1491 1511
1541 2546
3487 4605
1204 1257
2845 4653
4183 4321
1467 4023
2358 4023
4455 4780
3307 4383
3917 4698
4044 4595
3866 4520
1271 4941
2347 4972
1807 4305
1047 1733
3224 4573
4595 4605
323 3841
2164 4609
4931 4948
1036 4120
756 2503
3419 4913
2689 4521
4780 4939
3082 3862
1018 4088
4490 4776
3323 4816
3876 4780
4418 4931
1645 4520
4455 4975
2845 4424
3949 4515
208 4798
1415 3544
1064 4980
1160 3412
4744 4948
1541 2234
3949 4329
1765 2857
1192 4962
3654 4107
3983 4341
1464 2042
483 4680
936 1193
1733 2297
486 4855
790 4970
361 3366
1178 4486
2810 4620
2169 4765
3935 4296
2610 3820
4738 4755
3905 4855
2054 3115
1563 2349
1238 4295
2857 4806
3317 4114
2163 4798
1064 2276
988 4645
1036 4110
2646 4184
1822 4798
3839 4697
1237 4913
3699 4980
4081 4942
653 4320
4183 4776
3751 4295
1812 4928
68 4972
1924 4867
1072 4184
1435 4188
190 4972
437 1561
1738 4136
3662 4252
2541 3481
3768 4783
2535 3641
320 4081
3547 4007
4521 4755
2610 4608
1614 1770
790 4521
4861 4941
4114 4383
989 4861
3093 3771
2905 4966
2634 4850
4559 4744
190 1008
3260 3264
775 4136
1289 3597
3740 4516
1034 2724
2234 4695
1369 2758
337 3444
2301 2560
4044 4645
691 4729
4595 4941
1677 2046
1770 4543
21 3392
1224 4972
4729 4824
1426 2948
2501 3411
3028 4521
1717 4293
1009 1484
4552 4615
81 2189
117 2188
4088 4490
1730 2577
698 4786
1485 4481
4473 4816
441 4913
518 4680
3217 4252
3184 4510
4098 4939
221 3307
1426 4602
3355 4106
855 1435
3564 4970
4295 4695
3703 4388
1173 3925
3820 4608
4608 4942
4481 4806
4803 4861
158 3865
2753 4235
1017 2646
2957 3243
605 3487
3411 4516
4455 4516
3901 4515
3332 4962
3056 4680
1163 1955
3057 4321
1653 3689
2163 4591
1369 4552
3487 3925
744 4970
3217 3617
4615 4755
3723 4948
4321 4806
2659 4861
3794 4707
2753 3052
3924 4867
2607 4543
3544 4559
3207 4939
1173 3346
2383 4433
1311 4424
3418 3988
1435 3662
581 4139
1426 4293
990 4939
524 3998
2260 3557
2463 4414
337 4843
229 4114
1598 3327
3359 4803
317 4442
1108 3757
170 190
2948 3260
2108 3488
3740 3820
756 2636
3093 4821
4605 4760
1464 3881
2226 3193
524 4608
2023 2753
2577 4970
2368 3224
68 4433
2487 4622
2665 3564
2586 4053
2200 4583
3366 4092
3312 3613
3253 3912
1383 2372
3830 4388
4591 4605
2585 4481
3834 4324
4047 4248
4595 4861
1409 3373
1962 3917
1708 2828
869 3641
912 4948
1484 2288
569 2455
1215 4188
2533 4293
1442 4520
2805 4867
1812 4388
698 2828
2298 3223
3359 4798
407 4697
1872 4970
3267 4119
3090 4305
4081 4098
1111 4803
2210 4941
838 2828
2667 4816
1259 4913
3547 4948
3368 4418
2364 3792
1207 4523
3925 4765
3935 4738
4942 4962
1671 4521
2753 4184
705 4972
2984 4798
1887 4139
3115 4775
4698 4765
2242 4939
3346 3419
2947 3613
3232 4931
2513 4622
115 4107
2421 2670
2510 3025
2346 3015
166 4931
26 4776
192 4101
3771 4843
431 3564
1528 4424
4515 4695
3188 4609
3481 4972
2901 4395
596 3794
2905 4341
3093 4850
305 4657
1464 4970
3368 3841
4750 4755
2973 4788
343 4942
4433 4972
4252 4698
3544 4939
3090 4980
332 2421
4559 4980
3373 4729
4112 4609
3419 4295
3359 4088
2658 4184
309 4972
1664 3355
653 2487
1215 3689
1173 4951
3924 4481
1204 4776
486 4858
1816 4948
3230 4559
1943 4515
4594 4861
2646 4481
2655 4776
1226 1849
3792 4321
309 4433
2262 2421
2370 2769
1875 3613
3207 4780
4490 4591
166 4980
175 4750
824 4928
1868 4695
3193 3267
3820 4098
1955 4320
945 4605
3051 4552
4188 4573
398 4972
2192 2804
2934 4941
3985 4861
3917 4858
779 4803
3346 4913
1803 4023
2585 4321
3267 4775
2455 4486
2703 4657
890 4559
2832 4780
68 4966
1411 2659
2346 4966
21 4776
2346 4418
597 4047
333 4962
24 2642
2260 3107
4591 4803
124 4855
3641 4110
2095 4615
2014 4120
3188 4942
3830 4928
431 3352
1259 3912
2703 3988
3224 4729
4698 4816
945 4591
4744 4931
3757 4855
2525 4680
124 1878
1677 3207
2301 4183
855 4858
872 4867
1875 2012
4422 4775
2556 4235
4051 4583
742 4023
114 437
1280 4744
1653 4594
2040 4510
2168 4744
2049 4657
1561 4140
132 4867
2004 4776
4490 4858
3090 3723
925 4101
4119 4645
2349 4591
1018 2947
1076 4107
1074 3834
2503 4383
166 4559
89 4850
1484 4972
3654 4383
494 3264
3617 4414
2804 4750
2546 4695
539 4442
2667 4324
3184 4042
1849 4850
4615 4966
1254 1568
2358 3470
1863 2655
3488 4778
3581 4931
1805 2665
2347 2383
2065 3751
1415 3641
1836 2501
1986 3392
1588 1863
3689 4816
3703 4867
4101 4116
3792 4088
4044 4867
95 3772
1289 1409
747 3881
1436 4744
2577 4341
3411 4321
117 2560
1484 4422
3820 4293
2607 4331
2185 4235
3610 4653
3820 4092
1084 4966
4523 4653
3218 4738
4114 4248
2634 4486
2372 4942
2017 4114
1484 3794
3782 4120
4348 4775
429 4107
2769 4252
3912 4481
89 569
3327 4609
4645 4867
3028 3703
2880 3924
4729 4850
4293 4473
596 2504
1836 2301
4750 4778
1409 4516
824 2979
1257 4383
1836 3253
1072 4324
890 4931
2780 4803
3689 4126
3742 4112
429 1896
4183 4184
3988 4653
3078 4850
2269 4595
1671 4140
2948 4786
3352 4695
4320 4543
551 2364
3087 4780
524 4609
2828 3739
2100 4248
81 3703
1528 2049
1738 4698
653 4543
2086 4645
671 3090
4510 4788
2905 3368
3610 4975
2346 4615
3820 4455
3985 4798
3654 4783
4053 4573
3782 4798
705 4680
2726 4620
3056 4750
3373 4053
4053 4824
2510 4490
2725 3839
3949 4951
1807 4931
361 4252
2481 3373
2905 4552
2054 2724
3210 3742
1623 2242
2427 4422
838 4697
95 1207
3742 4101
551 1034
882 3346
3218 3916
3771 4821
3935 4329
912 4931
1986 4928
4824 4931
1802 2655
1955 4023
2577 4139
1717 2845
3332 4858
190 2276
912 1816
3198 3771
936 3896
3025 3782
2108 4816
2636 4007
1803 4329
88 314
116 4139
581 2296
4609 4975
3366 4098
1744 4858
2716 3355
1887 2750
2750 4697
2262 4962
3419 4788
4760 4850
1226 4583
1968 3198
2421 4324
2832 4975
4605 4803
2825 4928
990 4602
3359 4296
3217 4188
1744 4962
1765 2957
1172 1295
100 4798
3193 3691
3444 4620
2108 4235
3087 4341
81 4481
4778 4783
4573 4951
698 4295
3703 4106
1621 4680
4806 4931
3740 4602
1563 4252
3740 3896
2775 4816
1671 4388
2014 2364
3207 3876
1526 4605
1962 3493
2048 4433
2805 4645
116 4942
3051 4966
1855 2504
1411 4695
113 4107
3689 4850
4324 4481
3323 4931
1762 4843
3988 4520
4296 4913
2857 3834
2810 4948
828 2908
4081 4939
2880 4044
4414 4543
1193 2577
2288 3023
3487 4788
1019 3135
3757 4972
2769 4455
3488 4595
69 1645
3772 4680
3691 4760
221 4783
1621 4850
1409 3323
88 3983
95 4972
744 2750
116 4583
3917 4424
2023 4750
1526 3985
2947 4424
601 1805
1224 3218
449 3420
117 4806
3217 4442
4120 4788
2364 4939
3771 3865
2049 4520
116 518
2455 4760
1808 4850
597 4697
4481 4697
69 115
4698 4962
539 3230
2101 4806
1464 2880
4821 4850
2364 4120
3267 4645
1561 2828
1868 3346
1226 4053
1875 4559
2095 4775
4098 4942
2054 4786
132 4755
1526 4941
2665 3881
3925 3935
434 2994
3487 4948
3217 4622
4098 4602
1178 3093
4803 4941
317 2463
1271 4605
2421 4855
2210 4323
4552 4760
1671 4184
3557 4184
2012 4858
588 4296
691 1653
2667 4101
2346 3916
4305 4931
214 3751
1259 2101
2168 3135
269 4951
1765 4970
2893 4119
314 4928
189 2028
1009 3052
2486 4573
2659 4605
305 3547
2040 4928
3352 4850
2046 4778
437 1738
1207 4972
4520 4657
2857 4760
99 4780
4620 4824
1467 4583
3470 4942
4188 4858
3912 4183
3949 4867
2242 3243
705 2383
175 4252
4323 4595
4107 4248
2646 3253
3481 4433
2242 4970
1047 4941
1968 4850
1568 4183
10 3557
1163 3742
3949 3960
605 3925
3578 4383
3488 4107
3610 3742
3985 4803
2017 2947
2421 4698
2610 4780
3839 4850
2117 4913
208 2504
2508 3411
3223 4047
1868 3691
4293 4855
521 2726
779 4595
2042 3052
3547 4931
4388 4928
4939 4972
2487 4543
2903 4329
332 2501
4552 4788
1064 4744
4591 4861
4855 4858
4348 4645
1708 4295
2546 2725
2427 2957
1271 4803
3841 4552
3699 4707
3307 3662
1436 2368
4605 4941
3834 4806
1005 4490
200 4559
3768 4136
200 4233
1485 4806
1192 2163
1693 4183
1623 4975
671 2100
3771 3839
441 4114
189 4980
4047 4107
3905 4424
2486 4786
4755 4843
3366 4516
2210 4861
4931 4980
443 4653
3751 4051
1173 3751
2880 4119
4424 4855
3487 3689
3207 4583
1295 1834
1084 2095
21 4383
2845 4855
1172 4913
4120 4490
430 702
2775 3862
4116 4609
1271 3223
1557 3654
2556 3917
2169 4515
3312 3597
3884 4980
1598 4975
2659 4941
1868 3418
1491 4388
936 3581
3782 4088
3224 4951
4139 4824
3332 3905
1074 3373
2832 4112
2903 4414
3015 4975
4136 4962
2501 4806
2143 3557
3267 4126
4293 4698
3924 4110
2845 3359
2108 4962
3691 4695
4295 4744
4515 4750
3260 4786
269 2979
429 3865
2670 3172
1019 4816
1812 4106
2880 4867
4424 4473
2908 4939
4184 4324
2649 4941
4424 4765
1074 2857
3243 4824
1005 4788
10 146
21 4649
24 3510
26 3441
33 4757
45 4871
68 2087
69 2637
81 3808
88 4794
89 4638
95 1584
99 4266
100 4493
113 4544
114 4992
115 3899
116 1522
117 3568
124 4256
132 2593
158 4412
166 4618
170 4387
175 3693
189 4982
190 607
192 4264
200 1552
208 4896
214 4866
48 221
229 1573
269 3376
280 3860
305 4276
309 4306
314 2576
317 4927
320 4787
323 4467
326 4946
329 4460
332 4787
333 4325
336 3649
337 3967
343 4203
361 3667
398 4901
407 3801
429 2715
430 2823
431 2640
434 4008
437 2284
441 3859
443 1602
449 4526
459 4982
483 3277
486 4582
494 4618
495 517
518 2202
521 3219
524 3735
539 4225
551 4016
569 4178
570 3341
581 4130
588 4915
596 3974
597 4845
601 4851
603 4447
605 4232
612 4978
639 4868
643 4474
653 2175
671 4899
691 4032
696 2132
698 4577
702 3143
705 3351
106 708
721 1461
742 4813
744 3447
747 4857
756 4727
771 4334
775 3005
779 4074
790 4154
796 4720
824 4191
828 3781
838 2258
855 3449
869 4220
872 4823
882 4301
890 4665
895 3823
912 4461
916 4955
925 2872
936 2415
945 4257
988 4633
989 4150
990 3417
850 1005
1008 4647
1009 2186
1016 4894
1017 3295
1018 4356
1019 4853
1034 4710
148 1036
1047 3653
1064 4347
1072 4839
1074 4052
1076 4626
1084 4052
1108 4527
1111 4405
1125 3091
1160 4909
1163 1176
1172 4284
1173 4688
1178 4214
1192 4917
1193 4935
1202 4398
1204 4812
1207 4542
1215 4977
1224 3824
1226 2007
1227 3706
1237 2776
1238 3693
70 1254
1257 4918
1259 4715
1271 2482
1279 4835
1280 4953
1286 4477
1289 1302
1295 3540
1311 4181
1317 1901
1334 4873
1367 4026
1369 4706
1302 1383
1409 4368
1411 4519
1415 2573
1426 1669
1432 3979
1435 3957
678 1436
1442 4743
1464 4909
1467 3981
1484 4168
1485 2311
1491 4440
1511 1683
1526 3433
1528 4285
1541 4920
1543 4016
1546 2873
1557 3342
1561 4237
1563 2576
1568 4737
1572 3956
1588 3283
1598 3568
1614 1947
1621 4373
1623 4848
1645 4722
1653 4956
1664 2664
1671 3396
1677 3054
1679 4661
1693 4587
1708 4147
1717 2079
1730 4066
1733 4681
1738 3802
1744 3358
1762 2429
1765 4905
1470 1770
1802 4196
1803 3899
623 1805
1807 4581
1808 3814
1812 3220
1813 1829
1816 4627
1822 3877
1825 4838
1290 1834
1836 4904
1849 4632
1855 3808
1863 2485
1868 3053
1872 4848
1874 4371
1875 3848
1878 4061
1067 1887
1896 4847
1912 4463
1924 4048
1926 4852
1943 4973
1955 4737
1959 4411
1962 4901
1968 4952
1986 4254
2004 3644
2012 4626
1972 2014
2017 4630
2023 3888
2028 4841
2030 4223
2034 2272
2040 4482
2042 2152
2046 2572
2048 4134
2049 2571
2054 4326
832 2065
2066 4219
2086 4160
2095 4642
2100 4153
2101 4933
2108 4485
2111 3318
2117 2155
2143 4441
2163 4470
2164 2931
2168 4689
2169 4344
2185 4087
2188 4229
2189 2526
2192 4676
2200 2604
2210 4943
2225 4464
2226 4781
2234 4999
1465 2242
2260 4409
2262 2375
604 2269
2276 4631
2288 4512
2296 2971
2297 3837
2298 3523
2301 4848
2318 4585
2346 4483
2347 4328
2349 4287
2358 4230
2364 3569
2368 4674
2370 3926
2372 4773
1687 2374
2383 4207
2421 4690
2427 4525
2455 4773
2463 4419
2481 4337
2486 3543
2487 3684
2501 3612
2503 4343
2504 4873
2506 4624
2507 4234
2508 3737
2510 4540
834 2513
2517 2519
2521 4857
962 2522
2525 4371
2533 4929
2535 4155
2541 4629
2546 3039
2556 4550
2560 3735
2577 4724
2585 4926
2586 3021
2607 4896
2610 3894
2619 4958
1936 2634
2636 4749
2642 4077
2646 4715
2649 4692
2655 4943
2658 4874
2659 4492
2661 3910
2665 3554
2667 4039
2670 4984
2683 3986
2689 4344
2699 4392
1964 2703
2716 4457
2724 3624
2380 2725
2726 3989
1381 2750
2753 4598
2758 4879
2766 4866
2769 3888
2775 3553
2780 4793
2804 3277
2805 3634
1218 2810
2825 3469
2273 2828
2832 3663
2405 2845
2857 4644
416 2880
2893 3372
2394 2901
2903 4720
2580 2905
2908 4599
2934 3456
2947 3984
2948 4390
2957 4993
2973 4900
2979 4560
2984 4386
2584 2994
3015 4658
3023 3247
3025 4903
3028 3295
2156 3051
3052 4230
3056 3357
3057 4180
3078 3555
3082 4307
3087 3587
3090 4702
3093 3522
3107 4089
3115 3803
3135 3986
3172 3889
3184 3393
3188 4983
1443 3193
3198 4739
3204 3632
3207 4499
3210 4926
3217 4072
3218 4434
3223 4727
3064 3224
3230 4726
3232 4574
3243 4162
3253 4674
3260 3908
3264 4434
2515 3267
211 3307
3312 4222
3317 4979
3323 4866
2512 3327
3332 3899
3346 4625
3352 4181
3354 3909
1492 3355
1384 3359
3366 4958
3368 4619
613 3373
3392 4073
3350 3411
3412 4902
1536 3418
3419 4525
3420 3779
1885 3444
3452 3852
447 3470
1318 3481
1768 3487
3488 4057
3300 3493
3505 3959
3544 3603
3547 3686
3557 4812
3564 4577
3578 3993
2003 3581
3597 4892
3608 4524
3610 3616
3613 3816
3617 4959
3641 4069
3654 4596
468 3662
3689 4419
3691 4946
3699 3816
3696 3703
2911 3723
3739 4845
3740 4969
3742 4170
3751 4663
3757 4955
2563 3768
3771 4090
3772 4133
3782 4663
3525 3792
3794 4676
1213 3820
1929 3830
3706 3834
1795 3839
3841 3963
3483 3862
3865 4607
3866 4335
3871 3876
3293 3881
3884 4830
3896 4419
3901 4903
3726 3905
3912 4175
2134 3916
3917 4785
3919 3924
3925 4527
3935 4204
2790 3948
3949 4777
3960 4964
3983 3992
3985 4272
3377 3988
3998 4802
3634 4007
4023 4890
2110 4042
4044 4805
3423 4047
1758 4051
4053 4065
4081 4328
1059 4088
4092 4717
3369 4098
4096 4101
2175 4106
4107 4817
4110 4976
3629 4112
3222 4114
4116 4500
11 4119
3637 4120
350 4126
2630 4136
3705 4139
3680 4140
3074 4183
2953 4184
4188 4771
4177 4233
2674 4235
4248 4727
4252 4568
1750 4293
4284 4295
1580 4296
1468 4305
2410 4320
4321 4393
4318 4323
2085 4324
4317 4329
3668 4331
4341 4373
3151 4348
4327 4383
1606 4388
3906 4395
3640 4414
4418 4935
4220 4422
4424 4872
4346 4433
4442 4580
3859 4455
3318 4473
4481 4642
4451 4486
4030 4490
1988 4510
3895 4515
4516 4880
4103 4520
3297 4521
2494 4523
2892 4543
3484 4552
4330 4559
3379 4573
2502 4583
3531 4591
4594 4618
4595 4881
845 4602
4369 4605
3213 4608
4609 4610
4615 4661
4596 4620
4622 4927
1124 4645
4653 4998
4001 4657
4487 4680
4010 4695
4639 4697
2089 4698
4596 4707
3660 4729
4651 4738
4300 4744
3277 4750
4746 4755
4555 4760
4765 4796
1963 4775
2236 4776
535 4778
4777 4780
4783 4819
4146 4786
3649 4788
4013 4798
1087 4803
2208 4806
4279 4816
4015 4821
2650 4824
4714 4843
4470 4850
2878 4855
3563 4858
4859 4861
4867 4871
3404 4913
2351 4928
3171 4931
1486 4939
4827 4941
919 4942
4492 4948
4356 4951
2695 4962
1815 4966
4955 4970
3125 4972
1413 4975
4863 4980
10 4157
21 3533
24 4297
26 4426
33 4722
45 4882
68 3721
81 4874
89 4364
95 968
99 4687
100 3809
113 3920
114 4079
115 4860
116 3690
117 4260
124 1910
132 4299
158 3981
166 4720
170 3658
175 4643
189 4910
192 4055
200 3484
208 4494
214 1584
221 2801
229 4146
269 4393
280 4743
305 4987
309 4141
314 3918
317 1576
320 4846
323 4929
326 4453
329 3827
332 2083
333 3525
336 3553
337 4271
343 3134
398 4146
407 3980
429 3827
430 757
434 4245
441 2874
443 4347
449 2821
459 2656
483 3951
486 4893
494 3683
517 4870
518 4879
521 4820
524 4953
539 4545
551 4604
569 3861
570 4768
581 4717
588 3681
596 4940
597 2304
601 4883
603 3651
605 4955
612 3663
639 3846
643 3971
653 4925
671 4641
691 4879
696 4950
698 4819
702 4537
705 4435
708 4812
721 1273
742 4953
744 4621
747 4826
756 4380
771 2680
775 4517
779 4497
790 4892
796 4610
824 4484
828 4938
838 2621
351 855
869 4563
872 4995
882 2911
890 2343
895 3936
912 2015
916 4619
925 1575
936 3350
945 3534
988 3460
989 4761
990 3600
1005 4024
1008 4621
1009 2933
1016 4513
1017 4428
1018 3478
1019 4682
1034 4859
1036 4154
1047 4209
1064 4759
1072 3037
1074 1141
1076 2180
1084 2872
1108 4211
1111 4923
1125 4716
1160 4676
1163 4090
1172 4316
1173 4417
1178 4718
1192 4400
1193 4504
1202 2537
1204 4959
1207 2354
1215 4820
1224 4200
1227 3844
1237 4829
1238 4071
1254 4752
1257 3534
25 1259
1271 3065
1279 4810
1280 4161
1286 4365
1289 4178
1295 3261
1311 3511
1317 2983
1334 1961
1367 3391
1369 3989
1383 2174
1411 4929
1415 4982
1426 3974
1432 2688
1435 2817
1436 2417
1442 4435
1464 3261
1467 4960
1484 2283
1485 4735
125 1491
1511 3116
1520 1526
1528 4725
1541 2083
1543 4799
1546 4973
1557 3551
1561 4182
1563 4493
1568 4793
1572 2353
1588 3066
1598 3904
1614 4885
1410 1621
1645 4001
1653 4294
1664 4648
1045 1671
1677 4868
1679 4029
1392 1693
1708 4330
1717 2711
1730 2074
1733 2951
1738 3724
1744 3367
1762 4992
1765 4814
1770 1814
445 1802
1803 4108
1805 2597
1807 4889
1808 4828
1812 2419
1813 2891
222 1816
1822 3732
1825 4294
1306 1834
1836 4845
1849 4835
1855 4902
1863 4349
1872 4971
1441 1874
1875 4256
1766 1878
1887 3698
1896 4309
1912 3257
1924 4427
1926 4974
1943 4862
1955 4006
1959 2386
1962 4955
1626 1968
1986 4682
2004 3138
2012 3244
919 2014
2017 4601
2023 4407
2028 4129
1115 2030
2034 4995
2040 4857
2042 3970
2046 3790
2048 3492
2049 4957
2054 3918
2065 4091
2066 4134
1957 2086
2095 2763
2100 4587
2101 4352
2108 4910
2111 3880
2117 4945
2143 4339
2163 2165
2164 3997
2168 4426
2169 3885
2185 3666
2188 4574
2189 4335
2192 3888
2200 4831
2210 3918
2225 4651
2226 4206
2234 4670
1720 2242
2260 4057
2262 3698
2269 3968
2276 4654
2288 4134
2296 4402
2297 4600
2298 4782
2301 4355
2318 4593
2346 4439
2347 2539
2349 3653
2358 3249
2364 2700
2368 2596
2370 2710
2372 4887
2374 4656
2383 4381
2421 4557
2427 4384
2455 4997
2463 4175
2481 4932
2486 4541
2487 2495
2501 4074
2503 4025
2504 4207
2506 4636
2265 2507
1264 2508
2510 3819
2513 4842
2517 4830
2521 3083
2522 4795
2533 4914
2535 3664
1646 2541
2274 2546
2556 4847
1053 2560
2577 4069
2585 3947
2586 2589
2607 4238
2610 3642
2433 2619
2634 2733
2636 4568
2642 4800
2646 4990
2649 4841
2655 3779
2658 3953
1990 2659
2661 4487
2665 4800
2667 3309
2670 4526
395 2683
2689 3567
2699 4544
2703 4792
2716 4790
2724 4840
2725 4927
2726 4280
2733 2750
2753 4625
2758 4487
2766 4671
2769 4897
2775 4542
2780 4160
1990 2804
2805 3611
2810 3818
2825 4989
2828 4237
2832 4992
2845 4894
2857 3836
2880 4008
2893 4405
1550 2901
168 2903
2905 4202
2899 2908
2934 4981
2947 4610
2948 4995
2957 3501
2973 4885
2979 4929
2984 3989
2994 3364
3015 4345
1782 3023
3025 4450
3028 4017
3051 3271
3052 3283
3056 4586
3057 4878
3078 4636
3082 4885
3087 3252
3090 4584
3093 4644
3107 4222
3115 4784
3135 3333
3172 4236
3184 4556
998 3188
2784 3193
3198 4447
3204 3715
3201 3207
3210 3257
3217 4745
3203 3218
1617 3223
3224 3671
3230 4735
3232 4411
3243 4192
3253 4926
2357 3260
2081 3264
3267 4504
3307 4200
851 3312
3317 4773
3323 4372
3327 4347
3332 4377
3346 4598
3352 4767
3354 4869
3333 3355
3359 3569
3366 3714
3368 3981
3373 3527
3392 4446
3411 4929
1724 3412
2803 3418
3419 4229
3342 3420
3095 3444
3452 4407
3470 4493
3481 4408
3487 4430
3488 4498
3493 4926
3252 3505
3544 4631
3547 4428
3557 4911
3564 4553
3578 4879
3581 3999
3597 4634
3608 4166
1413 3610
3613 4834
3617 4719
3363 3641
3654 4712
3662 3930
2738 3689
3673 3691
3699 4974
3703 3967
3723 4621
3739 4955
2352 3740
3742 3861
3751 4875
3757 4454
3305 3768
3041 3771
3772 4791
3369 3782
3792 4885
3794 3870
3820 4688
3830 4964
3806 3834
3690 3839
3841 4742
3862 4260
3865 4211
1719 3866
2839 3876
154 3881
3884 4447
3896 4572
3901 4862
3900 3905
3912 4391
3916 4840
3376 3917
3924 4947
3925 4249
3935 4016
3099 3948
3949 4294
3960 3976
3983 4247
840 3985
3096 3988
3998 4430
4007 4489
1451 4023
4042 4306
4044 4960
4047 4727
4051 4995
4053 4435
94 4081
4088 4885
4092 4268
4098 4158
4101 4887
4106 4138
4107 4739
4110 4401
2836 4112
4114 4654
4116 4288
4080 4119
4120 4810
4126 4400
3709 4136
3339 4139
3197 4140
3891 4183
4184 4394
2512 4188
1126 4233
4235 4297
2712 4248
4252 4945
3563 4293
4295 4769
3415 4296
4305 4830
4320 4927
4321 4808
3178 4323
4324 4666
4255 4329
4331 4649
4341 4953
4348 4904
3793 4383
4240 4388
4395 4854
4414 4734
2786 4418
4422 4892
4424 4463
4419 4433
4347 4442
1199 4455
4473 4790
110 4481
3385 4486
3467 4490
2511 4510
3906 4515
4516 4872
4520 4950
3551 4521
3818 4523
4543 4572
4552 4600
2865 4559
4573 4973
4583 4688
4564 4591
4000 4594
1083 4595
4254 4602
4605 4747
1648 4608
4531 4609
3893 4615
4356 4620
4622 4649
3634 4645
4653 4915
4657 4793
4680 4699
4695 4704
3810 4697
3096 4698
4707 4721
4676 4729
4738 4829
4744 4902
4749 4750
2698 4755
4760 4884
4181 4765
3499 4775
4511 4776
2974 4778
4419 4780
4256 4783
4757 4786
4781 4788
4430 4798
977 4803
4782 4806
3349 4816
4628 4821
2261 4824
4826 4843
4733 4850
2413 4855
4794 4858
4792 4861
4867 4875
4482 4913
2952 4928
2155 4931
3840 4939
4886 4941
4935 4942
4908 4948
3315 4951
4814 4962
4505 4966
2888 4970
4359 4972
3589 4975
4978 4980
10 4904
24 3887
26 4703
33 4691
45 3595
68 4799
95 4965
99 4338
100 1935
114 4813
115 1137
158 4997
166 4379
175 3661
192 4060
200 4687
208 3844
214 4398
229 4360
280 4842
305 3513
309 4976
314 3811
317 4691
320 1126
323 4357
326 4634
329 4779
332 3797
336 4684
337 2824
334 407
434 4467
443 3721
459 3918
483 4967
486 4712
494 4733
517 4342
518 4536
521 4914
570 3943
588 4198
596 1328
597 793
601 4496
236 603
612 4154
639 3898
643 4526
653 4030
671 2089
691 4886
708 4338
742 2583
744 4828
747 2694
771 4459
790 4176
796 4921
824 4808
828 4001
838 4493
855 3819
869 3737
872 3715
882 4357
890 2180
895 3216
916 3454
925 4211
936 4825
988 3736
1005 4590
679 1008
1009 2128
1016 2884
1017 4853
1018 2239
1019 4900
1034 3999
1036 3319
1047 4936
1064 3055
1072 4538
1076 1953
1084 3511
1108 4465
1111 4739
1125 3153
1160 4715
1163 3761
1172 4069
1173 4097
1178 1399
1192 3596
1193 4624
1202 4679
1204 3432
1207 4736
1238 4362
1254 2894
1257 4940
1259 4823
1271 4535
1280 2628
1289 4317
1311 4791
1317 4268
1334 4365
1367 4456
1369 4312
1383 3790
1411 4912
1415 4723
1426 3501
1432 4725
1435 4847
1436 4471
1442 3604
1464 4162
1467 3788
1485 4115
1491 3873
1511 4275
1526 3799
1528 4150
1541 3671
1543 4857
1546 3815
1557 4582
1561 4637
1563 3651
1588 3237
1598 4815
1614 4055
1645 3604
1664 2261
1677 4992
1679 4956
1693 2381
1708 3815
1717 4652
1738 3268
1744 2378
1762 4554
1765 2806
1770 4170
1802 2837
1803 4735
1805 4767
1807 2803
846 1808
1812 4400
1813 4910
1816 4930
1822 4271
1825 4771
1834 4949
1836 2518
1849 4392
1855 4403
1863 4588
1872 4735
1874 4675
1875 3339
1878 2987
1887 3600
1896 4705
1823 1912
1924 2648
1926 3040
1943 3850
1955 4873
1959 3407
1962 4459
1968 4971
1986 4749
753 2004
2012 4700
1103 2014
395 2017
2023 4571
2028 4725
2030 4793
2034 4873
2040 4984
2042 4993
2046 4745
2048 4759
2049 4635
2054 4887
2065 4068
2066 2916
2086 4253
2095 3178
2100 4914
2101 2180
2108 4927
2111 3911
2117 3851
2143 4812
2163 4992
2164 3959
2168 4249
2169 3145
2185 4934
2188 3645
2189 3528
2192 3394
2200 2823
2210 4994
2225 4952
2226 4343
2234 2399
2260 3596
2262 4699
2269 4452
2276 3506
2288 4971
183 2296
2297 4246
2298 4606
2301 4800
2318 4213
2346 4974
2347 4588
2349 3537
2358 3582
2364 3748
2368 4086
2370 4458
2372 4827
2374 4009
2340 2383
2421 3702
2427 4004
2455 4927
2463 2849
2481 4659
2486 4770
2487 3112
2501 3720
2503 3576
2504 2702
2506 3993
2507 3318
2508 4751
2510 4013
2513 3808
2517 4675
2521 4812
2522 4497
1629 2533
2396 2535
2541 3814
2546 3291
2556 4809
2560 3415
2585 4675
2586 4884
2607 4192
2610 3239
2619 3907
2634 3533
2636 3463
2642 4420
2646 4917
2649 4840
2655 4476
2658 4469
2659 2700
2661 4538
2665 4279
2667 3258
2670 4032
2683 4769
2689 3798
2699 4033
2703 4896
2716 3336
2489 2724
2726 4439
2750 4459
2753 4535
2758 4273
2766 4572
2769 4659
2775 4065
2780 4614
2804 2833
2805 4809
2810 4319
1891 2825
2828 3653
2759 2832
2845 3993
2880 4381
2893 4751
2901 4566
2903 3878
2905 3778
2908 3406
1456 2934
2947 4463
2948 4934
2957 4511
2973 3700
2979 4133
2984 3480
648 2994
3015 4325
928 3023
2968 3025
3028 3906
3051 4904
3052 4927
3056 4046
3057 3851
3078 4757
3082 4990
3087 4527
3090 4095
3093 4946
3107 4505
3115 4556
3135 3302
2821 3172
3184 4916
2211 3188
3193 4033
3198 4946
2883 3204
3207 4847
3210 4872
3217 3234
3218 4166
3223 4917
3224 4343
3230 3888
3232 4462
3243 4347
3253 3767
3018 3260
3264 4869
3267 4415
3307 4008
2409 3312
3315 3317
3304 3323
3327 4757
3331 3332
3346 3776
3352 4756
3354 4130
3355 3885
1632 3359
3366 3545
3368 4187
3373 4560
3392 4996
3002 3411
3263 3412
2020 3418
3419 4217
3420 4162
3444 4158
3452 4918
3175 3470
3481 3517
3487 4360
2007 3488
3493 3553
3505 4093
3155 3544
3547 3994
3557 4441
757 3564
3578 4166
3155 3581
3597 3831
3608 4742
3610 4771
3386 3613
3457 3617
1057 3641
3654 4646
3662 4194
3689 3715
3691 4197
3426 3699
3703 4904
3723 3952
3632 3739
3740 4244
2666 3742
3751 4977
3757 4852
3768 4781
3771 4730
3029 3772
3782 4491
3766 3792
3794 4508
3820 3840
3830 4080
2178 3834
1322 3839
3841 4820
2864 3862
2257 3865
3866 4841
3027 3876
3261 3881
3884 4761
3896 4958
3901 4918
3731 3905
3912 4224
3916 4878
3563 3917
3924 4238
3925 4366
2103 3935
3948 4912
3386 3949
3514 3960
3983 4362
3985 4612
3818 3988
1218 3998
4007 4709
4023 4410
4042 4691
4044 4547
4047 4922
4051 4505
735 4053
4081 4992
3209 4088
3902 4092
3519 4098
4106 4898
4036 4107
4096 4110
3844 4112
4114 4411
4116 4531
2113 4119
4069 4120
4126 4779
4122 4136
3693 4139
2615 4140
4180 4183
2245 4184
4188 4889
4233 4992
4129 4235
4248 4925
4252 4973
3870 4293
4295 4498
4296 4484
4305 4307
4318 4320
2860 4321
4310 4323
4324 4501
4329 4753
4156 4331
3808 4341
4348 4669
4383 4480
1244 4388
4058 4395
4396 4414
4418 4579
2314 4422
4424 4456
1520 4433
4425 4442
4455 4679
4456 4473
3992 4481
4190 4486
3569 4490
4510 4649
4515 4864
3942 4516
4520 4525
1749 4521
4476 4523
3910 4543
4552 4748
3984 4559
4129 4573
3791 4583
4591 4625
4097 4594
4226 4595
4565 4602
4605 4882
3455 4608
4609 4823
3638 4615
4070 4620
4333 4622
3378 4645
4653 4740
4600 4657
4577 4680
2394 4695
4697 4713
4463 4698
4448 4707
4729 4838
2084 4738
4744 4981
665 4750
526 4755
3627 4760
4735 4765
4728 4775
3176 4776
4498 4778
4759 4780
2543 4783
4786 4934
4788 4885
3421 4798
4803 4986
1981 4806
4816 4935
4724 4821
3709 4824
4731 4843
930 4850
4794 4855
4767 4858
4613 4861
3634 4867
4913 4923
3903 4928
4892 4931
3504 4939
4930 4941
3659 4942
3194 4948
4934 4951
3687 4962
2603 4966
463 4970
2916 4972
2211 4975
2762 4980
10 3677
24 4175
158 3394
208 4733
229 4862
280 4069
320 3972
323 3828
329 4978
332 4965
336 4958
434 1123
443 4611
483 3134
517 3007
518 3033
612 4278
639 4568
643 3889
742 4054
790 3195
584 796
828 4304
838 4224
855 4802
869 4831
872 4960
890 4773
916 3278
925 4923
936 4955
988 4921
1005 4921
1008 4417
1009 4923
1017 1928
1018 4944
1034 4365
1036 4358
1108 4206
1111 4094
1160 4732
1163 4056
1172 4271
1173 4420
1178 3304
1192 4726
1193 4936
1254 4918
1257 4800
1280 4679
1311 3873
1317 1438
1367 4535
1369 4022
1411 3784
1415 3944
1426 2899
1270 1435
1442 4026
1485 2243
1511 3246
1526 3397
1528 4994
1543 2861
1546 4493
1561 2621
1588 3872
1598 4421
907 1614
1645 4578
1664 3274
1693 4050
1717 4154
1738 4352
1807 4369
1808 4862
1812 3553
1816 4281
1825 4216
1849 4934
1855 4195
1863 4015
1874 4834
1875 4847
1878 4706
1887 4882
1896 4935
1912 3649
1924 4807
1926 4906
1943 3566
1955 4833
1959 2064
1962 4969
1968 3685
1986 3770
2004 4135
2012 4258
2017 2939
2023 4356
2028 4635
2034 3624
2042 2729
2048 2963
2049 4935
2065 3374
2086 4844
2095 4742
2100 4394
2108 3585
2111 4161
2117 4748
2143 3724
2169 4578
2185 4519
2189 4117
2192 2231
2200 4758
2166 2210
2260 4380
2262 3945
2296 4898
2297 4104
2298 4718
2301 3645
2349 4509
2358 3815
2364 4935
2368 4625
2370 4512
1533 2372
2455 4923
2463 4922
2481 4782
2486 4779
2501 4470
2506 4162
2507 4994
2508 4743
2513 4932
2521 4548
2522 4440
2533 3976
2535 2958
2546 3121
2556 4805
2585 4933
2586 4870
2607 4547
2610 4419
2619 4528
2634 4746
2636 4809
2642 4846
2649 3928
2661 3940
2665 4059
2667 3484
2670 3974
2683 4681
2689 4651
2699 3548
2703 4795
2716 4853
2724 4745
2766 4428
2769 3719
2494 2775
2780 4784
2804 4161
2805 2812
2810 3377
2825 4534
2828 4566
2832 4660
2845 4723
2880 3266
105 2893
2903 4834
2905 4969
2908 3904
2934 3585
2947 4997
2957 4162
2973 4593
2979 4965
2994 4988
3015 4462
3023 4993
3025 4269
3028 4476
3051 3708
3052 3339
3056 4635
3057 4476
3078 4691
3082 4386
3087 3291
3036 3090
3093 4377
3107 4569
3115 3498
3135 4954
3167 3172
3184 4754
3188 3946
3193 3680
3198 4462
3204 4556
3207 4291
3210 4955
3217 4837
3223 4979
2473 3224
3230 4892
3232 4696
3243 4489
1636 3253
2062 3260
3264 4544
3263 3267
3307 4562
2863 3312
3317 4728
3323 3873
3327 4566
3073 3332
3346 4763
3354 4164
3355 4576
2712 3368
3373 4505
3392 4050
3411 4758
3412 4923
3418 4093
3261 3420
3431 3444
3452 4791
3481 4415
3487 4835
3089 3488
3493 4945
3505 4212
2343 3544
3547 3743
3557 3964
2834 3564
3578 3952
3048 3581
3597 4974
3388 3608
2802 3610
3613 4774
3617 4611
3641 4413
3654 4673
3662 4186
3689 4441
3691 4998
3694 3699
3723 4899
1870 3739
3740 4958
3742 4531
3612 3751
3757 4113
2590 3768
3771 3817
1139 3772
3782 4885
3238 3792
3783 3794
3820 4217
3725 3834
3839 4665
3841 4714
3862 4148
1490 3865
3866 4635
3876 4646
3881 4772
3884 4319
3889 3896
3895 3901
3048 3905
3912 4805
2698 3916
3917 4688
3793 3924
2820 3925
3935 4426
1097 3948
3842 3949
3960 4498
3571 3983
3984 3985
3988 4795
3793 3998
4007 4156
4023 4906
4017 4042
4044 4908
4047 4064
4051 4577
4053 4426
4081 4909
3982 4088
4092 4840
4098 4356
4106 4277
2786 4107
4033 4110
4114 4151
4116 4328
4119 4504
4018 4120
4126 4889
4136 4708
4129 4139
3711 4140
4079 4183
2693 4184
1885 4188
4233 4616
4146 4235
1594 4248
4252 4832
4293 4699
4295 4991
4296 4392
4269 4320
4321 4768
4323 4561
4324 4884
4329 4891
4331 4347
1589 4341
1963 4348
4383 4932
3955 4388
4395 4771
4109 4414
3969 4418
3953 4422
3719 4424
4433 4973
4442 4963
3428 4455
4127 4473
4440 4481
4486 4537
4490 4985
3921 4510
3950 4515
4516 4777
4520 4795
4521 4549
4523 4716
4543 4630
3989 4552
1417 4559
1793 4573
684 4583
4450 4591
2963 4594
4595 4905
4503 4602
3167 4605
4608 4646
4609 4764
3554 4615
3314 4620
3932 4622
1392 4645
4653 4735
4657 4795
1934 4680
4695 4839
3245 4698
4707 4883
4385 4729
3554 4738
3036 4744
4734 4750
4313 4755
3010 4760
3856 4765
4769 4775
2757 4776
4778 4817
2939 4780
3965 4783
4719 4786
3594 4788
4798 4967
4405 4803
4805 4806
1916 4816
4685 4821
3658 4824
4662 4843
4850 4890
4699 4855
4699 4858
3863 4861
3625 4867
4891 4913
4928 4996
3384 4931
4646 4939
4841 4941
4942 4963
4856 4948
4519 4951
4431 4962
2407 4966
4749 4970
4503 4972
4531 4975
4950 4980
280 4990
336 4353
443 4976
790 1698
1008 4979
1111 4779
1160 4685
1311 4944
1367 4912
1411 2228
1485 4774
1511 4636
1546 4193
1598 4712
1664 4530
1808 4739
1855 4731
1874 2876
1875 3786
1912 3657
1924 3395
1926 3855
1959 4011
1968 4020
1986 4475
2004 2865
2023 4161
2028 3932
2086 4932
2117 2902
2185 4782
2189 4415
2200 3165
2260 4339
2262 3965
2298 4826
2364 4013
2368 3031
2370 4211
2372 3836
2455 4960
2463 4713
2481 4815
2486 4601
2501 3999
2507 4350
2521 4772
2522 4977
2533 3796
2535 3992
2556 4369
2607 4224
2610 4990
2613 2619
2642 3081
2649 4393
2665 4811
2670 3577
2683 4881
2703 4273
2716 4895
1336 2766
1412 2775
2805 4957
2810 4961
2825 4916
2828 3510
2832 4216
2845 3531
2893 3621
2903 4006
2934 4359
2947 4356
2957 3518
2956 2973
2994 3125
3023 3136
3025 4464
3052 4908
3056 4732
3057 3308
3078 4808
3082 4204
3087 3725
3107 4870
3102 3115
3172 4216
2280 3184
3188 4580
3165 3193
3198 3406
3207 3658
3210 4632
3223 4679
3224 4777
3232 4016
3253 4676
3264 4028
2709 3267
3307 3898
3312 4660
3317 4967
1228 3323
3332 3381
3354 4978
3355 4940
3373 4976
3392 4076
3411 4981
2278 3412
3418 4332
3444 4446
3452 4877
3481 4623
3487 4130
3493 3649
3505 4339
3542 3544
3547 4500
3557 4838
3564 4921
3578 4993
3581 4660
3597 4587
3608 4363
3610 4901
3565 3613
3329 3617
3641 4582
3654 4817
3662 3670
3691 3879
3699 4282
3723 4382
3739 4625
3740 4752
3742 4165
3751 4781
3757 4093
3633 3771
3772 4370
3782 4368
2177 3792
3820 4029
3834 4804
3839 4200
3841 3934
3862 3867
3865 4428
3866 4001
3584 3884
3896 4795
3901 4908
3905 4443
3912 4670
3917 4699
3924 4964
3925 4835
3875 3935
2107 3948
3949 4817
3960 4460
3983 4756
3988 4667
4006 4007
4023 4164
4042 4940
4044 4557
3860 4047
4051 4203
4053 4648
3678 4088
2801 4092
4098 4099
4106 4900
3664 4110
3748 4116
4119 4710
4120 4130
4126 4915
4136 4398
3042 4139
4140 4998
3034 4184
4230 4233
3982 4235
4248 4961
4252 4571
4293 4918
2583 4296
4320 4917
4028 4323
2681 4324
4329 4987
3587 4331
4319 4341
4348 4991
3853 4383
1821 4388
4395 4869
4151 4414
4391 4418
3882 4422
1961 4433
4442 4897
4407 4455
3144 4473
4481 4925
2952 4486
3987 4490
3110 4510
4515 4575
4516 4646
4520 4915
2885 4521
4523 4790
4156 4543
3773 4552
4559 4725
4446 4573
4223 4583
4194 4591
3575 4594
4584 4595
3504 4602
4605 4671
4608 4998
3601 4609
4615 4752
4620 4790
4622 4799
3664 4645
4526 4653
4635 4657
4680 4805
4636 4695
933 4698
4700 4707
4729 4884
4738 4990
4654 4744
2616 4750
3770 4755
4714 4760
3902 4765
4775 4832
2594 4776
4198 4778
3310 4780
4619 4783
4129 4786
4297 4788
4316 4798
3221 4803
3727 4806
3920 4816
1026 4821
2776 4824
4843 4894
4257 4850
4802 4855
4858 4900
1881 4861
4842 4867
4769 4913
3807 4928
4286 4931
4939 4953
4250 4941
4307 4942
3583 4948
2398 4951
4540 4962
4629 4966
4819 4970
4592 4972
4829 4975
2647 4980
1511 4087
1926 4443
2117 4577
2521 4779
2535 4313
2556 4265
2619 3897
2649 4405
2825 4819
3078 4804
3087 3710
3107 4973
3172 4526
3143 3184
3264 4314
3323 4896
3418 3980
3547 4245
3578 4276
3581 4675
3597 4826
3654 4386
3699 4914
3792 4991
3834 4959
3865 3888
3884 4997
3917 4890
3925 4818
3948 4264
3960 4607
3983 4495
3988 4577
4044 4504
4013 4088
3141 4098
3222 4106
4116 4310
4120 4726
4136 4733
4139 4702
4219 4233
3666 4235
3802 4320
4311 4323
4329 4612
4331 4927
4341 4742
3685 4348
4388 4884
4339 4395
4414 4851
4422 4745
4087 4433
4455 4995
4473 4507
3559 4481
4486 4946
3764 4490
4082 4510
4515 4791
4520 4993
4521 4822
4523 4762
4543 4546
3809 4559
4058 4573
4454 4583
2816 4595
4602 4673
4608 4841
3809 4609
4622 4965
4653 4667
3663 4657
4695 4946
4287 4698
4707 4731
4729 4796
4738 4742
4744 4894
4314 4750
4685 4755
4776 4906
3559 4783
4786 4796
4788 4812
4682 4821
4731 4824
2827 4843
4855 4868
3509 4861
4752 4867
4688 4913
4883 4928
4931 4992
4884 4941
4333 4942
4948 4963
4699 4962
4980 4982
3581 4432
3322 3597
3834 4998
3865 4113
3983 4997
4323 4988
4341 4497
4348 4872
4388 4610
4395 4524
4458 4481
3784 4486
4510 4742
4515 4866
4523 4637
4595 4627
4602 4989
4609 4904
4657 4841
4314 4783
4821 4946
4843 4924
3563 4855
4913 4917
4903 4931
4811 4942
