3384 3432
4117 4124
3480 4592
2031 2652
2308 4919
4529 4662
4146 4668
3438 4340
3277 4863
2180 4711
898 4828
3269 4774
3676 4797
2631 3398
1268 1790
3061 3785
1726 3536
1552 4531
3181 4234
961 3777
4848 4919
210 4711
1461 2631
4234 4777
1735 3520
2152 2967
876 3955
1930 4335
2338 3639
2520 3726
929 2677
3301 4777
4828 4880
3362 3989
4192 4210
4068 4208
106 2677
2062 2132
2342 3465
548 4969
522 4876
218 4551
2338 3461
3133 3844
1015 2119
2652 3763
522 4767
3432 4639
2080 3398
565 4710
2493 4487
3436 4737
2561 4944
2864 3875
3887 4161
2253 4710
4124 4239
4129 4934
874 3700
2967 3844
1930 2152
2967 4304
2639 3229
162 3353
2248 3878
3897 4105
4096 4124
2312 3726
3569 4168
137 4848
2976 3088
213 4592
3054 4853
1459 4944
2877 3402
3536 4797
288 2021
3436 3911
877 4881
3747 4883
3070 3955
3562 4128
2080 4413
1647 4876
1639 3747
1458 2062
526 3032
4494 4550
2515 3480
4089 4692
3815 3996
584 2342
3330 4828
2266 4919
4089 4216
1060 1486
2215 4487
3330 3648
3805 4919
1575 2320
2975 4343
2549 3398
1487 3763
1689 2896
4031 4410
1984 4710
2620 3202
2209 3911
1722 4876
1818 2450
3058 3747
541 1715
2756 4228
1555 3428
2830 4909
315 2061
2250 4692
1636 3875
2329 4822
2493 3111
4710 4774
700 2173
617 1142
2366 3632
3458 4876
4071 4503
3648 3713
1647 2381
3398 4210
1080 4828
4207 4633
548 3536
2450 4090
4822 4969
1399 3686
1390 2748
4090 4917
4487 4847
3269 4208
1649 3815
576 2872
3698 3854
1632 4327
4117 4766
1359 4969
3503 4228
1221 2652
700 1715
250 4309
1764 2652
3741 3838
3295 4717
1416 3367
3596 4848
3409 3643
1486 4503
3765 4754
3632 4969
1322 2320
3120 4919
700 4117
171 3758
3124 4822
3527 4934
2943 4592
161 4239
3043 4883
685 1270
961 1946
3562 4461
3104 3248
3887 4370
3465 4767
3744 4100
3205 3996
3358 4633
3774 3783
1973 2157
62 3117
3475 4668
3632 4351
1552 4097
3996 4038
866 4592
994 4797
3875 4335
3202 4370
3458 4703
3137 4228
663 4847
1930 4073
3127 3933
2620 4737
3648 3875
3676 4327
3362 3911
123 4129
1858 4853
4487 4909
2943 3728
1297 3540
1549 4912
904 3923
3875 3955
2883 4207
3955 4828
871 4538
1086 3139
3054 4409
2881 4229
959 3480
2151 4529
624 4999
547 4089
3358 4207
2206 2976
3713 3758
3120 3201
672 1520
1688 3032
1306 4676
2668 2877
2043 4351
2132 3854
2246 4115
3409 3465
1213 4115
161 2458
469 2881
2729 3887
2338 4876
2932 3272
2051 4711
575 4097
1864 4868
3844 4064
1940 4917
2861 4368
75 4797
3692 4883
1609 3774
1799 2763
2267 4703
469 3384
1647 4024
1549 3428
2397 4876
1298 4019
1753 3432
549 4969
3409 4229
409 1060
3088 4105
572 1142
4461 4774
565 3089
2881 4096
2013 3609
2031 3763
2132 4238
2939 4064
3436 4370
1458 4413
1823 4024
404 3443
1997 4820
2914 4494
3780 4766
1396 4912
2756 4777
575 3527
3046 3933
3838 4828
3088 4096
4754 4969
3528 3793
3288 3957
2215 4073
1726 3788
4417 4633
4529 4668
2450 4019
3154 3443
3765 4944
1935 3728
2246 4531
1230 4627
4043 4662
2721 3986
2001 4493
3061 4551
3728 4461
3032 3774
3124 3843
1636 4847
4229 4423
2067 2190
2248 3747
523 4328
2516 4853
205 3844
3955 4880
3295 4208
3154 4711
2967 4494
2520 2721
2669 4639
689 4737
1015 4585
1650 4208
866 1721
1304 4876
2179 4944
2606 4628
4531 4639
2710 4662
3536 4228
3428 4868
622 2936
3443 4192
3266 4859
1431 2263
4529 4822
255 4710
1390 3679
1396 4281
2320 3237
2682 4410
409 4633
1312 2595
1753 4969
2373 4766
1639 3989
2067 4774
1964 4538
1635 4208
469 3783
4238 4828
866 2067
1609 3854
1779 3781
3017 3728
2520 3480
25 3887
1647 4100
4281 4917
4228 4820
1997 4309
2976 3726
4628 4863
2757 4279
209 4881
1020 4210
4105 4417
1216 4628
3070 3330
3269 4711
1110 4208
1216 1996
3713 3875
236 1281
1779 4934
2602 4912
3596 4519
3212 4883
1632 3788
2611 3939
4239 4711
873 4754
3923 4417
4161 4737
3465 4551
2246 3913
2410 4909
219 4038
3137 4917
2320 3679
2864 4105
2757 4487
1118 4828
2600 4627
897 3763
3101 4717
1306 4999
849 4912
3475 4969
2913 4090
3747 4801
3441 4084
3851 4089
719 2520
1348 4883
1833 4853
2157 4868
2338 3127
2815 3213
2972 4385
1086 1587
3843 4944
2565 2975
3503 4717
3911 4737
2190 4493
2407 3272
1312 4919
369 3503
3272 3887
4592 4944
4503 4881
1013 3491
2668 4754
2410 4309
2864 3259
3593 4848
2206 4737
2906 4494
3215 3789
3753 4827
3330 4969
25 3137
502 4774
1322 3939
236 4639
1940 2663
106 3259
699 4868
1020 1818
3127 3643
3989 4359
3201 4766
4314 4710
1 2338
3461 4767
2248 3692
3458 3679
4343 4881
2943 4876
3139 4797
3061 4876
318 3058
156 4089
3441 3854
4531 4863
369 3528
1142 4848
2151 4944
3070 4880
860 2637
2729 3609
2329 4944
213 1455
632 3154
4096 4410
3765 4969
4129 4774
1482 4828
3301 3491
3301 4767
2663 3154
2267 4880
4068 4717
2669 3402
2167 3812
1853 4168
1555 1639
874 3635
3844 4909
1753 4064
1879 3726
1118 4880
2211 4531
624 4692
1123 3933
2182 4494
1348 3562
2001 2621
2182 4633
4847 4969
2021 2877
3461 3785
3089 4710
205 4493
575 4777
4385 4538
1059 4234
2617 4627
4410 4668
2253 3089
1063 3503
3825 4801
219 614
4229 4853
3120 4340
1818 4423
3635 4493
2013 3887
1416 4304
4309 4909
2631 4238
1864 2872
3638 3639
3139 3648
620 2471
318 4863
3666 4146
4100 4853
3205 4097
860 3897
410 1689
1216 4097
3111 3989
3774 4692
1112 4876
1931 2127
2830 4969
2150 2458
4279 4487
2932 2939
2913 4024
4676 4999
3844 4494
3638 4417
3528 4335
2652 4210
1833 4795
1138 4409
3458 4084
866 4737
1097 3996
1627 3911
3774 4703
2031 4210
4105 4115
2416 3117
1059 4876
1823 3593
3763 4229
3838 4124
961 3398
3215 4423
4115 4279
4461 4628
1520 4519
549 3838
1587 4934
1715 4550
2830 4754
1390 3374
3563 4210
1649 1895
2896 4676
2493 4820
2493 3212
3780 4767
3036 3212
210 4909
2565 2936
1239 1609
448 4038
994 3503
2253 3017
1186 4328
1764 3259
2080 2756
4168 4881
2458 4880
2812 4538
3335 3758
522 4134
2122 4853
3638 4767
4064 4828
1514 4168
4370 4493
2932 4351
3130 3679
1764 1923
2932 3666
4304 4494
1140 3780
4031 4853
576 4801
1632 4494
76 3815
3124 4969
2536 3911
3237 4801
1281 4766
773 1726
3461 3465
1461 3215
1715 4710
315 4847
1739 4662
3765 3843
1984 3878
3461 4409
532 4774
870 4090
4668 4754
2620 3741
2677 4662
1281 3088
2151 2157
3878 3939
215 4385
136 3374
541 4359
904 3789
4068 4210
4071 4327
503 4084
3593 3805
4309 4676
3133 4207
3536 4999
1577 3137
248 4550
3805 4281
1549 2602
1735 2967
4208 4210
1268 2861
2342 4551
870 2620
1483 1858
1715 4538
4024 4368
1670 4461
2329 4969
3130 4089
3563 4550
2698 4068
876 4128
1670 4710
3138 4117
1297 3700
4129 4146
2150 4340
369 3639
1117 4238
4192 4766
1140 3503
2881 4863
4019 4917
3480 4325
4503 4585
3540 4999
156 3854
2515 4096
3679 4084
3017 4550
3596 4917
3269 4710
2975 3854
1688 4633
4343 4876
2864 4115
3527 3528
2721 4129
3744 4409
3288 4859
519 4359
1042 4550
3248 4216
907 3632
3362 4304
994 2611
1514 4100
4668 4944
849 1739
4234 4370
3777 3986
3432 4766
1127 4767
1520 4876
1020 4068
447 2532
1549 2756
2021 4917
1487 4146
1697 4413
2611 4801
3805 4917
1609 3562
4327 4627
2312 3537
218 3635
2217 4876
2217 4551
2450 3402
624 2246
3070 3713
4071 4585
1285 1841
2031 2300
2523 3536
4234 4635
2167 4847
3181 4777
2756 3700
1176 4168
4711 4853
1239 3933
3181 3205
3777 4328
3461 3643
1555 2602
277 4711
3774 4089
2536 4313
2366 3713
2013 4370
2338 3061
264 4073
3897 4461
4351 4493
1104 3438
4038 4531
277 4409
4529 4754
1455 4461
2595 3596
3046 3528
502 4822
3854 4089
174 4969
863 4064
1322 2300
1853 4859
709 959
4767 4797
2263 2763
719 2965
2407 4461
3288 3353
2523 4359
3266 3277
2917 4801
2883 4868
2906 4409
3330 4880
218 2830
1461 2080
2320 3939
2561 4883
2914 3138
2490 4912
3358 4519
622 1213
2830 4529
2949 3788
906 3854
2132 3398
3635 4043
2717 4423
1221 3248
2595 4919
2001 2366
250 4969
469 4766
3358 4304
264 3793
2094 4969
2549 2631
1086 1799
3248 4043
2932 3436
3635 4883
2717 4820
1555 3825
1998 4847
3266 3353
1670 1935
2300 3878
3032 4766
3676 3825
4635 4795
2913 4919
3781 4043
2877 4820
3758 3986
75 4124
3698 4944
2407 4592
3475 4822
849 4662
3017 3089
4097 4192
874 4662
2001 4627
1575 3436
1627 4146
3181 4090
3458 4692
4100 4909
2786 3638
2898 4863
2936 4097
4100 4711
1118 4239
1 4919
2549 4413
2617 4635
3741 3887
584 3301
2381 4853
3785 4551
2663 2677
3815 4493
3671 4919
2493 4801
3676 4820
904 3335
1080 4737
3758 3996
4503 4627
3212 4820
1574 3816
778 3911
3288 4090
3540 4043
572 4795
1940 4019
2669 4117
3793 4335
532 2253
4592 4774
1940 4919
162 4774
2600 3777
959 3088
519 2898
4494 4795
1304 3127
1799 3569
1923 2864
3851 4309
2812 3103
4703 4999
193 1998
1940 2913
1455 4774
315 4881
907 4853
614 2043
2127 4019
4410 4711
2473 4519
1416 4633
898 4880
2122 3989
1097 3441
2209 3996
1306 4692
4550 4703
2391 4340
3812 4538
519 2021
3536 4128
2748 3854
4529 4944
1127 2211
1841 4385
2717 4309
318 4086
2061 3643
4385 4847
961 4627
622 4777
4071 4168
1396 4635
2250 2914
3127 4767
3843 4822
4335 4633
4146 4934
1217 3133
1670 2407
2637 3266
3212 4801
3202 3272
778 4493
1148 3671
1417 2888
3104 3367
2520 4105
3205 4777
860 3537
4031 4711
3520 3844
3536 4820
4304 4633
1222 1722
3295 4210
901 2001
1080 3609
3441 3458
3130 3774
2812 4385
123 4969
2305 3295
1973 4385
728 1230
3269 4635
264 4827
3127 4134
871 4279
1853 4327
672 3923
4423 4999
672 4934
689 2062
2883 4494
1416 1721
2250 4999
4754 4944
93 3331
1063 3639
1574 4073
3127 3461
3939 4801
354 3774
2972 3036
3061 3491
2637 3635
3104 4777
3747 4797
870 4848
2312 2682
4410 4853
419 4343
209 1632
210 2308
205 3815
3648 4880
2881 3785
3229 4676
1650 4281
3648 4239
3101 3295
1997 2523
3237 4859
2536 4737
3783 3911
3465 4944
752 1935
1976 2166
1013 4876
2668 4969
212 4795
4538 4847
3744 4410
2179 4822
3692 4128
3017 3432
4100 4409
3409 4876
1170 4043
136 3215
2190 4351
108 4071
4359 4551
4096 4229
1732 2710
2536 4370
4279 4385
1431 4409
1931 2757
728 4134
3120 3138
3639 4335
3793 4795
1117 4859
1431 2180
620 4863
4801 4883
3237 3330
2532 3104
1059 4216
1879 4105
2600 2949
2520 3700
2617 3402
4551 4876
4797 4820
1298 3367
3212 4754
1417 4880
1255 4592
1148 2471
2342 3301
3785 4385
4327 4335
3272 4737
4668 4822
3816 4627
3101 4919
871 874
3527 4168
3679 4703
4210 4717
4766 4820
3527 3986
4635 4676
2786 2975
3537 4096
2621 4351
1649 1790
2381 4229
876 2611
3146 4494
3491 3785
3202 4313
3362 3897
1635 4795
2373 3780
4168 4503
2717 3124
4216 4633
3986 4146
3202 4494
1636 4487
2748 3441
3562 4592
2620 4161
3765 4529
866 4859
2166 4767
209 4207
541 4710
1285 1732
1946 4413
2561 4668
3923 4343
1138 4853
3671 4717
906 1897
2721 4089
4086 4848
4161 4370
76 4351
1549 4690
1935 3986
2267 4828
3259 3726
1112 3643
741 2669
3263 4919
2717 4676
1417 4090
3812 4487
3058 3778
1117 1461
1186 3777
617 3575
1293 3461
4423 4676
2300 4820
1285 2677
2932 4207
3878 4883
3491 4876
994 3676
1186 2125
961 3475
3793 4038
2611 4797
1848 4881
873 4822
3464 3635
752 1839
4146 4585
3237 3676
1721 4828
1820 3384
4487 4538
2013 3475
1142 4827
1417 4917
2516 3137
1753 3911
1996 4767
1697 1897
264 1574
4097 4216
4234 4531
3088 4737
1932 2129
575 2263
3272 3741
212 1841
1230 4503
3133 4628
3816 4073
1298 3248
547 3753
1650 4019
3061 4767
2391 4717
4207 4304
2606 4863
1508 4168
2062 4019
82 4827
4461 4592
1486 3596
16 1390
2206 3911
4847 4881
2450 4281
1932 4633
3237 4820
1858 4089
863 4863
3054 4100
1930 3046
3781 3783
1520 1984
2267 4124
2729 4313
3120 3783
1508 4627
1976 4368
572 4827
137 2450
215 4912
2180 4934
1104 4639
2215 4847
2728 3692
3562 4550
778 4313
1839 3933
16 4692
3785 4876
2617 4766
1217 3897
2157 4216
161 4880
2965 3138
2329 3124
3248 3277
2652 4068
3698 4409
4531 4912
1176 2373
2051 2516
1577 2975
1609 3781
2305 2391
1213 3181
1540 3778
3575 4827
3475 4754
2312 3480
3464 4919
3104 4216
193 3812
3367 4880
3540 3635
3686 4662
2490 3277
1931 4711
2537 2715
218 3491
1697 2631
3130 4359
3783 3816
3758 4662
3788 4071
873 4969
1217 4234
3527 4503
3698 4084
900 3104
2917 3139
1688 4766
1270 3202
3851 4676
174 2157
4327 4503
2906 3384
3955 4124
1964 1998
2248 4801
549 4519
3139 4820
2757 4847
4097 4777
2062 4238
1304 4585
3213 4343
1848 3527
193 4859
1144 3503
768 4876
877 2631
578 3259
2710 4692
1818 4692
3777 3788
719 4766
2209 2606
1348 4859
4461 4550
2663 3443
3367 3933
2080 4097
2943 4774
2537 4827
4281 4848
3480 4327
3301 4876
2949 4327
1059 4777
614 2872
3596 4919
959 1322
3632 3815
3213 4417
1222 2217
1514 4868
75 2179
218 4767
1818 4703
3436 3741
3133 4304
3353 3536
485 3781
624 2250
2888 3638
4024 4635
1715 3269
4797 4801
1984 4351
3777 4071
3130 3878
2830 4822
4115 4328
3229 3741
3362 4161
79 3676
1110 4068
3843 4754
4031 4409
877 4585
617 4827
255 1682
3923 4314
3374 4999
2312 4115
2917 4820
3331 4359
2490 3788
16 4999
3812 3996
1587 4883
4627 4710
2080 4238
709 4999
4668 4969
2763 4822
1230 4417
3788 4503
2125 3127
2416 4848
485 2373
3774 4084
3648 3955
2458 4828
1508 1923
2266 2471
871 4847
2410 4676
549 4934
2397 4767
3103 4538
3838 3955
1984 2366
2565 4919
3913 4859
1058 4210
1976 4134
3036 4969
4340 4766
1086 2493
225 4423
1222 4876
805 2152
2013 4368
3933 4777
2516 4031
2669 3780
689 4161
1984 3632
4309 4999
3805 4848
62 4550
1930 2410
1879 3331
1739 1996
74 1841
2263 3438
3778 4529
938 2157
1015 3277
3367 4777
3686 4868
82 409
1297 1820
4019 4848
3713 4880
719 4117
2190 2872
929 1732
3825 4820
4239 4828
3939 4883
3374 4692
2329 4668
3475 4124
2305 4208
2756 4876
108 209
369 699
3728 4774
3438 4766
1823 2532
3911 4234
1080 3436
2061 3465
1820 1964
3331 4868
2896 3851
3374 4703
3269 4550
3593 4919
2308 3596
3139 3676
137 900
541 4550
2669 4129
503 4703
3933 4097
1935 4550
3146 3957
773 2682
1266 4117
1574 3428
4168 4493
205 3939
4633 4754
3763 4068
2471 4115
2617 3438
4853 4909
4827 4847
1255 4710
4024 4795
503 4692
2267 4423
3146 3266
1216 2677
3635 3686
3138 4639
3520 4633
2320 3747
2515 4325
901 2043
1649 2043
3127 3443
3643 3777
3458 4828
485 4550
3432 4340
1833 4550
2250 3679
1117 3537
3692 4820
4309 4314
1932 4494
3181 4216
1735 4417
2167 2972
3263 3596
2067 3458
526 3765
3875 4880
1607 3741
3263 4281
663 4711
3789 3851
3402 4639
1117 4413
1482 4868
3777 4503
1123 3744
4228 4531
773 4115
3635 3700
3875 4239
3438 4031
3805 4019
1931 4635
3146 4279
4208 4717
1487 4919
1682 3480
2537 2728
4692 4999
2308 4917
3205 4234
1635 3671
1063 2669
3648 3789
3272 3763
3713 3955
994 3212
3957 4368
215 2215
3205 3933
2537 3111
213 4828
2595 4019
3104 3933
2639 4795
2949 4585
3686 3913
409 2129
3575 3753
1268 4585
2312 4668
2173 4368
1431 3774
1689 3812
3765 4822
4767 4868
1399 4662
3070 4828
1266 3070
1170 3700
1848 4627
2119 4314
3263 4848
2537 3402
4493 4668
2668 4529
419 1555
2132 4038
1577 4767
1459 3154
1307 4801
3785 4128
171 3464
907 4351
1841 4043
3609 3887
2206 4370
3744 4853
938 4848
1312 4999
4592 4859
404 4868
209 3812
1042 4822
3780 3781
2881 4859
2300 3747
3825 3939
3213 4737
1848 4327
2763 4969
1670 3765
2209 4038
4024 4919
136 4934
4703 4917
1281 2965
2617 3780
1217 3537
2182 3520
877 4487
3117 3986
2125 4797
3781 4117
2061 2217
3648 4828
3741 4370
2266 2682
2786 4690
4073 4335
3503 4335
3272 4313
4096 4853
174 4944
2600 4737
1399 1739
4692 4703
248 2051
277 4100
1735 4368
778 4737
699 4073
2416 4327
2881 4853
1307 4820
2190 2366
1268 3101
2881 4031
3537 4115
870 4917
3202 4737
2698 3989
108 4881
3763 4717
2129 4304
4639 4766
1112 3785
3127 4100
1818 3130
1858 4340
2473 4969
1897 4919
4822 4944
3201 3205
502 4550
3259 4325
250 4944
2416 4627
2450 4917
2602 3753
1932 4207
2815 2888
2094 4944
2939 4635
3117 4368
4328 4531
709 2976
2812 3367
2381 3744
3851 4909
2020 3146
1790 4585
4409 4410
3744 4229
3133 3875
3528 4880
3017 4461
4090 4919
3765 4668
1823 4848
901 4493
315 4944
4192 4703
2949 4503
2150 3111
3679 4999
900 3475
4207 4494
123 4668
2898 3851
3398 4413
2407 4550
174 4754
213 2943
768 3461
938 4919
4550 4592
410 4754
3569 4207
1285 2473
1946 2549
76 4493
906 2861
1923 2471
3353 3957
1609 4999
849 3686
2397 3785
3464 4043
1013 4767
4086 4863
2729 3911
2936 4777
2536 3202
3111 4710
1997 3825
3713 4124
961 4413
3593 4281
218 3480
2397 4551
3432 3635
3815 4031
1607 3913
3384 4340
2877 4340
1964 4487
2620 2729
2391 3671
2300 2914
1973 4868
3201 3781
1587 3939
2561 4969
3747 3878
2473 3666
2600 4881
3103 4385
1348 4774
901 1895
4229 4711
2020 4795
3301 4216
2972 4847
1015 2965
3676 4801
1255 4351
547 4827
288 4279
2253 4064
4801 4820
3728 4592
3563 4863
1639 3428
3838 4880
1148 4999
1577 2246
523 4531
1818 4084
1170 3758
3562 4774
3088 3259
3780 4639
3878 4228
2305 4717
700 4168
685 1140
1127 1176
1996 4134
632 2031
897 4328
4325 4853
1823 4281
1790 4627
2872 4351
3778 4797
3923 4690
3353 3358
614 4351
2151 4754
2914 3331
876 3536
2943 4710
3374 3774
2416 4585
3520 4494
174 4309
2914 4868
741 4639
2266 4822
3875 4828
4774 4859
578 2917
1632 4168
1285 4676
3458 3753
1458 4238
1268 4071
805 4917
2748 3374
3692 4797
2127 3117
929 4662
3043 3692
2167 4279
171 4662
354 4801
3130 3458
3788 4627
1058 4717
4068 4822
255 3897
877 4627
2020 4024
2020 4703
4128 4801
4314 4859
3146 4859
2965 3438
161 2883
485 741
4494 4633
3475 4529
1721 4710
1764 2715
2179 4969
3103 4279
1359 4754
3643 4767
3843 4529
2668 4822
1976 4628
3996 4228
3335 4064
1540 3781
4128 4883
1552 4328
1722 4767
3465 3825
3851 4494
1841 3686
3117 4409
863 4880
3503 4767
3384 3438
4690 4703
2416 3527
3562 3728
2877 3957
2166 4551
255 2602
1221 3046
1221 4717
193 4847
4461 4859
901 1647
532 3913
3229 4909
4229 4410
4343 4417
2715 4863
1508 4820
3046 4335
3491 3643
1186 4881
1635 4717
248 689
752 3753
2263 3528
1 2748
532 3269
897 3101
3536 4883
4327 4585
156 3698
2830 4944
3046 3816
1753 3058
3475 4944
4767 4876
3205 3353
2595 4848
4097 4234
3812 4385
16 3569
3838 4239
225 4279
137 4917
1991 4827
1721 4550
3212 3443
1487 3201
2471 3897
4409 4711
2637 3464
2728 3111
4585 4627
4281 4919
255 4105
860 4912
2182 4097
3441 3774
685 4848
2061 4134
700 3777
1991 3753
1217 2883
3301 4551
2329 4410
2815 2861
3362 3436
3609 4737
1722 4551
860 2266
1540 4639
3358 3844
805 3805
3777 3778
3259 3777
1127 3201
4883 4944
4766 4863
523 3061
3562 4314
4314 4774
2943 4351
3503 3793
419 2786
3101 4210
4124 4880
2166 4876
2094 4754
2391 2397
4917 4919
1097 4038
3358 3520
2397 4585
3854 4999
2917 4883
3843 4969
2179 4529
1879 4325
3700 4662
2883 2967
3248 3933
137 1104
1627 4325
3679 4089
4385 4487
2532 2932
1833 4710
3103 4797
1636 2729
1820 4766
1587 4797
3402 3783
3441 4692
4086 4100
1998 4410
2565 4090
3536 4090
1431 4410
2520 2976
3788 4585
4662 4767
2182 3844
2180 4229
728 827
1895 4493
1697 4238
1307 4883
3609 3788
3130 4703
93 578
768 2338
2698 4124
448 3996
3124 4944
4944 4969
1285 3788
904 3111
3237 4128
2182 4519
3089 4774
2976 3897
3744 3793
1144 4909
565 3269
4370 4737
1833 4461
2748 4703
3263 3805
4161 4313
1304 4551
2215 4538
3295 3763
632 4208
3933 4234
3812 4279
3692 3825
1799 4031
3428 3939
2637 3540
4327 4328
1058 4208
1514 4229
2080 4795
3046 4073
1639 2173
93 4934
79 4717
3528 3639
2151 4801
572 3753
3101 3957
4692 4766
4328 4627
1739 3540
2717 4909
2888 4071
4314 4592
1841 3758
123 4822
1946 4238
700 4881
827 4820
3229 4423
3911 4097
4423 4909
2308 4090
2129 2883
4086 4999
502 2943
1991 3575
3825 4238
4124 4828
4168 4585
3844 4503
250 4529
4754 4822
1060 4883
3939 4192
2267 4239
4031 4229
1997 3237
1221 2639
248 3362
1514 4410
3700 4325
2211 4529
215 4487
2125 4801
161 1270
1508 4585
219 1689
1732 3758
1735 2151
2972 3635
1482 4325
1483 4868
1632 3923
1020 1635
1348 4368
248 4313
3201 3780
76 4068
4228 4883
3957 4859
4797 4883
1266 2756
74 404
2631 4351
2717 4999
1117 1458
3593 4917
3054 4690
4676 4909
1688 3747
2471 4325
1609 4703
2536 3398
1839 3569
1998 3103
1086 4128
4328 4503
1399 3540
2561 4754
3638 3923
898 4239
4128 4797
210 4343
3330 3713
1312 4848
2815 4919
1647 4711
4551 4767
250 4999
3741 4313
2896 4909
2561 3043
1110 4024
2668 4238
3812 4847
2051 4853
576 4912
2151 4668
2677 3758
3464 3758
2267 2458
4238 4883
225 4909
1574 4917
3215 4912
1293 4309
3032 4639
3686 4043
907 994
3432 3783
1964 4279
1359 4944
2898 4628
1431 4711
447 3137
2094 4668
1923 4096
4519 4934
3229 4309
3362 3609
1020 4327
3676 4881
3154 4538
2125 3878
3887 4737
4089 4999
4129 4519
1015 3788
2757 4385
2883 3844
1932 4487
3212 3295
2914 3609
93 4868
2682 3726
4777 4795
2936 3698
897 4717
3213 4304
3789 4690
3666 4668
3843 4668
4279 4847
929 3540
1 4971
16 149
25 2294
62 3688
74 3351
75 4915
76 4438
79 3038
82 3823
93 2954
106 4420
108 4823
123 4555
136 4729
137 4305
156 4994
161 4022
162 3504
171 954
174 3076
193 4837
205 4051
209 3943
210 4648
212 4684
213 3578
215 4285
218 4878
219 4525
225 4244
236 4470
248 604
250 4355
255 1746
264 4982
277 4175
288 4833
315 4943
318 4542
354 4875
369 4724
404 4686
409 2158
410 2503
419 4189
447 4730
448 4673
469 4844
485 3968
502 4301
503 4548
519 4240
522 4215
523 1733
526 4898
532 4486
541 1904
547 4372
548 4573
549 4786
565 4063
572 905
575 3873
576 3193
578 4387
584 1451
614 3901
617 4624
620 4978
622 4886
624 3798
632 4878
663 3620
672 4843
685 4583
689 4383
699 4534
700 2998
709 2431
719 2164
728 4995
741 4695
752 4451
768 4364
773 4748
778 2775
805 2435
827 3414
849 2154
860 4946
863 2862
866 4574
870 4950
871 3830
873 4125
874 3334
876 3828
877 4802
897 4357
898 3351
900 4428
901 4094
904 4878
906 1803
907 2791
929 3210
938 2701
959 2372
961 3584
994 4799
1013 4705
1015 4750
1020 4564
1042 4871
1058 3075
1059 4895
1060 1433
1063 4034
1080 4614
1086 4975
1097 2105
1104 3211
1110 3560
1112 4555
1117 4660
1118 4164
1123 3003
1127 3611
1138 4131
1140 4376
1142 3868
1144 1816
1148 4899
1170 4620
1176 4063
972 1186
1213 2310
789 1216
1217 4748
1221 4155
1222 4346
1230 3925
1239 3804
1255 4928
1266 1579
1268 4204
1270 3662
1281 4964
1285 3190
1293 4829
1297 3927
1298 4018
1304 4845
1306 1325
1307 4835
1312 4445
1322 3299
1348 4943
1359 3695
1390 3276
1396 4802
1399 4361
1416 1942
1417 1960
1431 4791
1455 2924
1458 1941
1459 2948
1461 4941
1482 3985
1483 2615
1486 4780
1487 4714
1508 4972
1514 3327
1520 3233
1540 3226
1549 4603
1552 4975
1184 1555
1574 3476
1575 4965
1577 2753
1587 4763
1607 3019
1609 3636
1627 4914
1632 4017
1581 1635
1636 4624
1639 2702
1125 1647
1649 4257
1650 4836
1670 4419
1682 4798
1688 2369
1689 4949
1374 1697
1715 4659
1721 4789
1722 4380
1726 3907
1732 2322
1735 2384
1739 2948
1753 4179
1566 1764
1779 3893
1790 4451
1192 1799
375 1818
1820 4770
1823 2818
202 1833
1839 4683
1841 4818
1848 4959
1853 4821
1858 3958
1864 4897
1879 2024
1895 4816
1897 4906
1923 3701
1930 3950
1931 3377
1932 3974
551 1935
1940 3987
1946 4042
1964 3188
1973 4686
1976 4694
1984 4718
1711 1991
508 1996
1997 4763
1998 4778
2001 4171
2013 4169
2020 4793
2021 4175
2031 3678
2043 4581
2051 3223
2061 4510
2062 2487
2067 4887
2080 4497
2094 4988
2119 4924
2122 4392
2125 4139
2127 4726
2129 4997
2132 3031
2150 4764
2151 4088
2152 4414
2157 3832
2166 3114
2167 3262
2173 4249
2179 2273
2180 4884
2182 4679
2190 3041
2206 2971
2209 3868
2211 2641
1921 2215
2217 4497
771 2246
2248 4104
2250 4384
2253 2687
2263 4111
2266 2916
2267 4757
2300 4744
2305 3429
2308 3196
2312 4953
2320 2781
2329 3524
1402 2338
2044 2342
2366 2505
2373 4740
2381 4559
2391 4962
2397 4761
2407 4783
2402 2410
357 2416
2450 4723
2458 4132
2471 3759
2473 4830
2490 4719
2493 3856
2515 2524
1495 2516
2520 4636
2523 4504
2532 4790
2536 3573
2537 4264
2549 4790
2561 4578
2565 4834
2595 4571
2600 4638
2602 4894
2379 2606
2510 2611
2617 2871
2620 3627
2621 4237
53 2631
2637 4143
2053 2639
2652 4041
2249 2663
1364 2668
2669 4379
2677 4614
570 2682
2698 4946
2710 3425
2715 4884
2717 3565
2357 2721
2728 4825
2729 4347
2748 3442
2756 3940
2755 2757
2763 2846
2786 4899
2812 4680
2815 4899
2830 4738
1434 2861
2864 4640
2009 2872
2877 4285
2881 4952
2883 4501
2888 4857
2896 4916
2097 2898
2906 4856
2913 4719
2914 4202
2917 4373
2932 4674
2936 4312
2939 4469
2943 4624
2886 2949
1054 2965
2967 4834
2972 4800
2975 3421
2976 3756
3017 4151
2687 3032
3036 4305
3043 4428
3046 3968
3054 3745
1407 3058
3061 4137
3070 4651
3088 3547
3089 4047
405 3101
3103 3760
3104 4979
2665 3111
3117 4731
3120 4643
3124 3621
2711 3127
912 3130
1810 3133
3137 4904
3138 3718
3139 3354
3146 3608
3154 4624
1488 3181
3081 3201
3202 4597
3205 4294
1527 3212
3213 4756
3215 3499
3229 4779
2050 3237
3248 4349
3239 3259
3263 3555
3266 3707
3267 3269
3272 4986
3277 4914
3288 4977
3295 3413
3301 3631
3330 4916
3331 4027
839 3335
3353 4079
3355 3358
3362 4856
3367 4810
3374 4211
3384 4602
3398 4631
3402 3602
393 3409
3428 4939
3432 3717
3436 3881
2097 3438
3441 4898
3443 4456
3458 3828
2016 3461
1626 3464
1678 3465
393 3475
2383 3480
2252 3491
524 3503
1656 3520
1730 3527
949 3528
2782 3536
1810 3537
3540 4861
2047 3562
1962 3563
3569 4553
3575 4005
3593 3759
3596 4885
2981 3609
3632 4601
910 3635
1704 3638
3639 4831
3643 4375
2670 3648
3224 3666
3671 3974
3676 4227
1506 3679
3047 3686
3612 3692
3698 3755
3233 3700
1586 3713
3726 3862
2038 3728
3318 3741
3744 4646
3747 3909
2701 3753
650 3758
3314 3763
3765 4061
3774 4558
3777 4378
3778 4688
3780 3943
3260 3781
1513 3783
3785 4166
1854 3788
3789 4444
247 3793
3805 4600
2661 3812
1801 3815
1877 3816
3825 4174
3342 3838
845 3843
3844 4123
3851 4571
3854 4695
3501 3875
3866 3878
1756 3887
3336 3897
243 3911
3516 3913
3577 3923
3498 3933
3927 3939
372 3955
3957 4246
1392 3986
2298 3989
3996 4565
2336 4019
2978 4024
2145 4031
4038 4114
3969 4043
4064 4076
2642 4068
4071 4936
4073 4588
3457 4084
4086 4990
4089 4799
158 4090
4096 4688
4097 4637
2653 4100
4091 4105
3622 4115
2476 4117
4124 4223
740 4128
4129 4729
4134 4450
4146 4951
4161 4937
4168 4266
4192 4904
3381 4207
4016 4208
4210 4412
1971 4216
4228 4594
3946 4229
1551 4234
4238 4941
163 4239
1129 4279
3393 4281
2847 4304
862 4309
3220 4313
4254 4314
3862 4325
4327 4353
1321 4328
2935 4335
2369 4340
4343 4756
3184 4351
4359 4973
1701 4368
2111 4370
1758 4385
1566 4409
4399 4410
802 4413
2071 4417
4423 4930
431 4461
4379 4487
3739 4493
3456 4494
4153 4503
3625 4519
4529 4708
4514 4531
4538 4664
3916 4550
4551 4834
854 4585
551 4592
1155 4627
4625 4628
1223 4633
4635 4929
4595 4639
3995 4662
4251 4668
4676 4771
1309 4690
4674 4692
262 4703
4415 4710
562 4711
1731 4717
4066 4737
4754 4956
2276 4766
4559 4767
387 4774
3267 4777
828 4795
3281 4797
3524 4801
592 4820
4081 4822
430 4827
4828 4947
1548 4847
2893 4848
4471 4853
3328 4859
4863 4928
943 4868
651 4876
341 4880
963 4881
4307 4883
4775 4909
2310 4912
3862 4917
4354 4919
884 4934
4007 4944
3839 4969
3157 4999
1 4877
16 4311
25 4369
62 4677
74 1324
75 4015
76 3074
79 4561
82 4842
93 4408
106 4154
108 3369
123 2538
136 4479
137 2191
156 4647
162 3915
171 4709
193 4860
205 4376
210 4476
212 2327
213 3332
215 1122
219 4455
225 2806
236 2922
250 4510
264 4017
277 4376
288 4224
315 800
318 4606
354 4809
369 4949
404 3366
409 4911
410 3470
419 4224
447 4265
448 4722
469 4574
485 4132
502 3165
503 4914
519 1660
522 4938
523 2582
526 4968
532 4954
541 4544
547 1828
548 4860
549 4132
565 4961
572 4312
575 4333
576 2133
578 4671
584 4854
614 4938
617 4518
620 4302
622 4852
624 4908
632 4066
663 875
672 4237
685 4923
689 4392
699 3998
709 3874
719 4092
728 4887
741 3915
752 4005
768 4062
773 4768
778 4322
805 2959
827 4254
849 4261
860 2741
863 2066
866 4378
870 4856
871 4903
873 4866
874 1393
876 3973
877 2569
897 3808
898 2307
900 4015
901 4202
904 4992
906 3174
907 4977
929 1869
938 3501
959 2726
1013 1950
1015 3094
1020 3694
1042 4230
1058 4994
1059 4614
1060 3847
1063 2934
1080 4320
1086 4485
1097 4997
32 1104
1110 4826
1112 4548
1117 4916
1118 4419
1123 4967
1127 3415
1138 2426
1140 2817
1142 3203
1144 4744
1148 4756
1170 4380
1176 3994
1186 3585
1213 4729
1216 1494
1217 3862
1221 2078
1222 4301
1230 4357
1239 4396
1255 2303
268 1266
1268 3190
1270 4870
6 1281
1285 4624
1293 4474
1297 2382
1298 4236
1304 4862
1306 3709
1307 4874
1312 4373
1322 4761
1348 4685
1359 4679
1390 4929
1396 4539
1399 4616
1416 3532
1417 3206
1431 4082
1455 4593
1458 2399
1459 3098
1461 2579
1482 3876
1483 2026
1486 4846
1487 4655
1508 4798
1514 4190
1520 3002
1540 4194
1549 4937
1552 4756
1555 4331
1574 3998
1575 2330
1577 3876
1587 3342
1607 4598
1609 2736
1627 4477
1632 3570
1635 4619
987 1636
1639 3336
1647 2593
1649 4342
1650 4953
1670 2123
333 1682
1688 3544
1689 2046
1697 4887
1715 4286
1721 3157
1722 4965
1726 4732
1529 1732
1735 4623
1739 2365
1753 3546
1764 4087
1779 4608
160 1790
1799 2984
1818 4764
1820 4833
1823 4949
1833 4983
1839 3864
1841 3817
765 1848
1853 4957
1858 4219
1864 4626
1879 4684
1895 3739
1897 4472
1923 4821
1930 3998
1931 4420
1932 4241
1935 4526
1940 3459
1946 4122
1964 2937
1535 1973
1976 2829
1984 4036
1991 3731
1996 4048
1997 2887
1998 4358
1025 2001
2013 4009
2020 4657
1248 2021
2031 4167
2043 3978
1184 2051
2061 4388
2062 4516
2067 4807
2080 4256
2094 4465
2119 4401
2122 4615
2125 3236
2127 4597
2129 4622
2132 4622
2150 4779
2151 3972
2152 4007
2157 2632
2166 4646
2167 4165
2173 4812
2179 4860
2180 4789
2182 4836
2190 4980
2206 3497
1433 2209
2211 3203
2215 2259
1772 2217
2246 3636
2248 3708
2250 4796
2253 4759
2263 4810
2266 4443
2267 3820
2300 4905
1437 2305
2308 4897
2280 2312
2320 4738
2329 3433
2338 4541
2024 2342
2366 3909
2373 3829
2381 4222
2391 4885
2397 3115
2407 4506
2410 4399
2416 2774
2450 4295
2458 3162
842 2471
2473 4729
2383 2490
2493 4053
1157 2515
2516 4422
2520 3862
2523 3917
2532 4977
2285 2536
2247 2537
2549 3625
2561 3730
1910 2565
2595 4119
2600 4877
2029 2602
2606 4311
2611 4630
2617 3279
2558 2620
2621 4278
2631 4769
2637 4732
2639 4195
2652 2980
2663 4958
2668 4393
2669 4162
1005 2677
2682 4854
2698 4790
1495 2710
2715 3015
2717 4787
2721 3260
2728 4053
2729 4916
2748 3427
2756 3974
2757 3853
2763 3079
2786 3454
2758 2812
2815 4791
2830 3087
2861 4322
312 2864
2872 3667
946 2877
2881 4904
1798 2883
2888 4067
2896 4403
2898 3391
198 2906
2091 2913
2914 4045
2917 4617
2932 3664
51 2936
2939 4642
2943 3494
2949 3738
2965 4416
2504 2967
2972 3975
2975 3591
2976 3657
374 3017
972 3032
3036 4948
3043 4982
1193 3046
3047 3054
3058 3573
3061 4758
3070 3766
3088 4671
3089 3868
3101 4481
2938 3103
3104 4294
3111 3926
3117 4345
3120 4005
3124 4648
3127 4656
3130 3668
3133 3359
3137 4483
3138 3144
2254 3139
2654 3146
1951 3154
3181 4984
3201 4480
3202 3318
3205 4935
3212 4122
3213 4157
3215 4491
1502 3229
3237 4395
3248 4448
3259 4266
3263 4879
3266 4645
3269 4440
2618 3272
3277 4252
1822 3288
3295 4358
3301 4663
3330 4473
3331 4689
3335 4929
3353 3905
3050 3358
3362 4214
2216 3367
2704 3374
3384 4178
830 3398
3402 3420
3409 4111
2765 3428
1040 3432
3436 4030
2789 3438
2874 3441
3443 4349
3449 3458
3451 3461
3464 4541
2454 3465
1807 3475
3480 3490
3491 3572
2174 3503
3520 3975
3083 3527
3528 4226
3536 3718
3537 4631
234 3540
3562 4658
3563 4765
3569 4885
3575 3623
1355 3593
3596 3677
3609 4245
3632 4666
3635 3803
3638 4364
3639 4010
998 3643
3648 4929
3666 4796
772 3671
3676 4604
2938 3679
3686 4672
3148 3692
3698 3979
2551 3700
3713 3935
3726 4366
3728 4784
2110 3741
3744 4678
3178 3747
2496 3753
3758 4618
3763 4452
3765 4873
2670 3774
3777 4821
3778 4050
3780 3997
3781 4629
1185 3783
3785 4486
3788 3796
2994 3789
3532 3793
3573 3805
3812 4855
2817 3815
3816 4753
2358 3825
3838 4218
184 3843
3835 3844
3851 4563
3854 4505
3875 3888
3413 3878
3605 3887
3897 4688
3911 4243
3913 4476
3923 4206
3933 4594
3939 4946
3850 3955
3957 4799
3986 4957
1305 3989
3996 4478
3442 4019
1645 4024
3071 4031
1953 4038
4043 4159
4064 4940
3412 4068
4071 4159
4073 4366
821 4084
3962 4086
3766 4089
1141 4090
1615 4096
4097 4722
1825 4100
4105 4981
1053 4115
2467 4117
4052 4124
4128 4217
4053 4129
3586 4134
4146 4729
4161 4165
4168 4181
3637 4192
63 4207
4208 4946
1494 4210
3960 4216
4099 4228
4229 4940
4234 4294
3706 4238
4239 4603
2655 4279
2318 4281
4304 4311
2634 4309
4313 4598
4171 4314
3457 4325
3931 4327
4289 4328
4335 4747
4340 4653
4343 4428
2869 4351
4359 4988
3994 4368
919 4370
3983 4385
1684 4409
3140 4410
40 4413
3579 4417
2229 4423
4461 4975
3132 4487
56 4493
2504 4494
4503 4994
4519 4937
4451 4529
4531 4552
4538 4984
3672 4550
4542 4551
2261 4585
4323 4592
4627 4989
4018 4628
1290 4633
4001 4635
4639 4892
3316 4662
4421 4668
4647 4676
4178 4690
4087 4692
4233 4703
3341 4710
3012 4711
1831 4717
3880 4737
4754 4765
4766 4816
3298 4767
3929 4774
4777 4812
4795 4832
3351 4797
4568 4801
4055 4820
4569 4822
1177 4827
4173 4828
2661 4847
4848 4937
2754 4853
2834 4859
4270 4863
4854 4868
388 4876
4844 4880
4199 4881
4782 4883
2873 4909
3378 4912
4917 4980
3514 4919
2584 4934
4648 4944
4954 4969
4954 4999
1 1501
16 4773
25 4147
62 3079
74 4916
75 4811
79 3962
82 4722
93 3244
106 4878
108 4742
123 4472
136 4896
156 4205
162 3280
171 4300
193 3558
205 4714
210 4629
212 4029
213 4406
264 1873
277 4716
288 4488
318 4362
354 4264
369 3075
404 4769
410 3059
419 4780
447 4764
448 2988
469 4408
485 4056
503 3219
519 4539
522 4217
523 4561
526 4747
541 4759
547 4589
548 4906
549 4926
572 2353
575 3949
576 4946
578 4500
584 4686
614 2571
617 4739
620 4742
622 4759
624 4875
632 3342
663 3724
685 2810
689 4933
699 3545
709 3434
719 4872
728 4983
752 4384
768 2653
773 4149
778 4163
805 2887
827 4898
849 3584
860 4660
863 2590
870 3653
871 3942
873 4334
874 1468
876 4358
877 4887
897 1419
898 4468
900 4671
904 4904
906 4082
907 3697
929 4318
938 4450
959 4263
1013 4447
1015 4985
1020 4971
1042 2735
1058 4785
1060 2700
1063 4142
1080 4203
1086 2554
1097 4338
1104 4760
1110 4151
1112 2767
1118 3143
1123 4860
1127 4599
1138 4292
1140 4342
1142 4911
1144 4707
1148 4576
1170 4621
1176 4482
1186 4579
1216 3814
1221 4502
1222 4344
1230 3928
1239 3811
1255 4406
1266 3027
1268 2163
1270 4290
1281 4583
1293 4869
1297 3233
1298 4594
1304 2674
1306 2115
1307 3308
1312 2011
1322 4264
1359 4560
1390 4636
1396 1914
1399 3975
662 1416
1417 4479
1431 4927
1455 2306
1458 3702
1459 4701
1461 3620
1482 4480
1483 4937
1486 3896
1487 4375
1508 4277
1514 4619
1540 4913
1552 4537
1555 4607
1575 4921
1577 4220
1587 4045
1607 4504
1627 4927
1635 4469
1636 4680
1639 3940
1649 3791
1650 4871
1670 2680
1682 3404
1688 4601
1689 4852
1697 2037
1722 4505
1726 3699
1732 4597
1735 4421
1753 3856
1764 3907
1779 4951
1790 4862
1799 4788
121 1820
1823 4034
1839 4788
1848 2568
1853 3566
1858 4758
1864 4178
1879 4581
1895 4719
1897 4452
1923 3995
220 1930
1932 4554
1935 4034
1940 2610
1946 4884
1586 1973
1071 1976
1991 4445
1996 4786
1997 4844
1998 4813
2001 3382
2013 3634
274 2020
2021 3404
2031 2585
2043 4322
2051 4952
2061 3811
2062 3736
61 2067
2080 4790
2094 4293
2119 4922
2122 4759
2125 3494
2127 3990
2129 4154
2132 4915
2150 4882
2152 4622
2157 4082
2166 4535
2167 4884
2173 4974
2180 4131
2182 4615
2190 4885
2206 4266
2209 4560
2211 4116
2215 4852
2217 4622
2246 4172
2248 4705
2250 3634
2253 4926
2263 2426
2266 4704
2300 4765
2305 4833
844 2308
2312 2784
2320 4307
2329 4902
1169 2338
2342 4469
2366 3625
2373 4260
2381 3516
2391 3665
2397 4104
2407 4060
2410 4769
2416 4437
2450 4317
2458 4681
2471 4489
2473 3821
2490 3833
2493 3370
2515 4334
2516 3481
279 2520
2523 4839
2532 3344
2536 3447
2537 2540
2549 3903
2561 4968
2565 4759
2595 4354
2600 4594
2602 4548
2344 2606
2611 4903
1305 2617
2620 2781
2621 4755
2631 4878
2637 3877
2639 3583
2652 4907
2663 4839
2668 4721
2669 4625
2677 4879
2682 4069
1915 2698
1499 2710
2715 4831
2717 4287
2721 4889
2728 4942
2729 4666
2748 4212
2756 4897
2757 4636
2763 4896
2786 4431
2445 2812
2815 4431
2826 2830
2861 4899
1570 2864
2872 4237
2877 3521
2586 2881
2844 2883
2888 4756
2896 4930
2352 2898
1985 2906
2913 3453
2914 4982
2917 2923
2932 4957
2936 4539
2939 4658
1717 2943
2949 4952
2965 4436
2967 4803
2972 4854
2975 3191
2976 4102
3017 4582
3032 4918
3036 4799
3043 4286
3046 4713
3054 4725
3058 4425
2552 3061
3070 3798
3088 4626
3089 4610
3101 4093
3103 4814
3104 4686
3111 3392
3064 3117
3120 4560
3124 3304
3127 4667
3130 4407
3133 3930
3006 3137
2940 3138
3139 4056
3146 4799
3154 4833
3201 4899
3202 4354
3205 4958
3212 4137
3213 3630
1156 3215
3182 3229
3237 4736
3248 4294
3259 3953
3263 4849
3266 4812
2811 3269
3272 4446
3277 4928
3288 4799
3295 4408
3301 4896
3330 3533
3001 3331
3335 4426
3353 4565
3358 4415
3362 4979
3367 3949
3107 3374
3384 4425
3398 4577
3257 3402
1740 3409
3428 3903
2588 3432
3436 3962
3438 4830
3441 3566
3437 3443
2557 3458
3461 3824
3004 3464
3465 4683
710 3475
3480 4973
3491 4981
3520 3855
3527 4006
3528 4885
3403 3536
3537 3862
3540 3901
3385 3562
3563 4772
2754 3569
3575 4978
3593 4656
3596 4914
2968 3609
3632 4888
3196 3635
3638 4918
3639 3652
3292 3643
3648 4601
3666 4952
3671 4622
3676 4572
3679 4808
3692 4473
3378 3698
3700 4517
3713 4974
3726 4189
3728 4422
3439 3741
3744 4953
3747 4307
1464 3753
3758 4734
3763 4441
1926 3765
3774 3925
3777 4447
3778 4194
1890 3780
3781 4435
3179 3783
3785 4172
3764 3788
3789 4938
3793 4302
1830 3805
3812 3945
3815 4620
3816 4728
3825 4637
3838 4599
3843 4994
3844 4854
3675 3851
3849 3854
3875 4730
3878 3888
3887 4153
3897 4953
3730 3911
3913 4948
2374 3923
3933 4563
3939 4582
777 3955
1796 3957
3964 3986
3989 4844
3992 3996
4019 4978
4024 4091
4031 4893
4038 4879
810 4043
4064 4284
3348 4068
3964 4071
1179 4073
3107 4084
3685 4086
4089 4224
3453 4090
4096 4107
4097 4843
2350 4100
3554 4105
3804 4115
4117 4606
4124 4960
4128 4594
4129 4974
4134 4254
4146 4869
4161 4418
4168 4535
2104 4192
4207 4967
4208 4931
4210 4621
4216 4887
4228 4350
4229 4861
4234 4935
3394 4238
3813 4239
4279 4997
720 4281
4304 4947
4309 4476
4313 4589
4314 4781
4325 4889
1641 4327
2297 4328
4335 4693
4340 4758
4334 4343
4237 4351
4359 4683
4368 4546
3754 4370
4385 4680
488 4409
1928 4410
4057 4413
4132 4417
4423 4760
4461 4476
4487 4720
4133 4493
4012 4494
4503 4507
4519 4786
4529 4998
3327 4531
3278 4538
4530 4550
4551 4647
4330 4585
4592 4945
4627 4706
4302 4628
4613 4633
2953 4635
3811 4639
4278 4662
4668 4677
4676 4953
3877 4690
4505 4692
4085 4703
4684 4710
4665 4711
4348 4717
4737 4857
4621 4754
4766 4771
4318 4767
4774 4817
4777 4866
3866 4795
1898 4797
4307 4801
2288 4820
3931 4822
4166 4827
3204 4828
3791 4847
3673 4848
4853 4855
3379 4859
4075 4863
1499 4868
4876 4965
4618 4880
3188 4881
4800 4883
3675 4909
4877 4912
4191 4917
4645 4919
4865 4934
4875 4944
4951 4969
4181 4999
74 2170
79 4587
82 4932
136 4963
212 4897
288 4870
354 4537
448 4997
503 3934
519 4708
526 4996
548 4951
584 4389
663 4654
699 3363
773 4961
827 4536
870 4810
873 4721
874 4701
900 3704
906 3677
929 4289
938 4184
1042 4518
1058 4016
1063 4346
1080 4784
1097 2492
1112 3121
1118 4640
1138 4898
1144 2499
1148 4871
1176 3401
1239 3831
1255 4612
1266 3863
1297 4878
1298 4923
1307 4459
1359 4875
1396 4537
1416 4613
1417 4817
1455 3482
1458 2737
1459 3865
1482 4926
1483 3383
1487 3125
1508 4962
1514 3405
1540 3858
1552 4987
1575 4672
1607 4841
1636 4631
1649 4427
1650 3710
1670 4829
1682 3599
1688 4127
1689 4383
1697 3636
1726 4584
1735 4772
1764 4935
1779 3775
1799 3770
1839 3324
1853 4826
1858 4661
1864 3840
1895 2792
1897 4721
1923 3917
1930 3299
1935 3906
1940 3348
1946 4968
1973 4926
1991 4701
1996 4792
1997 4337
2001 4636
2013 4249
2020 3450
2021 2350
2031 4439
2043 4784
2051 3657
2061 3082
2062 4215
2067 4336
2119 4891
2122 4843
2127 4296
2129 3901
2150 4914
2152 4586
2167 4740
2173 4852
2182 4218
2206 4227
2209 4530
2215 2581
2217 4249
2248 3768
2250 4432
2263 4877
2266 4350
2305 2424
2308 3064
2320 4120
2329 3725
2338 4782
2373 4727
2391 4704
2397 4892
2416 4634
2414 2450
2473 4498
2490 4404
2515 4715
2516 4787
2523 4568
2532 4399
2537 4988
2549 4104
2561 4913
2565 2678
2595 2858
2600 3311
2602 4886
2606 4271
2611 4994
2617 4842
2620 4983
2621 4629
2631 4547
2637 4544
2639 4441
2652 4095
2663 4618
2668 4730
2669 3512
2677 3655
2682 4728
2698 2852
2710 3822
2717 4521
2721 4796
2728 4264
2729 3885
2756 4363
2529 2757
2763 4940
2786 4901
2812 4435
2815 4376
2830 4438
2861 4080
2864 4935
2877 4392
2881 4731
2888 4899
2896 3042
2898 4271
2906 4579
2805 2913
2917 3494
2932 4928
2936 4389
2949 3547
2965 4555
2793 2967
2972 4706
2975 4964
2976 3809
3017 4642
1605 3032
3036 3794
2106 3046
3054 3987
3058 4784
3061 3764
3070 4842
3088 4610
3101 4753
3103 3674
3111 4642
3117 4449
3124 4779
2970 3127
3130 3143
3133 3515
3137 3746
3139 4463
3154 4949
3202 4158
3168 3205
3079 3212
3213 4364
3215 4884
1152 3229
3248 4594
3259 3907
3263 4907
3266 4629
3269 4898
3272 4567
3277 3466
3288 4490
3295 4979
3301 4764
3330 3598
3331 4081
3335 4362
3353 3877
3362 4397
3367 4593
2228 3374
3384 4693
3398 4434
3402 4251
3409 4856
3428 3737
3432 3716
3436 4621
3438 3733
3441 4219
991 3443
3461 4122
3464 4584
1871 3465
3480 4846
3479 3491
3527 4169
3537 4260
3540 3553
3562 3952
3563 4974
3569 4798
3575 4719
3010 3593
3596 4930
3318 3609
3632 4392
3638 4963
3639 3998
3648 4549
3666 4571
3183 3671
3676 4418
3679 4250
3692 3746
3698 4805
3700 4257
3713 4023
3726 4798
3728 4593
3740 3741
3744 4699
3747 4667
3753 4950
3758 4053
3763 4604
3765 3861
3762 3774
3777 3919
3778 4958
3745 3781
2871 3783
3785 3796
3472 3788
3618 3789
1425 3793
3805 3953
3812 4584
3750 3815
931 3816
3825 4427
3838 3935
3843 4986
3844 4138
3851 4713
3468 3854
3875 4971
3878 4001
3885 3887
3890 3897
3911 4983
3913 4536
3923 4291
3939 4930
3955 3972
3957 4614
3986 4786
3989 4517
1162 3996
4019 4893
3522 4024
4031 4898
4038 4997
4043 4864
4064 4648
4068 4092
4071 4523
3592 4073
2681 4084
4086 4271
4089 4191
4090 4093
4096 4513
4097 4104
4100 4345
2431 4105
4115 4290
4117 4623
2880 4124
3518 4128
4129 4330
4134 4515
4146 4922
4161 4974
4168 4532
4192 4674
3625 4207
2801 4208
2323 4210
3799 4216
4228 4255
4149 4229
4238 4262
3168 4239
4279 4499
4281 4870
4304 4611
2934 4309
4313 4938
3873 4314
4327 4497
4328 4467
3998 4335
4334 4340
4343 4862
4351 4693
3357 4359
4368 4974
4370 4879
4385 4929
3800 4410
4369 4413
4417 4548
4423 4685
2834 4461
4487 4765
4493 4677
4494 4613
4503 4861
4519 4573
4529 4936
2802 4531
4538 4577
4550 4915
4551 4704
3731 4585
2467 4592
4614 4627
4271 4628
4632 4633
4520 4635
3211 4639
4065 4662
3873 4668
3880 4676
4290 4690
3024 4692
4686 4703
4670 4710
4549 4711
1881 4717
4718 4737
4754 4991
4330 4766
3151 4767
3622 4774
2265 4777
4795 4814
4797 4812
4801 4888
4820 4994
4452 4822
3731 4827
4082 4828
4724 4847
4848 4948
4308 4853
4614 4859
4851 4863
4868 4921
4013 4876
4852 4880
4360 4881
4779 4883
4685 4909
4912 4916
4831 4917
4632 4919
2885 4934
3522 4944
4492 4969
4372 4999
354 4456
448 4839
938 3684
1042 3990
1063 4930
251 1118
1144 3150
1239 4991
1416 4481
1459 4352
1483 4908
1575 3817
1682 4236
1697 4180
1726 4768
1779 3656
1839 4088
1864 4796
1561 1940
1946 3994
1973 2676
1991 4720
2001 4651
2020 4301
2051 4113
2119 4442
2122 4206
2127 4790
2150 4763
2167 2720
2173 4446
2206 2704
2217 4832
2305 4106
2308 2858
2373 3811
2416 4731
2473 4792
2490 4830
2523 4946
2532 4147
2537 3738
2565 3453
2595 4244
2606 4135
2631 3178
2639 4379
2652 4894
2584 2663
2682 4879
2710 3284
2721 4730
2728 3760
2763 3572
2786 4612
2812 4263
2861 4206
2877 4975
2889 2896
2898 4698
2906 4275
2936 4540
2965 4718
2972 4844
3017 4406
3036 4135
3054 3559
3058 4159
3061 4546
3070 3717
3088 4429
3103 4923
3111 3340
3117 4869
3137 4536
1913 3139
3205 3450
3213 4765
3259 4081
3106 3263
3288 4964
3295 4877
3330 3935
3114 3331
2745 3335
3362 3403
3384 4457
3398 3858
3402 4590
3428 4451
3436 3642
3438 4861
2900 3441
3465 3863
3491 4807
3527 3900
3537 3723
3562 4358
3563 4638
3569 3972
3575 4984
3593 4186
3609 4560
3001 3632
3638 4298
2870 3639
3648 3684
2357 3666
3671 4655
3676 4565
3679 4436
3692 4358
3698 4242
3375 3700
3713 4033
3728 3729
3744 4660
3642 3747
3243 3753
2866 3763
2818 3765
3156 3774
3092 3778
3781 4257
3250 3783
3754 3789
3805 4554
3815 4237
3816 4837
3825 4288
3838 4250
3843 4614
3539 3844
3654 3854
2800 3875
3887 4866
3897 4471
2550 3911
1949 3913
3921 3923
3957 4566
944 3986
3989 4910
3996 4997
3437 4019
4024 4193
4031 4198
3469 4038
2873 4043
3857 4064
4016 4068
4071 4273
801 4084
4086 4948
4090 4094
4096 4302
4097 4634
4100 4242
4044 4105
4117 4631
4124 4957
3932 4129
3048 4146
3206 4161
2732 4168
3270 4192
2607 4207
4210 4214
3284 4216
4145 4228
3568 4229
2800 4239
3934 4279
4281 4802
4309 4685
4313 4910
4314 4960
4327 4345
4335 4572
4340 4680
4343 4364
4270 4351
4359 4581
4368 4658
4370 4970
2613 4385
4410 4577
2364 4413
2691 4417
4423 4512
4461 4950
4474 4487
4243 4493
4494 4807
4503 4560
4519 4729
4374 4529
4386 4531
4538 4975
3941 4550
4339 4551
4162 4592
4514 4627
3339 4628
3604 4633
3357 4635
3370 4639
2441 4662
4668 4671
4676 4685
1927 4690
2358 4692
1139 4703
4479 4710
4131 4711
3279 4717
3122 4737
4754 4910
1375 4766
2454 4767
4534 4774
808 4777
4795 4835
4792 4797
4801 4950
4810 4820
4488 4822
4322 4827
3935 4828
4680 4847
4491 4853
4859 4915
3339 4863
3832 4868
3454 4876
3935 4880
4673 4881
4135 4883
4851 4909
3265 4912
4911 4917
4903 4919
4625 4934
3947 4944
4092 4969
4476 4999
1144 4701
1483 4871
1779 4573
1991 4804
2305 3434
2490 4900
2075 2682
2936 4432
2965 3729
3036 4980
2645 3054
3008 3139
3330 4206
3362 4630
2442 3438
3563 4962
3575 3731
3275 3593
3632 4231
3666 4884
3676 4492
3698 4918
3713 4815
3744 4946
3747 4963
3770 3778
3541 3789
3485 3825
3897 4748
3913 4954
3986 4951
3996 4560
3123 4019
4031 4992
4071 4500
4042 4097
4105 4113
4117 4995
4146 4884
2624 4161
3925 4168
4192 4470
4210 4658
4216 4594
4239 4850
4281 4695
4313 4525
4314 4951
4327 4807
2609 4351
4013 4368
4370 4379
4385 4675
4410 4500
4331 4417
4493 4762
4503 4971
4519 4884
4529 4610
4551 4554
4190 4592
4627 4858
3824 4628
3144 4633
4635 4638
4595 4662
3814 4668
4476 4676
4690 4904
4688 4703
4717 4968
4523 4754
4774 4947
3928 4777
3418 4795
4764 4797
4801 4858
2897 4820
4289 4822
3579 4827
3616 4847
4863 4929
4802 4868
4194 4876
3307 4880
4843 4881
4860 4883
4083 4909
4045 4912
4680 4917
4021 4919
4682 4934
4944 4991
4815 4999
2490 4854
3744 4851
4105 4434
4239 4783
4484 4493
4027 4503
4627 4895
4635 4841
4010 4777
4795 4841
4182 4822
4831 4863
4388 4880
