1126 4324
2441 3585
3823 3833
342 4367
566 4560
2308 2417
3944 4746
501 1897
113 4515
460 4816
2273 3329
1265 4452
4340 4816
2523 4992
387 4407
2117 4434
3184 4797
3078 4995
1728 3760
1926 4407
318 336
1450 4596
2196 3526
2603 2773
3024 4431
3590 3697
2493 3024
4367 4986
3239 4756
1510 2084
3775 4646
2273 3555
631 4418
3418 4994
1697 3110
1010 4028
1410 4706
4074 4515
2191 3823
343 2226
1145 4599
1905 3823
389 3113
2058 4706
2136 4840
1932 2273
2969 3078
3055 4960
2580 2827
3338 3379
3489 4584
2762 4224
303 4165
336 1101
2840 3775
3038 4333
2678 4515
1212 4850
2491 4986
3780 4746
3912 4835
2533 2693
3620 4742
4434 4599
995 4640
1658 1949
2114 2558
4152 4571
2769 3028
1652 4224
3223 4962
123 2058
3105 4966
2608 4431
1241 3144
1145 2147
2812 3756
5 3901
1480 4655
2098 4820
2327 3833
2672 4903
2088 4835
3989 4237
255 3112
4048 4108
3151 3833
1183 3759
2136 4847
2829 3856
1480 4798
4316 4418
123 4612
2196 4136
2545 4986
2802 3912
4324 4981
115 4756
2404 4544
792 3144
1018 4820
468 4995
2608 3935
4446 4981
2195 4903
4421 4431
5 3989
3239 4746
1864 2332
3225 4885
3652 4820
2273 2846
3724 3862
293 4798
4131 4972
1565 2046
1101 4699
2709 4995
1131 2292
4584 4797
4316 4332
3208 4185
316 4508
3028 3329
2547 2969
3775 3988
2255 4307
1015 3640
4185 4777
1810 3329
2854 4711
3139 4599
681 4886
2101 3970
2454 4335
1623 2990
1304 1901
2742 4840
4505 4886
374 3427
1699 4706
98 4646
2718 3247
3108 4903
585 4104
1233 2686
3779 4276
2505 2973
1035 4596
4599 4992
1384 4711
966 4165
159 3100
2340 3850
2840 4169
3892 4972
4655 4827
2238 4384
2533 3590
2422 2608
3421 4661
2839 4224
4017 4886
2420 4421
3110 3665
1791 4053
2151 4599
2879 3883
3655 3779
4446 4684
3139 3299
2523 3925
1652 3989
2383 4478
176 2914
502 4434
1449 4095
2068 4104
2643 2829
2624 4547
2980 3508
735 4960
1771 4560
2404 4874
804 4626
1749 2625
343 3432
1141 4418
1551 4840
1791 4706
2299 4478
1728 3421
1413 4478
2084 4074
1749 4340
3195 4986
3225 4646
2472 3935
343 4777
2916 2992
2417 4696
311 4544
2226 2812
2899 4195
477 4515
4797 4966
1982 3660
600 1810
1884 3991
4237 4986
3299 4508
1085 4131
2084 3970
3181 4960
3697 3941
4332 4994
4245 4544
3944 4054
430 2969
3620 4475
3883 4054
2317 2374
2672 4986
4742 4790
430 4995
1410 4696
4104 4966
1761 3199
2084 3168
3676 4421
2545 4820
1982 4886
2491 4903
355 1266
2649 4769
1627 4165
1771 4885
3091 4384
772 3115
641 2742
2464 3892
1480 2913
99 4407
1627 4367
2226 3759
3091 4497
327 2841
772 3856
3775 4571
516 4131
2879 4505
3239 3883
3489 4797
2631 4994
2829 3115
2390 4195
2525 2812
161 4972
804 4275
4017 4746
867 4885
425 3338
2846 4790
1133 4850
871 1291
4434 4661
1982 4434
1210 2547
2101 3789
2973 3634
211 4742
2329 3620
3035 4181
2545 4702
914 4612
607 4972
962 4054
3165 3970
3697 4131
3772 4827
2883 3901
3847 4584
1156 4734
2229 2387
3464 3876
2528 4827
4452 4679
2846 3555
2080 4878
3127 4886
4152 4475
168 3925
912 4962
2088 4446
1241 2580
3239 4017
1098 2624
1643 2617
2368 2525
2462 4333
1010 2422
4638 4960
4452 4456
355 4926
1043 4972
2068 4966
312 2839
3652 4758
468 2117
1546 4640
3285 4332
4286 4446
2317 3925
2643 3379
3944 4769
1210 4992
1126 4835
889 4737
2393 4820
2672 4975
3421 4995
4335 4850
4340 4847
4684 4702
2731 4646
1986 4986
930 2695
1688 3113
1643 4874
4360 4431
4513 4758
3750 3805
1169 4960
4209 4544
3652 4878
843 4992
1101 3665
516 4407
3489 4966
1130 4769
1644 4797
645 3223
914 1643
3379 3585
1299 4798
2890 4962
4048 4696
1817 4285
2584 3507
327 4224
131 4960
3219 3697
4245 4734
271 4903
2430 3251
132 4276
131 4638
161 4797
1282 3342
2469 4407
3780 4769
4640 4840
3714 4285
1675 3464
4446 4835
2839 3901
2543 3168
188 4878
3847 4104
1599 3338
130 4275
410 3508
757 4981
3675 4340
360 1921
4043 4456
2701 3076
3805 3892
2047 4560
2742 4816
4584 4599
2196 3772
2547 4995
1120 2046
2253 3991
914 4108
2837 3168
4640 4847
468 3925
1131 2114
256 3184
4195 4646
621 3038
1169 3620
775 4777
1771 4333
3714 4903
3805 4966
283 4596
1599 3379
1266 4421
1743 4798
1926 4202
2101 3165
2253 3833
2305 2769
2469 4626
318 3665
3432 3526
123 4706
3652 4513
1743 4655
4711 4962
1163 4497
2773 4431
1130 4497
2631 4332
1658 3555
1652 2762
2181 4975
1131 3285
1292 4797
1771 4181
2227 2743
2390 4960
2580 4187
1210 4661
4182 4332
1644 4972
2080 4711
3432 4827
1810 2846
645 4962
2404 4446
2437 4706
2117 4995
3418 4332
336 3238
1384 2680
3673 3780
1761 3835
441 4679
1644 4626
1683 3247
2204 3892
23 2368
2393 4513
2851 4966
912 4820
4571 4638
3652 4962
2417 4048
2439 4640
1565 3508
3083 4790
3100 4227
1652 3901
1413 4345
1163 4769
4237 4285
724 4360
721 3856
2428 4332
216 4981
3332 4926
2680 4095
2417 3311
3665 4699
1911 4816
2625 4822
4661 4992
266 4505
2374 4995
4245 4286
1362 2525
2769 3555
3760 4992
4505 4769
255 4777
2469 4966
2491 4975
2545 4903
304 3421
1292 4966
2422 4421
1551 4737
2827 4508
1779 4995
2285 4456
3208 4508
3332 4835
2374 3760
4513 4962
703 3590
4478 4737
2852 4646
2437 4048
4885 4960
3724 4711
4360 4981
216 3951
962 4505
2047 4596
2523 4995
2285 3585
2024 4962
4511 4850
724 3640
2439 4737
304 4995
2421 3191
3078 4992
4095 4515
3772 4185
1195 2829
3191 4798
3105 4972
4181 4182
521 4456
2851 4584
3775 4790
2231 4640
1697 1801
2558 4560
2608 2773
1268 4165
3191 4655
4746 4756
2329 4195
4513 4820
192 4769
2852 4169
879 2583
2693 3590
2181 4237
3199 4758
1984 2078
2002 3989
3100 3724
2253 4874
3195 4095
2731 4742
3208 3951
4820 4878
3526 4850
2311 4544
3199 4711
4737 4822
2390 4571
1663 2387
889 2625
360 1884
2387 3991
2033 4209
1619 3208
730 3835
2855 2959
2890 3652
792 4508
1921 3991
4734 4835
3883 4886
838 4596
2525 3756
1546 4737
256 4452
3105 4679
180 1810
976 4307
2393 3139
4513 4702
1761 4995
1235 4699
484 3024
1369 4224
643 4986
98 4797
3311 4696
2340 4367
1599 3856
213 3555
2453 4515
2980 3789
4074 4975
115 4505
4316 4333
283 4994
2742 4737
2841 2883
4798 4850
4054 4505
3620 4646
3805 4275
1085 1493
1233 3508
3038 4316
2969 4992
841 4043
3892 4966
1760 3876
4136 4655
256 3105
784 2794
3427 3779
3195 4975
4028 4431
838 4994
2195 4515
1266 3935
2899 4926
484 2272
29 4711
2693 3697
913 2273
1235 4165
3342 4108
4599 4995
1166 4975
266 4769
4612 4696
302 4195
256 905
3105 3805
1801 3110
2084 2686
2545 4367
3750 4679
3750 4104
2350 4165
3184 4452
3311 4276
2959 4926
430 4434
516 3697
2695 4421
3108 4095
3219 4202
1195 3856
2802 4544
1304 3507
3055 4886
2680 4711
3883 3944
1494 4017
1683 3441
1771 4418
2393 4711
912 4758
4797 4972
2191 2215
3673 4769
4017 4505
113 4986
113 4237
2686 3789
3676 3935
2543 3970
4596 4994
1126 4981
2992 4599
3489 4452
1416 1619
2794 3342
2855 3912
3078 3760
3675 4822
2098 2624
1901 3756
2387 4754
3772 4798
535 4043
828 1321
1884 3151
3676 4431
1494 2311
2383 4840
2829 4456
1480 4827
3620 3988
1410 4048
3780 4679
3835 4599
1683 2502
4275 4679
780 4966
1761 4434
3847 4452
4227 4840
4245 4446
1749 4816
4992 4995
758 4874
2812 3507
4136 4185
1043 4626
1785 3774
2430 3779
1688 3238
3251 4612
2114 4596
3823 4874
1291 3421
4478 4822
2075 2631
105 4286
430 4992
2374 4599
1984 3780
2505 4452
3280 4986
843 4434
3300 4835
2329 4169
900 4960
2117 2147
2078 3660
2439 4340
98 3750
2263 4560
2846 3329
2191 2229
2584 3301
4560 4994
757 4734
2131 4367
2794 4661
2226 3507
2439 4816
4275 4684
3238 4699
4777 4850
1102 2441
4195 4571
4285 4421
607 4966
477 4903
2238 4975
2226 3756
104 4224
2462 4994
1856 2663
2086 4515
1986 4515
2806 4840
3432 4850
1496 3585
724 4431
2117 4599
3379 4043
4571 4790
2743 4345
1449 4769
3225 3620
1683 2663
3342 4612
1551 4640
2461 4224
3108 3195
715 1879
2453 4095
1410 4108
287 3700
467 2229
336 3665
3951 4209
4227 4822
4104 4684
4360 4822
3024 4360
293 4850
4508 4515
2238 4886
188 4962
425 3115
2647 4053
2422 2472
3091 4505
735 3988
2731 2840
4227 4711
3759 3760
2101 2701
2484 3184
360 3833
3223 3225
2437 4612
4095 4285
460 4737
1510 3165
5 2502
829 3113
1098 4711
3774 4340
894 4456
282 4711
1683 4599
3035 4994
3110 4699
498 2699
3583 4131
4136 4827
3941 4131
3760 4048
2583 2608
2292 4182
3280 3850
3489 4972
1183 3507
99 4202
1416 1760
2441 4456
1697 3665
2263 4994
3127 4054
4048 4706
3775 4475
2272 4421
2678 4903
468 2547
3035 3775
3144 4187
1496 3338
3095 4816
3083 3422
2969 4434
4596 4885
3332 3951
3640 4421
3112 4777
2387 3151
3280 4975
4340 4840
2181 4285
645 4547
575 3165
2299 4737
758 2253
1879 2769
1362 3759
105 4981
841 4456
342 4986
2339 4992
843 4995
2731 4790
2837 3165
2879 3780
3833 4754
4053 4706
410 2980
3775 4638
4638 4646
2002 4224
1889 3640
3110 3238
2117 3078
3181 3620
4816 4840
1010 2695
3489 4679
1449 4756
2678 4237
2731 4638
316 3144
2437 3342
327 1683
1949 3329
715 3028
1801 3665
2231 4847
3078 4599
2890 3862
2672 3186
192 4886
3035 4596
1210 4599
3285 4418
2311 4734
3805 4972
3862 4711
4816 4847
2731 3225
3941 4407
3195 4285
2837 2990
4182 4418
867 4332
4646 4742
355 4544
3988 4885
575 2990
2430 4706
879 3935
1282 4276
1926 3774
3083 4960
1286 4962
3912 4360
2773 4421
3697 4407
2404 4981
3091 4746
3421 4335
2317 4661
342 4547
1652 2839
4544 4655
2421 4827
794 4224
2686 3508
4684 4966
327 2002
1018 4962
2339 4434
1195 3585
3652 3862
990 4734
2339 3805
3675 4840
1101 1268
2742 4340
4195 4790
2229 3991
2899 4571
3144 4874
2368 2443
4187 4874
758 2215
3151 4754
2743 4737
3280 4367
2089 4275
2024 4878
104 2883
759 3583
4684 4878
794 2839
1265 4797
3780 4017
2417 4276
3105 4626
2680 4878
3585 4456
2313 4286
1683 4224
1817 2672
4182 4333
4734 4981
4185 4850
3526 3772
312 794
1424 4962
1050 4798
3342 4276
3418 4333
2204 4972
99 2693
3427 4108
641 4345
948 3555
643 4237
1101 2350
1688 3665
2913 4185
3850 4074
831 4847
2461 3989
4095 4986
2136 4345
4136 4798
3774 4202
3338 3585
161 4679
1728 4995
1144 4960
4345 4822
730 4599
4227 4640
2195 4986
2068 3105
2024 4702
1932 2769
1932 2846
2204 3489
4335 4777
2430 4612
1986 4903
2015 2699
404 4505
2263 4182
1133 4655
3332 4209
2374 4992
1212 3944
3038 4182
255 4827
3247 4285
1127 4508
2762 2839
3091 4769
1599 4456
105 3951
123 4053
502 3835
3951 4926
1496 3856
4497 4769
3035 4560
3191 4335
4655 4777
1166 1972
1416 4187
477 4975
1652 3247
2226 3700
3184 4108
976 4043
2493 4028
1743 4185
2806 4816
976 4508
2317 3835
1565 1623
2078 4746
2441 3115
2852 4790
2854 4758
3925 4434
2837 3789
2491 4285
3700 3756
336 4165
355 4835
3660 4769
266 4746
3805 4626
4227 4737
1986 4237
2992 4992
4626 4966
407 4332
2422 4028
2363 2525
4769 4886
2075 4885
176 4962
1986 3850
2525 2699
2854 4547
641 4840
1652 2502
3285 4560
1416 4508
2680 4684
4074 4986
962 4497
2420 3024
502 4995
3583 4202
2709 4661
3300 3912
1644 4275
2762 2841
529 4345
159 4820
3944 4497
913 2769
3247 4975
4181 4333
2647 4612
1864 4131
2046 4367
1127 2255
1599 2404
2505 4104
2253 3151
2678 4975
2678 4560
3083 4195
3906 4981
3432 4777
1183 2363
2329 4960
3991 4475
3427 4612
2215 3991
3634 4756
1400 4360
4684 4711
1730 3508
4742 4960
914 4048
2502 2841
2505 4797
2883 3441
2317 4992
2390 4885
1321 2829
2855 4981
2693 4202
643 4515
3226 3892
113 4903
105 3906
4497 4756
2350 3238
3590 4131
2375 4926
529 4822
159 4962
2084 3508
477 4986
1130 3944
889 4816
1098 4702
1043 4275
792 1084
2731 3775
2196 2913
1369 2663
2151 2916
3526 4185
4136 4850
1424 4820
2543 2980
1400 1419
3208 4187
3226 4966
2417 4612
4840 4847
3655 4276
2439 4847
2390 4475
2959 4734
2015 3756
2181 4367
287 1304
1643 4187
1663 4994
907 2709
3620 4790
4452 4972
1292 2505
430 4790
2695 4431
3151 3991
764 4048
282 4758
715 3329
2528 4777
2299 4822
3184 4684
2617 4874
715 2545
4054 4497
1895 4850
3199 3862
1623 3168
498 2812
2453 4237
2583 2695
1901 2699
3247 4986
2263 3038
168 2317
4333 4994
3640 3676
3675 4816
1075 4972
3714 4515
4384 4746
23 3756
176 4878
3634 4737
2272 3676
111 4790
2453 4975
3115 3338
404 4886
2493 4360
180 600
2404 4456
2299 4847
3285 4596
4185 4511
4276 4696
2946 4640
681 4497
784 3311
1051 4926
501 3660
3970 4475
216 4734
2175 4742
2375 4835
3724 4820
4324 4360
1749 4822
2454 4827
764 4706
715 1658
105 4734
2453 3850
2229 2374
2374 2523
2840 4790
4054 4746
1644 4584
1163 3780
1362 2584
2558 4596
3226 4797
3299 4874
2374 3925
757 4926
467 3151
831 4822
130 1292
4497 4505
1889 4797
2802 4286
4017 4497
2603 3590
4547 4962
23 2443
1675 3779
4195 4638
2114 4418
1663 4596
1419 4431
2080 4227
2533 4508
316 2617
3427 4975
3055 3181
387 4202
425 4456
4187 4307
2462 4182
907 4992
1730 3168
4104 4797
343 4335
2215 4874
2417 4108
1986 4975
3038 4560
29 3652
4790 4885
374 4276
2181 3850
3780 3944
2421 4136
2773 4360
3181 4475
3526 4798
3112 4136
2227 4822
4227 4816
2472 4421
1897 2273
1111 4874
2078 4384
3239 4769
1233 3165
4048 4612
3247 3989
2088 4981
2769 3329
3100 3862
3892 4797
841 1195
2313 4209
1879 3329
3883 4505
2643 4043
2453 4986
2393 3652
2462 3285
3935 4421
3441 4478
4209 4734
3901 4224
4571 4646
913 3555
2253 4754
894 3856
2959 3332
283 3775
1901 3700
2332 3590
1111 4754
2742 4478
1623 3076
3110 4165
343 4511
2272 4431
1384 4820
1145 3835
2505 4626
4475 4790
180 506
1424 2854
1921 2229
4332 4335
4333 4418
641 4816
948 3329
1450 4332
2914 4820
2220 4421
2151 2547
1895 4798
4195 4475
2231 3634
4053 4696
775 4655
3418 4596
838 4181
2680 4962
3247 4903
4626 4777
4822 4840
2204 4679
4152 4960
2701 2837
4209 4324
2855 3951
772 4456
1486 4798
4418 4885
2906 3862
407 4994
1424 4758
2840 3181
3041 3772
115 4769
529 721
3883 4746
976 3856
1362 3756
2339 4995
1266 3640
2914 4702
4360 4544
1921 3151
2024 4820
2649 4384
879 4431
1284 4926
2625 4994
3750 4584
831 3634
2443 4926
2033 4926
1101 4165
3095 4840
735 4571
745 1949
1413 4847
1817 2491
2837 2980
2114 4994
1098 4758
2464 4797
2699 3756
425 2441
2393 4684
1133 4827
2215 2387
161 4104
104 2002
1212 4827
990 4926
2075 4994
2226 2229
4706 4711
2181 4095
966 3110
1195 4456
4074 4237
2308 4612
4547 4820
188 4547
2718 4285
3181 4742
4316 4596
2191 4754
1546 3191
3300 4981
585 3750
1413 4840
3110 3113
2525 3700
3850 4237
3191 4136
1728 4434
3944 4384
404 4746
757 4324
703 4407
2663 2762
1156 4926
3299 4187
4638 4742
1760 2580
1419 4360
4511 4777
2855 4324
2195 4975
2420 4360
1494 4746
498 3700
3991 4754
535 3379
1015 1419
1035 4994
1120 2990
355 4734
832 3697
2428 4994
2854 4962
2229 4874
2226 2699
3620 4638
4152 4638
3421 4434
2946 4840
1493 1864
1921 3823
188 4820
3112 3432
2854 4684
4324 4734
2089 4972
111 4475
1384 4962
2151 4513
2913 4335
3464 4276
111 4742
1144 4152
2879 4886
1905 3833
4152 4790
3912 3951
1895 4827
3108 4975
3951 4734
933 1688
3186 4903
3195 4074
1268 3113
4286 4734
2980 3970
4878 4962
2443 3756
317 4187
1682 4202
2131 4095
2368 2812
3144 3299
2181 4074
621 4333
804 4584
1156 4360
2603 4421
111 4638
4820 4962
2350 4571
1697 3113
2327 3823
3634 4840
2802 4981
1486 4136
457 4972
3151 3823
2533 4202
4478 4847
302 4638
2827 3144
3208 4874
4340 4478
3925 4995
2631 4316
3280 4237
3775 4960
1599 3585
1921 3833
2686 2837
1130 4746
1760 2617
1384 4758
4626 4972
1018 4547
838 4885
3847 4626
2375 4324
2068 4874
4835 4981
517 4960
1810 1897
2339 3421
2916 4995
905 4972
302 4790
3379 3989
990 4835
2147 4992
1675 4706
1643 4508
2973 4640
2906 4962
3127 4756
1510 3508
2617 4187
2743 4847
2890 4820
3300 3906
1982 4505
2879 4384
2058 2430
3055 4195
2015 3301
2837 3970
255 4335
2421 4798
2313 4926
318 4165
575 3970
3091 4886
3342 3427
2709 4434
2643 4456
2806 4340
735 4646
2033 3912
1019 2350
4367 4515
794 2461
1424 4227
2464 4275
2890 4684
4335 4798
2437 4699
502 4992
4335 4655
2839 2841
4074 4095
1085 3697
1195 3338
566 4994
2340 4903
2709 3925
990 4981
3055 4790
2024 4758
2046 3970
2649 3673
355 4286
2227 4847
3223 4878
1889 4275
2946 4227
2839 3247
2089 4452
3225 4960
3225 4571
4345 4840
1884 3833
600 3028
1972 4986
2493 3676
2002 2883
2624 2906
4655 4798
4475 4742
764 3464
2973 4737
1627 3850
407 4181
2441 4043
2812 3759
283 4638
2583 3640
2238 4769
1810 4345
2906 4513
2701 2990
1884 4874
3251 3655
1879 1949
3379 3856
1043 2469
894 4043
1743 3772
3944 4505
2191 3991
4452 4966
3951 4286
703 3941
1493 4407
2906 4758
1480 4511
158 4508
1982 4017
2033 4981
303 3113
1663 4885
1884 4754
2855 4544
2709 4992
1010 4421
1682 2299
3219 3941
2299 4816
2047 4182
2484 4275
3300 4245
2055 4820
758 3991
2299 4340
2231 4822
600 1658
2015 3759
976 4187
1644 4452
3311 3464
3951 4360
2505 4684
1075 4966
3805 4584
2794 4048
3508 3970
2742 4847
4209 4446
4245 4797
3100 4820
4202 4407
3181 4169
831 4478
2078 3673
3507 3700
4169 4742
3779 4706
2583 4421
1986 2131
168 4992
962 4769
3108 3280
1362 2812
1619 3139
843 4661
3714 4986
794 3989
871 4992
2851 4684
2089 4584
4181 4994
1127 4307
23 3759
1133 4136
1019 4165
1127 1643
2086 4986
3634 4798
271 4975
1102 4456
3876 4874
3756 3759
2718 4367
3988 4195
828 3338
1688 4165
2946 4340
622 3526
2545 4962
4638 4790
900 4790
4513 4711
831 4340
1699 3655
1623 3789
2990 3970
3422 4885
1619 3144
2946 4816
1982 4769
4584 4684
2332 4407
1675 1699
2375 4286
3195 3850
2420 4431
1627 4515
3660 4886
4790 4960
2220 2773
425 2285
829 3665
4332 4885
4335 4827
2525 3507
2195 3280
1546 4816
1761 3760
3191 3772
2461 2762
441 4185
2439 4345
2647 4276
1879 3555
2387 3823
1098 4878
2773 3935
3590 4407
3883 4769
4182 4596
1075 4626
1384 4227
1682 4131
3750 3847
3991 4874
4756 4886
2227 4816
3186 4975
529 4640
2946 4478
2762 3989
2227 2806
3091 4054
2272 2472
3226 4626
3675 4986
4152 4742
498 3301
4209 4926
907 4995
4227 4478
2855 4734
2913 4136
2387 4874
4187 4508
2080 4962
2313 2375
3422 4475
4285 4903
4340 4345
4286 4544
2147 4599
3660 4505
962 4746
4152 4885
3655 4048
1856 2762
1156 4835
2454 3112
2285 2686
930 3640
3944 4017
1901 2015
2718 3489
4684 4820
4903 4975
2002 2841
3105 3226
1449 4886
2464 3750
1035 2075
645 3862
3675 4095
621 4596
1984 3944
2086 4975
2678 4074
271 4986
3634 4340
2980 3165
4324 4544
501 3028
2220 4431
4746 4886
192 4756
3441 4224
1018 4758
3280 4285
4227 4340
3673 4384
2078 4505
1728 3835
1212 4798
1982 4384
1145 4434
4679 4972
1699 4276
585 4797
2375 4446
3083 3988
2914 3724
2841 4756
2914 4962
2339 3760
1010 4360
2916 4661
3342 4706
4307 4874
598 2272
4544 4926
2829 4043
4544 4835
871 4661
3883 4497
1304 2226
792 1127
1282 3464
4181 4418
4475 4646
410 3970
1126 4734
3883 4756
2695 4028
2545 4878
1141 4333
4324 4446
4475 4960
1642 4840
1884 2175
3526 4777
1241 3422
535 1599
2906 4820
3041 4850
2329 4475
168 3760
2220 4028
2272 2493
2272 2583
1563 3418
2883 4224
758 3823
3421 4992
2339 4661
4245 4835
643 4095
3055 4742
4571 4742
1338 3883
3076 3970
4276 4612
2718 4903
1369 2502
1480 2196
99 3583
2472 3676
966 4699
643 4903
1619 4874
2195 4960
180 2769
1266 2420
2305 2846
3100 4711
3935 4028
4053 4108
1551 4822
4169 4475
404 4054
1019 4699
622 4185
3251 4706
759 1926
2678 4095
2469 3805
1563 4182
3139 3876
2421 4655
4043 4798
721 4043
2374 4661
914 3655
3208 4777
2181 4986
3774 3941
2047 3038
4169 4646
1400 3935
930 3676
2580 3139
4452 4584
1864 4202
2906 3100
3772 4136
4702 4758
4209 4245
2033 4835
3083 4885
4560 4596
4054 4769
1972 2545
829 4165
3113 3238
2299 4640
758 3833
2663 3989
3912 4981
1400 4431
1642 4345
4108 4696
3108 4986
3507 3756
266 4756
3251 3427
4245 4966
2680 3862
2181 2231
4285 4367
4324 4926
2547 4661
287 2812
3847 4972
4702 4878
2846 3028
3223 4758
828 841
715 3555
621 3035
2101 2686
3675 4903
4048 4053
2263 4333
2663 3901
1085 2693
879 3756
2340 4285
3464 3779
1413 4816
2383 4345
1779 1895
4276 4706
3035 4333
600 1879
467 3991
871 3862
3076 3508
2443 3507
1450 2718
3724 4878
2647 4706
2906 3199
387 3583
4209 4835
1697 3238
3095 4737
930 4431
1730 2543
1932 1949
2603 4431
3100 4684
913 1810
1369 3901
2253 3823
2802 3332
681 4746
457 4797
1749 4478
2238 4746
3195 4903
2117 4992
2313 3300
4646 4790
1926 3941
3724 4547
1050 4655
1546 4840
3780 3883
4640 4737
1015 2608
4475 4571
506 1658
3750 4966
4152 4646
1131 4706
2992 3421
4885 4994
3151 4874
1461 4995
4742 4885
2417 4053
4053 4612
1413 4640
900 4152
1905 3991
1369 3989
1791 3427
3418 4560
283 4182
2437 3464
4028 4152
529 4840
1141 2292
2802 4835
3779 4108
2854 3100
759 4407
1644 4966
282 4962
4209 4981
4816 4822
1362 3507
3779 4048
1801 4165
1299 1480
2420 2583
1043 4797
4195 4960
3760 4995
1284 4324
1663 4333
4237 4903
2647 3311
4497 4886
1675 3311
4285 4975
1856 3901
2946 3108
3876 4508
631 4560
2114 4316
2686 3168
3862 4758
2462 4596
730 4995
1563 4333
2558 4886
2899 4790
2649 3944
2393 4758
1085 3590
3076 4584
1856 4224
2147 4995
2806 4822
2528 3526
804 4972
360 2215
2196 3208
2879 4756
115 4746
3219 3774
131 2840
4446 4544
1338 4769
2840 4646
2469 4972
2464 3847
3772 4655
2317 4434
3078 4886
990 2852
303 3665
3675 4285
1400 2695
3989 4224
4316 4560
1565 2837
1546 4345
410 1730
1266 2695
2329 4571
4152 4684
900 3988
2491 2678
4104 4452
1102 4043
176 3199
2393 3199
2718 4515
2332 4202
2973 4478
4384 4505
2959 4544
1643 3299
4335 4511
468 4992
271 2332
1010 2493
1982 4746
3055 4646
2175 3833
4345 4847
1642 4640
2973 4847
3422 4646
1761 4661
1299 4850
3078 4434
914 3427
3856 4043
2558 3285
3835 4661
517 4742
631 4994
2390 4169
4286 4324
3186 4074
104 2841
2047 2428
317 4508
2311 4835
3620 4960
933 3665
287 3759
2899 4152
4367 4903
387 3590
3660 3883
1133 4777
516 3583
1761 4992
1268 3665
1156 4446
4285 4986
2969 4599
3835 4992
4108 4276
1895 4992
995 4547
2663 4224
2973 4840
4497 4746
4702 4820
2421 3772
4972 4992
2191 4874
784 4053
1133 3112
3144 4508
1682 3583
1494 4769
3112 4827
889 4822
4702 4711
3332 4544
158 4187
3652 4711
3925 4661
2580 3299
2191 3833
3583 3941
1480 4777
4316 4994
457 3184
2453 3108
158 3876
2625 4640
1292 4104
502 4599
2175 4754
1563 4885
2175 3823
131 4885
484 2583
302 4960
3332 4981
2802 4926
4638 4711
2375 3906
2454 4798
506 600
724 2583
3028 3555
3311 4706
2990 3076
4340 4737
159 3724
3912 4926
2462 3038
2299 4840
266 4886
3035 4316
2175 4874
3280 4903
2469 4452
2533 2603
304 4599
3186 4986
1889 4626
1265 4245
2580 4874
2946 4822
4104 4584
3780 4886
293 4827
457 4626
1551 4847
871 4995
2603 3941
3675 4975
948 3028
775 4850
871 2969
3772 4335
3421 4599
1546 4822
2625 4737
460 4847
3862 4962
316 2827
3640 4028
1084 4508
2147 4661
2327 4227
132 4108
3165 3789
2528 3432
1619 2580
3760 4434
1450 4994
2101 3508
2229 3823
3862 4684
784 4706
2913 4850
1450 4885
1911 4847
4696 4706
441 4335
2899 4960
2136 4640
2718 3186
1494 4384
2390 4638
3833 4874
3655 4108
976 4456
3714 3850
4048 4475
158 4874
1658 2769
2285 2441
2421 4850
3091 3944
3862 4820
2332 3583
764 4612
2421 3823
3772 4511
3139 4874
2068 3489
2175 3151
1163 4384
2672 2678
2794 4696
3127 4384
907 4661
1565 2543
1563 4316
2454 2762
2806 4478
1749 4345
2255 4187
498 3759
1760 4307
2695 3640
425 535
1926 4131
4360 4446
2292 4316
317 3139
2136 4822
3219 4407
425 2617
1163 3091
3779 4696
804 3847
2603 3697
1810 1932
2528 4655
4237 4975
3988 4638
2263 4418
1623 3508
4316 4885
2969 3835
4655 4850
502 907
4544 4734
2404 4734
3862 4702
3665 4165
457 4758
2806 4847
2136 2383
387 4181
1291 4992
3112 4798
3489 3750
784 4276
2841 3989
4360 4421
2742 3700
2313 4544
3660 4756
3988 4790
2368 3700
1102 2404
303 4926
1785 2693
2743 4822
1084 3144
2375 3652
4108 4612
3660 4497
832 4202
3311 3655
933 1019
4599 4661
3191 4850
2840 4638
1749 4847
3675 4737
2464 3226
867 4640
2313 4981
2238 3944
3634 4816
4181 4560
1241 4508
2332 3219
3422 4571
216 4926
2543 3789
1779 3760
2131 4986
132 4612
4095 4367
2332 4131
4511 4655
2420 4028
681 4017
2340 4515
730 2992
2969 4661
312 4224
1810 2273
1683 3989
2055 4962
995 4847
3750 4452
2231 2946
3078 3925
3441 3989
775 4798
2311 4286
3219 4131
2220 2603
1949 3555
1156 4286
2680 2890
4054 4756
4182 4994
441 4798
4169 4885
311 3912
3850 4975
4360 4926
311 4981
1486 4655
2643 4505
115 4886
4418 4994
3640 3935
3724 4962
2430 4053
1743 2841
913 1949
302 4571
3247 3901
622 4335
1565 2701
3780 4054
3078 3835
3223 3724
2973 4816
336 3110
2742 4345
374 4706
123 4276
1266 4431
1901 2363
316 4661
2308 4053
2068 4626
1817 4515
841 3238
271 4367
1450 4316
3139 4187
4418 4560
2383 4822
995 4345
2701 3789
2024 3862
3847 4966
2231 4840
3427 3464
311 4835
735 4790
1416 4307
3251 4505
1130 4756
2422 3676
2131 4074
2393 4547
3585 4043
2624 2914
3332 4286
1486 2454
4245 4626
130 4966
1771 4994
2368 2584
4756 4769
2852 4571
1299 4335
1413 4822
132 4706
645 4513
3912 4209
4547 4711
3112 4335
4515 4975
3847 4245
4286 4835
404 4756
1905 2175
1972 4285
962 4384
2311 3300
3507 3759
1895 3760
1338 4746
2472 4028
2543 3076
1450 4182
3780 4756
1051 4835
2806 4640
2649 4746
867 4994
4332 4596
3780 4497
467 3823
4275 4972
3112 4850
389 4699
1921 4874
2263 4332
2547 4434
4181 4596
1241 3876
4478 4835
1133 4335
3035 4332
621 4560
2837 3076
1085 4407
2851 3805
3750 4972
2829 3338
3091 4756
828 3379
1304 2015
2285 2829
1292 4972
2422 4431
1384 3199
1921 4754
2580 4508
4104 4626
3892 4452
2075 4316
900 4638
832 4407
1682 4407
3329 4885
3772 4850
4758 4962
1169 4646
2914 3199
1338 4384
3634 4847
3835 4434
948 2273
2528 4850
828 4456
4661 4995
3660 4017
1563 4994
3634 4478
3850 4285
2980 3168
831 4840
1905 4874
2672 4515
2339 2709
843 4599
303 3238
5 4224
2649 4756
1972 4975
3219 4746
4333 4596
529 4847
4360 4835
1761 2147
724 3935
1682 3941
3184 4104
3951 4446
4827 4850
2464 4972
318 389
1126 4209
1019 3113
2762 3901
460 4822
2204 4966
2852 3775
4975 4986
4209 4360
4612 4903
2375 4544
804 4966
2086 4285
3464 4108
734 4835
4340 4822
4926 4981
2443 2812
1663 4332
304 4992
521 4043
4777 4798
1730 3970
3041 4798
3299 3876
318 1101
3432 4655
98 4966
2098 4684
468 4661
730 4992
1338 4886
2558 4418
2913 4827
3432 4798
575 2686
2472 3024
312 3989
3035 4418
311 4926
2292 4332
1075 4797
3181 4195
3342 3655
2827 3139
99 1493
4104 4275
894 3338
2046 2686
2851 3847
3700 3759
1864 3941
2794 3779
2227 4478
3238 4165
2227 4840
1416 3299
1779 4434
2308 3655
2583 3935
2992 4995
4275 4452
355 4981
2441 3338
176 4758
1304 2584
360 4754
1494 4756
2350 3665
1496 4456
374 4696
2505 4245
3338 3856
3925 4599
745 1897
794 3115
3988 4169
3988 4742
2525 3759
1801 3238
1449 3673
2505 4966
2033 2959
2584 4885
2454 4596
407 2558
2584 3700
3675 4640
3847 3892
995 4822
3988 4152
2368 3507
2033 4446
1131 2075
1183 3700
3714 4975
2441 3379
1233 3076
2033 4324
2841 3901
1801 4699
2580 2617
4054 4886
1131 4316
2439 3634
4646 4885
2238 3883
4758 4878
1730 3789
1321 3115
1889 4584
2545 3862
4286 4926
374 764
3113 4699
23 2015
3906 4777
1284 3912
3850 4903
2181 4903
1120 2701
3285 4994
2383 4737
4384 4497
467 2191
759 4131
2047 4994
457 2469
1563 4418
2969 4995
1120 3970
2305 3028
3835 4995
1895 4995
1627 4986
1905 2387
3583 3590
389 4165
1141 2263
2215 4754
2624 4711
4074 4367
3912 4734
1791 4276
3239 4886
3464 4612
4053 4276
4544 4981
2443 2699
631 4316
501 3329
4131 4407
211 4475
1321 4043
2502 2839
3083 4475
990 4286
2443 2584
2046 2084
1130 4886
2439 4840
1098 4962
2852 4960
3422 4742
838 4777
2231 4816
3941 4202
730 3421
2647 3427
703 2806
585 4452
1084 2617
1183 2015
1791 2058
1210 2002
2491 4515
4275 4584
2151 4992
828 4043
879 2420
1127 1644
2890 4711
2558 4994
3055 4885
3944 4886
3432 4511
389 2350
2313 4734
192 4746
4515 4903
3226 4972
2545 4975
4505 4746
780 4972
794 2883
2547 3835
410 2046
735 4152
4345 4737
1972 2195
4584 4679
3526 4827
2046 3076
3714 4367
4734 4926
2617 4508
1286 3652
1619 4508
933 4165
2101 3168
1015 2422
180 948
1901 3759
1235 2350
2078 4886
3988 4960
838 4418
3432 3912
1084 4187
1144 4790
1018 3724
460 4840
3127 3673
3508 3789
3186 4237
4986 4992
1410 4053
2340 3247
3300 3951
266 3673
1163 4886
1169 3775
4511 4827
1166 4986
4169 4638
641 4640
529 3634
4185 4798
1233 3168
3280 4515
2196 4798
2625 4840
293 4335
2992 4661
3115 3585
4185 4655
889 4840
2430 4696
1926 3219
4345 4478
607 4679
3115 4043
4584 4972
3311 3779
2136 4816
4169 4195
4169 4790
1623 3970
4245 4926
2914 4547
4505 4756
3238 3665
831 4640
2649 4886
3988 4571
1102 1195
2047 4316
1299 4777
3655 4053
3673 4017
2624 4820
1410 3464
3285 4316
2292 4596
3856 4456
506 1897
1972 4903
2647 3342
130 4452
498 3756
2462 4181
3115 4456
2709 4599
3038 4994
2709 3421
4017 4756
2255 4508
2131 4975
2024 2055
132 4053
2238 3673
3300 4734
2693 4131
2505 3226
3780 4384
867 4960
1897 3555
3590 4202
2827 3299
2089 2204
4835 4926
1817 4986
4560 4885
517 4885
2255 4679
2204 4684
1486 3772
1265 4104
3464 4696
3634 4822
912 2890
2505 3489
3225 3775
3673 3883
4074 4903
4286 4981
1291 4995
192 4497
907 4599
3226 4452
3299 4307
2068 4584
2339 2992
3850 4986
4746 4769
1663 4316
2055 4505
1642 4847
1627 4903
4737 4840
3988 4646
4048 4276
23 1292
2472 4431
2229 3833
1494 4886
1791 4612
3422 4169
3585 3856
213 4962
4452 4684
131 4742
3805 3823
3055 4475
1884 1905
4508 4874
995 4737
1419 3676
3935 4431
2854 4820
3760 4661
1449 4497
2584 3756
1642 4822
867 4571
3127 4505
4758 4820
1879 2846
2375 4981
2543 2701
4822 4847
1018 3100
2533 3219
2973 4822
3660 3780
29 4962
3655 4706
343 4827
2693 4407
407 4560
3823 3991
2699 3301
1419 2472
213 4513
3906 4734
2084 3789
1410 2272
2238 4497
2461 2839
2672 3675
460 4478
3823 4754
2227 4737
3332 4734
2272 4028
3083 3181
3673 4746
1210 3925
4640 4822
506 948
2899 4646
1015 4028
1551 4340
3127 3883
1241 4307
4684 4972
2428 4182
3226 4104
159 4758
2855 4926
130 4972
1286 4758
4182 4316
2461 3247
1551 4816
4571 4960
1658 3028
2693 3941
894 1282
1493 4131
1889 4966
1565 3789
327 3441
2528 4136
4384 4886
2827 3876
2340 4975
2603 3676
256 4972
3076 3789
2913 4798
1282 4612
3083 4742
130 4816
387 4131
4275 4966
2773 3676
2959 4981
2959 4286
360 4874
2502 4224
2913 4655
3676 4028
3944 4756
841 3856
4227 4702
566 2631
4245 4584
631 4332
1400 2773
1932 3555
838 2631
1050 4827
1141 4181
3673 4497
3422 4790
5 2841
2890 4878
3906 4835
1268 3110
3673 4756
4324 4835
607 4926
4679 4797
4684 4962
4777 4827
900 4571
1126 4926
1424 3223
2906 4702
4446 4734
1384 1905
1212 4185
894 2285
721 4456
3127 4746
2080 4820
3186 4367
2959 4835
1688 4699
2543 2686
1449 4746
1546 4847
2417 4706
1496 2285
2080 3199
1291 4661
2136 4737
3184 3892
2643 3115
1984 4886
2195 3186
1728 4992
2624 4758
4307 4508
1183 2226
318 2350
1015 3676
1791 3251
3697 4202
283 4742
1510 2101
2852 4475
2879 4017
2879 3660
410 3789
3526 4335
2220 2422
3184 4972
3775 4742
2253 2327
1785 3697
3464 4706
1144 4742
2068 2484
104 3989
2055 4711
2263 4181
2484 4966
2840 4960
3076 3168
1035 4560
3379 4456
4275 4626
2390 4790
1419 2024
2339 4599
2743 2946
123 4048
2421 4777
98 4972
2393 4962
3724 4758
1897 1932
1284 4544
3208 4655
516 4202
130 4797
1144 4638
2806 4345
3750 4797
1419 3935
1131 4994
1169 4638
3774 4407
4195 4885
3041 4136
2175 3991
2461 2883
3186 4095
4165 4699
703 3583
4798 4827
216 4446
3427 4706
3634 4227
3925 4992
2131 4903
2649 4505
792 2255
2649 3660
4095 4975
4136 4777
3095 4640
734 4926
1284 4981
4185 4874
2663 2883
1494 4505
2220 3508
1169 4742
1565 3165
4017 4384
3655 4696
99 3219
132 3779
905 2464
1369 3441
2098 4962
1949 2846
2743 4840
1743 4511
3100 4962
1682 1926
995 4816
2742 4640
3038 4332
1984 4384
3024 4421
1127 4187
1627 4975
3091 4017
4737 4816
2631 4596
3311 4108
2839 3441
1486 4850
3912 4544
1169 3988
1183 3756
2647 3779
2990 3168
1156 4981
2220 4360
907 3760
304 3078
3076 3165
2151 3925
2311 4981
2718 4986
1235 3238
2317 4995
2420 3640
3329 3555
3300 4209
3108 4515
4332 4560
4684 4797
828 3655
4245 4679
1461 4434
1321 2969
4711 4820
1286 4711
1675 4612
131 4790
2327 4874
2608 4421
3660 4384
407 4182
598 4431
2916 3835
1643 1760
2088 4926
3139 4508
930 2220
430 3925
3675 4478
3892 4275
1496 4043
1075 3892
3660 4054
2114 2631
255 4850
2802 3906
792 4187
804 1265
1682 3697
2663 2841
933 1268
2220 3935
161 3805
1043 3892
2794 4706
1015 4421
2678 4986
2854 2890
2195 2491
2285 3856
3191 3432
3675 4237
4185 4827
1493 4202
2227 4640
912 4878
2914 3652
3300 4446
1785 4407
517 4638
2827 4874
1642 4478
3640 4360
1510 3083
1699 2794
1864 2603
2769 2846
1304 3759
3139 3208
1212 4655
1911 4640
1642 4737
1424 4711
759 1785
1144 3988
1984 4054
2558 4332
2191 2253
841 3585
2502 3901
745 3555
2686 3970
4333 4560
1879 3028
1675 2292
2196 4777
3105 4797
2584 2699
2806 4737
2533 4131
2080 4758
467 4754
721 3379
1265 4966
2151 4995
2255 2617
180 3028
535 4456
3620 4571
575 3789
2992 3925
1098 4820
3673 4886
2879 4746
517 4195
2285 3115
1369 2461
168 4995
2421 4185
1699 4108
2649 4017
2680 4820
2718 4975
4108 4706
521 1321
2914 4513
1292 3805
2906 4711
441 3432
521 3379
3225 4790
3311 4612
643 4975
894 3585
4547 4758
3184 4584
1911 4737
4584 4966
1760 3139
2151 3421
1905 4754
734 4981
1984 4756
2802 3951
2292 4994
930 2773
1697 4699
168 4661
2329 4646
3083 4638
867 4981
2078 4054
521 3856
2699 3700
843 3925
1817 4975
2195 4237
2625 4478
4547 4878
1496 3379
4903 4986
622 4850
1141 4994
2625 4847
2879 4497
4095 4237
4478 4816
889 4847
3225 4195
3300 4926
1233 2980
1050 4850
2117 3760
3181 4152
477 4095
2493 3935
1889 4452
2215 3833
3024 3676
302 1932
3301 3507
1035 4181
1688 1697
2439 4822
2533 4407
4227 4847
4434 4995
506 2273
3951 4981
188 4758
598 3024
1111 3991
29 4758
211 4152
374 4612
2080 4684
2404 3856
3724 4702
3652 4227
1486 4777
2046 3789
2332 3941
4332 4418
4169 4960
4104 4972
1321 4456
2840 4475
3247 4224
158 3144
256 4626
1265 3489
2311 4926
962 4886
2387 3833
2390 4742
2454 3041
1050 3526
1120 3165
2624 4962
2802 4734
113 4975
2879 4769
2617 2827
3750 4626
2533 3941
4095 4903
484 4421
4227 4820
104 3901
1163 4756
2313 4324
3035 3038
1864 3590
2058 3427
621 4885
1743 4827
2855 4835
681 4769
912 3199
3280 4074
4847 4992
1419 2493
2484 4797
2743 4340
2002 3901
3652 4684
161 4966
3847 4275
2678 4285
1699 4612
2317 2709
2493 2608
933 1801
1760 4187
312 3901
2215 3823
2363 3700
2743 4816
271 4515
4737 4847
995 4840
2263 4992
2890 4513
115 1984
4711 4758
3285 4333
4054 4384
3219 3583
2647 4048
2311 3951
2368 3759
1400 4028
2701 3970
2430 4276
3095 4822
3724 4684
1210 4995
913 3329
3847 4684
4571 4885
2523 2992
188 4513
2443 3700
3127 4769
828 2829
3113 4165
4515 4986
2528 3112
2608 3640
3191 4185
607 4797
1895 4335
2672 4074
4626 4684
2204 4797
2313 4994
2327 3991
2464 4626
879 4028
2340 4986
4640 4816
1972 3186
2973 4345
1663 4181
4511 4798
477 3195
566 4418
4679 4966
2794 4108
1212 2913
2491 3108
3095 4847
441 1743
1743 4777
2084 2837
4195 4742
2453 4903
1901 2368
2533 3774
3108 4285
3750 4275
4384 4769
1889 4972
113 2528
2068 3892
2731 4169
1416 4874
3301 3756
4626 4679
2311 4446
3342 4053
211 4960
721 1102
1284 4446
1449 4505
1728 4599
484 4028
2461 3901
2058 2794
3127 4497
2454 4850
2024 4711
1493 3590
2851 2855
4827 4840
2058 3779
3422 4152
784 4108
517 3422
566 4596
2231 4478
607 4626
2383 4340
2238 4756
2852 3055
2547 4992
990 4324
2680 4758
2383 4816
4152 4169
703 1864
3583 3697
2350 4699
2383 2973
4446 4926
2196 4850
3191 4827
2089 4966
2292 4560
3912 4324
1050 4777
3655 4612
4345 4640
3199 4962
2047 4885
575 1120
3225 4169
2631 4333
4702 4962
2854 4227
1010 3024
1051 4286
1145 4661
4367 4975
780 4584
879 3640
914 4706
2946 3634
1749 4737
1144 4475
2852 3620
2329 4742
3195 4367
3675 4847
2058 3342
457 4966
2151 4661
1932 2305
521 3585
2852 4742
3422 4960
2469 3847
2980 2990
2255 4874
1145 4992
2114 4182
4245 4972
213 4711
3083 4646
1785 4202
2914 4711
2454 4185
4345 4816
2329 4638
2794 4612
29 4820
1299 4827
1817 4903
3024 4028
3191 4777
1241 2255
905 4966
5 2461
1675 4048
317 1416
2430 3427
2631 3035
4237 4367
622 775
3951 4544
316 3299
2883 3989
4224 4754
2428 4418
2491 3850
2002 2502
4478 4840
3208 4850
1338 4497
3892 4626
2493 4421
2827 4307
1075 4245
4245 4981
1461 4992
4227 4758
287 3507
1982 4756
2840 4571
111 4960
4878 4966
211 4790
1779 4992
1779 4599
930 4421
1730 2990
2469 4797
2625 4340
2916 4992
5 557
23 4445
29 4162
98 102
99 4113
104 928
105 4846
111 3328
113 4977
115 3396
123 175
131 2566
132 3973
158 4855
159 3587
161 2040
168 3447
176 4832
180 4572
188 4305
192 4410
211 4021
213 4979
216 4021
255 4917
256 2093
266 4781
282 4138
283 4949
287 1367
293 4396
302 4839
303 3558
304 4620
311 3632
312 3672
316 3920
157 317
318 2674
327 2642
336 2670
342 3844
343 4281
360 4648
387 801
389 4788
404 3283
79 407
410 2069
430 654
441 3361
460 1422
467 2834
468 4411
477 4279
476 484
498 4838
501 1826
502 1537
506 3307
516 4967
244 517
521 4525
58 535
566 4728
585 4610
598 4985
600 4803
607 4021
621 3950
622 4433
631 1242
136 641
643 3196
645 1405
681 3931
703 4491
715 4980
721 3077
724 4980
730 4725
734 4908
735 4409
745 4715
757 4753
758 4498
759 2908
764 4806
772 4201
775 4881
780 4943
784 3547
561 792
794 4811
804 4139
829 3377
831 2538
832 4430
838 4771
841 2490
843 4814
867 4925
871 3443
879 4887
889 3943
894 2797
900 1819
905 4645
907 2200
912 2733
913 4824
914 4296
930 4149
933 4964
948 3479
962 4836
966 4825
976 2936
55 990
1010 4818
1015 4788
1018 4842
542 1019
1035 3723
1043 4911
1050 2416
1051 4801
1075 2907
1084 2415
1085 3426
576 1098
1101 2982
1102 4664
1111 2230
1120 2658
1126 3455
1127 4868
1130 3051
1131 4836
1133 4662
1141 2319
1144 3246
678 1145
89 1156
1163 2730
1166 3821
1169 4999
1183 4753
1195 2813
1210 3039
1212 2772
1233 3375
1235 4628
1241 1894
1265 4773
1266 4670
1268 3957
1282 3031
1065 1284
1286 4021
1291 4683
1299 4396
1304 4667
1321 4232
1338 4503
1362 4380
1369 4683
1384 4080
1400 4339
1410 2182
1413 4689
1416 3560
1424 4553
1450 4804
1461 4610
1480 4483
1486 2685
1493 2581
1494 4601
1510 4098
187 1546
1551 3073
1563 4436
1565 4499
429 1599
1619 4605
1247 1623
1627 1631
1162 1642
739 1643
1644 4911
1652 4697
1658 3597
1663 4728
1675 4551
1682 4970
1683 4213
1688 3937
1697 3859
1699 4123
1728 2025
1730 2414
1749 4799
1761 4813
1771 4804
1779 4618
1785 2691
604 1791
1041 1801
1810 2217
1817 4783
1856 4844
1864 4517
1879 2745
1884 3896
1889 4945
1895 2034
767 1897
290 1901
1905 4689
1911 4768
1921 4755
1926 4958
1932 4251
1949 4786
1972 4647
1152 1982
1984 2573
1986 4821
2002 3888
2015 4683
2024 4846
2033 4909
2046 4383
2047 4965
2055 4337
2058 4401
2068 4978
2075 4804
2078 4449
2080 4339
2084 4201
2086 4215
2088 4423
2089 4541
1129 2098
2101 2163
2114 4233
2117 3957
1701 2131
2136 4543
2147 4618
2151 4320
2175 4391
2181 4830
2191 4413
469 2195
2196 3826
2204 4484
1426 2215
1722 2220
2226 4101
1657 2227
1391 2229
2231 4747
2238 3010
2253 4247
2255 4496
2272 4083
2273 4400
1860 2285
1633 2292
2299 4358
2305 4924
2308 4713
2311 2314
2313 4965
2317 4854
2327 4590
2329 2585
2332 4274
1186 2339
2340 4821
2350 4647
2052 2363
2368 4883
708 2374
2375 2928
2383 4649
2387 3405
2390 4907
823 2393
2404 4744
2417 4977
2420 3819
2421 3817
2422 4901
2428 4570
2430 4556
2437 4532
1516 2439
2441 4027
1567 2443
1572 2453
2454 4518
809 2461
2462 4406
2464 3907
2469 4395
2472 4667
2484 4394
2491 4580
2493 3656
2502 4682
2505 4913
2523 4707
665 2525
2528 4791
2356 2533
2543 3310
1981 2545
2178 2547
2558 4804
2580 3312
2583 3976
2584 4998
2603 3633
2608 2917
2617 4989
2622 2624
2625 4212
2631 4918
358 2643
2647 4287
2649 4974
2663 3518
30 2672
2680 3566
2693 4078
2695 3517
2699 3413
2701 4383
2709 4681
2718 4821
2731 3903
1608 2742
2743 3657
487 2762
2769 2771
1123 2773
2287 2794
2802 3276
2806 4675
2812 3949
2427 2827
2829 4356
2837 3586
2839 3047
2840 2933
2846 4206
1841 2851
1888 2852
2854 3011
2855 4334
2879 4174
2883 4938
2508 2890
2899 4268
2906 4846
2913 4318
2914 4486
2916 4856
2946 4741
2959 3103
2100 2969
2973 3801
572 2980
2990 4821
2992 3611
2817 3024
1399 3028
3035 4676
3038 4867
3041 4396
3055 3516
886 3076
3078 3514
3083 4206
3091 3824
3095 4366
3100 4436
1662 3105
3108 4821
3110 4775
3112 4692
3113 4851
3111 3115
2399 3127
3139 4073
3144 4736
816 3151
1981 3165
3168 3190
2373 3181
2337 3184
3186 4683
3191 3728
2296 3195
3199 4632
2415 3208
1226 3219
3223 4613
3225 3353
3226 4658
663 3238
3239 4882
2655 3247
3251 4983
2968 3280
3285 4304
3299 3367
3300 4990
3301 4969
3308 3311
3329 3653
1222 3332
3338 4221
3342 4109
3378 3379
3418 4526
3421 4964
3422 4925
3162 3427
3432 4518
3441 4391
3464 4523
3489 4751
3465 3507
3508 4674
3526 4396
1117 3555
2944 3583
3585 3821
3520 3590
3620 3623
3634 4488
3640 4713
3652 3919
3655 4247
3660 4124
3665 3668
3673 4070
3523 3675
3676 4031
2207 3697
3700 4472
3714 3960
3425 3724
3268 3750
3756 4128
3759 4528
1629 3760
3222 3772
3774 4170
3775 4703
2171 3779
2696 3780
1942 3789
2146 3805
485 3823
2482 3833
3835 4579
1898 3847
2548 3850
3856 4948
1789 3862
3876 4943
3049 3883
3892 4911
3901 4598
3906 4998
3912 4598
3630 3925
3270 3935
3941 4807
1898 3944
3692 3951
3639 3970
1690 3988
3981 3989
3177 3991
3466 4017
4028 4032
4043 4635
2287 4048
742 4053
4054 4260
2110 4074
4095 4562
4104 4424
2935 4108
3428 4131
4136 4396
4152 4206
3558 4165
3942 4169
2319 4181
4182 4728
2940 4185
4187 4896
3454 4195
1885 4202
4209 4581
4224 4896
4227 4231
737 4237
4242 4245
4275 4911
4276 4778
3047 4285
3532 4286
3799 4307
2560 4316
4324 4369
696 4332
4333 4728
1443 4335
3528 4340
4345 4618
936 4360
4367 4821
4384 4529
819 4407
2319 4418
2682 4421
4413 4431
4434 4745
2850 4446
4452 4541
4456 4542
4475 4925
3882 4478
4497 4676
4330 4505
3241 4508
2394 4511
692 4513
4515 4821
3376 4544
3729 4547
4560 4728
3904 4571
718 4584
4596 4963
988 4599
2349 4612
4541 4626
4013 4638
4640 4946
4206 4646
4396 4655
881 4661
2530 4679
4684 4911
4696 4837
204 4699
4702 4900
2287 4706
3253 4711
3578 4734
753 4737
3849 4742
2845 4746
4236 4754
2399 4756
3549 4758
4244 4769
4518 4777
4206 4790
3343 4797
3577 4798
4643 4816
4820 4826
4822 4825
1260 4827
3578 4835
3173 4840
4666 4847
4518 4850
4283 4874
3274 4878
3845 4885
1407 4886
4882 4903
4877 4926
811 4960
2549 4962
4531 4966
4911 4972
4733 4975
4084 4981
4986 4999
624 4992
92 4994
4932 4995
98 4645
158 3972
159 4425
176 4555
192 4362
213 4965
216 4581
255 4396
282 4543
293 4906
303 4549
317 2415
342 4890
389 4748
404 4435
501 4623
516 4910
535 4828
585 4911
598 4653
631 3895
681 4942
724 3284
734 4934
745 3538
757 3923
764 4078
772 4302
780 4934
829 4406
832 1822
871 4618
905 4911
912 4439
933 4327
966 4999
1019 3558
1035 3895
1050 4900
1051 4922
1075 4230
1084 3864
1085 4617
1111 4951
1126 4353
1130 4694
1141 4728
1166 1881
1235 4143
1268 3558
1282 1692
1286 4627
1291 4618
1338 2730
1410 4939
1424 4883
1461 4868
1486 4066
1510 4930
1619 3769
1627 4821
1642 4611
1652 3728
1697 3558
1728 4602
1785 4383
1791 3498
1801 4961
1817 4821
1856 4623
1864 2889
1884 2458
1889 4911
1830 1897
1901 3752
1911 4551
1921 4938
1949 4930
1986 4359
2047 2719
2055 4890
1997 2058
2075 4265
2078 3916
2080 4538
2086 4575
2088 4199
2089 4911
2098 4047
891 2117
2131 4821
2136 4772
2191 4680
2204 4645
2215 2752
2227 4491
2231 4795
2253 4657
2255 4514
2273 4854
2292 4804
497 2299
2305 4997
2308 4617
2317 4071
2327 4884
2340 4974
2363 4618
2374 4618
2383 3899
2390 2951
2428 4223
2430 4947
2437 2674
2439 4552
2453 3746
2462 4728
2464 4588
2472 4079
2484 4890
2035 2491
2502 3419
2523 4738
2543 4764
2547 4499
2558 4728
2583 4198
2584 3907
2608 4264
2624 4967
2643 4496
2663 4943
2672 4979
2695 4958
2701 4668
2709 4618
2731 4925
2773 4913
2829 3784
2839 3968
2851 4720
2852 4925
2854 4140
685 2855
2890 4334
2899 4829
2906 4741
2913 4518
2916 4730
2959 4660
2969 4606
1764 2980
2990 4233
2992 4255
3024 4611
892 3028
1678 3035
3038 4989
3041 4586
3055 4925
3078 4618
3095 4919
3105 4911
3108 3203
1805 3110
3127 4633
3144 4015
3151 4997
3165 3918
3168 4197
3181 4925
3184 4911
3186 4821
3195 3890
3199 4654
3223 4794
3225 4925
3226 4541
3239 4217
3247 4990
3251 4782
3280 4634
3285 4728
3299 3966
3301 4887
618 3329
3332 4581
3338 3339
3342 4685
3379 4803
3418 4553
3422 3615
3441 4818
3489 4541
2284 3507
3503 3508
3526 4952
3555 4904
3585 4803
3590 4197
3620 4925
2016 3634
1829 3640
3652 4937
3657 3660
3665 4527
3673 4190
3676 4823
3697 4278
3135 3700
2345 3714
3724 3979
3750 4614
3756 4588
3760 4618
3772 4919
3774 4730
3805 4911
2446 3823
1649 3833
2721 3835
3847 4575
3392 3850
3856 4925
3862 4454
3876 4703
3891 3892
3790 3901
3906 4334
3707 3912
3925 4405
3935 3956
3456 3941
3695 3944
3951 4581
3970 4371
3987 3988
3612 3989
3991 4064
4017 4892
2817 4028
4041 4043
4048 4295
4053 4928
4054 4063
4074 4821
4095 4625
4104 4645
4131 4290
4136 4650
4152 4925
4165 4461
2187 4169
4181 4728
4182 4804
4185 4518
4184 4187
4195 4564
2184 4202
2919 4209
4224 4936
3808 4227
2968 4237
4245 4581
4258 4275
2618 4276
4284 4286
3895 4316
4324 4581
4332 4832
4333 4804
4335 4518
4298 4340
2018 4360
4270 4367
4384 4628
4407 4946
4418 4728
1099 4421
4431 4870
4434 4435
4445 4446
883 4452
4456 4953
4206 4475
3919 4478
3515 4505
4281 4508
4511 4871
4414 4513
3649 4515
4334 4544
497 4547
3895 4560
4114 4571
4584 4911
4361 4596
4599 4618
4260 4612
4626 4695
4631 4638
3924 4640
3763 4646
4518 4655
4661 4902
3899 4679
4548 4684
3488 4696
2721 4699
4702 4913
4326 4706
4710 4711
4734 4985
4737 4788
4742 4925
1407 4746
4754 4977
1003 4756
2642 4758
4616 4769
4455 4777
4790 4795
4797 4864
3918 4798
3504 4816
3129 4820
3995 4822
4518 4827
4334 4835
4512 4840
4084 4847
4850 4953
4096 4878
4728 4885
379 4886
4437 4903
4908 4926
4925 4960
4953 4962
4956 4966
4541 4972
3984 4975
4581 4981
4984 4986
4618 4992
1421 4994
4618 4995
213 4810
317 4601
342 4973
757 3578
829 4439
832 4718
1019 4537
1111 4934
1235 3402
1286 4176
1461 4862
1510 4697
1817 3260
1911 4836
2075 4728
2089 4921
2098 4867
2308 4570
2363 4907
2428 4789
2462 4804
2484 4810
2523 4743
2608 4466
2643 4317
2916 4819
2959 3707
1670 3041
1501 3105
3151 4482
3168 4860
3184 4352
3195 4948
3223 4537
3239 4826
3251 4973
3285 4804
3301 4776
3332 3578
3422 4206
3441 4810
3489 4911
2833 3526
3665 4872
3750 4645
3774 4681
3805 4645
3876 4934
3906 4922
4053 4700
4136 4143
4152 4157
4169 4925
4181 4971
4182 4978
4175 4185
4187 4468
2944 4202
4209 4365
4224 4929
4237 4821
4245 4759
4276 4351
4324 4334
4332 4804
4333 4659
4335 4341
4384 4386
2944 4407
3895 4418
4446 4581
4452 4645
4511 4837
4515 4943
4544 4581
4571 4925
4584 4645
4596 4804
4626 4645
3763 4638
4646 4925
4655 4985
2365 4661
4679 4889
2775 4696
4699 4740
4706 4875
2977 4737
4738 4746
4754 4944
4750 4756
897 4777
3763 4790
4645 4797
4467 4816
2833 4827
4581 4835
4713 4840
2833 4850
4541 4878
4830 4885
4821 4903
4334 4926
4960 4971
4541 4966
4645 4972
4821 4975
3578 4981
4921 4986
2365 4992
4804 4994
3885 4995
2363 4077
2462 4377
2523 4623
2916 4323
3332 4819
3441 4665
3774 4948
946 3876
4181 4863
4182 4825
4209 4334
4276 4279
3707 4324
4418 4804
4334 4446
4511 4792
4596 4725
4624 4638
2833 4655
2864 4696
2856 4699
4754 4836
592 4777
4790 4925
4326 4797
4821 4827
4835 4845
4396 4850
4583 4878
4903 4939
2919 4926
3964 4960
4911 4966
4828 4972
4936 4975
4680 4981
4986 4991
3093 4994
4973 4995
3876 4642
4511 4882
4754 4784
