147386402 28229899
147386402 18626079
14239472 19730608
15508191 23278844
18879757 28229899
12561452 93927917
147386402 17014614
12561452 19730608
16520993 23278844
12561452 28229899
132422304 93927917
147386402 22745706
13612732 19730608
18879757 23278844
15058148 28229899
15508191 93927917
147386402 15508834
197185294 19730608
22594012 23278844
13612732 28229899
15508834 93927917
14283433 147386402
19730608 22594012
14283433 23278844
28229899 9567932
22594012 93927917
147386402 18656798
132422304 19730608
15508191 28229899
197185294 93927917
147386402 20463300
15508191 19730608
18656798 28229899
18879757 93927917
147386402 17219815
15508834 19730608
23711472 28229899
14283433 93927917
12561452 147386402
14283433 19730608
14083150 28229899
13612732 147386402
19730608 853521
14239472 28229899
147386402 15508191
17219815 19730608
15508834 28229899
14083150 147386402
19730608 224803883
20463300 28229899
