97477051 41114223 17221819 322069904 21522083 115060775 47766490 95461374 106831987 104301012 167239758 52025380 209806284 364473482 347376996 234056092 333872734 15070224 143950772 14880937 14307454 7861622 194893556 8039442 315432213 11782522 20875991 71272413 21061352 105744682 182159386 96149423 68503464 229969377 29872754 3245291 109127449 19373710 280162221 371838939 179036971 16747981 156744048 226193867 16144949 63567520 18391454 68129991 138003731 20203701 204750852 327861573 132875573 359582559 173979416 15954442 20150783 7861312 14530730 23039989 57875811 182925539 20609518 10078882 370958925 56973040 186325424 66499322 19789046 12566522 144927062 22682436 28650455 183786731 179453 385244185 15085200 42379291 270242863 14751235 361911748 139986343 16367575 63485337 199370728 17296523 2387401 47787563 110724180 140519931 36803580 182108867 15594414 237845487 275623719 15342811 109334785 14448205 66649152 20747741 204640298 5924082 98335997 63172203 15498547 95150832 68785753 148727717 33627597 239141315 183662591 66691804 123432861 177890594 21158690 296762498 112871197 1608991 156027745 256651717 182609394 236840136 18131817 14148601 57107167 161711842 12478932 374519027 16400388 165842647 510846454 17972871 7384432 246453983 21541796 20999409 14230524 15924858 33169524 113859309 19064433 17114328 783214 273120131 20032100 48132655 126881128 39758899 74146461 119276733 324867634 16504528 193185958 9703892 11319282 22150400 14452279 370244456 62581962 160118681 26281970 239970376 224260861 134943586 225791964 127012541 14314610 50894526 2354291 113445890 87541880 28192145 47785747 14749606 17976798 
43003845 
40981798 
14706299 
12579252 20283403 16173592 
117584350 
47743151 
11627252 
36031020 
22974322 193408865 16162631 29396753 174729114 78982926 17593847 270736655 96828017 37668875 24810011 14643449 14259641 18704392 20617734 23871118 124450322 29199880 18469843 145739229 81672604 179240942 16852229 36981972 65687979 178098680 16700878 2011081 54285787 
