21210048 46947488
16475403 42950930
42950930 64818746
21210048 42950930
16475403 25391676
17781165 21420959
21210048 82853372
19242105 42950930
34960648 46947488
21420959 64818746
16475403 6408382
17781165 19655985
21210048 35718360
11348282 42950930
15234407 46947488
10379542 16475403
11348282 17781165
21210048 50645351
15820660 42950930
19242105 46947488
16475403 78701122
10379542 17781165
17939037 21210048
20224976 42950930
11348282 46947488
16475403 25066853
17781165 21436960
21210048 8295072
16434310 42950930
15987295 46947488
16475403 3779381
14936377 17781165
21210048 34960648
42950930 77198677
46947488 77198677
16475403 8255122
17781165 87899230
21210048 77198677
17939037 42950930
46947488 50645351
16475403 4620451
17781165 77198677
25843787 42950930
46947488 82853372
15987295 16475403
17781165 8295072
10379542 42950930
15820660 17781165
42950930 4620451
42950930 6408382
