15848541 78701122
78701122 8719812
15848541 25391676
15848541 16434310
16434310 78701122
35718360 8295072
25391676 35718360
16434310 35718360
25391676 8295072
15848541 88966020
16434310 3779381
25391676 8255122
14936377 35718360
21436960 78701122
4620451 8295072
19242105 8719812
15848541 21420959
16434310 82853372
14936377 25391676
35718360 6408382
21420959 78701122
19655985 8295072
15848541 15987295
16434310 21210048
25391676 42950930
35718360 54324142
3779381 78701122
6408382 8295072
15848541 77198677
11348282 16434310
25391676 3779381
35718360 3779381
21210048 78701122
42950930 8295072
10379542 15848541
16434310 19655985
10379542 25391676
10379542 35718360
10379542 78701122
25066853 8295072
15848541 42950930
16434310 8255122
25066853 25391676
34960648 35718360
78701122 82853372
11348282 8295072
15848541 21436960
16434310 18720204
23959074 25391676
15820660 35718360
42950930 78701122
10379542 8295072
15820660 15848541
10379542 16434310
11348282 35718360
4620451 78701122
21436960 8295072
16434310 17781165
124444856 35718360
15820660 8295072
16434310 25843787
3779381 8295072
19242105 8295072
