19242105 19655985
15987295 19655985
19242105 38201262
10379542 21436960
14936377 19242105
19655985 21436960
14936377 21436960
15987295 19242105
10379542 14936377
10379542 15987295
10379542 77198677
14936377 16475403
15987295 42950930
19242105 20224976
124444856 19655985
21436960 25066853
10379542 15234407
14936377 15820660
15987295 20224976
19242105 21210048
15389776 19655985
17939037 21436960
10379542 15820660
14936377 20224976
15820660 15987295
17939037 19242105
19655985 20224976
18720204 21436960
10379542 6408382
14936377 8295072
15987295 16434310
19242105 34960648
19655985 46947488
21436960 42950930
10379542 8255122
14936377 16434310
15987295 25066853
19242105 8255122
19655985 42950930
21420959 21436960
10379542 21442019
14936377 87899230
15987295 21442019
19242105 6408382
17939037 19655985
15389776 21436960
10379542 18720204
14936377 78701122
15234407 15987295
19242105 50645351
18720204 19655985
11348282 21436960
10379542 20224976
14936377 21420959
15987295 21420959
19242105 3779381
19655985 6408382
15820660 21436960
10379542 11348282
14936377 18720204
15987295 25843787
124444856 19242105
19655985 82853372
21436960 23959074
10379542 34960648
14936377 25843787
15987295 50645351
19242105 25843787
21436960 21442019
19242105 82853372
