106635398 14774443
48302912 9498152
14774443 43223610
7423512 91292413
106635398 21296750
17101331 43223610
106635398 91292413
43223610 5386032
57973034 7980402
18087370 7423512
14158619 9645732
18087370 27609219
5967812 8220792
106635398 79242506
5967812 9645732
91292413 9498152
16232820 43223610
8220792 9498152
14158619 17101331
14774443 28539923
18087370 43223610
48302912 91292413
43223610 5967812
43223610 9498152
5386032 91292413
18087370 8220792
27609219 91292413
43223610 79242506
5967812 7423512
7423512 9645732
16054090 48302912
7423512 8220792
106635398 43223610
43223610 57973034
43223610 91292413
14774443 9498152
106635398 17101331
16054090 43223610
106635398 27609219
27609219 43223610
106635398 48302912
17101331 7423512
48302912 57973034
18087370 5386032
14158619 91292413
17101331 9645732
16232820 9498152
18087370 28539923
5967812 9498152
106635398 18087370
18087370 9498152
106635398 57973034
106635398 14158619
7423512 9498152
106635398 7980402
43223610 48302912
106635398 9498152
106635398 6281792
14158619 6545352
14774443 16865502
16054090 60555486
16232820 5790132
17101331 20918020
18087370 9884622
21296750 80854111
20918020 27609219
12109952 28539923
15357608 43223610
15178133 48302912
5386032 60555486
57973034 5996402
1491971 5967812
3840 7423512
10935622 79242506
17389650 7980402
74233 8220792
1442101 91292413
33189661 9498152
33189661 9645732
106635398 33506176
14158619 14368300
14774443 1737011
16054090 7846
16232820 26315349
12053132 17101331
18087370 45218129
21296750 45218129
217566159 27609219
11224342 28539923
13934912 43223610
14291326 48302912
10454562 5386032
14406208 57973034
5609462 5967812
12538472 7423512
79242506 80854111
1652541 7980402
16865502 8220792
1737011 91292413
6281792 9498152
9570302 9645732
106635398 15357608
14158619 33189661
14424826 14774443
16054090 17703765
16232820 42052422
12369602 17101331
10935622 18087370
1737011 21296750
27609219 33189661
12053132 28539923
14301334 43223610
10935622 48302912
5386032 7780852
12538472 57973034
5967812 5996402
12053132 7423512
20297371 79242506
3149631 8220792
14303355 91292413
5379992 9498152
930061 9645732
106635398 14368300
10935622 14158619
14774443 5790132
16054090 19546657
16232820 1652541
17101331 17960638
1620241 18087370
21296750 327267369
1652541 27609219
28539923 6545352
43223610 6281792
48302912 7608352
11740902 5386032
57973034 77712736
17960638 5967812
12369602 7423512
12109952 79242506
1277041 8220792
15840385 91292413
12034532 9498152
3149631 9645732
106635398 5379992
14158619 17960638
12109952 14774443
16054090 22938914
16232820 16497976
12109952 17101331
16865502 18087370
26315349 27609219
14406208 28539923
43223610 74233
48302912 9884622
13594872 5386032
14368300 57973034
16865502 5967812
16497976 7423512
16627822 79242506
1125681 8220792
7608352 91292413
5790132 9498152
60555486 9645732
106635398 12034532
14158619 20918020
14774443 15357608
1491971 16054090
12109952 16232820
17101331 19546657
12053132 18087370
14362294 27609219
28539923 60555486
43223610 5790132
48302912 6281792
15840385 5386032
14291326 57973034
20297371 5967812
16115549 7423512
17389650 79242506
657863 8220792
16627822 91292413
17703765 9498152
14362294 9645732
106635398 11224342
14158619 14362294
14774443 20918020
16054090 18327902
1442101 16232820
10454562 17101331
18087370 5980442
27609219 5790132
14291326 28539923
43223610 747863
48302912 74233
5386032 74233
26315349 57973034
14301334 5967812
33189661 7423512
33506176 79242506
14406208 8220792
6281792 91292413
9423662 9498152
13934912 9645732
106635398 16627822
14158619 2659631
14774443 15413301
16054090 33506176
16232820 20918020
17101331 33189661
14362294 18087370
12109952 27609219
28539923 45218129
43223610 9570302
45218129 48302912
5386032 9570302
14303355 57973034
14368300 5967812
14406208 7423512
79242506 97984818
8220792 9423662
5609462 91292413
12053132 9498152
2659631 9645732
106635398 14424826
14158619 17703765
14774443 6281792
16054090 6281792
16232820 17389650
17101331 17703765
18087370 8950222
27609219 9423662
28539923 9423662
43223610 8950222
48302912 77712736
5386032 5790132
3829151 57973034
13594872 5967812
26315349 7423512
36640820 79242506
5790132 8220792
80008888 91292413
739223 9498152
2627491 9645732
106635398 74233
14158619 5996402
14774443 77712736
16054090 26315349
16232820 74233
17101331 3149631
12109952 18087370
12369602 27609219
10935622 28539923
14406208 43223610
15840385 48302912
20918020 5386032
57973034 7780852
20918020 5967812
14077607 7423512
15357608 79242506
33189661 8220792
12369602 91292413
20918020 9498152
11224342 9645732
106635398 10935622
14158619 5379992
14291326 14774443
16054090 20297371
16232820 330690616
1442101 17101331
18087370 19546657
27609219 9884622
14424826 28539923
43223610 5609462
20297371 48302912
26315349 5386032
14362294 57973034
14077607 5967812
11224342 7423512
5996402 8220792
77712736 91292413
14362294 9498152
8950222 9645732
106635398 45218129
14158619 67305632
14774443 9884622
1442101 16054090
17101331 1758271
15840385 18087370
27609219 5980442
16865502 28539923
43223610 9884622
48302912 5790132
14077607 5386032
5790132 57973034
15840385 5967812
17703765 7423512
20918020 8220792
16497976 91292413
26315349 9498152
15840385 9645732
106635398 6545352
14158619 14406208
14774443 16627822
14424826 16054090
17101331 9570302
17960638 18087370
15840385 27609219
14303355 28539923
1442101 43223610
14368300 48302912
14362294 5386032
12109952 57973034
5967812 9423662
15840385 7423512
12109952 8220792
14406208 91292413
74233 9498152
5379992 9645732
106635398 3149631
10454562 14158619
14774443 5980442
16054090 9423662
10935622 17101331
14077607 18087370
1442101 27609219
1442101 28539923
14291326 43223610
17960638 48302912
5386032 5996402
5379992 5967812
20918020 7423512
1442101 8220792
13934912 91292413
10454562 9498152
14368300 9645732
106635398 17703765
14774443 2659631
16054090 16865502
17101331 6545352
17703765 18087370
14262796 28539923
20918020 43223610
12109952 48302912
5386032 9884622
16497976 5967812
1491971 7423512
10454562 8220792
2659631 91292413
11224342 9498152
1442101 9645732
106635398 9423662
14774443 9423662
10454562 16054090
17101331 2659631
16497976 18087370
28539923 5609462
43223610 5379992
16497976 48302912
5967812 6281792
1737011 7423512
17703765 8220792
10935622 91292413
9498152 9570302
74233 9645732
106635398 67305632
14077607 14774443
12034532 16054090
17101331 74233
11224342 18087370
28539923 5790132
15840385 43223610
14362294 48302912
3840 5967812
3149631 7423512
14424826 8220792
10454562 91292413
77712736 9498152
6545352 9645732
106635398 17960638
12053132 16054090
18087370 20918020
15357608 28539923
3149631 43223610
2659631 48302912
1125681 5967812
14303355 7423512
16627822 8220792
12109952 91292413
9498152 9884622
1125681 9645732
106635398 9884622
16054090 17389650
14291326 18087370
14362294 28539923
1737011 43223610
48302912 7780852
14303355 5967812
5609462 7423512
3840 8220792
12538472 91292413
12369602 9498152
9423662 9645732
16054090 5996402
18087370 5790132
2659631 28539923
15178133 43223610
20918020 48302912
16627822 5967812
12034532 7423512
14362294 8220792
14291326 91292413
5980442 9498152
14077607 9645732
14424826 18087370
43223610 45218129
11224342 48302912
2659631 5967812
6281792 7423512
2659631 8220792
91292413 9423662
17389650 9498152
747863 9645732
14291326 5967812
74233 7423512
26315349 8220792
739223 91292413
17703765 9645732
