10350 15823784
14134204 7846
11435642 15823784
3496641 652193
14331688 652193
18327902 732773
14134204 1586501
10350 16120265
14331688 15485441
1501471 5702
1586501 5702
12773 732773
1010181 732773
15823784 652193
1010181 12773
10350 3829151
15823784 3496641
11435642 3496641
16120265 5702
5702 732773
11435642 3829151
15823784 1586501
1010181 16120265
11435642 18327902
16120265 3496641
16120265 817268
14331688 3829151
18327902 7846
14331688 18327902
14134204 14331688
3496641 732773
3496641 7846
1010181 11435642
652193 817268
14134204 15485441
1586501 3496641
1586501 817268
1501471 16120265
1010181 1501471
15823784 3829151
1010181 652193
14331688 7846
15485441 732773
12773 15823784
1242511 732773
14134204 3829151
16120265 3829151
10350 1586501
11435642 15485441
15823784 817268
11435642 817268
3829151 732773
1010181 10350
15485441 7846
1010181 3496641
18327902 2659631
10350 1242511
11435642 732773
10350 732773
11435642 1242511
14134204 1501471
14134204 18327902
1586501 18327902
1242511 15823784
18327902 817268
15485441 15823784
1586501 652193
14331688 817268
3496641 817268
14331688 1501471
14331688 3496641
11435642 14331688
652193 7846
652193 732773
14645160 732773
1501471 732773
1501471 1586501
10350 12773
1010181 3829151
15485441 3829151
11435642 7846
3829151 652193
10350 3496641
16120265 652193
10350 817268
11435642 1501471
3496641 3829151
1242511 14331688
1501471 3496641
15823784 18327902
18327902 5702
10350 15485441
10350 14134204
11435642 652193
11435642 1586501
18327902 3829151
7846 817268
1242511 7846
15485441 3496641
14134204 15823784
15485441 817268
1010181 817268
1501471 652193
12773 14645160
10350 652193
11435642 14134204
18327902 3496641
16120265 732773
15823784 5702
10350 1501471
1586501 732773
3829151 817268
1242511 1501471
1501471 15485441
1242511 14134204
1242511 16120265
12773 817268
3829151 5702
1010181 14645160
732773 7846
10350 18327902
1242511 3829151
1242511 817268
14134204 732773
1242511 3496641
18327902 652193
12773 3829151
11435642 5702
10350 7846
1010181 1242511
14134204 16120265
1586501 16120265
1501471 817268
14134204 817268
5702 817268
14645160 3829151
15823784 16120265
10350 14645160
1501471 3829151
3829151 7846
1010181 7846
1586501 3829151
1501471 15823784
1010181 18327902
1242511 12773
5702 652193
732773 817268
14134204 652193
1010181 1586501
1501471 7846
14645160 7846
1010181 6476742
10350 648523
11435642 657863
11666142 1242511
12773 7093352
14134204 5609462
14331688 930061
14645160 180463340
1501471 26053643
15485441 29851021
15823784 93017945
1586501 17104751
16120265 6449392
1652541 18327902
2659631 5980442
3496641 749863
3829151 6476742
5702 5763262
652193 657863
3840 732773
3840 7846
5763262 817268
1010181 5763262
10350 33189661
11435642 5996402
1242511 6476742
12773 1835411
14134204 767396
14331688 6449392
14645160 917321
1501471 6476742
15485441 7745472
15823784 657863
10454562 1586501
16120265 930061
18327902 20918020
2659631 9884622
10454562 3496641
3829151 5996402
5702 767396
15958614 652193
10314702 732773
7846 93017945
1835411 817268
1010181 3840
10350 11666142
11435642 7745472
1242511 15958614
12773 13055232
14134204 14372143
14331688 5768872
14645160 3840
1501471 3840
15485441 5763262
15823784 5763262
1586501 657863
16120265 3840
1758271 18327902
2659631 77712736
15958614 3496641
3829151 5763262
5702 5996402
6449392 652193
14964767 732773
5763262 7846
636923 817268
1010181 610533
10350 9423662
11435642 1442101
1242511 5768872
12773 6476742
14134204 6476742
14331688 15958614
14645160 657863
1501471 5763262
15485441 6476742
15823784 816214
1586501 610533
15958614 16120265
13934912 18327902
10454562 2659631
17104751 3496641
11740902 3829151
1442101 5702
5996402 652193
732773 930061
15958614 7846
817268 930061
1010181 11666142
10350 6449392
11435642 3840
1242511 610533
12773 610533
10454562 14134204
14331688 7745472
14645160 403518639
14326840 1501471
15485441 5768872
15823784 3840
1586501 5763262
16120265 17104751
14368300 18327902
2659631 43223610
3496641 3840
3829151 7093352
10314702 5702
1758271 652193
17104751 732773
5768872 7846
14372143 817268
1010181 749863
10350 749863
11435642 610533
10314702 1242511
12773 930061
14134204 5768872
11666142 14331688
14645160 6449392
1501471 930061
15485441 930061
11666142 15823784
11740902 1586501
16120265 657863
14291326 18327902
12053132 2659631
3496641 7745472
15958614 3829151
5702 657863
652193 8950222
610533 732773
14326840 7846
6476742 817268
1010181 784912
10350 15178133
11435642 5768872
1242511 657863
12773 784912
14134204 7093352
14331688 22938914
14645160 7093352
11740902 1501471
15485441 7093352
15823784 784912
1586501 5768872
11666142 16120265
11666142 18327902
2659631 7423512
3496641 6449392
3829151 9570302
5702 9645732
14406208 652193
657863 732773
7846 9645732
657863 817268
1010181 11864262
10350 1125681
11435642 33189661
1242511 816214
11864262 12773
11740902 14134204
10314702 14331688
14645160 5768872
1501471 657863
15485441 3840
13594872 1586501
16120265 816214
18327902 9570302
17960638 2659631
11666142 3496641
3829151 3840
1491971 5702
3840 652193
732773 749863
7093352 7846
7093352 817268
1010181 930061
10350 930061
11435642 5763262
1242511 3840
10314702 12773
14134204 9645732
14331688 749863
14645160 816214
1501471 784912
15485441 767396
1586501 749863
16120265 5763262
17703765 18327902
13594872 2659631
3496641 6476742
22938914 3829151
3840 5702
14763 652193
13055232 732773
14763 7846
11666142 817268
1010181 657863
10350 657863
11435642 22938914
1242511 7093352
12773 749863
14134204 816214
14331688 17104751
13055232 14645160
13055232 1501471
14291326 15485441
1586501 3840
16120265 610533
106635398 18327902
2659631 739223
14372143 3496641
3829151 74233
10454562 5702
10454562 652193
5768872 732773
7846 9570302
3840 817268
1010181 14326840
10350 3840
11435642 18087370
1242511 14413715
12773 816214
11666142 14134204
14331688 657863
14413715 14645160
1501471 15958614
15485441 749863
14406208 1586501
18327902 3840
2659631 9498152
2230871 3496641
3829151 657863
14316850 5702
14291326 652193
5763262 732773
14303355 7846
749863 817268
1010181 7745472
10350 14406208
11435642 18939033
12773 767396
14134204 9570302
14331688 5763262
14645160 2230871
1501471 816214
15485441 657863
18327902 5996402
106635398 2659631
1737011 3496641
14368300 3829151
5702 930061
5967812 652193
14413715 732773
767396 7846
610533 817268
10350 10454562
11435642 14368300
14134204 657863
14331688 3840
14645160 749863
14413715 1501471
11666142 15485441
18327902 74233
14262796 2659631
3829151 8220792
14368300 5702
14368300 652193
6476742 732773
7745472 817268
10350 5768872
11435642 20918020
14134204 3840
18327902 8950222
15357608 2659631
14372143 3829151
6281792 652193
10350 11740902
10454562 11435642
14134204 1737011
18327902 77712736
10935622 2659631
3829151 5768872
11435642 5967812
18327902 9498152
14362294 2659631
11435642 14406208
18327902 3626301
14406208 2659631
12034532 2659631
18087370 2659631
2659631 5609462
14303355 2659631
15109840 2659631
2659631 6545352
2659631 5790132
