5996402 60555486
12034532 749863
5996402 749863
10935622 739223
67305632 747863
12034532 60555486
14303355 5996402
60555486 747863
2627491 7780852
5996402 739223
3149631 747863
12034532 13594872
5996402 67305632
60555486 80854111
14262796 1620241
13594872 14316850
12034532 739223
10935622 14316850
60555486 7780852
747863 7780852
3149631 7780852
14303355 19546657
14316850 5996402
3149631 3626301
5996402 7780852
13594872 19546657
14262796 7780852
13594872 14262796
3149631 60555486
16115549 1620241
16115549 3149631
1620241 3149631
14303355 3149631
10935622 747863
16115549 60555486
19546657 60555486
3626301 67305632
16115549 3626301
13594872 60555486
3149631 739223
14303355 3626301
12034532 7541162
10935622 13594872
16115549 739223
12034532 747863
2627491 3149631
67305632 7282592
2627491 739223
13594872 747863
13594872 14303355
14303355 7282592
14262796 19546657
67305632 7780852
12034532 3626301
10935622 67305632
3149631 5996402
14262796 3149631
1620241 5996402
3626301 747863
12034532 3149631
12034532 1620241
14262796 67305632
14262796 739223
1620241 7780852
16115549 5996402
19546657 5996402
16115549 747863
10935622 12034532
13594872 5996402
14303355 747863
19546657 7780852
10935622 5996402
10935622 16115549
12034532 14262796
7282592 739223
2627491 747863
14262796 60555486
16115549 19546657
3626301 60555486
14303355 16115549
14316850 7780852
19546657 3149631
14262796 14303355
1620241 747863
12034532 5996402
14303355 60555486
3626301 739223
739223 747863
14262796 747863
67305632 739223
2627491 5996402
60555486 739223
10935622 19546657
14303355 739223
1620241 60555486
3149631 67305632
10935622 14303355
5996402 747863
12034532 14303355
7282592 747863
13594872 3149631
10935622 3149631
16115549 7780852
1620241 739223
19546657 7541162
14303355 7780852
10935622 60555486
1620241 19546657
14303355 2627491
10935622 7780852
3626301 5996402
10935622 74233
12034532 1758271
13594872 16865502
14262796 5790132
12538472 14303355
14316850 15178133
14077607 16115549
15357608 1620241
19546657 43223610
2627491 74233
15840385 3149631
33189661 3626301
5996402 9645732
60555486 7423512
67305632 97984818
1010181 7282592
16497976 739223
5702 747863
652193 749863
7541162 9570302
12538472 7780852
2659631 80854111
10935622 15840385
12034532 16865502
13594872 9570302
14262796 45218129
14303355 15357608
14316850 1491971
14406208 16115549
106635398 1620241
16865502 19546657
15840385 2627491
10454562 3149631
3626301 9884622
5763262 5996402
18087370 60555486
10454562 67305632
10350 7282592
106635398 739223
33189661 747863
1835411 749863
5763262 7541162
7780852 9423662
80854111 8950222
10935622 9884622
12034532 15178133
13594872 15109840
14262796 3840
12053132 14303355
14316850 14763
16115549 9423662
1620241 5790132
19546657 5980442
2627491 5967812
14368300 3149631
12538472 3626301
14368300 5996402
15840385 60555486
12053132 67305632
16054090 7282592
14362294 739223
11740902 747863
749863 7846
2659631 7541162
33189661 7780852
27609219 80854111
10935622 15109840
12034532 9645732
13594872 6545352
1125681 14262796
14303355 1491971
14316850 9884622
16115549 43328989
12369602 1620241
19546657 45218129
2627491 5790132
17960638 3149631
3626301 7423512
5996402 7423512
15109840 60555486
36640820 67305632
7282592 9884622
12053132 739223
14763 747863
5702 749863
16627822 7541162
1277041 7780852
16627822 80854111
10935622 7423512
12034532 17703765
13594872 7423512
14262796 80008888
14303355 14362294
14316850 14368300
15178133 16115549
1620241 5379992
19546657 7423512
1737011 2627491
1442101 3149631
3626301 77712736
5996402 930061
5790132 60555486
5967812 67305632
15437924 7282592
20918020 739223
74233 747863
5768872 749863
14424826 7541162
7780852 9498152
17389650 80854111
10935622 15413301
12034532 14368300
13594872 1758271
14262796 16865502
14303355 9884622
14316850 9570302
16115549 6545352
1620241 1737011
19546657 5967812
11224342 2627491
3149631 8950222
3626301 5379992
14291326 5996402
5967812 60555486
16865502 67305632
12369602 7282592
14077607 739223
747863 9884622
18327902 749863
14077607 7780852
17960638 80854111
10935622 14424826
12034532 1277041
13594872 9423662
1277041 14262796
14057933 14303355
14316850 14372143
16115549 5790132
1620241 16627822
19546657 5609462
17101331 2627491
1125681 3149631
15413301 3626301
15840385 5996402
14368300 60555486
15840385 67305632
7282592 7846
739223 7423512
16865502 747863
10314702 749863
657863 7780852
14774443 80854111
10935622 9423662
12034532 9884622
13594872 74233
14262796 5379992
14303355 15413301
14301334 14316850
16115549 2659631
1620241 2659631
19546657 74233
1442101 2627491
12369602 3149631
10454562 3626301
17960638 5996402
60555486 9498152
14291326 67305632
648523 7282592
1125681 739223
15178133 747863
749863 9498152
7780852 8220792
36640820 80854111
10935622 26315349
12034532 91292413
13594872 43223610
14262796 16497976
14303355 3840
14316850 7423512
16115549 5379992
1620241 74233
16497976 19546657
15178133 2627491
14301334 3149631
3626301 43223610
3840 5996402
12109952 60555486
17960638 67305632
11864262 7282592
739223 9645732
17960638 747863
749863 767396
7780852 9884622
106635398 80854111
10935622 12053132
12034532 17960638
13594872 15357608
13934912 14262796
14303355 17703765
1277041 14316850
16115549 74233
1620241 9423662
19546657 2659631
17703765 2627491
14362294 3149631
3626301 6545352
5996402 91292413
106635398 60555486
12369602 67305632
14301334 739223
12369602 747863
749863 816214
14301334 7780852
14424826 80854111
10935622 14362294
12034532 1491971
13594872 14057933
12053132 14262796
14303355 1442101
14316850 14362294
16115549 327267369
10011372 1620241
12053132 19546657
2627491 5379992
2659631 3149631
3626301 8950222
1125681 5996402
60555486 9423662
67305632 74233
739223 9570302
18327902 747863
3840 749863
7423512 7780852
14291326 80854111
10935622 9498152
12034532 14406208
13594872 5379992
14262796 9423662
14303355 5609462
14057933 14316850
16115549 9884622
1620241 7423512
1442101 19546657
1125681 2627491
12109952 3149631
14368300 3626301
16865502 5996402
45218129 60555486
18327902 67305632
739223 8950222
10068722 747863
14301334 749863
5379992 7780852
330690616 80854111
10935622 14291326
12034532 14291326
13594872 14406208
14262796 15357608
14303355 16865502
14316850 8950222
16115549 77712736
1620241 16865502
15357608 19546657
12369602 2627491
3149631 5790132
1442101 3626301
1737011 5996402
43223610 60555486
10068722 67305632
33189661 739223
747863 9423662
3829151 749863
14057933 7780852
10935622 14368300
12034532 12053132
13594872 5790132
14262796 5609462
14303355 15840385
14316850 9423662
16115549 36640820
13934912 1620241
14362294 19546657
2627491 9423662
3149631 5379992
1277041 3626301
2659631 5996402
60555486 9884622
67305632 8950222
14057933 739223
14077607 747863
16497976 7780852
10935622 8950222
10011372 12034532
10011372 13594872
14262796 33189661
14303355 9423662
14316850 16865502
12053132 16115549
15413301 1620241
10068722 19546657
1491971 2627491
3149631 33189661
14077607 3626301
45218129 5996402
1491971 60555486
15178133 67305632
6545352 739223
14362294 747863
2659631 7780852
10935622 13934912
12034532 20918020
11224342 13594872
106635398 14262796
1125681 14303355
14077607 14316850
16115549 5609462
1277041 1620241
14424826 19546657
2627491 33189661
11224342 3149631
3626301 9423662
17703765 5996402
1737011 60555486
67305632 7423512
16865502 739223
12053132 747863
7780852 9570302
10935622 43223610
12034532 15840385
13594872 14368300
14262796 14368300
14303355 6545352
16115549 16865502
1125681 1620241
12369602 19546657
2627491 7423512
17703765 3149631
14291326 3626301
43223610 5996402
2659631 60555486
14362294 67305632
15178133 739223
1125681 747863
10068722 7780852
10935622 5967812
12034532 5379992
10454562 13594872
14262796 14291326
14303355 14406208
10454562 16115549
14362294 1620241
14291326 19546657
106635398 2627491
3149631 5609462
3626301 48302912
10068722 5996402
10454562 60555486
6545352 67305632
45218129 739223
14301334 747863
10454562 7780852
10935622 5379992
12034532 1737011
13594872 8220792
14262796 6281792
14303355 5790132
16115549 9570302
1620241 33189661
17703765 19546657
14362294 2627491
12053132 3149631
17703765 3626301
5609462 5996402
1758271 60555486
67305632 77712736
17703765 739223
20918020 747863
12053132 7780852
10935622 6545352
12034532 16627822
14262796 327267369
14303355 5379992
16115549 5980442
1620241 6281792
19546657 33189661
16865502 2627491
3149631 45218129
1491971 3626301
14077607 5996402
33189661 60555486
16627822 67305632
5790132 739223
5379992 747863
5967812 7780852
10935622 14077607
12034532 9423662
14303355 1737011
15178133 1620241
19546657 6281792
2627491 5980442
15109840 3149631
2659631 3626301
16497976 5996402
26315349 60555486
5609462 739223
7423512 747863
7780852 8950222
10454562 10935622
1620241 9884622
5996402 74233
12538472 60555486
2659631 747863
26315349 7780852
