12352 12561452
12352 18656798
12561452 13612732
18656798 405134209
12561452 18656798
12561452 88737694
13612732 18656798
12352 13612732
12561452 14689667
12561452 405134209
13612732 405134209
12352 15508191
12561452 93927917
13612732 224803883
14689667 22594012
18656798 20463300
404461422 405134209
14283433 88737694
12352 15508834
12561452 17014614
13612732 9567932
14689667 18879757
18656798 93927917
404460983 405134209
30153287 88737694
12352 22594012
12561452 15508834
13612732 17014614
14689667 208280030
18656798 197185294
404461610 405134209
15508191 88737694
12352 18879757
12561452 132422304
13612732 18879757
14689667 9567932
18656798 853521
404461205 405134209
22594012 88737694
12352 14239472
12561452 224803883
13612732 14283433
12640072 14689667
18656798 22594012
405044458 405134209
12352 17219815
12561452 14239472
13612732 2712411
10461262 14689667
147386402 18656798
12640072 405134209
12352 82164597
12561452 82164597
13612732 15508191
17219815 18656798
12352 14328029
12561452 17219815
13612732 24229513
18656798 9567932
12352 30153287
12561452 22594012
13612732 14327760
14239472 18656798
12561452 18626079
13612732 16520993
13165 18656798
12561452 14283433
18656798 23711472
