13165 853521
15508191 18626079
14283433 853521
13165 14283433
14283433 15508191
18626079 36279963
15508191 36279963
15508834 853521
14283433 18626079
13165 15508834
14283433 15508834
13165 18626079
14283433 36279963
13165 36279963
13165 15508191
18626079 853521
15508834 18626079
15508191 853521
15508191 15508834
13165 28229899
14283433 17219815
15508191 24621788
15508834 22594012
18626079 19730608
208280030 36279963
14239472 853521
13165 132422304
10461262 14283433
15508191 17219815
15508834 24229513
18626079 9567932
36279963 9567932
12561452 853521
13165 197185294
14083150 14283433
15508191 197185294
14083150 15508834
18626079 208280030
14083150 36279963
132422304 853521
13165 17219815
14239472 14283433
15508191 82164597
13612732 15508834
18626079 82164597
14239472 36279963
13612732 853521
13165 14239472
14283433 23711472
15508191 18879757
132422304 15508834
18626079 20463300
12561452 36279963
22594012 853521
13165 22594012
14283433 18656798
15508191 2712411
15508834 224803883
18626079 24229513
15058148 36279963
197185294 853521
13165 13612732
14283433 30153287
12561452 15508191
14328029 15508834
13612732 18626079
13612732 36279963
853521 9567932
13165 147386402
132422304 14283433
15508191 18656798
15508834 23711472
18626079 22594012
22594012 36279963
14328029 853521
12561452 13165
14283433 28229899
15508191 30153287
15508834 18656798
18626079 28229899
19730608 853521
13165 208280030
14283433 24229513
15508191 224803883
15508834 208280030
15058148 18626079
208280030 853521
13165 9567932
14283433 14328029
15508191 9567932
224803883 853521
15508191 16520993
