10461262 208280030
14083150 30153287
10461262 14083150
10461262 14327760
12640072 30153287
208280030 30003712
12640072 14083150
10461262 12640072
12640072 14327760
14327760 30153287
14239472 14327760
14083150 30003712
10461262 30003712
14327760 208280030
14083150 14327760
14239472 30003712
12640072 208280030
12640072 30003712
30003712 30153287
14083150 208280030
10461262 30153287
14239472 30153287
10461262 14239472
208280030 30153287
12640072 14239472
14239472 208280030
14083150 14239472
10461262 15058148
12640072 14328029
14083150 15508191
14239472 14689667
14327760 14689667
12561452 208280030
22594012 30003712
12561452 30153287
10461262 224803883
12640072 16520993
12561452 14083150
14239472 24229513
12561452 14327760
13612732 208280030
224803883 30003712
15058148 30153287
10461262 14328029
12640072 15508191
13165 14083150
14239472 18626079
14327760 18626079
132422304 208280030
13165 30003712
13165 30153287
10461262 12561452
12561452 12640072
13612732 14083150
132422304 14239472
14283433 14327760
18879757 208280030
18879757 30003712
13612732 30153287
10461262 9567932
12640072 9567932
14083150 853521
14239472 18879757
13165 14327760
197185294 208280030
12561452 30003712
22594012 30153287
10461262 13165
12640072 14283433
14083150 197185294
14239472 16520993
14327760 15508191
14328029 208280030
18920735 30153287
10461262 15508191
12640072 15058148
132422304 14083150
14239472 23711472
14327760 9567932
14283433 208280030
17219815 30153287
10461262 13612732
12640072 22594012
14083150 15058148
14239472 15508191
14327760 15508834
15058148 208280030
16520993 30153287
10461262 22594012
14083150 17219815
14239472 224803883
14327760 14328029
15508191 208280030
132422304 30153287
10461262 18626079
14083150 18626079
14239472 15508834
14327760 224803883
208280030 9567932
18626079 30153287
10461262 18879757
14083150 147386402
13612732 14239472
208280030 22594012
224803883 30153287
18879757 30153287
