77712736 12034532 9423662 26403506 29324093 12053132 52556532 106635398 1277041 11224342 5996402 72329972 7780852 224257403 10454562 57973034 1737011 21296750 14077607 17357880 14057933 91292413 12538472 48302912 79242506 45218129 14406208 14301334 16054090 14158619 15437924 17703765 157422963 8950222 15061970 46816187 9884622 9645732 330690616 7608352 26315349 23613776 18087370 33506176 1758271 382630878 747863 15357608 739223 1620241 52451443 36640820 9498152 10935622 3626301 19564508 251140802 21255367 42052422 7282592 17960638 62462987 142677826 17389650 17101331 5980442 14424826 7980402 16232820 20918020 16497976 15178133 43223610 7423512 327267369 236348869 2627491 3149631 33189661 14774443 16115549 15413301 5609462 14220739 67305632 9570302 80854111 27042513 14262796 28349370 1491971 39164896 36637295 14316850 14362294 7541162 6545352 13594872 14291326 115650417 19546657 8220792 97984818 43328989 12109952 5790132 2659631 12369602 83497983 18939033 16627822 15109840 5967812 5379992 14368300 16865502 217566159 74233 60555486 5386032 216888261 28539923 1442101 1652541 6281792 10068722 10011372 14159148 199636537 15840385 20297371 80008888 14303355 27609219 74255297 13934912 1125681 
1501471 1835411 5746402 1586501 11666142 14331688 16120265 7093352 151232686 14413715 22938914 14372143 648523 5763262 161801527 6449392 767396 732773 17104751 3840 15485441 652193 15199539 636923 14326840 784912 817268 930061 14645160 12773 7846 24083901 2230871 10350 93017945 403518639 1720771 11435642 10314702 610533 15823784 172814159 166369152 816214 5702 3829151 5768872 3496641 180463340 1242511 13055232 1004 15958614 6476742 7745472 11864262 11740902 18327902 26053643 14763 14964767 657863 749863 917321 1010181 14134204 
14740227 
14740392 
213903671 151781581 
179059513 48626190 23041630 
185517320 
185518062 
163877154 266507694 29851021 41653366 
41653366 29856819 
242989196 
15271920 
16890969 
