3987 4649
1184 1555
2031 2652
1168 4435
1489 2895
68 2087
3676 4797
1427 4194
3518 4965
65 4607
4016 4068
2583 2859
3431 4923
2078 3101
2298 4552
3474 4099
2122 4615
1418 4571
299 4629
2083 2605
2979 2989
1556 4801
1658 3433
4068 4208
68 3481
1663 4963
2777 3221
1560 4489
1731 4717
3951 3978
3285 3978
3573 4965
2652 3763
3878 4307
3934 4108
3422 4384
1106 2063
1546 4493
4255 4726
1418 2045
2488 3978
2437 4196
3865 3888
2886 4893
1572 4552
3446 4499
3951 4649
544 672
3577 4612
3549 3667
1954 3934
3092 4350
2645 3496
3348 4960
471 4826
510 4499
2248 3878
3348 4068
3770 4755
1079 1703
1610 3868
2120 4099
132 521
2122 4843
1762 3051
2363 4908
1110 3474
2160 4153
600 1685
65 4726
2562 4255
3536 4797
2293 4196
4237 4541
3934 4659
4190 4996
4468 4666
2905 4755
2048 4972
30 4875
3890 4307
3747 4883
2084 3512
3051 4755
1639 3747
2095 2763
361 3667
45 2048
1916 4517
3549 4125
3836 4265
2726 3989
3841 4966
2989 3155
1541 2083
3219 4541
809 2474
3474 4190
2769 4659
3058 3747
1555 3428
3989 4552
2349 2769
521 4755
1995 3801
3030 3934
3989 4153
674 4809
1546 3815
2873 3667
2605 4666
851 2043
1202 4615
2366 3632
732 4871
309 4141
2960 4874
4648 4759
3277 4750
780 4826
1895 3739
3534 4103
4893 4960
3549 3767
3235 4435
2422 4381
1649 3815
90 4965
1221 2652
4237 4351
3908 4517
1563 2863
544 2872
4607 4726
3295 4717
3801 4809
2437 4963
281 3549
4190 4960
1322 2320
3466 3888
107 4649
4103 4871
3892 4541
3092 3644
3595 4499
4435 4489
4755 4966
2556 4265
918 3221
1187 4805
2083 4622
3222 3446
2769 3865
829 1496
3632 4351
3893 4259
331 4960
4908 4937
2362 4908
994 4797
1515 4255
1338 3682
4125 4908
1594 4883
3667 4350
3836 4005
1483 4871
3092 3778
2099 4612
1515 4214
1546 3739
3908 4099
1262 3939
1610 4425
1057 3423
4210 4214
1570 3683
776 3058
1916 4996
1581 1635
1086 3139
1603 3908
672 1520
2043 4351
1202 4433
672 4843
3519 3577
2430 2611
3803 4726
2430 4629
437 3739
3692 4883
4809 4843
1799 2763
1549 3428
2762 4390
1156 4923
3519 4908
1582 4972
976 4666
2031 3763
2963 3255
640 1767
2960 4384
3496 4466
780 4843
1997 4820
815 4759
3623 3868
2048 4759
825 4893
2078 4738
2886 4517
2348 3394
775 4615
1493 4937
2043 3978
2001 4493
3577 4937
1174 1515
587 4908
2248 3747
1400 4893
3295 4208
1520 3002
2083 3846
2386 4466
1057 4874
4252 4750
76 3074
151 389
1338 4996
3536 4228
3595 4648
2122 4759
1106 2654
3770 4750
635 3892
1427 4571
3320 3908
3422 4103
2160 4108
1520 4433
2320 3237
1864 3840
3916 4966
2298 3916
442 2873
3255 3431
1639 3989
674 4659
3519 4937
4103 4908
3932 4131
2605 3987
1635 4208
3623 3840
1489 3978
2219 3423
3534 3661
2363 4141
2583 2985
4228 4820
1959 2804
3908 4893
1089 4131
3786 4843
1918 4649
2430 4893
824 918
3623 4381
1020 4210
3360 4435
354 4875
1110 4208
2362 4871
482 4893
3368 4738
3763 4016
4016 4259
3212 4883
2611 3939
3890 3934
3739 4972
3632 3739
4288 4960
780 4435
1274 1320
897 3763
3101 4717
2324 4648
3577 4629
3512 4489
3747 4801
3786 4153
4552 4755
3865 4750
1221 2078
1086 1587
4466 4468
3932 4874
2190 4493
3394 3466
2053 4384
2324 2330
2782 4908
927 4797
2621 4755
2879 4499
149 4499
1990 2804
2422 4265
1418 4923
1322 3939
95 1279
1597 4805
2674 3840
749 803
1019 1959
3892 4390
2248 3692
2777 3878
4214 4541
3139 4797
3417 3888
2605 4965
1202 1279
1421 4259
1685 4759
2064 3285
4005 4571
3549 4612
882 4972
4068 4717
2192 2386
2544 4196
1555 1639
1132 4965
3632 4666
2053 4194
4190 4629
3865 4607
2001 2621
234 4237
2714 4265
429 1019
613 4629
927 1783
2544 3655
2989 4717
205 4493
1572 2758
4108 4750
1995 4809
2053 3277
1685 4648
674 3801
2221 4350
3858 4607
2804 3865
3518 3951
2184 4960
3825 4801
2081 4996
2298 4738
1279 4972
1582 4963
1397 4908
3183 4923
1864 2872
1207 4433
2872 3667
131 2989
4468 4874
1594 3825
2208 4068
3422 4871
398 4433
2323 3890
3002 3573
2363 4571
749 1091
1683 2544
3661 4612
2063 2229
1587 3342
2427 3932
636 2886
2652 4210
1303 2474
1356 4923
2544 4489
3519 4612
1795 3841
2031 4210
2383 4972
175 1019
749 1857
621 4196
114 1563
2567 4871
2714 4809
1972 4965
361 2349
3846 4384
398 2541
1581 3932
1373 3682
142 3422
1649 1895
2493 4820
1683 4965
2493 3212
600 1057
45 3595
45 4972
61 3932
1418 3934
4390 4541
2324 3074
65 142
2084 4738
776 4759
2320 4738
1156 4141
891 4726
1320 4963
2541 4972
1857 4630
2985 4384
3160 4871
2763 3518
976 4649
829 4489
1421 4875
1404 4466
3158 3160
18 4965
1680 4726
297 3595
2160 4659
2562 4607
76 3815
1870 3739
909 1373
3237 4801
3890 4141
521 4820
544 4237
4738 4843
1984 3878
2087 4005
1404 3002
3360 4963
1957 4489
1562 2208
3878 3939
1646 4972
1546 1563
3803 4214
2081 3320
149 2330
2879 4009
4068 4210
1338 4893
3815 4237
1089 4466
1224 4433
4629 4630
3360 3512
2053 2099
4208 4210
1703 2639
3512 4196
2698 4068
876 4128
526 4755
825 2374
640 3878
2044 4571
2374 4750
90 4600
61 4809
1527 4630
592 4820
3623 3650
3222 4759
3002 4666
632 3342
2762 4468
825 4131
907 3632
613 4996
994 2611
3722 3858
701 4759
2362 3692
3101 4016
151 281
1020 4068
2099 4871
621 3496
1703 3722
2611 4801
4517 4996
4214 4726
299 1320
3951 4960
1536 4466
1569 2674
4307 4801
3417 4809
2300 3987
3786 4489
4843 4966
2422 2551
2879 3747
3722 4541
3160 4937
2645 4666
1202 4972
2031 2300
4875 4960
1187 3155
1493 4871
132 3841
3026 3255
749 3682
2960 2963
632 2078
3155 4381
2567 4908
3474 4893
4351 4493
4552 4738
1582 3512
1224 1279
2348 4996
1322 2300
1091 1870
1561 2621
1898 4996
2567 3422
94 4805
1569 4893
2917 4801
2979 4805
2583 3978
2320 3939
1680 4759
2330 2879
4738 4966
2758 4615
1676 3840
2430 4099
3890 4923
882 4433
1527 4960
2095 4552
2100 4552
3908 4960
3801 4381
1106 1560
829 3423
705 1646
2001 2366
2782 4125
1086 1799
1555 3825
281 4153
2886 4960
3916 4755
2782 3577
2300 3878
4381 4805
3676 3825
3803 3892
3394 4820
621 976
45 4871
4190 4517
142 4937
927 2879
4141 4923
3456 3908
3841 4615
2437 3255
4883 4996
2229 4350
3320 4600
3160 4908
158 3394
775 1489
1427 4384
3868 4237
3002 3277
4390 4726
1320 2437
482 4390
2726 4843
4099 4288
3815 4493
1174 4965
2493 4801
3676 4820
2474 4350
3212 4820
3655 4469
4153 4966
621 4965
2698 3916
2726 4755
2474 2654
3868 4228
61 4874
299 4960
1106 3667
1397 2160
3433 4649
775 4517
614 2043
1483 4908
2122 3989
2229 4883
2804 3277
4 4648
2863 3978
3496 4468
3536 4128
2362 4612
1995 3417
3916 4552
2362 4966
3801 4265
3074 4499
1680 3722
332 2427
3221 4108
3836 4805
4874 4965
4125 4871
3212 4801
45 3481
3446 4009
1143 4666
1658 4874
2979 4965
1315 4489
4517 4629
2895 3858
3536 4820
41 4908
172 3650
1918 4666
3295 4210
2726 4966
901 2001
1556 3786
635 3722
2305 3295
3619 4600
4103 4937
1731 2440
2219 4468
3841 3934
3155 4265
4108 4141
2184 4875
1404 4965
1156 3890
3577 4390
3512 4963
1168 4960
1084 4615
4214 4255
2758 3218
3456 3893
3939 4801
3058 3770
2383 4381
1560 2430
4265 4381
3446 4648
3747 4797
2654 3667
479 4288
1610 4738
2556 4805
3934 4966
1079 4805
2324 3222
3868 4350
375 3010
205 3815
2895 3219
3221 4571
3101 3295
2621 4629
3218 4966
3661 4125
4099 4996
2863 2917
891 4214
2468 4615
1840 2960
3692 4128
2349 2374
2386 4875
3987 4245
2190 4351
1683 4131
701 1562
3840 4726
1597 4245
4826 4843
2905 3778
309 3481
3091 4923
4190 4893
4801 4883
3433 4466
3893 4615
1207 2347
1315 3422
1315 4435
4797 4820
4141 4571
4629 4875
3422 4612
927 4960
175 3661
2131 4659
1274 4759
2551 3836
3496 3932
1898 4128
4210 4717
3801 4805
4009 4759
2989 3836
1762 4738
3767 4612
3841 4738
2905 4843
41 3534
2621 4351
4469 4759
876 2611
1536 4666
1563 4493
3573 3951
3446 4759
1990 4384
107 4468
1305 2084
131 3155
3671 4717
4255 4541
1493 4469
323 2440
76 4351
2645 4874
3348 4996
3433 3846
1303 3623
4307 4883
3417 3801
3840 3858
3739 4493
2468 4826
1009 4108
3058 3778
2300 4820
2714 2859
1091 4517
3878 4883
1057 4469
1058 4016
3987 4466
994 3676
1444 4466
1857 4433
2488 2863
1168 4826
2320 4307
2374 4009
2611 4797
1783 4009
1427 3865
3650 3683
2120 2886
3235 4826
3237 3676
4875 4996
2583 3423
3856 4425
891 3858
1009 4923
3916 4738
4612 4937
30 4629
4659 4923
2221 3091
2583 4493
3856 4972
2391 4717
587 4103
2895 4726
2348 4960
1012 4196
3767 4871
785 3466
2989 4805
2556 2979
1255 4612
3237 4820
746 4750
1572 4966
1582 1957
311 3158
749 2758
1520 1984
1972 3433
1795 4996
1610 3623
114 3739
1262 4141
3285 3683
1767 2323
2048 2347
3671 4622
1369 3989
2386 3466
3428 4659
3890 4153
1258 3219
1258 3692
1132 3573
3219 4607
1676 3803
1586 2863
1658 4649
2437 4435
1184 4875
640 976
705 4435
3989 4517
4630 4875
3320 4960
3650 3655
2652 4068
851 4381
543 4750
1012 4435
2551 2714
2323 4210
2305 2391
3825 4288
3091 4228
2347 4972
4255 4607
1373 4659
1767 2305
323 3841
4489 4963
1349 3763
1496 2985
3221 4923
1489 2859
1840 4965
4468 4649
2917 3139
2654 3092
95 4965
2422 4805
3222 4648
1262 2985
3058 3573
3619 4996
131 4805
4738 4755
1315 4963
2248 4801
3139 4820
1563 2349
1307 4874
3183 3671
30 4893
1591 3692
68 4972
2639 3623
1972 3888
437 1561
2184 3235
30 4384
2541 3481
614 2872
2366 4016
2873 3644
3632 3815
2045 4871
4629 4960
4350 4750
3722 4390
471 4489
2440 3237
910 4541
1972 4468
2905 4966
3496 4874
4797 4801
3890 4659
1984 4351
1569 4541
1132 3932
423 4759
1369 2758
79 3676
1110 4068
2422 3074
2293 3360
1224 4972
2330 4648
2917 4820
1009 1484
4552 4615
3158 3423
1587 4883
2654 3519
3417 3836
4 701
1658 3518
4801 4809
3058 4425
158 3865
4005 4963
3219 4255
613 3908
3431 3770
3908 4005
3623 4350
1984 2366
1898 4805
1058 4210
526 4996
3549 4937
2323 4923
1086 2493
1918 3987
3767 4908
1369 4552
61 1840
202 3682
1527 4893
4615 4755
41 592
1984 3632
2621 4237
1079 2714
4196 4963
1898 4797
4194 4425
2777 3770
3160 3767
3466 4252
2383 4433
1201 4552
18 4666
2654 3868
1957 4252
927 4469
1496 2087
4009 4648
4099 4190
2063 3091
776 1731
3671 4016
234 4996
3026 4600
2190 2872
3825 4820
1187 4809
3939 4883
4552 4600
2305 4208
3519 3534
1603 4629
4265 4805
3320 4629
1143 4996
2192 3888
3074 4648
4153 4659
68 4433
780 1663
2873 3803
2348 4875
829 4259
4425 4435
4194 4208
54 2985
3139 3676
3277 3466
1057 4468
1527 2430
331 4893
3183 4552
66 3431
3091 3868
205 3939
3763 4068
2084 2698
2879 4648
3091 3655
3348 4190
1561 4237
4252 4571
2762 3840
725 3655
3219 3892
1143 4875
2320 3747
1187 4265
901 2043
2219 2488
838 2828
3778 4194
1649 2043
815 1680
2298 3989
3644 4228
2468 4196
1594 4005
3692 4820
3010 4659
354 4809
705 4972
1635 4469
1685 2879
2782 3536
3431 4108
3433 4965
2562 3803
59 4963
3549 4871
510 4648
2323 2363
3577 4908
1084 2872
3481 4972
471 4963
1581 1610
4208 4717
3285 4245
3368 3841
4750 4755
2544 3360
4433 4972
2019 3661
1635 3671
2221 4208
54 1586
3422 4351
994 3212
4099 4893
309 4972
3801 4425
3932 4622
1663 2366
3632 4237
4108 4923
1397 3235
1320 4489
1959 2064
3360 4196
3858 4255
1549 4937
3549 3577
3987 4874
918 3934
309 4433
4131 4965
389 3934
2346 4153
2099 4908
175 4750
2541 4629
1307 4801
331 4996
3051 4552
907 4351
398 4972
2192 2804
1703 4194
1184 1916
3747 4963
3987 4666
776 2324
1444 4666
1555 4607
68 4966
1799 3770
54 3158
311 4797
2346 4966
2064 3394
2131 4923
2300 3747
4629 4996
3825 3939
2100 4659
4630 4893
1731 2567
142 4871
281 2363
2095 4615
3951 4466
4629 4966
149 3916
521 3219
4099 4228
1089 2804
3667 3868
4255 4755
672 4237
785 3865
2125 4797
1400 4843
297 4499
332 2083
4517 4960
3595 4469
1356 4541
3394 4571
3394 4996
882 2488
1089 2427
1783 4648
2208 4016
1310 3856
2645 2960
114 437
824 2323
1307 4820
1597 2045
2293 4826
2190 2366
4009 4469
2019 2782
3518 4874
1954 3183
4016 4208
4196 4489
94 4622
3417 4805
1110 4826
3770 4630
2698 3989
3763 4717
3951 4666
4259 4600
1484 4972
4541 4607
2769 3888
2804 4750
3285 4622
4615 4966
2347 2383
375 3786
4131 4759
3417 3692
41 3767
1957 4435
3573 4384
4826 4963
901 4493
297 1572
299 4875
3534 4871
2031 3836
3858 4390
2078 4016
4384 4874
18 3348
1084 4966
3218 4738
636 4937
234 4875
3518 4128
2769 4252
76 4493
1603 4960
725 4350
803 4390
2468 4963
2488 3158
4622 4649
3348 3803
2886 4996
3623 3683
1570 3667
2100 4153
3010 4874
3255 3619
4228 4255
2320 2567
3235 4963
4384 4666
1174 2960
674 2551
1997 3825
824 2979
2081 4893
1610 4893
4649 4965
4381 4809
479 4517
479 2348
2064 2349
3091 3092
4237 4960
2427 4384
2544 4963
2391 3671
1556 4425
1587 3939
3747 3878
1795 4893
3661 4908
2828 3739
3433 3989
901 1895
1356 4390
3676 4801
1255 4351
891 4607
2083 4666
1541 4541
2605 3893
4228 4350
4801 4820
2828 4237
2044 3030
809 3644
1639 3428
2963 4600
2905 3368
3030 3786
3987 4468
2120 4996
838 2621
2346 4615
2221 3644
1541 3671
3878 4228
1303 3868
2305 4717
2562 3456
1990 4600
4016 4717
4805 4809
3841 4153
3074 4009
3932 4350
1795 4875
361 4252
632 2031
909 3431
909 3890
2905 4552
1258 4630
3255 4600
3858 3892
2872 4351
4009 4499
4499 4648
3778 4797
2324 4726
614 4351
95 1207
829 1421
876 3536
1421 3893
1310 4717
732 4125
2698 4755
2782 3767
2131 4517
1305 3989
3218 3916
4103 4612
1591 2208
1527 3212
3623 3644
1012 4963
3222 4499
2053 2639
3692 4797
635 4541
297 2330
910 4255
1320 4759
2323 3536
354 4801
1058 4717
2562 4726
2872 4237
838 4493
1174 4874
4128 4801
2777 3856
1582 2468
1483 4937
3836 4809
1783 4759
3030 3431
1560 4288
1262 3786
1663 4489
2063 4629
4288 4875
2019 4937
2493 3856
1484 3183
4128 4883
3277 4252
3474 4960
3978 4871
1563 4252
3433 4237
1795 2019
592 4288
1569 4390
66 4923
3518 4826
3221 3222
1184 3474
1221 4717
2048 4433
3519 3661
4103 4607
3051 4966
2219 2859
1635 4717
4103 4108
4435 4826
725 3683
2081 3474
4099 4390
897 3101
3534 4937
3536 4883
1493 2099
1762 4843
1959 2386
4 4759
2611 4630
4622 4874
3951 4468
1168 4963
1349 4908
2556 4809
3255 4541
1767 3890
1079 4809
1957 4963
2762 4607
3030 4659
375 1676
785 4016
2348 4630
95 4972
172 2674
3221 3934
59 2468
3422 4937
1224 3218
2044 4141
3101 4210
4622 4965
1274 4630
2674 4390
1400 4629
3841 4820
1536 3932
2048 2963
3518 4649
2293 4963
2917 4883
1594 4228
1561 2828
909 3676
746 2081
2363 4923
132 4755
1587 4797
3840 4468
1515 4726
1262 4923
3878 3888
2674 4214
3320 4893
2639 4194
4196 4435
4125 4937
149 4759
1895 4493
1307 4883
2192 3394
3767 4937
1174 1959
2985 4466
202 2541
2895 4607
3235 4489
3661 4871
3237 4128
2160 4141
311 4883
2346 3916
1546 2873
3058 3856
1174 4489
151 4923
3519 3549
3295 3763
632 4208
4190 4875
3692 3825
3428 3939
3722 3840
2184 4517
1058 4208
701 776
3534 3577
1397 4125
1646 2541
1207 4972
79 4717
2298 4826
30 4966
2698 4875
705 2383
175 4252
172 2045
1349 2391
3422 4908
3481 4433
3786 4659
1916 4099
1916 4552
3951 4874
2979 4809
4466 4649
1515 1676
3803 4541
1997 3237
3160 4612
442 4350
1221 2639
389 4923
4009 4210
2714 3801
2125 4801
1570 3092
4571 4659
4288 4517
521 2726
3474 4875
2229 4820
1020 1635
76 4068
927 4759
4125 4612
3348 4726
4228 4883
4797 4883
2895 3892
332 4965
3841 4552
2221 3667
3446 4469
1373 3010
635 3051
2019 4908
1086 4128
3423 4571
4128 4797
4755 4843
2044 4755
851 4245
3026 3619
815 1685
1305 4966
4108 4659
2330 3595
3002 3987
815 1201
1995 4805
732 4937
2362 4937
1084 2095
2131 4108
2044 4923
2863 2985
1012 2437
2131 3786
1373 4966
543 1990
3951 4131
2989 4809
3655 3683
907 994
297 4265
3770 3778
1972 4874
1418 1556
2184 4996
1864 3512
2567 4103
1591 3456
3722 4214
3348 4607
2125 3878
3747 4307
3183 4622
3770 3846
59 3235
4466 4874
429 3865
4630 4996
3212 3295
2087 4433
4468 4965
3235 3512
897 4717
18 4622
3595 4009
1400 4996
910 1676
4 1456
18 2385
30 2265
41 3831
45 4882
54 4763
59 4037
61 4855
65 4890
66 3161
68 3721
76 4438
79 3038
90 4209
94 4689
95 1584
107 3579
114 4992
131 306
132 2593
142 4038
149 4834
151 4240
158 4090
172 4498
175 3693
202 912
205 4051
234 4121
281 4905
297 4608
299 4873
309 4306
311 3705
323 4383
331 4372
332 4787
354 4264
361 3500
375 1818
389 4995
398 4901
423 4018
429 1896
437 2284
442 4953
471 4370
479 4836
482 4644
510 4282
521 4564
526 3032
543 4709
544 1130
587 4807
592 2943
600 4851
613 4602
614 3901
621 2558
632 3154
635 1776
636 4873
640 4584
672 3923
674 4679
701 2480
705 4257
725 1827
732 4916
746 2801
749 4947
775 3005
776 4784
780 4300
785 4906
803 4449
809 1845
815 4925
824 4191
491 825
829 4780
838 3757
851 4792
876 3828
882 3346
891 4158
897 4357
901 4202
907 4853
909 1066
910 1165
918 4420
927 4389
976 3201
994 4427
1009 2186
1012 2506
1019 4816
1020 1818
1057 3516
1058 3075
1079 1538
1084 4695
1086 4975
1089 4647
1091 3279
1106 4687
1110 4024
1132 1531
1143 4902
1156 3499
1168 4983
1174 1970
1184 2770
1187 1357
1201 2557
1202 4398
1207 4542
1221 3248
71 1224
1255 4928
1258 4652
1262 2803
1274 1839
1279 4346
1303 4993
1305 4731
1307 4835
1310 4936
1315 4327
959 1322
1338 4994
1349 4197
1356 4872
1369 4706
1011 1373
1397 4260
1400 4691
1404 4930
1418 2717
1421 4512
1427 4911
1444 3550
1483 2615
1484 4168
1489 4167
1493 3811
1496 4844
1515 3162
1520 3233
1527 3022
1536 4606
1541 4920
1546 4973
1549 4603
1555 4331
1556 4206
1560 4443
1561 4182
1562 4735
1563 2576
180 1569
1570 4183
1572 2296
1576 1581
1196 1582
1586 3067
1587 4763
427 1591
1594 4925
1597 3382
1603 2552
1610 1826
1635 3883
1639 2702
629 1646
1649 4626
1658 3991
1663 4770
1676 4925
1680 2716
1683 2584
1685 4037
1703 4688
254 1731
1762 4323
1767 4887
1783 2740
1795 4865
1799 1817
1840 4527
1857 4862
1864 4897
1870 3589
1895 4816
1898 4637
1916 1999
1918 4428
1954 4422
1339 1957
1959 4411
1972 4619
1984 4718
1990 2354
1995 4563
1997 4763
2001 4627
2019 4866
2031 3678
2043 4581
2044 3962
2045 2724
862 2048
2053 4315
295 2063
2064 4957
2078 3427
2081 4025
2083 3730
2084 3977
2087 3542
2095 4642
2099 4454
2100 4135
1785 2120
2122 4392
2125 4139
2131 4674
2160 3498
681 2184
2190 2829
2060 2192
2208 4658
211 2219
2221 4511
2203 2229
2248 4104
2293 3462
2111 2298
2300 4744
2305 3429
2320 3679
2323 2326
2324 4561
2330 3248
2346 4483
2347 4328
2348 4121
2349 4783
2362 4164
2363 4402
2366 2505
2374 4211
2034 2383
2386 4211
2391 4962
2422 4561
2427 2780
675 2430
1374 2437
2353 2440
2468 3020
2474 4675
2484 2488
2493 4487
2541 4707
2544 4570
2551 3090
2556 4133
2562 4817
2567 4783
2583 4311
2605 4795
2611 4903
2621 4278
2639 4195
2645 4556
1764 2652
2654 4169
2674 3501
2698 4946
2714 4898
959 2726
2758 4879
2762 2915
2763 2846
2370 2769
2777 4230
1128 2782
879 2804
1286 2828
2859 4715
598 2863
2009 2872
2873 4909
2879 4062
2886 3291
2895 4632
2580 2905
2917 4224
2960 4501
2963 4335
269 2979
2985 3851
2405 2989
298 3002
3010 4478
3026 4227
3019 3030
3051 3983
1407 3058
3074 3860
3091 3816
770 3092
405 3101
3139 3354
3155 3969
3158 4715
3160 3785
3183 3882
3036 3212
3218 4434
3219 4822
3188 3221
3222 4114
3235 4370
2050 3237
3255 3331
3277 4914
566 3285
3295 3413
3320 4799
3342 3647
3348 4138
3355 3360
3368 4619
3394 4479
1660 3417
3413 3422
3423 4656
3428 4939
3431 4976
3433 4062
1619 3446
3456 4601
343 3466
3290 3474
3481 3898
3496 3831
3512 4880
3086 3518
3519 3964
3534 3608
2523 3536
2532 3549
3573 3805
843 3577
3595 4858
2119 3619
3623 4677
3632 4601
2628 3644
3650 4387
3655 4954
3661 4371
3667 4983
3671 3974
3676 4227
1051 3682
3683 4914
3612 3692
3722 3963
3739 4898
3747 3909
3314 3763
3767 4766
2771 3770
3778 4688
3522 3786
3801 4696
3803 4447
1801 3815
3825 4174
684 3836
3840 4983
3542 3841
3846 4911
3479 3856
3858 3933
3387 3865
3089 3868
3878 4764
1105 3888
3890 4909
3892 4123
3393 3893
1837 3908
347 3916
3514 3932
3934 4025
3927 3939
3951 4284
3278 3978
1940 3987
3111 3989
3575 4005
1824 4009
304 4016
2771 4068
4099 4229
4103 4636
3781 4108
4125 4144
3007 4128
2696 4131
1879 4141
4153 4602
4174 4190
4194 4283
1802 4196
3720 4208
4210 4412
4214 4727
4228 4594
3591 4237
4245 4264
3603 4252
2648 4255
1872 4259
3530 4265
4031 4288
4118 4307
1269 4350
2932 4351
4336 4381
4384 4878
4390 4423
4284 4425
642 4433
4435 4458
4466 4927
4451 4468
2069 4469
4489 4947
56 4493
4499 4513
4485 4517
4541 4822
3484 4552
4560 4571
4398 4600
4149 4607
1868 4612
676 4615
49 4622
2270 4629
2017 4630
210 4648
4409 4649
4518 4659
4666 4685
3503 4717
2255 4726
3983 4738
284 4750
4455 4755
4472 4759
3038 4797
3524 4801
4805 4943
1831 4809
2717 4820
1096 4826
4275 4843
3303 4871
3266 4874
4220 4875
2779 4883
232 4893
2821 4908
1692 4923
4884 4937
4413 4960
2603 4963
2326 4965
4796 4966
2650 4972
4518 4996
4 4654
18 3839
30 3674
41 2778
45 4062
54 4013
59 4950
61 4540
65 4126
66 4209
68 4799
76 4567
79 4561
90 2940
94 4656
95 968
107 139
114 4044
131 2581
132 4867
142 4806
149 4403
151 4235
158 4605
172 4205
175 4643
202 533
205 4376
234 4060
281 3926
297 4454
299 4135
309 4976
311 3525
323 4929
331 4790
332 2501
354 4537
361 3366
375 2738
389 4887
398 4146
423 4102
429 2715
437 4744
442 4911
471 2237
479 3958
482 3745
510 4730
521 4914
526 4898
543 4993
544 4258
587 3048
592 4525
600 1059
613 4895
614 4938
621 4724
632 4878
635 2815
636 4057
640 4985
672 4934
674 4734
701 3874
705 4680
725 3507
732 4796
746 1903
749 3245
775 4136
776 3988
780 4668
785 3981
803 4749
809 4101
815 4274
824 4928
153 825
396 829
838 2258
851 3364
876 3973
882 2667
891 4704
897 3241
901 1647
907 2791
909 4236
910 3635
918 4164
927 3842
976 1098
994 3503
1009 2933
1012 4399
1019 4682
1020 4564
1057 3641
1058 4994
1079 4828
1084 3896
1086 4485
1089 4733
1091 4596
1106 4578
1110 3560
1132 2797
1143 3705
1156 4684
1168 4482
1174 4836
1184 2051
1187 3665
1201 3325
1202 2537
1207 2354
1221 4155
1224 3824
1255 2303
1258 4579
1262 4677
1274 3163
1279 4835
1303 1689
1305 2144
604 1307
1310 4580
537 1315
1322 4761
1338 4895
1349 4538
1356 4911
1369 4312
1373 4247
1397 3754
1400 3693
1404 4885
1418 2254
1421 1501
1427 4104
1042 1444
1483 2026
1484 2283
1489 2291
1493 4898
1496 4544
1515 4094
1520 4876
1527 4441
1536 3608
1541 2234
1546 4446
1549 4912
1525 1555
1556 2329
1560 4502
1561 4637
1562 4854
795 1563
1569 2577
1570 4909
1548 1572
1153 1581
1582 3779
1586 2689
1587 2177
1591 4001
1594 3391
1597 4943
1603 3070
833 1610
1635 4619
1639 3336
1646 4770
1649 4257
1658 4062
1663 3762
1003 1676
1680 3880
1683 4374
1685 2302
1703 1709
1731 4773
1762 2429
1767 4536
1783 4946
1795 3839
1192 1799
1840 4318
1857 4918
1864 4178
1870 4942
1895 4719
1898 4958
1916 2809
1918 3656
1954 4894
1957 2086
1959 3407
1972 4697
1984 4710
1990 2659
1995 4967
1538 1997
2001 4171
2019 4706
2031 2585
2043 4322
2044 3602
2045 2789
2048 4134
1403 2053
2063 4701
1284 2064
1182 2078
2081 4728
2083 4910
2084 3371
2087 4281
1893 2095
77 2099
2100 4587
1422 2120
2122 4206
2125 3236
2131 4994
2160 4686
2184 4702
2190 4980
2192 2517
2208 4251
2219 4754
2221 4932
2229 4423
2248 3708
515 2293
2298 3523
2300 4905
1437 2305
1575 2320
2323 4900
2324 4928
2330 4712
2346 4418
2347 2539
8 2348
2349 4287
2362 4389
2363 4400
2366 3909
1687 2374
2340 2383
2386 4129
2391 4885
2422 3150
2427 4525
2430 4492
2437 3734
789 2440
2468 3136
2356 2474
1465 2488
2493 4053
2541 3969
2544 3871
2551 3732
2556 4369
2352 2562
2567 4888
2583 4688
2337 2605
2611 4436
2279 2621
2126 2639
2645 4814
2652 4041
2654 3146
2674 4235
2698 4124
2006 2714
2726 4280
2758 2812
2762 4931
2763 3079
2769 4455
2777 4601
2782 3397
2804 2833
1708 2828
2859 4360
2327 2863
2872 3718
799 2873
2879 3572
2886 2890
2895 3738
2905 4202
1939 2917
2960 4577
2963 4030
2979 4560
2985 4764
536 2989
3002 4785
3010 3656
3026 4577
3030 3734
2156 3051
3058 4284
3074 3976
1125 3091
3092 4961
3101 4481
2254 3139
2703 3155
3158 3984
1780 3160
3183 4093
3212 4754
3218 4418
3219 4204
3221 4685
1182 3222
2343 3235
3237 4859
3255 4495
3266 3277
3285 3926
3295 4358
1967 3320
3342 3838
1859 3348
3360 3493
3368 4418
3394 4969
854 3417
3324 3422
2986 3423
2765 3428
3431 4421
2329 3433
3230 3446
1479 3456
3466 4663
3474 4962
1318 3481
3496 4219
3512 4836
2858 3518
3519 4981
3363 3534
548 3536
3549 3629
2672 3573
3577 3927
3595 4983
3619 4152
3623 3748
3632 4888
3644 3845
3650 4204
3655 3669
3661 4363
3667 4641
3671 4849
3676 4604
159 3682
1232 3683
3148 3692
3287 3722
3739 4845
3178 3747
1487 3763
3767 4403
2844 3770
1540 3778
3786 4894
3801 4269
3803 4442
3815 3996
2358 3825
2794 3836
3840 4059
3841 4319
3846 4177
591 3856
3858 4509
1450 3865
3868 4594
3866 3878
3888 4952
3890 4198
278 3892
165 3893
3908 3927
2134 3916
3932 4073
2817 3934
2894 3939
3951 4973
3978 4274
2467 3987
3989 4844
4005 4819
4009 4026
4016 4496
3412 4068
4099 4898
4103 4976
4108 4699
2310 4125
4128 4217
2516 4131
3717 4141
3887 4153
1514 4190
4194 4291
4185 4196
4208 4946
4206 4210
4214 4754
3503 4228
4237 4976
2455 4245
4252 4568
4255 4388
3096 4259
1204 4265
2333 4288
275 4307
3915 4350
4294 4351
3980 4381
3072 4384
2948 4390
2998 4425
4419 4433
4019 4435
4447 4466
1942 4468
4469 4566
3502 4489
3470 4493
4146 4499
1215 4517
3464 4541
4531 4552
4571 4646
4030 4600
4607 4935
4549 4612
4303 4615
3553 4622
3129 4629
4630 4654
4209 4648
4649 4703
4062 4659
4285 4666
2835 4717
2774 4726
4738 4829
4749 4750
2874 4755
2864 4759
3351 4797
4568 4801
4044 4805
1936 4809
4055 4820
3361 4826
4714 4843
4855 4871
2933 4874
4205 4875
4883 4944
4893 4956
624 4908
3622 4923
4631 4937
4960 4997
4436 4963
4747 4965
4505 4966
4972 4975
3585 4996
4 3249
18 4764
41 2102
54 4127
59 3199
61 2067
65 4891
66 4414
79 3962
90 3292
94 4176
107 4564
114 4079
131 4514
132 4299
151 4199
158 4412
172 4309
175 2716
202 4361
205 4714
234 4951
299 4415
311 4834
323 4357
331 3187
332 3797
354 3774
361 2753
375 3614
389 4320
398 3392
423 4829
429 4867
437 4414
442 4459
471 4702
479 4728
482 4611
510 4807
526 4747
543 2209
544 2984
587 4200
592 4740
600 4936
613 1856
614 2571
632 4066
636 4986
640 4693
674 2753
701 4787
725 4957
732 4903
746 4140
775 4942
780 4798
785 4792
803 2869
809 4925
815 4725
824 4484
825 2751
829 4636
838 4697
851 3918
876 4358
882 4301
891 4663
897 4328
907 4977
909 4247
910 4331
918 3686
976 4393
994 4799
1009 3052
1012 4474
1019 4900
1020 4327
1057 1551
1058 4785
1079 4783
1084 4052
1086 2554
1089 4041
1091 4011
1106 4949
1110 4151
1132 1492
1143 4845
1156 1679
1168 4950
1184 4426
965 1187
1201 4509
1202 4679
1207 4523
1221 4502
1224 4200
1255 4592
1258 1375
1262 3090
1274 4900
1279 4810
1303 2744
1305 2617
1307 3308
1310 3735
1315 4934
1322 4264
1338 4579
1349 4037
1356 2819
1369 1543
1373 4172
1397 4072
1400 4736
1404 4325
1418 4396
1421 2271
1427 4688
1444 1578
1483 4868
1484 2288
1489 3259
1493 3603
1496 4921
1515 4439
1520 4519
439 1527
1536 4757
1541 4119
1546 4948
1549 3047
1555 2602
1556 3857
1560 3618
1561 3028
1563 3651
1569 4532
1570 3751
1581 4480
1582 4249
1586 3225
1587 4934
1591 3819
1594 4248
1597 4266
1603 4272
1610 4973
1635 4795
1639 3940
1646 3677
1649 4342
1658 4039
1663 4970
1676 4971
1680 4983
1683 4718
1685 4932
1703 3523
1731 4357
1762 4992
1767 4943
1783 4370
1795 4864
1799 2984
1840 4816
1857 4870
1864 4868
919 1870
1895 4818
1898 4470
1916 4249
1918 3060
1954 4840
1957 4753
1959 4011
1972 4129
893 1990
1995 3864
1997 4309
1025 2001
1832 2019
2031 4439
2043 4784
2044 4585
2045 4642
2048 4806
2063 2356
1742 2064
2078 3035
2081 3264
2083 4646
2084 2771
2087 4975
2095 3178
1668 2099
2100 4914
2120 3576
2122 2137
396 2125
2131 3606
2160 4352
2015 2184
2190 4885
2192 4422
2208 4236
1749 2219
986 2221
2229 4971
2248 4705
2293 4844
2298 4782
2300 4765
2305 4833
2320 4120
2323 4235
2324 4061
2330 4660
2346 4439
2347 4768
2348 3437
2349 3653
2362 4927
2363 3409
2366 3713
2189 2374
2386 3194
2391 4340
2422 4289
2427 4422
2430 3941
2437 4530
2440 4940
2468 2706
2474 4306
2488 4927
2493 3370
2541 3814
2544 4411
2551 3228
2556 3917
865 2562
2567 3857
2583 4544
2605 4860
2611 4994
2621 4672
2639 3583
2645 4534
2652 2980
2654 4626
2674 4424
1945 2698
2714 3463
2726 4126
2758 4487
2762 4980
2763 4896
2769 4855
2777 4152
2105 2782
2804 4161
2828 3653
2859 4356
1699 2863
1630 2873
2175 2879
2886 4795
2895 4268
2905 3141
2917 4617
2960 3588
2963 4682
2979 4929
2985 4783
2989 3637
2519 3002
3010 4831
3026 4438
2829 3030
3051 3271
318 3058
3074 3525
3091 4598
3092 3571
3004 3101
3139 4056
3155 3544
3158 4867
3160 4769
3183 4550
3212 3443
3218 4166
3219 4944
3221 3851
3222 4865
2496 3235
3231 3237
3255 3762
3277 4863
3285 3872
3295 4408
2055 3320
3342 3420
3208 3348
3360 4740
3368 3981
3394 4238
3417 4513
3422 4746
3423 4713
1574 3428
2275 3431
3433 3444
3446 3970
2595 3456
3466 4441
2446 3474
3481 4408
3496 4812
3512 4747
3518 4561
3519 4994
945 3534
3536 4999
3549 4077
3573 4792
3577 4957
3595 4195
3619 4398
3623 4373
3632 4392
3644 4195
3650 4192
3178 3655
3661 4444
3667 4238
3671 4563
3676 4572
3682 4036
63 3683
3692 4642
3722 4707
3739 4955
3747 4667
3763 4229
3767 4495
3770 4580
3778 4280
3786 3931
3801 4526
64 3803
2817 3815
3825 4637
3836 4621
3820 3840
3841 4742
3846 4447
1718 3856
3858 4661
3865 4211
3868 3936
3653 3878
3709 3888
3234 3890
3892 4059
3893 4576
2709 3908
3916 4702
3932 4876
3934 3944
3939 4192
3951 3961
3978 4544
3987 4272
1668 3989
3120 4005
4009 4672
3935 4016
2065 4068
548 4099
3677 4103
4108 4340
2901 4125
4128 4964
4131 4716
2707 4141
4153 4267
4189 4190
3662 4194
4196 4779
4208 4931
4192 4210
1934 4214
2756 4228
4205 4237
3824 4245
4252 4945
4255 4329
4259 4501
4265 4409
4288 4504
4305 4307
4350 4354
2869 4351
4381 4512
4384 4624
4390 4441
4425 4442
4433 4602
2850 4435
4331 4466
4461 4468
4469 4849
276 4489
4370 4493
654 4499
4514 4517
4541 4867
4552 4748
4044 4571
4600 4657
4607 4715
4424 4612
4615 4835
4622 4927
4629 4876
4630 4693
793 4648
4061 4649
3164 4659
4666 4977
581 4717
4445 4726
4278 4738
665 4750
4755 4758
4759 4780
1393 4797
4801 4888
4462 4805
2805 4809
4766 4820
747 4826
4731 4843
1506 4871
4846 4874
4867 4875
4782 4883
4856 4893
4908 4948
4575 4923
4829 4937
3827 4960
4721 4963
3297 4965
4927 4966
4359 4972
4979 4996
4 4420
54 4060
66 4399
79 4587
94 4678
107 4997
114 4813
151 4662
158 3981
172 4794
202 4957
323 3828
332 2421
354 4456
375 4538
423 4917
429 3827
442 2407
482 3111
510 4789
526 3765
544 4397
587 4877
592 4840
600 4464
636 4109
746 4885
775 4602
785 4339
803 4781
809 4905
815 2695
824 4188
825 4988
838 4224
851 4026
876 4133
882 4357
907 3697
909 4046
910 4861
918 4356
976 3329
1020 3694
1084 3511
1091 3678
1132 4393
1143 4864
1168 4998
1187 4650
1201 3296
1207 4736
1224 4970
1258 4256
1274 4569
1303 3401
1307 4459
1310 2404
1338 4827
1330 1349
1369 4022
1397 4308
1421 4376
1427 4206
1444 3510
1483 3383
1484 3087
1489 4636
1493 4714
1496 4906
1527 3529
1536 3054
1541 4760
1546 4193
1549 4690
1561 4140
1570 3163
1581 4635
1582 4586
1646 4246
1649 4427
1680 4772
1683 3175
1685 3753
1703 4280
1762 4554
1795 4694
1799 4788
1857 1938
1864 4796
1870 4731
1895 4437
1916 4816
1918 3891
1954 4150
1972 4758
1990 4102
1995 3731
1997 4844
2001 3382
2064 4951
2078 2773
2081 4817
2083 3638
2084 4953
2087 3731
2095 4742
2099 4557
2100 4394
2120 4949
2122 4853
2125 3494
2131 4747
1666 2184
2208 4010
2219 4988
2221 2563
2229 3938
2248 3768
1047 2293
2298 3223
2305 4106
2324 4393
2347 4588
2348 4921
2349 4591
2350 2362
2363 4525
2366 3625
2386 4616
2391 4704
2422 4678
2427 4004
2430 3672
2138 2440
2474 4137
2488 4671
2493 3111
2541 3287
2551 4614
2567 3927
2583 4151
2605 3263
2639 4441
2645 4193
2652 4907
2654 4935
2698 2852
2457 2714
2726 4620
2758 3610
2762 4317
2763 4969
2769 3719
2777 4954
1976 2782
2828 3510
2859 4591
2863 4526
2873 4043
2886 4857
2895 4838
2905 4969
2917 3494
2960 3322
2963 4939
2985 4949
2989 4474
3002 4578
3010 4796
2748 3026
3030 4535
3051 4951
1753 3058
3091 4970
3092 4773
3101 4753
3139 4463
3136 3155
1454 3160
3183 4527
3212 4137
3219 4073
3221 4803
1723 3222
3235 4231
1588 3237
3255 3554
3277 4928
3285 4492
3295 4979
3320 4775
3342 4031
3360 4604
3368 4941
3134 3394
3417 3802
3422 4480
1593 3423
3428 3903
3431 4863
3433 3796
3446 4954
3393 3456
3466 3907
3474 4647
3481 4623
3496 4561
3512 4154
3518 4430
3534 3869
3403 3536
3549 4749
3375 3573
2670 3577
3595 4154
3001 3619
3623 4981
3001 3632
3644 3680
3321 3650
3655 4849
3661 4764
1980 3667
3671 4655
3676 4418
3682 3931
3683 4830
3692 3746
3720 3722
3739 4625
3642 3747
3763 4593
3767 4777
3770 4437
3778 4958
2790 3786
3801 4769
3803 4767
3815 4620
3825 4427
2372 3836
3840 4536
3841 4714
3846 4279
3856 4765
3429 3858
3865 4428
3868 4535
3888 4870
2852 3890
3892 4221
3893 4852
3908 4886
3932 4129
3934 4291
3939 4946
3951 4112
3328 3978
3987 4490
3989 4359
4005 4533
3232 4016
4068 4092
4099 4300
4103 4859
4108 4223
4125 4160
4128 4226
4013 4131
3080 4141
3824 4153
4190 4454
4194 4665
4179 4196
1650 4208
4210 4658
3435 4214
4228 4531
3716 4237
4245 4734
4252 4973
4059 4255
4259 4802
4057 4265
3322 4288
4307 4942
4054 4350
4270 4351
4380 4381
4384 4838
4390 4396
3321 4425
4433 4973
4435 4808
3041 4466
4460 4468
4430 4469
4489 4614
4493 4677
3535 4499
4504 4517
4541 4580
4394 4552
4497 4571
4056 4600
3309 4607
4612 4767
3099 4615
4622 4799
4629 4770
4630 4761
2166 4648
2313 4649
4639 4659
4537 4666
4348 4717
4478 4726
4738 4990
1793 4750
4313 4755
4482 4759
4797 4812
4801 4950
4680 4805
4809 4812
4820 4825
4826 4864
4843 4913
4192 4871
4874 4989
2852 4875
4800 4883
4864 4893
4637 4908
4898 4923
3832 4937
4926 4960
4926 4963
4782 4965
4742 4966
4503 4972
3429 4996
66 4962
423 4354
587 4699
809 4562
918 4736
1020 4971
1258 4803
1349 4985
1421 4316
1484 4422
1493 4008
1581 4561
1680 4639
1762 2708
1799 4031
1857 3957
1864 4223
1918 4474
1990 3680
1995 3575
1997 4337
2001 4636
2095 4775
2099 4995
2100 4248
2229 3364
2298 4718
2305 3434
2348 4548
2551 4811
2583 4296
2639 4379
2645 4105
2652 4095
2714 4420
2758 4273
2859 4354
2960 3883
2985 4636
3010 4901
3026 3946
3051 3708
3092 3889
3101 4919
3155 4453
3160 3161
3183 4577
3221 4301
3222 4106
3235 4851
3237 3330
3285 3961
3295 4877
3320 4152
3342 4451
3360 4646
3368 4187
3417 4133
3428 4868
3431 4998
3456 4878
3466 4180
2676 3474
3538 3549
3573 4650
3619 4849
3632 4969
3655 4149
3661 4904
3676 4881
3682 4529
3692 4358
3708 3722
3763 4604
3770 4894
3777 3778
3786 4977
3815 4031
3825 4446
3836 4174
3840 4948
3846 4470
3856 4437
3858 4306
3865 4786
3888 4922
3890 4270
3892 4837
3405 3893
3932 4380
3934 4279
3822 3951
3724 3978
3989 4910
4005 4074
2925 4016
4099 4109
3620 4103
3044 4108
4125 4899
4131 4518
4141 4831
4190 4798
4194 4591
3509 4214
2563 4245
4255 4429
2964 4259
4265 4638
4288 4971
4307 4884
4350 4587
4351 4437
4381 4500
4002 4384
4425 4601
1961 4433
4435 4952
4449 4466
4468 4652
3472 4469
3920 4489
4243 4493
4386 4499
3463 4517
4552 4856
4600 4678
4426 4607
4492 4612
3554 4615
4630 4864
4053 4648
3649 4649
4666 4780
4262 4717
2747 4726
4738 4742
4314 4750
4671 4755
4764 4797
4801 4858
4805 4806
4809 4810
4810 4820
4513 4826
4843 4894
3728 4871
4837 4874
3588 4875
4563 4883
3813 4893
4908 4909
1608 4923
4937 4955
4960 4977
4948 4963
4318 4965
4996 4999
1857 4824
2001 4651
2639 4795
2645 3054
2652 4894
3092 4662
3160 3495
3235 3691
3466 4315
3549 4013
3573 4241
3515 3619
3632 3981
3655 4869
3676 4492
3069 3722
3778 4529
3786 4638
3934 4004
4125 4420
4194 4479
3675 4214
3547 4245
4255 4682
3416 4288
2730 4307
4435 4873
3009 4466
4168 4493
3490 4499
4517 4811
4552 4760
3806 4600
4329 4612
4471 4630
4649 4665
4843 4924
3743 4871
4387 4874
4875 4988
4835 4883
4460 4893
4872 4908
4917 4923
4937 4988
4514 4960
3699 4963
4965 4983
4864 4875
4686 4965
