1693 4710
828 4671
1717 4879
1735 4512
1832 2904
2633 4884
851 4925
2426 4858
2047 4787
1463 4392
1592 3596
2206 4787
1353 4723
4138 4732
933 4511
3640 4881
886 4908
2047 2515
702 3976
1917 2581
1409 3996
774 4908
2114 4740
165 3556
879 2870
4288 4756
4125 4681
1281 3952
3603 4932
703 3596
926 4575
4500 4710
2067 4109
3481 4591
566 3722
732 3084
2941 3921
3112 4728
2724 4808
1942 4986
1119 4560
305 3871
3546 4843
2314 4500
3976 4837
2290 4682
2732 4290
601 3710
828 4113
4311 4732
2580 4523
2453 4394
4826 4906
851 4500
1679 3952
3112 4474
2978 4858
2662 3955
3383 4728
2748 4740
1360 4682
3521 4697
3999 4900
187 4786
1660 4732
2120 2997
3959 4826
3070 4730
1516 4206
2101 4512
1582 2494
4560 4925
1464 1806
540 4500
2264 4290
1582 2345
4284 4697
535 4836
584 3854
4055 4900
2723 4288
359 4472
3387 4844
1653 3166
1746 4752
2016 3691
3928 4697
1806 3444
2314 3229
2189 4127
2026 4710
908 4787
3520 4836
542 1843
3636 4450
1162 4697
2259 3362
1038 4986
1995 4756
2439 3166
2937 3649
3453 4055
3389 4740
1885 3771
2571 4109
2047 4900
1978 4320
803 4756
1781 4258
2305 4334
503 3444
114 4979
4146 4787
3988 4552
3649 4478
4012 4406
2838 4478
805 4414
3444 4752
4197 4489
1137 4578
1211 4138
1377 4870
1520 3605
2067 2115
165 4731
2571 4472
4059 4808
2281 3955
2941 4560
1745 4627
2088 3084
2151 3367
650 2904
3299 4102
2088 4284
990 4946
2365 4912
367 4849
2609 4900
2995 3976
3458 4627
3921 4489
535 2571
4658 4910
4072 4757
2067 4059
2851 3112
427 3105
4794 4932
391 4433
2724 4472
2997 4102
3134 4984
3198 4858
1988 4787
4258 4489
3585 3771
3536 4311
4212 4288
2732 4658
2176 3664
2365 4397
2828 4125
2994 4392
1790 2776
1409 4728
3061 4288
506 3546
2264 4858
2376 4808
3536 4597
4906 4910
4794 4943
1843 3999
1516 4943
1613 4908
2114 2950
2281 4813
4125 4671
3084 4697
2579 2776
2404 4826
1073 2904
1582 2016
1211 4834
4122 4685
4284 4844
4311 4912
2994 3948
2026 3921
47 4884
803 4212
4489 4925
4682 4730
499 3648
2264 4406
2956 3082
1137 4356
2067 4808
926 1281
3603 4870
2281 3458
2591 4910
4224 4984
4682 4813
2897 3039
2950 3764
3236 3691
1250 1831
3353 4190
2218 2897
3304 4844
3536 4959
2376 3414
1735 4786
4394 4826
1321 3666
47 1806
190 4879
1038 4671
3061 3713
1123 3521
3977 4803
1176 4943
2401 4818
3801 4986
2075 4906
285 1303
2026 4891
1594 2724
2404 3523
1832 4849
285 4943
4523 4813
4472 4808
4394 4658
2633 3544
2942 4870
3977 4731
150 4912
629 2120
1679 4575
2404 4910
2218 3317
4122 4740
2910 3198
414 3955
3134 3603
4197 4891
3362 4794
4682 4863
1993 4813
2401 4012
4122 4320
3229 4884
3105 4910
1679 4102
45 4146
540 1741
3082 4566
3039 4575
879 4122
3367 3630
2609 4787
1026 4843
2040 2106
2656 4429
570 4450
3996 4291
4658 4986
2039 4910
3215 4900
121 4323
3921 4891
2376 4836
1321 4731
4578 4787
4826 4986
2571 4808
3348 3989
4059 4472
2923 4771
2513 3636
4478 4552
2910 3568
877 2036
4291 4474
1365 4658
4771 4826
2904 3444
3629 4311
1119 4489
3523 4906
3162 4771
1520 1847
3418 4863
1683 4943
2923 4986
1594 4478
3185 4757
1594 4836
1245 4728
4906 4986
1852 4109
4710 4891
2067 3988
3362 4870
2656 4697
3038 4930
2067 4836
1993 4863
4224 4932
4685 4723
2937 3976
2049 4161
3082 4681
3134 4870
3457 3948
1369 3935
828 2218
3112 4331
2206 4578
3959 4910
239 4967
1832 3142
2923 3801
1253 3299
1679 2897
827 4055
2736 4323
2591 4986
3418 3871
88 4728
1380 4478
3527 3764
190 4794
1942 3162
2623 4794
4472 4836
730 4752
2121 4728
3629 4756
1520 4946
2103 4967
2053 4190
703 4967
1917 4925
2515 4787
3364 4552
601 4837
4138 4627
88 4474
4728 4740
605 3990
4818 4858
1137 3414
3801 4910
2736 2904
3348 4910
3520 4059
2819 3948
1303 4127
384 4756
3988 4478
39 2994
62 4925
503 4323
2384 3387
1501 4429
3871 4834
3636 4392
1847 4837
3229 3976
2732 4858
1225 1384
3536 4035
4146 4356
2120 3049
2404 4986
2609 3414
2897 4113
165 4803
4258 4925
886 4930
2995 4979
3383 4863
3151 4597
3692 3756
1654 3845
4730 4834
2026 4500
3636 3664
3520 3649
540 4925
6 3713
646 4064
1123 2581
1802 4730
2184 4891
3713 3967
138 4959
1465 4881
990 4884
774 4906
2923 3523
3774 4881
2070 4732
3481 3976
2053 4450
2281 3418
1202 4224
851 4489
4837 4881
3520 4109
2345 4284
2629 2721
2831 4979
72 4837
39 4879
3666 4334
2819 3455
2338 2870
1638 4967
3229 4946
4786 4943
2314 4710
445 4757
796 4323
629 3977
1465 4161
2376 4059
850 4906
3629 4397
2038 4752
2176 3521
3764 4685
2075 4986
500 4291
2740 4728
2176 4429
4394 4908
4730 4863
4290 4406
4059 4836
1993 2129
3664 4697
1670 4356
1746 2736
2115 4836
542 4685
1575 4291
1910 2455
2838 3084
3649 4059
1019 4012
2264 2426
902 4803
2259 4984
2923 4826
3134 4932
2259 4786
3989 4826
1225 4884
2721 2956
2176 4697
1653 4834
1783 3304
138 3630
3070 4627
47 4979
1502 4908
2910 4012
4771 4908
4109 4472
2923 4930
1180 3977
2950 4685
2026 4925
1919 3349
3070 4813
1653 4730
3134 4943
12 3168
1948 4752
2040 4284
2384 4932
2387 2831
2454 4394
3102 4818
3162 4908
4146 4427
4397 4959
4035 4756
1660 4834
1995 4597
2828 2928
499 1783
1144 3990
226 4489
962 4818
3877 4752
2819 4190
2070 4627
3713 4681
4627 4813
2633 4837
2049 4884
285 4891
3304 4429
1652 3990
1026 3977
1954 2066
2491 4206
2148 4818
2928 3967
1790 4578
4072 4685
2937 4552
2369 4161
3084 3521
3520 3988
3521 4429
2454 4826
249 3948
1202 4794
2171 2662
2259 4879
1311 4813
3070 4863
3367 4912
4320 4511
1670 4433
3520 4552
3955 4627
1592 4967
3389 4757
4161 4591
1007 4843
3185 3389
2723 4682
2129 3871
1596 4757
1357 4925
2106 3236
3766 4331
1075 4212
2851 4728
257 4858
4127 4560
902 4512
722 4849
1119 4500
535 4472
3527 4757
4138 4682
3596 4858
1978 2748
2039 4930
2923 4910
3458 4834
1256 3142
3269 3713
3629 4959
3389 4122
1501 3664
4072 4740
3383 4331
72 4884
138 1464
3159 3367
2580 4813
4212 4311
803 4035
239 4930
2365 4756
2387 4881
4206 4984
445 4320
1790 3453
3458 4682
1594 4808
1449 4658
1731 4122
206 4125
3630 4912
796 1654
1353 3757
2075 4826
4224 4794
796 4752
2376 4427
4837 4946
2964 4414
3959 4930
2819 2994
901 4879
3710 4881
778 3457
2036 4026
627 4627
1660 4523
2151 4397
2176 4844
1818 4836
3801 4930
2426 4818
3640 3710
2454 4908
1802 4813
3185 3764
1917 4331
4113 4575
2721 3269
713 3955
3544 4884
1806 4849
1939 4787
4394 4813
3801 4826
2151 3536
249 4450
3774 4979
3959 4658
503 3845
3458 3955
3362 4786
1425 4414
3070 4311
535 2115
18 4870
457 4414
299 3151
1612 4323
2831 4881
2819 4450
1942 4930
2910 4858
187 4943
2338 4566
2947 4723
902 3977
4710 4843
4787 4900
1513 1948
4826 4930
3455 4472
2057 3935
1790 1939
2365 4035
3229 4837
3871 4863
1802 4863
2453 4910
3544 4979
3269 4671
2439 4879
3151 4288
4834 4843
187 4932
3218 4072
1007 3546
1144 3935
1670 4787
4500 4560
3523 4771
4146 4578
690 4794
3317 4575
3353 3636
2956 4681
778 4450
1732 2176
121 4752
2292 3414
18 4984
566 3756
1652 3935
3039 4723
1882 4834
2115 4552
3453 4427
2828 3967
4064 4331
4197 4258
2831 3185
3218 4685
3236 4284
2732 4012
702 4881
2075 4394
3648 3691
299 4597
1225 4837
359 4808
2397 2426
3082 3967
4311 4433
1162 2384
4190 4392
213 4552
1741 4891
2049 4591
2581 4291
72 3976
4288 4912
1592 2401
3854 3921
4908 4910
1360 4863
3521 4844
3414 4433
4311 4834
4406 4818
12 3388
1069 4959
2950 4122
1365 4910
226 4560
2264 3198
1966 3877
1978 4122
414 3458
2070 4730
2769 4190
2819 3457
3250 4881
3935 3990
2633 4881
2736 3444
2455 3948
732 4844
990 2328
3596 4406
2103 2910
4732 4863
2591 4658
3455 4836
299 4959
2579 4433
2928 4125
1281 4113
2103 4290
1594 3364
2148 4406
114 4946
3948 4190
1241 3349
3766 4064
1501 4284
1123 4844
3556 4710
2581 4064
4658 4771
2477 4943
540 4489
1948 2038
1516 4984
1843 2776
2656 4560
1653 4138
1948 4986
3198 4818
1575 3112
3771 4288
4794 4879
257 2732
1815 2120
2147 4331
2453 4930
778 2994
1882 4863
1988 4397
3976 4881
1815 4731
239 4986
2724 4552
2947 3039
12 3967
2937 4035
2853 4450
2928 3269
2114 4511
2404 4658
1019 4723
3999 4578
3664 3928
3166 4984
6 3269
1991 4290
2384 3691
3976 4291
4597 4731
2491 4879
827 4146
3640 4837
1917 3766
3605 3710
3520 4478
2031 3568
3568 3596
1575 2851
3105 3959
1654 4849
933 3527
4450 4757
1815 3049
2121 3383
2928 3713
926 4723
3977 4102
72 4591
1783 4697
566 4334
713 4311
4122 4511
4803 4946
1502 4906
4109 4478
3605 4881
4512 4803
1256 2736
3948 4072
1948 3877
4138 4863
1176 4786
2831 3774
3585 4912
2114 4756
361 4912
2928 4320
584 4925
1256 1746
2088 2384
4843 4979
2026 4489
2314 4258
2941 4710
3771 4311
3989 4910
2088 4844
4908 4986
1321 4803
710 4064
187 4870
4146 4433
1991 3102
2047 4578
1803 4560
2148 4967
4064 4212
367 3444
2290 4730
1954 4472
635 4578
854 4511
3414 3999
2290 4813
2189 3854
1180 3299
2189 4891
932 4566
2994 4843
3996 4331
2581 3996
4311 4756
4320 4740
2748 4685
3353 4450
1783 4870
1783 4429
877 3061
4808 4836
2736 4849
1404 3666
3771 4212
1404 4414
305 4682
3596 4908
1746 4849
2129 4863
361 3722
1433 4685
2101 3977
3061 4681
4794 4849
4884 4979
710 4474
2964 4334
1245 3996
2491 4794
3523 4930
2724 3603
2101 4803
3959 4771
879 4870
3218 4757
3546 4102
427 4908
1978 4757
1119 4925
3038 4986
4658 4908
3928 4284
2382 4787
2292 4578
3105 4826
1380 4836
1802 2031
1053 3713
710 4728
2290 4863
2964 3666
3151 3536
3269 4125
2829 3692
4288 4397
1463 2455
1307 4967
2740 3996
2184 3921
2053 3457
879 4879
4731 4803
2218 4575
4127 4710
1094 4331
1995 4959
3921 4925
2066 4836
4906 4908
4560 4891
1840 4757
1513 3877
3544 3605
1806 2038
1449 4910
1425 3722
3458 3871
2515 4433
2904 3877
3989 4930
2928 4566
2036 4681
570 4113
18 4786
2066 3455
2129 4730
1307 4290
3304 4284
367 4752
2369 4884
1073 3845
2115 4808
2477 4870
3756 4414
2259 2870
932 3061
2070 4682
2053 4392
3102 4397
2129 4834
554 4984
4489 4560
1654 1746
2171 4808
4356 4427
877 4566
2656 2838
2769 4392
3082 3269
4472 4552
1806 4836
2314 4560
2870 4943
1380 4059
803 4786
1464 2904
2338 2828
438 4102
2401 4967
3269 4566
2066 4109
2662 4732
4290 4597
2075 4908
1384 3710
2515 3215
3457 4392
2454 4906
1069 4597
3845 4752
3629 3771
1019 3952
3159 4212
4127 4891
1094 3383
445 4685
1991 3568
2691 4858
1613 3959
2477 4984
3536 3771
827 4900
206 4681
3105 4908
2376 3649
2623 4932
3387 3928
4786 4879
4224 4786
4478 4808
3185 4511
1831 4414
1369 2057
962 4967
3988 4109
2942 4879
361 4212
1026 2101
2904 4323
206 3061
990 3710
2290 3039
3134 4786
370 4429
3049 4731
542 3215
4224 4943
3568 4489
1910 2769
3061 4671
901 4794
4786 4870
2723 4912
1991 4406
1144 2057
4908 4930
4597 4756
3523 4908
2851 4331
438 3556
2049 2633
3317 3952
3353 3457
1471 4478
3605 4946
4756 4912
4427 4900
1818 3649
3229 4979
2382 4900
500 4064
2206 4433
4870 4984
1245 4291
3691 3928
2748 4122
4910 4930
1731 4740
2066 3988
4489 4710
1075 4959
2314 4197
4627 4863
3455 4808
2147 4064
2580 4834
3039 3952
2103 4818
1463 3353
3304 4697
1693 4284
1053 4125
1840 4122
3710 4837
1939 2250
3142 3877
1471 3521
2580 4730
4450 4710
2066 2937
1107 4925
4290 4818
12 4026
3198 4290
854 4740
650 1966
3084 3236
3284 4146
500 4474
702 2369
4212 4597
3801 4908
1732 3928
1596 4122
584 4891
1978 4685
4072 4122
4197 4925
4290 4967
722 4323
1991 4858
3988 4472
1125 4884
2623 4984
4109 4552
4478 4836
2581 4728
4392 4932
1340 4932
2250 2609
278 4858
2455 3636
3070 4523
4946 4979
933 4757
2250 3284
1303 4891
3142 4849
1369 3990
2629 4125
962 4858
3630 4959
3304 4566
2387 4837
2723 4959
1917 3383
730 4849
2345 3236
1638 4858
3536 3629
2387 4946
3989 4986
2580 4863
2250 4787
3871 4730
1200 2740
1660 3418
3142 3692
3666 4414
3317 4723
4511 4740
3877 4849
4685 4740
4500 4843
1651 4984
2397 4012
4597 4959
1369 1652
1256 4849
2776 4427
1651 4786
570 3636
438 4731
1007 4803
1125 4870
2513 4190
3364 4059
192 4113
3771 4912
1019 4113
803 4912
1253 4803
3640 4884
1225 4161
1357 1741
3520 4472
4072 4320
3636 4190
2579 3215
2426 3198
3527 4511
1311 4834
2978 4290
3049 3556
438 4803
2608 4427
2623 4870
2571 4836
1735 4943
3713 4566
4826 4910
3367 4397
1831 4472
805 2829
2769 3636
1211 4813
646 4728
1253 4731
4429 4844
1793 3952
2075 4658
2997 4803
1520 2995
1843 4331
3038 4910
4394 4906
4523 4863
926 1353
2454 4986
2623 4879
4786 4932
3142 4414
2314 3854
3215 3453
1225 4881
4552 4808
3082 3388
4012 4967
3387 4697
2581 2851
2769 4450
901 4943
2171 4552
367 3877
2942 4786
1910 4450
2397 4967
1380 4808
2114 4757
8 4331
1954 4478
2723 4212
4206 4786
359 4836
4500 4925
1144 2328
4560 4730
1803 4910
1311 4138
3568 4710
3722 4414
18 4943
1449 4930
1995 2365
3955 4984
1612 4849
1380 1954
4771 4910
2776 4787
3049 4512
3976 4161
4591 4884
710 3134
1303 4489
3102 4406
3764 4320
1019 4575
3629 4212
3999 4427
1966 4849
3168 3349
3159 4959
703 4818
3952 4575
3921 4843
2748 4757
803 4959
4910 4986
359 3455
3162 4906
1732 3648
1307 4818
3546 4803
3605 3976
3664 4284
206 2956
1832 3845
3198 4967
1717 4206
1582 4697
2036 3967
1464 3845
3061 4125
3722 3756
4523 4834
635 4900
3168 4932
2305 4414
2910 4967
2376 3364
4127 4843
2455 4190
2439 4224
4035 4597
805 4334
4161 4946
384 4912
1882 4682
4879 4932
2206 4900
3774 4946
2942 4984
3801 3959
4523 4682
4288 4597
1966 4752
1978 4511
2580 4682
542 1790
3585 4288
2387 3710
4552 4836
1832 4323
2491 4786
114 4881
2439 4932
1513 4752
1882 3070
2369 3976
1885 4397
2439 2623
1783 3387
2250 3414
2345 4844
1256 4900
4752 4849
4474 4728
3185 4072
3455 4552
2259 3603
1451 3999
1053 1919
1176 4932
1245 3766
1303 4500
3250 3774
4591 4837
4560 4710
370 4844
4102 4803
3568 3854
2066 4224
3038 4826
601 3640
2365 4959
2477 4794
3218 4740
4881 4884
1594 4552
1433 3713
1732 2040
2662 4730
3218 4320
4311 4627
121 4849
305 4732
605 3935
1107 4891
4397 4912
554 4786
2870 3603
3603 4984
2956 4671
4627 4834
62 4127
796 4910
1513 4849
305 4813
2691 4967
3038 4658
3039 3317
2439 4794
4406 4858
1942 4910
2662 4834
4127 4258
3568 4967
2748 4511
1840 4740
1253 4102
4627 4730
1053 3061
1991 4967
1847 4884
3649 4808
3389 4685
3105 4906
2106 2384
2387 3605
2453 3989
1745 4732
1781 4891
2950 4072
2218 4723
629 4803
4059 4109
2369 4837
908 4427
457 3666
3284 4900
1693 4891
1806 3845
627 3418
4138 4813
1200 1917
2036 4478
4427 4578
2947 3317
1038 3168
1353 2897
2831 4837
1654 4323
3229 4881
2147 4291
192 4723
1679 3039
1465 2831
150 4959
3527 4072
3348 4826
2036 4566
2491 4943
3458 4813
4730 4813
3142 4334
4512 4731
1053 2036
2103 4406
2997 3556
278 4967
4064 4356
877 2721
3151 3771
1885 4959
3568 4925
3629 4912
1250 3722
1745 4863
1745 3605
3284 3453
2491 4932
1253 4512
2629 4566
1988 4578
6 4026
1993 4627
1831 4771
4122 4757
1746 4323
2401 4858
2591 4879
2515 2776
2580 4732
3481 4161
4035 4912
2129 4813
2453 4908
3764 4740
1679 4113
1502 4930
2950 4511
901 4984
1053 4566
3414 4787
703 4406
3455 4109
1847 4591
1007 3556
2897 3952
1321 4102
2070 4863
3801 4906
1360 1993
138 4912
1464 4752
4320 4685
1654 4752
2748 4072
3039 4113
1731 4863
1803 4826
3523 4658
3215 4146
4190 4818
3710 4591
554 4932
1380 4552
3162 4986
305 4834
2049 4946
933 3764
3185 4740
2838 4429
4197 4710
1176 4870
2382 4146
1919 4566
4591 4946
4323 4849
3649 3988
3215 4055
2978 4818
2016 4697
1653 4311
1985 4591
554 4943
1985 4946
901 4756
1991 2910
4732 4834
187 2942
3229 4710
3871 4732
926 3317
902 4102
2515 3418
4756 4959
1988 2609
2057 3990
1745 4834
4523 4730
3603 4224
2314 4925
1340 1651
165 4102
4055 4427
2426 4489
3236 3664
3523 4986
2292 4433
1180 4102
3185 3218
646 2121
249 4190
1433 3935
2513 3948
1353 4575
879 4943
4161 4884
2070 4478
2147 4728
2314 4843
3774 4884
2629 2956
1818 4808
2656 3691
827 4356
3185 4685
4884 4946
1781 4500
1281 2947
3383 3766
88 1200
850 4910
1592 4858
1683 4206
3166 3362
4113 4523
3544 3774
506 4731
4710 4925
3389 3764
554 4102
2387 4591
1253 3546
4138 4311
1357 4127
877 3082
554 4834
6 4681
3527 4320
3455 4946
2218 3757
4072 4511
1520 2049
3159 4597
45 4787
3185 4122
2732 4834
4489 4891
2184 4258
1202 4943
2904 4849
3527 4685
2870 4879
1741 4710
4627 4682
2305 3692
2581 3766
2088 2838
3105 4986
3771 4397
1741 4925
150 4756
3388 4125
3871 3955
1069 4912
2491 4870
3414 4900
370 2345
2942 4932
3764 4122
3414 4578
3630 4397
4818 4967
1425 3756
3269 4731
3989 4908
2369 3710
2148 3102
1847 4946
2016 4732
566 4212
2016 2106
601 3544
427 4771
3649 4552
702 4946
774 4986
1575 3383
3367 4597
3250 3481
713 4834
3481 4946
2608 4578
2455 4450
4206 4794
2151 4912
3692 3722
3801 3989
3948 4450
4224 4879
226 1781
4356 4433
4908 4979
3536 3585
540 4891
226 4258
2829 2964
2305 3523
1451 4900
3348 3523
1094 3996
2189 4197
3921 4500
1741 2941
2580 2662
1137 4055
3250 4946
1404 3692
3362 4932
1995 4912
584 4291
1596 4511
4035 4397
45 1988
1107 4794
4932 4943
850 4986
499 3928
2740 4064
1735 3166
4224 4870
2040 2838
3299 3546
2851 4291
2870 4984
2942 4224
4356 4591
4356 4900
1038 2721
3453 4578
3556 4512
4658 4906
3070 4834
3649 4836
3388 3713
1885 4035
1679 4723
2494 4697
3521 3928
1731 4685
2662 4523
2369 4881
3349 4681
3568 4891
2292 3996
2384 3648
1245 2851
2067 3520
3523 4826
3877 4323
3955 4863
2923 4906
3774 4591
3162 3348
2147 3766
1781 2941
2121 3996
2950 4320
646 4291
391 2515
2515 4578
2151 4959
4206 4224
506 4967
1449 4908
4290 4858
4433 4900
1612 2369
4311 4959
2571 3455
730 4323
3389 4320
2740 3112
902 4731
3166 4932
570 2994
2656 4284
457 2829
2897 4723
3757 4113
1451 2292
2964 3142
8 4474
2591 4906
62 4891
2040 3304
2776 4356
3218 3389
2189 4925
3764 4072
1211 4863
1137 2382
4881 4979
3166 4943
1732 3304
690 4943
4803 4843
47 3229
1471 4429
2477 4786
3955 4813
2426 4967
2106 4697
932 4125
2075 4910
3955 4730
1613 4826
2513 3457
1793 4575
2250 4900
3710 4884
2937 4472
39 4984
2439 4786
4206 4870
3527 4740
2870 4932
2305 3722
3854 4258
3142 4752
2404 4906
2829 3756
1613 4930
1966 3845
2066 4552
384 4035
1735 4879
1790 3284
2941 4489
2120 4512
1852 4808
2036 4125
1818 4552
192 3039
1995 3630
2404 4930
2629 3388
285 4710
2039 4906
886 4986
1843 4900
1340 4224
62 1107
1256 4752
2828 4566
4682 4834
1651 4870
3102 4290
2623 4943
4843 4925
1651 3134
3523 4910
4697 4732
3640 4979
4258 4710
601 4946
690 4984
3299 4843
2831 3229
2171 2724
3159 3629
3629 4597
367 1073
3444 4813
4394 4930
2454 4930
457 4334
2691 3596
1651 4879
1966 4323
908 4578
3388 4671
827 2382
3959 4906
4356 4787
908 4900
8 4291
3166 4794
2579 4787
2218 3952
2838 4849
1465 4979
962 4290
2106 4844
1449 4986
4055 4787
1803 4394
2184 4429
850 4930
2994 4450
3215 3284
2941 4500
713 4682
1340 4943
2928 4026
4109 4808
1660 4813
62 3364
3418 4813
1988 3284
1831 4803
3102 4012
3284 4055
702 4884
114 4837
3049 4803
1954 3988
500 4331
3418 4732
3348 4906
3481 4884
1463 3457
1075 4597
4794 4984
4392 4450
1465 4837
1831 2829
2292 4427
2950 4757
3162 4930
2171 4836
3989 4394
2910 4818
3556 4843
1793 3317
1307 4858
2513 4392
3527 4122
3348 4930
3229 4161
730 3845
990 4881
4500 4891
2964 3756
384 4597
2691 4012
3692 4334
4489 4500
4026 4566
2723 4756
4837 4884
192 2947
1717 4786
3771 4035
1162 2345
62 4710
3168 4566
3198 3596
4427 4433
2121 3112
3084 4844
3764 4511
3070 4682
4406 4967
138 4756
1612 1948
3229 4591
3284 4356
774 4910
2184 4697
150 4212
3162 4658
4291 4728
359 4908
1357 4197
1985 4837
1384 4946
650 2038
1653 4627
1654 3444
3102 4858
3544 4946
2477 4206
4206 4932
3364 4836
1939 4900
1885 4597
2608 4055
3976 4884
384 4959
605 2328
1409 4291
2454 2978
2491 4984
2121 4331
3061 3082
2769 3948
1840 4685
4826 4908
2513 2853
1917 3996
2740 4474
879 2978
2101 4731
1910 3948
2853 2994
4206 4943
192 4575
2721 3388
4740 4757
933 3389
3801 4394
901 4932
2609 3453
1939 4433
4433 4578
854 4072
213 4472
3976 4591
605 4849
1670 4900
3038 4908
2397 4818
3854 4560
4055 4433
1311 4730
4026 4681
4012 4818
1638 4406
3664 4844
2369 3605
1802 4627
1241 4026
3955 4834
2513 3353
1745 4813
1502 3801
506 1007
2740 3383
2941 4925
2997 4731
1404 2305
4870 4943
1377 4984
2206 2382
4127 4489
249 2853
1241 3269
3596 4818
2039 4986
1651 3629
3640 4161
605 1433
45 3999
3364 3649
1451 1843
3649 4472
1596 4740
3151 4397
2115 4478
703 3948
2937 4059
1818 2724
414 4627
2151 4597
2477 3362
2997 4512
3304 3691
1942 4826
4730 4732
4786 4794
499 4697
4511 4685
414 4813
732 3928
566 1250
3168 4026
650 4849
1954 4808
2120 4843
2114 4072
3648 4429
1852 4552
570 4392
1176 4984
1638 2148
1463 4190
1840 4511
2608 4900
1831 3692
1852 2941
3367 3771
3959 4986
3996 4064
2103 4012
3444 3877
2147 4474
1200 4728
114 4884
4334 4433
1832 2038
1250 4414
2662 4863
2114 4685
4512 4843
3367 4959
3871 4575
3871 4138
3648 4697
2853 3353
627 4834
1200 4474
1075 4397
1592 4406
1988 3999
1425 4334
2031 4858
1321 3546
1502 4986
2401 4406
4433 4787
2633 2831
3367 3585
8 4064
2426 4406
4064 4728
2609 3284
206 4808
4682 4732
190 4870
4879 4943
3348 4986
4320 4757
2338 3349
1384 4884
2591 4908
3757 4723
1007 2995
1843 4658
3353 3948
1377 2942
3049 4943
2829 4334
566 3666
732 2016
226 4197
1731 4320
3801 4658
3999 4787
2281 4682
1380 3959
1281 4723
2748 4320
4858 4967
3871 4323
627 4138
1073 4849
1162 4284
3921 4710
3756 4334
1942 4908
2053 2769
2732 4967
2513 4450
2404 4908
1404 4334
3159 3585
2328 3990
3444 4849
828 4575
2736 4752
4627 4732
1516 4794
2184 3691
1321 3049
2305 3666
4035 4959
1803 4986
1985 4979
3168 3967
2829 4414
3218 4511
4064 4291
47 4591
3162 4826
3544 4881
2633 3976
1683 4932
2049 4837
4731 4843
2039 4908
4258 4891
4671 4681
4685 4732
2397 2691
3269 4681
1592 4818
2769 3457
8 3996
4813 4863
2016 2838
1652 3692
1202 4879
1683 4794
1575 4728
1613 4986
3387 4429
1119 4891
3692 4414
138 2723
3418 4627
3999 4356
4489 4552
2995 4591
1847 4757
3999 4055
4575 4834
3959 4908
1613 3989
2609 4433
2629 3967
1575 4474
4575 4723
4212 4959
1670 3999
1693 4843
1202 4870
3630 4756
3299 4731
3105 4930
2656 3387
2047 3453
1993 4834
2171 4472
2281 4757
3388 4681
3082 3349
2453 4906
1425 3692
1806 4323
370 2494
3988 4836
3536 4912
1793 3757
3648 4844
932 2956
391 3453
1516 4879
3348 4908
3585 4035
4943 4984
1026 2997
535 4808
1745 3070
1241 2828
1123 2384
2579 3999
278 4290
4113 4723
500 4728
3364 4808
3845 4849
1815 3977
4658 4826
2338 3168
6 4566
1612 2736
190 4932
3990 4863
3996 4728
730 3444
629 4512
1069 4397
1516 4870
1885 4288
2016 4844
1211 4682
3481 4891
2292 4787
257 4967
2338 4125
1852 4478
1125 4881
2662 4138
299 4288
1465 4591
370 1471
3996 4474
1948 4697
1802 4732
3568 3921
3362 3603
828 3952
4523 4732
710 2581
1176 4879
3304 4127
3556 4731
2171 3364
1365 4906
2281 4863
3766 3996
1026 4731
3710 4161
2947 4575
3388 3649
854 4757
1885 4912
2853 4190
4012 4290
1852 4836
805 3722
3546 3977
1026 4803
1250 3756
4323 4752
584 4258
361 4756
1409 4474
3481 4837
1137 3710
2829 3666
635 4427
3774 4837
2950 4740
88 1917
1717 4794
1683 4870
2264 4967
3546 4731
3520 4710
1180 4731
1038 4681
1939 4427
2328 3935
4906 4930
713 4813
933 4740
3596 4290
646 4331
2477 4932
213 4478
213 4836
1464 4323
3038 4906
4394 4910
3236 3648
1311 4732
2281 4730
3959 4394
3544 4837
1180 4803
3236 4429
2148 2732
2101 4843
1781 4710
4102 4731
1520 4979
3666 3722
3605 4884
3166 4879
2047 4146
1357 4891
3105 4658
3383 4064
2591 4930
4311 4730
2397 3568
1803 4906
3105 4771
257 4406
990 4591
1038 1919
1404 1425
4026 4125
2819 4392
3871 4813
1693 4429
1180 4512
2978 4967
1360 2662
3636 3948
1502 4910
3084 4429
47 3774
4109 4836
4771 4906
1882 4732
851 3854
1202 4932
3348 4394
690 4870
908 4356
1978 4740
1409 4064
2292 4900
2453 4658
3967 4671
4808 4858
2115 4472
2629 4681
2995 4946
2031 4290
1069 4035
1653 4732
1919 2956
2184 4489
4566 4681
3989 4906
2070 3871
1910 4190
4771 4930
3162 4910
3159 4912
4127 4925
1919 4681
2721 2928
2724 4836
1803 3523
2732 4818
554 4206
542 2608
854 3389
1790 4787
3457 4190
3640 3871
4138 4834
4591 4881
165 4843
3049 3977
391 4900
3722 4334
1985 2633
4397 4756
3159 4397
1019 2947
2494 3387
2382 3999
361 4035
1995 4035
2365 4288
4291 4331
722 4752
2831 4946
1596 4320
4356 4578
1360 4813
730 3250
1660 4863
4879 4984
4334 4414
3648 3664
3605 4837
850 4658
1882 4138
2206 4356
249 4392
2250 4578
3854 4127
2571 4478
629 4731
1311 3955
72 4979
1377 3603
2039 4826
2206 2579
2579 4055
2937 4808
3049 4102
3458 4730
1831 4334
3299 4803
2070 4813
2305 3756
2038 4849
3766 4474
1993 4682
3364 4109
2937 3520
4394 4986
3520 4808
4288 4552
438 4512
1307 2401
3151 4212
1653 3458
635 1670
4697 4844
2218 4943
4125 4566
1094 4728
3250 3605
1433 2057
4930 4986
2382 4433
39 4943
3215 4578
3640 4946
3766 4728
278 4012
1939 4356
3151 4959
4161 4837
3959 3989
4331 4728
635 3967
2171 3455
3453 4900
2923 4908
2057 3353
3952 4723
361 4826
1910 2819
2121 4474
879 4984
1613 3801
3349 3713
886 4826
3349 3388
1075 3630
2740 4331
206 2828
1123 1471
1781 4560
2910 3102
1451 4146
1384 4591
1717 4984
778 4392
3544 3976
2691 4406
3134 4206
1125 4946
1985 4881
1019 3757
39 4932
962 2103
4331 4474
3630 4212
1942 4906
3691 4844
1340 4870
1365 4986
3458 4863
1211 4627
1501 3521
542 4900
1948 4849
3585 4311
3967 4026
1321 1815
18 3603
1815 4512
1852 4059
3556 4803
3605 3640
503 4752
3757 4930
2947 3757
4658 4930
2455 4392
1502 4658
3948 4392
3168 3713
690 2870
3955 4732
2053 3948
1731 4757
2454 4910
3988 4808
2591 3038
650 796
1125 4932
2937 4478
2937 4836
1241 3967
933 4879
1818 4478
886 4394
2995 4884
1954 4836
3989 4658
4197 4560
774 4394
1735 4984
3989 4771
1516 4786
722 1948
2031 4967
2608 4787
3854 4489
3102 4967
3585 4756
2721 4671
503 4849
932 3269
1693 2494
1471 4844
2148 4858
278 4818
4206 4879
3546 3556
1409 4331
4523 4627
1007 4731
3603 4786
1365 4826
2776 4146
4311 4682
506 4803
1449 4394
1815 2997
4059 4478
1094 3766
1513 3845
3362 4984
3455 4478
3955 4682
2853 4392
1638 4818
2623 4786
121 3845
1660 4682
1735 4870
88 4291
1501 3928
12 2928
4288 4959
2292 4146
2724 3988
3988 4059
850 3959
1073 3877
2151 4756
3871 4627
2376 2571
3383 3977
2259 4943
427 4986
1596 4685
3691 4697
2397 4858
445 1840
1843 4146
2721 4406
3362 4979
4012 4858
4102 4512
1377 4943
257 4818
1463 2819
1107 4258
3364 4472
2189 4500
584 4197
1582 2088
570 3353
4212 4912
627 4732
3666 3756
1384 4161
239 4818
710 3766
1369 3976
4511 4757
4685 4757
722 2038
3481 4881
1596 3082
703 4012
3383 4291
1793 4723
730 4843
3630 4288
2384 4429
3952 4113
1575 2147
4834 4863
414 4834
1125 4984
2376 3455
2629 3349
2515 3414
1596 3218
3418 4730
1250 2964
213 4808
121 3444
1717 4870
2591 4771
445 4740
4794 4870
2039 3038
3977 4512
2338 3967
3764 4757
3112 4064
635 4787
1360 3418
3928 4844
1988 4427
2120 4803
3215 4427
3168 4671
361 4959
3353 4392
4578 4900
6 4470
8 4871
12 4987
18 4659
39 3211
45 3917
47 4436
62 4953
72 1024
88 3838
114 3244
121 4641
138 4309
150 4228
165 2251
187 3790
190 4882
192 3316
213 2619
226 1147
239 3413
249 4545
257 4865
278 3654
285 4330
299 3616
305 4824
359 4069
367 4302
370 4950
384 4653
391 804
414 4460
427 4302
438 2274
445 3796
457 1789
499 3076
500 1226
503 1468
506 4583
535 4814
540 2212
542 4952
566 1904
570 4784
584 4899
601 3985
605 3099
627 1705
629 4686
635 4680
646 3741
650 4911
690 4413
702 3890
703 3420
710 3247
713 4677
495 722
732 4157
774 888
778 4170
796 3725
805 2944
827 4576
828 3110
675 850
851 2475
854 4976
877 4957
886 2297
901 4407
902 4583
908 1827
926 2940
932 3324
933 4314
962 4657
990 2868
1007 3222
1019 4601
1026 2592
1038 3726
1053 2824
1069 3488
1073 4173
1075 4080
1094 4272
1107 4973
1119 1476
1123 4848
1137 4374
1144 4186
1162 4970
1176 4651
1180 1828
1200 1228
1202 4353
1211 1507
1225 4365
1241 1345
1245 4617
1250 4250
1253 2993
1256 4600
1281 4573
1303 4948
1022 1307
1311 4463
1321 4084
1340 4724
1353 2621
1357 3502
1360 4181
1365 4220
1369 4933
1377 3381
1380 4876
1384 3393
1404 4158
1409 3436
1425 2386
301 1433
1449 4907
804 1451
1463 4851
1464 3725
1465 3100
1471 4848
1501 3479
1502 1889
1513 3553
1516 4407
1520 3380
1575 4985
1582 4458
666 1592
1594 2938
1596 4041
1612 4978
1613 2815
1638 3213
1651 4076
1652 4186
1653 2603
1654 3475
1660 1854
1670 4329
1679 4243
1683 4557
1693 2836
1717 4830
1731 4976
1732 4917
1735 3791
1741 2660
1745 4049
1727 1746
1781 4755
1783 2532
1790 4574
1793 4584
1802 3539
1803 4797
1223 1815
1417 1818
1831 3220
1832 3270
1840 4255
1843 1923
1235 1847
1852 3424
1882 4347
1885 3813
1910 2637
1629 1917
1919 3531
1939 4738
1641 1942
1948 4078
1954 4517
1966 4621
1778 1978
1946 1985
1988 4832
1991 4021
1993 4494
1995 3674
2016 4620
1140 2026
2031 4293
2036 3022
2038 4847
2039 4287
2040 4354
2047 4895
2049 3906
2053 4094
2057 4281
2066 3149
2067 4641
2070 4506
2075 4337
727 2088
2101 4944
1905 2103
2106 4400
1334 2114
2115 2117
2120 4129
2121 4398
1650 2129
2146 2147
2148 4904
2143 2151
2171 4785
2176 3747
2184 4036
1823 2189
2206 3426
1573 2218
381 2250
2259 3938
2264 4720
2281 4975
2290 4931
2292 4126
2305 4976
2314 2920
2175 2328
2338 4919
2345 4307
2365 3677
2369 3633
2376 4095
2382 3447
2384 4888
2387 4485
2397 3787
2401 4505
112 2404
65 2426
545 2439
2453 4720
2454 2463
2455 4678
2477 3763
2491 4176
2494 4006
2018 2513
1219 2515
2571 2573
2579 4142
2580 4978
2581 3718
1082 2591
2201 2608
2609 4407
2570 2623
2629 3148
2633 4551
2656 4970
2662 3565
1005 2691
2721 3553
2723 4886
2724 4977
2626 2732
2672 2736
2740 4823
2748 3783
2769 4851
2776 3579
2819 4033
2828 4341
2829 4260
2831 4766
2838 4821
2851 4184
2853 4934
1191 2870
2897 4239
2904 3651
1273 2910
1101 2923
2928 4669
1309 2937
2941 3778
1466 2942
2944 2947
896 2950
2956 3836
2964 3553
2978 4791
1824 2994
2995 4305
2996 2997
2081 3038
3039 3241
3049 4616
1697 3061
706 3070
3082 3724
3067 3084
3102 3875
3105 3875
442 3112
3134 4936
3142 4156
2684 3151
3159 4795
3162 3975
2054 3166
3168 4821
3185 4976
3198 4720
709 3215
1363 3218
3229 4909
1503 3236
3233 3250
2741 3269
7 3284
3299 4715
3304 4848
2621 3317
1526 3348
1345 3349
2357 3353
3359 3362
3364 4250
3367 4704
2024 3383
2968 3387
3388 4885
233 3389
3414 3721
369 3418
1525 3444
804 3453
3455 4044
3457 4422
3458 4938
1235 3481
3520 4861
3521 4926
3523 4359
3527 4528
3139 3536
1483 3544
3392 3546
1719 3556
1819 3568
3336 3585
3171 3596
3101 3603
2751 3605
3629 4662
3630 4531
2013 3636
2864 3640
3648 4532
409 3649
3664 3956
1545 3666
2010 3691
2782 3692
3540 3710
2639 3713
2782 3722
3756 3950
3757 4250
3764 4319
2878 3766
3771 4927
463 3774
3801 3808
3845 4050
3854 4054
3871 4809
2243 3877
3921 4058
3928 4538
3935 4186
3948 4423
1737 3952
3955 3958
3959 4996
369 3967
3515 3976
1719 3977
2511 3988
1247 3989
2953 3990
2618 3996
2045 3999
4012 4720
4026 4467
4035 4899
4055 4970
3899 4059
4064 4408
2730 4072
4093 4102
4095 4109
3273 4113
4122 4976
4036 4125
4127 4330
878 4138
4142 4146
2041 4161
4190 4851
758 4197
4206 4904
3498 4212
4224 4877
4258 4665
2681 4284
501 4288
2768 4290
4291 4691
4311 4662
4320 4961
2199 4323
4295 4331
3415 4334
3667 4356
3393 4392
3097 4394
4397 4820
3657 4406
3848 4414
4336 4427
4429 4970
2976 4433
366 4450
2564 4472
4474 4481
3909 4478
1183 4489
4500 4948
4076 4511
4512 4518
1430 4523
252 4552
2750 4560
2639 4566
2917 4575
2388 4578
1074 4591
1523 4597
2126 4627
3851 4658
4671 4689
3213 4681
3759 4682
1711 4685
2329 4697
4705 4710
1333 4723
3892 4728
4266 4730
2298 4731
4616 4732
1312 4740
721 4752
392 4756
1334 4757
1946 4771
2598 4786
4787 4876
2903 4794
4270 4803
4483 4808
3244 4813
3114 4818
4156 4826
3212 4834
1018 4836
2827 4837
2298 4843
4844 4860
2672 4849
4509 4858
3212 4863
336 4870
4879 4897
1607 4881
2116 4884
4601 4891
4401 4900
2544 4906
3834 4908
4758 4910
1170 4912
1294 4925
3804 4930
3395 4932
3779 4943
1001 4946
718 4959
1349 4967
4362 4979
3881 4984
3097 4986
8 2905
39 4324
45 3214
72 3385
88 203
114 4773
150 4675
165 4543
187 2405
190 4232
226 4874
239 4868
285 4137
299 4662
359 867
367 2269
370 4944
391 1980
414 4260
427 2913
438 4421
445 2881
457 3220
499 4970
500 2931
503 3728
535 3647
540 574
605 4899
627 4505
646 2161
650 652
702 3241
774 3656
778 4851
796 899
805 4905
827 4775
828 4239
850 2224
851 4960
854 4750
877 4373
886 4375
901 4469
902 3177
908 4631
926 4239
962 4093
1026 3945
1053 4034
1069 4825
1075 3945
1094 4877
1107 4948
1119 3719
1123 4497
186 1144
1162 4562
1176 2098
1177 1180
1200 4250
1202 3164
1225 1235
1241 4739
1245 4381
1250 1794
1253 4997
1256 4231
1281 4250
1303 4487
1307 4718
1311 3011
1340 4218
1353 4071
1357 4665
1365 2733
1369 2953
1377 2128
695 1384
1404 2153
1409 4976
1425 1778
1433 4619
1449 3777
1451 3964
1463 2667
1464 4404
1465 3468
123 1471
1501 3997
1502 2046
1513 4867
1582 4886
1594 2015
1612 4780
1613 4522
1638 1657
1651 4011
1652 4777
1654 3318
1660 1700
1670 4269
1679 2900
1683 4936
1611 1693
1717 4936
1732 4907
1735 4175
1741 4744
1746 3770
1783 4970
1790 2458
1793 4250
1199 1802
1361 1803
1815 4251
1818 4916
1832 3889
1012 1840
1852 4411
1882 3837
1910 4851
1919 2076
1942 4873
1565 1954
1966 4389
1978 4878
1985 4595
1988 4724
1991 2624
1995 4354
2026 2294
2031 3012
2036 2963
2038 4989
2039 2043
2040 4970
2047 4945
2049 3599
2053 4851
2057 4991
55 2066
2067 3829
2075 4861
2088 4509
2101 4583
2103 3723
2106 4848
660 2114
2120 4753
2121 3646
2129 4695
2147 2357
2148 4675
2151 4603
2171 4633
2176 4772
2184 2309
2189 4950
2206 4955
1610 2218
2250 2252
2264 2528
2281 3908
2290 4680
2292 3903
2305 2944
2192 2328
2215 2338
2345 4903
2365 4527
2382 3998
1484 2384
2387 4845
2397 4720
949 2401
2404 3966
2426 4385
1216 2439
2453 3439
2454 3945
2455 4851
2477 4649
1374 2491
2494 3086
2513 3141
2515 3645
2571 4426
2575 2579
2580 4132
2581 3972
2608 3628
1405 2609
2623 4513
2629 4283
2633 3961
2656 4796
2662 4447
2691 3560
2721 4457
2723 4793
2341 2724
2732 4720
2736 4747
2740 4408
978 2748
2252 2769
2618 2776
2828 4383
2829 4350
2838 4903
2851 4596
2853 4851
2870 4936
2897 3876
2904 4743
2910 2982
2923 4257
2937 4042
2941 3148
2003 2942
2947 3663
2950 4976
2956 4299
2964 4022
2978 4772
2994 2996
2995 4595
2997 4611
3038 3248
3039 4608
3049 4430
3061 4993
3070 4295
3082 4131
2763 3084
3102 3314
2409 3105
3112 3115
2286 3134
3142 4833
3151 4820
3159 3161
2955 3162
3166 3998
3168 4383
2884 3185
3198 4842
32 3215
3218 3846
3229 4687
3236 4848
3250 4034
3269 4099
1690 3284
1719 3299
3304 4174
2917 3317
3348 4772
3349 4383
3353 4851
2823 3362
3277 3364
3367 4820
3383 4386
3387 4848
3388 3754
3389 4976
3414 4519
2411 3418
3444 4738
3453 4629
3455 3517
3457 4851
3458 3700
2764 3481
3520 3588
3521 4562
2762 3523
2223 3527
3536 4184
3544 4370
3546 4924
2794 3556
724 3568
2764 3585
1657 3596
3603 3604
3605 4689
1668 3629
3630 4662
3636 4851
177 3640
3648 4631
3649 4201
3664 4970
3220 3666
3691 4970
3692 4977
3710 4595
3713 4129
3709 3722
3618 3756
2688 3757
2435 3764
3766 4904
3771 4820
2092 3774
2990 3801
3845 4533
3854 4987
2617 3871
2672 3877
3921 4998
3928 4999
3935 4581
3811 3948
3952 4214
3954 3955
3956 3959
3967 4374
3232 3976
3977 4583
3988 4776
2938 3989
3099 3990
3996 4988
3999 4112
4012 4981
4026 4090
4035 4375
2976 4055
4059 4573
146 4064
2683 4072
642 4102
4109 4118
4113 4250
4122 4139
4125 4617
2443 4127
4138 4812
2457 4146
2575 4161
4190 4451
3719 4197
245 4206
4212 4373
2903 4224
4258 4428
3086 4284
4288 4665
4290 4703
4291 4408
4153 4311
2684 4320
3725 4323
3920 4331
4334 4952
2632 4356
4392 4520
4394 4742
4397 4593
4406 4621
3220 4414
1906 4427
4415 4429
4433 4890
4450 4851
3196 4472
4474 4874
4095 4478
872 4489
2443 4500
4511 4743
3386 4512
4523 4525
4477 4552
1611 4560
4383 4566
4575 4842
4578 4924
2489 4591
2641 4597
1395 4627
806 4658
3619 4671
369 4681
2688 4682
3879 4685
4369 4697
4054 4710
4250 4723
4074 4728
1838 4730
4665 4731
1395 4732
4719 4740
3987 4752
4662 4756
4757 4976
3324 4771
4655 4786
4736 4787
4794 4820
2476 4803
867 4808
4813 4911
1632 4818
326 4826
1846 4834
3019 4836
4595 4837
4563 4843
1359 4844
3725 4849
4720 4858
4273 4863
4854 4870
4257 4879
208 4881
3735 4884
4891 4901
4314 4900
4289 4906
3763 4908
4147 4910
4662 4912
2082 4925
4455 4930
4932 4981
3211 4943
4899 4946
2773 4959
3335 4967
4518 4979
3545 4984
4615 4986
190 3309
427 2008
457 4061
499 2966
827 4887
828 4590
851 4948
877 4887
886 4535
902 4758
1069 3404
1075 4383
1094 4865
1107 1426
1119 3570
1162 3830
1245 4629
711 1281
1307 4327
1353 3620
1369 2406
1425 4667
930 1433
1449 2498
1501 4970
1582 4970
1612 4952
1652 3309
1670 4503
1683 4534
1732 4903
1746 4977
1818 4724
1910 4638
1345 1919
1942 4997
1966 4128
1978 4563
2026 4137
2038 2753
2040 4848
2049 4852
2053 3641
2002 2057
2067 4003
469 2088
2103 4145
2106 2364
2114 4898
2129 2361
2147 3687
2148 4850
2151 3486
2176 4970
2189 4948
2264 4824
1039 2290
2328 2406
1030 2338
2345 2698
2248 2387
2397 4840
1005 2426
2439 4715
2453 4663
2454 3511
2477 4067
2491 4070
2010 2494
2579 4405
1243 2608
1117 2623
2633 4687
2656 4534
2597 2723
2724 3910
2740 2930
2748 4976
2769 4866
2776 4050
2838 4915
2851 4770
2897 3372
2923 4936
2947 4250
2956 4091
2964 3595
2978 4271
2994 4851
1001 2995
3035 3038
3061 4696
3070 4383
3084 4310
1259 3102
1712 3112
2944 3142
3159 3864
3185 4721
1556 3198
3215 4360
2624 3218
3236 4211
3250 4366
3297 3299
3304 4970
2291 3317
3349 3953
3362 4936
2422 3364
3387 4903
2587 3388
1759 3418
3453 4576
3457 4991
3521 4187
1711 3527
3536 4327
2248 3544
3546 3753
3556 4894
3568 3569
3585 4820
1349 3596
2903 3603
3629 4956
3630 4895
3640 4595
2763 3648
3649 4964
3664 4848
3666 3848
3691 4903
3683 3692
2914 3713
3722 4684
3756 3848
2621 3757
3764 4976
3766 4408
3771 3776
1952 3774
3801 4706
3845 4159
3854 4948
3877 4975
3921 3942
3928 4903
3948 4239
3952 3957
3955 4503
3404 3959
3967 4571
3977 4417
3989 4095
3892 3990
3996 4889
2371 3999
4026 4383
3676 4035
3707 4055
867 4059
4064 4337
4072 4976
99 4102
4109 4319
4113 4916
4122 4867
3827 4125
1556 4127
4138 4751
4146 4148
4161 4595
2317 4190
985 4197
4206 4936
392 4212
3545 4224
4054 4258
1905 4284
1523 4288
4290 4720
1621 4311
3754 4320
4323 4366
4105 4331
3848 4334
2976 4356
4392 4851
3913 4394
4397 4485
4406 4944
2782 4414
2077 4427
4429 4903
4162 4433
4352 4450
4095 4472
4474 4729
4464 4478
4489 4762
3233 4500
1334 4511
4503 4512
4494 4523
4551 4552
456 4560
4566 4570
855 4575
4578 4711
4591 4595
4597 4917
3946 4627
4658 4659
4666 4671
3732 4681
4674 4682
4318 4685
4697 4702
4710 4948
2621 4723
2842 4728
1835 4730
4721 4731
4037 4732
2624 4740
2243 4752
4756 4820
4413 4757
4303 4771
4786 4905
4629 4787
3545 4794
4583 4803
4808 4832
4522 4813
4818 4823
806 4826
4147 4834
867 4836
4529 4837
4054 4843
1491 4844
4353 4849
4236 4858
4240 4863
3211 4870
4879 4953
4714 4881
4795 4884
1426 4891
4887 4900
806 4906
4257 4908
2306 4910
2907 4912
4361 4925
3320 4930
3211 4932
4936 4943
4946 4955
4770 4959
1005 4967
3833 4979
4390 4984
4830 4986
1612 4913
1652 3099
2053 4831
2088 4246
2290 4542
2494 3445
2851 4408
2995 4014
3070 4680
3084 4903
3112 4408
3159 4662
3198 4969
3236 4970
3299 4901
3304 4989
3453 4588
3521 4903
3527 4976
869 3536
3596 4720
3630 4623
3640 4995
3648 4848
3666 3925
3692 3848
3713 4903
3224 3722
3764 4745
3766 4965
3854 4330
3921 4948
2709 3928
3201 3977
2192 3990
2917 3999
4026 4886
4035 4120
4059 4551
4064 4649
4072 4945
4109 4901
4197 4948
4206 4971
4224 4499
3795 4258
4284 4902
4288 4662
4320 4976
4150 4323
4257 4334
4414 4913
34 4429
2065 4433
2535 4450
4472 4782
4474 4982
3186 4523
4095 4552
4054 4560
1345 4566
4239 4575
2788 4591
1668 4597
4624 4627
4044 4671
4678 4681
4678 4682
4685 4976
4653 4697
396 4723
4481 4728
3212 4730
4583 4731
4740 4976
4752 4792
1668 4756
4771 4904
4371 4786
4602 4787
4794 4804
4211 4803
4300 4826
4434 4836
463 4837
4843 4948
4844 4848
4425 4858
1199 4863
2144 4870
4879 4936
4873 4881
4595 4884
4891 4905
4900 4957
2817 4906
4453 4908
3751 4910
4820 4912
34 4925
2306 4930
4932 4992
3545 4943
4920 4946
4967 4972
4595 4979
4983 4984
2306 4986
1951 4591
892 4723
4752 4942
4786 4936
4794 4936
4863 4893
4149 4900
4847 4910
4583 4984
