3512 4072
161 662
280 4071
4114 4802
3319 3432
2255 2655
1423 3592
3183 4147
4432 4433
1728 4086
4745 4813
1721 3743
1271 4796
2282 4071
2759 4877
2012 4534
4389 4877
197 4500
3539 3874
4322 4781
3041 4796
3686 3766
2847 4191
2906 3148
3758 4432
1518 3326
2416 4004
220 4298
3239 3864
4806 4928
2205 4928
3695 4705
4585 4759
3342 3802
2321 4825
2251 4527
1575 2038
2487 4102
3515 3740
1288 4527
2149 2847
3239 4353
4432 4867
162 4414
588 4102
4476 4993
4609 4841
4296 4796
4781 4896
2235 4957
100 3240
3989 4705
4084 4980
963 4980
162 4695
1762 4928
3723 4759
3008 4869
4677 4704
3731 4813
3512 4086
2477 3743
3740 4869
674 4944
2928 4934
3760 4496
515 4867
2362 4980
1134 4036
4704 4807
326 3512
2159 4585
181 4102
3796 4840
3249 4496
1007 4677
974 4477
3418 4783
4704 4790
4114 4877
1964 4647
2433 4208
2038 4869
3592 4041
4277 4298
1892 2581
3630 4980
3615 4746
2884 3731
4296 4993
4322 4993
2986 4303
1123 4607
2932 4298
3835 4775
2847 4825
637 2478
1753 4802
2275 2778
2367 4980
4476 4896
656 4519
716 3989
4781 4993
949 3578
4038 4294
2574 4071
3240 4127
4705 4783
1868 4370
220 4015
2890 4949
3835 4702
4015 4745
1721 3619
2573 4896
3454 3515
142 4869
2433 4346
4015 4500
4419 4478
2630 3326
4478 4796
1114 4869
3343 4038
1406 4496
111 4783
108 2403
432 3847
24 4841
834 3047
3249 4145
821 975
2906 3342
19 3802
4689 4704
1089 2321
2159 4607
819 3512
4093 4353
1271 4949
4530 4745
2045 3342
2511 3731
1031 3240
1032 4015
2142 4877
3758 4790
255 4427
4296 4896
4775 4807
3940 4635
305 4127
4322 4896
3301 3636
507 4036
3562 4695
2813 3033
2738 4702
154 4371
942 4840
3767 4781
3342 3766
4062 4679
2895 3768
1908 4534
1031 4492
4145 4477
2383 4277
963 4607
3768 3971
1095 4869
2283 4353
2831 4957
2523 4414
1819 4840
1835 3768
2466 3000
3104 4136
414 3047
3802 4934
1935 3835
3418 4792
4478 4993
3665 4294
4705 4793
4029 4371
1591 1826
1621 4739
3804 4162
2259 4825
2738 4806
1606 3512
1153 4477
2619 4482
2350 4944
2458 3968
197 2511
1406 3760
2327 4993
2986 3432
3758 4689
3033 3731
1753 4934
2462 4534
1660 3893
2452 4041
3041 4476
2321 2458
1634 3461
901 4482
2367 4607
188 3269
3327 3804
3432 3874
235 4869
4162 4478
3432 4746
255 1591
2928 4564
2321 4346
3000 4492
3723 4527
4119 4781
216 2282
901 4841
3562 4840
2205 4775
2687 4530
4796 4944
1199 2452
4705 4877
1426 4869
1502 4534
1634 2487
305 3893
989 4353
1128 4776
1271 4896
1751 4949
3343 4647
3695 4103
3512 4705
385 2813
4119 4121
1691 4375
911 3661
4802 4934
1859 4813
2920 4492
4296 4949
2952 4041
280 1518
2932 3356
4469 4746
2911 3479
1621 4496
3641 4136
1819 3796
4449 4534
1634 3592
3578 4477
4162 4949
1859 4500
3048 4607
3520 4414
217 4072
1691 4841
2205 4689
2279 4928
3562 4004
4154 4353
1223 4609
4322 4949
2857 3766
3519 4346
3104 4689
4147 4783
746 4919
1866 4375
4280 4417
384 4534
507 2906
1179 4919
2318 3743
974 4496
1971 4806
2348 4993
2890 4062
499 3431
3307 4427
630 3802
496 4029
1613 4783
674 4993
3343 4802
4389 4647
4496 4585
1703 2885
2321 2403
4679 4682
1721 3874
1538 3768
2058 2838
4353 4980
211 4949
2038 3796
2362 3829
2890 4840
3037 4252
936 4993
1753 4147
1613 4934
1579 4609
805 3968
1818 4944
2911 3267
1971 4702
2756 4427
3500 3565
4072 4086
2911 3461
430 3431
917 4296
2283 4093
3104 4807
1094 3796
3515 4840
519 4867
3661 3864
1579 4841
2581 4482
2487 3479
2909 4522
3041 3940
3137 4689
678 4500
111 4934
216 3747
805 4825
4476 4635
188 4813
3454 4004
4432 4689
218 3768
678 4745
1971 4775
4478 4919
1721 4492
1426 4679
674 4896
1303 3619
269 4103
1762 4867
911 3239
4121 4347
220 4813
165 4609
496 4371
4790 4928
261 4072
779 4934
1425 4296
2724 4775
1868 4609
3940 4796
2452 3267
515 4928
1964 4877
2362 4919
519 4807
901 4813
1094 3008
460 4869
3013 4793
3804 4419
4522 4919
2019 4071
3302 4303
154 2895
2813 3356
2142 4802
3522 4522
235 3008
3874 4746
1733 4527
834 3747
2455 4949
746 4896
460 2038
3500 4469
1123 4527
4294 4934
2883 4001
3971 4449
2566 4482
1751 4993
2884 4500
432 4102
2890 4869
1125 2911
2911 3847
1600 2478
1859 4298
4679 4806
2242 4980
2759 4793
4136 4702
430 4303
2466 4492
2321 2778
235 3001
3008 4840
4346 4825
1169 2738
4682 4840
1613 4802
3735 4496
4482 4841
1959 4449
2838 3802
2750 4375
3522 4993
385 4530
4294 4793
1094 4695
3989 4389
2477 3432
2138 4519
3008 4062
216 4427
1518 4130
1579 4370
2038 2122
1746 4353
2642 4993
2462 3425
2043 4417
1435 4564
3562 4414
3033 4530
3563 4072
4136 4790
3940 4430
3520 4369
2466 2477
4802 4877
4896 4944
2482 3356
3275 3829
4704 4867
2756 3636
1541 4414
3573 4825
3968 4825
2813 4298
4296 4522
4298 4530
4084 4477
430 4492
1779 4130
3940 4119
111 4147
3425 4029
2043 4841
3239 4093
4041 4102
2478 4029
3047 4130
100 4746
3829 4980
1123 4759
100 2318
2844 4840
1753 4877
3665 4793
505 4527
2890 4919
4522 4896
1498 4015
3327 4296
2759 4783
3971 4534
3735 4145
4114 4793
3558 3708
1031 3302
2581 4375
1786 2883
4867 4928
3619 4127
2655 2998
4162 4781
2060 3326
2350 4896
3047 4298
2895 4534
2327 4522
3940 4944
1835 4449
2655 3512
3267 4102
2920 4347
2906 3686
136 4154
707 4635
1721 4746
3940 4476
1728 3770
1435 4793
4679 4781
1089 3782
2890 4993
3758 4867
142 3796
3630 3746
1007 4432
1179 4796
377 3708
821 4252
1374 4482
3796 4062
1472 2756
819 4705
2487 3847
4121 4796
369 4934
3592 3917
2283 3070
3767 4522
1935 4867
2724 4689
1303 3874
2362 3746
3723 4477
914 4208
4695 4896
2075 4414
2383 4530
3989 4114
3758 4433
949 4527
1892 4841
2121 3343
457 4802
1125 4102
3641 4677
3804 4119
4419 4919
4476 4796
7 4793
197 4277
1909 4427
165 4417
3641 4867
3641 4790
3048 4527
1498 2482
4478 4635
3695 4086
1095 4004
2738 4432
2283 2362
3661 4252
442 4004
1866 4609
2364 3578
181 3847
1892 4609
2857 3686
3301 4776
403 4191
974 4145
387 4867
220 3356
1106 3342
1835 4534
914 4346
4294 4877
100 4469
2205 3641
2403 2458
377 4534
395 4294
3804 4944
2511 4500
19 1169
154 4534
3275 4252
3431 3539
3356 4015
799 3971
1498 4277
4322 4796
3301 4427
3636 4130
4677 4807
1753 4647
541 4353
2481 4280
4296 4478
4280 4813
472 4993
4119 4635
1592 2452
7 4783
1425 4796
4702 4704
255 3044
1374 4841
72 4928
1835 3971
1964 4934
1859 4530
414 1610
3506 4125
369 3418
142 4840
4001 4867
519 4928
24 4370
2242 4607
496 2462
4154 4252
2909 4896
3000 4303
749 4102
2251 3770
3835 4689
3578 4145
2458 4208
2350 4162
2885 4482
728 4980
799 4449
1095 4841
2122 4840
4427 4519
3573 4346
1179 4949
4677 4689
3454 4695
4130 4427
385 2511
4114 4647
472 4919
3500 4746
507 2857
3331 3835
4148 4877
963 4739
1020 4944
235 4840
1282 4776
2300 4347
4896 4993
165 4841
223 4934
2282 3742
2455 4478
1423 2487
1592 3847
2205 4136
3846 4449
4775 4806
3432 3893
2019 3326
4303 4746
2478 3971
1573 4705
630 2058
2433 3573
1924 3516
4783 4877
1660 4746
4476 4919
2909 4993
3516 4609
1959 3708
108 662
3418 4793
4004 4414
2238 3500
2293 3796
1502 1946
4705 4792
1728 3375
4433 4704
1751 4919
1435 4294
1971 4677
2738 4807
4478 4522
1924 4482
1165 4130
2275 3968
181 3479
1518 4519
414 4776
1271 4430
4564 4647
3770 4145
207 2149
2655 4705
4121 4919
1591 2282
4038 4934
2205 4702
2884 4015
1406 4477
914 2458
1288 4084
401 3829
2911 3917
3520 4869
3431 4746
2619 3269
4280 4841
1125 4041
4125 4564
2738 4689
746 4949
165 4375
3874 4347
4125 4783
4679 4695
2548 3619
505 4607
4427 4776
4522 4944
1600 3768
3742 4130
949 2952
4145 4607
2403 4191
216 2019
2350 4993
963 4477
4280 4609
2487 4071
1487 4534
3731 4745
4093 4252
3048 4759
2511 2932
223 4802
2847 3573
3048 3760
326 1573
517 2884
4527 4980
2906 3766
3758 4704
2416 3796
3519 4825
4807 4957
1054 4280
1573 4072
2300 4127
3665 4934
1541 4869
911 4980
269 3695
975 4252
2458 4191
2884 4813
4298 4500
4371 4534
3479 4102
3515 3520
2367 4477
2831 4867
2321 2847
2750 4790
527 3563
2060 2481
3506 4147
1592 3479
1114 3562
3804 4430
258 3342
4084 4145
1703 4375
2142 4934
4303 4492
2750 4609
4015 4813
4145 4585
4038 4125
1935 4928
2043 4482
2242 3578
2122 4414
235 4414
1946 3425
2911 4041
4783 4793
656 3747
2327 4919
2548 2986
2318 4303
3558 3768
1487 2729
1924 4280
3796 4869
1733 4739
4530 4813
3331 4867
4154 4980
2122 4679
3301 3500
2466 3319
3578 4607
3048 4477
4136 4689
235 3120
1728 4705
4433 4677
3104 4704
2238 4303
387 4928
3343 4564
949 4585
3319 3619
3356 4500
3425 3558
1007 4775
3463 4869
4162 4419
4433 4867
4783 4934
3512 3563
2255 2998
3319 4127
1818 4993
3431 4492
3767 4919
3013 4792
2883 3829
4389 4793
1423 4102
3356 4813
2932 4530
1691 2581
3461 4102
2750 4482
4419 4949
3275 4980
1935 4807
2729 4371
326 3695
4071 4130
1538 1946
269 2998
2574 3326
3183 4564
1020 4476
2487 2952
2251 4739
4086 4208
630 1134
3299 4949
2525 4353
2838 2857
3615 4492
3742 4427
2282 3636
3968 4191
4038 4792
4038 4877
2883 3239
3000 4127
4121 4522
2998 3512
1786 4353
4564 4792
1826 4776
2759 4792
3630 4353
1287 1744
3282 3804
3723 4980
936 4476
2242 4433
2883 3864
2756 3047
3760 4607
2838 3340
917 4322
2279 4677
3275 4353
1020 4896
4745 4869
2543 4869
1946 4371
3615 4469
3044 4427
2075 4695
2630 4776
1487 3971
3267 3479
3615 4303
963 1621
4347 4746
4038 4802
2242 4739
3454 4062
3940 4993
3041 4949
1733 4496
3343 4793
4806 4957
523 4127
2058 3340
4759 4980
108 4191
3835 4433
3558 4534
2348 4522
813 4607
245 4813
4114 4705
1924 4841
4347 4492
3770 4585
2138 4776
813 2364
3665 4792
4119 4993
3327 4796
2738 4928
4296 4419
1502 2478
2566 3516
269 3375
3301 4519
1487 4449
4478 4944
472 4949
2750 4813
384 4449
974 4607
2300 2635
2574 3742
1591 4427
217 4103
1282 1826
1579 4813
3267 3461
3940 4896
3573 4015
749 3917
2998 4086
1435 4792
3307 4776
2259 4346
616 3520
188 4841
2242 4084
1809 4980
2724 4432
3665 4802
3375 3563
4208 4705
2543 3463
4072 4103
1123 4477
2890 3520
2952 4102
779 4877
2242 3770
1287 2883
4084 4759
3340 3342
1128 1591
2383 4298
1498 2687
280 3747
3695 4072
2259 2403
2482 4745
2466 4303
1374 4370
3742 4519
3519 4191
1779 3742
1089 4191
1591 2756
1575 3267
3835 4867
4145 4527
1733 3249
1020 4796
2895 4449
517 4500
1809 2806
1579 2043
3454 4414
3767 4993
3563 3695
3269 3516
3000 4469
2038 3520
3340 3766
1819 4695
1964 4802
3000 3432
4162 4796
4647 4877
674 4522
1728 3563
2159 4477
2251 4084
1032 4530
2452 3847
1518 2574
4121 4635
3048 4496
3418 4294
3565 4469
218 1487
4370 4375
4775 4867
901 4370
2738 4433
3506 4038
4705 4934
3431 3743
3515 4414
1818 4781
3520 4840
1613 4877
1541 4369
2543 4062
3299 4993
1835 3708
1964 4793
3461 3917
3516 4375
4522 4781
2149 4825
2327 4419
3183 4647
3661 4093
442 2122
1199 4041
2883 4093
3326 3742
4298 4704
3796 4369
4430 4919
2058 3686
2831 4928
4136 4928
4191 4346
1924 4813
305 3000
4148 4783
403 2433
4298 4745
1374 4609
3044 4776
4677 4806
207 4191
2478 3768
3326 4776
3515 4682
3504 3829
2750 3269
1123 4496
1106 3148
19 3686
2909 4296
2750 4841
4695 4840
3641 4807
3735 4084
4127 4492
3917 4679
1199 3592
746 4993
3137 4704
3731 4530
4294 4647
3331 4928
515 4136
24 4482
3418 4647
981 4775
255 1472
1095 4840
2909 4944
1600 4534
1964 4783
4303 4347
1031 4303
2885 4370
4635 4944
648 1779
749 3592
2348 4919
1472 4776
2573 4522
2906 3340
4127 4469
3758 4677
305 2986
1321 4949
4127 4303
2367 4145
2045 3340
1721 4347
1425 4121
2986 3319
2122 3740
637 3558
188 4370
2813 4530
3307 3742
3665 4647
2019 4427
3120 4695
3747 4776
519 4702
1610 2574
3641 4704
4147 4802
1425 4781
3592 4102
1868 4841
3758 4136
3299 4430
588 3592
4432 4775
3461 4041
3431 4469
4527 4759
207 4825
2906 3802
403 2778
3768 4534
2350 4322
2045 3802
2813 4015
1223 4482
258 3802
4084 4496
4704 4957
3578 4759
4949 4993
3506 4389
2293 4695
2573 4944
1020 4993
1744 4154
4689 4790
3760 4980
3319 4492
1134 2838
3327 4993
3047 3747
1859 3033
1288 3735
2121 4783
4689 4807
162 4840
1621 4477
2300 3240
2293 4414
1134 3148
2149 3968
630 3686
1959 4534
588 4041
2122 2844
2235 4867
2235 4790
2267 3968
274 4704
2928 4038
2275 4825
4125 4934
3770 4980
3758 4806
1655 4500
4145 4739
3104 4677
3047 4427
4296 4944
1541 4840
2911 4102
917 4949
4162 4476
813 4527
3148 3340
3735 4585
1613 4294
2121 4125
4432 4928
4522 4635
2235 4702
217 3375
1721 3240
3327 4522
2478 4534
4119 4522
3758 4702
4430 4478
142 4004
749 1125
161 207
616 4840
261 2874
4477 4759
3463 4695
4433 4689
4564 4877
3512 4103
1552 4036
1283 4062
1868 3269
3104 4433
3504 4353
4162 4896
2327 4896
4679 4869
136 4252
2482 4277
2566 3269
201 4877
1321 4896
517 4298
2038 4695
3767 4476
2884 4530
2759 4934
1826 3326
3506 3665
2619 4813
3267 3592
3137 4677
3463 4062
3319 4469
3500 3615
2642 4476
3740 4840
4635 4781
1287 4252
369 4877
1538 2895
2687 2932
3661 3829
4705 4802
326 4072
3500 4347
4783 4802
989 4980
3619 4746
1114 3740
3454 4840
2458 3519
1691 2750
2019 2630
2452 3461
2523 4840
432 3917
457 4934
3731 4277
3735 4607
255 3301
432 3479
1779 3301
3630 3661
2075 4682
3767 4896
1133 4841
3137 4702
3615 3743
3708 4371
3239 3829
4038 4114
3013 4934
245 4609
746 4781
1819 3120
2159 3723
3636 4519
3515 4004
3240 3431
1134 3342
1809 3661
3767 4635
779 4793
4702 4775
4370 4609
4783 4792
111 4564
821 2806
3037 3070
4147 4647
403 2267
1106 3686
515 4957
4125 4793
4001 4928
2348 4796
4145 4496
1946 4534
2738 4957
3454 4369
258 3148
2275 3782
2920 3431
4370 4841
3504 3630
3282 4949
4500 4530
1283 4004
507 3766
2159 3578
2466 3431
3506 4877
280 4776
1123 3723
1007 4957
1826 4130
2778 4208
3425 4449
2416 4369
914 3968
2416 3120
432 3461
3515 3796
3846 4029
4389 4792
588 1592
2060 2282
2759 4802
2060 4776
3665 4114
2122 4869
2255 4086
1621 3770
2159 4919
975 1746
3479 3917
4375 4813
1054 4609
1606 4072
3331 4790
749 3461
507 3686
4038 4793
3331 4807
2619 4841
4564 4793
4807 4928
2279 3137
975 4980
4004 4869
2038 3120
911 4252
4430 4635
1819 4682
3375 4103
460 4695
4277 4813
1498 4530
1032 3033
2724 4928
3104 3835
3723 4145
3041 4121
3431 4347
2481 3742
372 3742
1552 3766
749 4041
2348 4419
1721 2986
1826 4519
3768 4029
1133 4813
4015 4277
1518 4071
1744 3746
2655 2874
1859 4277
1114 3454
2149 2778
1935 4775
211 4781
4867 4957
806 3802
1924 4609
3743 3893
4928 4957
1634 3847
1179 4119
3343 4792
1575 4102
1125 3847
3835 4432
3001 3515
2511 4530
4585 4607
1128 2630
1287 3037
1935 4677
4389 4802
1703 4841
3760 4145
2857 3342
678 2932
2895 4029
2362 3275
2642 4796
799 1538
414 3742
2857 4036
2267 3519
3760 4084
4679 4790
2477 4746
3047 4776
1165 4427
3636 3747
1703 2619
1114 4840
3454 3562
1859 3731
2750 2885
2831 4807
2525 3630
401 3661
3137 4957
457 4775
2348 4949
3454 4993
1592 3592
1094 4679
1020 4919
3723 4585
4015 4298
4375 4482
1613 4564
4084 4527
2255 2874
2235 4928
2874 3512
4476 4522
2813 4500
1095 4280
1819 2416
4781 4796
1779 2060
3723 4084
4277 4530
2756 3326
2238 3302
3846 4371
2267 4346
3340 3343
197 4298
3319 3615
1655 4298
2778 4191
4430 4949
3539 3565
3319 4347
3686 3802
4419 4635
2619 4280
2895 3971
588 3847
3044 3301
3008 4679
1199 4102
3327 4781
1425 4919
2548 3432
395 4783
2928 4792
2043 4609
2205 4957
1606 3563
2238 3874
625 3874
625 4469
2642 3463
3562 3740
4121 4944
1106 2838
1423 1592
1634 4041
4419 4522
2574 4519
4702 4957
3267 4041
4414 4869
4375 4609
401 4154
2282 3747
2574 4776
258 3686
1909 2138
2525 3037
2928 4389
3425 4534
917 4919
3782 4191
4001 4689
100 3565
4294 4564
707 4476
2548 3302
914 3573
1909 4071
3301 4130
1894 4677
505 3735
1908 1946
2205 4807
3343 4877
3565 3874
4119 4919
2142 4125
716 4792
648 4776
2138 3742
369 4793
2293 4869
3327 4121
3454 4869
3326 4004
1660 3431
2255 3695
2928 4647
3516 4280
2566 4841
3070 3829
4147 4934
523 3615
3770 4477
707 4993
154 3558
4477 4496
2416 4869
2525 4093
2729 4449
728 1809
911 3070
3239 3661
4125 4148
3512 3695
1406 4607
527 4103
2806 4093
2952 3847
2362 3504
2642 4949
3183 4877
4296 4781
4704 4928
2890 4944
1621 2364
1818 4796
2255 4705
1283 1426
3148 4036
1786 3661
517 4745
3641 4702
3968 4346
4004 4840
4369 4682
949 4739
1283 4840
1123 4585
3000 3565
4125 4802
3418 4877
1606 3695
1552 3148
917 4635
2383 3356
637 4449
3766 4036
2909 4919
1892 4482
4071 4427
4369 4869
395 4389
2159 4980
3432 4469
1288 4607
1435 4877
3104 4775
188 4482
4062 4682
3971 4371
1866 4417
4280 4375
2121 4114
499 1303
2159 4496
3835 4790
2523 3008
3001 3562
1406 4739
4389 4934
1406 4585
4689 4702
4252 4980
2012 3425
981 4807
648 3301
1125 3592
1125 3267
1518 4427
2655 4072
3120 4869
3746 4252
1751 4476
2462 3971
813 3770
2279 4775
630 3342
2255 3563
1746 4252
372 2383
2455 4781
4478 4781
2482 4813
3070 4353
4689 4806
2655 4103
4093 4980
1575 3847
901 4280
261 4430
963 4585
1472 3301
1909 4519
3619 4347
414 4130
3758 4807
2986 4492
3302 4469
541 3661
2259 3968
1287 3275
2928 4877
3000 4746
2142 4294
2857 3802
2932 4813
656 3307
3356 4530
274 4867
3425 3971
2458 4346
3661 4430
3767 4796
2045 3636
2060 4519
1199 2911
2487 3267
2235 4689
4433 4790
2455 4635
2885 3516
3343 4389
3013 4802
2284 4482
3431 3619
3619 3874
1472 1909
1959 2895
2523 3515
2986 4746
4119 4944
4433 4807
2511 4277
2367 4496
3327 4944
3917 4102
799 4534
2844 3796
326 4086
2642 4296
4469 4492
3070 3864
1133 4482
901 3461
4689 4775
2321 3519
2778 2847
2548 4746
805 2433
1426 4840
1835 4371
2159 4527
3835 4957
4162 4944
3562 4869
3893 4303
3183 4793
4647 4705
2574 2756
3342 4036
2235 4807
3275 3864
2458 3782
4322 4944
3037 3239
2267 3573
3275 3746
1866 4370
2581 4841
3758 4928
4015 4530
3008 4414
2242 4145
499 3893
4294 4389
1610 4776
3432 3565
1303 3743
3740 4414
806 3686
3299 4896
4119 4796
3522 4478
2998 3695
3048 4585
4476 4949
2238 2986
258 3340
1552 3802
3562 3796
217 4086
4896 4919
4677 4867
2043 4375
3767 4944
3770 4084
1425 4522
3000 4347
3874 3893
3760 4477
401 4980
3479 4041
3743 4492
2364 4527
1134 3802
3506 4294
3782 4825
4147 4793
387 4957
707 4944
779 4792
4792 4802
1502 3558
2251 4496
2433 3519
2525 4252
3500 3893
4347 4469
1935 4704
4793 4934
4119 4419
3573 4191
4125 4792
656 3636
3804 4781
2293 4369
625 3302
1818 4919
3522 4949
1487 2012
2920 3432
2255 4072
806 3766
2362 3239
515 4775
3375 4208
813 3735
3989 4783
4689 4957
1946 4029
4414 4695
1964 4294
2267 3782
3743 4303
4145 4980
1552 2906
3183 4114
1606 4086
2279 4689
4322 4635
3708 3846
161 3519
3723 3760
1959 3971
799 4029
2318 3615
2348 4430
2045 4776
3735 4477
2998 4072
3431 4127
3874 4492
4417 4841
3326 4071
3001 4682
2251 4145
1165 2756
4038 4705
100 4347
457 4389
1575 3479
2885 4841
3804 3940
1406 4527
472 4796
108 4346
2300 3893
3767 4419
1498 4298
3249 3578
4071 4776
1282 3047
2635 4071
4781 4944
4125 4705
3048 3249
779 4783
2581 4280
1502 4449
716 4564
1894 4775
4792 4934
2238 2466
2738 3835
1579 4375
3000 3500
2574 2844
3041 4781
975 4353
3302 3500
3520 4062
3782 4208
2259 4191
2293 3520
4084 4739
305 4746
3746 3829
472 4944
4689 4928
2655 3375
1909 4776
1894 4702
2729 3708
3282 3940
4162 4522
1575 3461
2238 4746
4919 4993
3331 4775
2477 2548
3282 4522
1128 4130
1971 4957
2523 3562
3008 4682
4125 4877
942 4695
1591 4519
3240 4303
2831 4689
2928 4294
1894 4806
1007 4867
3340 4036
2909 4322
3425 4371
3940 4121
4430 4896
3573 3782
3302 4492
1894 4689
4093 4154
2060 4130
2724 4806
4119 4476
2416 4414
218 4029
3302 4127
4162 4993
4136 4775
2857 2906
1733 4607
1606 4103
2884 4745
2687 4745
4114 4783
2293 3740
2831 4702
3829 4252
2416 4695
4119 4162
4564 4934
819 1728
3723 4496
4432 4806
4375 4389
936 4919
2729 2895
1423 3267
2844 4682
3506 4792
3299 4796
4119 4896
2275 4346
1423 3461
2364 4585
2462 4029
975 4093
4796 4993
2831 4775
674 4322
2928 4793
4072 4208
2045 4519
4370 4482
819 4103
3302 3743
4119 4296
4375 4841
1733 4980
2149 4346
1971 4867
2058 2906
2687 4500
4793 4802
1498 4813
2159 4145
111 4877
108 2433
3735 4759
805 2259
1728 4208
161 3782
1908 3708
1908 3558
3239 3275
2883 4154
1610 3747
2687 4298
1153 4739
2142 4783
2362 4154
3249 4477
4162 4296
2275 2847
4793 4877
3104 4957
3506 4564
385 4500
3661 4353
4004 4682
4369 4840
2279 4704
2159 4739
716 4793
1634 2452
1866 1868
3356 4745
1660 4469
3846 3971
188 4609
1165 4776
2482 4530
3331 4957
4796 4896
1868 4375
1655 4530
2364 4607
1423 3917
749 1634
3425 3768
2482 3033
1573 3563
4038 4647
1472 2574
1425 4896
2909 4949
1621 4607
3989 4038
4148 4389
2885 4375
4477 4527
2511 4015
1866 4841
3519 3782
326 4103
2911 3592
4125 4147
4527 4739
1128 4427
1054 4482
2844 4695
2511 2687
4062 4840
2525 3746
1655 4015
2838 3686
1660 4492
2724 4001
1199 3835
648 3747
3070 4154
3708 4029
3578 4739
1282 1610
4148 4647
4114 4294
4208 4346
2318 4469
2724 4867
989 3630
3041 4993
1094 1541
3479 3847
3847 4041
4677 4702
2149 3782
3331 4704
142 4679
4432 4957
2238 4127
2348 4478
1114 4679
505 4585
161 4191
2523 4695
716 4783
1691 4609
2019 4130
2043 4280
2275 2433
2403 3573
2543 4840
3708 4449
1819 4414
4145 4759
4677 4790
2573 4949
3989 4147
4702 4806
2282 4776
2482 4928
2932 4277
656 3326
2321 3968
1835 2012
3767 4322
2045 4427
3033 4813
1020 4430
1153 4585
3137 4807
3539 4746
3743 4469
2350 4796
2058 4036
4414 4840
3520 4679
2060 4427
1472 3044
981 4806
1552 3342
2548 2920
4477 4739
4496 4980
201 4647
515 4677
2433 4191
2874 3695
3835 4704
4477 4980
4496 4739
4322 4919
517 4277
1031 4746
245 4370
1223 4841
1779 4776
4635 4896
3041 3299
3137 4867
3804 4919
2012 3708
3804 4476
1660 2920
4796 4949
274 4702
4679 4840
3275 3504
3770 4527
2883 3746
3665 4147
3989 4564
3461 3847
1032 4277
1894 4928
3630 3864
4433 4702
4806 4867
2573 4796
1199 3847
3044 3522
3746 3864
3940 4162
201 4793
3120 4679
3615 4127
1579 1892
3148 3342
154 4449
4496 4607
746 4944
496 3971
3070 4980
269 4208
2251 4477
3299 4478
3539 4303
3723 3735
4119 4322
2242 4527
2121 4647
4430 4476
2012 4029
3735 4980
4432 4704
3104 4702
162 1541
3327 4896
3695 4208
4635 4993
2364 4759
1007 4928
1751 4322
2478 3558
4944 4993
460 4004
2874 4103
255 3747
2433 3968
3269 4419
3641 4919
3269 4841
384 1946
981 4704
211 4944
2890 4432
280 656
1591 2574
403 4825
4148 4585
541 3864
3506 3989
1762 4433
1818 4949
2367 4585
4647 4934
4482 4609
3796 4679
1179 4478
3506 4191
2477 4127
3418 4934
3048 3770
707 4430
403 3573
2831 4433
3331 4677
3008 3515
4635 4919
4433 4775
4419 4993
2847 4346
3731 4015
3782 4346
834 4071
430 1660
499 4127
2481 4776
2847 3782
4432 4702
3760 4739
4147 4792
1134 3340
2058 3802
2548 3240
2364 3770
3249 3760
3743 4746
4417 4482
707 4781
2383 2932
3766 3802
2895 3425
3425 3846
637 3768
1971 4928
2367 4739
1866 1924
2122 3562
136 3275
2847 4208
4148 4705
678 3033
4121 4993
821 3504
2806 4252
936 4635
3343 4783
3033 3356
1287 3829
3375 3512
2806 3864
936 4949
4792 4793
2478 4449
4191 4825
1762 4677
72 4432
218 4371
1728 4072
3615 3893
523 2986
1094 4840
2635 4776
197 4530
1728 4103
3356 4277
3522 4781
223 4877
2138 2756
2906 4036
1425 4944
2831 4677
3331 4433
4371 4449
1762 4775
245 2619
1591 3307
1223 2566
372 4500
834 4427
981 4957
1472 4071
1153 4527
2466 4746
3343 3989
4477 4607
949 4607
2986 4347
2452 4102
3504 4980
974 4585
3731 4298
4114 4564
3137 4790
3804 4796
963 4084
3418 4802
2300 4303
1613 4647
2138 4427
4389 4783
3940 4419
2452 3592
3516 4813
834 2138
4130 4519
2778 3573
1538 4371
4919 4944
3239 4154
3299 4522
3301 4071
2655 3695
3746 4353
3504 4252
496 4534
3047 3743
3864 4353
4607 4980
505 4739
662 3519
3504 3864
3758 4957
2481 2566
3240 3565
1165 3747
3463 4004
4121 4781
2283 3630
2455 4993
2844 3001
2482 4500
1095 4482
4370 4417
3282 4781
4430 4522
4781 4919
4564 4802
4148 4564
1094 4414
2318 4492
472 4119
2806 3037
3432 4347
3989 4793
2920 3565
3829 4154
216 4519
3760 4585
1746 3864
3641 4775
4004 4695
3940 4949
2909 4121
3940 4322
3742 4071
2857 3340
1374 2566
3461 3592
2238 4492
3578 4527
2149 4191
3641 4957
4125 4294
1809 4252
2778 4346
2300 4746
2525 3829
3708 3971
1746 4154
2874 4072
4419 4796
2481 4813
395 4934
1282 4519
3282 4919
3500 4303
523 625
1894 4807
2251 3249
1054 4841
1606 4705
3989 4802
1959 4371
1908 3846
372 2884
1518 1826
3565 3893
1094 4677
4294 4783
3033 4298
3665 4389
2724 4807
2284 4609
3001 4414
3740 4369
4430 4944
1634 2911
1892 4370
384 4371
662 4346
3269 4370
4564 4705
3770 4607
372 4298
806 3340
1054 4417
2573 4919
3708 4534
1894 4867
1859 4745
2138 2635
4496 4527
4389 4705
4775 4790
384 4029
2284 4841
3356 3731
4432 4807
662 4825
1744 3504
3000 3539
3104 4928
3506 4793
4147 4294
834 4776
3048 3723
1762 4704
4677 4928
1423 4041
1169 3802
1935 4432
3665 4783
805 3519
2283 3746
3770 4739
3148 3686
4371 4482
4389 4564
3743 3874
2895 4371
1541 3740
1426 4062
2806 4353
4001 4702
2242 3760
2458 3573
1498 4500
2844 4062
1703 4609
4001 4433
3804 4949
3037 3504
3864 4093
2242 4585
2259 2778
1106 4036
2655 4086
3740 3796
1288 4477
2884 4277
3183 4389
2362 3864
1762 4957
2986 3240
3282 4896
1089 4825
3516 4370
4419 4896
2477 4303
4062 4695
4585 4739
981 4867
637 4534
72 4957
2619 2750
1892 4280
4147 4705
911 1744
3148 3766
3282 4162
1502 3971
3299 4781
2806 4154
2350 4635
1133 4370
377 4449
515 4689
2525 4154
3008 4695
3630 4093
1733 4585
1538 4029
1538 3558
2481 4841
4296 4919
1786 4093
3740 4695
3723 4739
2543 4682
1133 2043
1179 4944
4419 4476
4369 4695
499 3319
1606 2874
4775 4957
2121 4793
4121 4476
3301 3742
161 3573
369 4647
4114 4389
2920 3893
1020 4949
2267 4208
4121 4896
805 4346
1283 3740
3520 4682
1859 4015
2259 2847
3282 4739
2142 3989
3573 3968
1779 4071
3558 4449
377 3558
3048 4980
2045 3766
4277 4745
19 3148
4500 4745
505 4980
2928 4783
2548 4347
4277 4500
4280 4370
4635 4949
2284 4813
1786 3037
401 4353
1114 4062
2481 3747
2928 4147
4427 4793
414 4519
1374 4280
3519 3968
3619 4303
527 4086
3735 3760
4148 4792
4796 4919
3804 4635
4527 4585
3327 4419
3343 4147
616 4869
4702 4807
3120 4682
2890 3562
1924 2885
1406 4084
2364 4477
4086 4103
4121 4430
3573 4208
3636 4776
4375 4417
2462 3768
460 4840
3047 3636
1744 3070
3506 4647
527 1606
779 4564
2267 4607
3041 4478
819 4072
3558 4371
1751 4478
4807 4867
395 4802
656 4776
19 4036
3249 3723
3636 3742
1223 1892
3804 4993
2350 4949
1753 4783
1809 4154
3989 4934
2058 3766
3331 4689
1283 4869
3301 3326
2321 3782
2348 4896
541 3070
2687 3731
3893 4347
1826 3307
2259 2267
3864 4154
385 4015
4029 4534
384 3846
4430 4993
3319 3893
4119 4949
2581 2885
4522 4949
3327 4949
523 3500
218 377
3356 4298
432 3267
4677 4775
2455 4919
3767 4162
4527 4607
914 3519
4121 4322
201 4792
1691 4482
165 4482
3796 4004
1134 3766
1613 4792
2416 4840
1271 4419
24 4280
3968 4208
2367 4759
4792 4877
2462 4371
2466 4347
3500 3619
2642 4919
2466 3302
1751 4944
3641 4433
813 4739
4739 4759
4136 4704
2831 4704
1744 4252
3463 4414
142 3008
819 4086
1165 3636
3327 4478
3565 3615
4004 4062
1426 4695
3630 4252
2909 4476
1089 4346
616 2038
3767 4296
1753 4793
2482 2884
2885 4280
2481 4130
989 3746
217 4705
3760 4527
1502 4371
974 4759
1592 4041
3917 4705
3418 3989
218 4534
821 3746
3302 4746
274 4689
3479 3592
3578 4585
3183 4038
3767 4949
2844 3515
3846 4534
3578 3760
2573 4322
2573 4781
674 4478
2928 4802
3249 4739
2205 4867
4296 4635
2831 4432
258 4036
1303 4746
3070 3630
4739 4980
1487 3558
2523 4369
3747 4519
3893 4492
4564 4783
201 4802
223 4783
1610 2060
3829 4093
2283 4980
2293 3562
430 4469
2909 4430
1487 2478
4840 4869
799 3708
1610 4427
728 4252
2619 4370
197 4813
3137 4433
4877 4934
3522 4896
3641 4928
3893 4746
2279 4433
4136 4806
4136 4432
4635 4796
799 2012
2642 4896
507 3802
2655 3563
3001 3454
4695 4869
2573 4430
1809 4093
3001 4679
3037 4353
3282 4944
3500 3743
3539 4492
4001 4775
24 4609
4419 4944
2482 4298
2724 4957
3375 4086
2642 4162
813 4496
4647 4793
2481 4482
975 3037
2998 4103
72 4807
3299 4944
1959 4029
2573 4993
949 3735
1818 4419
1032 4298
3331 4432
2019 2138
1909 3047
181 3917
4781 4949
3747 4130
2687 2813
2455 4944
3782 3968
177 4980
1959 2462
2255 4103
1435 4389
3418 4038
806 1552
806 4036
1964 3183
1321 4430
728 1746
1374 2581
2348 4781
2883 4353
1538 4449
3563 4086
496 3425
2300 4469
2403 3519
3515 4369
3940 4919
1819 4869
3302 4347
377 3971
2318 3874
4147 4564
616 4004
1703 2566
3041 4944
2998 3375
1435 4934
3047 3742
1165 4519
165 245
3735 4527
662 3782
806 2838
1744 4980
3137 4928
3267 3847
201 4934
4121 4296
3768 4371
4647 4783
1573 4208
2403 3968
2416 3740
2019 4776
4790 4806
1762 4807
678 4530
1964 4564
4896 4949
2778 3968
499 2318
1868 4280
2932 4745
3037 3661
4162 4322
2403 4346
3989 4877
3989 4792
2149 2275
1106 3766
625 4746
917 4993
4072 4705
2874 2998
19 3766
4677 4957
3070 3661
2283 3504
3563 4103
2477 4492
2075 3515
4303 4469
3249 4607
2275 4191
2455 4419
1573 3695
588 2487
3044 3636
2121 4934
2142 4792
4522 4796
269 4086
3686 4036
2813 3731
1552 2857
2478 4371
2283 4252
2998 4208
197 4015
1007 4807
3425 3708
3917 4041
3864 4980
3299 4322
472 4296
4119 4478
1123 4739
1946 4449
2362 4353
3047 4519
4704 4775
3735 4739
217 3695
3037 3630
1575 3592
2318 3432
3418 4114
4296 4430
2477 3500
3120 4062
2511 2813
2630 4130
648 4071
162 4869
274 4928
1426 3520
942 4414
2883 3661
1128 1610
1908 4029
1600 3558
4682 4695
2724 4702
2642 4781
1786 4980
1835 2462
3249 4585
4419 4781
3418 4125
261 4103
2383 2687
3989 4125
4029 4449
4322 4419
269 4072
1703 3516
2350 4919
3326 4519
4647 4802
834 4519
2255 3512
3120 4004
4433 4957
936 4896
2920 4746
3275 4093
4704 4806
4136 4957
4121 4949
3463 4840
2844 4869
3307 4519
4702 4928
2724 4677
3340 3802
72 4704
3516 4841
716 4934
3758 4775
3506 4934
280 4130
3183 3506
523 4469
4296 4476
4607 4739
901 3516
1819 2844
3375 3695
3282 3767
430 3743
3641 4689
779 4802
1223 4280
3240 4746
1746 3504
1746 4093
3516 4482
2318 3619
1271 4635
3269 4609
2847 3519
1786 3864
3299 4121
1835 4427
1908 3971
4103 4705
403 4346
2300 3319
136 4564
630 4036
3578 3723
2523 4869
914 4191
3835 4136
4162 4635
2952 3479
162 4062
3375 4705
1826 3747
2121 4792
4121 4419
2806 4980
108 1089
3665 4038
3120 3740
2235 4775
1321 4944
527 4072
24 4375
2383 4745
1573 4086
3770 4496
2279 4957
395 4877
821 3829
1894 4957
3037 4093
2383 4500
188 4375
1809 4353
2367 3770
648 3636
3013 4877
4496 4759
4689 4867
2523 3454
1835 2895
4001 4704
1751 4781
728 3829
1054 4813
2487 2911
2566 4609
4433 4928
3269 4280
4086 4705
4038 4147
4148 4793
1621 3735
2729 4534
1779 2574
1868 2885
819 3375
2455 4896
3327 4919
2019 3301
527 2998
1031 4469
4125 4647
3506 4802
245 4375
220 2932
1321 4478
4103 4208
974 4739
2813 2884
3183 4783
2282 4130
1133 4609
2920 4469
1733 4084
3802 4036
3041 4896
4125 4389
3239 3746
2121 4802
2466 4127
2581 4417
2251 4585
235 3740
3282 4430
2364 4739
3742 4776
1288 4585
1426 3463
4038 4564
3454 4682
4322 4478
779 4277
2525 3504
821 3630
1282 4071
3044 4519
3835 4928
3804 4478
2844 2890
911 4353
2838 4036
3041 4296
3615 4347
280 4427
3989 4647
2724 4704
1502 3425
3319 4746
136 3829
3048 4084
4702 4790
177 4739
949 4496
1908 4371
3104 4867
1288 4496
499 3743
4775 4928
3299 4919
2525 4980
3041 4635
3746 4980
2300 3432
369 4802
3327 4635
2259 2275
1128 4071
2043 3269
2267 4191
3249 4527
3746 4154
385 4277
3240 3619
3641 4432
4476 4478
223 4792
136 3239
372 4530
2300 4492
1031 3874
1032 2383
3001 4062
3619 4492
2455 4796
1971 4807
1753 4792
2738 4677
3013 4647
1095 4370
3331 4702
3665 4564
4119 4430
1786 3070
1575 2952
2778 4825
255 4071
1691 4280
1818 4896
2838 3148
1271 4919
1435 4147
3275 4154
4084 4585
2909 4781
4121 4162
3615 3619
3000 3615
1575 4041
3048 4739
1223 2581
2477 3874
2630 4519
981 4928
3013 4389
1908 4449
2543 3520
678 4277
3636 4427
4162 4919
2883 4252
4148 4934
3989 4294
3282 4993
3301 3747
2235 4704
3520 3740
1288 4739
3708 3768
2635 3326
4476 4944
1592 4102
7 4934
2058 3148
1703 4370
2806 3630
181 4041
2750 3516
4147 4877
1809 3504
4154 4370
4500 4813
1538 4682
4944 4949
936 4944
1169 4036
3940 4296
1600 4371
3137 4432
496 4449
3343 4934
3563 4705
4136 4807
4136 4433
1779 2635
3522 4944
4585 4980
2293 2523
2511 3033
3665 4125
4084 4607
181 2487
4298 4813
4702 4867
2487 4041
1892 4813
3033 4015
2687 4277
4430 4796
2452 3479
805 4191
1818 4635
3578 4980
1179 4430
3796 4695
442 4695
1733 4145
3804 4522
207 3968
4647 4792
3342 3686
3578 4496
4001 4957
207 4346
2481 4370
1133 4417
4136 4867
1924 3269
3120 4414
217 3512
517 4530
2012 3971
3183 4934
1935 4957
4114 4934
2149 3573
4919 4949
625 4347
3461 3479
527 3375
2756 4519
4478 4896
2581 4609
1579 4482
3001 4869
1282 4427
3847 4102
637 1600
1032 4500
2284 3269
2838 3342
274 4957
2482 3731
4294 4792
372 3731
4790 4957
2890 4796
1600 4449
2267 2458
1179 4993
3893 4469
4130 4776
177 4607
3522 3767
2566 4375
3001 3796
1541 3515
4001 4807
901 4417
207 4208
2293 2477
2350 4119
2806 3746
4432 4677
1909 2282
4417 4609
3331 3758
2012 3768
3563 4208
3565 4492
2573 3767
3723 4607
4071 4519
3804 4322
4127 4347
4294 4802
136 4093
4790 4807
3665 4877
1089 3968
3001 4840
72 4677
1691 3516
3299 4635
4813 4841
220 4530
2403 4825
3418 4564
2756 4776
4114 4792
1287 3661
1909 3742
1271 4993
2075 4869
4476 4781
2045 4036
1199 3461
3565 4746
4492 4746
1054 1868
3940 4522
2813 4277
2293 3454
3630 4154
1106 2857
3615 3874
1303 4347
519 4957
3269 4375
3731 4500
4038 4783
2279 4867
2462 4449
2642 4430
2874 4086
165 4813
2932 4500
4147 4389
4607 4759
2806 3275
2142 4793
3282 4478
3743 4127
216 3636
7 3446
19 4499
100 4754
111 4883
142 4709
161 3355
177 4788
211 3607
218 3466
223 4883
258 2680
261 4897
305 4808
387 4956
401 4030
414 4556
430 4660
442 4990
457 4285
460 2935
507 4835
523 4676
541 4992
588 2583
616 4473
630 3667
637 4651
648 4787
728 4030
799 4205
805 1341
806 4569
821 3567
914 4247
892 936
942 4315
963 4853
975 4030
989 4769
1032 1339
1054 4723
1106 4970
1114 2994
1169 4259
1223 4231
1282 4291
1283 2675
1303 4660
1321 4924
1374 3521
1406 4185
1424 1425
1472 4659
1573 3427
1579 4261
1592 4737
1600 3289
1610 4864
1621 4888
1655 4826
1660 4808
1691 4856
1703 4933
1721 4808
1746 3453
1753 4675
1779 4926
1786 4030
1859 4166
1452 1866
1868 3992
1892 4937
1908 4740
1964 4684
1971 4954
44 2012
84 2019
2038 2532
2043 4691
2075 3931
2121 4009
2122 4076
1812 2142
2149 3921
2205 4317
2235 4989
2238 4808
2251 4904
2259 4002
2275 4278
2279 4317
2282 4814
2283 4030
2284 4824
2321 4968
2327 4508
2350 4873
2364 4999
2367 4185
2383 4394
2403 3764
2452 3203
2458 3890
2466 3656
2477 4660
2478 4912
2481 4845
2511 4998
2523 2675
2525 3980
2543 4351
2548 4808
2566 4967
2178 2573
2619 3521
2630 4911
2635 3805
2642 4373
2655 3501
2724 4909
2729 4573
2738 4751
2756 4378
2759 4652
2806 4425
2831 4989
2838 3024
2837 2844
2857 4711
2874 3131
2883 4030
2885 3651
2890 4637
2906 4961
2920 3710
2952 4929
2986 4808
2998 4817
3003 3008
3013 4366
3044 3693
3048 4906
3104 4035
3120 4982
3137 4989
3024 3148
3183 4883
3239 4030
3240 4808
3249 4428
3203 3267
3282 4637
2579 3299
3302 4597
3307 4753
2073 3319
3326 4326
3327 4637
3331 4954
3024 3340
3343 4883
3418 3548
3432 4808
3454 4690
3463 4834
3479 4559
3500 4808
3504 4270
3512 4748
2877 3516
3519 4106
2935 3520
3522 4866
3539 3988
3558 4565
2935 3562
3427 3563
3565 4660
3615 4817
3619 4808
3636 4299
3641 4954
3661 4352
3665 4883
3024 3686
2969 3695
3289 3708
3723 3924
3731 3732
3735 4758
2935 3740
3758 4989
3760 4550
2859 3766
3767 4637
3289 3768
3770 4185
747 3782
3796 4992
3804 4520
3411 3829
3835 4954
3846 4820
3203 3847
3864 4030
3710 3874
3893 4660
3917 4881
3374 3940
3971 4264
3989 4441
4001 4918
2365 4015
3289 4029
4036 4784
4038 4883
3203 4041
2532 4062
4072 4073
4084 4185
4093 4575
4102 4900
3427 4103
4114 4331
4125 4883
3710 4127
4130 4758
4136 4989
4145 4185
4147 4883
4148 4421
4030 4154
1900 4162
1367 4191
4208 4351
3862 4252
4277 4282
3773 4294
3006 4296
4298 4382
4303 4660
4322 4637
2132 4347
4219 4353
4369 4619
2877 4370
3289 4371
3521 4375
4331 4389
4414 4468
3439 4417
4419 4637
2706 4430
4432 4989
4433 4752
4449 4935
4469 4808
1842 4476
4185 4477
3521 4482
3584 4492
4185 4496
4500 4844
4519 4666
4060 4522
4526 4527
1028 4530
164 4534
4331 4564
4585 4952
4239 4607
1041 4609
4635 4641
4331 4647
4677 4752
3886 4679
2880 4682
4689 4752
2935 4695
4702 4752
4704 4954
4331 4705
4185 4739
3577 4745
3793 4746
3135 4759
4775 4989
3612 4776
4637 4781
4783 4990
4790 4966
4792 4966
4742 4793
4796 4797
4802 4883
4714 4806
4807 4954
4813 4995
4820 4825
2650 4840
3521 4841
4867 4989
2650 4869
2183 4877
4637 4896
4290 4919
2064 4928
4883 4934
4536 4944
4637 4949
4954 4957
4586 4980
2902 4993
7 4924
223 4377
387 4965
442 4933
460 3574
541 4984
942 4753
989 4824
1169 4249
1283 4848
1303 4721
1321 4901
1374 3171
1573 2835
1600 3993
1655 4947
787 1660
2075 3428
2235 4512
2279 4908
2284 4772
2327 4999
2367 3203
2452 4848
2523 3670
2525 3478
2543 4418
2548 4660
2619 4139
2630 4115
2635 3233
2729 3169
2738 4954
2756 4218
2587 2759
2838 4998
2874 3427
2906 4899
2920 4808
2952 4864
2934 2986
3008 4876
3013 4224
2851 3137
3183 4442
3239 4026
3299 4188
3302 3710
3307 3602
3319 4808
2532 3454
3463 4787
3522 4690
3539 3710
3562 4965
1129 3563
3565 4764
3619 3658
3641 4752
3665 4693
3683 3686
3708 4178
2867 3740
3758 4752
3760 4185
3024 3766
3768 4725
1367 3782
3835 4989
3846 4900
3864 4454
3873 3874
3710 3893
2902 3917
3940 4696
164 3971
1977 4001
4036 4306
4038 4164
2319 4041
3427 4072
4084 4087
4030 4093
3203 4102
4114 4255
4074 4125
4127 4660
1225 4130
4136 4881
3168 4145
4154 4159
4208 4216
2765 4277
4294 4883
2170 4296
2765 4298
4303 4808
4347 4808
4369 4490
1452 4370
4371 4820
3640 4375
4389 4883
1923 4414
4417 4982
4430 4637
4432 4954
4317 4433
4469 4660
4476 4637
4295 4477
4482 4514
3135 4492
4495 4496
2765 4500
4519 4815
4522 4523
4185 4527
2765 4530
4564 4883
4585 4960
4276 4609
725 4635
4647 4664
4677 4989
4679 4990
4682 4747
4317 4689
1923 4695
4702 4954
4317 4704
4705 4883
4738 4739
4306 4745
4660 4746
3517 4759
4775 4954
1702 4781
2183 4783
4790 4861
4331 4792
2902 4793
3056 4796
4643 4802
4806 4989
4317 4807
1289 4813
4307 4825
4840 4892
1041 4841
4867 4954
4865 4869
4877 4883
2329 4896
4919 4922
4928 4989
2725 4934
4637 4944
4752 4957
4637 4993
442 4348
942 4715
1321 4817
2284 4769
2630 4769
2952 4941
3013 3826
3302 4660
3307 4073
3463 4538
3522 4843
3539 4719
3641 4989
3708 4942
3846 4780
4001 4870
4102 4874
2725 4114
4136 4954
4417 4938
4432 4752
4433 4954
4492 4660
2365 4530
923 4609
2725 4647
4317 4677
4679 4714
2186 4682
4289 4689
4317 4702
4704 4989
4705 4706
3794 4745
2372 4759
4317 4775
4331 4783
4790 4933
2183 4792
4793 4883
4637 4796
4801 4802
4444 4806
4752 4807
4780 4825
2877 4841
4752 4867
2675 4869
4870 4877
4928 4954
4331 4934
4942 4944
2064 4957
3539 4273
4001 4991
4136 4752
4417 4906
4433 4989
4492 4763
1925 4677
4588 4679
4614 4682
4689 4954
4745 4986
4574 4790
4806 4966
4807 4989
4821 4825
4841 4846
4926 4928
4957 4989
3539 3699
4806 4818
4687 4841
