2953 281 3367 1876 2396 3687 874 653 2539 3127 4848 3877 3975 2756 3157 3254 4874 3440 4325 2220 4390 3114 2695 787 293 2872 4177 2296 2202 
2 301 599 2495 3030 2983 352 1548 3929 3098 1400 2490 2221 2329 2767 307 1987 1199 3203 3387 3794 16 2494 
3894 4833 2149 2003 3561 920 640 591 2425 1265 1605 4828 2997 3377 3574 504 2035 137 1839 2054 2169 840 207 4903 2418 2279 1809 4558 
118 501 271 1918 3006 4591 703 3955 3474 697 2698 1336 1914 588 3601 1012 2142 349 2400 1634 3453 4250 1818 
4686 4818 4167 4839 4883 4943 
3941 2103 731 2275 4528 2893 2077 4421 4775 41 1419 2138 3969 1405 1727 722 982 1573 3048 3224 347 3187 2971 4685 575 3215 4410 
3932 2630 2433 1595 1129 3992 345 3306 701 4063 822 4245 712 46 3264 265 4423 4700 1067 758 2650 3344 1459 4041 34 2014 
429 1632 4127 2821 1614 3208 2883 2397 2918 3764 4175 3066 718 2869 3441 3166 3811 4178 517 1471 3719 1160 4241 3051 1078 1006 3100 1377 2737 2099 2751 2408 2184 2084 2937 3728 314 2600 4909 4182 3657 
3021 1613 3999 732 2984 3188 431 1401 3144 1102 3948 4518 2489 470 2527 3746 2672 78 3610 2773 1476 4037 3745 1290 850 3660 3071 2453 3653 
226 2385 1126 2111 3363 129 1004 974 890 1395 3336 3521 1237 3016 1104 1787 62 2817 2195 
4438 4801 2076 4752 4513 959 4309 4702 
68 4374 3365 1241 1404 4761 2923 4940 664 192 1968 538 4458 1999 3266 1730 2405 1524 4195 2139 3968 4613 2295 2958 3809 608 320 3853 3965 1402 1312 629 2729 894 960 235 3104 4549 4622 
3884 4179 3191 861 233 3012 1859 444 348 63 2864 596 2693 1716 12 1621 4393 1016 1962 95 4546 4749 2315 2479 1971 1275 
1744 4135 2242 3662 1069 4334 3142 782 4611 4303 1994 3910 824 1189 452 1748 828 3895 4181 4461 3031 2414 3487 4843 4543 
804 2857 110 1915 950 3714 3529 571 76 1944 4321 4708 3481 4391 4738 2897 2895 3866 1373 1758 4294 3569 717 2975 3444 2675 2140 2538 3429 576 887 1712 3522 1629 2725 3859 704 1797 3537 
1762 1039 4976 4404 2368 1033 4190 4486 1661 2813 4272 3953 805 1374 3002 2346 1557 4057 2124 3410 3729 2468 3931 1278 506 1413 202 3806 1425 4707 1841 1928 1456 1905 2635 1528 2628 1087 3592 2262 144 603 1337 594 4012 
3464 3636 1820 1305 151 79 1821 4880 4324 4045 462 1512 2604 327 3961 3596 1658 3139 1464 1061 343 3637 2642 2930 4659 1559 3689 4048 507 3072 392 1583 2989 2309 2174 4906 862 
3202 3118 2277 2376 2095 342 2281 4601 3137 519 2833 130 1085 437 674 4263 4873 2009 1355 2793 420 2442 2599 57 3685 3020 2018 
3808 208 4416 3251 2470 70 2949 325 2680 210 2080 4114 4056 2403 4824 4375 2341 1389 2069 2082 2347 1466 4402 4033 3625 
1330 2378 733 4254 1519 397 4797 1009 683 1340 3373 3271 1815 4099 1474 1692 1609 2166 3311 4192 
4345 4994 2464 725 3818 4597 4269 1657 1140 1627 4187 4211 2501 4566 4473 4852 3060 4727 781 4851 2920 1960 879 3630 3676 1193 2392 2858 3707 1620 4926 3216 1995 2704 
3617 4322 1812 3564 1887 1780 3322 4589 257 1277 4101 3880 1850 4626 1215 289 2104 466 74 773 4237 
4957 1221 246 134 4152 90 827 1590 1838 1478 699 3305 2651 2327 4684 2896 2011 3563 1897 2332 430 3212 3502 4901 774 4469 1243 2771 977 856 2532 3812 2073 3483 3840 3542 
4681 2428 1120 4869 2353 3759 2031 3697 2836 3381 3438 4427 1580 4691 556 87 3034 4553 4724 3222 4102 2669 2057 2480 3672 2988 665 36 2950 1650 857 1481 4890 4170 792 1094 4335 3539 2626 2046 4790 759 4129 
4695 3871 1159 769 762 3938 1047 3244 3245 1049 1656 4810 3937 3696 2794 1874 742 190 4412 2956 944 4737 3275 2239 2039 2848 2123 2001 2726 1584 1191 
3324 2248 2891 1983 3516 303 10 3706 4020 2110 3334 1339 117 2877 2742 2755 460 3003 4644 491 1307 3424 3609 3944 2380 4044 
525 4840 2335 147 4143 4826 4915 3236 4641 4363 896 3909 3149 2173 4882 4521 4108 1599 154 3645 4343 218 157 297 4450 377 1713 3001 2764 1706 
2803 2795 1546 587 4786 3766 4637 1082 2681 3897 4971 2634 3194 3703 2058 3883 681 1267 992 4811 4106 3413 785 4914 2214 4098 520 
3165 4519 2096 1972 280 494 230 3174 4993 2790 4221 2049 3829 2679 1054 3405 1760 2608 3151 1146 1772 480 3257 2083 2825 483 1643 102 1776 854 35 2021 2249 3902 2360 463 2921 1000 4074 
3497 3479 655 2401 721 1795 4962 386 3169 705 1793 3302 1040 1203 788 3663 2871 3652 1052 2685 825 1759 1420 1088 500 1332 2766 3226 4717 3891 4392 2617 714 2137 930 2424 4319 206 786 4229 4878 4557 
4850 2274 1624 4004 542 2091 3858 1923 4858 4772 1394 1791 1174 125 2270 3518 836 677 4251 601 3398 3959 1985 4191 4022 1751 4716 4491 4640 1996 3898 906 4950 4937 3375 4891 3112 1849 3455 1384 375 1978 417 967 
37 770 1072 4694 2109 4025 2536 9 1705 540 4445 105 2957 4165 1761 1666 1139 3314 1576 2627 2427 2052 810 767 4941 2515 935 390 434 1223 4296 3936 
2201 1357 1926 1503 3195 1248 3501 1491 4814 2808 4561 1773 2461 2194 1098 1517 3312 3562 1631 1704 4995 2636 2637 3896 1143 2967 237 1096 4815 1697 4031 4464 1135 
2676 4744 889 2330 4689 4795 3426 3995 1756 3525 2010 4465 2716 4183 3433 475 3099 1434 638 4693 3278 812 4701 4618 2667 2723 2081 3064 2097 1207 2265 4892 3927 3504 497 4405 2216 3201 
3863 1442 4782 771 2063 1799 1024 817 2369 4525 1295 4532 919 612 4124 424 484 1229 2108 753 789 2546 799 4734 4930 1549 2272 2146 1497 2656 
3348 2567 4059 1219 1190 1967 4354 2472 350 1041 1933 115 2367 3260 2917 3885 2703 2613 4817 4399 3506 552 165 2292 3698 1034 505 3013 2534 394 3005 3642 2229 2657 1556 2287 2177 4011 
1297 3756 2207 52 2576 1858 568 562 3227 595 1115 1886 407 1264 1123 4932 1058 304 1672 234 1372 1469 1183 3579 
3712 2638 4832 569 3391 4657 2132 2511 3951 2671 141 728 1589 3923 3445 1196 1749 723 3308 2267 2559 3088 4449 1616 1180 3068 639 167 4547 4658 2037 3437 3922 3356 
1302 2222 1344 2388 2750 1779 2745 2266 4079 1475 4885 544 77 85 3394 1167 1919 563 3065 1721 3791 2828 3577 1433 989 2548 
1723 166 2597 2171 4454 2261 3831 1982 2855 2210 3284 2492 912 534 4316 4176 3615 3293 3177 4687 643 4480 2868 3000 4070 
4539 4026 2488 4456 2477 2668 4945 120 317 1472 3273 283 4804 1819 2157 4349 4794 4577 3025 1529 4447 33 4208 1086 3008 124 244 4751 3723 1022 4741 
3804 2683 4594 3711 4564 606 4645 4966 4612 4745 4366 1228 3179 3456 3255 3439 2783 1044 3420 2439 4990 2148 3535 3767 3454 3461 4306 4796 2610 3838 3095 2178 1213 1042 1807 867 
3146 3162 3519 3988 3059 153 1380 1071 3984 4982 3848 4746 4472 3240 4958 411 3651 4483 1192 3915 4200 2102 1725 3722 3388 1989 4222 2867 1813 4876 1356 4877 3043 1695 3997 418 4013 1970 4648 4552 
3741 1208 4538 55 2932 3805 4082 1719 3392 4847 2687 3343 2497 145 1168 3926 3078 1921 776 2237 4900 3952 1220 1164 1560 4482 3967 
3740 1956 2319 3317 1843 459 384 4162 1593 2465 4947 955 3113 3136 2770 1523 4246 4710 4975 4027 1386 3825 3206 1450 915 4153 1674 1454 2458 3860 3552 581 286 
928 795 248 4457 181 3330 3267 1586 1369 1790 2198 2738 18 3351 2616 4001 4453 3879 133 1532 19 
4807 4963 4407 4623 4760 4983 4617 4446 4529 
4921 103 3274 2648 1421 1276 2366 2071 4961 4291 1963 3406 2856 2810 4889 61 2255 4340 3379 633 2542 1602 2324 1920 772 186 4927 2842 1834 4639 814 891 4197 1155 2089 3796 4400 1544 893 
3727 3546 821 4582 96 2801 1877 3075 4677 1002 2880 2970 3384 136 2963 1254 220 3280 169 3299 1492 529 1479 4147 4014 4747 3035 1150 4583 3015 4312 4778 4267 4954 1688 
3978 2814 2236 4933 3641 580 1382 47 1677 3580 1587 2982 914 3536 4426 4917 185 427 2606 4116 3488 4787 3781 2065 4809 3940 2955 1134 1416 3134 3175 516 3671 1804 421 4154 3943 3986 288 4111 2300 2940 4083 1907 
1201 1934 1116 872 454 4356 4661 1182 4160 2774 2624 572 29 2165 4196 907 2316 4138 469 2658 71 4300 4459 4765 763 2343 1233 4323 2753 1015 871 1473 2122 
3471 3605 1722 4443 3402 209 3541 4500 2874 2847 443 1824 3993 1225 1166 4358 476 351 279 3369 4043 
1691 1953 2471 4444 1861 4653 3198 3333 1065 2966 3185 1453 691 1284 3758 3076 4636 4054 277 4097 4565 4090 1869 4128 4202 
4624 3083 3643 3133 4172 4540 239 2348 89 1664 3867 2519 1462 4595 1542 4996 4326 4320 4823 113 2206 163 3621 2996 4069 4763 3534 4768 4960 4674 274 578 
1154 3409 3792 3124 4887 4113 796 1311 2591 4952 3252 254 3355 3309 609 1885 4201 3022 3196 2141 67 4725 2633 227 3934 4856 
4223 2312 3917 3239 3376 2557 866 4730 627 3407 2131 2375 741 4018 428 1375 1055 109 3911 1342 4756 285 4046 
4302 1206 3283 3702 3713 1279 3946 3397 2168 3674 3 2579 3486 4210 832 2170 1600 92 485 174 400 4265 3612 
2434 3531 1313 3669 4327 647 2431 847 1376 1646 4432 273 1486 1832 877 2365 848 2042 3503 3960 4712 3789 30 4313 3626 1181 3231 3265 
1343 3771 1445 4256 2087 1289 2231 2120 1783 457 2919 1554 3465 513 4854 4096 4908 1498 3900 3555 189 734 1538 4592 4332 215 3743 
3856 3062 2551 4800 4139 3639 3417 2436 4743 1533 2818 641 4411 3277 2986 4255 4409 1553 834 4545 554 173 613 482 3058 2075 716 1566 4308 3749 4109 
2430 1935 419 3821 1441 1482 4005 3606 4886 3044 1424 530 3491 885 3070 2088 4401 4980 4572 2590 1884 1693 4281 94 3996 396 579 1659 1504 1743 2792 315 1217 2361 4301 1854 2391 
991 4035 3467 4938 922 4704 2038 1750 2144 4984 2250 4735 502 2964 2898 1335 4673 3101 593 2831 1112 4478 3607 268 4503 4835 2338 2978 2974 3509 3415 4282 3492 4036 619 2549 4679 4939 3770 
1439 100 263 3241 478 916 1617 1592 952 654 815 2552 2994 711 4485 2603 4670 3875 2286 4028 
2643 4669 4310 2942 2273 1391 2474 3090 661 2301 338 1119 4931 236 3496 3018 4248 2561 
3130 2588 1256 1714 4199 4463 3549 4235 2809 2334 3289 3014 1986 1091 4537 648 4736 32 4634 2587 778 2485 1636 2246 4148 416 1794 298 3595 1708 4711 1865 1969 
1011 3888 4929 4490 3582 4907 4616 4680 
4808 3511 1089 2763 3092 2254 3279 636 809 2374 2134 1757 3325 1929 4576 3270 2739 2960 1520 2879 4361 3512 366 566 947 1597 50 2362 4571 3572 1428 3971 1029 1381 2875 4924 4225 
1564 1170 1825 752 3155 1076 1536 1127 1410 2233 4166 2486 4002 901 1735 3320 4186 
2291 344 3994 4509 2540 204 886 748 3189 913 111 1443 2733 2413 4944 2218 1924 3159 2973 1117 4311 1178 330 3087 1690 1574 2585 3906 816 
4861 4629 4415 473 4631 4875 4635 4441 
360 2747 1114 4077 1149 3814 2807 602 2849 4209 1950 4535 1309 4275 3718 3399 4382 284 4091 2322 546 1501 3640 4697 1668 3886 
4663 372 3551 2478 2125 3230 3631 3259 660 1322 3709 3122 1461 4120 2328 4542 3845 1371 4739 1133 574 
1317 819 2969 994 4052 710 4836 2421 3517 2662 11 3520 3889 1615 903 1145 4593 1152 2944 3213 471 2355 551 2815 4603 
3737 3760 355 2523 4110 2503 3316 222 700 3851 3106 3686 900 4512 1604 3091 1489 2939 1106 3143 4621 4475 
4073 2888 663 4169 1188 4295 1698 4740 381 3370 4133 2654 2151 1437 4076 4359 2990 4841 4501 4898 839 2012 2074 27 3524 1306 1161 4180 
2518 3810 2914 4936 4496 2179 1860 2629 1097 1635 3578 2622 1329 3298 3434 4969 4748 4871 4780 2544 1027 4586 4821 1508 3303 449 4643 3668 2941 3026 
3622 2925 4038 2188 3307 3989 4100 3786 4615 2541 2787 4606 946 69 1323 48 4352 1483 101 750 1043 1847 3847 791 1811 2161 
2841 3772 820 3765 3389 3281 951 4107 3485 3628 2213 1113 3742 2395 2055 1390 4193 2578 1868 270 
2452 1074 1263 13 1124 1239 287 2822 2776 676 2481 1792 2677 456 997 2460 1422 131 4095 1660 
2839 2447 2130 550 4506 2027 4652 4789 3736 4034 2854 2311 4620 3214 3581 2008 2469 1177 2127 3412 4507 4803 2565 4487 4997 4075 2199 3468 3935 3046 1816 2072 1179 
4474 4062 4149 1941 4448 2645 3184 
2314 929 3762 245 555 440 4071 4864 4667 3901 1774 2819 1726 1035 1998 4988 1387 2308 4398 1681 2524 2823 708 5 3725 849 4946 1109 139 4865 2321 4365 3523 2843 4798 4655 4977 3131 3532 4130 604 937 1879 4342 3414 2734 1939 4922 2820 
1703 2525 4424 1682 4278 241 116 4570 4959 4607 904 1162 3977 4451 1325 179 2509 193 1176 3899 3469 1253 4339 2641 4053 4897 3815 3507 
1931 346 331 4346 3248 3666 4951 1438 973 1648 14 1299 1092 4715 652 4638 2601 1415 4373 3954 
1073 3833 4406 3560 4720 3987 376 2371 2154 322 373 4773 4676 3233 1675 985 1638 2113 1144 4541 2602 4364 2980 1778 
3219 2167 2116 1831 4614 784 724 1327 4198 2053 3904 
4953 3515 2235 3692 3425 4842 1977 3990 4967 3634 3038 2251 2586 1565 1626 328 4247 1281 2933 2379 3717 3604 909 368 1013 615 3873 933 738 4047 1195 1399 3346 706 
3154 4831 807 2615 3600 628 4722 2182 2781 316 3247 2674 2354 1334 1754 2223 3956 4080 4802 1938 3957 2537 2325 4548 3930 3849 2416 3855 
3865 2211 535 3567 406 4974 4418 2510 1118 2806 1510 2407 3734 2886 1396 4757 2305 4767 1194 1571 2496 3110 4368 1447 3017 142 1623 1018 3079 395 669 3286 970 1686 1522 3565 1653 1530 3121 2192 
859 1506 987 6 1158 1957 4895 1781 1913 2256 1936 3776 3170 1053 4523 622 1891 4287 4126 3061 4378 630 1246 
4517 2535 2390 4230 1224 2440 3341 3460 1612 3633 547 278 2513 1198 2922 3102 3276 1521 1460 1585 3558 4212 4307 2665 
2991 2840 2575 3835 564 4879 611 3892 119 3477 365 990 4881 4965 3290 3973 2804 1020 4628 2449 2619 4830 251 945 4049 892 442 1304 1863 2979 2345 128 2317 1570 3739 326 
4164 2294 2769 2768 1169 2640 1326 3784 4442 232 678 2337 4527 2155 818 4376 2426 3120 2126 2689 1448 1618 4533 2612 
2269 684 2582 3342 3313 171 4016 214 4318 4986 1784 1409 2253 474 3724 2219 2700 4288 3950 4156 4205 1796 1851 1575 2882 4290 2502 1875 4514 4498 4331 
1670 1341 2092 1990 2162 3769 359 4297 2713 1444 3272 4981 4279 2943 3080 2121 3966 3527 3161 1890 925 4452 4042 453 3659 
2621 2271 4719 1249 3705 2663 878 897 4834 1828 1558 2543 2389 339 3620 3111 3069 3321 536 3156 4344 2007 3991 3735 1423 2692 4396 2550 3550 1988 1822 1056 963 4718 851 3688 626 4559 4569 4434 3192 1649 1477 1598 1211 
956 2570 201 187 80 1826 2968 2851 3382 3368 931 4683 264 1680 3962 3499 548 28 1798 4224 1128 4905 793 2870 4822 2682 727 755 4551 558 4948 3340 4516 1269 2712 
509 2899 1857 2191 423 4791 2129 4973 1572 1142 790 3366 2232 4870 3526 4015 238 3587 4249 2352 2356 2760 1272 140 2225 1286 2718 4494 4024 1003 2066 2985 687 2805 3197 4598 1551 2696 3924 573 1090 3870 4910 2852 926 
2646 3844 2419 3611 432 2574 2531 3145 3093 2661 549 3589 2106 3408 1349 1827 188 323 310 
4271 1273 198 2861 3513 1496 4497 2344 1338 1446 2765 3039 2193 
4550 3964 2850 2320 2906 2894 2885 2357 4351 2618 4762 4118 2175 2998 823 2336 2987 3422 1737 2730 1108 2203 898 1077 4698 259 1218 2238 4414 1806 4588 3300 291 1363 4023 1100 2372 1458 
1800 3970 3386 3361 2707 1715 387 2907 3755 1734 4104 306 4260 1694 4121 1873 779 228 1679 679 2757 3754 
3782 4061 3699 2789 2493 2945 23 842 122 1835 398 3585 1702 2595 3449 1526 765 1358 3056 1906 910 3353 
1904 2228 4647 1973 2508 1959 1974 3238 3428 319 1137 1518 3128 1687 2607 3998 617 1976 2200 336 2422 4299 1788 
1767 275 3675 1739 4213 4067 4584 2583 1185 4286 521 1032 3220 1909 2181 451 4770 3489 3390 1673 4696 1320 2381 1048 2331 3132 4666 
4928 1083 2306 3326 1298 3049 56 4714 2581 692 2741 670 2244 4934 4370 3193 3528 4783 1280 3105 3505 308 1878 905 4949 3836 1490 4168 1165 3063 744 
329 3982 3790 662 3180 1753 4690 4625 2156 4243 1883 4505 3359 3152 1724 3447 3976 2245 4489 2952 2910 4992 
2098 3693 4157 4214 1173 644 1895 1107 984 217 2844 590 2387 3462 978 17 3019 4522 4675 266 941 2797 3679 2623 3608 4563 4862 2563 
3458 1644 1947 3138 1771 1110 2101 1296 968 1745 3824 4171 20 269 99 3328 1352 801 4174 917 4117 4671 2529 3793 4383 2594 3783 
4728 3985 1122 3942 2560 160 3319 4556 4380 1209 2520 4568 4207 2048 1728 4353 2115 4244 761 4672 159 2215 3315 
4732 3443 4381 253 3715 4999 3074 2992 1141 4226 2302 2483 3646 3349 4431 1282 3147 3337 3887 2299 3834 1457 2701 3684 1952 2393 4849 4731 607 412 4425 2044 3205 2079 
618 2406 3033 715 747 4150 2190 3921 403 4602 1232 3603 961 1817 3773 794 3972 
182 4859 3495 4151 1240 4006 3903 2304 4759 3613 3925 2740 1187 1234 4233 1231 2860 3757 3163 1125 632 231 4137 1331 3494 4609 2598 975 4709 4758 2404 
2383 2258 4985 1427 1368 1467 614 4280 1301 2746 1641 541 837 2326 203 172 2568 4860 1406 1412 1949 2522 
3261 433 3690 2936 3055 194 2028 2445 2736 3085 66 3371 1095 671 2744 1870 508 3027 881 4630 3232 830 3229 162 3584 3416 2670 53 4066 3448 4581 3788 393 3801 3629 1881 1581 402 2045 3378 3285 
4228 367 4580 3073 4078 2152 882 4397 3530 1733 3310 3129 998 426 3694 2827 2915 3907 1894 4784 2060 498 696 2117 3914 3593 3451 
2558 651 2754 813 332 1079 543 675 1899 3176 743 31 3141 441 
2448 1689 3332 3777 4495 370 4668 3797 1045 3380 3817 4678 3681 1842 3024 2834 1911 880 4341 1314 3089 75 4920 864 2691 4184 2259 106 
2779 1250 4884 2798 4510 127 4991 924 4805 4040 2024 3795 2905 1431 126 797 401 247 1418 1148 4284 3778 1955 3032 1611 4142 737 4703 4239 4554 3430 
936 600 161 2948 405 4234 883 4185 312 4955 868 2164 4729 294 503 2459 966 4925 4605 1480 205 4430 1671 4899 3498 389 4081 88 2323 299 4868 
884 688 3545 3217 2090 2709 3554 826 2758 2288 4692 4132 2512 2358 3510 2212 4599 3912 2280 1354 4293 2359 4462 
337 4387 3594 4793 3473 4385 1856 399 3872 1500 1642 335 642 2068 3933 4336 1764 4262 972 775 557 4923 4347 4064 371 4484 3837 4866 149 2070 3237 
4651 2451 1300 2873 1862 899 356 2731 3576 1840 3242 2394 4460 3650 4587 4072 2498 3234 2711 729 4956 65 84 1175 3583 3677 
4604 3597 2928 1610 3218 3843 24 1242 2724 3614 1392 2902 3649 4333 4329 4258 2777 3913 177 855 631 2507 4705 4664 1683 2252 2826 
3775 2853 1992 2176 1347 3799 3480 195 2050 2002 592 290 143 2965 1411 2051 3291 1449 60 146 4481 4055 4274 229 2710 25 4122 523 2016 2260 4379 3682 1226 3644 1984 2708 798 3282 3357 4420 4799 4467 3304 
3667 3868 645 72 1151 4348 1353 657 3547 3450 1259 2884 2784 2892 175 3500 1172 1430 1274 2505 1210 
3882 2863 341 4769 2878 132 1655 1005 1051 73 2580 2118 3295 2553 1852 3292 4259 846 1844 3673 1801 2830 
3710 2659 4119 3081 2462 3807 522 3787 3733 1768 1261 4030 1080 1539 4754 4231 672 4466 44 1038 3949 3004 843 2715 
4252 3747 2735 730 3250 97 1505 1736 4911 4979 1350 2135 1833 1171 3475 436 272 667 1244 2349 680 178 3167 2762 
1111 4520 4298 1060 1846 4964 4372 413 1408 993 2799 2653 4912 1292 1333 2030 4825 1138 1362 3632 1287 2816 4394 3404 2785 1361 3331 962 479 986 2364 4085 625 2916 4219 
2655 2020 3108 2589 3082 1531 1251 2040 2688 4093 1958 1628 4159 4650 4388 3199 1370 3256 2180 4918 1023 197 2025 3126 4792 4173 3268 4706 2954 1398 1318 3253 455 
659 3854 2482 2351 114 4526 3575 318 4422 2268 4021 3918 
2720 3800 3751 565 3664 3624 4238 1426 59 3067 2796 620 2415 3861 468 1948 3544 2592 567 3190 
1577 260 650 4471 112 2678 2705 2686 321 3042 2017 976 465 1513 3830 1942 223 4276 1059 4857 1652 51 4872 4395 4408 958 
2887 4206 1866 2908 746 3301 3077 447 1383 2454 803 4781 2811 3470 219 2313 3556 4145 1966 4112 
1093 1321 422 4530 4103 2859 1493 1236 2303 2934 3842 4087 2061 3661 3041 1365 490 2094 2062 
3345 537 2205 2282 2240 3246 4019 1351 2013 3097 3297 4155 83 1685 1901 1436 2516 2555 
3338 4051 2611 3627 754 2026 4515 673 4360 1747 780 3680 3335 2824 751 3916 1001 4240 391 4590 
2666 4455 2263 3947 383 448 2571 191 515 4215 2829 948 3009 863 4253 3329 3862 4437 1132 2697 2596 2475 695 
1940 1808 4285 4144 4084 464 1927 2931 3442 3490 3571 2435 1212 242 1555 3347 3007 152 4989 2690 2033 4998 2993 4750 971 1147 3981 4723 1710 1050 3148 1136 2143 3732 
4403 918 2961 2443 980 4493 4158 4753 4779 2399 4094 2015 4578 4654 1230 1488 2484 4350 3514 2569 216 300 1319 1932 3096 1008 3864 514 2951 996 3602 923 2632 2743 4610 4812 720 1892 1763 
4838 3720 3979 42 1308 3820 121 668 200 957 3482 1019 512 311 3700 2625 1440 1665 1366 4266 582 1214 43 869 2935 3086 3893 4218 3980 2473 4257 2189 1829 3374 3841 
4163 4827 908 605 2564 553 1066 4913 4261 518 2938 1701 745 4562 3822 2791 1227 2023 2310 510 1720 1991 3472 3372 3435 4813 
4236 1872 1630 3419 3318 3638 486 3852 4 4942 4436 415 1888 1222 58 2000 2778 634 598 
4017 4574 3543 249 2530 168 8 964 4755 4978 4477 1527 3225 3052 1283 1607 1359 1633 138 1315 3683 3538 2466 4429 4968 250 2572 334 1216 833 1550 709 1547 357 1902 199 2476 54 2927 2409 2865 363 3753 
4305 4189 1731 3726 1718 4596 3057 2145 4888 1310 2217 4277 1729 4292 3047 2412 1184 98 1294 4845 2911 3768 2684 4902 2566 3045 1432 3716 461 1678 2230 1262 
1810 1639 3586 3656 3826 2247 3750 252 749 2506 4499 1622 4161 4413 3665 4088 2386 489 1775 3857 1101 15 3878 2901 2441 4419 4338 1785 2780 
2114 1046 2150 211 1484 2147 4032 3360 1388 2845 1805 1346 811 3618 3288 689 4560 3459 2105 26 
3678 545 3958 597 45 3590 1637 3209 1568 4488 414 1823 768 2959 221 1699 1746 693 2788 302 4837 2153 4086 938 2209 713 953 
921 943 1345 4204 3761 313 3484 1417 2924 1028 2243 4357 3654 583 
243 3054 2876 3263 1709 1378 3423 2926 1717 4029 2900 2699 107 3385 1979 4585 3243 3635 1021 3798 
1802 1662 1676 4764 3153 2455 4050 3744 1789 707 532 2837 1930 2128 852 783 4242 2946 1782 2029 2903 2504 1507 
2981 3566 4217 1578 3029 2059 1103 1925 1 1105 3876 4268 3478 1742 4820 258 4428 4009 3160 
2556 3123 3748 1645 2499 2775 2019 927 1202 1037 3708 539 2838 1515 589 3476 3411 3599 2056 682 1569 2500 3350 
524 4479 2457 295 2721 1487 3869 2748 4806 740 4000 702 1588 3839 942 1397 876 2584 2890 262 2487 180 4216 808 1455 
3421 472 902 2158 2802 458 1030 1288 4904 184 2714 1567 3164 694 2706 4642 4468 4508 1025 1516 2652 4314 2034 1908 2159 2307 
3647 2835 2554 3339 1603 3294 4776 3874 3036 4105 3738 446 3135 719 164 4068 4788 4721 2264 4492 1663 2196 2429 3223 4846 3559 
3655 3432 1186 49 2547 3890 409 4536 1235 1707 108 4632 1594 2450 1285 3553 584 3119 282 2004 1954 3623 2036 2717 2639 1741 3763 1157 3249 2227 4682 1495 1711 4531 1946 439 686 4935 1257 3107 1121 4972 735 1765 450 
3140 3168 4007 3262 3457 3648 3352 1545 4819 3598 1238 1608 1830 656 646 4726 2197 4367 388 2573 2562 4371 870 802 2423 3431 38 
64 873 4270 1537 2702 467 404 3752 148 2577 1964 2064 736 860 
2410 2545 1667 1084 3816 496 4504 2163 2463 2719 610 983 2160 1156 739 1993 3171 240 2673 155 
1541 3588 495 4283 2631 4039 1975 4220 2456 939 3701 4534 4633 4646 3393 2728 560 3779 1407 3427 86 
4337 4003 4476 21 135 2420 4524 979 4575 1385 3466 1367 3186 2041 4733 2832 361 3040 1965 3905 2224 1552 2172 3210 1130 261 493 2660 425 1270 4386 3493 213 
4855 1010 3116 1601 3446 1900 4511 4502 1014 1980 3400 1770 4608 1328 1654 1247 267 4273 3802 292 1917 3730 4656 487 2862 2377 4136 
2107 1007 4125 1945 2133 3050 3823 1647 2866 1036 4970 3850 3774 533 777 1063 3721 1738 586 1452 3846 4328 1769 4369 1732 2298 1429 1200 1468 1364 2234 
2881 3023 766 1562 726 4649 623 2100 358 3658 841 3109 3028 4567 4844 3945 2417 3463 340 4140 2444 1896 3418 981 3221 
649 3327 1871 1755 932 4742 1534 624 4544 940 1997 374 4355 3939 760 4010 2913 2977 1937 1880 2067 4893 2340 2605 3181 2976 445 
183 3178 2183 4555 1916 2333 1485 2749 3920 4232 3827 158 353 382 1898 4688 4853 4816 82 3695 1252 875 1163 3150 477 1451 2722 999 2526 
2491 1845 2437 528 3395 2284 364 511 3011 156 698 3591 4766 3570 4894 309 3974 1064 22 969 965 4777 1625 2283 3691 
1591 2402 3819 2226 4417 1511 4317 2664 2909 3211 2398 1889 1099 2609 2186 2022 3908 2521 2999 
39 690 1075 1561 1540 2032 2411 1379 3296 2297 2772 666 1525 2085 685 1700 3228 4660 150 995 4916 
3533 1068 481 4065 2342 4008 1131 831 3172 3540 3452 1777 2620 1606 378 1268 1651 2995 570 4304 4713 4699 3037 4440 3557 2812 369 911 2614 1153 531 4987 4264 4141 4330 621 4771 
1293 4867 7 3358 1017 225 4665 1070 2727 1803 3803 3117 800 4433 488 561 93 2644 4377 4435 853 212 276 756 1205 
2649 3173 123 1260 0 3731 3396 1740 499 2533 895 2384 829 2786 2889 4774 3401 1563 2086 838 1266 1403 1057 1435 1786 
4662 4384 3919 1291 1535 81 2136 4115 3983 2276 4131 4389 333 1596 888 2290 3204 757 2370 3362 3115 2006 1463 
616 3963 3704 3183 3619 1470 1912 2947 438 2782 3010 3403 1258 585 1640 296 2350 1836 4919 354 2293 2047 3548 2204 1360 4896 1855 3436 764 
3670 1696 635 4134 4573 3508 1582 4470 3832 385 1303 4863 4194 3354 1081 4092 362 1271 2694 1961 4123 4829 2761 1509 2752 2514 4579 4627 
3813 2528 1619 1864 1943 1465 305 3182 435 2363 526 
658 1255 559 3785 2972 4785 2373 637 2005 4146 
2112 4058 3323 4227 1853 3573 2078 4089 4188 4315 2467 1197 1031 2043 1499 4289 1245 1579 2318 176 2962 196 
4439 1414 1348 1684 2929 2912 1204 3094 806 324 1766 3881 1316 3828 492 3158 954 949 2800 2257 3780 
2208 865 2904 2517 256 858 2846 1026 2289 934 3084 3258 3235 224 4619 2093 3383 2285 845 4060 1848 
3125 3207 3568 1837 1502 1669 3287 1867 91 2446 2241 1494 2278 170 1062 3269 844 4362 3616 2432 1922 2647 4600 3053 
2187 527 2119 2732 988 4203 1893 1981 408 2438 1903 2382 1910 
255 410 2759 2593 1814 40 380 104 1393 3103 1324 1951 3200 577 379 2339 3928 1882 1543 835 1752 1514 2185 3364 
