3437 3618
2722 4380
3277 4537
4446 4713
2017 4273
2986 4306
1468 4623
538 4804
4042 4225
4811 4914
600 4917
4156 4806
4373 4749
2227 4475
2235 4074
76 4285
3611 3903
4236 4951
999 4692
1462 4866
1318 3366
2986 4999
664 4742
1567 4623
3237 4692
3947 4014
3706 4234
3512 4274
2742 4790
3020 4711
1049 4345
4711 4999
2807 4713
2377 3434
262 2594
1561 1774
1129 4913
2684 4225
1497 4917
2875 4707
3850 3944
4749 4972
2817 3971
222 4527
4440 4817
1804 2631
1845 4668
1029 1586
1748 3390
3237 4812
331 1280
1286 4120
1626 4749
3681 4446
17 4968
2696 3501
2893 4514
3228 3793
3628 3724
1346 4852
2696 3016
3263 3618
3265 4554
783 2350
887 2200
1140 1782
1930 3434
3633 4586
24 4537
2706 4585
3297 4605
2559 4917
859 3811
3947 4711
1916 4273
2722 4306
4866 4914
2062 4633
824 4623
2087 3929
2631 3228
1829 4669
2876 3903
2035 2982
1736 4416
3625 4195
2834 4817
4225 4850
172 3369
4081 4527
1324 3841
983 3830
2073 4806
1442 3329
4812 4914
2548 4205
3507 4809
1904 4713
2084 4914
4745 4841
4324 4528
1298 2025
4151 4742
1280 4605
1546 3369
1140 3984
4306 4631
1964 4527
701 3434
2583 4707
3961 4141
3724 3844
3288 4631
847 4612
740 4692
4790 4970
558 3944
1201 3844
1526 3966
1462 4692
1564 4081
1102 4016
1140 4195
594 4475
2627 4852
532 541
532 2409
2052 3811
2710 4829
3021 4585
895 1258
102 4669
2817 4407
2052 4612
2436 4528
740 4812
812 4913
1420 4446
4707 4817
845 2986
3186 3971
243 4838
1368 4241
2263 4829
1298 4804
2123 4285
2583 4841
736 4742
845 4711
1748 4540
1442 3628
2522 3339
4273 4428
2611 4951
2424 2687
1925 3903
611 4480
356 3602
1402 3228
581 4633
4120 4739
1467 4133
2986 4631
3550 3897
313 4790
887 3207
740 4811
1258 3625
2275 4644
669 4817
2297 4631
4554 4965
3297 4633
1561 2949
1358 4537
3673 4152
1940 3966
3728 4866
3202 4758
3019 4440
1497 1577
1874 4852
3728 4812
4475 4631
1129 3265
3016 4758
1564 2839
4393 4713
3300 3501
909 4092
1276 3214
120 4023
2631 4042
331 2424
3072 4612
1028 4285
1028 2342
1346 3947
3355 3434
1752 4811
482 4273
151 3044
344 4445
2503 4367
4416 4852
2583 3019
331 4540
2594 4234
2422 3091
1049 1774
1736 1874
1804 3793
859 3497
3297 3390
745 3550
2209 4554
3635 4872
2457 4817
2459 3183
1774 4345
2522 4585
3462 4739
3944 4809
2025 4804
2682 4273
3313 3725
3841 4605
355 4817
787 4380
2694 4711
275 4669
2425 4742
2011 4742
3081 4273
306 4745
3982 4809
3240 3429
313 4809
331 4755
4440 4745
681 3265
347 3598
1517 3632
3971 4841
3186 4585
2017 4798
3602 4970
1595 3706
1090 4742
3069 4872
1904 4393
3611 4623
3019 4745
736 4625
1503 4972
536 4195
274 4042
4056 4999
1498 3706
795 4306
464 4445
1462 4755
681 4965
3324 4359
4625 4667
1771 4236
2814 3512
2403 3951
3598 3760
2966 3830
1962 3207
3602 4965
222 4829
2424 4633
3437 4273
2711 4262
1842 4151
3366 4083
2154 3390
3069 4850
3313 4393
4554 4913
177 4234
847 2052
2217 2611
3462 3699
658 3968
1728 4758
3016 3202
151 4156
222 4804
1667 4120
2504 4099
2457 4440
394 1139
2425 4761
2684 4739
1826 4042
3625 4841
1964 4829
1908 3186
4234 4445
2091 4812
1346 4711
1626 3982
1468 3275
358 4838
536 3793
983 4337
16 4707
2084 4755
3633 4285
2754 4407
296 4798
262 3321
3878 4761
4612 4917
51 4951
16 4440
859 4156
683 4913
4042 4324
9 4866
2528 3501
3887 4092
3947 4852
4004 4866
9 4755
1280 4540
196 4285
1626 4790
3699 4324
4407 4745
4480 4913
358 4761
1324 3263
1708 4817
4445 4951
4707 4841
1173 3275
4872 4914
1216 1526
4225 4707
3795 4668
184 2087
16 4841
1338 2742
2661 4914
4507 4761
1771 4951
3878 3961
2030 4623
2025 3313
2706 4745
2711 3163
1962 3075
2090 4739
866 4359
1187 3887
3240 3598
2684 4324
3202 4668
3548 4798
2869 4507
1328 3497
1179 3919
1462 4812
3728 3880
3298 3968
1570 4790
3369 4262
3890 4074
983 2078
2696 4099
274 4739
4416 4475
2297 4306
2350 4755
4402 4760
626 2087
1298 3602
1776 4359
2869 4761
3044 3324
1139 4668
3228 3441
1498 1825
2035 3366
3081 3618
689 2078
2297 4711
3072 4812
1354 4667
1462 4872
1958 4749
2986 4416
3728 4914
1804 4195
745 3501
888 4446
1452 2817
1667 4739
2590 3968
4612 4755
4742 4838
3501 3844
4507 4838
196 3277
4475 4711
4755 4761
3919 4804
2982 3214
3929 4445
1387 4872
1573 4337
1609 3618
2812 3709
3143 3944
222 3512
4049 4306
145 4083
368 4804
1498 3616
866 4917
2720 4152
2332 3811
2011 4141
800 4913
3081 3263
2275 4241
1127 4809
4402 4746
2668 4866
2706 4707
2503 4225
3946 4042
196 3633
2078 4081
1414 1495
3064 3298
3186 4745
2211 4711
2017 3841
2522 3602
1113 1930
888 4274
2742 4972
4612 4850
3795 4913
2211 4852
1874 4999
2090 4367
2635 4633
4407 4440
3339 3507
3929 4092
3814 4644
2436 4713
4274 4527
2459 4274
2722 4852
999 4914
2875 4273
3706 4798
2123 3598
2354 4151
2946 4809
1279 4016
2756 3001
909 4445
4480 4965
1940 4968
1958 4790
2875 3081
3237 4004
866 3890
2336 4852
1139 4913
1286 2090
2035 3163
3228 3625
3321 4345
3497 4074
2377 3355
3366 3709
3497 4156
3483 3728
541 1517
3295 3929
1920 2377
1129 4133
2227 3968
1289 3001
4537 4554
2436 3850
4402 4644
4585 4745
2093 2470
1595 4234
1667 1776
2052 4917
2194 2687
2982 3163
4380 4999
2682 4428
2194 4633
3462 4225
3635 4804
3437 3548
2342 3887
3673 4809
2211 3288
2131 4585
1941 4951
4761 4838
2839 3369
4141 4838
2503 3699
3021 4817
3968 4746
2134 4668
2279 4669
3265 4758
2093 4537
3880 4811
3143 4749
24 3161
682 4056
3339 4152
331 4633
683 3850
4324 4367
4074 4262
3202 3850
2409 3434
2720 3339
2668 4612
4692 4850
184 4106
1286 4528
538 2459
1017 4913
1605 3814
2275 3968
1432 3984
3947 4416
2062 3951
1754 4241
484 4692
2754 4841
2706 4817
3795 4965
2084 2668
387 3982
4668 4965
3929 4016
3980 4667
3968 4760
2194 4540
2875 4798
4120 4514
824 3275
3339 4972
2590 4760
2350 4811
2742 4152
2682 3841
3462 3946
1962 3724
594 4711
2684 4367
151 4917
2684 2893
4014 4631
3462 4528
3633 3887
2123 3760
1874 4631
3709 4262
1187 3161
3064 4669
740 4872
4049 4852
1139 4965
2583 4745
2470 4537
1286 4514
1904 3183
1752 4812
4631 4711
484 4811
2078 4023
2424 3951
4225 4367
536 4056
1908 4745
108 4446
1826 4913
2425 4151
2263 4446
859 4917
3850 4554
1102 4633
1118 3240
3982 4152
3214 4262
1081 1402
349 3501
1623 3919
2323 4746
1368 4402
3032 4274
2754 2834
1495 4540
2504 4480
4120 4528
1728 4913
2590 4746
1495 3951
1567 4951
1736 4380
916 1029
2631 3441
689 1958
683 4965
2279 3814
2011 4761
1276 4713
2354 4625
3186 4817
160 4913
2946 4790
3207 3632
2090 4225
3550 3859
464 2611
2350 4866
1667 2436
2209 2814
3441 3984
3163 3709
1000 4537
3298 4669
3947 4049
53 4758
4669 4760
734 4633
1891 4913
3483 4866
3890 4917
1328 4074
1295 4537
3850 4205
1826 4758
2117 3189
1188 4917
3497 4806
1338 4972
1442 3859
3329 3628
1017 4965
3183 4446
2093 3887
2869 4151
1850 4156
4120 4367
2323 4760
2744 3329
761 4917
1127 4790
3699 4225
3971 4817
3143 4023
4811 4812
701 1586
3616 3706
1289 2583
1754 3298
2682 3263
1324 4004
1564 3163
306 3186
2696 4913
4380 4711
1090 4507
4440 4841
2209 4758
3298 4402
1414 2635
3483 4850
1452 4440
4004 4972
1387 4692
1804 3984
2988 4514
2424 4605
2459 3512
4811 4872
1354 4838
3944 4970
2503 4850
1090 4761
3275 4623
1577 4806
2503 4739
4042 4528
1201 3550
1925 4623
3483 4811
2123 2607
4023 4306
2722 4711
3313 4274
2332 2559
3020 4416
3951 4540
102 4760
3795 4205
2087 4445
3081 3091
2661 4872
2275 4760
594 4416
2607 4812
2834 3021
4755 4850
2814 4480
682 3984
3980 4838
2035 3214
4141 4507
1420 3313
4133 4668
4345 4798
669 4585
1354 4761
1414 3390
2528 3724
2414 4972
3947 4475
812 4668
4004 4692
866 3044
1129 1728
3814 4402
222 4393
1842 4507
4042 4514
1011 3859
1396 3075
4049 4380
2504 3850
999 4004
4004 4812
2594 3321
1118 4537
1236 1796
2090 4514
3984 4913
1113 1872
1715 4745
2131 4841
1497 3044
1825 3706
102 4746
846 4917
2062 2403
2607 2661
3548 4428
701 3632
3295 4106
1762 4829
1916 4151
1609 3548
4707 4745
2503 4528
2949 3706
4713 4804
1031 4790
1452 4745
1776 3890
4004 4811
4812 4872
3032 4393
4241 4402
3295 4445
2982 4262
3859 3897
2834 4585
1468 3725
348 4755
2834 3437
4236 4623
464 4106
3760 4285
3081 3548
348 4866
1113 1920
1842 4742
1295 3240
1754 4644
2756 4760
1916 3437
1509 3841
2117 4758
2742 4970
1874 4416
3944 3982
1570 4809
2754 4585
4004 4850
887 4968
2342 3161
3709 3724
3961 4667
532 1517
1298 3512
2091 4866
3224 3611
4273 4798
120 2522
1774 2200
1826 4554
1127 3300
3163 4262
3699 4120
4951 4968
1396 3859
4749 4970
2091 4755
120 3507
296 2200
541 4359
1962 4838
2807 4745
669 4707
2403 4633
3441 3625
3611 4236
4480 4668
3850 4133
145 4262
2720 4749
2134 4965
2481 4852
4667 4838
916 3207
626 4092
2457 4841
2336 4416
3186 4707
4668 4913
2807 4407
3968 4241
1826 4205
355 4745
3850 4758
1140 3793
2988 4968
857 3946
3288 4852
3390 4605
2949 4345
1328 4917
3143 3339
4014 4049
2710 4713
2590 4402
1492 4913
2706 4407
1829 4644
4540 4605
787 4711
2694 4380
3880 4692
800 4133
3277 4285
2661 3072
3300 3329
541 1872
1624 4809
536 3441
662 3611
2056 3841
734 4605
1920 3434
4644 4758
2342 3598
1782 4195
3321 4234
611 4758
3880 4812
4367 4739
2354 4507
1049 1561
2470 2613
2528 3628
2414 4236
3240 3633
2611 4106
4151 4761
2729 3951
4236 4972
4585 4841
3512 4804
1533 4972
1054 1904
2194 3390
2424 3390
689 4968
2197 4951
4306 4475
1623 4713
895 1804
2409 3632
243 4761
3951 4605
3699 4739
1702 4507
145 3163
2583 4440
344 3295
1891 4965
2559 4074
1586 4480
4416 4631
4625 4742
1492 2548
983 4968
2729 4540
4507 4667
4585 4707
3844 4913
682 1804
464 4951
2668 4755
1011 4225
3183 3919
3237 3880
4755 4811
2687 4540
2025 4713
2425 4141
1276 4527
2814 4554
1318 4236
296 4345
1000 3598
1236 2710
2011 4667
1702 4838
1930 3632
3507 4790
387 2522
845 4631
2336 4999
3020 4049
3728 4692
3329 3550
3237 4872
701 3355
4241 4644
102 4644
1046 4120
3021 4707
2661 4812
1626 4809
2720 4972
2354 4838
1728 2117
2817 4745
4612 4812
2839 4262
3263 4798
4644 4746
2682 2875
2197 4092
2696 4554
2807 4585
2134 2611
3811 4359
4099 4913
4225 4528
3019 4707
3355 3632
2583 3971
2694 4852
1179 4804
2869 4141
1279 4586
4612 4811
2056 4428
2504 3265
2481 3947
2025 2729
4742 4761
1467 4965
4749 4809
4528 4850
3069 3728
701 3602
3709 4083
824 3611
2332 4917
3507 4152
3548 3618
4739 4745
1298 4274
1467 3016
2522 4970
2661 3483
2526 2706
1179 4829
3189 3795
846 4156
1328 4806
3163 3214
24 3633
4049 4416
3019 4585
1028 3277
3946 4367
3507 4749
1845 4913
859 3329
859 2235
2594 3339
3020 3633
1503 4951
145 4972
2503 3946
1626 4972
1573 4968
2758 3632
857 4528
4156 4612
2342 3240
2729 4692
2436 4850
3968 4402
795 4631
1754 4760
2117 4133
1925 4972
1046 4367
969 3625
2875 4428
3961 4742
4475 4999
2227 4746
1049 4234
4359 4917
3240 3277
4623 4951
3329 3724
701 2249
1011 3844
2354 4667
3390 4540
4393 4829
3275 4972
2062 4605
1495 4633
1153 4514
3429 3903
1962 3300
541 3434
761 4806
3032 4804
3143 3673
3189 4554
3725 4393
3288 4416
3064 4746
541 3355
76 1295
4083 4393
2228 4761
1492 1891
3728 4004
3091 4428
1462 4811
2504 4913
1941 4236
1708 4668
51 3295
4913 4965
1752 4872
1354 4742
681 2332
482 896
734 4540
1964 4274
845 4402
2091 4692
4056 4195
4152 4790
999 4872
4014 4380
847 2559
2613 4285
2720 3602
2227 4760
1586 3632
4852 4999
3961 4507
1958 2742
2481 4014
2332 4806
1609 4428
3611 4951
1561 4798
2323 4016
3628 3859
2403 2409
1508 3321
145 1561
4746 4951
3616 4798
1031 4809
1595 3616
1570 3602
2839 3709
1546 4083
3944 4373
3961 4761
1748 4605
3966 4337
403 4761
2607 4872
3064 4760
2297 4852
999 4811
800 4099
611 3793
1533 4623
1546 2812
3081 4428
4838 4841
1748 4633
1872 2661
1258 3984
4004 4914
4446 4829
2729 4605
658 4669
1782 3625
1328 4761
2627 4999
3072 4872
2422 3263
2814 4205
538 3919
1173 4623
3944 4749
1028 3240
909 3929
1139 4758
1452 4707
1533 3611
394 1503
2297 3947
3947 4829
313 4749
3878 4151
889 4692
1011 3501
2279 4746
1825 4345
887 4337
2481 4999
3971 4407
1526 1573
1396 2528
4016 4951
736 4838
1324 4273
1771 4440
4554 4668
348 3237
2323 4402
4528 4739
1564 3214
4324 4739
1452 4841
2548 4913
3897 3946
3887 4761
2814 4913
2209 4668
857 4367
888 1964
3814 4241
3946 4739
1752 4755
3324 4074
3001 4760
4014 4999
1358 3277
1508 1595
2893 3462
2807 4707
3890 4359
1236 4393
4625 4761
1736 4999
4612 4692
3635 4713
3288 4306
3681 3725
262 4234
3237 4850
3980 4625
76 3887
734 3951
145 3369
1964 3681
1904 2025
3980 4141
3919 4829
1298 4713
3429 3611
4692 4872
1796 3681
1825 2668
1904 4804
2211 4631
2249 4373
2807 4841
4151 4667
344 4106
1930 2377
358 3300
1752 4850
4866 4872
2227 4644
969 4746
108 4274
3968 4644
812 4554
2687 3390
3275 4236
581 4605
1468 3429
196 4586
2559 4806
2982 3709
2425 4838
2756 4241
4667 4742
1328 2332
306 4841
275 4746
2422 4798
2668 3880
1187 4537
1432 3793
3725 4804
662 4623
3339 4790
3971 4745
1201 3897
1468 2030
1958 4972
4711 4951
3161 4285
2758 3207
1845 4480
3186 4440
1856 2200
3019 4841
4141 4667
2090 4120
3064 3072
4099 4965
1049 4798
2710 3032
2635 4605
2200 3321
3263 3437
783 4872
3081 4798
2594 3706
2062 4540
736 4761
1856 4345
2946 3944
846 4359
4241 4760
2839 3163
3429 4951
2526 4440
1298 3681
4623 4972
787 4475
1762 3681
275 4760
1962 2744
689 3830
1609 4798
4585 4817
2481 4631
1054 4083
3984 4056
17 4612
896 3841
4711 4852
2030 3429
4241 4285
3982 4373
3091 3841
4205 4554
3214 3709
2834 4407
3300 3859
3635 4829
3161 4152
3681 4527
76 3633
2949 3616
4692 4755
2875 3263
1151 3295
1295 3887
1442 3844
484 3069
888 4393
4644 4669
4612 4806
1874 2607
3501 3897
362 4749
3944 4790
4761 4914
172 1318
274 4324
3339 4829
2744 3897
1498 2949
4809 4811
4152 4749
662 1533
3298 4760
160 4099
3947 4999
4625 4838
2425 4625
889 4914
4241 4746
4306 4711
2481 4475
3811 4612
348 403
3635 4393
2227 2756
1546 3163
3075 3844
3880 4004
2134 4099
4514 4528
2336 4475
1908 4707
2017 4428
16 4745
2729 4866
3075 3550
2228 4742
394 4951
4692 4914
2087 4951
3929 4951
1279 4092
1387 4811
1702 4742
2754 4707
2504 4965
1796 4446
3081 3437
1081 3793
102 3814
356 3944
347 3277
347 3760
17 4917
2754 4440
1771 4972
4042 4739
800 4668
160 4480
951 3984
2986 4711
2526 4745
3324 4156
1113 2758
3841 4273
4359 4806
3202 4480
3793 4195
368 3183
1358 3598
1517 2409
344 1151
3611 3830
387 4152
689 3237
3859 4850
4755 4872
1368 4669
3548 4273
2354 4761
3020 4999
2710 3919
2377 2409
3880 4872
349 2744
368 1236
2869 4625
169 600
2017 3618
681 4205
2210 4917
4014 4475
3673 4749
4141 4625
4274 4713
2350 4692
3699 3946
4099 4133
2528 3329
2807 4817
1526 4337
2030 4236
1796 4428
3728 4755
1452 4585
2631 4195
2627 2722
3512 4446
4099 4758
2893 4739
3947 4380
3324 4917
2756 4631
669 4407
3183 4829
4790 4809
1358 4285
274 4586
1842 4141
3313 4083
888 4829
795 4475
3091 3548
3064 3814
2522 4790
2694 2986
3263 4273
4016 4092
3982 4972
2504 3795
1508 4345
1752 4866
2613 3760
2988 3830
1127 1570
2876 3429
3635 4274
1940 3830
3075 3501
9 3880
2078 4968
3903 4972
1908 4585
1028 4537
3946 4225
1289 4760
2834 3019
1396 3897
2073 3044
2235 4917
1338 4023
3207 3355
1605 4402
4023 4809
812 4965
3202 4205
1509 2682
4428 4798
2946 4760
2875 3618
611 4133
1962 3897
3961 3980
2275 4402
2627 4306
2814 4965
3214 3369
2949 4798
2227 3814
1151 2217
2607 4866
3878 4838
2744 3724
1826 4965
2154 4540
1011 3550
4337 4527
4692 4812
2052 4806
3602 4152
243 4667
2030 4972
2197 4016
3021 4745
3507 3602
4049 4999
4099 4749
2056 2422
4745 4917
1289 4746
2131 4440
1845 4554
847 3890
2834 4841
1402 2631
2869 4838
2711 2982
2123 4537
1708 4585
3811 4806
1872 3207
172 3214
3069 4755
3602 3982
1561 4345
2217 4092
2711 2839
1046 3699
2946 4970
4141 4742
4380 4852
4692 4811
1526 4968
1715 4707
2720 4841
3878 3980
1752 2091
2117 4668
1216 2966
2627 4631
3811 4917
2194 4605
1432 4056
611 4913
2154 2403
4809 4972
3951 4081
1667 4514
3161 3760
3946 4528
169 4156
4806 4917
581 2062
1151 4951
896 4798
3850 4480
2200 4234
3339 4749
3161 4586
4755 4914
4367 4514
3366 4262
3369 3709
4274 4829
889 4866
909 4106
4120 4586
3706 4345
2966 3966
16 4817
1102 4540
3602 4790
2754 4745
1829 4402
1295 4586
1829 4760
2323 3929
2197 4106
3300 3724
3602 4809
151 4806
558 4809
2210 2235
1153 4739
4074 4359
683 4668
2687 3951
1667 4850
2729 4914
3980 4151
594 4852
2457 4585
2627 4475
2742 4749
2084 4872
1179 3512
1324 2682
1930 3207
2893 4324
4692 4866
2197 4445
3265 4913
1567 4236
356 4023
3507 4972
120 4866
1201 3628
3183 4274
951 4056
1908 4817
1850 2073
2729 4633
3946 4514
4004 4755
3275 3429
1049 3706
348 4692
1941 3903
1624 4972
1825 4234
1771 4623
4367 4528
2228 4507
3497 4359
1102 2635
349 1201
1856 3616
1962 3844
538 4829
3706 4804
4014 4416
2354 4141
1829 4746
2017 3437
53 4668
3429 4236
3064 4644
3295 4951
536 951
2093 3240
1564 4262
1508 4234
1623 4446
1546 2982
1958 4970
3946 4850
3681 4829
1702 4625
1804 3228
2594 2949
3298 4241
184 4445
662 4951
1573 4081
4667 4761
3224 4236
2694 4631
969 3441
2966 4968
3207 3434
887 1964
3265 3795
2869 3980
3841 4798
139 4359
783 4866
664 4838
1031 4749
1324 4428
3728 4872
3699 4367
4812 4850
108 4829
3760 4537
2459 4951
2611 4092
1127 2522
4083 4262
4373 4790
2966 2988
4612 4872
2744 3075
3072 4004
1748 2062
2323 3295
2249 3355
3844 3859
859 4359
1420 4393
2812 3366
139 4806
951 1081
2228 4667
3183 4527
3501 3724
2154 4633
2279 4402
4407 4707
274 3462
1941 4586
3633 4537
4324 4514
3947 4306
1295 3760
3324 4806
1497 4817
3001 4644
4049 4711
3091 3618
2893 4586
1173 3224
1872 2758
3880 4023
2481 4711
683 2696
1564 2812
4669 4746
3263 4428
3265 4965
4527 4968
172 3709
120 4790
296 3706
916 3632
2893 4225
1000 1187
1338 3982
3321 4798
2756 4402
2093 3760
2682 3081
4407 4585
916 3434
2946 3673
2436 4514
355 4440
2481 4306
1432 3228
139 3811
1736 4852
2722 4416
800 4965
683 3611
4014 4852
2342 3633
2744 3550
4285 4586
2235 4806
3228 4195
3673 4972
4416 4711
2594 4345
1736 2694
4151 4838
1708 4707
4042 4586
3069 4692
3725 4274
177 3321
1920 1930
2548 4133
4527 4804
1017 4758
2249 4749
2470 3240
2559 3890
4092 4445
1715 4817
2217 3295
1216 4968
1533 3429
1113 3434
3437 4428
1354 4625
4234 4345
3297 3951
2297 4416
4755 4866
3681 4393
4133 4758
734 2194
1708 4841
2414 4951
824 3903
1708 3971
3635 4446
2200 4798
2988 4527
3880 4866
2611 4016
1201 2528
3321 3706
1318 2839
2988 4337
1492 4965
1498 4345
1962 3550
2946 3507
2090 4324
3288 4380
2422 4273
2350 4872
1845 3795
2409 3207
846 4074
1874 3020
76 4537
681 4758
1420 4804
2613 4586
2228 4838
1029 1920
2323 4951
3295 4092
3971 4707
3189 4668
1129 1891
4416 4999
1874 4711
1842 4838
1626 4970
2457 3971
783 4812
3982 4970
2091 4811
3072 4755
895 4056
2056 4273
558 4151
1396 3724
2526 4841
847 4917
3288 4475
3265 4480
2876 4972
1577 3980
1420 3919
2711 3709
3483 4812
2414 3224
1286 4739
482 4428
484 4866
3288 3947
275 4402
3044 4156
1338 2011
4234 4798
4475 4692
4811 4866
24 3760
3224 4623
1891 3189
2209 3850
3699 4042
3483 4692
2470 4285
1402 4195
3072 4850
2011 4838
1354 4507
4393 4804
3795 3850
1442 3300
4152 4809
3032 4446
1771 1925
331 4605
1090 4838
306 4817
4306 4999
3946 4120
1414 4633
2093 4285
2263 3919
1054 4446
3016 4965
2211 4475
916 3355
1318 3369
2263 3313
1509 4273
4758 4965
2696 3795
2711 3214
2087 4016
1856 4234
1280 3625
3793 3984
1187 3633
2668 4872
3971 4440
1754 3064
2228 4151
1941 4623
3019 4817
4205 4758
1762 4713
1891 4480
1842 4667
1702 3072
538 4713
3016 3850
4809 4970
4049 4631
2017 4586
2457 4407
3366 4445
1173 4951
1564 3369
1503 4623
1872 1920
2459 4804
1609 4273
3628 3844
2687 4633
4151 4507
362 3944
3064 4402
3878 4742
3951 4633
2668 4812
1728 4965
2744 3628
3878 4625
169 2073
3020 4852
368 4713
3143 4152
3032 3919
4083 4527
349 3628
160 4965
3501 3507
2123 3887
845 4852
306 3019
2459 4829
4812 4866
1595 4475
358 4742
3618 4798
3277 3814
2425 4507
120 4749
4514 4739
2668 4811
2607 4004
358 4625
4156 4359
3329 3897
4514 4850
2706 4440
296 3616
394 4972
896 4428
2235 4359
626 4445
1432 4195
1517 3207
3878 4507
1029 4004
3277 3598
243 4625
172 4262
889 4812
4407 4841
3483 4004
3598 3887
3616 4234
2073 4917
2722 4049
4285 4872
3616 4345
3598 4537
846 4806
262 4345
1624 4023
2706 4841
3795 4480
594 4631
4099 4554
4014 4711
658 4644
3724 3859
664 4761
2056 4798
3275 3611
3880 4914
3507 4023
3064 3968
3298 3814
2710 4804
344 3277
4306 4380
4023 4749
3091 4798
4092 4106
664 4507
3681 3919
2211 4380
4106 4445
344 2197
356 3339
2613 3161
1188 4806
1029 2758
1280 4633
2711 2812
2323 4241
895 3984
4612 4866
2210 3324
4241 4669
1497 4806
3903 4623
1118 4285
951 3625
1280 2635
2275 4669
2035 4083
1118 3598
1605 4241
2758 3434
1776 4156
2893 4850
2694 4475
3968 4669
600 4074
3441 3793
1402 4056
2966 4337
275 4644
3339 4156
2590 4669
1495 2403
1498 4234
600 4806
2522 2946
4074 4917
1236 4713
3075 3859
4644 4760
3462 4324
3598 4586
1958 3944
4225 4324
2249 4970
3019 4407
362 4373
2986 4014
1728 4133
4120 4633
177 3706
1153 4042
2590 4644
3919 4083
4586 4739
3313 4804
4225 4514
145 2982
4446 4527
2526 4585
403 4667
3275 4951
4205 4668
177 4345
3224 4972
306 4968
983 1118
1387 4612
2227 4669
2869 4667
3497 4917
1173 4668
4850 4866
3961 4838
1421 2812
2548 4668
3793 4056
4755 4812
2548 3016
1702 4667
626 4951
3673 4970
1127 4972
3161 3814
3020 4306
2548 4965
2332 4359
313 3324
1958 4809
3462 4850
3890 4345
2526 4707
1421 4262
2279 4644
2742 4809
2084 4812
196 4537
3483 4872
53 4913
787 4631
2211 4049
1113 2377
1498 3321
2756 4669
857 4324
51 4445
3300 3844
3681 4713
2720 2756
857 4514
4306 4852
3929 4106
1715 4585
1776 4612
538 2807
177 4798
4445 4746
1964 4083
1173 1925
1421 4083
1626 4106
1754 4746
2228 4625
682 3625
2084 4811
1046 4739
3850 4965
3021 4407
1414 4605
2210 3890
2336 4014
1509 4428
2668 3628
2756 4644
4373 4809
3966 4850
1561 2200
2504 3189
1346 4631
1258 4056
1421 3366
9 4811
3971 4585
1748 2194
2123 3161
4407 4817
4016 4445
2403 4540
1421 3709
1774 3616
3143 4970
1497 4373
2682 3437
3189 4205
532 3632
3228 4056
4528 4586
403 4838
2134 4913
626 4016
2946 4749
3890 4806
1774 1856
795 4380
4152 4970
9 4812
2336 4380
4746 4811
2559 4359
3021 4440
3961 4625
4016 4106
3984 4195
2131 4817
2350 3483
356 4972
682 4195
2661 4866
888 4713
2422 3618
2661 4755
1421 2982
1920 3632
1188 2073
887 4527
139 4917
1609 2687
1467 4758
2197 4760
1708 2754
1396 4951
482 3548
740 4755
1492 4758
2711 3369
896 4273
2876 4623
4507 4625
4152 4373
4631 4852
1908 4841
2414 4623
745 3628
4337 4968
4120 4850
1318 4262
4141 4761
368 4829
3224 3429
4042 4367
2011 4625
1570 2275
1567 1941
4804 4829
394 1771
355 4707
4612 4914
1517 2758
2526 4817
1624 4152
1442 3075
4273 4758
1081 1140
2030 2414
349 3300
581 4540
736 4667
2052 4999
1842 4761
2422 4428
3275 3903
2279 4760
2336 4711
1153 4367
1216 4081
3324 3811
2710 4274
3890 4156
2742 3841
909 4951
1467 2548
3814 4669
4074 4806
761 4359
2457 3021
1011 3628
1151 4713
4083 4829
3462 4586
3980 4761
1925 3224
600 3811
1492 4668
2631 3984
3441 4056
4225 4586
2834 3971
1872 1930
3966 4527
4475 4852
1495 4605
2635 4540
347 2093
3143 4790
1509 3618
1368 4746
3001 4746
2052 3497
17 4262
3980 4507
2091 4872
2275 4746
3202 4554
951 1908
3673 4373
1468 4972
108 2025
3075 3300
2706 2711
3275 4999
3602 3673
2744 3844
4527 4540
2684 4514
3313 3512
4402 4669
1577 4612
1595 4798
3020 4631
347 4285
1054 4527
3887 4586
951 4195
2017 2056
464 2197
1567 3903
2194 4106
4141 4151
2949 4234
1140 3625
3725 4829
1762 3032
1452 4407
3072 4866
558 3339
1102 2687
1796 4393
2035 4262
1908 4440
664 4667
3295 4016
1605 4760
1368 4760
3072 3728
4285 4537
1964 4393
2875 3548
969 1402
1151 4092
866 3497
1338 4790
1546 3366
3980 4742
681 4554
581 3951
3844 3897
3878 4141
2839 3064
2503 4514
2710 4446
3263 3841
2035 2812
2424 4540
2684 4528
4746 4760
1467 4913
1776 1850
4380 4475
745 4537
1346 4049
1414 4540
1667 4042
3069 4811
2988 4081
2631 3625
2756 4746
896 3437
3982 4749
845 4475
387 4809
3625 3793
387 1031
17 4337
1358 3240
4749 4790
1715 4841
2131 4745
243 4742
1258 3793
1276 4829
1508 2949
2134 4758
1595 4345
1338 4809
2607 4850
2403 4605
3878 4667
1017 4099
1609 3091
1624 2720
3265 4099
3288 4711
1754 4669
1509 3437
2263 4393
2087 4106
1774 2594
1090 4667
745 3897
2011 4151
2613 4537
4083 4713
2583 4817
4274 4804
1000 4285
358 4667
2696 4965
1623 4804
1782 3984
1452 4817
2627 4049
3961 4151
1414 2131
4790 4972
3298 4746
2986 4852
4380 4416
1916 4428
1825 4798
2350 3880
4480 4758
1153 4120
1081 4056
1623 4829
3830 4081
3966 4968
3329 3844
4042 4850
4092 4951
1702 4761
24 3277
3725 4713
3434 4866
889 3728
4099 4205
2875 3091
889 3483
2869 2986
4850 4872
2200 3616
2470 3887
2217 3929
2235 3811
3728 4811
1258 3441
2684 3946
1324 3091
761 3811
3237 4866
4631 4999
1508 3616
1796 4829
1358 3633
262 4798
1368 4644
3237 4755
347 1495
4081 4968
4817 4841
658 4760
4440 4707
2297 4014
4081 4790
1570 3673
3161 3887
4133 4480
4480 4554
3673 4790
1503 4236
2217 4445
2154 4605
3202 4133
3277 4586
3298 4644
4554 4758
169 1850
51 4092
108 4804
2635 3951
1346 4475
669 1236
2249 3944
4380 4631
558 4749
3512 3919
4586 4850
3189 4965
3297 4540
969 4056
787 4852
1497 4074
3512 4829
1623 3313
53 2134
4151 4625
2528 3859
2073 4359
3548 3841
658 4746
2117 4913
2332 4074
2235 4016
1118 3760
2613 3633
2720 4872
1387 4812
3001 4669
1850 4917
1925 3275
2559 3497
824 4236
3021 4841
1090 4625
3699 4850
3016 4205
2210 4156
2729 4872
4970 4972
3069 4866
2834 4745
2869 4742
1825 1856
3795 4554
1102 4605
3550 3724
795 4852
846 3961
2084 4612
2131 4707
2720 4809
1561 4234
1081 3441
1000 2123
4205 4965
4367 4586
2807 3971
3814 4760
3020 3947
4745 4817
3044 4917
4042 4745
2722 4999
3032 4713
1188 4156
4225 4739
3001 4241
1467 3189
3887 4537
2876 4951
2154 3951
3699 4514
2611 3929
4739 4850
4540 4633
2594 2706
184 4016
4527 4829
895 1432
3880 4850
3183 4713
4605 4633
403 4742
558 3673
184 3929
3903 4236
2839 3214
3300 3897
2131 4407
2590 3064
2297 2986
160 4758
1782 4056
1872 2409
3075 3329
482 3841
1129 4668
2354 4742
532 2249
2817 4841
3224 4951
1029 3355
1139 4480
3501 3859
3501 3550
3830 4968
2807 4440
2687 4605
484 4755
3001 4402
1503 3429
2893 4367
2694 4416
3297 3300
3814 4746
4014 4306
2607 4811
4507 4742
2425 4667
1667 4528
1940 4527
857 4739
1396 3844
1762 4804
2711 4274
3841 4428
4004 4872
3699 4528
669 4841
1187 4586
1442 3897
1533 2414
2758 3355
3202 4965
1916 2342
2627 4014
1046 4514
2134 4133
2470 3277
1605 4669
745 3724
2279 3298
1279 4445
2056 3618
2696 4758
3001 3814
3072 4811
1605 3968
3186 4841
3390 4633
362 4790
3982 4790
9 3179
16 3949
17 1886
24 4676
51 3754
53 1377
76 2831
102 4759
108 2595
120 3679
139 4210
151 2238
160 4370
169 4899
172 4926
177 3884
184 2291
196 3413
222 4901
243 4066
262 4821
274 3791
275 4573
296 4191
306 4459
313 4169
331 4191
344 3687
347 4040
348 2655
349 2698
355 4652
356 2912
358 3226
362 4409
368 3556
29 387
394 3062
403 4818
464 4648
482 4949
484 4918
532 3057
536 3455
538 2853
541 1388
558 4439
217 581
506 594
600 2557
611 4245
626 4935
658 3849
662 4240
664 4984
669 2608
681 1154
682 4550
683 4233
689 4793
701 2737
524 734
736 4782
740 3476
745 3092
761 4899
783 3443
787 4979
795 3392
800 4959
812 4896
824 2919
845 4700
846 4899
847 2379
857 4966
859 4578
866 3732
887 4793
888 4317
889 4889
895 4516
896 1486
909 4128
916 3095
951 2141
969 4348
983 4916
999 4926
1000 3906
1011 3454
1017 3528
1028 2018
1029 1516
1031 4685
1046 4138
1049 4454
1054 4987
1081 4962
1090 2928
1102 2967
1113 3605
1118 4481
1127 4754
1129 4471
1139 3113
1140 1330
1151 4282
1153 4718
1173 3915
1179 4945
1187 4698
410 1188
1201 3985
1216 4793
1236 4974
386 1258
1276 3242
1279 3624
1280 4948
1286 3719
1289 4587
1295 4134
1298 3662
1318 1713
1324 4944
1041 1328
1338 4020
860 1346
1354 4442
1358 4124
248 1368
1387 4666
1396 1608
1371 1402
1414 3935
1420 4452
1421 3750
1432 3639
1442 4183
1452 4878
1462 4688
1467 3400
1468 4240
215 1492
1495 2278
1497 3430
1498 4953
1503 3802
1508 4716
1294 1509
571 1517
1526 4186
752 1533
1546 4318
1561 4606
1564 4934
851 1567
1570 2101
1573 4029
1310 1577
1586 2236
1593 1595
1605 2748
1609 4101
1623 4048
1624 4754
1626 4242
1667 4643
764 1702
1708 4943
1715 4652
1728 3114
1736 4145
1748 2278
1752 3346
1731 1754
1762 4722
1771 3281
1774 3657
1776 3575
1782 4348
1796 4224
1804 4553
1825 3090
1826 4500
1829 3551
1842 4265
1845 1847
40 1850
1856 3281
640 1872
1874 4797
1891 4244
1904 3343
1908 4041
1916 4734
1920 4110
1456 1925
1930 4357
1940 3543
1941 4671
1958 3696
1962 3713
1964 2693
1033 2011
2017 2829
1388 2025
2030 4671
2035 2306
2052 4355
2056 4646
2062 2653
2073 4786
2078 4916
2084 4900
2087 2239
2090 4768
2091 4546
2093 4827
2117 4607
2123 3866
239 2131
1255 2134
1352 2154
2194 4856
2097 2197
2200 2303
2209 4607
2210 3420
2211 4272
2217 4590
231 2227
2228 4530
1985 2235
209 2249
122 2263
2275 4437
2279 2571
2297 4447
2323 4941
81 2332
2336 2617
2342 4958
2350 4215
2354 2985
571 2377
2403 4783
2409 3973
2414 3688
1072 2422
423 2424
2425 3130
2436 4912
2457 4923
2459 4974
1066 2470
1554 2481
2503 2550
2504 3765
2522 4734
2526 4652
1114 2528
2548 4908
2559 3768
2583 4652
2590 3935
2594 4985
2607 3671
2611 4823
2613 4888
2111 2627
2631 2971
2635 4933
2661 4080
2668 4181
2682 4565
2684 4469
2687 4426
2694 4992
2696 3701
2706 4466
2710 4974
2711 3556
2720 4123
2722 3498
2729 4974
2096 2742
2744 3048
2754 4652
2756 4891
2758 4546
2807 4660
2600 2812
2814 4607
2817 4594
2834 4084
2686 2839
2869 4047
2875 3792
2876 4718
2893 4153
2946 3432
2949 4937
2966 4793
2982 4247
2986 3986
485 2988
3001 3344
3016 4580
2189 3019
3020 4981
1680 3021
3031 3032
3044 4899
3047 3064
87 3069
3072 4751
1125 3075
3081 4525
3091 4777
3143 3172
1204 3161
3163 3473
3183 4562
3186 4249
3189 4793
3202 3573
571 3207
3214 4211
455 3224
2028 3228
496 3237
1501 3240
3263 4780
2014 3265
3275 4226
2075 3277
2070 3288
991 3295
3297 4923
3298 4098
2700 3300
3313 4533
3321 4207
3324 4899
2816 3329
2265 3339
3355 4189
1097 3366
3369 4082
3218 3390
3429 4675
3434 4940
2917 3437
813 3441
3462 4783
1481 3483
3497 4910
3385 3501
3507 4754
3512 4541
3548 3722
3550 4313
2488 3598
3223 3602
3611 4989
3616 4535
299 3618
3625 4145
1579 3628
391 3632
3633 4181
3635 4963
3673 4176
3678 3681
1926 3699
3706 3708
336 3709
3492 3724
3725 3769
3728 4845
3760 4764
3793 4562
2645 3795
3042 3811
3510 3814
63 3830
3539 3841
3844 4846
3850 4896
3492 3859
3878 3879
411 3880
3167 3887
2261 3890
3804 3897
3903 4671
2884 3919
3518 3929
3944 3954
1025 3946
1579 3947
3951 4814
3961 4201
2844 3966
2643 3968
3971 4248
3980 4125
3540 3982
3491 3984
4004 4896
4014 4043
4016 4645
1493 4023
4042 4469
3352 4049
4022 4056
4074 4199
340 4081
4083 4555
4092 4903
3865 4099
1975 4106
2641 4120
4133 4983
4141 4272
2557 4151
3787 4152
4156 4534
2544 4195
3567 4205
4225 4395
4234 4442
4236 4697
6 4241
4262 4961
803 4273
4274 4364
763 4285
3655 4306
4324 4950
4337 4842
4266 4345
4359 4757
2810 4367
4373 4966
1823 4380
267 4393
3220 4402
4267 4407
4416 4787
4182 4428
285 4440
105 4445
4446 4974
3652 4475
1647 4480
2099 4507
945 4514
4186 4527
4528 4988
4478 4537
4219 4540
4539 4554
4237 4585
1939 4586
940 4605
1555 4612
3840 4623
2099 4625
4499 4631
4592 4633
3082 4644
2679 4667
4284 4668
4669 4702
4692 4794
3431 4707
4711 4916
522 4713
4438 4739
1637 4742
4199 4745
3987 4746
2287 4749
4127 4755
4758 4961
3251 4760
2324 4761
4781 4790
2931 4798
2921 4804
237 4806
4118 4809
1937 4811
4812 4818
822 4817
654 4829
4824 4838
822 4841
3443 4850
4277 4852
4646 4866
1811 4872
1919 4913
1734 4914
4771 4917
4763 4951
2408 4965
4169 4968
4902 4970
4494 4972
3109 4999
17 4961
24 4664
51 4995
53 4681
108 2407
139 1553
151 4321
160 3391
169 3700
172 4250
184 2356
196 4521
243 4516
275 4940
296 4148
313 4754
348 4104
349 4902
356 4277
394 4671
482 3714
484 4778
532 4934
536 4883
581 3132
594 4889
600 4594
611 4896
626 3992
658 4845
664 4183
682 4261
734 3245
736 2047
740 4828
761 4435
783 4859
787 4844
795 4860
800 4988
812 4996
824 4470
845 2300
847 4953
857 4290
866 4959
887 4961
895 1357
916 1239
969 4834
983 3653
999 1900
1000 3167
1011 3084
1017 4896
1028 4067
1029 2507
1031 4754
1046 4287
1049 4797
1054 4974
1081 3639
1090 4875
1102 3680
862 1113
1118 3307
1139 4552
1151 4868
1153 3763
1179 4974
1187 4626
1188 4771
1236 2610
1258 4932
1276 4824
1279 4665
1280 4008
1286 4772
1289 4926
1295 4491
1318 4194
1328 4664
1346 3440
1354 4570
1368 4055
1387 4283
1420 4974
1097 1421
1432 4834
1442 1729
1462 4785
1467 2349
1468 4377
1492 4943
1497 4899
1508 4750
1509 4045
1526 4874
1533 4888
1546 4563
1567 4671
1570 4754
1573 4961
1577 4771
1586 4865
1595 2939
1605 4626
1609 4572
1623 4766
1624 4989
317 1702
1708 4907
1715 2657
1728 3267
1748 4353
1752 4553
1754 4695
1762 4974
1776 4899
1782 4912
1796 4805
1826 3606
1829 4511
1845 4896
1850 3256
1904 4974
1908 4925
1916 3964
1920 1921
1925 4088
1940 4646
1941 4248
1958 4957
1964 4715
2011 3806
2017 4421
522 2025
2030 4881
2035 4609
2052 4513
2056 4995
2062 4978
2073 4950
2078 3572
2084 4503
2087 3978
2090 4217
2091 4934
2093 3978
376 2134
2154 3255
1480 2194
2197 2761
2209 4896
2210 4088
2211 4977
2217 4947
2228 4901
2235 4476
2263 4744
2275 2599
2279 4750
2323 2446
2336 3463
2342 4491
2350 4787
2354 4581
381 2377
2414 4240
2422 2688
2424 4482
833 2425
2436 4887
2457 4600
2459 3467
2470 4166
2481 4939
2503 4186
2504 4307
2522 4975
2526 4855
2528 3989
2548 4567
2583 4898
321 2607
2611 4663
2613 4601
2627 4874
2631 4348
2635 4000
2661 4781
2684 4325
2687 2746
2694 3330
2326 2696
2706 4508
2710 4931
2720 4754
2722 4024
2729 4412
2744 3981
2754 2811
2758 4164
2807 4399
1713 2812
2814 4567
2797 2817
2834 4265
2869 4194
2875 4414
2876 4797
2893 4769
2945 2946
2949 3732
2966 4348
2982 3204
2986 4650
995 2988
3001 4793
3016 4896
3019 4993
3020 3120
3017 3021
1076 3032
3044 3046
3069 3648
3075 3975
3081 4379
3091 4251
3143 4754
3161 4960
3163 3900
3183 4840
3186 4697
3189 4896
3202 4937
3224 4671
3228 4348
3237 3356
3263 4413
3261 3265
3288 3927
3297 4426
2889 3298
3300 4611
2657 3313
3324 4941
2705 3339
3355 3614
939 3369
3390 4003
3429 4671
3434 4801
3283 3437
591 3441
3462 4469
3483 3905
3497 4771
3501 4315
3507 4136
3111 3512
3548 4374
3550 3571
3598 4490
3602 3954
3611 4671
2479 3616
3618 3936
3625 4956
3628 4487
3632 4270
1868 3633
3635 4647
3037 3673
3681 4354
3699 3782
3706 3910
3709 4923
2663 3724
3579 3725
3728 4201
3760 4784
3793 3794
3795 4449
3256 3811
3814 4530
3830 4916
1967 3841
3844 4991
3850 4998
2902 3859
3878 4900
3880 4762
3887 4376
1267 3890
3897 4906
3903 4878
3919 4828
3929 4284
3944 4675
3946 4934
1237 3947
3751 3951
3839 3961
3966 4793
2063 3968
3971 4840
3980 4919
3954 3982
3984 4348
4004 4045
2802 4014
4016 4408
4023 4873
4042 4123
2140 4049
4056 4408
4074 4907
3722 4081
4083 4876
3423 4092
2529 4099
4106 4954
4120 4469
3083 4133
4141 4332
1722 4151
4152 4639
4156 4899
4195 4348
4205 4607
3351 4225
4080 4234
4149 4236
2709 4241
3664 4262
4060 4273
4274 4974
2406 4285
4221 4306
4324 4571
2215 4337
4345 4347
4331 4359
1846 4367
2540 4373
3747 4380
3675 4393
4397 4402
4407 4652
759 4416
642 4428
4440 4856
3518 4445
4446 4737
4242 4475
4353 4480
4507 4517
4514 4595
4518 4527
4469 4528
3167 4537
4540 4923
4283 4554
4583 4585
4477 4586
4524 4605
4612 4763
4611 4623
4441 4625
4025 4631
2904 4633
2643 4644
1326 4667
4668 4733
3551 4669
4692 4695
4707 4848
2529 4711
4713 4722
2446 4739
3124 4742
4722 4745
1170 4746
4737 4749
4755 4870
4758 4896
4385 4760
4503 4761
3669 4790
1363 4798
2307 4804
4806 4919
4640 4809
1813 4811
4801 4812
4693 4817
4829 4973
4797 4838
4646 4841
4509 4850
4846 4852
3763 4866
4868 4872
4607 4913
3664 4914
1851 4917
3754 4951
670 4965
2177 4968
4756 4970
4671 4972
2009 4999
53 4297
151 4899
313 4787
783 4478
824 3121
847 4771
916 3607
983 4961
999 2830
1017 4356
1031 4541
1054 3374
1153 3197
1179 4848
1188 4899
1276 4985
1279 4282
1289 4080
1421 3882
1432 4683
1567 3779
1573 4807
1577 4899
1715 4520
1748 4295
1776 4010
122 1796
1826 4896
1829 4845
1845 3767
486 1850
1916 4028
1920 4955
848 1925
1230 1940
1941 4149
2035 3471
2052 4899
2056 4927
2062 4698
2078 4793
2093 3781
2154 4967
2210 4771
2217 2582
2263 4974
938 2354
2422 4387
2457 4876
985 2470
2504 3477
2526 3786
2583 4957
2613 4494
2631 4336
2661 2689
2687 2689
2694 4876
2696 3301
2710 4923
2722 3695
2814 4283
2817 4792
1224 2875
2876 4645
2946 4754
2966 4186
2988 3096
3021 4383
3032 4510
3044 4771
3069 4255
975 3075
3091 4556
1687 3143
2348 3163
1512 3183
3186 4652
3189 4371
3202 4303
3224 4921
3228 4899
3237 4651
876 3265
3108 3288
3297 4570
3298 4068
3313 3318
3324 3674
3355 4602
1192 3369
3390 4997
3429 3891
3434 4597
692 3437
3441 4351
3462 4607
3497 4635
3492 3501
3507 4879
2887 3548
3550 4043
3602 4662
3611 4825
3116 3618
3492 3628
3261 3632
3633 4961
3635 4490
3673 4946
3056 3681
3699 4354
3706 4991
947 3709
1966 3725
3728 4695
1741 3760
3793 4336
3795 4574
3811 4223
3814 4610
3830 4938
3841 4456
3850 4434
2141 3878
3710 3880
3890 4771
3492 3897
3903 4240
3056 3919
3754 3929
3930 3946
3951 4443
2226 3966
3971 4948
3980 4807
3982 4754
4004 4078
4014 4712
3518 4016
4042 4387
4049 4050
4074 4881
4081 4916
1192 4083
3303 4092
4099 4984
3518 4106
3930 4120
4133 4774
2761 4141
3352 4151
3692 4152
3431 4195
4205 4896
4225 4469
4234 4932
4236 4671
3721 4262
2665 4273
4274 4728
4215 4285
4306 4984
3719 4324
4337 4646
4359 4771
4335 4367
2994 4373
2953 4393
4402 4705
4416 4771
3546 4428
3204 4440
4387 4445
4446 4879
1808 4475
4480 4929
4507 4660
4246 4514
1657 4527
3930 4528
4540 4619
3561 4554
3061 4585
3514 4586
3498 4605
4589 4612
4623 4671
4625 4753
4339 4631
4633 4704
4244 4644
4609 4667
4668 4670
4054 4669
4692 4700
2841 4707
4213 4711
4713 4974
4739 4986
3457 4742
4652 4745
4746 4881
1088 4749
4112 4755
4758 4945
1109 4761
4215 4790
4584 4798
4804 4974
4771 4806
4474 4809
3187 4811
4812 4822
2628 4817
522 4829
4723 4838
3630 4841
4850 4926
1584 4852
1553 4866
1629 4872
2980 4913
4859 4914
4781 4917
3732 4951
4607 4965
4646 4968
4970 4979
4971 4972
4954 4999
1940 4946
2078 4529
2814 4896
2946 4925
2966 4916
3021 3752
3032 4974
3075 4820
3202 4770
2715 3228
3288 4221
3297 4830
3611 4240
3635 4938
3725 4752
3793 4983
3830 4867
3850 4788
3919 4869
3966 4961
3971 4627
3930 4042
4049 4832
3957 4074
1747 4106
4120 4688
3954 4152
2290 4324
4337 4916
4402 4842
4193 4416
4480 4896
4507 4508
4514 4962
4526 4528
3255 4540
4554 4607
4585 4898
4240 4623
1109 4625
4631 4943
3752 4667
4555 4692
4652 4707
4342 4711
4713 4882
4469 4739
4745 4924
3551 4746
4736 4749
4043 4758
1637 4761
2428 4790
4798 4920
4610 4804
4754 4809
3443 4812
4829 4831
4652 4841
3930 4850
4842 4852
4283 4913
4360 4914
3256 4917
4149 4951
4965 4977
4968 4982
4844 4970
4949 4972
4674 4999
4074 4771
4149 4623
1329 4745
4798 4864
4802 4804
537 4829
4861 4914
