763 4472
3797 4930
1197 4930
898 4828
403 4765
4698 4858
2482 4484
4046 4269
3845 4723
3332 4698
3517 4716
4906 4952
2398 4799
774 4465
4816 4913
1847 3927
1509 4723
1042 4230
3178 3604
1442 4026
2174 3323
1454 2213
2329 3524
3905 4858
2193 4669
3376 3560
676 4721
3636 4734
1620 4299
1469 4150
2055 2961
1962 4969
2094 4293
4828 4880
3076 4772
1469 3765
664 4930
4525 4957
4614 4772
548 4969
676 4841
4230 4424
1851 3288
4732 4957
3292 3529
1951 3889
1383 2174
1630 1700
2545 4299
3334 4074
619 3613
4510 4913
1878 4061
3938 4930
1211 4124
186 4501
3607 4906
2561 4944
1912 3204
4124 4239
2845 4962
3811 3821
421 4913
3122 3280
698 3646
162 3353
985 2287
1542 3821
3204 3412
4094 4274
3148 4277
4046 4732
2764 4833
726 3280
873 4721
4136 4855
47 4532
2987 3011
4473 4698
4795 4841
3123 3636
3800 3924
2787 4239
251 2458
969 3200
1457 2942
2561 4913
4765 4962
4732 4768
3070 3955
1620 2874
1717 4424
3665 4277
646 4165
3146 4799
121 4721
3330 4828
3330 3648
3843 4614
1667 4957
1481 4952
1922 4061
1878 4706
2333 3517
1573 3280
3011 3072
3917 4473
895 4858
1212 3797
1284 4154
2824 4669
2773 4299
1814 3821
3859 4046
2637 4732
1318 4952
1116 3545
2329 4822
985 4324
650 3758
1509 4026
3231 3938
1323 3640
1744 4473
2875 4962
2294 4867
3648 3713
4474 4527
4699 4855
3129 4964
3905 4816
1542 4768
4822 4969
706 3353
3861 4001
619 4611
4833 4849
4465 4930
1196 2303
3178 4833
1359 4969
3013 4669
1061 4768
3765 4754
123 4472
286 4611
3332 4293
2735 4230
2942 3665
3565 3613
872 4775
4510 4816
3385 4354
895 2699
3124 4822
3524 4358
4734 4768
161 4239
1125 2670
495 1323
4765 4855
3607 4472
783 3128
1962 3563
647 4472
4022 4399
3962 4772
1859 4795
3475 4668
2543 4734
1645 4024
3294 4841
4406 4849
1284 4269
609 4723
102 4024
2845 4723
3646 4957
3665 4532
4816 4855
3648 3875
1550 4775
3604 4957
3665 4227
3875 3955
2522 4657
204 1501
3955 4828
4424 4962
2213 3992
1197 4614
2151 4529
878 4732
2845 4136
4348 4669
4277 4545
3713 3758
4119 4867
4230 4354
102 4723
1926 4424
2675 3334
3800 4732
161 2458
4324 4424
4348 4867
2942 4849
1383 1744
2771 4532
102 3845
3565 4022
2844 4094
2824 3287
432 4964
988 4348
1323 4957
3766 4772
2049 4957
1793 2956
3565 3800
2055 3270
2844 3287
1744 4765
1542 4149
3410 3600
828 4795
3204 4510
4277 4514
3344 3927
3204 4816
341 3372
3546 4716
3750 4880
2278 3204
3545 3837
3178 3659
4392 4930
2105 3640
1823 4024
1894 4022
2805 4775
3288 4799
4002 4720
1717 4154
3098 4150
3838 4828
4754 4969
3288 3957
3797 4142
3267 4867
4529 4668
3604 4001
3765 4944
4366 4706
1125 4236
1206 3898
984 4354
2787 3472
4277 4532
1700 4841
3124 3843
3962 4669
1319 4269
2699 4858
4366 4399
777 4527
3955 4880
3659 3842
810 3686
452 4269
4001 4841
173 4094
3385 4732
2699 4962
4044 4504
2179 4944
1802 4765
991 4277
2079 4074
1093 3076
1293 4716
1907 2225
3938 4074
2333 4723
3267 3924
4303 4799
765 3927
4529 4822
1897 4721
4495 4723
2483 4734
1906 4044
3898 4611
1897 4952
3992 4723
783 3636
3529 3927
1626 3464
1829 4495
2436 3766
1684 4227
2901 4645
1550 3924
4484 4734
1573 3334
2545 2900
690 3122
3843 3898
3147 4723
4354 4957
619 4002
3070 3330
3607 4841
403 2770
3713 3875
3151 4930
2262 4424
873 4754
643 4526
2384 4849
4841 4906
213 3332
2824 4520
2987 4545
773 4768
550 1936
1962 4136
3600 4720
3924 4044
1118 4828
568 3266
121 4720
3287 4094
3475 4969
1085 4734
1409 3597
2485 3713
488 4465
1446 4716
1481 4754
2213 4257
1528 4510
2028 4635
260 4150
3843 4944
1912 3412
1242 2816
2278 3649
991 4532
1528 4150
2843 2964
2213 3376
1802 4816
2668 4754
1302 3110
2839 4358
3115 4044
367 4399
336 4657
2685 4614
3330 4969
3410 4952
2543 3294
2909 3147
743 4799
4698 4699
3532 3601
3056 3418
3204 3715
144 1428
4026 4723
1822 3288
4424 4645
2839 4094
962 4545
3875 3935
58 4525
2961 4614
1454 4833
4495 4669
2151 4944
2668 4721
3070 4880
4816 4858
3266 3877
2329 4944
2079 3613
204 2843
363 4611
531 4526
1446 4277
2657 4465
3765 4969
4858 4962
5 4465
4816 4962
2267 4880
4165 4833
3200 4354
4293 4765
441 2775
4227 4716
2964 3128
4001 4635
763 3532
2278 3412
2225 4952
1118 4880
1085 4964
4289 4833
144 4611
1354 3922
3148 3665
58 4142
3469 3546
3765 4061
2436 3344
2086 4867
3517 4545
3405 3837
3323 4510
669 4495
3292 4236
4424 4698
3709 4669
3640 4230
895 1838
878 3765
2543 4964
3842 4849
4299 4721
3636 3797
531 3153
1926 4906
3148 4657
4392 4465
3004 3464
3927 4526
2169 4962
3292 4154
2830 4969
1926 2670
3866 4001
2703 3418
3357 3922
2287 2485
1442 3988
4277 4474
3838 4124
1626 4299
647 4906
1802 4293
3312 4510
2576 3715
2830 4754
1726 4732
4366 4841
2942 4358
3294 3938
336 3553
1717 2079
2743 3405
706 2148
3821 4149
4754 4768
3172 3889
3122 3861
1043 2773
1513 3553
1383 3323
3115 4867
1513 1630
3659 4430
2112 4964
2458 4880
47 4474
2193 4495
3613 4061
3524 4274
2685 4799
2038 3529
4473 4962
2303 3715
4165 4354
1347 4142
3254 4094
2956 3861
3604 4635
4514 4634
1364 2668
2637 4930
2764 4430
643 3597
861 3859
4001 4657
1851 2844
3056 4520
3601 3659
1875 4399
956 4289
3124 4969
773 1726
1457 4906
3765 3843
4430 4833
3186 3231
2333 4026
2816 4406
3385 4957
4668 4754
2545 3750
4775 4867
4142 4484
340 4358
676 4472
1211 3935
3004 4634
1442 3056
1906 4514
3332 4424
1963 4348
743 3877
1240 4952
1289 2372
3532 4732
14 4392
4026 4669
2874 4277
550 4957
3927 4732
1770 4816
2703 3056
2329 4969
2901 3924
1354 4772
3765 3861
2108 4855
2805 4119
3098 3843
3412 3493
1323 4525
3659 3880
3172 4526
4269 4518
1878 4520
2258 2824
1667 3821
3231 4964
3172 4236
2824 4657
669 3845
1273 2396
4520 4525
3472 4833
3715 4514
3607 4720
2482 4930
4668 4944
4074 4303
50 4510
121 1838
14 898
706 4046
2485 4527
2675 3072
157 495
3412 4913
486 4765
4669 4723
4303 4611
1936 2105
3070 3713
186 3837
2657 4484
341 3935
1851 3524
3148 3517
2055 2685
3938 4964
4236 4269
1347 3636
488 4734
1469 2743
1108 4527
2257 3560
1412 4495
3072 4614
2257 3254
2485 4716
643 4913
4529 4754
1147 4833
3546 4430
3563 4772
1289 1302
1814 3524
2411 2843
174 4969
4858 4952
157 4061
2961 3529
4474 4532
4044 4775
3287 3560
3034 4841
336 1409
3288 3353
3330 4880
67 2038
1412 4723
3842 4289
3563 4765
87 4545
783 4964
4230 4236
1894 4303
2830 4529
3312 4645
2735 4732
3469 4849
542 4720
960 4074
3635 4043
3601 4165
173 2839
1822 2900
3148 4474
4227 4532
250 4969
4324 4698
4472 4706
2258 4274
2094 4969
2028 4841
1951 2175
4392 4484
4645 4775
3266 3353
4635 4795
5 710
1284 3845
3563 4858
3475 4822
2770 3186
2880 4124
4473 4855
340 1036
3011 4611
2175 4526
2483 3151
690 774
1738 4855
2333 4772
2398 3750
3962 4495
4474 4545
1847 3153
3330 3935
3545 4165
3565 4399
643 3529
2787 4358
630 4545
3750 3877
1081 4299
1118 4239
2038 3927
4001 4795
147 4022
3153 4236
783 4484
3323 3493
4472 4906
1573 3011
2996 4952
3811 4525
3153 4526
956 4849
1859 3604
1906 4634
3797 4734
3962 4799
2112 4484
962 4635
3905 4962
2787 3532
2522 3866
124 1061
1457 4274
1645 4001
2494 3649
3837 4501
2880 4775
2657 4734
143 4858
898 4880
3842 3922
4721 4906
2421 3905
4614 4799
537 2764
2384 2775
2942 3376
1293 4474
2086 4119
698 4913
1211 3838
1851 2942
4529 4944
3344 3889
4706 4720
2522 4795
58 4957
3056 3357
1738 2169
763 2576
1962 4765
3843 4822
1651 4698
3837 4150
1240 4706
2901 3115
4324 4765
2637 3266
4236 4366
3204 4913
1894 2964
3800 3811
4734 4964
2901 4775
3917 4699
5 667
969 4274
988 4775
1481 4706
1522 4772
4406 4518
123 4969
1710 2824
4230 4293
710 3475
828 4657
2262 4699
810 3056
2988 3110
2875 3178
2193 3766
2942 4094
512 4732
3151 3938
4545 4716
2844 4855
1620 4165
2699 4473
4399 4944
3750 3955
2988 3649
1463 2743
3601 4833
2699 4765
4754 4944
2028 4657
1364 2675
3957 4614
3412 4816
3231 3859
3517 4277
2657 4964
4269 4635
1242 3659
3546 4849
4495 4772
3866 3988
1509 1977
1710 4149
2637 3635
2743 3098
3493 4510
2258 3200
3640 3646
512 4046
3648 4880
828 4001
2909 4026
3648 4239
3186 4930
3524 3560
2038 4526
2175 3153
667 4964
3545 4833
3200 3524
4142 4465
4732 4772
630 4855
50 4913
2668 4969
4136 4858
2875 4289
2179 4822
3709 4136
2112 4142
250 4510
3323 3332
1481 4299
4324 4354
1108 4465
1170 4043
3640 4149
273 4768
828 4520
3294 4734
3924 4964
4930 4964
4699 4858
4136 4293
341 4952
1036 4154
3563 4962
3254 4154
4269 4957
3560 4358
1513 3110
960 4514
260 3200
639 4520
2108 4765
2483 3665
1878 4816
1829 3800
1042 4518
1667 4732
3924 4645
432 3186
2843 4150
2773 4366
872 3715
2398 2900
67 3529
3545 4430
3418 4657
1912 4510
1963 4775
4526 4645
4668 4822
1963 2294
1550 4867
774 4635
1347 4465
726 4611
4136 4473
3600 4906
2411 3938
962 3604
260 4635
3287 3376
3517 4532
1093 4026
1859 3357
3962 4723
4119 4775
2436 4669
531 2175
3640 4957
1364 3128
1951 3529
441 3493
2483 2543
3115 3924
3280 3861
2257 4716
4044 4348
3178 3842
1926 3172
4657 4841
1043 3607
3765 4529
3532 4289
3905 4473
1735 4772
2561 4668
2483 3797
3922 4165
2839 3287
2735 4957
2267 4828
4354 4913
4720 4841
3056 4732
3151 4348
3353 3905
3988 4795
336 3649
2956 3122
2174 4913
872 4348
28 4525
4299 4952
2875 4406
363 3280
1977 4723
873 4822
3922 4849
4324 4858
3464 3635
639 2036
3988 4657
4136 4698
2843 3837
1354 3601
4124 4957
4472 4721
3385 3800
3056 4635
2169 4855
4289 4849
1719 3988
3546 4165
765 4526
14 4706
363 4473
2880 4348
2996 3607
341 4828
2743 4150
1364 1793
3151 4734
2379 3766
147 4495
4465 4964
3646 4046
4150 4634
2961 4799
2213 4634
3076 4669
4257 4324
4721 4952
341 4880
650 1242
1912 3649
4841 4952
4277 4527
3917 4962
4532 4716
1977 4772
3280 4611
3288 4964
2988 4165
2771 4399
2775 3553
4706 4952
4635 4841
2267 4124
1528 1770
125 3270
2193 3013
2964 3405
1838 4906
3880 4289
3034 4406
2494 2775
3992 4634
2020 3418
2543 4392
3842 4430
4706 4721
1354 3472
3357 4841
3750 4799
3200 4274
3861 4061
1061 4303
895 4962
2379 4472
273 4269
1513 2988
1630 2278
4348 4504
161 4880
2875 3532
2637 3877
2329 3124
1878 3334
956 3469
2174 4510
452 2909
3267 4504
50 1196
1428 3709
3859 4525
2922 3709
774 3344
452 4669
2411 3231
3072 3565
2079 4303
3917 4698
3866 4520
286 4465
3110 3493
3898 4274
3475 4754
2284 3532
147 4772
1951 4236
537 1147
3323 4816
102 3545
3659 4833
2576 4634
1645 4520
3129 4930
1700 4706
2398 3270
2875 3546
568 2685
4236 4526
2845 4424
4289 4822
873 4969
2287 3464
2874 2922
3493 3649
3880 4165
58 4768
4366 4952
486 4855
28 3475
2169 4765
1626 3758
3147 4772
3955 4124
3905 4855
2770 4465
2670 4526
609 2174
3709 4026
988 4645
3153 3464
667 2482
441 3859
3766 3962
777 3955
4430 4849
3957 4799
1823 1912
2987 4399
2112 4930
4474 4716
1700 4906
1738 4136
1626 4043
1822 3877
4046 4149
1354 4119
4366 4906
3600 4732
2055 4799
2670 3648
3254 4358
1878 2987
743 3270
4024 4635
2148 2961
4520 4841
2398 3146
1936 4525
2333 3962
3565 4074
2830 4822
1289 3597
984 4957
1726 4768
1620 4952
1125 4716
4044 4645
3843 4754
327 1573
2773 4952
3011 4303
3148 4545
2805 4957
512 2055
1717 4293
3254 3837
162 3280
4473 4816
441 4913
2294 4504
4668 4969
260 1469
67 3927
3648 3955
2458 4828
3532 4849
568 3877
4165 4430
3838 3955
3332 4962
327 3837
1319 1710
2824 3200
3845 4669
3922 4289
2105 4957
161 4022
3254 3376
2483 4930
3866 4795
3924 4867
969 4002
4495 4518
2988 3312
3418 3988
3353 4614
861 2735
3709 4465
3861 4022
1242 4828
2482 4964
4514 4529
3713 4880
1036 4358
2532 3344
4239 4828
3646 4732
340 3524
2329 4668
3821 4768
2494 3553
3475 4124
1147 4849
1678 1922
2988 4527
1509 3147
706 4799
1823 2532
4142 4734
2699 4392
3312 3613
3292 4611
1383 2372
3334 4022
1748 4274
2284 4289
3410 4706
1912 4614
1962 3917
403 4366
3146 3957
3811 4518
1364 1573
2036 4527
1977 3709
3469 4833
4149 4768
1442 4520
2805 4867
861 4406
3034 4026
4024 4795
2657 4392
3146 3266
4392 4952
3635 3686
3267 4119
3123 3254
3709 4772
4657 4795
962 2522
3861 4303
367 3938
144 3613
664 4964
1550 2901
1847 4236
1835 3898
3875 4880
1240 4299
3938 4484
3115 4775
1212 4465
861 4957
4698 4765
3110 4510
1412 2775
4635 4657
2421 2670
3204 4828
3330 4473
3151 4964
2787 4526
3875 4239
1528 4424
3172 3344
3604 4520
2198 4504
403 4720
4527 4532
991 1293
1347 4964
3563 3917
3866 4635
3353 3877
2094 4358
3713 3955
421 3861
3034 4772
2094 4465
213 4828
2987 4002
984 3385
486 4858
251 4124
4257 4634
1043 4366
969 4906
2396 3646
2284 2816
3765 4822
3070 4828
3845 4473
2764 4849
2262 2421
3344 4236
2703 4795
1678 4074
1875 3613
1319 3821
2668 4529
286 4772
643 3889
2213 3715
157 3122
4366 4720
1841 4043
1645 3604
1212 4484
367 4611
3917 4858
3935 4880
1463 3098
3267 4775
1897 4472
1170 3147
2703 4657
956 2482
1042 4822
739 1197
2411 4142
4299 4366
3600 4952
3147 4734
124 4855
452 3034
3004 3992
550 3859
28 3563
2703 3988
4150 4154
1684 4545
630 3600
1318 4706
4698 4816
2148 4799
3648 4828
3713 3935
1906 4822
1963 4645
4289 4944
124 1878
3292 3811
3838 3935
1318 4795
3412 4465
4094 4358
872 4867
174 4944
646 3880
1710 4269
690 3344
3076 4026
3880 3922
3665 4474
2771 4074
3376 3917
4119 4504
3294 4930
2049 4657
2787 4274
985 2299
3553 4277
4119 4645
2545 4614
371 4964
2379 4952
2384 4514
4822 4944
3821 3859
2988 4061
250 4944
2787 4430
2094 4944
3545 4849
371 4406
3034 4723
2287 4716
2020 3146
1835 4074
960 3992
4504 4867
2706 3957
4044 4867
512 4149
1289 1409
3765 4668
3270 4799
1735 2384
173 3372
2922 3076
3600 4706
1081 3962
4406 4833
123 4668
3563 4293
174 4754
4723 4772
3186 4964
2384 2657
143 4765
4348 4775
542 3410
2576 4514
3353 3957
4645 4867
2880 3924
3122 4002
3464 4043
3070 3766
1897 4906
4293 4473
3129 4142
367 1061
1770 1814
4227 4545
3410 4721
773 4149
1719 3866
3713 4124
2909 3709
3231 4484
650 3372
2482 4154
1651 4527
3545 4406
763 4634
2561 4969
2824 4154
3357 4795
542 3098
810 1651
1501 4501
878 4525
2020 4795
1081 3546
2036 3200
1738 4698
1528 2049
3385 4149
763 4514
2922 3962
2743 4472
2086 4645
4094 4768
3750 4614
726 4399
3838 4880
3110 3601
3098 4501
1170 3758
2706 2961
2384 3546
3517 4227
4257 4514
3013 4772
2020 4657
3292 4526
4520 4795
3334 4303
2396 4230
1273 3859
5 3938
1748 2839
1212 4734
174 3076
2151 4754
2771 4002
2543 4969
3056 4046
3636 4930
1851 2258
669 4001
739 2706
3665 4716
3004 3372
2299 4501
1926 3765
3875 4828
4002 4611
4293 4699
2880 3266
3922 4833
3410 4906
4303 4913
1717 2845
3332 4858
878 4768
3493 3553
2108 4816
1744 4858
4518 4525
2020 4024
87 4716
1894 2299
3800 4768
4657 4699
1196 1428
2262 4962
690 4236
432 4734
3178 3472
2421 4324
3821 4732
1894 3898
2961 3270
3859 4518
3859 4957
4720 4799
2956 3866
3842 3880
3475 4529
1744 4962
3866 4841
2179 4969
1359 4754
3843 4529
2668 4822
1719 3147
173 1748
1841 3686
2964 4501
2287 4227
4532 4732
765 3889
2775 4816
3200 4154
3129 4484
2773 4906
1457 3376
2996 4721
1962 3493
2987 3072
2805 4645
260 3837
1318 4721
3469 4406
4366 4721
4772 4828
3529 4526
2830 4944
4721 4841
1719 4657
3475 4944
984 4046
2494 4816
3988 4520
3376 4518
3838 4239
2880 4044
1211 4880
3004 4257
2637 3464
774 4236
2411 2770
2764 3546
2816 3469
441 2874
743 4277
2485 4545
1409 3323
3597 4634
1093 4495
2685 3288
3917 4424
1630 3553
960 4634
4720 4906
3866 4732
147 3013
2287 4545
2900 4614
1678 1835
125 3922
1651 4061
2770 4930
4124 4880
2094 4754
2049 4520
1242 1770
1907 3607
2299 2396
3935 4828
3151 3797
1442 3604
4698 4962
3843 4969
2179 4529
1197 4768
3267 4645
204 4501
2257 4274
3418 4795
251 1118
3231 3797
3517 3665
3148 4716
4532 4545
1108 3294
4046 4525
2675 4303
1085 4930
2086 2294
4720 4952
273 4732
2421 4855
3124 4944
4720 4721
4944 4969
1125 3153
1273 4269
1907 4906
4227 4474
14 421
1528 2278
1907 4366
4269 4732
2485 4532
4165 4849
646 4289
3861 4002
2900 3750
1206 4669
1922 4399
4520 4657
1446 4474
144 2956
3076 4495
2049 4635
1841 3758
123 4822
548 4906
1829 4723
2843 4645
3532 4833
2198 4465
4124 4828
3842 4833
250 4529
3464 4849
676 4930
2964 3151
3266 4645
2909 3845
1710 4957
4473 4841
4754 4822
2333 4669
213 4406
2267 4239
2988 3597
2303 3889
3553 4510
2421 4698
1147 4501
1042 2735
3646 4706
1735 2151
1457 1748
4293 4855
3472 3922
4855 4858
3889 3927
4348 4645
403 4472
2079 3565
739 3750
4299 4472
3110 4913
1116 4518
3294 3636
2532 4399
4274 4504
1509 3597
2561 4754
1620 2922
3905 4424
898 4239
4699 4962
3472 4775
4299 4906
3758 4734
3330 3713
3563 4855
1302 1383
327 4392
2049 4001
2880 4119
3357 4635
4527 4716
4424 4855
2996 4472
3646 4227
1835 4022
2845 4855
2151 4668
186 3405
3464 3758
2267 2458
3129 3186
3472 3880
87 4227
3312 3597
125 2398
3686 4043
1922 3861
2436 4495
3013 4723
1875 4022
643 4474
1359 4944
3332 3905
2094 4668
3880 4430
4136 4962
1522 3845
639 3898
157 4022
4293 4698
1847 4635
4520 4635
2875 3766
1620 4720
4299 4706
47 4277
4154 4406
2108 4962
1963 4698
2028 3357
3072 3613
664 3636
3123 3560
2670 3172
3146 4614
3565 4635
2996 4906
4324 4501
2880 4867
2299 4768
4424 4473
810 4043
2284 3545
2770 4964
4527 4545
4754 4765
3843 4668
4424 4765
4525 4768
5 1844
14 4800
28 4965
47 3054
3 50
58 4861
67 1898
87 4870
102 2803
121 3980
123 4555
124 4547
125 4971
143 590
144 4978
147 4476
157 2037
161 1920
162 3504
173 3276
174 4309
186 2401
204 4405
213 4592
250 4999
251 4947
260 4488
273 3805
286 2965
327 4993
336 4684
340 4610
341 1260
363 4615
367 2178
371 3169
403 3561
421 1809
432 4827
441 4923
452 3135
486 4458
488 3705
495 4618
512 2392
531 4652
537 4830
542 4961
548 4573
550 4996
568 2799
609 2769
619 735
630 3798
639 4868
643 3971
646 4279
647 4753
650 4739
664 4633
667 4845
669 4994
676 760
690 3879
698 4295
706 3406
710 2087
726 4966
739 4401
743 4435
763 2229
765 3400
773 4748
774 2629
777 4384
783 3430
800 810
828 3781
861 4935
221 872
873 4125
878 1944
895 1543
898 3351
956 2848
960 4897
962 4733
969 1594
984 4978
985 4565
988 4633
991 2409
1036 4609
1042 4871
1043 2776
1061 4394
1081 4660
1085 4402
1091 1093
1108 2593
1116 3682
1118 4164
1125 4388
1147 3067
1170 4620
1196 4049
1197 4365
1206 4457
1211 4174
1212 1235
1240 4120
1242 4922
1273 4702
1284 4283
1289 4889
1293 4829
1302 4796
1318 4974
1319 2529
1323 2913
1347 2720
1354 4602
1359 3695
1364 2746
1383 3198
1409 3541
1412 4208
1428 2937
1442 4743
1446 2145
1454 2970
1457 4591
1463 3908
1469 4954
96 1481
1501 4259
816 1509
1513 2347
1522 4346
1528 4285
1542 4246
1035 1550
1573 2468
1620 4999
1626 4662
1630 4831
1645 4460
1651 4379
1667 4156
1678 3465
1684 1881
1700 3217
1553 1710
1717 3085
1719 4736
1726 3907
1735 3520
437 1738
1744 3358
1748 2656
1470 1770
995 1793
1802 2554
1814 4974
1822 3732
1823 3593
1829 3942
1835 3678
1838 2616
1841 4385
1847 4924
1851 4712
1859 4981
1875 3848
1878 4589
1894 4384
906 1897
1906 3970
1907 4717
1912 4486
1922 4857
1926 4852
1936 4771
1951 3154
1962 4901
1963 3465
1977 4587
274 2020
2028 3876
2036 3543
2038 2970
2049 4258
2055 3336
2079 4305
2086 4160
2094 4988
2105 4705
2108 4485
2112 3187
2148 4992
2151 4088
2169 4515
2174 3503
2175 2751
312 2179
1073 2193
2198 4203
2213 3650
2225 4939
1368 2257
2258 2904
533 2262
1810 2267
2278 4243
1088 2284
1208 2287
25 2294
1817 2299
2303 4215
2329 4410
2271 2333
2372 4773
2379 3120
2384 2910
2396 2405
1507 2398
2411 4965
2421 3857
2436 3958
2458 4132
2482 4646
2483 4782
2485 4786
2494 3155
2522 4793
2532 4790
2543 4846
2545 4859
2561 3043
442 2576
2637 4143
2657 3667
2668 4238
2670 4984
2675 4622
2685 3203
2699 2889
1964 2703
2477 2706
2735 3222
2743 3391
2764 4842
2770 4169
536 2771
2773 3912
1317 2775
2426 2787
88 2805
2453 2816
2824 4039
2830 4738
1698 2839
2843 3893
1286 2844
2405 2845
2202 2874
1488 2875
2880 4163
2900 4438
769 2901
2909 4667
2922 4597
2942 4672
1959 2956
2961 4891
2433 2964
2833 2987
2988 4870
2996 3572
3004 3401
1899 3011
3013 4519
3034 3152
3056 4922
3070 4651
3072 4477
3076 4244
3098 3456
3110 4738
2054 3115
3122 4713
1552 3123
3124 3144
1496 3128
3129 4198
3146 3608
3147 4756
3039 3148
3151 3246
3153 4326
3172 4235
3178 3629
3186 4470
3200 4854
3204 3632
3231 3394
3254 4454
3266 3707
3267 4777
939 3270
3280 3860
3287 3839
3288 4977
3292 4619
3294 4750
1056 3312
3323 4866
3330 4807
3332 4349
1191 3334
2831 3344
3353 4121
3357 4762
3372 4192
3376 4693
3385 3630
379 3405
3410 4748
3412 4902
3418 4599
171 3464
3469 4306
3472 4644
393 3475
3300 3493
3517 4453
3524 4508
3529 3710
3532 3793
3545 4403
3303 3546
2382 3553
3560 4021
3533 3563
2717 3565
3597 4892
3600 4651
3601 4539
2044 3604
2139 3607
2081 3613
3635 4493
3049 3636
3640 4778
2261 3646
3648 3789
2921 3649
3408 3659
3665 4570
3096 3686
3709 4700
1586 3713
3715 4764
3024 3750
910 3758
1670 3765
696 3766
972 3797
3800 3965
1320 3811
1464 3821
2472 3837
549 3838
3842 4971
845 3843
2625 3845
2788 3859
3449 3861
2486 3866
899 3875
3877 4993
3880 4865
2544 3889
1033 3898
3726 3905
3917 4268
3179 3922
3919 3924
3927 4419
3935 4204
921 3938
876 3955
3957 4246
3962 4738
3988 4653
3992 4945
4001 4911
3570 4002
4022 4185
2978 4024
4026 4478
3969 4043
4044 4988
3738 4046
3795 4061
4074 4383
901 4094
3433 4119
4117 4124
2630 4136
4142 4546
4149 4840
3393 4150
790 4154
3807 4165
4227 4850
1451 4230
4236 4824
3492 4239
2408 4257
3720 4269
4274 4859
3195 4277
3928 4289
2293 4293
2275 4299
2991 4303
1831 4324
1958 4348
2538 4354
3234 4358
1535 4366
240 4392
949 4399
3721 4406
1733 4424
945 4430
2629 4465
4448 4472
4473 4790
4365 4474
4398 4484
3855 4495
3456 4501
2523 4504
2061 4510
4514 4531
1984 4518
4103 4520
1703 4525
4295 4526
4527 4739
4529 4662
4532 4943
3419 4545
4256 4611
1949 4614
3982 4634
3269 4635
1771 4645
305 4657
4251 4668
1954 4669
2089 4698
703 4699
4687 4706
2341 4716
2628 4720
4721 4830
1562 4723
2661 4732
4734 4894
4754 4956
3552 4765
2344 4768
1865 4772
4775 4909
1866 4795
4089 4799
4333 4816
4081 4822
4828 4947
288 4833
1160 4841
4839 4849
2878 4855
2008 4858
3950 4867
4844 4880
3944 4906
1993 4913
3354 4930
4007 4944
1677 4952
4647 4957
4962 4981
1281 4964
4949 4969
5 2618
14 2431
28 4452
47 4557
50 4994
58 4626
67 3337
87 4939
102 566
121 4666
123 2538
124 4256
125 2477
143 4818
144 922
147 4896
157 4314
161 1270
162 3915
173 4937
174 307
186 4919
204 4781
213 1455
250 4355
251 4533
273 768
286 4869
327 4340
336 4958
340 4719
341 2091
363 4997
367 4143
371 4946
403 4980
421 4252
432 4854
441 4114
452 4605
486 4893
488 4801
495 4624
512 1530
531 4664
537 2589
542 4711
548 4860
550 4955
568 4924
609 3542
619 4010
630 4836
639 3846
646 4416
647 4881
650 4991
664 4789
667 3767
669 2971
690 4294
698 2828
706 4659
710 4801
726 4733
739 4888
743 3473
763 2307
765 1848
773 4115
774 4055
777 4857
783 4156
810 2039
828 4938
861 4745
872 4823
873 4866
878 4593
895 3936
898 2307
956 4346
960 4853
243 962
969 1286
984 4323
985 4211
988 3460
991 4972
1036 4110
1042 4550
1043 4937
1061 3707
1081 4332
1085 4310
1093 4030
1108 3757
1116 4961
1118 4419
1125 1647
1147 4160
1170 4499
1196 4976
1197 3368
1206 4817
1211 4147
1212 2221
1240 3683
1242 4907
1273 4200
463 1284
1289 4008
1293 2868
1302 1931
1065 1318
1319 4294
1347 3226
1354 4461
1359 4679
1364 4778
1383 4434
1409 3373
1412 3746
1428 4609
1442 3745
1446 4889
1454 4145
1457 2497
1463 3704
1469 4940
1481 4449
1501 3933
1509 3940
1513 4891
1522 1532
1528 4725
1542 4704
1550 2760
1573 3708
1620 3961
1626 3345
1630 4807
1645 4722
1651 3137
1667 3550
1678 4412
1684 3757
1700 3015
1710 2555
1717 4652
1719 4685
1726 3699
1735 2967
1738 3802
1744 3367
1748 4702
1770 4543
1793 4909
1802 2655
1814 3928
1822 4750
1823 2818
1829 3434
1835 4400
1838 4343
1841 4818
1847 3131
1851 4169
1859 4899
1875 4559
1766 1878
1894 2819
1897 3667
1906 4027
1907 2392
1912 4463
1922 3720
1926 3040
1936 4418
1951 3974
1962 4296
1963 4817
589 1977
2020 3450
2028 4725
2036 4694
2034 2038
2049 2571
2055 3943
2079 4691
2086 4253
2094 3585
2105 4796
2108 4927
2112 4643
194 2148
2151 3926
2169 3885
2174 4743
2175 4885
2179 2273
2193 3755
2198 4616
2213 3748
2225 4464
2257 2354
2030 2258
2262 2375
2267 4423
2278 4719
935 2284
2287 2611
2294 4145
2299 4915
1888 2303
2329 4902
2333 4991
2372 4887
2379 4990
2384 4304
2396 4748
2398 3647
2411 4594
2421 4690
2436 4079
2380 2458
2482 3356
2483 4742
955 2485
2494 4541
2517 2522
2532 4977
2543 3150
2447 2545
2561 4578
2576 3732
2637 3540
2224 2657
2668 2877
2670 3407
2675 3341
2685 4425
2699 4544
2703 4792
2706 4432
2735 4661
2743 4483
2764 3067
2770 4387
2771 4151
2773 4304
2775 4542
29 2787
2805 3634
2816 4469
2824 4560
1321 2830
2839 4981
2321 2843
2844 4345
1210 2845
2874 4988
2875 2884
2880 4008
2037 2900
2519 2901
2909 3615
236 2922
277 2942
2956 4910
2961 4986
2964 3651
1182 2987
2988 3904
2996 4652
659 3004
3011 4596
2339 3013
3034 3807
3056 4586
3070 4857
3072 3180
3076 4072
3098 3670
3110 4978
3115 3803
3122 3226
1098 3123
3124 3621
3128 4902
3129 4711
3146 4279
3147 4829
3042 3148
3151 4519
3153 3309
1490 3172
3178 4067
3186 3983
2595 3200
948 3204
3231 4415
3254 4947
3266 4859
3267 3269
3270 4173
3280 4958
3287 3929
3288 4195
3292 4826
2959 3294
3312 4222
3323 4931
3330 4916
3332 3899
3334 4021
3344 4943
3353 3536
3357 3909
3372 3513
3376 4508
3385 4345
3405 4173
3410 4782
1160 3412
1536 3418
3464 4919
3469 4556
3472 4877
1668 3475
3493 4926
3517 3775
3524 4509
618 3529
3532 4489
3366 3545
3546 3985
3553 4232
3557 3560
3563 3749
3565 4656
3597 4931
3600 4558
3601 3634
3604 4566
2779 3607
3452 3613
1602 3635
3033 3636
3640 4555
3646 4704
3648 4929
3649 4788
3659 4898
913 3665
3686 4672
3709 4824
1490 3713
3695 3715
3750 4966
3758 3986
3765 4873
3766 4631
3797 4939
3800 4819
2625 3811
2524 3821
2297 3837
3741 3838
3842 4791
3843 4994
2422 3845
3213 3859
3083 3861
3866 4573
3875 3888
3877 4018
3880 4653
3874 3889
3561 3898
3901 3905
3917 4785
3922 4300
3352 3924
3927 4363
2887 3935
3938 4396
2749 3955
2618 3957
3962 4086
3096 3988
3983 3992
4001 4660
4002 4363
3361 4022
3508 4024
4026 4813
4043 4159
4044 4960
4046 4748
2982 4061
4074 4845
4094 4916
2893 4119
75 4124
4122 4136
4142 4935
3470 4149
4150 4878
3948 4154
4161 4165
2144 4227
2428 4230
4216 4236
4239 4603
3073 4257
4269 4704
4215 4274
4277 4558
4289 4328
4293 4860
3752 4299
4303 4562
4184 4324
4348 4904
4354 4919
4358 4378
4366 4555
3384 4392
4188 4399
4406 4467
4424 4872
2453 4430
3038 4465
4034 4472
3434 4473
3360 4474
2359 4484
4020 4495
3853 4501
4504 4539
3184 4510
1394 4514
4157 4518
4520 4896
4402 4525
4526 4625
2249 4527
4529 4708
4532 4586
4096 4545
2128 4611
3381 4614
4609 4634
2953 4635
3634 4645
2128 4657
4668 4829
3651 4669
633 4698
1134 4699
3937 4706
4405 4716
2356 4720
4721 4774
4723 4870
3852 4732
3977 4734
410 4754
4765 4796
4768 4959
4027 4772
3499 4775
4777 4795
4625 4799
2601 4816
4569 4822
3458 4828
3620 4833
4841 4884
2802 4849
4794 4855
4794 4858
4867 4871
3669 4880
2742 4906
4482 4913
4930 4956
4648 4944
4952 4978
4898 4957
4157 4962
3960 4964
4954 4969
5 3341
14 3554
28 4231
47 4960
50 4003
58 2686
67 4398
87 4436
102 2879
121 1820
123 4129
124 4942
125 1491
157 4332
161 2883
162 4892
174 2157
186 4433
204 4171
213 2943
250 4309
251 4616
273 4876
286 723
327 2276
336 4353
340 2709
363 3194
367 4908
371 3717
421 4195
486 4712
488 4409
495 1253
512 4921
531 4667
537 4834
542 4335
548 4951
550 4968
568 4563
609 2124
619 4284
639 4568
646 4996
647 4599
650 4904
664 1640
667 4301
669 3209
690 4116
698 4577
706 2694
710 4715
739 2859
765 3398
773 4961
777 2928
783 2853
810 4771
828 4304
861 4696
872 4995
873 4334
878 4272
895 3216
898 4468
956 4786
960 4846
962 3892
969 4899
984 4739
985 2205
988 3736
456 991
1036 3319
1042 3990
1043 4999
1061 3959
1081 3813
1085 4229
1093 4838
1108 4211
1116 4372
1118 3143
1147 3218
1170 3700
1196 4918
1197 4859
1206 4991
1211 4756
1212 3440
1240 4326
1242 3483
1273 4060
1284 3888
1289 4178
1293 4309
1302 4017
1319 3308
1347 4741
1359 4560
1383 3790
1409 4516
1412 3793
1428 4588
1442 4435
1446 3696
1454 2660
1457 3112
1463 4850
1469 4352
1481 4494
122 1501
1509 4896
1513 3232
1522 4301
1528 4994
1542 4934
1550 4693
1620 3901
1626 4223
1630 4696
1645 4578
1651 4553
1667 2693
1678 3048
1684 4409
1700 4881
1710 3078
1717 2943
1719 4655
1726 3788
1735 4623
1738 3724
1744 2378
1748 4332
1614 1770
1793 4997
1802 2837
1814 4835
1822 4271
1823 4949
1829 3156
1835 3316
1838 4753
1841 3817
1847 3180
1851 4677
1859 4901
1875 4256
1878 2030
1894 4654
1897 4452
1906 4511
1907 4143
1912 3257
1922 4600
1926 3855
1951 4373
1962 4955
1963 1967
1975 1977
2020 4703
2028 3932
2036 4065
2038 3089
2049 4114
2055 4915
2079 3618
2086 4844
2108 3585
2112 3212
1654 2148
2151 3972
2169 4578
2174 3220
2175 4832
2179 4860
2193 4905
2198 3943
2213 4817
2225 4651
802 2257
2258 4128
2262 4442
2267 3820
2278 4793
1927 2284
2287 4490
2294 4910
2299 4934
2303 4992
2329 3725
2333 3998
2260 2372
2379 4361
2384 4819
2396 4938
2398 4861
2411 4997
2421 4557
2436 2541
2458 4681
2482 4905
2483 4122
2485 4901
2494 4616
2522 4497
2532 4147
1982 2545
2561 3730
2576 4705
2637 4544
2657 4579
2668 4730
2670 4032
2675 3795
2685 4107
2699 4033
2703 4896
2706 3232
2735 4810
2743 3903
2539 2764
1466 2770
2771 4610
2773 4705
2775 4065
2787 4914
2805 4078
2816 4907
2824 4823
2830 3087
2839 4935
2843 4259
2844 4508
2845 3993
2874 4425
2875 4861
1464 2880
2900 4985
2901 4395
2909 2928
2922 4064
2942 4859
2797 2956
2961 2974
2964 3876
2987 4561
2988 4565
2996 3833
3004 4808
3011 4785
3013 3582
2598 3034
3056 4750
1266 3070
3072 3615
3076 4879
3098 4251
3110 4639
3115 4784
3122 4243
3123 4531
3124 4648
3128 4536
2457 3129
3146 4859
2610 3148
3151 4641
3153 3160
3172 3641
2631 3178
3186 4170
3200 3997
2072 3204
3231 4570
3254 4400
3266 4812
1028 3267
2274 3270
3280 4797
3132 3287
3288 4090
3292 4832
331 3294
851 3312
3323 4372
3330 3533
3332 4377
3334 4477
2733 3344
3205 3353
3357 3979
2612 3372
3376 4395
3385 4693
3405 4445
1888 3410
3263 3412
3418 4093
1665 3464
3469 3810
3472 4620
2013 3475
3493 4945
3517 4708
2304 3524
3529 3589
3532 4792
3545 4396
3546 4980
3553 4240
3560 4252
3563 4210
3565 4322
3597 3794
990 3600
2052 3601
3604 4981
3607 4949
3386 3613
3635 4883
3624 3636
3640 4667
2795 3646
3648 4601
3649 3653
3659 4921
2391 3665
3686 4662
2958 3709
3713 4242
3715 4789
3750 4012
3758 4618
3765 4992
1657 3766
3797 4655
3149 3800
3811 4340
2473 3821
3485 3837
1871 3838
1950 3842
3843 4986
3845 4870
3859 4652
3861 4663
3866 4569
3875 4382
3877 4690
3880 4397
3889 4907
3898 4581
3731 3905
3082 3917
3922 4347
3924 4947
3927 4851
3935 4296
2696 3938
3955 4384
3957 4989
3962 4361
1827 3988
3992 4789
3878 4001
4002 4096
4022 4839
3453 4024
3521 4026
3540 4043
4044 4547
3289 4046
3846 4061
4074 4785
3723 4094
4080 4119
4124 4960
4136 4708
2217 4142
4149 4982
4150 4291
4154 4173
3683 4165
3092 4227
4230 4233
3791 4236
4239 4290
4257 4985
4269 4313
4274 4975
4277 4905
4289 4469
3232 4293
4299 4304
4303 4539
4324 4666
4348 4415
4354 4848
4358 4664
4137 4366
3997 4392
4399 4581
1255 4406
4424 4456
4430 4452
4465 4581
4472 4845
4127 4473
4456 4474
4484 4842
4495 4722
4459 4501
4504 4781
4510 4649
4514 4630
4518 4967
884 4520
4519 4525
2415 4526
4422 4527
4451 4529
1236 4532
3297 4545
3467 4611
4614 4859
4634 4789
4234 4635
2459 4645
352 4657
4372 4668
3953 4669
1771 4698
4699 4851
4706 4897
3289 4716
4707 4720
3974 4721
4477 4723
4181 4732
2603 4734
4621 4754
4181 4765
1656 4768
4772 4817
4422 4775
4606 4795
3644 4799
4766 4816
4068 4822
4173 4828
4833 4939
4671 4841
4714 4849
3969 4855
1092 4858
4606 4867
2850 4880
4906 4937
3871 4913
4930 4941
4936 4944
3666 4952
4704 4957
3687 4962
3582 4964
4722 4969
28 4563
47 3904
125 3809
162 4774
186 2462
213 3578
340 2752
363 4860
371 3079
495 4918
531 3913
568 4435
609 2496
619 3915
646 4862
647 3564
650 4593
664 4953
669 4102
698 4786
710 4506
810 3700
861 4093
872 4960
878 4982
898 4875
969 4903
985 3251
988 4921
991 3443
1036 4120
1043 1811
1081 4194
1108 2984
1116 4313
1118 4640
1196 4947
1206 2885
1240 3393
1273 4937
1293 4869
1302 4866
1319 3973
1347 4697
1359 2219
1412 3598
1428 2626
1454 3326
1469 4161
156 1501
1513 1884
1522 4590
1542 3441
1550 4221
1630 1787
1667 4141
1684 4403
1700 4243
1726 3536
1735 4368
1738 3268
1748 4445
1770 4170
1793 4573
1814 4681
1822 1925
1823 4848
1829 3977
1838 4702
212 1841
1847 4682
1851 4861
1859 3836
1875 3339
1897 4919
1906 3785
460 1907
1912 3657
1922 3664
1926 4443
1962 4459
1963 4629
1977 3279
2020 4301
2036 3339
2049 4935
2055 2479
2079 3718
2086 4932
2108 4235
2112 4620
2138 2148
2151 4801
2169 4951
2120 2193
2198 4578
2225 4591
2257 3865
2262 3945
2278 4767
2284 3224
2287 2293
2294 4278
2299 4191
2303 3102
2372 4827
2379 4499
2384 4006
2398 4951
2421 3702
2436 3743
1567 2458
2482 4847
2494 4989
2522 4440
2545 4726
2561 4968
2576 4960
2657 4559
2670 3974
2120 2675
2685 4616
2594 2699
2703 4273
2316 2706
2735 4779
2743 4972
2764 4787
2773 4404
2775 3078
2787 4649
2805 2913
2816 4835
2826 2830
2839 4830
2843 4467
2844 2883
2845 4653
2874 3770
2875 4728
2880 4381
2900 4615
2901 4566
2909 4845
2922 3538
2942 4054
2956 4491
2961 4575
2964 4753
1900 2987
596 3004
3011 4452
3013 4502
3034 4184
3056 3448
3070 4842
3060 3072
3076 4613
3098 4891
3110 4464
2979 3115
3122 4613
3123 4928
3124 3304
3128 4613
3129 4923
3146 4494
3148 4562
3151 4767
3167 3172
3176 3186
3200 4830
3204 4087
3231 4825
1901 3254
3266 4629
3267 4126
3270 4192
482 3280
3287 4340
3288 4490
3294 4025
2863 3312
3323 3873
3330 3598
3331 3332
1356 3334
3206 3344
3353 4565
3357 4359
3372 4470
3376 4493
3385 3562
3405 4878
1722 3410
3412 4923
3418 4332
3469 4961
3472 4637
900 3475
3337 3493
3481 3517
3524 4821
1570 3529
3545 4444
3546 3568
3553 4658
3560 4980
3563 4550
3565 4785
3597 4974
3600 4467
3601 4942
3604 4633
3607 4125
3613 4774
874 3635
1609 3636
3640 4977
3646 3936
3139 3648
3530 3649
3659 4691
3665 4371
3686 3913
3709 4870
3713 4974
3715 4550
3750 4752
2677 3758
1246 3765
3766 4440
3797 4983
3800 4410
2061 3811
3821 4327
3456 3837
3838 4250
3842 4225
2638 3843
3845 3855
3775 3859
3856 3861
3866 4468
3875 4335
3208 3877
3880 4676
3889 4852
3059 3898
3048 3905
3917 4688
3922 4733
3924 4481
3920 3927
3935 4426
3938 4564
3955 4388
3101 3957
3962 4708
2318 3988
3992 4737
4001 4728
4002 4684
4022 4956
4024 4919
3088 4026
3185 4043
4044 4908
4046 4875
3388 4061
3846 4074
4090 4094
2113 4119
1622 4124
4136 4646
4142 4157
4149 4254
4150 4576
2748 4154
3570 4165
4227 4778
4217 4230
2448 4236
3813 4239
4257 4511
3025 4269
2118 4274
3569 4277
4289 4890
4293 4918
3664 4299
4303 4785
72 4324
842 4348
4354 4684
4339 4358
4366 4502
4392 4882
4243 4399
4406 4533
4424 4877
3885 4430
1310 4465
4416 4472
3692 4473
4474 4476
4296 4484
3676 4495
3455 4501
4504 4507
3733 4510
4440 4514
4416 4518
3393 4520
4525 4704
4526 4653
3060 4527
4529 4998
4267 4532
4545 4580
4611 4884
4614 4627
4516 4634
4635 4676
4516 4645
2902 4657
4493 4668
3494 4669
4463 4698
3347 4699
4627 4706
2266 4716
1991 4720
4712 4721
4316 4723
4732 4918
4734 4750
4633 4754
4735 4765
4768 4891
4376 4772
4728 4775
4795 4907
3504 4799
4816 4935
2763 4822
4082 4828
4833 4843
4012 4841
440 4849
2905 4855
4781 4858
3625 4867
4187 4880
4444 4906
4913 4923
4411 4930
4875 4944
4946 4952
4102 4957
4357 4962
4838 4964
4951 4969
698 4819
985 4973
988 4803
1043 4840
1081 4252
1108 4206
1240 4566
1359 4875
1412 4539
1454 4672
1469 4204
1522 4872
1667 3049
1684 2264
1735 4421
1738 4352
1822 4110
1823 4034
1838 4800
1875 4847
1906 4809
1907 4640
2036 4789
2112 4464
2148 3580
2198 4764
2225 4609
2257 3401
2262 3965
2278 4708
2284 4761
2287 4819
2140 2294
2303 3616
2372 4942
2379 4590
2384 4974
2436 4870
2522 4977
2561 4883
2685 4447
2706 4678
368 2735
2764 4656
2775 3862
2816 4595
2830 4438
2843 4857
2844 4509
2845 3531
2874 4894
2875 4363
2900 3995
2922 3119
2956 2973
2886 2961
2964 3574
2987 4104
3004 3245
3011 3722
3013 4180
3034 4870
3056 4680
3076 4589
3098 3853
3102 3115
3122 4737
3123 4508
3124 4779
3128 4919
3129 4429
3172 4570
3200 4760
3204 4556
3254 4722
3263 3267
3270 4790
3280 4564
3287 4800
3288 4362
2969 3294
3312 4660
3323 4431
3330 4206
3073 3332
3334 4461
3385 4513
3405 3673
3412 4515
3418 3980
3472 3515
3517 4865
3529 3538
3262 3553
3560 4496
3563 4974
3565 3872
3597 4587
3601 4953
3607 3967
3635 3803
3640 4684
3646 4916
3648 4549
3649 4440
3659 4752
3665 4572
3709 4910
3713 4033
3715 4511
3750 3815
3758 4662
3450 3765
3766 4300
3797 4261
3440 3800
3811 4836
3821 3827
3837 4941
3838 4887
3842 4690
3843 4892
3845 4471
3815 3859
3861 4826
3863 3866
3875 4971
3877 4133
3880 4013
3889 3896
3898 4785
3905 4443
3917 4890
3924 4903
3927 4603
3935 4738
1978 3938
3955 3972
3957 4859
3962 4870
3988 4667
3445 3992
3965 4001
3818 4002
4022 4256
4024 4368
4043 4864
4044 4557
4000 4046
3285 4061
4074 4878
4094 4132
4107 4119
4096 4124
4136 4988
3210 4142
4149 4229
3853 4150
2129 4154
4165 4195
4194 4227
4125 4230
3275 4236
3168 4239
4257 4850
4269 4365
2999 4274
3556 4277
4289 4853
3574 4299
3468 4303
4324 4481
4348 4991
4354 4773
4358 4508
4366 4436
4392 4908
4384 4399
4406 4407
3719 4424
4282 4430
4462 4465
1249 4472
4473 4507
4391 4474
2977 4484
4492 4495
4132 4501
4504 4559
4082 4510
4502 4514
2977 4518
4520 4915
4313 4525
4355 4526
4429 4527
4529 4936
4145 4532
3721 4545
4304 4611
3397 4614
4362 4634
4635 4638
3664 4645
4657 4687
3814 4668
3681 4669
4252 4698
4688 4699
4706 4827
3631 4716
4487 4720
4721 4985
4280 4723
4054 4732
4278 4734
4754 4910
3902 4765
4748 4768
2521 4772
4775 4832
4795 4814
4799 4859
3920 4816
4452 4822
4064 4828
4730 4833
1607 4841
4125 4849
4802 4855
4858 4900
3170 4867
4852 4880
4727 4906
4769 4913
3939 4930
4231 4944
4790 4952
4957 4998
4540 4962
3804 4964
4847 4969
1875 3786
1907 3751
2225 4095
2844 3474
2875 4312
2792 2961
2964 4006
3013 4955
3034 4405
3122 4375
3123 4131
2709 3267
3294 4370
3405 4660
3472 3788
3529 4523
3563 4638
3597 4826
3601 3655
3607 4371
3196 3635
3665 4513
3713 4815
3750 4427
3889 3972
3898 4739
3924 4544
3927 4503
3935 4329
3988 4577
3992 4593
3658 4043
4074 4651
4119 4710
4142 4248
4149 4681
4230 4497
2800 4239
4257 4808
3171 4274
2708 4277
4348 4872
4358 4700
4213 4406
4430 4955
4473 4896
3616 4474
4484 4493
4501 4916
4510 4543
4085 4514
4518 4808
4520 4993
4444 4525
4526 4916
3291 4527
4529 4610
4532 4960
4611 4630
4634 4808
4669 4976
4287 4698
2972 4706
4720 4936
3693 4721
4543 4732
4523 4754
3925 4765
4768 4782
4775 4843
4677 4795
4799 4975
4822 4823
2800 4828
3892 4833
4636 4841
4752 4867
3307 4880
4810 4906
4583 4913
4035 4930
4944 4991
4952 4997
4957 4963
4871 4964
3405 4917
4239 4783
4492 4518
3561 4706
4427 4721
4913 4917
4460 4930
