8851 4174 7127 4730 194 4820 7581 7457 5320 328 943 5155 8407 1679 2936 4819 5918 685 
3035 3490 2357 4114 8167 4310 6786 4316 5258 5547 4917 6542 3375 6785 3559 3555 3996 1201 6565 
4777 8872 6645 3389 8226 4686 1167 3442 9721 8525 8962 9575 3038 1565 8153 9812 8149 4484 1126 5375 4038 8498 4302 3979 6595 9199 9558 1179 2610 9758 8684 9481 2130 3703 7999 5343 9686 9321 6535 6550 9836 9433 3163 7216 6125 9775 9023 918 3458 9431 949 876 5768 8526 
354 3294 1931 3929 8187 9219 6110 1741 9169 9084 7497 1523 7925 5578 9290 185 3947 5672 9295 6065 87 5732 5012 1615 1653 5671 4982 775 6388 8665 2369 8314 4877 633 9125 646 5250 9645 4388 9868 8565 9268 8257 9232 259 150 2999 7085 6916 
5038 6344 1303 8735 9694 5438 521 8595 8844 221 192 5874 4166 3889 4299 7901 3833 9890 6562 1814 9796 3763 2443 7003 8641 4911 8015 8531 4952 5538 337 5707 4751 9941 8397 6996 8652 1677 6908 76 8884 8360 7051 9259 9794 5711 4319 7010 5373 9917 2147 7386 1753 4700 4808 2711 1023 5066 9822 9786 2647 8455 9614 9852 
4797 7311 3748 9411 9117 3461 9681 6306 4069 8021 9697 9741 4795 2109 9426 3307 1009 2104 546 5981 4192 4084 5633 3283 9950 8270 7864 1575 6581 9080 6828 6441 6278 2736 3874 5166 8786 9339 2859 1077 9589 6538 
1731 3974 31 9115 5730 3967 2359 9389 736 7807 9552 9087 4456 8264 2379 9577 9400 9785 9734 8268 8087 2150 7458 2036 9958 5845 4288 6451 8337 4718 6654 4527 9646 9027 3964 9762 4798 1557 2608 283 9974 3227 1109 6455 9192 9410 6602 8420 4279 5096 9807 5264 
2850 3118 9310 9149 3223 3752 6274 9241 2156 7452 1090 8617 73 5314 6349 7784 4454 7590 9147 5491 163 2873 2251 8706 1670 5556 6431 9823 2033 3740 8023 7189 5036 9015 8902 8064 5007 7759 9233 9442 3462 444 7910 3867 4035 8200 4154 5878 1853 5120 
7542 7858 5277 4641 5572 7527 2932 9445 4981 9704 5315 8090 814 494 914 7241 2709 9726 1544 5356 9245 7550 9701 6716 8585 3733 4118 9352 9281 7831 2085 4899 9493 1511 2080 7834 7600 3502 6103 2216 9043 9071 2338 6715 9075 9777 5409 7266 2673 748 8124 6927 4451 7802 8445 2045 8229 8845 3360 2576 1838 264 3684 
3512 1530 4489 2823 9617 9612 147 3735 2424 6694 8301 9667 9414 4515 505 2360 2812 3438 2499 9750 7276 6943 4012 9832 9972 9565 6727 1685 8240 812 1972 849 
6794 7684 8863 6144 229 8404 9662 6361 2094 3085 5296 7118 3301 7507 9283 9243 8879 5594 5210 6970 9275 9772 3310 6055 6003 6345 2274 7519 7260 4976 8349 8639 3734 6551 6876 4800 1277 5869 8476 3870 4121 8105 8108 4546 3304 580 3268 2193 8106 3370 2854 1208 6205 8394 8168 9234 
7179 813 8852 5099 6253 9689 4369 6805 8195 960 4361 6807 6255 9261 8904 4986 27 5134 8162 7619 7275 2927 
7074 6410 3656 3480 2248 817 643 7423 5139 3605 9943 9361 8690 3580 8509 7796 6302 9064 7592 6854 3668 5516 6341 7414 8403 
3340 7421 5005 9408 4610 
1946 6383 121 5327 251 4165 
5647 7603 5576 3017 9296 7350 9743 7369 1449 913 3793 759 
9863 9770 8161 8177 7977 504 9872 8846 5300 9366 2113 7900 1096 781 6346 2759 8703 466 3347 577 9983 9186 1805 9320 1193 8059 3241 3898 3322 6222 8045 6862 525 7671 7841 9207 583 9771 9325 6195 492 9050 
7103 5588 8141 5773 4350 4847 7164 6009 7180 4749 8333 9441 8651 8628 423 4131 3026 4697 6351 225 3845 7034 9550 7158 8701 7288 8022 8627 5121 375 5500 1498 7575 7374 8634 2252 3282 7568 4765 9385 9669 1619 9486 2023 6135 6094 8769 5857 248 5146 9377 2821 3586 9792 2554 8084 833 
4297 7172 8320 896 7500 5685 1256 5903 1808 9363 4094 3824 7734 8811 7653 6418 3863 8745 5031 8018 7361 1379 6772 6168 6219 5064 5410 2604 9069 7017 5402 9483 9969 8383 9809 9631 6726 8386 863 8794 8385 6223 5267 5449 7696 8376 8942 6111 3286 5494 1856 9546 4405 457 2171 6713 9422 7526 9522 5532 5763 744 9542 
8486 8808 4854 9454 6888 9450 1722 4510 3933 8484 8971 7466 258 3507 6159 7606 9804 4025 508 5347 7726 2004 8050 7978 3771 5644 8669 8281 9685 8055 2302 2390 9446 9976 2399 8932 8607 9603 1563 3053 2732 7975 3935 
868 5699 3665 1921 4246 7931 9331 9789 5133 1777 5906 8048 5198 3779 1748 9666 8903 6098 4240 6218 8888 6684 3530 2645 9248 95 7760 8528 7885 6312 7125 9549 4349 1468 2106 59 6317 5595 4807 8138 4764 2441 7264 7403 523 4678 7629 4243 9723 9078 7638 9934 5354 6529 9272 
7631 1801 5947 183 562 2856 439 2049 9137 5634 6036 5750 9007 9797 5471 1413 2489 
8132 8898 6454 6412 9505 5170 7062 9472 8677 8077 8624 6015 8876 9140 9476 
7761 8290 7966 9153 451 6485 9837 2665 374 7050 7889 3629 7806 7521 6405 4274 4604 8603 9967 8169 6762 3543 9488 3016 9017 7537 7236 2884 1745 928 5257 9987 7627 4458 8316 6983 3677 8205 9056 6040 9583 9515 7565 7235 9127 9516 1839 2112 3079 
2651 640 9833 7828 4865 9709 3972 8698 5058 6659 8110 9317 9713 8330 4522 8656 3253 5245 8740 9404 9909 5530 9806 3213 4616 4296 3039 6199 7114 8640 4703 3594 1292 8492 7329 9869 966 4493 9886 9714 8467 290 6811 2952 5426 3414 97 8044 6622 5454 6923 8495 7756 9314 4130 6116 8348 985 8711 1945 7944 9020 7479 1821 8796 9425 5635 
4760 1915 699 2692 1901 9330 2327 8011 1690 881 6829 9101 8130 3139 3831 7286 6158 1783 8930 8885 2394 5966 848 8956 1452 237 7780 5039 9931 6260 9022 4190 2616 8371 8618 8458 3243 5632 3006 8552 2567 1457 6318 7091 4276 26 6053 9693 2002 5389 6744 2308 1031 9179 3760 4843 5122 721 3454 5877 4815 
7485 8978 4459 4317 5357 5534 4221 7321 4910 1868 5688 8212 757 6967 12 4912 2114 9955 7057 5996 8326 7065 6608 7037 
9956 8474 9367 9335 3108 8877 417 3780 3913 1593 7320 7839 2877 7313 8875 4793 5067 6776 8625 4354 3256 4928 6466 9381 9082 9110 6878 6062 7958 7258 3671 994 6164 682 4864 7087 5831 9328 2087 1321 5660 3907 9448 1274 700 8435 9263 7088 
5243 9891 9005 6070 8002 9123 4672 7277 3054 4958 4839 3709 9703 6464 6071 6083 3561 6936 5445 4994 7764 1287 9965 1736 8199 5863 1497 1495 8364 9478 7919 5013 5561 4188 8842 7849 9827 9569 8009 3232 4018 8089 7643 
8436 2436 5224 9041 7359 5014 7793 4984 8807 7095 5091 5904 1249 1450 6365 568 4855 6938 6297 7824 7076 1196 9226 1264 8437 6721 420 7874 1623 3597 8597 5825 8303 9260 5238 7005 2371 7325 8390 5095 9340 8315 606 8663 9932 9357 6661 5457 1112 8005 8621 3742 7814 8136 5362 6000 
2507 9933 4858 705 2947 4607 2264 2380 925 8082 515 8855 8859 3031 8393 2977 3244 
9995 4932 3859 9563 3804 3481 4507 6147 5681 8650 9936 7296 8753 6145 8091 8912 3483 
388 6612 8272 33 6321 8234 6855 889 8312 1754 7482 8785 2483 4425 3533 1517 2225 9908 8667 5752 
2735 6959 8960 6456 9301 9287 2914 8446 2681 1969 9393 8422 9988 5881 6309 5610 9306 6789 5541 8979 6867 257 1037 9687 2157 1033 4503 
450 3355 4529 1442 7728 3331 7443 8720 8990 6924 7626 1718 9874 8827 6155 1728 5055 9879 8871 5820 6156 5714 8072 8965 1146 3328 6591 5640 7518 
4983 9402 7937 6392 9776 8764 6049 6882 9269 9240 5415 7610 9532 4417 2398 683 6217 6822 6640 8637 3499 1304 8821 4205 5627 1061 6051 3081 9581 9754 3071 3571 9040 8975 5651 9244 8913 
1628 6679 8126 1589 7506 9490 4054 3466 5951 3603 3246 1342 1463 5680 4090 3546 6316 2373 8744 
332 2519 6676 9576 3477 9680 5137 7781 2757 5334 7594 9459 2714 9742 2668 1605 1439 5072 8732 9019 5333 497 5826 
8408 9793 7960 9429 1647 9948 9508 9921 104 9737 
6027 4560 4866 9513 2082 2568 9360 6566 9993 9884 6327 5607 9825 9312 471 4628 1696 4282 5726 5030 9579 7273 645 4894 6585 9997 9533 9122 2740 7454 9107 1050 8391 5957 4267 
875 7502 3590 3332 7254 5078 361 3751 1312 8120 8207 1487 1482 9829 9292 4562 3754 2514 
234 3413 5355 675 3314 6384 5487 
5355 6201 154 6768 4832 9501 8997 
2401 2475 4544 9189 6299 9841 6883 9753 2259 9535 45 4231 6949 1684 5745 7203 
1162 6427 5608 5406 9712 9440 3981 7673 9665 4215 5636 424 6045 2136 968 8125 9672 7778 9315 7066 9397 1788 4729 4326 9831 7072 9143 7886 5059 8494 9846 9297 8289 
5349 6560 2973 8231 2334 8373 5781 5056 2283 2934 5335 3204 6398 6163 
2881 3104 5540 5279 2676 6593 2556 
2477 1956 2180 6987 3395 2425 5919 9843 7002 5926 6629 5128 3682 8274 5123 1278 
7475 7194 534 5936 3135 2110 7257 6957 7813 3060 3812 2047 6769 4116 6671 680 9733 9851 6702 5241 708 7763 3749 3592 5082 8946 6806 4731 4999 9485 3579 348 2281 2886 5611 8499 6801 9548 3837 662 7098 5439 4851 7721 8283 8286 1815 6013 6800 9632 2217 7513 9096 3821 3633 7131 1459 5231 7883 1764 
4306 7962 2201 1000 1505 5664 9538 6012 8548 6689 3289 8139 8184 5598 7139 5802 8216 
2253 3396 8596 1254 1649 6898 6377 9767 9722 2397 9773 9436 9853 4300 6980 6519 524 8343 2960 9907 1858 6808 4771 9899 90 8936 8063 7898 299 5317 6513 9633 691 
5503 4125 9979 5185 2315 6481 902 8790 3836 7385 1142 789 
7453 1172 2868 6686 5188 7701 8429 5725 5269 8670 2708 6356 242 2310 
4840 5964 1 6210 7048 1043 7737 1663 5833 6183 7038 
7284 63 455 4924 2478 810 8399 6244 8934 4706 8754 2062 6011 4160 3984 6273 9378 9031 5157 4064 7515 1537 6428 322 7035 
8275 7829 7173 6457 7982 
1941 3628 85 212 7282 2221 6533 292 6956 5834 2093 1227 6033 4710 4487 
6198 8542 7708 4102 9049 4985 9805 703 7499 3776 3154 2900 5063 8024 7162 5303 
157 1676 9256 4289 
978 
9088 491 6899 1506 5179 3114 5653 8680 9929 7008 8406 4009 917 7231 5564 4977 8345 2827 6479 3436 9526 853 8894 8179 4794 9196 6877 9409 4923 3795 6971 3113 9752 5212 5978 8336 9413 5748 8609 942 3667 4470 1694 2058 
2097 
1362 7431 
3989 1683 8433 8980 3678 9856 9089 2250 4704 8518 9126 3884 8761 4308 1772 9114 1483 2919 7387 4147 2020 2155 1474 5940 4136 6678 4556 8079 270 7702 5551 8008 8819 1936 8417 5418 1387 7109 5800 8657 9517 5456 5995 8674 8849 3757 3087 5873 8963 3620 6820 5479 1375 6307 8267 6603 7688 5393 7304 8983 8129 
2291 6691 
6770 3315 
7545 3777 5913 3306 7706 6760 7811 5933 7225 7128 9228 3032 5385 9150 7652 9081 1706 2826 
3423 1747 
7754 1891 
125 
4396 1097 7326 4044 4140 6143 7838 9047 3698 9135 9850 8714 9898 3327 2930 7971 5629 4483 8970 9452 3147 9613 9358 8920 8453 6353 7593 2549 173 3197 7843 9611 2548 9653 8410 9638 770 4975 8919 8806 5509 5261 2101 9984 7955 923 3765 
6590 4746 8088 1223 6627 5593 5652 3063 9054 6985 1603 4804 8824 5346 7532 9395 2635 2584 1632 5648 9946 5490 7434 9860 9252 8868 9042 7328 8737 4055 8351 8296 7851 6484 6498 3228 3675 220 1928 3464 2505 7844 7661 2916 1291 7397 2200 2013 7388 9277 7240 8313 4921 1599 385 7389 9435 8304 9876 
335 711 8238 9912 9992 8452 8999 7752 3325 4863 9274 9271 3486 8675 1318 518 9035 1206 5713 7356 5498 1888 7704 8426 7943 5437 993 7455 1479 3865 9938 880 2175 3815 4621 5793 
5079 9944 
5158 9079 9509 2102 8100 8682 6942 7481 7830 7735 2091 7897 4512 2867 2630 8987 6076 8974 4082 2582 9621 1039 9816 9504 9882 5779 7378 7305 6873 1967 373 873 535 1298 2271 5431 8654 1060 9922 8733 2456 2421 3252 1766 4249 8549 1949 920 7298 
4123 4789 9291 1422 7840 3102 9566 9235 7233 8292 8370 9482 5018 7412 9545 3916 7995 6232 9808 9141 6229 956 7092 3284 197 396 
589 2218 5114 9238 8054 7322 4511 2768 7939 1345 4919 8368 8533 8056 7052 8057 161 8060 5377 7343 637 
9729 9267 1937 3146 8448 6444 5084 9935 8070 9210 3025 7 9030 6489 8236 4663 7709 8947 8529 9417 4677 8838 7111 8263 10 9668 8287 1225 3716 2071 7613 4385 4720 6824 9155 3040 7459 421 5035 5086 7762 3504 8170 57 5051 4785 3532 92 7618 5867 9021 1763 2806 1616 
9309 6639 8914 9527 7564 116 2372 696 2534 2587 9257 9782 9661 6256 983 5411 1399 6859 9994 2965 9857 4315 773 2860 5151 5733 9561 2839 9529 5849 2119 6881 785 9544 4594 1955 9423 1417 3732 9498 2209 8923 3556 7689 8647 623 4737 9282 7516 3426 8579 4377 4805 2105 4968 
5422 8150 5087 7419 5911 7096 9811 981 7805 3881 819 1567 3774 8225 6815 9373 9337 1441 9871 2266 9951 2059 9574 6046 5042 7212 5283 8363 9663 2131 6122 9534 391 1325 9 4569 4171 28 6227 8155 4756 1429 9279 8432 7766 6641 3275 8817 
4345 9462 2985 9674 7809 8604 9461 9896 6931 4263 8911 1963 3445 5290 4883 8616 3567 6258 6667 1874 7530 5308 9710 9350 3522 6474 9097 2976 9284 
1184 5880 6175 9427 9748 8116 8759 8653 3722 6672 
6930 7268 109 5240 3847 5325 8531 4335 9795 7732 9432 5107 
9443 4553 7249 1259 3008 7102 2132 438 9567 6329 8384 1642 6151 8976 5925 1986 2158 300 3558 7559 5599 6308 624 690 7659 3536 9412 
9059 
2301 3747 2843 9732 269 4904 4006 5504 6729 193 6823 6439 7668 3456 
8917 1446 9523 5135 5942 9683 7872 864 4338 3267 9834 8266 9105 6988 440 1712 9251 4180 8469 7183 7549 8756 687 5679 9765 4692 7956 8736 8471 9100 1866 4538 9920 37 6263 7681 2133 1872 3574 3341 5378 9094 5600 9098 6653 5407 6192 9119 9247 7504 6126 5818 
4782 9828 5168 8534 1391 8480 4906 5109 8676 8598 1835 3631 3324 2824 8142 1141 6842 7819 5075 7474 474 4941 99 9652 5609 9113 9916 3412 4990 9830 8278 498 9877 7119 9568 4536 9242 1775 8483 6288 8042 9195 8784 7957 5427 9724 2120 3799 8750 7827 7773 9467 7871 4767 5853 9597 8196 3944 4437 
7785 9784 9560 7855 6921 7207 8099 9906 538 1394 8688 3604 2678 5190 5757 8232 9525 1958 4908 648 5738 112 8513 4852 364 7520 1873 4632 2418 8224 8416 5023 5414 5367 9086 7470 7635 8530 8514 4486 4245 6179 32 3991 5808 8809 3160 9554 2961 7894 9368 8288 8359 7585 4637 2781 9692 9556 3124 
7876 8515 7094 8311 4898 8442 3471 1209 3045 5467 3513 762 9999 6196 1114 9547 6543 6741 
7353 480 414 3988 740 9881 4938 7033 1083 7463 3956 6293 9437 1175 8730 2066 8881 4880 9057 1035 2808 8661 207 5690 8067 2971 5341 
5974 1837 9590 2571 4625 1309 8475 788 3578 6761 1496 6539 9582 574 7682 9945 8660 9521 7317 4753 6903 5895 3145 
8944 4713 8988 9606 9602 9294 9061 6752 2872 260 2186 8651 6415 5152 8158 6754 9134 2154 5143 8305 4324 8233 9387 9953 4168 8939 1101 8506 9913 4161 6626 8508 8765 7861 3421 3762 6978 2577 6717 612 
9802 7595 7984 9466 8896 6732 2454 1924 5324 9883 9468 1229 2041 7020 8757 9705 1883 8202 7223 9176 2506 8078 362 118 9124 8699 2921 8763 2214 
7914 9719 8462 9702 9375 2876 126 5628 3245 5941 3292 3176 7929 8867 8775 3496 432 6109 900 5883 1370 6241 9947 6160 9265 3073 3810 6917 1999 5861 7126 4780 3871 5574 6442 9644 999 9905 7599 1882 8780 6352 8444 7107 9926 5024 6248 3109 9108 9220 1795 9091 484 3095 9370 5369 3388 9070 
7818 7075 2917 9273 5988 8792 8414 8117 8237 5360 8300 3849 7792 4092 8774 5753 285 311 8411 7159 9345 8254 9158 7409 5443 9473 5318 4259 6020 9759 4554 8502 4058 8961 6087 8242 4701 7116 5747 8922 1016 6017 7724 3982 7023 9180 1693 8321 2981 1102 7517 1251 7105 9465 7169 9475 5854 7566 2799 3137 2330 8557 9024 5172 8043 9996 288 
9093 401 909 9728 2355 7155 6099 9116 8623 9392 3366 2653 5511 8152 8227 7250 7771 8619 556 4961 8729 4268 609 372 6391 1164 
6848 3535 935 950 1147 8779 7810 5669 9073 
8204 3115 7058 8601 9821 3753 9530 8613 5510 6492 8642 9499 9774 442 4225 9469 6568 3975 
9839 7767 9980 8374 6254 6558 9511 9424 9323 3435 2737 1770 9162 2353 3116 9166 7747 9798 7167 4619 766 4265 7170 2278 3050 9193 5956 6994 330 1509 158 982 3593 6928 9854 9584 5338 9596 8787 3200 7468 8874 8860 7624 2056 3612 5631 5741 1127 4474 4570 8646 
6628 9391 8425 7967 8080 7932 9218 2941 7637 6887 6680 8405 4497 8083 3976 6644 8707 3394 7435 694 5991 9342 7193 8800 5433 7698 5499 41 9449 7972 2705 4153 5924 2011 4930 3233 4111 2964 9112 8921 5579 8308 8550 8890 4424 8352 4146 7424 8766 6038 5225 
3378 3404 6790 735 8638 9966 
4353 5661 1025 7398 6246 2303 3105 8006 3802 5045 261 
9048 4646 9039 5982 2572 4878 5002 8113 252 8235 8710 7090 7848 7339 9688 7121 7533 1661 9875 7150 831 9170 3384 3882 2786 1525 9787 9104 9840 8151 7426 4469 8114 1005 8357 4348 6724 8708 8572 
1224 9861 2123 5003 1382 331 7617 1553 8519 266 4801 7047 9336 3498 3826 8615 600 9622 5901 6740 4725 9167 1493 8672 4867 9842 6764 1932 4699 3552 8574 6795 5337 9878 5011 8576 5704 4833 3290 4491 9090 9008 9333 1049 
1473 9398 8563 4652 7365 8892 5573 8614 9914 1618 9209 741 5850 2963 8520 9355 6385 8551 9293 72 8591 9076 8382 8331 2282 9819 4513 7368 7184 952 8820 6945 3848 143 3706 663 601 1026 9593 7949 4210 5196 
2407 9600 
8188 7852 2034 5786 6613 3457 2540 4386 7896 7009 6981 6709 3618 3199 5486 8189 3951 
4031 5115 1456 5222 4591 1503 3809 9011 6528 6239 1461 5604 
9464 9304 5233 4514 1297 1604 6366 355 16 6974 5658 2329 9074 3151 5034 732 
3832 1697 6507 8456 6890 5388 2138 1620 7746 7969 6423 6508 6238 3862 4061 8853 6896 
3930 3696 9133 5623 4528 9610 3798 8468 7136 9329 4397 8262 9194 9164 
4669 6368 5837 1328 3189 619 2758 7100 1105 6247 7865 3269 
3650 3089 1687 4362 4314 1964 6520 6525 4827 9757 6277 
9198 8564 6682 8823 9930 9280 8295 3106 5921 1796 4913 3557 
9177 4446 9960 
2000 2791 7672 1263 9264 9660 6900 1940 2240 2837 971 7238 5954 9923 6922 
7892 
8473 1261 4088 8862 3044 3473 7253 3208 948 1295 6966 6879 1507 1688 9520 7039 
4559 9627 3992 4351 106 1055 3591 7168 883 4940 2982 
7569 5932 7283 3505 2079 9647 1556 3123 5220 3995 8959 9725 4237 6112 2581 4103 4657 7924 
8016 2471 5963 1302 7711 4947 924 7067 1488 1481 4563 1414 1847 
8659 8250 7456 2785 9682 9266 6290 5010 5810 888 2727 718 5302 8957 2911 6322 1353 4598 5736 7300 903 6934 828 4416 4693 7700 6136 7697 8248 453 186 9937 1279 5832 1881 
71 3953 6438 5979 7406 6720 9470 8465 8594 
8891 9332 9197 921 6343 6624 9203 
9354 5876 5587 5520 8826 2145 3149 6599 4885 
8166 835 1913 7666 9756 2312 6445 5526 9892 2638 9204 5244 4735 9053 4758 3385 987 3781 9887 5262 9299 9224 3420 7472 9171 9691 8280 5397 4480 7394 3879 9755 9223 5784 9866 9344 8900 4443 1981 9183 4286 
9121 8146 8215 8643 
1214 9963 7362 9072 7961 
280 4842 7334 4711 489 3680 6447 4889 671 381 4065 
8121 9990 7335 7987 3931 5908 
5228 8791 8061 2204 
7623 9608 5762 
4248 6646 1756 6863 9536 5533 8165 
7217 2188 1867 1067 4992 5693 8878 7280 4523 1897 747 803 722 
5285 66 4016 
9572 4848 6846 
5274 8 
3368 5790 8218 2322 23 
2801 
9642 
