9839 8998 7380 1865 8997 5309 1215 8107 9962 1726 5702 5434 9087 4969 6599 9084 487 1655 9190 616 2630 5626 9818 9985 5170 2667 8738 8894 9950 7051 8030 289 9409 654 81 5433 5303 6983 3711 8419 3195 5596 9638 5705 5525 4007 9846 3448 2948 
3274 5206 
12 6836 2343 
1886 713 2462 4274 1149 3226 1438 
6064 5248 5213 3243 356 245 
5224 3643 5272 2242 1269 1639 6981 1358 6744 4980 
7923 5838 8983 
181 7675 4010 7858 6514 9911 8463 2780 1692 9776 5452 4810 6865 7387 6887 8957 6670 4900 3979 8952 8864 4692 2276 66 7856 7250 4264 6943 8219 4531 8681 9469 9766 3284 5913 7377 5140 1943 5479 9541 2396 5219 1127 9522 3759 
5647 6832 9828 7344 6646 9680 8002 171 4906 7728 2775 9390 8235 6099 1552 5358 8076 2748 1441 7288 6758 8705 6054 8360 2625 6431 3319 9083 9955 83 357 5641 9076 2913 9289 5089 8658 9321 1189 1222 1633 2888 4907 9255 6835 8579 6618 1513 8465 3600 
6660 5567 3119 3636 3457 2762 6763 4468 8951 1733 799 7967 9323 2717 3780 88 4456 4481 9068 1836 8774 5436 9248 7159 9137 8077 9730 6699 3399 9739 1752 7358 8819 7305 3431 4765 4473 5863 9229 6282 8727 1658 9328 9056 8948 8057 5828 7941 1464 7952 4390 3708 6203 7088 
5847 5227 4920 2436 7471 5935 6991 4464 7302 1347 9331 2117 8682 8110 6942 4634 3851 9329 1001 230 381 1759 9914 8292 8266 915 1614 8014 4484 1243 8373 9134 7590 2335 5795 77 2272 7484 2653 6188 8926 7111 5151 9148 2261 4432 7378 8551 2416 9971 9610 7116 8055 3000 2302 6222 9893 8424 9625 2378 7965 2108 7972 2325 9926 19 9889 3762 3688 7376 9800 1062 4037 1853 2538 
3101 4781 7430 9789 1926 6572 3018 9801 7532 1318 3538 364 6199 9387 4824 6663 5019 5631 4759 6896 
6475 9384 9585 9103 9405 2100 5633 7617 5744 4716 9203 
9916 7214 8613 8144 8991 9212 8695 8599 6971 
2891 1875 3908 4847 5068 5160 1186 1521 6178 5970 8185 2665 2228 6765 198 9959 9439 1284 5075 5346 7316 4663 7935 8987 9305 8956 9216 9781 2656 8564 498 3313 7508 7487 5249 3856 6797 9787 3792 8619 9840 7139 9094 3726 7782 1434 6314 8674 6700 7996 9372 8718 2265 7554 9918 9866 7438 7820 1401 2861 9640 3758 4035 9628 2804 8403 1811 115 460 4299 1161 4566 
2194 1266 9133 6938 8673 1647 6323 3450 7161 3866 6024 1560 5690 9987 9473 7653 4194 156 
2229 91 8427 3224 6658 6423 4604 3588 5045 8597 5044 5531 4527 7917 4862 3984 3689 3633 8352 
984 9028 8895 7527 9140 9324 2954 5564 6748 6995 9352 1200 7492 7674 6764 4055 7940 9144 6817 5456 6396 8277 3311 5028 9107 5117 124 
9859 9817 8811 9539 7067 6847 3816 193 9621 6664 9184 7058 4442 4543 5141 8543 2377 9751 8376 2411 9378 7448 3091 7896 4373 2728 7037 
9863 2691 2290 3159 5985 5948 4889 6573 7897 9030 4967 6339 4988 2965 9536 8254 9490 4711 5973 8884 7978 1531 4112 7337 6053 2800 7860 8936 5043 9700 554 2310 
8648 6393 9454 9159 1849 9443 1656 2606 7228 8082 7117 9555 8496 9438 9704 9566 7938 7453 7713 9753 6924 9436 436 2770 3835 6479 2457 4492 2286 7412 3680 613 6690 8862 3092 9111 7357 4050 8358 9919 535 1858 2852 7786 6939 8925 9460 6862 8524 2158 8733 6775 2437 7723 663 7307 8356 4189 3934 4244 853 9008 9519 
2924 4069 6898 5340 9906 764 9756 5194 6892 5211 7445 9923 6976 8829 7988 2525 1257 3729 9693 6785 9119 8274 2863 2724 
8678 6933 9615 6420 7865 970 5319 2500 7562 3602 9858 8387 3695 8794 9029 8410 4216 2243 7054 5862 5136 
6319 9784 7419 538 769 5034 725 8851 9963 4839 4963 6630 9794 7744 8279 5955 8812 9122 6013 6948 6133 8378 9160 7802 5729 8843 6116 1842 8377 
1093 278 2784 3317 9237 2116 4080 2715 1773 1634 5573 5144 2139 
6523 6202 906 8122 2094 8518 5816 2776 9424 1529 6679 5440 9667 61 6415 5149 474 7490 6402 6518 9622 2818 9529 2986 7354 9506 3768 6442 8502 2022 8684 2470 3990 9051 556 7771 7439 9428 6015 7561 441 8923 7468 9755 3378 782 4374 7821 6311 9130 93 8788 7526 1153 
1724 2009 5042 4507 379 8602 6633 3900 7667 2828 1295 5998 2517 6543 4234 
9095 9225 9307 2643 4957 3386 9312 9697 8519 3173 4196 8675 9437 5570 848 5356 4136 508 7981 2152 9895 7300 6740 4467 9141 6169 1691 3467 6786 2365 3096 3439 660 3375 5873 2342 9019 9465 9386 5162 9020 6499 1749 1981 4470 1953 6651 8817 8913 
9995 9821 9616 4159 6061 1577 1781 2367 3945 9719 8096 5255 7611 9825 3141 7063 2869 3353 5515 4039 8438 9166 1848 6754 6289 2389 518 5799 501 6219 6825 9452 5391 987 9100 4381 1367 9007 7318 9457 7464 8515 9537 6710 3075 9792 5579 3582 1125 519 8313 2997 4460 7131 5842 7732 5487 1876 
8978 7990 7053 9313 3968 1194 8133 1226 6652 5738 500 314 9915 3031 8271 4045 4030 1482 7282 122 9901 6982 3128 8121 1106 298 2830 9434 9868 9154 8357 5065 3638 2017 4414 6195 846 
7488 5958 2545 7019 4302 9220 6346 1486 3003 9631 1204 6419 9713 2779 5421 306 
1699 4782 2210 3539 2321 23 3267 3318 3332 9933 8019 8934 9990 8239 9082 9568 3463 8897 3152 2524 6724 1797 
6080 4182 6298 6711 9887 1501 9200 139 8494 
2756 9768 3720 8612 9218 74 5548 9835 4870 5823 6357 791 7482 6261 7202 6114 4461 1698 1461 2060 1135 
6830 839 1140 3870 429 9358 4014 3572 602 
6623 8568 9129 1709 2767 6571 4611 6305 8644 6077 4651 5267 1450 8221 
6205 1977 9572 8408 4344 8930 7415 4890 6128 5069 9086 1283 2840 1789 8832 159 9121 9001 8129 
7262 7475 2742 7309 1091 5868 5153 6534 5058 1919 4253 9474 3258 8589 8300 7452 3181 4022 3872 4673 6215 9688 6904 4976 904 7760 710 4880 2968 69 9559 5008 5209 2178 59 2079 3549 637 1225 4555 4121 9783 6958 2623 4458 8108 274 5409 7437 8654 7401 8770 9581 606 4681 7129 1420 9657 9127 8009 532 9786 267 5655 5867 5204 
9833 9273 6236 5275 2835 7303 658 9365 6782 4665 4675 8431 7620 6954 1833 9853 7140 8026 8700 5901 579 9483 3587 2341 9758 6390 7293 1706 6771 7811 9078 8060 9925 8697 2806 
8183 7391 4608 6142 2027 5915 4656 2844 7062 9767 3936 575 6611 7192 7842 7497 8631 712 2298 786 3561 7921 8273 9594 6807 4677 3658 6917 1605 3004 9869 7600 6209 4594 6268 7153 8248 551 8186 8444 6626 8893 408 7530 9620 7886 5694 2128 9647 7970 9499 29 8721 4674 755 6992 5496 8989 2577 9492 7568 5768 4434 
2184 9746 7295 9676 5502 3625 871 5814 3324 8583 1906 6997 3379 4723 8555 9745 1957 3594 8217 1804 8517 1079 113 935 4328 5714 3700 3464 6337 3620 3481 5320 6814 5952 8447 1378 
9570 3333 4027 8641 7950 5497 2599 3180 7931 3839 5495 9002 2173 866 8570 4376 1396 
5020 176 8636 5928 4523 2349 2132 202 2258 7892 8167 9186 1822 4807 7098 3652 7749 5352 7285 1874 3725 4466 9314 9538 5286 9618 681 7396 3532 2137 5344 448 8013 
2030 3702 9709 4704 1564 8556 3497 5530 838 4287 5330 8389 3917 8814 4430 3213 3809 4941 9407 3970 2322 9246 9412 4079 9197 6174 9146 8253 1954 8624 4494 8954 2339 7701 7227 4533 9957 8529 
9904 1952 9357 3167 110 9049 7425 6467 6395 9271 6864 1012 
754 9712 2181 423 5444 2648 4600 8868 2516 3871 5283 7094 9062 8671 9072 7598 6674 1017 9596 3138 1717 2399 8339 3504 5514 9910 6610 1674 5455 
5278 7400 5698 9077 231 7135 4672 6803 5553 4926 6056 2374 4145 133 8247 7900 9206 1144 7626 4619 4852 9808 1240 9298 9573 1163 3514 4775 7035 
7123 9873 5588 7326 1782 9227 9949 1551 6144 7964 9219 5300 6253 5688 9661 6842 9135 9240 8220 4202 5453 3266 6335 5735 7885 8717 5402 1681 7351 775 4962 5917 8062 8413 596 1110 2295 9908 4767 9182 8853 8885 3644 
9063 5572 6187 5691 8414 9343 5074 7247 9283 1939 8209 9760 9276 9341 965 7702 5855 8363 7593 1621 9705 5800 4190 4408 9018 8291 6194 9223 8660 9607 9181 9820 7269 1195 5848 9011 1978 7660 
7893 8452 6026 7204 9346 507 7466 6769 5696 7791 24 1843 4537 9258 8397 4041 2808 7663 4205 3552 8790 6727 4925 4836 3458 6028 
2267 312 8768 3217 3250 4013 3391 4100 
6668 1744 5092 7703 9619 
8433 9453 6533 2684 9367 9586 6723 4147 7640 9230 5033 6121 9385 5238 8316 6833 5370 8396 4043 
9978 9348 5503 9617 8680 5350 7633 5313 3774 7797 7505 9477 7632 98 3622 546 9943 8299 6793 6746 99 1871 1661 8034 9259 7276 2543 9695 9997 5288 9974 8662 9819 9824 9976 7184 6082 8116 5081 4495 7398 1701 5110 5182 7944 8190 9463 
1940 512 531 6230 9399 549 2847 6840 8087 4828 7381 5817 9854 5221 6059 7517 4243 2356 1672 376 7835 8089 8027 
3021 9986 
5991 3206 
2846 4965 108 6649 60 2309 8740 3038 1406 8741 1237 2118 8737 6927 7514 8191 476 9569 6413 
9402 6756 1156 6257 8260 8189 7460 5297 2550 6587 2858 5674 8976 1568 8010 761 10000 8308 5949 3001 5150 7687 2896 
2375 5967 4333 4411 9524 9956 4431 4362 717 7450 2597 5383 3407 2871 7920 
7974 3858 6018 3641 2088 1370 7442 413 4749 4266 5678 5561 8572 
7441 7003 7836 3832 8177 1103 8549 5393 
52 2807 1185 5934 989 8892 1402 2716 995 4002 
8398 7013 5911 3245 5684 8123 8729 8402 7518 
5061 586 8169 8337 1931 6806 5614 8105 1975 9774 4209 8342 8285 7945 5976 2988 279 1440 
3430 2074 6259 5972 5506 2480 9775 3428 6498 4258 8866 9924 990 7055 5483 
6657 5476 9158 3188 4585 7570 4583 2626 8722 8513 3712 
1334 4024 3367 4592 2340 334 5345 7587 8850 7778 1594 2909 5897 9797 3443 5997 9098 2354 6414 9025 6025 6894 8246 1612 
7200 9263 8087 9274 7748 2877 
8228 7891 9826 3182 8974 96 9420 2284 4588 
7693 8799 
5285 5171 4149 218 9682 4340 8915 4285 2076 5558 595 5246 3698 9113 1746 
5721 2945 1654 7105 9578 692 1390 9593 2023 
5758 9406 9577 7429 4741 6738 8048 7556 8778 9692 7751 
5610 2021 8550 1644 541 3027 
7815 273 620 
4626 4419 8945 4497 4260 
2908 
3423 
869 
3025 
2564 5790 6425 6162 7762 1451 3617 57 6516 2820 9210 5746 4004 
4654 3570 
483 
1248 9560 7694 9738 9599 4789 8404 8157 8562 9163 9935 9993 2224 5607 5133 9996 4595 7805 7203 8854 7102 1850 5006 9894 3657 8617 6838 8104 3308 2121 2025 1984 9773 9165 4806 3136 7168 189 6488 3957 4440 4181 7859 5853 3445 6495 8961 9862 1640 2097 7045 9242 7476 2430 8994 2547 5798 5517 8346 6094 4509 4085 2641 3083 6602 4593 7871 2084 8622 3281 
4897 8789 7245 2403 3612 78 
8882 9088 9576 3666 8025 6237 5256 9459 8380 6176 8870 8004 1671 9361 7730 5304 7006 8574 9762 5021 3304 9960 7397 7580 8052 6284 7489 6547 6428 
8917 6778 1224 5371 8748 5179 6106 4347 6129 4224 9890 8175 3508 9257 6925 8977 9194 8544 3718 3368 4313 1025 4386 7825 5234 4520 9226 1519 8479 7115 38 6821 2987 8281 9505 5518 2402 7503 2729 6734 9180 7091 2072 9192 7089 7064 9975 5188 6912 679 8734 3890 4178 7294 
9128 3133 4042 2484 7382 2789 3988 5667 7595 570 8846 6852 9588 5430 9243 6960 7042 5636 6434 1241 214 9855 5404 647 2420 2169 865 8981 8548 9290 8345 4655 8881 4462 9983 4725 5612 5843 5189 2269 3691 4054 5432 8918 9686 9408 4590 3478 6999 6167 9939 2712 1714 1983 8984 7619 9941 2168 6986 
4275 9101 5207 9696 7044 7126 8050 9306 6304 3107 6961 1361 9749 625 6375 7197 6858 4534 7163 686 7474 2188 9892 9496 6231 4850 2294 2528 4499 5222 4892 9913 9844 7267 2758 8878 9516 9318 9852 2669 4739 1473 9992 9811 4953 986 9994 2428 2408 7783 3528 8400 7266 2705 8593 9247 7041 545 668 6139 8436 9861 7984 9731 4292 4882 4709 8195 8825 9672 5713 5622 6385 9512 3860 8909 4562 3400 9831 7671 9464 243 8759 8435 2647 
5038 1380 9717 5932 1182 9891 7895 4518 5740 4107 9721 9074 5342 477 7416 5368 2556 291 6619 4888 2404 6404 5379 8472 8782 1538 7409 4312 9651 7017 9592 8762 4894 7677 4987 2382 8857 2739 9777 3918 5036 2358 9195 3410 4901 8973 6476 8797 5009 1586 2675 822 9232 7279 8621 5929 3342 
4950 3238 5919 1143 9204 4550 2607 1448 9481 3562 1515 5441 2738 3846 3541 
7191 9250 6643 8980 50 9291 1247 8539 3032 8598 8867 5474 7807 7992 4960 6152 4539 1228 8148 7823 5986 5715 5191 6134 7371 1768 155 7880 2956 8327 4213 9977 9832 9764 8907 9202 1739 3469 7068 5666 2859 9799 6380 8839 9097 7846 5489 3010 9244 2561 
7399 7496 8102 2925 1136 4639 540 8567 169 2166 2050 
9208 9382 3045 7927 2542 6955 8322 9580 3296 6788 938 3265 5922 3178 1039 2251 6312 635 2073 8276 2344 9714 3051 1481 2736 8924 7239 5212 2271 9790 1579 3487 795 7833 6666 3042 
9079 9187 6850 6874 7735 674 8879 5709 2352 6818 8875 7046 3398 2575 3520 114 4105 5780 368 976 8527 4269 6539 9175 4991 8657 9217 6526 8211 4662 9885 8605 9340 1169 3960 6916 9595 9433 4384 5516 1113 7936 6984 8258 184 2422 
1965 154 7112 3415 6517 8480 5270 5750 7873 9684 3108 7348 3807 6561 9665 1695 3611 5810 7971 5931 177 6913 2486 6678 8498 6060 5273 9388 1335 6022 7834 2318 3384 2048 9488 7341 9080 9471 9484 941 4207 4241 7146 9058 8780 9927 9737 8732 946 1916 2467 6325 4090 8205 922 6150 1595 1964 6575 9973 6183 4336 394 
9650 9458 
9735 9509 
9729 
8632 8507 9648 1624 8504 9856 8374 5208 7237 8559 8525 6023 7989 3604 4193 742 8656 6085 7495 1220 8653 8709 4199 7183 9989 9988 8049 9057 8706 4620 5774 9823 4893 7954 4933 7613 4942 2916 8106 632 7124 4348 9546 4222 8163 7973 1825 2937 1329 
8761 8417 
6251 9085 
8950 701 7612 3179 4666 4552 7602 2127 5591 8749 5965 7312 1792 9968 
5158 9966 2917 6435 4501 8611 9639 8959 9363 6755 2514 5245 6632 2918 7528 1232 6407 4804 9033 9814 6351 1845 9362 3417 342 8640 9637 7574 6812 4754 9864 972 6180 8858 8649 9564 2429 4011 9285 9877 8668 890 3694 823 3191 4802 7979 9716 1788 7459 7841 404 9754 8902 2347 9448 6804 8584 1239 8610 3598 3627 5354 7195 2652 5895 7622 
4762 138 2723 4742 4459 8541 9876 7813 7500 8198 7752 7289 489 7832 9374 3849 6421 5229 2879 9507 6287 3927 8029 5743 9035 9985 8312 6073 7367 8305 5703 3624 4095 6876 4800 608 7837 7882 8642 9023 7625 6328 
8319 9813 6860 3864 7201 5173 8676 886 7736 151 6303 9796 3830 7817 7932 953 5324 6201 9930 5651 7616 7939 9804 4361 2900 3810 11 576 9383 3818 4633 6092 3111 9920 4823 9071 4175 6861 7206 9656 3057 2796 1430 3279 1376 6669 9322 5269 743 2732 4966 9073 771 6975 3642 
7311 4291 9504 8578 345 3662 7986 9319 1771 3383 9752 8340 5788 2235 3126 9316 8020 4587 8429 7658 9641 5050 7465 5093 9734 9356 7870 7541 9381 9299 1955 1458 1910 9334 3938 8942 1854 8655 9635 8032 7830 8252 7539 843 5016 9295 1188 9582 7721 3370 232 5727 7113 9848 2381 7157 7776 9674 8943 2096 2153 1593 7699 361 3117 8037 9543 9302 1824 5294 9380 56 4867 3574 657 5201 6326 
7485 7040 3778 5623 5280 8457 3339 9375 8896 1490 7881 7481 3102 2798 7467 8236 6107 9598 7483 9761 5659 2464 5388 9092 7999 4245 2955 2390 2532 1355 4074 8883 6248 6149 6614 8919 9233 1104 3659 5146 7909 4177 9479 3377 6494 5767 
7426 7710 8490 4734 4184 152 8391 
5416 9096 9771 4805 9579 6272 1518 
3599 9036 6363 4355 7134 3186 9513 6086 5014 9681 8448 792 9489 5450 9698 9183 4788 1336 8516 9720 3214 9254 5299 723 9432 2268 9491 9882 734 6725 9053 1922 7225 9870 4447 1786 6685 9880 4155 1803 2842 5012 8530 1934 7681 6362 247 8459 9780 609 7718 5509 9508 4448 539 7221 9253 1650 2384 9156 4398 3521 5818 4267 
9495 6768 4955 872 4629 4694 8041 9782 9288 9525 8798 4502 8906 1566 3039 2878 8069 9193 3686 5156 6791 1576 2138 7915 9261 9655 6867 3330 3485 9604 1885 5059 4640 9419 3772 7154 9444 9123 7777 9421 
9742 
65 9010 6616 697 800 3132 1393 2749 7350 8908 336 4643 5765 8406 469 8651 5334 8461 6124 234 3823 9532 8353 9763 7190 4934 1923 4454 9970 6593 8701 1718 6901 5722 9865 7480 7422 2650 1273 1653 9494 2130 9972 8665 2371 7093 1857 82 3853 9691 2609 7657 8800 5978 9623 8449 2995 7368 4195 5654 9849 3757 560 8460 9757 
9249 5988 7407 3515 6369 4351 4067 6776 8585 8418 6607 9561 8097 962 5395 5603 1299 6920 8143 8890 4158 3454 
5420 3335 1478 2518 3607 8993 9815 8766 3065 9262 1602 6648 1137 5473 5410 3166 1498 3412 6620 9401 9055 3371 9540 4187 9711 2953 7676 3020 6118 5870 6127 7975 6559 797 6719 2055 5187 1306 9090 6706 6190 3149 6331 9234 
2825 5801 5664 7869 604 5980 4087 4197 5180 9736 5981 8520 4156 4077 5295 4088 6592 5950 2035 9224 8869 5451 587 5048 2196 92 9455 9431 8092 3551 8929 6504 
7297 4746 6665 3678 1252 3434 6625 8698 9606 8889 1123 6480 9591 6409 5165 7872 9897 428 7143 4436 7799 4356 6338 4690 937 7167 9806 2379 6720 7519 7596 8834 8791 6931 9857 8887 6879 9740 8065 8317 6460 2114 4358 3940 9699 6527 1139 5367 7252 5266 1638 4798 3221 3568 2016 6937 633 6181 4171 9632 9634 3321 1864 9723 9091 9589 1460 5326 9708 3971 8434 1014 34 
6123 3526 9104 876 390 
3285 7828 8355 3444 48 9602 6146 2558 8294 8971 4389 6750 8638 4215 6802 5787 9518 9636 2085 8554 5668 324 5565 5661 9905 7912 6795 2853 53 7232 7342 2054 7695 6972 
9117 3943 8474 1424 4668 4747 7132 4162 8443 3461 6050 3997 9608 7758 1663 9126 1868 5492 672 6759 1339 7047 5174 9105 9000 7610 9567 4949 3531 1436 5945 6871 8776 7477 3782 5908 9557 9563 4578 8176 571 6468 7816 7057 7002 1132 2834 1859 288 5951 7982 4429 8208 7196 6964 1819 445 7759 1982 573 9157 8115 6717 7504 9234 
8540 3294 8109 9037 2771 9303 639 7259 8652 8024 8803 3887 879 3225 2451 9626 1449 6866 1171 5720 9351 8213 1732 7315 749 5225 
9779 
2438 5001 4935 1245 4482 5697 9171 6372 
8334 1081 9014 896 8686 3242 8100 7277 3743 4738 8712 5737 7995 7327 8392 7764 8263 6512 8332 8847 958 5250 5112 4337 3540 
4859 5969 1013 6055 2307 6148 1282 3298 8859 4693 5399 6267 7073 9493 
5699 8486 7560 8865 6989 4650 3724 3924 8214 329 6200 6998 3577 1016 9430 6228 5071 2782 3459 3646 13 3254 4785 2576 1466 3080 8856 
4881 1549 807 9093 2802 8187 8792 8600 7095 9728 5148 3883 5846 2491 7779 3784 6030 9678 1813 6642 7338 745 6235 6330 940 7831 9727 7780 7690 9769 6437 7983 9342 9191 1489 1547 8426 7599 5663 1710 9627 7689 8724 1385 9031 4922 9715 8162 6728 5380 2662 8747 4744 8466 4120 3390 
6001 8328 7877 1421 7079 8623 8297 8111 3560 5733 1641 3785 7119 8986 6615 9982 6008 5916 5784 1929 
9279 8222 9287 3603 8561 8227 7008 7182 
6743 5646 4567 8744 898 1433 1920 2069 3614 430 
5386 659 2566 1553 4575 7451 7462 8703 8073 7969 6905 9545 148 3189 3722 4778 7330 7217 6154 3928 8127 
9809 9678 3946 2366 
4163 6485 9394 374 94 6851 2588 5662 2003 5152 9395 6313 2814 9371 9860 980 7750 8958 4684 8008 180 8964 4644 3961 9953 1174 6207 2943 9478 447 4059 5582 5783 9521 9659 4146 8329 5802 
4676 8160 6882 6749 9643 6241 664 1410 5761 206 7246 5549 4228 17 8647 5599 1727 5215 8992 7918 7808 
6766 5590 36 8255 8571 
7654 8820 8755 8182 8979 8754 4152 5611 
2751 3794 
5885 6918 3523 8801 6606 3361 4720 6424 6426 406 7304 1872 581 1476 1197 
9327 5077 5676 8807 5665 5577 8818 9660 6693 9898 8805 9798 2672 916 4 7060 4220 8210 9795 8476 9027 911 815 5339 1019 8170 2935 6021 6911 
7854 4722 895 
9679 8347 9397 6221 
9694 4927 3909 6047 9054 7506 3215 8503 3950 
3033 8582 2185 8876 2897 5900 4477 8446 7890 7733 7428 8949 383 3896 3795 8362 6542 6364 8114 7524 2262 9948 3586 7798 1675 
4415 1094 7597 3977 3190 7301 3492 2833 7665 4728 
4944 8382 8139 3277 6941 
9099 1935 1743 1364 7711 1603 
2693 9874 8467 3820 
4331 5037 6536 9690 7985 8006 9878 
6400 7685 7683 4630 
5859 416 2179 
3270 7461 8900 4858 
3731 9725 6839 7198 3787 670 3030 656 
3100 6569 1761 7949 9902 2998 4380 
5961 5145 796 2226 5640 4471 
4983 5605 8580 9571 2838 4930 
7887 8630 6171 8650 3756 8304 5617 
7226 6489 8341 4283 2024 4138 6381 162 2144 928 7993 8237 3994 1535 927 2774 
7174 1613 7929 8967 6365 3813 9461 9834 6454 3629 5312 7727 7719 2718 5311 9646 1114 240 4541 3764 
914 2205 
6601 3476 2555 4636 8813 8441 4357 1742 6525 6185 2386 2454 7152 
149 1254 4521 6895 5881 
2967 241 5384 7907 2044 5741 2463 3046 
5417 2155 5844 3161 6130 9177 
4896 3249 5039 3449 4098 1193 5630 8620 127 967 
3056 2688 1894 8287 2633 5049 3805 6714 8840 3495 
7016 5401 8464 7455 7333 7668 
7332 827 2447 
1944 
8497 
7867 4488 
9369 3829 
9379 2880 5785 
763 
4256 
2126 9724 
5323 320 4329 
1435 
598 7547 
7436 
5316 2208 9470 
4779 
1400 
3303 
9485 
