1537 2197
3878 4914
2611 3805
2123 4662
2071 4483
2092 4978
2644 4551
1375 2954
2248 4783
2968 3540
2344 4792
2689 3322
523 3874
2427 4921
3809 4270
54 2835
783 4797
2092 4752
5 4893
3109 4931
48 4113
2228 4378
3016 4569
2448 4645
3874 4382
581 3250
386 4244
3166 3933
1201 4863
1202 4282
1603 3878
1085 4046
179 4033
111 4752
2071 4935
718 4189
2250 2921
1126 4787
4350 4506
3746 4040
933 3378
1142 4270
2808 4921
3524 4588
4399 4637
2424 4674
3129 4596
3920 4787
1156 4000
2125 4705
4364 4993
4512 4665
4239 4547
4709 4761
130 4931
3365 4983
373 4589
1036 4054
1603 4589
3766 4588
386 4382
3809 3886
2871 4277
2377 3347
1473 4894
137 4512
828 3793
2072 2727
3450 3770
142 4755
4306 4645
3913 4938
4935 4990
1148 3118
2871 4588
1504 4098
2711 4167
771 4783
1951 4871
924 4976
1460 4255
175 4640
2767 4875
1328 4271
4244 4721
2596 4990
2841 2940
4244 4270
3390 4257
3886 4721
768 3381
2039 4991
2808 4935
646 4508
2939 4761
4238 4402
2197 4709
4378 4458
816 1113
765 4089
2625 4458
1126 4986
2954 4797
4931 4935
2134 4990
1017 4586
3590 4713
4614 4936
4213 4219
3450 4643
4271 4938
2955 4832
4174 4596
435 4449
2090 4662
3003 4860
1914 4569
4364 4936
754 1612
4046 4894
4590 4761
2733 3066
4914 4935
520 3963
1761 4417
866 1914
2656 3445
1199 4692
1312 4046
3496 4586
3018 4569
1561 3873
1712 4527
2835 4978
142 3230
3110 4000
2868 3083
3990 4420
3571 4483
1232 4755
1891 4986
66 3492
1053 4507
4005 4990
244 4023
1015 4990
3109 4420
2345 4540
4643 4991
3478 4417
2071 3789
4559 4666
1833 2215
1774 2602
782 1328
2149 3207
2840 3524
331 4219
1587 4483
866 4674
2327 4993
3809 4203
3167 4640
946 4257
732 4722
2803 4863
2017 3254
2020 4713
4637 4893
2017 3031
3504 4996
4785 4902
3045 4588
1000 4148
3378 3687
109 4947
1465 3682
3597 4990
113 4368
992 4483
3727 4590
4023 4935
2939 4637
1439 4860
4167 4931
853 4148
1833 4596
1451 2885
1834 4935
2124 4832
3698 4112
2083 4787
1919 2812
3065 4893
2869 3764
316 4996
408 4840
3913 4672
4643 4674
440 3504
771 4033
1466 4508
2181 3271
2378 4787
537 4685
4914 4976
1437 4845
4112 4239
4590 4893
3018 3083
1017 4947
3254 3706
564 4894
983 4777
2363 3728
3886 4097
3597 4210
1891 4787
2555 3682
3031 4914
3070 4364
3276 4610
732 4894
3616 4271
4148 4267
4277 4382
4187 4935
3496 4947
630 3111
608 3113
860 3597
2090 4797
2695 4695
1498 4089
3254 4692
3793 4777
1767 4665
4757 4785
2089 2835
1085 3973
4174 4893
4417 4643
386 4883
853 2080
3581 4947
4306 4893
3406 3488
1460 2866
3271 4267
2812 3660
2728 4921
2287 4589
4089 4267
4071 4378
2644 4792
2880 4244
3109 3474
4588 4755
992 3952
2247 4752
895 4098
4640 4996
2089 4978
2448 3065
1142 4097
3801 4931
924 4914
3031 4947
4590 4709
1759 4713
4362 4787
3774 4350
1000 1498
1731 4645
2043 4983
630 4098
4167 4282
1097 4936
1617 4097
2290 4666
765 2881
1712 4379
781 3581
315 2089
475 3805
440 2462
1605 1833
787 4860
4848 4894
1497 2840
2600 4883
3342 4713
924 3673
3695 4783
2277 2596
2491 3809
1671 3770
3963 4046
4174 4645
3103 4197
1537 2542
136 4041
373 4777
1974 4936
4589 4701
933 4860
4640 4840
373 498
2695 4674
2793 4506
1442 4777
3990 4589
4614 4993
1375 4986
2090 4409
2382 4902
1113 3809
4420 4931
4409 4662
2881 3073
4270 4721
3590 4029
2080 4883
1126 3167
1549 4005
729 4300
4098 4203
2602 4399
1674 4219
3575 4239
1473 4458
1497 3874
3474 3925
63 4672
3571 4210
1000 2197
3581 4586
2901 4936
4921 4935
4705 4840
1767 3973
3230 3504
1566 4978
578 2611
1442 4883
1886 2615
1088 4306
1410 2039
3806 4721
3581 4983
3787 4705
2228 4840
515 2759
4033 4990
2363 4192
2671 4448
3301 4345
3226 3717
703 4665
1437 4473
3380 4978
3933 4409
3590 4752
3571 4990
2290 3018
2176 4449
3230 4640
3045 4902
3952 4483
903 4589
2277 4935
4255 4645
1179 4071
1466 3793
2419 4448
609 4797
3080 3259
3752 4986
3070 4993
899 3660
3056 4709
15 4409
3065 4761
3920 4986
4551 4863
2448 4761
2215 4637
2542 4098
515 4507
1801 4409
2841 4643
2946 3118
4113 4755
3381 4282
3565 3682
4610 4614
3450 3488
185 3928
3322 3990
3571 4935
2761 3774
3766 4871
2080 3935
2868 4840
3878 3990
2885 4993
3971 4797
4978 4990
3056 4306
3080 4378
4761 4777
3390 3660
2247 3445
1767 4512
3728 4938
3764 4588
2028 4551
3720 4938
3746 4023
2123 4986
2711 3925
828 4871
137 3110
2043 2518
3439 4433
3809 4244
3793 4485
4239 4666
2290 4527
3063 4797
1526 4271
2114 3191
63 4507
1921 4840
4244 4540
4277 4777
33 4777
4672 4938
2231 3739
1834 2134
1561 3766
2419 4148
1612 3235
2386 4362
3378 4449
1148 4434
2114 4976
4863 4875
4170 4203
4189 4936
1153 4986
3137 4507
2176 3687
2644 4875
1001 3933
337 3235
4547 4588
2939 4174
225 3322
924 4701
4551 4845
3920 4797
3445 4350
1940 2940
488 3474
69 1974
4586 4983
4005 4023
530 4695
2377 4666
1834 4990
2604 4417
946 1017
3874 4777
946 3365
758 4506
1198 4345
3510 4848
1612 4978
3761 4588
1746 4434
4449 4860
476 4986
771 4986
1921 2868
2939 4893
1480 4792
4640 4755
1410 3390
3766 4485
3590 3806
3774 4029
498 4701
758 4713
787 2176
1896 2448
4637 4709
3063 4787
3065 4637
2231 4983
2215 4761
4197 4947
4197 4590
2419 4098
907 3540
2648 3137
3322 3673
3907 4761
845 4674
2345 4270
4364 4832
297 4840
2759 3366
3031 4701
3018 4239
4033 4947
421 4860
391 2807
4277 4883
4590 4991
2644 4863
2954 4787
2080 3761
3695 3878
2462 4586
1941 4848
3018 4666
3226 4167
907 1561
3406 3863
4848 4902
4192 4345
4300 4986
3761 4382
2072 4559
754 4282
3540 4189
3963 4902
26 4420
1460 4709
2335 4596
1296 4947
142 4840
4174 4637
2625 2847
4434 4695
649 4674
3717 4167
4306 4637
3137 3366
1491 4448
3913 4978
2226 4596
3016 4559
3113 4588
3971 4507
530 4672
2382 4894
2728 3660
4787 4893
4722 4785
316 2946
1044 4860
4637 4761
3111 4448
1160 3575
3154 4792
2250 3366
2386 4986
3878 4665
4023 4213
3347 4547
614 2989
1656 2017
1746 4705
4239 4569
3720 4662
4192 4685
3264 4935
1566 4938
1561 3278
578 4527
1957 2134
1315 4996
3113 4665
2090 3752
3504 4586
4054 4845
1439 2921
567 1916
900 4978
1990 4832
3496 4991
842 4986
3907 4893
4983 4993
1218 4645
1537 3073
2705 3492
3581 4197
2424 4041
23 2419
1617 4540
3355 4914
581 3928
1439 2522
3381 4931
2685 3191
1237 3045
2751 3540
4197 4983
33 3764
2181 4483
386 4871
2847 4902
4203 4721
3342 3774
567 4936
608 4871
2940 3406
2961 4589
3973 4860
548 4672
1156 4512
1674 4840
2711 3801
2840 4947
3597 3787
460 4986
1921 4113
174 4589
2761 4713
729 4986
1153 4722
3990 4976
2215 4645
622 3616
1712 4559
2952 4167
3873 4871
3113 3973
630 2197
4097 4244
1142 2263
1426 3695
1156 1668
4238 4792
3439 4637
2194 4540
2231 3366
1160 4112
2989 4448
1473 4071
121 4610
1151 4643
830 1273
3488 4041
4551 4875
1617 4721
2194 2263
2901 4832
907 2885
3806 4270
4614 4832
2727 4569
3907 4255
2345 4203
555 4219
2149 4832
2043 4197
4112 4569
2868 4783
4277 4588
614 3183
2277 3746
2335 4255
233 4986
766 4507
787 2952
2092 3445
2604 4257
1012 4674
1921 3504
2518 4947
2736 4054
1891 2386
2869 4777
3886 4399
4378 4785
4596 4645
2761 3590
1037 4757
3990 4569
3774 4506
1731 3907
964 4947
783 4409
3687 3739
2277 4921
1498 2181
2921 4752
3805 4551
1680 4645
782 4978
1273 1414
63 1627
1053 4695
3680 4420
1561 4508
987 4023
3673 4976
1375 4797
4345 4350
2871 3935
337 3498
225 4976
1273 2854
3070 4189
54 3913
1466 4382
4071 4458
183 4993
1126 4300
1896 3907
4210 4931
3888 4170
401 4871
2625 4848
3498 3565
2705 3167
2596 4921
312 2678
2231 4507
3207 4054
816 1293
147 4875
1939 3774
2733 4458
636 4752
3439 4761
199 4722
2210 4000
2724 4405
970 2134
2287 4783
4483 4507
3378 3739
2961 3191
1680 4174
729 4797
2123 4362
2840 4871
2841 4420
48 3230
221 1451
3474 4282
1957 4921
1627 2759
1761 4947
933 2522
4097 4399
1067 4046
1160 2727
1763 3952
4071 4785
4382 4871
2029 4364
2881 4089
1088 3439
1603 3254
970 3952
4054 4239
3581 4417
4845 4871
2181 3073
1050 3590
1914 4527
1627 4507
3113 4277
2448 4893
3278 4871
805 3928
530 3366
1773 2226
1001 4787
2518 4991
4378 4757
1759 2600
66 3935
649 4405
4257 4368
1201 4875
3113 4508
112 3073
1941 4894
3478 4947
1298 3250
1044 3378
3322 4976
1017 4983
1012 3770
983 3766
2793 4713
4722 4848
1833 4255
4378 4902
718 4936
781 3478
2116 3271
136 4674
2733 4785
1417 4203
2869 3935
816 4244
2921 3698
2751 4614
2039 4368
3695 4692
2737 3137
3746 4921
3680 4931
1053 3366
4559 4569
3063 4662
520 4757
2134 3952
2989 4986
3565 4379
1001 4797
2793 4029
4046 4378
2808 3746
2835 4643
476 4345
1256 4986
1588 4507
3322 4883
3787 4935
3278 4485
3301 4978
1487 4863
221 4832
3717 3801
67 2345
3695 4701
2043 3496
895 3073
113 4197
1439 3687
2685 4701
3492 4840
4589 4783
787 3003
2181 2542
147 4473
1417 4721
4255 4596
3166 4434
3510 4170
196 4672
130 4210
4527 4547
1680 4893
4238 4551
463 4586
2615 4713
4350 4637
1833 4637
2963 4783
2854 4098
1998 4512
3907 4637
4508 4588
2083 2939
3952 4935
2335 4893
199 4902
1580 1688
2648 4473
2866 4935
3806 4540
2596 4931
1176 4405
869 4197
4596 4637
1273 4379
1537 2419
3065 4174
3496 3581
2939 4709
463 4996
1312 4894
2740 4722
2869 4588
179 4213
1674 3167
2255 2737
2378 3752
3226 3925
1036 4666
3952 4990
3017 4540
3445 4713
3207 4990
1044 2921
1176 4674
2029 3070
421 4449
2866 4990
2705 3118
2427 4931
1957 4990
3439 3445
3920 3933
1916 4936
3347 4527
2736 3131
3720 4787
3366 4695
3511 4832
4282 4420
111 2793
2020 3445
4378 4848
4705 4755
1218 4721
2149 4936
63 3366
2333 4722
655 4761
1940 4405
2963 4976
1919 2518
67 3017
1132 4894
2751 3774
2600 4752
2840 3935
3355 3990
755 4863
3080 4046
1417 4449
4402 4473
3789 3971
1400 2449
1439 4238
636 4713
2017 4914
1050 4350
1549 4990
3045 3080
1833 2548
2290 4569
758 4752
2835 4345
3322 4589
717 4863
4792 4863
2445 4695
2793 3342
830 1504
4590 4645
2625 4785
3070 4054
3863 4041
3660 4991
3510 4722
1587 3789
655 4996
175 4755
3056 4174
2363 4672
2449 3378
1457 4614
2226 3907
54 3728
2600 2793
2711 4931
2329 4238
3378 4860
1201 4300
1437 4792
816 4270
1916 3450
1400 1566
3963 4378
555 4996
1774 4978
101 4722
136 4405
3129 4761
3524 3963
331 1146
2287 4701
2491 2602
2602 4270
2678 3111
4547 4666
3878 4783
2685 3355
4174 4709
4000 4665
2989 3271
2835 4685
515 3888
4785 4848
3103 4991
3766 4382
3474 3680
297 4640
4921 4990
1951 3049
964 4197
842 4300
2072 4527
2793 4752
903 4976
3066 4996
3109 3226
3752 4797
1202 2952
358 4783
3450 4405
391 3183
828 4382
3070 4610
3276 4364
2946 4640
3301 4271
4378 4894
2083 3933
3381 4167
3498 4192
3113 4871
3720 4409
1891 4662
770 4402
2808 4113
2656 3342
3597 4931
3746 4255
3510 3727
121 4832
33 4883
3571 4921
2602 4097
768 4420
711 3581
1088 4893
2491 4540
3727 4368
688 3793
142 4996
2002 4219
185 4665
4685 4978
3259 4894
2263 4097
2417 4433
1896 4590
4040 4483
4040 4845
3066 4705
2627 3575
1504 1848
1151 2043
2767 4614
3406 3770
2600 4029
1296 3727
1003 1199
3581 3727
2840 3049
4197 4991
772 4902
900 4485
1296 2728
3049 3766
4458 4902
4757 4894
771 4935
4645 4893
3365 3496
3492 4640
113 2812
1504 3183
2231 2248
1315 3230
315 3498
3347 4569
3717 4282
2555 4875
3886 4244
3925 4167
2608 4935
292 4672
3045 4894
3110 3250
2866 4483
4368 4991
4071 4722
1457 4364
2963 4692
2226 4709
3131 4614
1283 4434
1759 2615
1774 3913
3695 4976
137 4665
3789 4213
2963 4914
768 4282
3706 4692
1050 4506
2608 4990
233 3752
2608 4483
1218 4203
3080 3226
3728 4978
1951 4508
3789 4033
2114 3878
3450 3863
1939 2020
4473 4551
2327 4148
4170 4449
460 2954
1283 4996
2250 4860
1142 4244
2039 4947
2627 4569
2724 4041
2921 4449
1036 4507
3878 4701
3933 4797
2427 4399
3063 4986
3496 3687
1208 4148
2871 4996
221 4936
1256 4662
1951 4485
2868 3137
4005 4210
1627 3366
2080 4871
1460 4893
766 4672
3137 4695
4306 4590
1886 4350
1941 4875
3801 3925
1050 4588
3575 4569
2548 4282
1148 4996
2491 3698
3355 4589
196 2445
783 2123
3230 4113
4596 4893
3017 3806
3720 3933
4112 4559
561 4023
3365 4417
137 2210
688 3390
4238 4473
3492 4113
1480 4863
2424 2724
2555 4845
2602 3809
4983 4986
3770 4883
3933 4986
845 3863
3540 4610
1974 2149
4238 4845
1256 3752
4589 4914
732 4071
2711 4685
3928 4512
2881 4148
4402 4845
3540 4832
2733 4902
3952 4213
1498 2116
3698 4540
1605 2939
3920 4409
3406 4674
1801 4986
4433 4645
2124 2767
3540 4364
2689 3990
2989 4098
3488 4405
4054 4569
4485 4777
1202 3109
1315 4705
2881 3183
2287 3878
3907 4306
3963 4458
312 4098
3575 4527
2954 4986
703 4000
866 2724
2449 4978
1473 4848
4219 4434
2847 4848
2596 4506
3226 4420
4947 4983
3406 4041
4508 4883
1480 4845
2518 4983
2946 4840
766 2231
1480 2803
4257 4947
1974 4189
1941 4902
1003 4783
2656 4713
1688 3764
2880 4540
3524 4871
3271 4448
3752 4845
3492 4755
4238 4863
4701 4914
244 2946
1085 4000
4840 4990
609 4787
2901 4614
3166 4996
3660 4023
869 4983
3682 4792
3935 4382
4672 4695
1671 4405
4596 4761
2491 4270
3065 4306
1457 4832
649 4643
2596 4187
1012 3488
3863 4674
2424 4405
1015 4921
1761 4643
3698 4666
1237 4894
2740 4458
3390 4947
2841 4931
3907 4433
2445 3137
3259 4757
3154 4238
1605 4666
4023 4033
1941 4722
4300 4662
3191 4914
2840 3764
12 3380
67 2263
245 4540
4187 4210
1151 4368
1533 4362
1759 4506
2462 4936
3063 3752
1580 4863
515 548
2646 3103
3278 3673
1151 2255
3660 4947
1015 4483
1293 4721
4033 4935
2002 4840
3083 4434
1088 4637
4547 4590
26 3925
3017 4244
1761 4983
2841 3717
3154 4709
2090 4300
2329 4845
3166 3167
655 4755
1198 4938
4586 4996
3380 3381
3770 3863
476 3913
2419 2542
2072 4547
1916 3207
3682 4238
3720 4986
3083 4996
622 3728
2017 3673
2123 3045
4005 4935
581 4665
4596 4709
3235 4379
4257 4991
3016 4547
1767 4000
3478 4983
4210 4921
1580 4845
4306 4792
488 3925
537 4345
1208 1273
498 4976
614 4089
3682 4845
3774 4752
1410 4590
4783 4976
717 4875
4420 4713
3365 4368
2333 4755
3682 4402
696 4527
3952 4692
3113 4883
4692 4976
2911 4508
3045 4848
2329 4863
1916 4189
4527 4569
2901 3511
4589 4976
2854 4148
2803 4473
1731 4893
1767 4721
3874 4399
758 3774
2740 4848
1763 4931
1966 2181
3301 3728
2911 3524
3322 4701
522 4914
3031 4692
2940 4674
3259 4785
3080 4722
2803 4845
4483 4935
2648 3805
3920 4362
1612 4672
1050 2615
622 4978
2248 2570
772 4848
147 4792
1914 4610
3805 4845
1003 4914
3764 3793
2803 4875
4378 4722
4507 4695
1199 4665
3682 4863
4213 4931
1283 4840
4692 4701
401 4792
1003 3355
1218 4399
2548 4645
3660 4983
391 4098
3717 4931
3445 4506
2197 4448
1774 4685
3380 3616
3770 4041
3971 4213
4189 4993
3083 4559
3366 3888
316 4755
245 3886
781 4983
1939 4713
3056 4255
4485 4588
2083 2386
199 2955
3616 4840
1671 4674
3680 4282
1939 4752
3973 4902
23 2678
3761 3874
805 4665
987 3271
2940 3488
4005 4033
866 3406
3990 4991
2854 3049
4000 4512
2290 4547
2363 4379
3235 4938
3805 4863
3254 3695
3110 4512
2382 3963
1044 4170
3018 4559
3746 3789
2344 3805
2248 2695
1603 4976
558 4695
1293 4203
2705 4434
111 2615
3761 4777
1939 3342
2847 4785
525 4893
555 4755
781 2604
4255 4893
1113 4721
2555 4792
4434 4996
1179 4848
1414 4148
4203 4244
1153 1801
2114 3695
1533 4409
1671 4643
1759 4029
2854 3111
2689 3673
3342 4752
2885 4364
3717 4434
67 4203
3276 4614
4089 4448
3264 3952
646 4588
2646 4417
4792 4875
1179 1283
51 4434
3264 4213
1232 4586
4755 4996
3952 4033
1951 2555
2555 4551
4098 4448
614 1208
3259 3510
1916 4645
2646 4643
3166 4705
3806 3809
1460 4761
2377 4559
1465 4792
2946 3230
842 4787
3450 4674
2759 4170
3045 3963
3682 4473
3809 4540
4757 4902
1834 4483
3207 4936
869 899
555 4551
2625 4757
2648 4402
1848 3271
3235 3565
4458 4785
1400 3728
567 4610
4040 4935
3565 3571
408 4705
3049 4485
4023 4187
67 4238
1050 1113
3873 3874
4540 4721
4041 4674
4277 4840
554 3925
2751 2968
1587 1763
805 4512
1891 4797
3673 4692
3504 4755
3878 4976
2648 4863
2955 4614
3717 4420
2344 3511
3207 4364
5 4590
392 4883
2134 4210
1085 2029
3111 4938
1656 3254
4692 4914
1801 4787
4306 4596
1886 3590
2736 4614
3682 3805
2646 4983
3575 4547
4473 4845
2954 3933
3673 4701
1731 4761
1566 4271
1417 4399
3510 4785
4187 4921
554 3474
2600 4713
4434 4755
4433 4761
2871 3873
4473 4559
4508 4871
463 3973
1460 2417
2847 4757
3695 3706
1400 3380
297 2522
3103 3581
3301 3498
4174 4255
1668 3250
111 4350
1457 4993
2940 4405
4167 4420
4189 4364
3886 4270
895 4148
2644 4996
463 3066
1957 4040
3770 4405
185 3250
2968 3131
2377 3575
2880 4721
2424 3863
4097 4540
770 4551
2952 4931
1588 3137
3498 4345
1801 4797
1627 4863
522 4701
561 4187
2885 4610
2176 4860
1318 4978
1914 4666
4473 4863
2761 3445
2329 4792
498 3706
900 3565
1414 4089
1153 3787
1328 4685
2149 4610
4113 4996
2685 3878
703 1767
4458 4757
3565 4978
2228 4902
4170 4507
1914 4239
2627 4559
3381 3680
2287 4458
48 1148
2803 4238
2880 4203
3504 4640
4112 4527
1848 4267
4187 4674
1097 4614
711 4983
1504 2807
488 4420
4368 4947
3575 4112
1015 4637
1473 2382
2417 3907
1731 4637
2733 4894
1491 4097
1202 2711
1886 4506
1153 4662
2727 4239
1561 2911
2968 4614
3597 4921
4433 4637
1437 4875
1132 4722
315 3380
2759 4672
2386 3801
3031 4976
109 4197
2072 4666
3510 4071
2868 4755
386 1466
4947 4991
3698 4527
401 3874
2841 3770
2737 4695
3524 4277
1571 4721
1588 2737
523 4883
3016 4527
983 4883
717 4238
2548 4255
869 3789
1974 2736
3565 4005
179 4685
4197 4417
2247 4029
2625 4894
3971 4005
2029 4993
2740 4378
1097 4993
1498 4148
711 4417
2449 4860
2728 4983
987 4210
3017 4097
988 4777
2116 2989
523 3873
3109 4282
581 4512
4705 4938
2644 4845
1298 4000
646 4777
3787 4990
4187 4213
2901 4054
3347 4112
718 4993
1312 2378
1237 4902
1437 4238
112 1491
3510 4458
3935 4277
1466 4277
435 4860
2255 4983
2685 4692
363 4993
3191 3706
199 4785
2644 4402
4506 4752
4257 4417
3935 4508
718 2885
1603 4692
1957 3597
179 1966
830 4267
3380 4938
525 4637
250 4586
271 3017
3264 4990
4300 4797
1504 4797
4362 4860
3787 4785
4255 4637
3166 4640
4368 4586
3793 4871
130 4040
842 4409
2600 3774
3016 3347
4662 4797
245 4203
337 4685
2116 4674
2518 4586
3365 4257
3439 4709
4029 4506
15 4300
1179 4705
2596 4040
2901 4993
2226 4645
4458 4848
2377 4695
363 3131
783 2386
2417 4761
137 3928
3380 4271
703 4512
4239 4559
4845 4863
175 4219
488 4931
1232 4996
2854 3073
4379 4978
2689 2961
3789 3888
1146 2911
408 3118
3347 4239
1886 4752
2711 3226
988 4871
312 4448
2840 4485
3301 4685
1896 4596
828 4277
4382 4508
4399 4540
2445 2695
2028 4875
853 4267
2724 4674
2248 4507
233 4787
2287 4976
3907 4709
4434 4586
3254 4589
4257 4983
3129 4645
782 4685
2604 4991
3322 3695
4483 4921
292 4936
4936 4993
2705 4705
3590 4350
2728 4947
555 2868
337 2363
1036 4547
2210 2705
2757 4840
2989 3276
1941 4757
608 3764
3540 4993
1759 3727
1417 4860
1017 4590
3973 4512
33 4871
12 4701
2807 3873
3706 4589
1451 4614
1966 4267
4271 4379
2263 3806
4364 4610
1113 3806
1437 3805
1921 4986
1491 3271
4244 4757
3390 4983
1176 3450
3888 4695
2020 4752
2072 4569
3764 4871
4255 4761
4709 4713
196 2695
3492 4996
2228 4894
900 1612
860 4097
2176 2250
4071 4848
4257 4267
2705 4996
4192 4672
4473 4792
3504 4840
1015 3746
1571 3698
4267 4271
787 4170
4054 4832
121 2736
2570 3888
1998 4665
4029 4713
3761 3873
2002 4113
373 4976
2611 3254
3080 4848
250 4947
2194 4203
2952 3717
3154 4596
4433 4709
2382 4785
2114 4914
2955 4936
1919 4947
1990 4993
2248 4170
4713 4752
2125 4935
2570 4507
2462 3166
3698 3806
1053 3888
770 3805
401 4777
363 2885
1571 4244
4203 4540
4588 4883
2689 4914
2685 2689
1315 4434
2345 3806
3687 4170
987 4005
2090 4986
3301 4379
1526 4192
558 2570
711 4257
2377 4239
3264 4921
4485 4871
2733 4848
3727 4586
900 4685
3695 4203
1201 4792
3235 4978
1132 4785
4023 4931
1000 4167
3511 4993
766 2445
4270 4540
2210 3110
1939 4506
2952 3925
1763 4990
988 4277
3928 4665
537 4379
2277 4187
907 2968
1497 4777
649 845
970 4040
2287 3990
3226 3381
3301 3913
1773 4645
2835 4271
3103 3478
109 4936
2377 3698
475 4863
460 4662
2656 4506
3764 3766
4433 4893
4787 4986
899 4257
578 2627
3366 4792
2039 2604
2678 3073
3264 4483
3913 4685
3809 3928
221 3540
933 3687
1375 3920
1050 4713
3925 4931
3110 3928
1148 4219
3920 4590
48 4755
2344 4473
754 4931
3806 4244
525 4645
292 3888
4210 4935
3226 4709
2767 4936
1146 4871
2885 4936
1151 4257
3565 4672
2911 3113
3070 3511
2866 4433
2868 4640
3474 4167
903 2963
3863 4643
4192 4938
2841 4674
3728 4685
1328 4978
2029 2901
4023 4921
2671 4098
2678 2989
1410 4277
3154 4645
1746 4996
1688 3524
51 696
1473 4722
1919 4983
3381 3717
3131 4936
69 4993
3080 4902
4210 4990
2548 4761
2737 2759
3806 3886
3259 4722
1232 2333
2449 4449
2671 2854
4345 4379
1198 4672
392 3761
561 3597
1537 4448
2705 4219
2952 3801
608 3131
4983 4991
4041 4405
1037 4378
199 4458
992 4990
1132 4757
1218 4029
3766 3874
3226 4282
2570 2695
1199 3110
3235 3913
2615 4506
3080 3524
4894 4902
2627 4239
3250 3973
1656 3706
297 4113
4170 4695
2083 4986
1587 4033
2608 3789
183 4071
460 1891
3496 4368
435 4722
1487 4845
782 3728
3524 4883
315 4978
3183 4448
2002 3066
3498 4978
2627 4666
1916 4364
244 4113
1001 4986
732 4785
3207 4832
3492 3504
2761 4112
3259 4938
4189 4610
2968 3873
1085 4665
3706 3878
1896 4709
3873 4382
136 2724
1296 3660
3698 4054
101 4458
987 3571
782 3565
1617 3809
2017 2255
907 3511
1176 2901
783 4986
2194 2602
12 3695
3752 4300
3925 4420
4071 4894
475 4875
946 3103
2548 4709
4777 4871
3478 4643
440 3166
622 4938
1088 4596
475 4792
1199 4512
1202 4420
2028 4792
805 4000
1156 3928
1580 4875
1142 4540
1688 3766
4089 4148
1296 4368
3793 4883
2248 4695
3018 3347
1053 2445
3406 4643
2656 4350
4379 4672
1044 4449
1759 4752
1966 3111
2625 4046
1375 4300
1921 2002
2871 3278
244 4755
2363 3235
2247 4713
1801 4640
3727 4983
4610 4936
3952 4931
3109 4167
3682 4875
3474 4420
1834 4213
3963 4894
755 4845
1497 3049
2868 3118
3510 4757
2757 3230
2329 3581
1442 1951
3154 3439
3226 3680
3673 4914
3045 4722
4054 4666
225 4914
121 4993
12 4976
860 2880
2522 4170
3687 4860
766 2215
755 4875
2952 4282
1113 2602
1036 4527
2125 2542
2871 4508
1283 4705
2363 4871
2386 4797
4345 4685
4792 4845
1132 4848
3510 4902
4244 4399
1671 4041
970 4936
2835 3913
1605 4752
765 1491
765 1566
3510 4378
1605 3154
1680 2333
732 4757
3963 4071
3154 4893
4270 4277
4219 4840
174 4701
1549 3264
3342 4029
3250 4000
4033 4483
2491 4399
4569 4666
1085 3928
12 3191
768 2952
964 3103
649 4986
2277 4990
2955 3207
1588 3801
3063 3920
250 4257
1414 3366
147 2448
401 4382
4054 4112
4506 4713
1605 4761
2648 4792
2080 4485
2740 4902
845 4041
2449 4845
2123 4787
1160 4569
2835 3080
4547 4569
331 4996
2596 4210
3056 4893
4192 4978
2604 3928
2290 4112
112 4448
2071 4213
244 4840
3031 4589
2555 4508
2089 3616
554 4420
2345 4097
1487 4473
1442 3935
2689 3706
3474 3717
4097 4721
2671 4267
3390 4938
1156 4665
1763 2608
2080 4508
1328 2449
3322 3355
4210 4483
3616 4345
4402 4551
3793 4588
2835 4672
391 2542
688 4991
1487 4875
4379 4938
2793 4350
3878 4589
111 2020
3774 4761
4640 4662
4402 4792
1003 4701
548 4695
1426 2963
2963 3990
2083 3920
1460 3154
386 4485
4402 4875
4239 4527
66 4871
983 4485
2290 4559
440 4219
895 2542
4506 4893
1919 3727
3680 4167
4420 4976
4368 4417
1312 4902
655 4840
2378 4986
271 4270
2604 4983
2656 4029
2808 4213
3698 4695
373 4692
2911 4883
1451 4189
578 4547
3066 3492
3963 3971
3191 3673
101 2847
1497 3793
2648 4551
946 4590
2939 3065
2522 4860
676 3660
4722 4894
3488 3863
175 4113
1668 4512
609 4300
3878 4938
3390 4991
1067 4792
1208 2881
2255 4947
4485 4662
1940 4643
522 903
3191 4540
4071 4902
1656 4976
4054 4527
1627 4170
3524 3766
567 3207
2751 4993
3250 4938
1974 2807
869 4368
1315 4640
3439 4596
2181 3111
983 3278
520 4722
4005 4187
3971 4935
3590 4506
233 4409
3886 4203
2089 4192
2176 3003
561 4990
113 4983
2462 3492
373 3687
758 4672
2029 4832
2116 4267
907 4112
4005 4040
3103 3496
1712 4547
2608 4931
1037 4848
3805 4875
4610 4993
2028 4863
2518 4722
3406 4405
1466 2963
2812 3390
3565 4685
1940 4674
2880 3886
292 2737
2344 4863
3571 4005
4112 4666
2029 4936
3511 4364
3131 4610
4797 4986
179 4990
2089 4685
3524 4777
4368 4382
4551 4792
363 4832
964 3478
3575 4559
2866 4213
3787 4921
830 3271
646 3278
1426 4589
3761 4883
988 4382
1067 4894
2807 4267
895 1966
2656 4752
142 4640
2250 4449
3616 4938
1442 4508
782 4894
363 4936
179 4935
1465 4402
860 4540
2611 4527
1153 1256
1773 4637
2518 4637
1941 4785
4590 4596
3083 4755
51 2462
3264 3746
1896 4761
2880 4097
2685 4914
2646 3478
2028 4845
3129 4255
3935 4777
250 4643
51 4219
530 4507
548 4507
1580 4792
2733 4722
3764 4777
4271 4978
3066 4586
460 4797
4402 4863
4097 4203
3016 4666
2197 4089
3003 4449
2344 4845
1549 4921
3031 3990
4662 4986
463 4640
2028 4473
2740 4894
3259 4902
3342 3590
1426 4976
1966 3073
3276 3511
1201 4238
2646 3390
3739 4449
2417 4893
244 4640
3380 4192
3770 4674
4148 4448
15 4787
842 3933
2382 2740
523 3761
853 2671
4458 4894
1886 4713
1746 3118
755 4792
3109 3381
2627 3226
4777 4883
109 4257
2644 4473
2627 4547
2695 4672
3278 3935
3933 4787
3347 4666
4409 4986
4871 4883
363 4378
676 4983
1465 3355
3154 4637
2382 4757
147 4845
869 2043
2989 4713
3017 3698
3540 4614
2759 4695
772 1067
2961 4914
358 4914
1674 4586
1126 4170
2327 4936
1774 3565
816 4540
3863 4405
2124 4189
1674 4640
4362 4662
2548 4590
4238 4875
4755 4840
2615 4752
636 4350
3793 4508
4590 4947
2017 4976
1318 3498
770 4875
4040 4990
3365 3727
1916 4993
1318 4271
3907 4645
1940 3450
2043 4705
3056 4637
1712 3682
2448 2939
2491 4721
2940 3770
3565 3913
4239 4976
2363 3616
2197 3673
3616 4379
4213 4921
1656 4914
754 4345
3250 4665
2869 3873
3259 4848
196 4695
2344 4551
2711 4282
3874 4485
4054 4993
2812 4947
1012 3863
2946 4434
3207 4993
3478 3727
3933 4662
924 4783
4722 4902
3017 4721
1480 4551
2678 2854
2808 4033
2417 4174
2678 4448
2071 4921
2671 4350
4409 4787
4483 4990
250 964
4777 4787
2600 4506
2671 2989
2751 4936
3259 4046
69 1990
1451 3511
3083 4219
2751 4610
554 4282
2570 4695
3728 4271
781 4417
1012 3450
476 3492
2570 2737
3597 4483
970 4935
3874 4277
899 4417
2968 4832
2751 4832
440 4586
1587 3571
866 4041
2263 4721
4046 4848
2124 4364
1085 4512
2751 4364
2724 3863
1208 4512
3739 4860
4255 4306
26 3680
4350 4713
1834 4210
3191 4692
1465 4845
2345 4721
4586 4640
3073 4448
1491 2881
4832 4936
3016 4239
2871 4883
4409 4797
4033 4931
1674 4113
4345 4978
1036 4569
2228 4458
933 4449
312 4267
440 4192
2248 3888
4527 4559
3049 4871
3660 3727
63 558
4378 4637
3365 3380
3381 4420
3933 4300
337 4665
2210 4665
1974 4614
4350 4752
1914 4559
3746 4935
2329 4875
392 4588
696 4666
2231 4695
2123 4797
2604 4197
3616 4978
4417 4947
1848 2989
1293 3806
1919 4643
2462 4434
3863 4551
2812 4983
4405 4674
3018 4527
2344 4402
772 4757
1914 4112
2378 3063
2608 4921
2737 4507
4040 4187
3166 4219
1465 4863
3687 4449
475 4402
2736 4189
4662 4787
2847 3963
4040 4921
174 2961
4113 4840
2277 4005
907 4936
3018 4112
992 3571
3250 3928
4174 4306
765 2197
1921 2089
297 4996
1237 4848
2961 4976
69 4610
358 4976
3935 4883
525 4709
3065 3129
4213 4990
2125 4914
69 3488
3575 4666
4187 4540
4685 4938
3920 4300
3131 4832
1298 4512
3103 3110
3597 3746
3963 4757
4405 4643
1312 4785
866 3488
3365 4590
2215 2335
3445 4752
3445 3590
1067 4722
3066 4434
2757 3167
3167 4840
2841 4787
2114 4589
2869 2911
3752 4787
2955 2968
2378 4662
3571 4040
2386 4662
3045 4458
2901 4640
271 1571
331 3167
3774 4713
3045 4757
1126 4662
3805 4238
1773 4596
1951 2911
608 3766
987 4033
860 4721
4643 4983
688 4983
2808 3971
373 688
3728 4345
3727 4947
1957 4023
3056 4645
2344 4875
1318 1566
23 4148
2921 4170
3110 4665
3129 4512
1801 4755
1160 4559
4547 4559
3698 4547
3496 4417
312 3728
109 4368
1746 4113
2841 4167
4485 4883
292 4695
2247 3774
2611 4547
1442 4270
2377 4569
4473 4875
717 4845
3342 4350
2847 4046
4277 4508
4705 4996
3888 4672
3109 3746
4187 4483
2761 4506
1504 2555
3191 4976
3597 3789
1940 2424
54 4379
2695 4507
392 4382
828 3873
4089 4098
4785 4845
2092 4713
3070 4832
3264 3789
1208 4089
3254 4914
2648 4845
1414 1848
1273 2671
1179 4378
2071 4990
1605 4709
101 4902
1773 4761
1000 4267
1480 4875
2335 4590
2759 4507
3789 4921
4267 4448
933 4527
3963 4785
3873 4777
1017 2644
3973 4000
2335 2548
2648 4875
3752 3920
1001 4300
3925 4282
2767 4610
2449 3687
4787 4797
1668 4665
2215 2448
1414 2125
2255 4590
4832 4993
2083 4300
1298 4665
676 4197
2803 4551
581 1767
3706 3990
1146 4777
3439 4306
3720 4871
2378 4797
2793 4512
4040 4931
3355 4871
3873 4883
1256 4797
1293 2194
2961 3031
26 4167
1774 3235
1533 4986
1603 3355
992 3746
1426 4692
4029 4752
112 2854
1487 4792
609 4761
1526 4379
2955 4610
1201 3873
358 4692
3888 4507
2125 3111
1097 1457
3928 4610
2727 4666
3154 4761
4071 4379
1605 3439
3056 4596
3888 4345
2427 4023
112 676
4029 4350
2002 4996
970 4921
1473 4840
1037 4722
421 2176
2226 4306
2689 4701
3511 4614
3706 4914
1201 4551
66 4382
2555 4473
2871 4777
3083 4666
636 2247
3971 4187
1549 3787
2733 3510
3016 3083
1298 1668
1668 1998
1587 2808
3973 4665
2761 4752
4362 4797
3380 4685
3488 3770
4192 4271
2542 4089
2871 3874
1400 4345
1588 4170
2955 4993
522 3355
3680 3717
4046 4757
2462 4755
3928 4000
4306 4692
3380 4345
3805 4402
3167 4755
3080 4757
2020 4506
1451 4993
3524 3873
2727 4547
2803 4402
4112 4547
4046 4902
23 1966
1232 4239
3301 4192
3764 4485
1218 4270
2646 4448
523 4752
1237 4046
316 4840
408 4996
1312 4848
174 4783
2761 4350
476 3616
3504 4434
558 3888
1400 4685
3789 4990
2627 2727
1761 4257
1179 4596
2226 4174
2961 4692
1801 3063
1580 4402
2968 4610
3259 4040
520 4902
903 4701
3049 4883
1571 3886
130 3952
1410 4947
537 4978
3254 4976
3365 4947
655 4434
614 630
3063 4409
2869 4277
3278 4883
4785 4894
2255 4417
4379 4685
758 4029
2736 2767
2329 3682
2555 4863
4709 4893
1375 4362
729 2954
3278 3761
3913 4379
830 4448
4645 4709
101 3083
2812 4368
51 4996
4300 4409
899 3390
4672 4978
225 4701
4722 4757
4761 4893
2255 2646
2231 3888
2880 4399
609 4986
2901 4610
2424 3450
2940 4643
3809 4721
3920 4662
2247 4350
2231 4672
1318 4685
2954 4662
2149 4189
1571 4270
2250 4170
2840 3761
183 4936
113 4417
1848 4089
1439 3739
4005 4921
66 4588
564 4902
3080 4785
3230 3492
3118 4840
5 3579
12 4994
15 3566
23 4252
26 3895
33 4602
48 4892
51 4904
54 3332
63 2568
66 4633
67 2452
69 3071
101 4771
109 640
111 4759
112 3606
113 3851
121 4329
130 849
136 3712
137 4677
142 3669
147 2882
174 3544
175 220
179 2360
183 4799
185 4633
196 3500
199 3079
221 4603
225 4657
233 4166
244 2693
245 2584
250 4854
271 4706
292 2488
297 2471
312 4877
315 3127
316 4218
331 3391
337 4308
358 3227
363 4957
382 386
391 4087
286 392
401 4676
408 1988
421 4734
435 4441
440 3039
460 1938
463 3658
475 2138
476 4898
488 4981
498 1493
515 4677
520 4972
522 4847
523 1302
525 4150
530 3675
537 4635
548 4555
554 4874
355 555
558 4526
561 4319
564 4166
567 4498
578 2240
581 3327
608 4493
609 4616
614 4913
622 4396
630 851
636 4822
646 4042
649 4538
655 3991
676 3807
688 3373
696 3625
703 2904
711 4459
717 3321
718 3837
729 1014
732 4711
754 4620
755 3735
758 4290
765 891
766 3010
768 4509
770 1684
771 4520
772 4571
781 4690
782 4889
783 3373
787 4949
805 2501
816 4943
828 4644
830 4957
842 4525
845 1635
853 4923
860 864
866 4999
869 4679
895 4838
899 4693
900 3957
903 2682
907 957
924 4964
933 4320
946 3917
964 4397
970 4494
983 4899
987 3794
988 4541
992 3014
1000 2924
1001 3784
1003 3730
1012 3738
1015 1270
1017 4955
1036 4376
1037 4123
1044 1779
1050 3004
1053 4708
1067 1515
1088 1764
1097 4125
1113 4127
1126 4265
1132 3539
1142 3858
1146 4689
1148 3906
1151 4615
1153 4895
1156 3607
1160 1953
1176 4988
1179 3606
1198 3119
1199 4341
1201 4313
1202 4866
1208 4344
1218 4706
1232 3656
1237 3668
1206 1256
1273 4948
1283 4969
1293 3026
1296 2765
1298 1829
1312 2415
1315 2271
1318 1933
1328 4153
831 1375
1400 1931
1410 3807
1414 4173
1417 4221
1426 4609
1437 2801
1439 2878
1442 4050
1451 3074
1457 4627
1460 4839
1465 4735
1466 4572
1473 2225
1480 4626
1487 4922
1491 2603
840 1497
1498 2970
1072 1504
1431 1526
1533 4886
1537 3364
1549 4242
1561 2036
1566 1662
1571 4627
1580 4658
1587 4629
1588 4867
1603 2429
1605 3442
1612 2517
1617 4316
1627 3053
1656 1776
1145 1668
1169 1671
1346 1674
1680 4912
1688 4896
1626 1712
1121 1731
1746 4982
1759 4829
1761 3942
1763 4837
1767 1936
1773 4929
1774 4651
1801 2298
1833 4825
1834 4318
1848 3989
1886 2308
1891 3015
1896 4438
1914 4050
1711 1916
1919 3326
1921 4880
1939 2110
210 1940
1941 4385
1951 1952
1957 4865
1490 1966
1974 2264
1990 4838
1998 3231
2002 4136
2017 3624
2020 4994
2028 2551
2029 3295
2039 2416
2043 2331
1335 2071
2072 3738
2080 4318
2083 2235
2089 4870
2090 4957
2092 3586
2114 4663
2116 3953
2122 2123
2124 2300
2125 4833
2134 3930
2149 3705
2176 2687
2181 4633
2194 4710
2197 4631
2210 4609
2215 4251
2226 2366
2228 4945
2231 3794
1789 2247
2248 4439
2250 4022
2255 3903
2263 3072
2277 2945
2287 4913
2290 3647
2327 4476
2329 3053
2333 4450
2335 4728
1794 2344
2345 2560
2363 4557
2377 3062
1865 2378
2382 4530
1342 2386
2417 4946
2419 3934
2424 4964
2427 2530
1429 2445
22 2448
2447 2449
260 2462
377 2491
2518 4916
2522 4690
2542 4254
2548 4965
2551 2555
1770 2570
2596 3551
2600 3605
1567 2602
2604 4668
2608 4283
2611 4877
2615 4528
2625 2776
2627 4455
2644 4868
2646 4660
2276 2648
1665 2656
2671 3807
2676 2678
2685 3376
1906 2689
2695 4048
2705 4486
1841 2711
1857 2724
1923 2727
2728 3988
1944 2733
2736 4690
2737 4549
2454 2740
2294 2751
1265 2757
2759 4387
2761 4627
2767 4901
2793 4541
2803 4003
2807 4504
2808 4943
2812 4062
2835 2839
2036 2840
2841 3633
2847 2850
2854 3421
2866 4683
2699 2868
2869 4479
2630 2871
2880 3519
669 2881
2822 2885
2901 3700
2911 3196
2921 3763
2261 2939
2940 3483
2946 4566
2952 4607
2954 4353
2955 3094
2961 4406
2963 4988
2282 2968
2989 4200
2716 3003
3016 4766
1906 3017
3018 3988
3031 4843
3045 4575
673 3049
3056 4361
3063 3197
3065 4824
1356 3066
2864 3070
1333 3073
3080 3470
3083 4550
3103 4951
2895 3109
3110 4474
3111 3561
3113 4049
3118 4621
3129 4565
3131 4435
3137 3350
3154 4667
3166 4750
3167 3172
667 3183
1239 3191
3207 4440
3226 3604
3008 3230
2321 3235
3250 3309
1404 3254
3259 4129
398 3264
3271 4387
3276 4348
3278 4790
1590 3301
1600 3322
757 3342
3347 4385
1188 3355
2379 3365
979 3366
1226 3378
2613 3380
393 3381
3390 3742
97 3406
1899 3439
3445 4715
3424 3450
149 3474
3478 4445
328 3488
3492 4558
3496 4119
3498 3855
3504 3837
3398 3510
3511 4476
1576 3524
3540 4291
1789 3565
971 3571
2922 3575
2875 3581
3590 4793
3597 4771
1419 3616
3660 4607
3673 3987
3680 4186
1545 3682
3676 3687
1034 3695
3698 4617
3706 4184
3717 4620
3720 4456
833 3727
3728 4759
3182 3739
3746 3747
3064 3752
3679 3761
1258 3764
278 3766
3055 3770
3774 4070
1374 3787
2729 3789
3667 3793
3657 3801
3805 4394
3806 4351
455 3809
2749 3863
972 3873
3823 3874
2243 3878
3886 4706
3888 3942
3907 4171
2099 3913
2593 3920
194 3925
3928 4606
3933 4307
1984 3935
1717 3952
1470 3963
603 3971
3495 3973
3990 4599
2719 4000
4005 4012
998 4023
4014 4029
4033 4924
2953 4040
4041 4748
3751 4046
2435 4054
2472 4071
1074 4089
4097 4310
3308 4098
4112 4322
4113 4138
4148 4363
3909 4167
2058 4170
4174 4909
3005 4187
4189 4323
3046 4192
4197 4934
1033 4203
998 4210
3940 4213
4219 4684
598 4238
2474 4239
4244 4505
4255 4352
3252 4257
4267 4834
2981 4270
2864 4271
1143 4277
2085 4282
2994 4300
3325 4306
2171 4345
4350 4605
1893 4362
3396 4364
590 4368
2562 4378
4367 4379
902 4382
4399 4583
4402 4564
4405 4582
2056 4409
4417 4481
4420 4427
2276 4433
2288 4434
2180 4448
1476 4449
1562 4458
2180 4473
3880 4483
3627 4485
2131 4506
3448 4507
2375 4508
1631 4512
4215 4527
801 4540
4177 4547
2875 4551
4559 4941
2196 4569
2775 4586
3286 4588
1926 4589
4175 4590
4245 4596
4157 4610
3247 4614
4637 4984
849 4640
2987 4643
317 4645
1610 4662
511 4665
4356 4666
4429 4672
897 4674
4678 4685
3989 4692
2360 4695
1327 4701
3009 4705
4709 4841
3632 4713
4142 4721
4620 4722
4532 4752
3198 4755
4729 4757
1631 4761
2800 4777
4122 4783
4403 4785
3947 4787
1581 4792
4797 4953
3233 4832
4173 4840
3999 4845
4061 4848
4233 4860
4037 4863
4450 4871
4028 4875
2105 4883
4885 4893
4683 4894
3758 4902
4914 4940
1240 4921
4931 4972
618 4935
3558 4936
2813 4938
1790 4947
3557 4976
4307 4978
3231 4983
2573 4986
4990 4992
4965 4991
3086 4993
3999 4996
5 3936
12 4906
15 481
23 4421
26 4501
33 4558
48 4697
51 4796
54 4221
63 3274
66 1128
67 107
101 4770
109 966
111 4641
113 4129
121 4510
130 3158
136 1740
137 4999
142 4626
147 3539
174 1447
175 352
183 4874
185 4487
196 4900
199 4852
221 4744
225 4992
233 3085
245 4659
250 4851
271 3618
292 3344
297 3908
312 3951
315 3433
316 2913
331 4571
337 4367
358 870
391 4985
392 2958
401 745
408 4901
421 4753
435 3379
475 4396
476 4367
488 2331
498 4872
515 3134
520 4857
522 2788
523 4303
525 4453
530 4658
548 4153
554 3619
558 2977
561 4274
564 4966
567 4968
578 4095
581 1873
608 4951
609 4729
622 4762
630 4982
636 3939
646 1054
649 4900
655 2006
579 676
688 4090
696 4310
703 3057
711 4977
717 4810
718 4656
729 3058
732 2498
754 2236
755 4546
765 2319
766 2994
768 3778
770 4383
771 4932
772 4130
781 1544
782 2941
783 3760
631 787
805 3193
816 2246
828 3334
830 4963
842 3173
845 4970
853 4734
860 4824
866 3173
895 2789
899 4814
900 4641
903 4371
924 4967
933 1721
946 4974
964 3375
970 3785
987 3490
992 4451
1000 3165
1001 2825
1003 4952
1012 4376
1015 3335
1017 4186
1036 4932
1037 4756
1044 4638
1053 2977
1067 3672
1088 4459
1097 4956
1126 2482
1132 4600
1142 3612
850 1146
1148 3619
1151 3537
1153 4229
1156 3231
1160 4020
1176 2682
1179 4556
1198 4939
1199 3943
1202 2237
1208 2858
1218 4919
1232 2771
1237 2161
1256 4759
1273 4638
1283 2423
1293 4199
1296 4768
1298 4980
1312 4598
1315 4711
1318 2535
1328 4281
1277 1375
1400 4933
1410 4739
1414 3620
1417 1825
1426 2190
1437 2095
1439 4949
1442 4608
1451 3976
1457 4620
1460 4926
1465 3147
1466 3085
1473 2924
1480 3709
1487 4179
1491 4108
1497 4123
1498 1506
1504 4844
1526 4321
1533 4710
1537 2310
1549 4962
1561 2331
1392 1566
1571 4827
1580 2179
1587 3384
1588 3945
1603 3432
1612 3403
1617 4462
1627 3506
1656 2055
1668 4031
1150 1671
1674 3915
1680 4970
1688 4668
1712 4526
1731 3759
1746 3476
1761 4446
1763 3032
1767 3892
1773 3285
1774 4367
1801 4971
1833 2910
1834 4604
1848 3508
1886 3931
1891 3127
1896 4877
1914 2575
1919 3712
1921 4566
1939 4725
1940 2104
1902 1941
1602 1951
1957 4486
1966 2969
1974 3005
1990 4102
1998 3959
2002 3977
2017 2040
2020 4624
2028 4511
2029 4343
2039 4806
2043 3735
2071 4830
1675 2072
2080 3697
2083 4874
2089 4809
2090 3288
1901 2092
2114 4995
2116 4394
2123 4688
2124 3502
2125 4965
908 2134
2149 4533
2176 4211
1021 2181
1219 2194
2197 4466
2210 4146
2215 2368
2226 4957
2228 3723
2231 2304
2247 4108
2248 4298
2250 4951
2255 3807
2263 4706
2277 2924
2287 4074
2061 2290
2327 4084
2329 4750
2333 4168
2335 3544
2344 2960
2101 2345
2363 3467
2377 4849
2378 3179
2382 3980
534 2386
2417 4464
2310 2419
2424 4625
2427 3837
2445 2707
2448 3013
2449 2633
2462 4009
1464 2491
2518 3882
2522 3763
2542 3658
2548 2801
2570 3974
2596 4478
2600 4372
2602 2832
2604 2838
2608 4959
2611 4737
2615 4232
162 2625
2627 4492
2644 2702
2646 4963
2648 3654
2656 4821
2671 4014
2678 3538
2685 4224
2689 4857
2695 4491
2705 4805
56 2711
2724 3976
2428 2727
697 2728
2733 4164
2736 2992
2737 4392
2740 4460
2751 3440
2144 2757
2104 2759
2332 2761
2767 4699
2793 2944
2803 4946
2807 4660
940 2808
644 2812
2835 3830
2840 2842
2798 2841
2847 3992
2854 4594
574 2866
865 2868
2869 3415
2871 4952
2880 4876
2881 4767
2885 3200
2901 3758
2911 4546
2921 3699
2939 4221
2940 4763
2946 4966
2760 2952
2954 4386
2764 2955
2961 4176
2963 4908
2968 4834
2989 3823
3003 3186
1686 3016
1949 3017
3018 4770
3031 4145
3045 4456
229 3049
3056 3319
3063 3608
2789 3065
3066 3391
3070 3483
3073 4472
1387 3083
1693 3103
3109 4163
2102 3110
3111 3261
3113 3820
3118 3369
3129 4581
3130 3131
1634 3137
3154 4168
3166 4385
1649 3167
3183 3411
2506 3191
3207 3359
3226 3394
35 3230
3235 4814
3218 3250
3254 4188
3259 4657
3264 4514
3271 4101
3276 4717
3278 4228
3301 4428
3322 4423
3342 4915
3347 4788
1239 3355
3365 4558
2227 3366
3378 3379
3380 4240
3381 4072
3222 3390
3406 4954
3439 4352
3445 4950
3450 3962
973 3474
3478 4584
3488 3658
2802 3492
3449 3496
3498 4818
3504 3924
3510 4805
3511 4556
3524 4543
3540 3710
3565 3573
3571 4039
3575 4964
3581 4939
3590 4497
3597 3911
3616 3859
925 3660
2254 3673
973 3680
3682 4644
3687 4726
3695 4929
3205 3698
3706 4172
3717 4436
3338 3720
2872 3727
1629 3728
2238 3739
3746 4903
1986 3752
99 3761
617 3764
3766 4587
3770 4401
3415 3774
3787 4221
3789 4731
3793 4021
2749 3801
3805 4831
3806 3946
3809 3815
1953 3863
3869 3873
1999 3874
3876 3878
3886 4327
3589 3888
3088 3907
3557 3913
3857 3920
3925 4591
412 3928
632 3933
2120 3935
3952 4103
3296 3963
3971 4502
3973 4766
3990 4102
4000 4758
4005 4726
215 4023
4029 4129
4033 4043
4040 4957
807 4041
3668 4046
4054 4843
3024 4071
3939 4089
850 4097
4098 4124
4112 4820
1600 4113
4148 4980
4167 4885
4170 4531
4174 4352
2367 4187
4189 4460
3119 4192
4197 4786
2095 4203
4210 4784
4213 4226
4219 4566
3182 4238
4182 4239
4244 4249
4255 4509
3877 4257
4265 4267
4248 4270
1654 4271
4277 4818
3348 4282
4286 4300
4306 4779
4345 4652
3611 4350
3685 4362
4011 4364
2291 4368
3558 4378
3308 4379
4117 4382
2593 4399
4402 4945
3685 4405
4409 4739
3345 4417
4415 4420
3947 4433
4434 4439
4432 4448
3186 4449
4458 4650
4473 4858
3179 4483
4485 4689
4506 4950
4507 4696
2513 4508
4512 4682
4527 4925
759 4540
2590 4547
1038 4551
4229 4559
4565 4569
3532 4586
3929 4588
3857 4589
1081 4590
4596 4918
4610 4912
2145 4614
3721 4637
4052 4640
2641 4643
4645 4647
3754 4662
4638 4665
822 4666
4672 4879
2318 4674
3956 4685
4475 4692
4526 4695
2902 4701
4690 4705
4709 4992
4702 4713
2981 4721
2118 4722
3568 4752
4755 4917
1219 4757
4761 4771
4689 4777
1867 4783
2472 4785
4787 4865
2299 4792
4797 4985
4821 4832
568 4840
3675 4845
4318 4848
3348 4860
3906 4863
3369 4871
3350 4875
4704 4883
2052 4893
3896 4894
4902 4903
4914 4972
4602 4921
4859 4931
4900 4935
4604 4936
3867 4938
3748 4947
4632 4976
2346 4978
270 4983
779 4986
1022 4990
4580 4991
4037 4993
3210 4996
5 4424
33 4839
48 4700
121 4208
130 3205
175 4223
183 3969
185 4523
196 4866
245 4627
271 1928
315 4205
316 1607
421 4949
435 3186
498 4455
522 3930
530 4580
558 4193
564 4955
646 4920
696 4748
703 3455
711 4653
729 3534
755 3209
770 4905
771 4770
772 4231
781 3721
783 2167
805 813
828 4887
842 4967
860 4706
895 4907
899 4957
900 4374
924 4656
946 1182
992 2100
1000 3208
1001 4762
1012 4152
1015 4878
1067 4037
1132 4594
1146 4344
1156 4246
1176 4727
1198 3831
1283 4330
1318 2198
1414 2310
1437 4728
1439 3753
1451 4849
767 1457
1466 4689
1480 4776
1491 3743
1498 3692
1526 4987
1533 4837
1537 4901
1571 4574
1330 1588
1617 4706
1674 4346
1688 4396
1712 4862
1746 3593
1761 3218
1763 4822
1773 4465
1833 4706
1891 4460
1896 3407
1939 3849
1940 4618
1957 3756
1966 3858
1974 3879
1990 4781
858 2017
2020 4532
2028 2184
2039 4794
2072 3472
2080 3372
2083 2597
2089 4002
2090 4919
2092 4498
2114 3531
2116 4337
2123 4720
2124 3915
2125 4963
2134 4915
2149 3413
2167 2176
2194 4808
2226 2280
2228 4771
2247 4539
2250 4289
2255 2938
2263 3419
2277 3195
2327 4916
2333 3391
2345 4558
2363 3889
2377 3242
2382 4230
2386 4735
2419 4183
2424 4820
2427 4524
2445 4621
2448 4525
2449 4745
2462 4850
2491 4801
2518 3807
47 2522
2542 4522
2202 2570
2596 3236
2600 4786
2602 4747
2611 4464
2615 4636
2625 4651
2644 4880
431 2648
2656 3270
2671 3953
2678 4568
2695 2956
2705 4973
2711 4361
2724 4813
2727 4060
2728 4632
2733 4413
2737 4026
2740 4907
2751 4177
2757 4635
2759 4366
2761 4065
2793 4872
2803 4987
2807 4651
2791 2808
2812 4340
2840 4443
2866 4798
2868 3961
2869 4515
2880 4699
2881 4077
2911 3408
2921 4943
2940 4339
2946 4074
2952 3718
2954 4836
2955 3608
2961 4862
2963 4974
2186 2968
3003 4949
3016 3023
3018 4807
3031 3165
3049 4117
3056 4188
3063 4086
3065 3803
3083 4303
2704 3103
3109 4392
2800 3111
3113 4689
3118 3329
3129 4208
2609 3131
3137 3410
3167 4566
3183 4886
3207 4805
3226 4742
2532 3230
3235 4829
3254 4193
2578 3264
2179 3271
2637 3276
3301 3977
3322 4815
3342 4463
3347 4058
2477 3355
3378 4960
3380 4756
3381 4316
3390 4545
3406 4182
3185 3439
3394 3474
3478 3871
3488 4899
3492 4855
3475 3496
3498 4348
3494 3504
3383 3511
3524 4431
1621 3565
3571 4652
3575 4668
3581 4010
3590 4655
3597 4414
3616 4292
3660 4968
2848 3673
3680 4764
1214 3682
3687 3763
3677 3695
2113 3698
3706 4888
3717 3998
3720 3835
3727 4765
3728 4977
3739 4949
3746 4484
3750 3752
3761 4264
840 3764
1962 3766
3770 4841
3774 4802
3787 3837
2886 3801
3805 4733
3806 4864
3809 4706
3863 4493
3873 4864
3874 4198
3878 4047
3886 4603
3722 3888
3907 4191
3815 3913
3920 4655
1831 3925
3933 4970
3935 4655
3296 3952
3963 4711
3971 4940
3973 4284
3987 3990
3285 4000
3958 4023
3164 4029
3788 4033
3177 4040
4041 4537
4046 4823
4071 4575
3529 4089
4097 4639
4098 4962
2814 4112
4113 4800
3358 4148
4167 4642
3379 4170
4174 4750
4187 4191
4050 4189
4192 4877
4197 4474
4203 4849
4210 4445
4213 4338
3879 4219
4238 4354
2976 4239
4244 4706
4255 4514
4006 4267
4270 4544
3199 4271
3667 4277
4037 4282
4306 4919
3341 4345
795 4350
2915 4362
4364 4828
4368 4812
2774 4378
3568 4379
4382 4393
4393 4399
4402 4675
4353 4405
4371 4409
4233 4417
3265 4420
4433 4720
3391 4434
1380 4448
3187 4449
4458 4630
3732 4473
1521 4483
4485 4488
3972 4506
4507 4536
4490 4508
3692 4512
3749 4527
4540 4770
3618 4547
4551 4842
4559 4850
4560 4569
4496 4586
840 4588
4578 4589
3831 4590
4560 4596
576 4610
4614 4616
4352 4637
2642 4640
4643 4687
4305 4645
4577 4662
3662 4665
4666 4968
4672 4730
4663 4674
2984 4685
3652 4692
2732 4695
2477 4701
3843 4705
4709 4839
4713 4998
4597 4721
4722 4724
4619 4752
3867 4755
4704 4757
486 4761
3667 4777
4491 4783
4785 4795
4338 4787
4201 4792
4797 4859
4832 4901
4823 4840
3906 4845
4234 4848
2238 4860
3463 4863
4626 4871
3915 4875
4868 4883
4893 4913
3820 4894
4902 4916
3987 4914
3005 4921
4931 4961
4107 4935
4915 4936
4182 4938
3522 4947
3652 4976
4367 4978
4983 4985
4632 4986
2985 4990
4820 4991
4517 4993
3391 4996
183 1927
1457 4291
1617 4820
1712 4962
1940 4700
1990 2927
2039 2875
2092 4162
2327 4756
2522 4022
2671 4603
2728 4463
2751 4619
2757 4566
2793 3865
2803 3880
2866 3778
2869 4689
2880 4798
2881 4736
2911 4959
2921 4949
2961 3968
3003 4585
2855 3049
3056 4250
3109 4910
3111 3953
3118 4351
3129 4394
2259 3167
3183 4995
3230 4649
3254 3890
3271 3542
3040 3276
3322 4621
3342 4355
3347 4929
3378 4482
3406 4683
3496 3514
3511 4734
3524 4742
3590 4765
3616 4491
3682 4555
3698 4882
3670 3717
3720 4844
3727 4583
1825 3739
3746 4109
1993 3752
3764 4258
3766 4012
3774 4879
3805 4627
3878 4677
3630 3886
3913 4598
3925 4597
3933 4268
3973 4957
4033 4876
4040 4932
4046 4862
4071 4922
4089 4791
4098 4101
4113 4562
4171 4174
4172 4187
4186 4189
2505 4192
2420 4197
4090 4203
4210 4544
3822 4213
3558 4219
4238 4995
2303 4239
4270 4299
2731 4271
4277 4801
3847 4282
4306 4352
4231 4362
384 4364
4177 4382
4405 4518
4052 4409
4417 4726
4433 4868
4434 4534
4206 4448
4449 4864
4458 4979
4473 4535
840 4485
4506 4518
4481 4507
2307 4508
4358 4540
4547 4811
3906 4551
4158 4559
2855 4588
1993 4589
3957 4590
4610 4611
4614 4751
4637 4822
2232 4640
4532 4645
4083 4665
4666 4798
4090 4672
4685 4942
4692 4772
4701 4746
3979 4705
4352 4709
4532 4713
1257 4721
4722 4861
3972 4752
4755 4844
4563 4757
4777 4970
4783 4803
4772 4785
4787 4956
3978 4832
4600 4840
4845 4870
4848 4849
4860 4949
1398 4863
4871 4959
4334 4875
356 4883
4894 4905
4902 4904
4867 4914
4921 4925
4931 4995
4253 4935
4936 4955
4938 4971
4939 4947
2545 4976
3119 4978
2875 4983
4311 4986
4475 4991
4969 4993
4528 4996
2757 4827
3003 4656
3183 3622
3276 4706
3406 4334
3717 4663
3720 4904
2031 3739
3759 3766
3925 4427
3933 4891
4033 4796
4036 4046
4089 4838
4174 4984
4192 4786
4196 4197
2302 4219
4035 4239
4270 4771
4091 4277
3160 4362
3453 4382
4347 4433
3338 4434
3464 4449
2787 4458
3433 4473
4485 4920
4463 4508
3798 4540
4547 4622
3315 4559
2221 4614
4566 4640
4519 4645
4084 4672
3652 4701
3751 4705
4698 4709
4699 4713
4721 4788
4422 4752
4783 4876
4131 4787
4848 4864
4221 4860
1606 4875
4555 4883
4914 4942
4605 4935
4936 4956
3998 4938
3760 4947
4854 4978
4348 4986
3521 4991
3247 4993
4989 4996
4382 4689
