361524 19999
361524 52785
361524 80379
361524 111376
361524 153979
361524 242933
361524 350442
361524 363079
361524 448649
361524 476448
172218 203272
172218 294393
148008 152841
148008 178031
148008 354276
148008 430159
148008 502904
268353 13248
268353 129020
268353 147835
268353 434010
268353 478024
268353 506046
268353 507217
326852 84708
326852 154141
326852 155537
326852 427671
326852 428543
104347 93401
104347 543565
90055 252958
90055 318922
90055 342983
90055 390996
90055 414771
403034 272735
403034 521655
418521 46279
418521 189182
418521 288862
418521 520574
418521 527948
471583 21628
471583 169162
471583 285643
471583 390438
471583 450500
471583 540836
128438 100344
128438 180067
128438 204136
128438 312723
128438 436894
184191 205669
184191 315407
184191 333688
184191 417663
184191 526095
57383 458993
129164 30012
129164 255399
129164 345802
129164 526608
129164 540443
378221 29563
378221 115144
378221 245523
378221 257155
378221 261348
378221 426084
378221 438643
378221 449928
378221 466454
378221 498764
378221 526801
65124 540443
99026 205676
374773 7001
374773 178992
374773 316269
374773 317370
242933 38671
242933 111376
242933 384330
242933 476448
366691 29516
366691 51619
366691 90166
366691 94201
366691 105210
366691 107221
366691 138881
366691 141236
366691 143470
366691 184995
366691 199857
366691 214048
366691 220496
366691 232138
366691 235790
366691 245205
366691 285967
366691 291289
366691 303420
366691 381792
366691 390383
366691 397202
366691 431210
366691 437872
366691 446414
366691 472011
366691 501167
366691 543550
514884 301724
514884 318922
514884 342983
514884 367123
514884 414771
166549 149809
166549 208714
166549 306636
166549 314250
166549 314719
166549 429708
166549 542633
166549 543516
74895 46508
74895 108892
74895 199759
74895 499583
543463 183432
543463 285643
543463 368631
543463 378785
543463 450500
543463 455588
543463 466832
526811 25009
526811 46774
526811 83064
526811 121895
526811 143980
526811 168984
526811 202049
526811 218826
526811 257338
526811 269544
526811 285611
526811 321713
526811 375374
526811 376886
526811 407566
526811 410605
526811 439577
45362 79870
75510 29516
75510 141236
75510 431210
75510 437872
75510 501167
19509 30962
19509 141635
19509 150207
19509 176159
19509 190765
19509 211967
19509 236947
19509 265066
19509 268123
19509 295177
19509 295752
19509 310236
19509 313006
19509 373756
19509 404948
19509 428737
19509 475666
19509 500473
489905 98199
489905 298507
67407 31185
67407 67802
67407 88071
67407 88664
67407 92707
67407 109100
67407 277636
67407 522219
98930 121895
98930 372898
98930 376886
98930 439577
165040 206591
165040 208097
190384 111414
190384 116789
190384 159553
190384 178341
190384 184602
190384 250774
190384 300365
190384 366509
190384 425538
34895 67572
34895 92472
34895 116969
34895 306636
34895 542633
331170 164067
331170 284186
331170 312209
331170 518323
401798 252125
401798 294679
401798 330328
401798 412163
401798 535477
278 79870
116096 244578
116096 536482
271643 98199
271643 119854
271643 120699
271643 123159
271643 137050
271643 193240
271643 222414
271643 256445
271643 273209
271643 340331
271643 383731
271643 417198
271643 440745
271643 503684
257155 261348
257155 354276
257155 449928
150139 250774
150139 367642
150139 401615
150139 425538
507217 129020
507217 250378
507217 284228
507217 300621
507217 434010
507217 458156
313307 221281
313307 229209
313307 263093
313307 383087
313307 417521
313307 433190
313307 502212
412163 186022
412163 318212
460644 290088
460644 527948
460644 539948
232462 199855
232462 389997
232462 398644
407566 254853
407566 372898
407566 386841
407566 528346
185045 323826
185045 354879
185045 372898
185045 410605
262908 1822
262908 285611
262908 354879
262908 372898
262908 376886
243240 267773
243240 292275
243240 309672
243240 336982
243240 405609
243240 524866
503684 222414
490624 29516
490624 141236
490624 431210
490624 437872
490624 501167
194436 178031
194436 261348
194436 430159
194436 502904
397202 184995
366824 127262
366824 318538
286589 30597
286589 183432
286589 475566
286589 529823
35073 17023
35073 58915
35073 72662
35073 125825
35073 182543
35073 186111
35073 264194
35073 288779
35073 299682
35073 453437
35073 483647
35073 490115
35073 516354
333688 80153
333688 117848
333688 205669
333688 243289
333688 441533
419566 13248
419566 430159
419566 478024
419566 502904
43617 518323
460073 30093
460073 49424
460073 123681
460073 124992
418859 207318
418859 214971
418859 351105
418859 356552
190012 164067
190012 284186
190012 312209
190012 518323
186598 110031
186598 197286
186598 241105
186598 311029
186598 367642
236502 49299
236502 139674
236502 164490
236502 189578
236502 211522
236502 348796
236502 372909
236502 420643
208714 127199
208714 306636
208714 314719
208714 335183
208714 429708
208714 447892
208714 542633
208714 543516
52785 19999
52785 186827
52785 448649
52785 476448
434715 110557
434715 295118
434715 312723
434715 461141
164067 54635
164067 256238
164067 263267
164067 274179
164067 296790
164067 548391
38671 18041
38671 42473
38671 181492
38671 193240
38671 219603
38671 371029
38671 394886
38671 482986
152841 3670
152841 151159
152841 178031
152841 261348
152841 354276
152841 430159
152841 449361
152841 502904
451582 54908
451582 291528
451582 389997
451582 410695
451582 504513
451582 515526
451582 530846
21823 48542
21823 98418
21823 126184
21823 421322
21823 438641
21823 445274
21823 462922
21823 481513
21823 494020
21823 519197
21823 536302
233405 30012
233405 80153
233405 243289
233405 441533
233405 526608
31185 67802
31185 158577
31185 380684
31185 399006
526801 261348
526801 426084
526801 498764
67016 203272
67016 279830
67016 440989
394886 12959
394886 18041
394886 42473
394886 60211
394886 68495
394886 104481
394886 168941
394886 181492
394886 371029
394886 426835
394886 435398
394886 482986
394886 491667
120699 123953
120699 203272
120699 294393
337607 98418
337607 390996
337607 438641
337607 462922
337607 519197
51619 29516
51619 381792
51619 390383
51619 431210
29098 324936
29098 357323
29098 372239
29098 379439
29098 381294
136963 76557
136963 121638
136963 175604
136963 200642
136963 313665
136963 537720
353264 221281
353264 229209
353264 263093
353264 275237
353264 383087
353264 401268
353264 416162
353264 502212
480619 389997
480619 504513
480619 515526
480619 530846
507975 24451
507975 47912
507975 155537
507975 178529
507975 211919
507975 399824
507975 427671
507975 458888
507975 521723
507975 543979
30690 30398
30690 104553
30690 217871
30690 287524
30690 401268
30690 418177
30690 504199
30690 512729
30690 535762
542633 67572
542633 92472
542633 116969
542633 314719
542633 343306
542633 429708
542633 447892
542633 543516
120579 46279
120579 189182
120579 288862
120579 520574
275237 30398
275237 287524
275237 299611
275237 504199
423198 279830
423198 430314
173727 85524
478024 13248
478024 33799
478024 147835
478024 178031
478024 430159
478024 449361
478024 502904
478024 506046
163311 2411
163311 69201
163311 93401
163311 141751
163311 305053
163311 310707
163311 371620
163311 396936
163311 508516
435295 37375
435295 69201
435295 93401
435295 310707
435295 347774
435295 371620
449928 29563
449928 92212
449928 115144
449928 144348
449928 245523
449928 261348
449928 426084
449928 466454
449928 498764
408890 33563
408890 284186
300365 87508
300365 218002
300365 357757
300365 401615
300365 425538
300365 496127
300365 527570
54635 79662
54635 548391
187924 317367
187924 401449
276604 292275
276604 318245
276604 322472
276604 336982
276604 342279
276604 366517
276604 524866
276604 528695
121895 25009
121895 46774
121895 47750
121895 143980
121895 151205
121895 164421
121895 168984
121895 254853
121895 257338
121895 263107
121895 336115
121895 357034
121895 372898
121895 375374
121895 376886
121895 384707
121895 386841
121895 400823
121895 439577
121895 528346
30012 80153
30012 117848
30012 163200
30012 205669
30012 243289
30012 255399
30012 284366
30012 298966
30012 316153
30012 345802
30012 369899
30012 417663
30012 441533
30012 455520
30012 526608
30012 540443
541690 127262
541690 202986
541690 309411
541690 329078
541690 345901
541690 377247
183478 67608
183478 283617
183478 354879
183478 360852
183478 371490
326093 79870
103529 110031
103529 250774
103529 401615
103529 425538
295752 108892
295752 317367
412976 13768
412976 15289
412976 72043
412976 152237
412976 160661
412976 161912
412976 210341
412976 302476
412976 339760
412976 364755
412976 407014
152407 33251
152407 70522
152407 98081
152407 229209
152407 301761
152407 419862
152407 458993
163200 188313
163200 255399
163200 284366
163200 298966
163200 321687
163200 345802
163200 369899
163200 526608
163200 540443
418177 104553
418177 217871
418177 401268
418177 512729
311029 4645
311029 47682
311029 93372
311029 110031
311029 125772
311029 218626
311029 241105
311029 250774
311029 297914
311029 315058
311029 326307
311029 348376
311029 358107
311029 367642
311029 400446
311029 401615
311029 425538
311029 456757
311029 469419
311029 472190
311029 484501
311029 492227
311029 516259
311029 544242
185383 325599
539578 2411
539578 381294
539578 396936
539578 489239
539578 508516
482986 18041
482986 60211
386841 1822
386841 151205
386841 170493
386841 254853
386841 263107
386841 285611
386841 360852
386841 372898
386841 384707
386841 528346
386841 531024
543979 24451
543979 47912
543979 105539
543979 155537
543979 171637
543979 178529
543979 196737
543979 378495
543979 458888
71187 373799
143298 214971
139674 65581
139674 90392
139674 115024
139674 164490
139674 189578
139674 211522
139674 372909
40019 180067
40019 204136
40019 312723
40019 436894
40019 482991
392518 122021
392518 171677
392518 240874
392518 248217
392518 250953
392518 315368
392518 322320
392518 358887
392518 398644
392518 437941
392518 518791
392518 523525
540798 45782
540798 54949
540798 101974
540798 419926
540798 466304
430159 13248
430159 33799
430159 178031
430159 299402
430159 354276
430159 425548
430159 502904
75366 100344
75366 168149
75366 170940
75366 206591
75366 282747
232138 52944
232138 90166
232138 141236
232138 199857
232138 214048
232138 220496
232138 235790
232138 245205
232138 284623
232138 285967
232138 350190
232138 390383
232138 431210
232138 446414
232138 543550
158577 9649
158577 67802
158577 88071
158577 88664
158577 92707
158577 109100
158577 277636
158577 522219
85871 521655
392680 147259
392680 183214
392680 281081
392680 282228
392680 389997
392680 398644
392680 424074
481513 48542
481513 98418
481513 390996
481513 519197
60627 280255
360852 354879
146527 92707
146527 455309
146527 463500
72043 15289
72043 152237
72043 160661
72043 161912
72043 364755
72043 407014
72043 461141
268123 279830
268123 539292
317367 279830
317367 326211
317367 336905
67572 92472
67572 116969
67572 141618
67572 306636
399824 46639
399824 47912
399824 84708
399824 105539
399824 135843
399824 146453
399824 154141
399824 155537
399824 171637
399824 196737
399824 242887
399824 280180
399824 318944
399824 324619
399824 378495
399824 412348
399824 428543
399824 458888
399824 503909
399824 543565
151159 55637
151159 76557
151159 200642
151159 537720
377247 127262
377247 252719
377247 261562
377247 296069
377247 309411
377247 345901
377247 434830
377247 522378
127821 229209
127821 458993
452208 310851
285611 1822
285611 151205
285611 254853
285611 372898
285611 384707
285611 528346
87810 176306
87810 351105
87810 421169
321713 25009
321713 46774
321713 47750
321713 83064
321713 357034
321713 372898
335183 127199
335183 314250
335183 447892
223555 62163
223555 383111
223555 428277
223555 461141
223555 536296
142595 124196
142595 206591
142595 254038
142595 282747
142595 343602
142595 415742
142595 440729
142595 447487
142595 478992
142595 527680
142595 530304
425538 4645
425538 7001
425538 47682
425538 87508
425538 93372
425538 110031
425538 111414
425538 111430
425538 116789
425538 128229
425538 159553
425538 178341
425538 178992
425538 184602
425538 193112
425538 197286
425538 218002
425538 218626
425538 241105
425538 316269
425538 317370
425538 326307
425538 333346
425538 348376
425538 357757
425538 366509
425538 367642
425538 400446
425538 456757
425538 469419
425538 472190
425538 490853
425538 492227
425538 496127
425538 516259
425538 527570
425538 540846
425538 541918
425538 544242
46508 499583
351827 2411
351827 270651
351827 492555
109222 230788
98199 29354
98199 84285
303420 141236
303420 431210
303420 437872
303420 501167
316269 250774
316269 401615
309672 267773
309672 292275
309672 322472
309672 333602
309672 405609
309672 524866
408212 46639
408212 61963
408212 84708
408212 135843
408212 146453
408212 151824
408212 155537
408212 218533
408212 239629
408212 280180
408212 301756
408212 318944
408212 347666
408212 394879
408212 412348
408212 428543
408212 518982
408212 543565
294679 80756
294679 276567
294679 330328
394703 166566
394703 186386
394703 285669
282747 100344
282747 208097
282747 530304
326307 197286
326307 250774
326307 401615
301724 252958
301724 318922
301724 331673
301724 342983
301724 365395
301724 367123
301724 379854
301724 390996
301724 400256
301724 414771
301724 457506
301724 491430
301724 531201
301724 534435
55637 76557
55637 200642
55637 333602
184995 52944
184995 199857
184995 284623
184995 350190
184995 431210
184995 472011
184995 540846
105539 24451
105539 155537
105539 178529
105539 211919
105539 427671
105539 521723
83064 372898
284623 235790
284623 431210
230788 35067
230788 108892
230788 122517
230788 176159
230788 190765
230788 279830
230788 298507
230788 310851
230788 326211
230788 373756
230788 380338
230788 404948
230788 428737
230788 499583
351405 17023
351405 58915
351405 72662
351405 125825
351405 182543
351405 186111
351405 262114
351405 288779
351405 299682
351405 453437
351405 483647
351405 516354
423306 182435
423306 186575
423306 446298
423306 449985
423306 521655
436894 100344
436894 180067
436894 204136
436894 312723
436894 482991
117548 135059
117548 520574
29516 105210
29516 141236
29516 431210
29516 437872
29516 501167
108892 199759
108892 279830
108892 365309
108892 500473
108892 539292
168719 368631
168719 466832
194712 33563
194712 284186
243709 141236
243709 275210
243709 363412
243709 437872
243709 494409
137050 123159
456757 193112
456757 250774
456757 401615
70522 301761
70522 458993
70522 496201
285967 199857
285967 390383
285967 431210
110557 295118
110557 312723
110557 354111
110557 486332
310707 37375
310707 69201
310707 93401
310707 141751
310707 323558
310707 347774
310707 371620
310707 423591
306531 64826
306531 95344
306531 123107
306531 290088
306531 308531
306531 358803
306531 407401
306531 411849
306531 444520
306531 484750
306531 520574
306531 527948
306531 539948
400446 193112
400446 250774
400446 401615
471620 2411
471620 396936
471620 508516
471620 539353
318245 336982
318245 366517
318245 390333
318245 528695
315368 122021
315368 171677
315368 322320
315368 331184
315368 358887
315368 389997
315368 437941
315368 523525
428277 9649
428277 461141
446298 182435
446298 449985
446298 521655
295177 30962
295177 127928
295177 141635
295177 150207
295177 179698
295177 236947
295177 265066
295177 475666
59912 83906
59912 317146
59912 448214
59912 530647
61963 51078
61963 88581
61963 239629
61963 240213
357323 229451
357323 324936
357323 372239
357323 379439
508516 101280
508516 323558
508516 489239
214971 351105
214971 356552
298214 218533
298214 229451
298214 280180
88071 67802
88071 277636
88071 380684
88071 399006
30688 59759
30688 473001
338475 82609
338475 256238
338475 312209
338475 499709
33251 38265
33251 419862
33251 458993
244578 204126
244578 205676
244578 294393
244578 536482
84708 46639
84708 135843
84708 154141
84708 155537
84708 178260
84708 242887
84708 318944
84708 324619
84708 412348
84708 428543
84708 482982
84708 503909
84708 543565
169162 50999
169162 164812
169162 207828
169162 350551
169162 397827
169162 489239
501043 51078
501043 239629
345901 127262
345901 202986
345901 221281
345901 229209
345901 261562
345901 309411
345901 502212
345901 541122
384330 521655
336115 263107
336115 372898
336115 439577
434830 64879
434830 127262
434830 202986
434830 296069
434830 329078
434830 522378
505814 324936
505814 372239
505814 381294
232381 84226
232381 207311
232381 436671
345802 25094
345802 188313
345802 284366
345802 298966
345802 309970
345802 315063
345802 315407
345802 321687
345802 369899
345802 480831
345802 540443
318944 155537
318944 482982
272525 248030
272525 284228
272525 390333
272525 413512
272525 414104
46279 135059
46279 288862
46279 520574
322472 292275
322472 336982
322472 342279
322472 524866
322472 528695
496201 301761
496201 419862
496201 458993
428737 176159
428737 190765
368631 352294
368631 378785
368631 431076
368631 437689
368631 442025
368631 455588
141635 432229
277024 252719
449985 115533
449985 186575
449985 521655
8922 463500
93401 30597
93401 37375
93401 79662
93401 141751
93401 183432
93401 305053
93401 323558
93401 371620
93401 423591
93401 524460
475566 30597
475566 141751
475566 183432
475566 269495
475566 512055
475566 529823
518791 122021
518791 331184
518791 437941
434010 129020
434010 147835
434010 250378
434010 458156
87508 111414
87508 116789
87508 159553
87508 178341
87508 184602
87508 250774
87508 366509
88581 51078
88581 147912
88581 218533
88581 239629
88581 240213
88581 328570
88581 407300
88581 472444
88581 519271
295118 9649
295118 354111
295118 461141
295118 486332
363079 476448
306636 92472
306636 116969
306636 141618
306636 314719
306636 429708
306636 447892
306636 527792
306636 543516
478992 254038
478992 523267
492555 30597
492555 270651
492555 434917
431210 52944
431210 90166
431210 94201
431210 107221
431210 138881
431210 141236
431210 143470
431210 199857
431210 214048
431210 220496
431210 235790
431210 245205
431210 291289
431210 334633
431210 350190
431210 351105
431210 381792
431210 390383
431210 437872
431210 446414
431210 501167
431210 540846
431210 543550
45782 54949
45782 101974
45782 419926
45782 466304
543565 146453
543565 155537
543565 178260
543565 412348
261562 64879
261562 202986
261562 221281
261562 229209
261562 252719
261562 502212
380882 263317
451931 166566
269495 183432
269495 350551
269495 407300
269495 519271
365309 211967
365309 313006
279830 35067
279830 51902
279830 108259
279830 112056
279830 179698
279830 211967
279830 217346
279830 313006
279830 321619
279830 336905
279830 432229
279830 504412
279830 539292
164490 90392
164490 115024
164490 189578
164490 211522
400256 318922
400256 342983
400256 367123
400256 414771
539353 2411
539353 434917
178031 33799
178031 299402
178031 354276
178031 449361
178031 502904
399173 65581
399173 90392
399173 115024
399173 161640
399173 231590
4645 193112
4645 250774
4645 401615
116789 218002
116789 357757
116789 401615
116789 496127
116789 527570
317370 178992
208097 124196
208097 206591
208097 343602
208097 415742
208097 440729
208097 447487
208097 527680
76557 150371
76557 200642
325052 49424
325052 196008
325052 310851
539156 17023
539156 186111
539156 453375
226541 59759
226541 83510
226541 294393
143470 199857
143470 540846
485080 166566
482584 205838
482584 273775
482584 277617
482584 343306
342983 252958
342983 318922
342983 331673
342983 365395
342983 367123
342983 379854
342983 390996
342983 414771
342983 457506
342983 491430
342983 531201
516259 250774
516259 401615
164140 50999
164140 164812
164140 207828
164140 248396
164140 265316
164140 350551
164140 397827
164140 512055
254038 523267
502904 13248
502904 33799
502904 299402
502904 354276
502904 425548
502904 506046
105210 141236
105210 437872
105210 501167
421322 348796
421322 372909
421322 444456
421322 536302
522378 64879
522378 296069
522378 309411
522378 329078
265066 150207
265066 373756
219603 294393
219603 399572
315063 25094
315063 188313
315063 315407
315063 540443
294393 111376
294393 153979
294393 203272
294393 204126
294393 296111
294393 350442
294393 393031
294393 447224
294393 495476
294393 504412
159553 401615
159553 527570
346179 548482
540836 21628
540836 285643
540836 390438
540836 450500
272828 127536
272828 214216
272828 256238
272828 284186
272828 548391
490115 110416
490115 288779
490115 453437
490115 516354
176159 30962
176159 190765
176159 373756
176159 404948
122021 322320
122021 331184
122021 437941
196737 24451
196737 155537
196737 427671
231590 84226
231590 161640
231590 270717
231590 436671
84839 204966
84839 541122
85524 29586
85524 280255
85524 370416
230262 221281
230262 229209
230262 458993
366654 83906
366654 123953
428543 154141
428543 155537
428543 324619
428543 482982
255399 284366
255399 316153
255399 369899
255399 526608
255399 540443
315058 110031
315058 197286
315058 241105
315058 367642
69201 37375
69201 141751
69201 305053
69201 323558
69201 347774
69201 371620
69201 423591
94201 199857
94201 540846
348376 197286
348376 250774
348376 401615
355378 221281
355378 229209
355378 263093
355378 383087
355378 502212
189578 115024
189578 211522
189578 348796
189578 372909
30962 150207
30962 430314
30962 475666
384688 100344
384688 168149
384688 170940
461141 13768
461141 62163
461141 152237
461141 160661
461141 170940
461141 210341
461141 302476
461141 339760
461141 348664
461141 407014
461141 495195
14686 84693
14686 326849
222414 145797
222414 273209
101974 54949
101974 145542
101974 440865
101974 523267
281081 199855
281081 248217
281081 250953
281081 277503
281081 389997
281081 398644
205669 25094
205669 80153
205669 243289
205669 526095
205669 526608
468534 3670
468534 390996
468534 438641
468534 462922
35067 59613
280180 151824
280180 218533
280180 229451
280180 248396
280180 327139
280180 379439
527948 112689
527948 290088
527948 308531
527948 407401
527948 484750
527948 539948
324619 155537
324619 482982
273775 205838
273775 277617
273775 298254
273775 343306
211919 427671
211919 453375
505914 127536
505914 214216
505914 256238
505914 284186
505914 548391
43379 38265
43379 98081
383087 95427
383087 182201
383087 221281
383087 229209
383087 289953
383087 347716
383087 417521
383087 433190
383087 443332
383087 502212
428993 83510
108259 252125
108259 365354
108259 475666
511689 293587
511689 373799
127262 202986
127262 221281
127262 229209
127262 287582
127262 309411
127262 390680
127262 502212
338128 166566
458156 129020
458156 300621
305053 141751
305053 323558
305053 347774
378785 183432
378785 285643
378785 431076
378785 450500
378785 466832
84226 270717
84226 436671
50999 207828
50999 248396
50999 265316
50999 397827
111376 476448
192540 437872
77701 120615
77701 204966
77701 225233
77701 541122
427671 24451
427671 47912
427671 155537
427671 171637
427671 178529
427671 378495
427671 458888
427671 482982
182543 58915
182543 110416
182543 264194
348664 13768
348664 170940
348664 210341
348664 339760
297812 141236
297812 363412
297812 422289
297812 437872
297812 494409
154202 299055
448649 161737
448649 186827
153979 19999
153979 476448
96125 19999
193240 123159
193240 440745
207828 164812
207828 248396
207828 265316
207828 397827
207828 489239
29586 280255
29586 370416
211522 115024
211522 372909
123681 124992
351020 270651
351020 324936
351020 372239
351020 381294
351020 434917
321687 188313
321687 284366
321687 315407
321687 369899
536296 9649
536296 302476
120615 204966
120615 225233
120615 541122
220496 199857
220496 390383
419926 54949
419926 145542
419926 440865
419926 466304
419926 523267
288779 58915
288779 110416
288779 264194
288779 299682
199759 499583
443731 229209
443731 458993
250378 129020
250378 300621
506046 13248
506046 33799
506046 129020
269544 143980
269544 168984
269544 372898
269544 439577
390333 342279
390333 366517
390333 414104
390333 528695
181492 12959
181492 18041
93372 193112
93372 197286
93372 250774
504199 30398
504199 217871
504199 287524
504199 401268
504199 512729
147835 13248
147835 33799
147835 129020
247886 97018
247886 267773
247886 333602
247886 405609
247886 537720
334633 141236
334633 199857
334633 390383
334633 494409
364755 152237
364755 161912
364755 407014
21628 285643
21628 390438
21628 450500
147259 183214
147259 199855
147259 248217
147259 250953
147259 277503
147259 389997
147259 398644
147259 529057
475666 150207
475666 190765
475666 313006
475666 321619
308531 290088
308531 484750
308531 539948
197919 373756
453437 58915
453437 110416
453437 264194
178529 458888
326874 123953
466454 261348
466454 426084
441533 80153
441533 117848
441533 243289
441533 417663
441533 526095
441533 526608
417521 59285
417521 217871
417521 221281
417521 246180
417521 433190
417521 502212
312723 46091
312723 180067
312723 482991
245523 261348
245523 354276
494020 48542
494020 98418
494020 420643
282228 183214
282228 199855
282228 389997
443332 182201
443332 229209
443332 289953
443332 502212
59759 473001
287524 30398
287524 104553
287524 217871
287524 299611
287524 401268
287524 512729
10064 205597
10064 243864
10064 250213
347716 182201
347716 229209
347716 289953
347716 502212
312209 82609
312209 202846
312209 256238
312209 284186
312209 296790
312209 518323
523046 370416
466304 54949
466304 145542
466304 440865
110416 17023
110416 58915
110416 72662
110416 125825
110416 186111
110416 262114
110416 264194
110416 299682
110416 483647
110416 516354
346322 435398
198973 401449
112689 484750
24451 47912
24451 171637
24451 378495
24451 458888
24451 521723
519271 10384
519271 51078
519271 240213
519271 324936
519271 328570
519271 520048
115024 65581
115024 90392
115024 161640
530647 29354
530647 521655
200207 95344
200207 411849
372898 25009
372898 46774
372898 47750
372898 143980
372898 164421
372898 168984
372898 202049
372898 218826
372898 257338
372898 357034
372898 375374
372898 376886
372898 384707
372898 400823
372898 439577
372898 463662
372898 529516
372898 531024
412348 46639
412348 135843
412348 146453
412348 155537
412348 178260
371620 141751
371620 423591
25094 80153
25094 188313
25094 243289
25094 309970
25094 315407
25094 417663
25094 526095
304727 123953
141751 37375
141751 101280
141751 183432
141751 323558
141751 347774
141751 423591
92212 261348
92212 426084
92212 498764
248030 284228
248030 300621
248030 366517
248030 413512
248030 414104
35308 519686
392786 540443
370979 373799
370979 396502
370979 500473
521655 29354
521655 51157
521655 59532
521655 182435
521655 186386
521655 186575
521655 272735
521655 393031
521655 396502
390680 318538
379102 30093
379102 49424
379102 123953
371490 67608
371490 283617
371490 354879
115144 261348
115144 354276
115144 498764
2486 458993
453326 33563
453326 144321
453326 148541
453326 284186
51078 10384
51078 151824
51078 218533
51078 239629
51078 328570
51078 347666
51078 407300
51078 472444
410605 202049
410605 354879
54908 389997
54908 504513
54908 530846
518323 127536
518323 152979
518323 189182
518323 214216
518323 256238
518323 257412
518323 284186
518323 296790
518323 366293
518323 548391
250774 7001
250774 47682
250774 110031
250774 111430
250774 128229
250774 173327
250774 178992
250774 193112
250774 197286
250774 218002
250774 218626
250774 241105
250774 333346
250774 357757
250774 367642
250774 469419
250774 472190
250774 484501
250774 490853
250774 492227
250774 496127
250774 527570
494286 295664
494286 397827
494286 482373
347774 37375
347774 323558
347774 423591
240874 322320
240874 331184
240874 437941
414771 252958
414771 318922
414771 331673
414771 365395
414771 367123
414771 379854
414771 390996
414771 462922
414771 491430
414771 531201
527680 440729
527680 530304
370416 280255
348796 372909
348796 420643
348796 445274
348796 536302
59285 217871
59285 221281
59285 246180
59285 401268
59285 433190
59285 535762
256445 123159
256445 176184
3670 216677
3670 504221
3670 540443
455588 466832
211967 430314
98081 38265
98081 419862
149809 92472
149809 314719
149809 543516
100344 180067
100344 204136
100344 343602
100344 482991
438641 48542
438641 98418
438641 200667
438641 390996
438641 433362
438641 519197
392463 336905
392463 432229
58915 299682
58915 516354
210341 485254
472190 401615
415742 124196
415742 447487
415742 530304
472444 239629
97018 121638
97018 333602
97018 405609
97018 537720
365395 252958
365395 367123
202986 221281
202986 229209
202986 502212
374874 33710
374874 491667
13768 485254
233761 135059
233761 288862
233761 520574
236947 447224
236947 500473
186111 17023
425548 13248
425548 33799
157048 463662
25009 357034
170493 257338
170493 376886
170493 400823
170493 439577
463139 520048
463139 548482
180067 204136
180067 482991
342279 336982
342279 414104
342279 528695
218826 143980
218826 168984
218826 375374
397827 164812
397827 248396
397827 265316
397827 284484
397827 350551
417663 80153
417663 243289
417663 526095
417663 526608
287582 38265
373799 79870
373799 119359
373799 123159
373799 138024
373799 396502
373799 451488
373799 511278
373799 519686
482982 154141
482982 155537
263107 164421
451488 293587
188313 309970
188313 315407
529057 199855
529057 389997
284228 300621
284228 413512
284228 414104
275861 209480
275861 371029
275861 402379
161912 160661
161912 407014
80153 117848
80153 243289
80153 455520
80153 526608
263317 83906
198471 463500
485254 339760
491430 252958
491430 318922
323826 141236
323826 354879
424074 515526
424074 530846
300621 413512
501204 48542
501204 98418
501204 420643
501204 519197
129020 13248
540846 107221
540846 138881
540846 235790
540846 291289
135059 520574
416162 221281
416162 229209
416162 263093
416162 502212
110453 166566
83510 393031
347666 239629
347666 328570
347666 407300
310236 150207
310236 430314
229209 38265
229209 95427
229209 182201
229209 221281
229209 458993
229209 502212
414104 325599
414104 366517
414104 413512
241105 125772
241105 197286
241105 297914
241105 358107
241105 401615
241105 409840
125825 17023
292275 336982
292275 524866
257412 127536
257412 152979
323558 37375
536302 48542
536302 49299
536302 98418
536302 200667
536302 420643
536302 445274
318212 93356
318212 186022
318212 330328
318212 535477
541918 178992
541918 401615
534435 372909
33799 13248
235790 52944
235790 199857
235790 350190
235790 390383
325599 157044
526608 117848
526608 243289
526608 316153
526608 369899
526608 540443
450500 285643
450500 390438
450500 431076
500473 447224
500473 511278
277713 231620
79662 524460
257338 400823
340940 463500
270717 161640
270717 436671
519197 48542
519197 98418
519197 200667
519197 390996
519197 433362
519197 444456
519197 462922
178341 218002
178341 357757
178341 401615
178341 496127
178341 527570
199855 183214
199855 248217
199855 250953
423864 38265
423864 75780
423864 458993
171637 155537
166566 21786
166566 119359
191775 93356
141236 90546
141236 177498
141236 199857
141236 275210
141236 302445
141236 363412
141236 422289
141236 437872
141236 446414
141236 469463
141236 494409
141236 501167
141236 501544
154141 155537
265316 164812
250046 181025
250046 204126
250046 296111
151849 154509
151849 300975
151849 330328
239629 10384
239629 147912
239629 151824
239629 240213
239629 327139
239629 518982
455309 424948
10384 328570
10384 407300
107221 199857
544242 193112
544242 197286
544242 401615
291528 504513
433190 217871
433190 246180
433190 289953
433190 502212
92472 141618
64879 252719
64879 296069
64879 309411
64879 329078
272735 142115
272735 334788
363412 90546
363412 275210
363412 422289
363412 437872
363412 469463
363412 494409
363412 501167
175604 150371
175604 313665
390383 90166
390383 199857
390383 214048
390383 245205
390383 381792
390383 437872
390383 446414
447892 127199
447892 205838
447892 314250
447892 429708
447892 543516
489239 2411
489239 101280
489239 396936
522219 67802
522219 380684
522219 399006
29563 261348
29563 354276
29563 498764
161737 19999
161737 186827
161737 462210
123107 64826
92707 88664
92707 380684
92707 399006
463500 389997
463500 424948
407401 290088
407401 484750
272957 458993
121638 313665
121638 537720
350551 164812
205597 134980
205597 155537
205597 301756
205597 340570
205597 394879
217935 170940
318922 252958
318922 367123
318922 379854
318922 531201
458888 521723
367123 252958
367123 331673
367123 457506
367123 531201
82609 202846
82609 499709
177498 275210
177498 422289
177498 437872
177498 494409
270651 396936
270651 434917
33563 284186
33563 505613
246180 217871
246180 221281
185822 18041
185822 209480
185822 478676
185822 504784
453375 17023
453375 483647
54949 145542
54949 440865
54949 523267
261348 144348
261348 354276
261348 426084
261348 438643
261348 498764
262114 72662
527570 111414
527570 184602
527570 366509
205581 256238
205581 499709
48542 98418
48542 126184
48542 200667
48542 390996
48542 433362
48542 444456
48542 462922
258382 190765
258382 447224
298966 369899
298966 540443
2411 101280
2411 396936
302476 383111
47682 193112
47682 197286
204126 84693
204126 296111
466832 352294
466832 431076
466832 442025
267773 405609
267773 524866
352294 442025
276567 80756
276567 409356
276567 535477
138024 396502
143980 439577
354879 67608
354879 283617
248396 164812
498764 144348
498764 426084
498764 438643
126184 98418
126184 390996
126184 444456
302445 275210
302445 422289
302445 437872
302445 494409
144348 426084
437872 73543
437872 90546
437872 275210
437872 422289
437872 469463
437872 494409
437872 501167
437872 501544
437872 543550
80756 330328
437941 248217
437941 322320
437941 331184
437941 358887
437941 523525
516354 264194
225233 204966
225233 541122
285643 390438
285643 431076
203272 181025
203272 296111
214048 199857
200642 150371
200642 313665
182201 289953
182201 502212
42473 280255
4328 123953
52511 79870
170940 168149
327139 218533
221281 217871
221281 263093
221281 289953
221281 502212
221281 512729
221281 527792
369899 284366
369899 316153
369899 540443
243864 134980
243864 155537
243864 301756
243864 340570
243864 394879
434917 30597
389997 183214
389997 277503
389997 360890
389997 410695
389997 504513
389997 515526
389997 517559
389997 524460
389997 530846
88664 67802
88664 277636
88664 380684
88664 399006
51902 310851
51902 380338
447487 343602
447487 530304
504412 217346
482373 284484
256238 127536
256238 202846
256238 263267
256238 284186
256238 441252
256238 524460
482991 204136
277503 183214
17716 110031
17716 111430
17716 173327
17716 367642
17716 490853
402379 209480
402379 280255
402379 371029
402379 478676
402379 504784
351105 207318
388514 263267
388514 284186
134980 12604
134980 22699
134980 250213
134980 346707
123953 45561
123953 385399
123953 399572
123953 414657
123953 470004
539948 290088
539948 484750
396936 101280
396936 520048
313665 150371
313665 537720
95344 290088
455520 117848
455520 243289
455520 540443
127199 314250
283617 67608
18041 371029
18041 478676
18041 504784
15289 160661
15289 407014
199857 90166
199857 138881
199857 245205
199857 291289
199857 543550
543516 314719
328570 407300
379439 155537
379439 372239
379439 381294
55665 390146
123159 396502
511278 396502
385399 49424
505613 144321
505613 148541
523525 331184
186575 142115
186575 182435
160661 124196
155537 12604
155537 22699
155537 178260
155537 242887
155537 250213
155537 346707
155537 378495
155537 503909
155537 521723
398644 183214
398644 331184
548391 214216
548391 441252
79870 519686
519686 427507
376985 310851
193112 110031
193112 218626
193112 401615
193112 484501
193112 492227
171677 322320
171677 331184
469419 401615
414657 186386
414657 196008
296790 284186
371029 12959
371029 209480
371029 280255
371029 478676
401449 470620
321619 365354
206591 486332
206591 530304
150207 190765
150207 373756
242887 548482
527792 502212
284366 316153
284366 540443
200667 462922
379854 252958
528346 254853
528346 384707
528346 439577
30597 183432
30597 529823
440865 145542
1822 164421
299055 186386
116969 141618
229451 218533
354111 9649
104553 217871
104553 512729
98418 294447
98418 390996
98418 433362
98418 444456
98418 462922
90392 65581
90392 161640
358107 110031
358107 197286
358107 367642
346707 301756
540443 117848
540443 309970
540443 496148
196008 49424
127536 152979
127536 284186
127536 441252
183432 512055
183432 529823
60211 518306
29354 142115
529823 512055
124992 49424
93356 186022
93356 535477
383731 84285
356552 207318
356552 494409
301756 12604
301756 22699
301756 250213
301756 340570
300975 154509
300975 330328
419862 458993
376886 202049
376886 400823
376886 531024
315407 309970
528695 336982
528695 366517
528695 524866
263093 502212
367642 125772
367642 297914
367642 333346
367642 401615
240213 147912
240213 407300
445274 444456
111414 401615
178992 401615
484501 197286
478676 504784
503909 520048
503909 548482
52500 38265
52500 458993
336982 524866
490853 173327
490853 401615
214216 441252
366509 401615
75780 182923
75780 458993
117848 243289
207318 110031
277636 109100
343306 205838
343306 277617
197286 110031
197286 125772
197286 218626
197286 297914
197286 401615
197286 492227
248217 331184
494409 90546
494409 275210
494409 381792
494409 422289
494409 469463
494409 501544
181025 296111
372239 381294
49299 372909
49299 420643
216422 427507
252958 331673
182923 409356
182923 458993
499709 202846
520574 189182
280255 231620
190765 373756
284186 144321
284186 148541
284186 274179
284186 441252
357034 46774
486332 9649
390146 548482
530304 124196
530304 343602
484561 310851
535762 217871
535762 401268
47750 46774
38265 458993
299402 354276
83906 317146
83906 448214
285549 373756
299682 264194
297914 110031
407300 324936
444456 420643
207311 436671
217871 30398
217871 401268
501167 501544
458993 95427
458993 301761
331184 250953
331184 322320
331184 358887
125772 110031
173327 111430
512729 299611
512729 401268
372909 420643
296111 84693
343602 124196
340570 250213
299611 30398
299611 401268
324936 381294
515526 410695
515526 504513
515526 530846
110031 128229
110031 401615
401615 7001
401615 111430
401615 128229
401615 184602
401615 333346
49424 30093
330328 409356
330328 471336
277617 205838
277617 298254
290088 411849
290088 484750
186022 535477
504513 410695
504513 530846
373756 404948
254853 151205
380684 67802
380684 109100
502212 289953
151205 439577
250213 394879
537720 333602
537720 405609
284484 295664
457506 390996
457506 462922
252719 309411
252719 329078
329078 309411
476448 19999
476448 80379
476448 350442
449361 354276
438643 426084
164421 439577
275210 422289
275210 469463
275210 501544
51157 536482
531024 400823
333602 405609
484750 64826
67802 109100
67802 399006
390996 462922
497867 326849
497867 462210
462922 433362
296069 309411
250953 183214
422289 90546
401268 30398
439577 168984
439577 375374
439577 400823
399006 109100
375374 168984
350442 19999
426084 354276
520048 548482
19999 462210
65581 161640
358887 322320
