2943 3110
4271 4790
810 2148
4206 4613
296 2700
2769 3412
1799 4324
1489 4291
2267 3409
1152 3071
2096 4628
335 4580
3660 4235
2206 4569
2926 4552
3191 4548
1924 4906
2325 4628
2175 3943
3526 4924
4667 4985
2538 4972
835 4734
619 4413
3521 4316
3579 4511
1352 3867
963 2052
1772 4374
11 4816
2148 3882
2797 4737
2894 4510
3925 4790
3943 4972
1985 4272
2479 4956
2647 3668
1827 4946
3237 4692
1448 4988
967 4924
2017 4359
3318 4843
3744 4094
724 3098
3244 4940
3463 3672
2479 2859
4040 4808
1325 3422
124 4748
1171 4097
3057 4145
4395 4871
1676 4783
42 4580
2734 4752
152 4881
2797 2894
1912 2000
28 4777
2943 4613
4924 4968
3816 4798
1213 4940
2716 4993
4769 4838
619 4021
1476 4628
3530 4675
188 3782
3111 4578
4045 4448
1081 4957
1853 4892
2085 4511
2894 4112
2914 4905
2273 4247
3755 4247
2635 4154
3633 4855
1187 1264
477 4592
2239 4956
888 4094
2811 3834
4879 4972
232 4525
2428 4574
2706 4844
3422 4335
3534 3943
3123 4827
1040 2524
3983 4924
2479 4648
3456 4229
1456 2447
600 4844
2918 3597
2502 4940
3871 4490
961 1375
663 4574
4042 4395
1311 3975
960 3855
1441 4631
887 4988
3751 4481
3805 4957
1761 4795
2447 4544
4133 4206
1317 2489
1137 3832
1824 4613
1915 4548
2111 4578
2939 4325
3937 4544
2870 4831
4208 4525
4212 4525
2000 4363
2359 4190
2415 4269
2093 4675
3855 4628
3087 4291
2941 4341
20 555
2354 4145
2874 4843
1171 2531
2524 3579
3055 4648
2594 4145
3832 4552
4924 4990
291 4183
2022 4352
3698 4698
3165 4481
2138 4580
2746 4721
476 3456
3348 4678
4195 4912
680 4912
781 1759
1766 4592
1788 4594
1720 4829
2499 4972
3937 4569
3169 4919
3882 4871
1354 4912
2501 4780
3427 4737
3284 4779
2894 4678
3676 4591
1826 4569
1152 4291
1552 3288
840 4613
2501 4578
3975 4648
2964 3245
4073 4333
4413 4881
1695 4743
2812 4816
2477 4036
2239 3877
1163 3964
3107 3892
3422 4200
2102 4206
2068 4906
532 3943
2287 4843
251 4030
1187 3120
1776 2809
317 4752
2183 4073
3782 4041
3120 3333
549 4549
1853 3571
1730 4127
754 4728
2735 4544
3660 4262
1475 4382
2477 3302
1152 4838
1576 4350
2138 4510
3111 4382
4047 4552
4262 4407
2524 4512
1175 4748
3959 4769
4613 4988
2906 2924
1552 4359
4582 4816
1789 4454
1899 4775
4919 4965
3579 3963
619 4382
1958 2410
2706 3984
794 4798
245 3882
2441 4574
2846 3120
4721 4972
4154 4583
1857 3005
1958 4881
2746 4752
3098 4525
1759 2410
3871 4906
3963 4374
886 4728
2635 4610
2918 3530
4500 4609
855 4919
1479 4743
3834 4511
283 1447
873 3409
4399 4583
4790 4892
1001 4838
2918 3791
856 4127
3348 4667
2526 2593
3799 4287
3123 4742
3162 4727
4448 4843
3975 4325
469 3120
3925 4272
3840 4968
4459 4582
3454 3867
3455 4444
2317 4919
3871 4883
3412 4737
2735 4906
209 2847
2560 4752
3738 4145
3303 3409
3631 4965
2870 3907
1552 4838
1639 1711
2870 4795
633 2501
2797 4985
3392 4594
4213 4413
866 4995
4038 4855
4698 4779
1572 4802
2410 4413
4190 4985
2746 4972
1272 2377
3851 3943
122 1205
3284 4407
4182 4278
3627 4040
835 4235
4413 4578
4345 4610
2700 4778
3107 4775
3583 3765
4127 4574
4183 4269
3110 4965
2870 4611
3162 3983
3250 3597
449 1146
548 3845
1985 4525
2415 4628
4435 4743
4021 4413
4698 4988
1826 4490
3476 4892
4161 4459
19 4843
1326 4893
2924 3688
1474 4112
3069 4839
3219 4956
3844 4521
3571 4816
2716 3274
3832 4838
3284 4993
2425 4462
3660 4734
3842 4291
3845 4278
806 2127
4036 4065
2125 4395
4733 4881
4142 4753
3771 4879
2420 3412
1081 4569
4692 4733
3034 3409
781 3134
1733 4310
3786 4407
4094 4531
3588 4609
3771 4988
4495 4965
3093 4883
2266 4399
2193 4613
2447 4844
3791 4721
4262 4435
1479 3521
120 4324
4082 4602
990 4042
809 3422
492 4912
1447 4892
2341 2812
2198 4906
4094 4871
4287 4542
1866 2594
479 4444
1866 4382
283 4692
965 4613
361 4436
3140 3688
57 2194
844 3034
2359 4331
1046 2735
1468 4995
2111 4881
2700 4325
2846 4444
3087 4769
1627 3953
3808 3984
4333 4775
467 4790
2192 4500
2770 3231
3093 4592
2341 4892
3188 4549
3055 4912
3851 4946
3975 4956
4212 4753
2111 4413
1475 4780
923 3963
2425 4177
3091 3420
3274 4177
4206 4542
4742 4906
1840 3805
57 2924
237 4827
255 4748
382 4790
1398 1733
1799 4531
1078 3783
2823 4990
2964 4779
3815 4594
3925 4937
1786 1840
3749 3907
4338 4628
2881 3231
4100 4352
3098 3265
3221 3867
1827 2560
2058 4359
1572 3631
2261 3521
283 4582
800 4871
840 4542
1489 3288
2143 4919
875 2894
2817 3722
2936 4310
3348 3588
445 4816
919 2457
2741 4206
3667 4521
4262 4743
3120 4521
4839 4844
3413 4183
2847 4753
1912 2647
1715 2016
3392 4574
3191 4038
1505 4843
4073 4454
1826 4957
1456 4816
2700 3456
2287 4448
2809 4269
167 4990
2793 4816
4026 4775
454 1137
3140 3969
3003 3043
109 3627
3817 3834
2194 3917
3115 3530
3288 4552
3696 4313
2531 4310
4733 4924
2011 4530
1865 4611
1482 4985
3043 3454
3098 4937
3302 3412
381 4407
1912 4728
679 4287
1940 3667
2797 3251
4698 4839
1824 4542
1078 2817
1074 4734
335 4528
1480 2683
2175 4235
4692 4940
1689 3281
1827 2721
4042 4531
2885 4531
2706 4957
2085 4448
2859 3157
1964 4829
109 4905
2199 4742
4839 4924
1865 4795
3696 3845
2047 4743
853 1495
1304 4912
1304 4325
1637 4946
3005 4341
1588 4733
4790 4946
728 4769
3348 4613
3458 4399
2125 4042
3057 4881
809 4269
1272 4382
1625 4382
4582 4583
1040 4580
528 4990
3684 4783
3703 4855
2874 4802
781 1958
2894 4737
4413 4780
1733 4352
2317 2483
1627 4808
3751 4374
742 4698
3458 4827
1453 3285
2943 4287
3799 4965
3265 4662
1507 4995
3871 4957
835 3392
4548 4783
2242 4350
2279 4045
1074 3633
2420 3837
875 4609
2502 2989
2767 4338
3519 4610
124 3303
2874 2989
1078 3391
1787 4892
3456 3927
3091 4648
1827 4879
122 4558
797 2869
2043 4883
1531 3120
3583 3884
1398 3303
2593 2812
927 4692
3832 4769
1505 3456
1542 4721
2253 4778
1970 4512
4127 4235
1074 4278
4113 4755
62 4352
834 4988
2392 4881
2175 4595
3111 4780
4047 4291
2485 4578
1928 3882
3427 4331
493 4145
166 4855
3087 4552
1772 4331
1343 2457
2885 3744
1866 4413
2193 4206
3884 4790
214 4213
3281 4495
11 4030
3231 4905
3043 3221
983 4212
286 4363
1273 2016
2379 3969
1216 4831
814 2531
1625 4802
2500 3583
1915 3703
1475 1666
3722 4645
362 4459
3265 3833
4946 4972
3688 3969
1627 4883
814 4748
1956 4183
4047 4359
1616 4591
3154 4530
1824 4919
11 4350
4195 4778
840 2741
3871 4399
1129 4798
1776 3413
2812 4161
4082 4338
4481 4843
2325 4082
2859 3219
3672 4031
3851 4972
3964 4338
3774 4026
3679 4755
2616 4816
3348 4737
4335 4501
4444 4521
2585 4602
2583 3907
4968 4990
414 3722
215 2799
3071 3959
3855 4338
4287 4919
1186 3832
3698 4968
1436 3532
4734 4894
1146 3660
1666 4881
875 4112
323 4591
2193 4965
4374 4802
2377 2465
1021 4972
455 3749
2526 3281
680 4956
2526 4324
2823 4779
2188 2524
3367 3688
1273 4777
3698 4993
1975 2553
4325 4956
1720 4531
1649 4595
3511 4229
965 4965
1857 2809
3816 4993
215 3741
2769 4459
504 3823
1080 3300
1970 4602
2096 2767
1004 4892
291 4462
3302 4325
3696 4235
1532 4036
940 4993
3953 4883
574 2869
3623 4026
2170 2647
3937 4844
1926 2369
4183 4528
3851 4675
2583 4041
2070 4275
3265 4271
4525 4753
2631 3786
1438 3934
4154 4531
2125 3094
826 4628
617 3925
940 3820
2741 4919
3627 4905
3348 4331
504 4580
4026 4995
3245 4924
1766 2914
2017 4838
237 4957
1584 4495
1482 3738
3211 4667
3281 4611
1649 3696
3580 4519
2242 4580
3327 4127
1899 3917
1205 4558
283 4855
3749 4030
2033 4435
1392 4133
3845 4574
1483 4990
454 4838
1447 4940
1982 4291
2641 4778
3157 4097
3578 4733
4073 4783
153 4780
887 3817
1329 4692
2817 4444
469 3783
2016 3837
2716 4678
3840 4924
2538 4721
3677 3816
3191 4200
1799 4871
1620 4459
4582 4692
3087 4838
853 4031
2102 4287
3115 4972
1912 3391
3157 3917
4195 4325
3943 4675
2175 3869
856 3869
4790 4795
1329 3869
2553 4728
1666 4382
1177 2924
1335 4642
2483 4965
1584 4795
2052 4631
245 810
2700 4912
4583 4957
2096 4082
2616 4692
3427 4985
3851 4721
2342 4893
4275 4580
762 4511
4333 4454
243 1548
3884 4753
1270 4993
3984 4883
684 4790
1970 4628
3240 3855
887 4798
957 2183
2918 3943
2138 4500
4462 4528
4742 4957
4040 4905
2532 4748
617 4990
2093 2866
2793 2814
3937 4742
3094 4395
548 4769
886 4855
1040 3882
1436 4798
940 3840
1754 4212
3091 4912
2500 4271
3455 4521
4779 4924
896 4743
2692 4816
3134 4413
3244 4082
2377 3984
3892 4775
3782 4631
1975 4728
4065 4609
2541 3842
3120 4645
4399 4569
574 4995
3526 4993
4648 4778
2111 3738
3094 4531
3441 4642
983 4142
4519 4549
4692 4892
551 4831
2456 4737
2420 4271
4127 4734
3045 4578
2479 3823
1753 4988
2594 3738
4206 4363
2392 4382
504 4275
2989 3927
3071 4552
3170 4435
3221 4591
2085 4843
3744 4345
4229 4912
548 4047
2256 4200
1483 2716
2377 3222
2943 3631
4675 4778
794 4968
1511 4382
3511 4544
3815 4278
492 4956
3211 4985
844 4310
2528 4407
62 2022
1676 4200
95 4395
3578 4940
960 4512
4399 4827
617 4993
1127 4026
4133 4363
3774 4291
1354 4816
4262 4316
969 4790
1786 3043
605 3808
2640 4578
3245 4698
1967 4808
2465 2697
957 4728
2719 4919
1220 3413
2870 4988
3771 4968
265 4883
2212 4769
2869 4775
2068 4827
2541 4448
2641 3823
2877 3984
2287 3318
3817 4519
4798 4839
3111 3738
617 4968
545 4558
265 4777
477 3093
2293 3170
2869 4893
2583 4611
2583 4558
273 4611
291 4777
2585 4512
3222 4883
2588 4448
3284 4988
4247 4995
4578 4780
866 3943
2391 4580
3845 4894
3115 4721
1602 4530
1273 4275
167 2585
3420 4648
3222 4808
4031 4345
1483 4728
2656 2846
3963 4802
4544 4957
3855 4602
2572 4552
2239 4843
2441 3744
3069 4988
4042 4094
2683 3867
4613 4965
177 4519
1335 4753
3392 4595
3285 4200
4142 4525
2918 4675
3696 4182
338 3219
2188 4350
1666 4578
2183 3633
3511 4827
4335 4548
2070 4350
3749 4831
3231 4808
3953 4905
4512 4602
1956 2888
2775 3676
3869 4182
1959 3845
2647 4780
3808 4905
317 4879
2972 4038
1761 4831
2377 4871
215 4595
2485 4021
4200 4855
2273 4727
3832 4291
2040 2093
469 4645
630 1480
4692 4905
1507 4775
1468 4775
3765 4753
62 4748
1164 3842
11 4580
2566 3627
843 4831
1601 4816
1788 4995
2354 3738
2972 4200
3698 4839
3327 4278
3791 4946
106 4448
3098 4208
4839 4968
3118 4648
1361 4580
3307 4871
2100 4802
3765 3964
3300 4753
2735 4583
1329 4940
1456 4692
2796 4733
3274 4183
3441 3833
4065 4331
3722 4521
1689 4183
2168 4775
2635 4094
4363 4542
3420 4956
745 4374
1220 2990
4591 4924
605 4748
2415 4061
3816 4968
3964 4512
755 4352
4582 4940
1074 4574
4721 4879
855 4965
1548 3188
2881 4592
3231 4592
3855 4512
633 4780
2150 4990
3917 4742
3455 4827
1573 4500
1046 4742
1448 4924
2485 4881
3963 4040
4519 4843
3222 3231
1639 4247
1955 3855
3623 4995
3526 3698
4990 4993
3840 3983
3884 4525
3867 4591
3409 4352
181 4648
3744 4871
1398 4100
1163 4602
4436 4839
2058 3959
2797 4190
2175 4574
2797 4777
2881 3627
4030 4519
4521 4972
2433 4287
3265 4642
2168 4893
2393 3774
2531 4748
478 4995
2096 4905
4495 4611
4444 4988
1627 1875
4338 4602
896 4262
1928 4968
2256 4501
455 4831
1985 4937
3765 4208
4041 4831
3805 4569
3953 4592
961 4990
2393 4247
1135 4844
1534 4748
2052 3623
2447 4940
2524 4580
967 3983
4338 4855
476 4912
1733 4748
1198 4530
1311 3823
3165 4448
2847 3441
1956 4269
2192 4737
3169 4965
1135 4957
1171 4748
2068 4742
1620 3571
823 4481
532 4200
2084 4940
2084 2616
2716 4839
1967 4592
3463 4042
4208 4272
1300 4213
2566 4778
3668 3969
96 4753
3588 4569
4045 4755
1171 4352
4030 4324
1959 4278
1798 4698
4753 4968
2560 4879
2293 2811
4026 4631
232 4662
1001 4552
2746 4662
1177 3367
3597 4582
2212 3959
1914 4382
2697 4592
3162 4779
4041 4324
1476 3928
4752 4879
1441 4893
1573 4737
2775 3867
3937 4957
2656 4444
489 4154
2160 3115
3780 4316
2199 4490
3162 4698
2593 4827
1791 4112
923 4755
3583 4271
663 3817
3240 4628
3848 4510
4444 4645
4609 4667
3115 3791
2111 4213
3623 4247
3679 4481
445 4582
856 4734
2562 4413
1759 4413
3884 4212
4278 4595
3120 3455
2342 3782
3799 4363
4542 4919
4531 4610
1694 3519
3532 4331
3392 4542
362 4733
455 2870
1601 4459
3815 4182
2303 3530
4177 4269
1699 4642
1511 4021
4061 4338
1827 4675
1772 2811
467 4208
1875 3367
381 3786
3963 4595
4133 4161
2735 4742
3698 4988
2846 4645
3934 4542
3660 3741
4316 4743
3963 4448
2936 4808
507 2612
95 4871
3927 4229
188 4893
4816 4829
2870 4528
1100 4883
4047 4769
1177 3917
3633 4728
1354 3578
2148 4610
1385 4728
2100 2287
2885 4829
2016 4662
3071 4838
2125 3597
2253 4195
4544 4569
2562 4021
1004 1964
2972 4855
1327 4287
3221 3676
3786 4435
3823 4778
4045 4113
1004 4459
3816 4924
957 4454
1127 4995
1476 4061
3237 4831
3437 4065
2635 4395
3771 4609
4065 4985
1065 4213
1602 3688
382 4642
1505 4462
2588 4662
628 4843
1392 3799
2926 3288
3578 4892
1511 3134
4291 4552
1532 4993
4808 4905
3684 4728
251 4831
1857 2941
3071 4291
4742 4844
532 4752
3151 3820
2456 4510
4544 4827
2465 3222
4313 4324
4154 4829
1375 1637
2869 4727
382 3837
1448 4436
3055 4956
3869 4278
2881 4883
2526 4831
2809 4462
1649 3660
706 2914
3091 3456
4291 4838
4733 4855
1458 4990
106 4511
3848 4985
3391 4200
3118 4912
3892 4995
3677 4990
27 4275
2767 3240
3285 4454
3578 4816
545 4030
3623 4727
3455 3722
120 4628
317 4721
109 1100
1495 4645
1021 4946
3458 4957
3392 4313
2125 4345
3667 3844
79 4988
1686 1875
4956 4993
4213 4881
3302 4112
4269 4341
2148 4413
2058 4552
1419 4881
2150 4839
3917 3927
2936 3045
755 4879
4359 4435
636 3969
3660 4574
4490 4827
2031 4272
1505 3679
4692 4816
1926 4548
3244 3855
3799 4542
1489 4838
1482 3076
1766 4808
2261 3003
1454 4531
188 4906
2809 4177
4413 4988
887 4968
2150 3679
1448 4990
3597 4733
1326 4995
2918 4972
4021 4881
28 2809
478 4775
3274 4777
4611 4795
1649 4594
3441 4613
3534 4752
255 4100
3288 4838
1914 4413
3076 3588
756 4737
4698 4924
2369 4783
1866 4213
2797 4839
2170 2379
2127 2697
2502 2796
1352 1616
990 4871
4435 4459
4510 4737
1531 4692
2206 4399
139 4382
693 4097
2127 4993
1548 4549
2266 3458
1824 4363
3333 3667
3580 4802
4113 4374
4183 4341
1511 4881
507 4444
4501 4728
2328 4798
2354 3884
4988 4990
4662 4790
2093 2734
2943 4965
866 3755
3034 4310
2359 4500
3744 4395
20 4937
755 4972
1065 3057
1343 4578
2168 4727
3412 4678
4127 4313
3422 4333
914 4195
3871 4583
3211 4190
1100 3808
1676 4333
2635 4031
3774 3892
1754 4662
478 4727
1454 4871
2188 4275
2206 4957
2043 3984
2706 4583
1959 4894
3110 4542
3805 4906
1177 3969
2160 4879
3409 4313
878 4675
1325 3191
2016 4271
3741 4595
3519 3780
3928 3964
3744 4531
2183 4548
903 4755
3221 3454
3511 4399
1542 4879
323 3256
2526 4795
2528 4609
27 3188
1001 2926
2293 2528
2553 3422
4247 4727
605 4352
2342 4995
2874 3679
4558 4795
679 4965
3250 4582
4454 4728
152 4780
504 2188
1220 4341
62 4985
2441 4127
67 4580
251 4611
3280 4530
2640 4881
3392 4278
139 1866
2052 4775
1216 4495
3713 4154
3165 4511
1198 3917
3833 4525
1857 4777
2769 4985
3110 4613
2906 4530
3928 4082
4073 4501
4030 4041
4436 4798
706 2881
243 4549
1482 4609
2266 4906
3188 4275
3245 4798
1982 4359
493 4213
2198 4544
3285 4728
4325 4648
630 2775
724 4662
728 4359
356 4808
844 3738
680 4778
4544 4742
866 4269
3660 4894
1327 3684
1824 3934
1021 4879
2377 4883
3188 4580
1853 4816
3427 4667
3519 3786
4195 4229
3333 3844
4247 4775
1325 4333
3755 3774
960 4628
4631 4893
85 4610
3476 4542
1507 3774
3774 4631
3882 4531
4177 4341
382 4753
1616 2683
969 3134
2052 4727
2253 4956
3780 4407
2734 4675
3093 3953
4790 4937
1352 4591
1967 3953
3169 4287
2692 4937
2767 3928
2325 4512
2876 4843
3722 3783
1788 4727
2612 4993
3969 4145
3256 4548
1458 4839
1826 3511
2585 4628
3118 4195
2303 2499
3154 3688
2697 4883
359 3240
2926 3959
2936 4352
2532 4352
3250 4459
3437 4161
2011 4097
3882 4395
3791 4855
2256 3391
2447 4569
3688 4097
311 2635
3741 4574
2143 4965
1639 4775
4698 4968
2847 4790
1436 4692
4755 4802
3115 4946
3333 4444
1175 3288
823 4519
1300 4881
1247 3265
2894 3959
3003 3676
362 1317
3677 4924
3907 4558
2906 3668
3583 4937
1970 3928
545 4795
2085 4755
237 4742
1689 2990
2656 3333
1365 4779
1040 4275
3456 4195
588 1385
965 4542
1924 4490
19 2866
2379 3367
2489 4459
3722 3844
4161 4611
4247 4542
3458 3871
1695 4435
2683 4591
1865 3907
1955 4628
3808 4883
1495 4521
835 4968
4190 4331
1959 4574
2817 4648
4341 4528
2531 4100
1436 4582
3842 4113
1198 2742
810 4094
967 4698
2148 4558
2538 2866
3526 4798
886 4548
3219 3823
3456 4912
3679 4374
3842 4045
4113 4802
2102 4363
1542 3791
3871 4544
2199 4569
4061 4082
3679 4519
1772 3579
1926 4501
51 3170
1663 4919
1164 4061
3937 4490
1175 2022
2420 3844
2266 4844
215 4594
3633 4335
2252 3765
3284 4698
551 4558
3927 4912
335 2391
617 2964
2735 4569
2866 4879
3583 3844
120 4795
3840 4698
67 4350
3140 3917
1840 3003
636 1300
733 4407
2640 4021
3963 4100
352 4382
1967 4883
2812 4940
3623 4893
3162 3698
3713 4031
2391 4275
2428 4594
733 2631
1798 4839
1982 4047
3307 3463
1584 4324
2767 4628
2859 4229
1062 3521
4229 4325
27 3597
49 2303
2465 4808
1975 4501
875 4500
2656 4645
4780 4881
684 4611
4610 4871
1827 4972
2814 4271
4335 4855
823 2876
507 3667
1982 4552
1171 3845
85 4094
521 4733
4324 4558
4544 4583
49 2070
1129 4990
2741 4965
1970 4082
3845 4182
1175 3303
1542 4752
2767 4602
555 4743
1489 4552
1588 4940
1776 4777
1715 3441
2989 3823
492 2566
214 4325
1247 4753
3222 4592
1511 4413
2796 4892
439 3111
1081 4906
3975 4195
3157 3668
181 3823
4779 4839
2823 4698
2273 4631
918 4721
3877 4519
1753 4742
579 4395
957 3285
2719 3631
3755 4631
4195 4956
3392 4127
728 3093
51 1205
834 4839
2425 4183
4569 4957
3071 4359
2489 2692
3833 4753
2877 4905
1213 4692
878 4946
2040 4549
1548 4262
1915 4454
2093 4752
3302 4737
758 4324
4827 4906
963 4435
3285 3633
3157 3367
3907 4324
4965 4968
4382 4780
866 4893
1695 4262
2721 4675
4182 4313
679 3110
983 4790
840 4213
2656 4525
2809 3110
362 3250
2017 3087
3245 3771
3413 4777
3532 4036
1163 4628
3834 3842
233 1887
2631 3281
2811 3679
4613 4919
3169 4542
4742 4752
2267 3034
3871 4742
1300 2457
19 4755
4112 4190
2261 3676
1205 4611
3151 4924
3245 4988
4177 4728
3300 3833
2127 4905
2656 3844
1365 4839
1074 4235
3580 3877
1137 2058
3140 4530
4287 4965
1326 4775
1456 4892
118 3667
3437 4892
4500 4678
3928 4512
3250 4779
2047 3521
2939 4407
1572 3751
1532 4190
600 4583
1392 4542
1620 3476
1602 4097
2093 4721
1198 4097
2410 4021
4040 4883
4436 4924
3934 4133
4350 4549
4154 4871
630 3676
3511 4742
251 4905
1982 4838
2253 4790
1531 1601
2746 3534
3765 4271
1385 4783
758 4795
233 4727
1761 4495
1959 4313
3057 4578
2324 4892
214 3975
3250 4892
3413 4528
3820 4990
4182 4331
2499 3943
4510 4985
3808 4040
1258 4956
4333 4501
1216 4558
2734 4946
2279 4594
742 4990
2924 4530
2447 4957
2267 4100
3300 4790
2000 4335
2767 4082
4100 4748
4798 4906
4142 4642
4038 4335
2206 4844
745 4448
265 4462
449 4313
4335 4728
4030 4558
4161 4816
1375 4752
4278 4594
323 3454
1975 4073
4208 4271
3251 3917
4190 4510
4592 4883
3815 4829
2876 4755
2528 4316
3092 3094
1458 4569
1441 4727
2616 4582
4779 4988
3871 4844
2823 4798
3285 4548
528 2612
3623 3755
3698 3816
4500 4667
823 4133
2342 4775
20 4790
3782 4893
3367 3969
4142 4208
1078 4645
3076 4667
4407 4521
1912 4855
2052 4995
2415 4338
2273 4893
2428 3783
3307 4345
1419 4780
2425 4777
4161 4892
338 4778
814 4310
636 4530
903 3817
1789 4038
1887 4893
4721 4946
2287 4802
4968 4993
2199 4957
756 4510
2742 3280
4399 4906
3288 3959
2583 4795
2433 4363
1043 3211
1479 3191
3151 3162
3250 4692
745 3808
3588 4678
2906 4097
28 4528
2538 4778
1505 3963
2036 3627
1375 4721
918 4946
1164 4843
797 4995
1766 2043
853 4871
3833 4790
3281 4324
3907 4495
3519 4262
3780 4743
2068 2393
1146 4692
3782 4775
4956 4988
1956 4177
1392 4919
3151 4993
755 4675
1686 3688
2063 3684
1480 3003
2906 3917
1985 3837
1531 4662
1975 4548
609 3093
2253 3927
1786 3003
3123 4583
1588 4692
1715 4753
188 4995
62 4310
445 4278
1753 4844
3684 4855
3771 4839
3151 4968
4521 4548
2252 3837
532 4879
1639 4893
3005 4495
3094 3744
4036 4737
4182 4574
4752 4972
1222 4937
3069 4924
3422 4783
3441 4937
3937 4040
1046 4544
3245 3840
3677 4839
439 4061
3094 4154
3532 4678
1928 3092
3871 4827
3783 4965
2279 4374
4778 4956
1625 3580
1686 3917
2716 4779
918 4972
2812 4892
4113 4843
3530 4972
3437 4816
2538 4946
3834 4843
1021 2499
2127 4883
1078 3722
956 4313
4040 4592
2906 3154
2391 4549
2809 4094
855 4287
2040 2524
855 3799
574 4893
3071 4047
4454 4501
28 4462
3882 4737
4798 4990
3851 4879
4213 4780
3741 3845
4200 4783
3783 4521
2317 3820
1327 4333
1733 3045
1129 3983
1335 4790
19 4802
2924 3140
1824 4133
4454 4855
1273 2242
1458 4968
3751 4843
4462 4777
4448 4802
2194 4097
549 4350
477 4808
95 2885
478 1419
3170 4407
3280 4097
1840 4591
4490 4957
1476 4512
4045 4374
1625 3165
4407 4435
3741 4594
2583 4831
3834 4481
3925 4662
49 3851
1152 3832
1476 3057
1754 4937
4094 4610
3092 4829
3530 4879
1970 4061
3805 3937
4113 4511
1887 4631
2526 3749
4183 4777
3463 4829
1787 4733
2499 2501
4275 4667
4667 4737
1454 4031
2428 4734
2325 3964
2767 3925
2585 3244
1694 4316
1187 4082
3579 4519
4127 4182
2279 3679
1456 2489
1043 4609
3782 4026
1468 2342
1875 4530
1887 3782
1436 4816
1441 3511
3237 4582
4798 4968
2328 3151
2874 4511
2127 4808
2168 4631
2538 2560
335 4549
1531 4892
800 4610
4316 4435
1187 4645
3043 3256
3884 4642
493 2562
3672 4871
2328 4924
3511 3805
760 4133
2793 2812
4208 4662
4924 4993
3284 4968
4235 4313
4271 4272
3845 3869
1456 4940
3437 4940
4133 4287
4278 4313
2456 2769
2894 3588
1584 4611
3265 4272
2817 3844
79 4779
2866 4752
2188 4580
3034 3045
3771 4779
963 4262
1046 4906
1616 2866
2877 4592
4313 4894
4206 4965
2706 4399
4778 4912
4247 4631
3191 4073
4073 4855
1926 4628
2881 4808
1458 1798
2990 4341
4721 4752
3034 4748
680 3055
233 4775
2070 3188
1982 4769
3118 4778
2434 4531
3578 4161
528 4036
2719 4206
4113 4448
3219 4100
4313 4595
3458 4737
2869 4995
2870 4558
3298 4631
4583 4742
844 2532
843 4795
181 4912
489 3684
2434 4345
2817 3869
3076 3412
797 4026
479 3722
3219 4648
2692 3237
2914 4808
1272 4592
574 4727
3162 4924
317 4972
2870 4775
693 4752
3098 4753
1542 4780
4324 4831
2325 4338
1914 4780
467 3925
2420 4272
2502 4892
3741 4906
3284 4990
630 4777
4602 4613
1532 4065
903 4511
1479 1759
62 4574
1222 4662
2775 4591
3882 4829
4808 4883
693 4530
1875 3668
896 4316
608 4769
3281 3749
4325 4778
3092 4610
2594 3134
152 2501
469 4521
2068 4583
2541 4113
1928 4829
2656 3722
2859 3927
2877 3244
2881 4905
4161 4582
4844 4957
1127 4893
1474 4036
2068 4844
3003 3668
2877 4808
875 3871
3045 4748
4291 4769
886 4783
3842 4843
4382 4578
2814 4662
4631 4995
1482 4667
2127 4040
1799 3882
3816 4988
1924 3871
3005 4399
153 4413
445 4892
3327 4235
4333 4972
4549 4580
2502 4459
1601 3437
3964 4061
1304 4229
1759 4026
4544 4844
2428 2799
3437 4733
3771 4798
1548 2588
2017 4769
3672 4042
3668 3917
4272 4753
4041 4795
4271 4525
4316 4407
1733 3303
454 3071
3597 4892
4642 4790
1616 3221
2501 3738
2700 4990
2746 3115
2011 3688
1222 4753
2683 3676
4065 4510
873 4748
177 4399
1062 4595
209 969
2199 4906
2341 3237
3281 4041
3677 4798
2393 4775
1207 4675
754 4038
1081 4827
1689 4462
3744 4042
1505 4519
2031 3300
2199 4844
3667 3722
4142 4937
963 3780
1573 4190
2647 3140
4569 4906
79 4924
3627 3808
1899 3969
2943 4919
3115 4341
3392 4894
2876 3751
1480 1840
237 4906
4229 4737
2811 4481
3454 4591
3274 4721
3959 4552
1689 3751
2735 4957
3983 4968
3420 3456
2531 3409
878 4721
3191 3422
3676 4331
605 1171
745 3842
2150 4988
2560 3534
2812 4733
2814 4937
3327 4595
3530 3943
3934 4919
4333 4335
1689 4269
4631 4727
1548 2532
2964 4988
3265 4937
3907 4041
3959 4047
800 4094
3713 4829
4291 4359
356 2881
4133 4542
3755 4775
927 4733
3928 4061
1924 4742
3817 4481
3191 3633
476 4778
4021 4631
1475 4213
2888 4777
2811 3751
4030 4831
3534 4675
3055 3091
3154 3765
4161 4733
4271 4753
3091 4956
2428 4894
2713 2770
2328 3526
3463 4871
2793 4733
3162 4968
4331 4737
1772 4113
4399 4742
762 4113
684 3837
963 4208
3422 4548
2273 3755
4195 4648
2415 3855
1483 3245
3928 4628
3005 4177
3151 3771
1453 4855
1955 2585
1699 4662
479 4521
2369 4855
214 4229
2199 3458
2415 3964
62 124
3154 3280
2524 3188
3123 4844
3284 4839
1967 4905
2990 4462
2811 4511
2885 4610
1663 2943
3456 4893
809 3623
2746 4879
3588 4737
826 4602
2526 4558
3983 4990
479 4645
886 4335
834 4993
1186 4769
3256 4591
3816 4839
1046 4038
754 4200
3703 4038
3076 4065
1441 3892
479 2877
600 4957
361 4993
2566 4481
4399 4490
3786 4399
3882 4047
4662 4937
41 3441
467 4662
2483 4919
3281 4795
1043 3848
2734 4721
2011 3969
707 3427
1720 4871
4531 4829
1695 3780
4190 4500
1317 4940
3668 4097
896 4359
273 4831
1375 4972
707 1791
756 4678
2647 4097
1720 4395
3833 4937
957 1915
2193 4879
2713 4592
381 4743
2016 3765
628 4374
1207 3530
3927 4778
1715 4208
2354 2392
2369 4333
707 4737
3783 3844
3134 4145
1924 4844
4073 4548
286 3934
3783 4444
4675 4678
2239 4448
4609 4737
120 4831
49 4946
1152 4769
919 3134
1175 3045
1335 4272
2391 4350
2588 2814
2793 3597
680 4993
2566 4956
3298 4435
3816 4919
2369 4548
1220 4269
3969 4530
2939 3786
4065 4531
4154 4395
3412 3848
3055 3118
4892 4940
1588 4816
3165 4519
1899 3140
209 4937
4333 4855
766 4995
1062 4316
2799 4734
2253 3823
1985 4591
2194 3280
2918 4985
3140 4698
2441 4894
2888 3741
1791 4985
2812 3437
2846 3667
3877 3963
3703 4333
1940 4721
3120 3783
2859 4912
2143 4363
2252 4642
3892 4631
4341 4462
2941 4777
3237 4940
528 4968
1694 3170
1552 2017
1043 3427
2198 4957
2063 4073
3107 4893
2354 2485
2814 3833
2866 3851
3420 3975
521 3884
1695 3786
3437 3476
3703 4548
3882 4610
4783 4855
1375 4946
3837 4937
2754 4501
1552 4552
2392 2501
3198 4777
3805 4490
4335 4454
809 3198
166 1453
507 4645
4574 4894
3318 3580
2328 4779
3123 4906
4272 4525
1649 3844
1438 3110
1754 4271
454 3005
3869 4894
2434 4395
3783 4871
1958 4021
3749 4558
4752 4769
1458 4988
2392 4972
2562 4578
3511 4844
2198 3937
507 4521
2125 3391
3631 4133
3928 4906
4906 4957
4345 4829
3677 4988
153 4881
2593 4844
3420 4912
814 4755
3855 3964
139 4578
3953 4777
2524 3925
3783 4645
2194 3251
2593 4583
2593 4906
1329 3597
4988 4993
1576 4549
2635 4531
3791 4879
1940 4752
2713 3984
4177 4552
2914 4883
834 1129
1915 4783
79 4990
3231 4883
834 4779
245 4829
2847 3098
356 4592
3627 4924
51 4783
1840 3867
903 965
2799 4235
3817 4113
969 3780
1926 4333
2823 4924
2770 4808
2441 3815
1311 4956
4278 4894
2428 4127
2990 3274
3869 4595
3391 4548
3333 3783
3984 4808
4382 4413
2741 4287
2266 4490
1548 2391
4177 4528
1531 3578
1865 4558
706 4905
762 4481
800 4345
1326 3774
2150 3677
3427 4609
273 4030
1080 2031
1213 4459
2036 2877
2742 3154
2420 4937
2096 4602
1474 4985
1438 4542
1776 4569
2594 4780
2616 4459
4133 4919
3884 4662
4595 4894
2583 4324
3191 4100
2489 4816
1270 4642
1361 4275
2500 4142
983 4937
1759 4145
352 1958
2585 4544
588 4548
680 4648
2379 4097
3098 4642
3211 4500
3667 4728
1899 4530
3327 4894
167 3284
4208 4753
1940 4972
2324 2796
2524 4350
4212 4662
2017 3959
826 4512
1507 4727
4041 4611
1787 4940
2721 4721
4436 4993
1205 4324
1694 3786
3677 3820
2742 3157
4459 4816
1663 4363
2100 2874
3953 4040
1343 3111
3571 4733
3848 4737
3244 4602
1273 2040
3534 4946
3633 4843
414 3688
3170 3521
3963 4755
4345 4871
3094 3300
2706 3805
2989 4956
4363 4919
4795 4831
3519 4316
4036 4871
4041 4558
3877 4843
3069 4798
4531 4871
3684 4548
4595 4613
684 4208
1720 3713
2593 4490
4094 4382
905 4595
3588 4500
4271 4937
356 4779
1480 4591
927 4892
3688 4142
1928 3672
3093 3222
3107 4631
3786 4743
760 4965
1959 4734
628 3580
2036 4905
2252 4272
291 4528
2700 4956
4752 4946
4082 4512
449 4278
1887 4775
3333 4645
2341 4582
551 4795
3765 4642
1065 2569
2796 3250
3805 4844
2465 4905
3884 4272
2143 3934
4229 4956
2031 3884
3413 4462
3627 3953
3805 4583
3877 4511
3530 4721
728 4838
476 3927
3848 4331
3427 4510
3937 4906
4045 4511
3791 4752
1317 4733
2483 4363
3871 3937
2640 4145
3780 3786
3815 4894
439 4881
4528 4777
636 2647
1311 4912
3458 4490
2692 4940
3519 4407
2936 4748
3698 4436
923 4374
3034 4495
2148 4042
3884 4271
1482 4510
1264 4645
1853 4733
969 4212
4798 4993
1730 4894
3285 4855
3069 3840
1220 4528
840 4583
2874 4519
1542 4972
3162 4990
4521 4645
4675 4721
20 4142
3413 4269
3749 4611
2148 4829
3256 3454
2425 4528
2261 4591
296 2989
2990 3198
1926 2972
3245 4591
873 1398
2874 3580
823 4802
3412 4512
3307 4154
4182 4594
4436 4988
4459 4692
1385 3684
2616 4161
856 4235
896 3521
2198 4569
2457 4382
2572 4769
2721 4780
2990 4528
579 3744
814 4100
3256 3676
3455 3844
3679 4531
106 4844
2303 4879
4313 4594
1926 3668
4839 4990
2588 4142
724 1715
1914 4145
3749 4795
3877 4481
2811 4802
3327 4574
4542 4965
3237 4733
4544 4906
2063 4145
3298 4743
1637 4752
2526 4611
67 2612
3660 4313
2612 3069
67 4338
1375 4675
3578 4582
4894 4946
3786 4316
3983 4698
4495 4795
1956 4777
3348 4985
3869 4734
2341 3250
1489 4769
2043 4592
781 3057
794 4990
3456 4778
1552 4047
3580 3963
919 1004
2267 4287
1940 4879
3848 4678
4574 4594
4161 4609
1100 4040
728 1001
2183 4501
3240 3928
875 1899
1824 2489
4026 4727
2876 3318
2877 3808
919 1065
914 4912
1062 3298
2888 3005
3123 4569
1187 3782
153 4578
905 4728
2393 4995
4495 4558
4065 4737
2914 3984
2859 4778
3799 4613
2640 3333
919 4881
2500 4208
1479 4435
3222 4905
3817 4843
3211 3412
4200 4454
706 3953
1454 4829
4278 4734
2192 4678
3532 4609
608 4047
2341 4816
3463 3713
2212 4047
844 4748
445 1354
4287 4613
356 3963
758 4558
4275 4549
3069 4993
1327 4038
574 2538
1806 4065
3476 4582
286 4965
1043 4310
2324 3250
605 4100
3840 4993
1788 3755
19 3834
2502 4161
609 4530
493 4881
2870 4041
3749 4495
4698 4798
4879 4946
1419 4021
3820 4968
766 4775
2489 2793
4595 4734
806 4883
1584 4395
3285 4335
809 4462
3927 4325
956 4235
1573 2192
2410 2640
1824 3250
2102 4613
2428 4278
2483 4613
2926 4838
3134 4881
3244 4338
3755 4995
2043 4808
3738 3751
2239 2876
109 2465
2193 4133
2212 4359
2369 2754
2433 4919
1789 4501
3660 4755
762 4802
3530 4946
2775 3043
467 4642
2036 4883
1730 2754
2324 3571
3817 4511
2641 4912
1325 4501
1146 4313
1753 4957
2532 3303
4112 4678
2972 3633
2033 4316
2303 4946
3820 3840
4802 4843
1789 4855
3808 4592
2741 4613
4331 4500
4609 4678
3684 4501
1766 3953
2160 4946
2415 4602
4727 4775
3855 4525
1791 4082
1865 4495
3751 3834
2869 4631
4065 4667
914 3975
3953 3984
4531 4769
600 4490
2170 2924
1100 4808
3318 3842
3928 4338
2846 4521
1663 4613
2532 4100
2572 3832
1489 3832
875 4737
1043 4985
1468 3892
1786 3454
3251 4097
2392 4021
1127 4247
209 3588
3805 4827
4827 4957
1392 4965
2033 4262
2936 3303
3571 4892
990 4610
4272 4648
4345 4531
166 4501
4490 4569
4769 4795
3274 4341
2647 3157
1186 4291
1975 4783
2941 4183
3583 4662
3623 3774
823 3579
967 4779
2485 4780
3959 4838
3280 3367
4036 4331
1572 4755
810 3463
3251 3280
177 4544
3688 4341
2964 4798
11 3188
2847 4642
188 4026
2168 3755
449 3660
4041 4495
152 4145
4583 4827
2011 3154
707 4500
85 4829
2888 4341
927 4940
2193 3799
2457 4213
4490 4544
940 4988
3583 3925
3808 4808
3823 4912
4331 4985
1080 4937
4844 4906
990 3713
4031 4871
3820 4698
4894 4905
2420 4212
2939 4262
2033 2047
4045 4519
942 3005
2793 4940
1454 4395
3627 3984
122 2325
1365 4436
1474 3302
1899 2379
2796 4161
1004 4940
1637 3943
2415 4512
4727 4893
2084 3437
2612 4988
2279 4511
1532 4667
3703 4454
177 4827
2524 4275
1361 4549
2040 4350
3043 4591
3820 4436
2170 4993
742 4988
504 4549
1137 4769
2377 4905
3348 4609
2876 3842
3534 4972
826 3928
20 2252
1601 4940
1730 4594
2328 4988
2754 4200
3303 4748
693 1602
1385 3191
528 4993
2192 4609
2716 3983
361 4779
3476 4733
2359 3532
2256 4728
2870 3679
243 4350
2594 4881
1791 4331
2022 2532
2477 3532
2420 3833
1985 3884
4779 4990
3834 4448
2769 4331
2697 4905
2700 4229
3115 4879
1853 4399
3118 3927
4177 4462
382 4525
1956 3274
3045 4100
4436 4940
1327 4855
1080 4753
3774 4995
3093 4924
3684 4335
2936 3034
2692 2796
545 4041
3791 3943
633 4578
2553 4501
2528 3298
806 4905
2434 4829
449 886
3281 3667
4021 4182
4112 4510
2150 4993
844 2022
3441 4212
28 4808
96 209
57 3917
4352 4748
2000 4501
2287 3751
1928 4871
1507 4893
2160 3791
1766 4780
2797 3412
2990 4777
2939 4316
2719 4287
3076 3348
2499 4549
2553 4855
2148 3274
3738 4213
2084 4892
1857 4269
4459 4733
323 1352
2170 3688
4112 4609
2742 4530
2138 4331
67 4275
1666 4780
4611 4831
3244 3964
2809 4777
2972 4728
760 4542
2477 4737
4609 4611
887 4528
1264 4521
3140 3154
826 4061
1247 4272
1062 2293
1616 3676
2538 3534
3165 4045
758 3755
2770 3627
489 4345
806 3984
1786 2572
1787 1853
1928 4345
1216 4795
2160 4972
3409 4100
3412 4985
3198 4341
3892 4727
1436 4733
4753 4937
4061 4628
2885 4871
873 4310
2102 4965
489 4829
3211 4609
2267 2532
4206 4919
2706 4906
810 4031
2447 4827
3845 4734
3869 4594
3211 4510
1753 4569
3219 4325
3627 4829
4628 4957
800 4235
609 3251
1676 3633
1676 2256
245 4345
2683 2775
2354 4780
840 4919
2033 4743
1046 4827
2212 4552
3925 4642
809 4777
2528 4743
361 887
338 2631
2588 4790
762 3877
1129 4779
2734 4972
4183 4462
942 4341
2303 4675
2175 4894
3816 4698
4094 4154
756 4985
3219 4912
3034 4352
3738 4413
4335 4510
3300 4208
963 2047
2989 4648
3240 3815
4548 4728
2425 4341
1532 4839
800 4829
2267 4352
1620 4940
2325 4602
4558 4831
2198 4525
4235 4734
549 1361
4127 4595
118 4645
1329 3476
2369 3684
2683 3120
2926 4769
1448 4968
3458 4906
3815 4127
4154 4610
548 3832
4595 4985
4021 4780
1146 4595
756 2797
3307 4042
1273 3755
2754 4038
1584 3300
3318 4374
4324 4495
636 3816
2721 4946
1826 4544
2939 4743
3679 3963
3855 4082
4481 4519
3300 4642
2713 4905
1495 3667
1573 3588
2683 3003
2420 3765
2267 4946
4924 4988
969 4662
4912 4956
439 4213
2734 4879
3579 4113
27 4549
905 4594
2553 4335
2716 3526
4229 4648
109 4161
2000 4038
2183 4783
4490 4906
693 1686
2293 3298
3221 4610
835 4894
3815 4574
3244 3281
914 4956
3391 4855
4082 4628
2814 4525
4775 4995
855 4613
3118 4325
3780 4435
1507 4631
106 1772
11 2070
3877 4755
2631 4435
3833 4212
2036 4808
1857 3274
1335 2939
608 4291
1875 4097
2303 3744
2483 3169
3817 3877
4359 4552
4374 4843
1186 4838
338 4195
1866 4881
1177 2194
990 4829
809 4183
1914 4578
338 4956
1438 4965
2742 4582
963 4743
1958 4145
1507 3441
2266 4742
1689 4777
1711 2063
3318 4448
3834 4755
4287 4363
4338 4350
3348 3532
4642 4752
2560 3791
2721 4972
2814 3765
1186 4552
28 4183
663 3318
1476 4338
2706 4827
3231 3984
4737 4748
3963 4519
4675 4946
742 2477
1754 4208
2719 4542
2499 4721
41 2566
1164 3817
1776 4269
3087 4047
3633 4200
3848 4065
3983 4798
2279 4519
2479 4778
2096 3964
2391 4628
2058 3288
3633 4345
2918 4879
905 3815
724 4525
1694 3578
3855 3928
359 4602
969 3925
3840 4839
4182 4595
1511 4094
745 4843
1806 4737
3240 4338
3458 4844
1127 1468
4481 4490
608 3907
3631 4613
42 4549
3165 4755
609 3280
1479 4262
1135 4544
1602 3668
2799 4574
1548 4580
2093 4946
1625 4481
923 4511
1955 4602
4552 4838
2267 4310
3672 4094
1171 2697
3741 3815
4036 4678
636 3280
4038 4454
1365 4993
3110 3169
588 3391
1483 4993
1327 4783
2047 4316
4030 4495
79 887
2569 4213
2456 4667
2528 4435
232 3765
1694 4407
3660 4595
4490 4844
1806 4667
4331 4512
961 4648
1187 4521
3307 3713
2569 3057
2823 3679
2031 4937
967 4988
4574 4595
3170 3780
4399 4844
414 492
1441 4995
1205 4795
2588 3837
4030 4611
381 3519
878 3943
2341 3597
2070 4549
3677 4993
4698 4990
2846 3333
942 4462
2317 4542
2553 4783
3937 4583
965 4919
4374 4448
1505 4802
755 4946
1453 4333
888 4871
3274 4528
742 4993
1419 2569
2631 4262
3476 4692
4026 4893
3667 4645
2068 4957
3521 4435
1912 4333
3391 4728
2256 4783
2770 4905
2317 3934
1806 4500
3045 4310
2441 4595
1572 4481
1220 3198
2593 4779
67 4549
2631 4407
3333 4521
2588 3583
3696 3815
2541 4802
4030 4795
3927 4956
1686 1711
4459 4892
3845 4313
1982 3454
2964 4968
532 4946
2541 3817
3302 4667
4743 4881
2885 4094
4510 4667
3087 3832
2583 4459
454 4769
3281 4030
1548 4275
1649 3327
2754 4855
3307 4829
3274 3413
3751 3877
2926 4291
3816 3983
273 4495
3786 4190
4331 4510
232 4790
2047 4435
2943 4206
3984 4040
124 4310
3907 4831
1270 4937
2085 2100
3532 3588
3782 4727
3964 4628
3526 3820
4648 4912
2538 4675
3774 4775
555 2631
549 4580
2252 4212
4544 4602
1270 4525
3441 3837
1270 2031
1511 4839
167 3698
835 4190
3092 4737
3111 4338
4212 4937
1639 4956
2483 3799
2823 4988
2293 4743
2918 4721
3288 4769
1699 4142
4698 4742
3420 4229
1761 4611
2585 4082
3519 4435
1222 1247
283 3571
3526 4436
2775 3221
3076 4985
3580 3713
2799 4594
3927 3937
2656 4521
2359 4667
1639 4727
1686 3157
2033 3780
3367 3668
1915 4855
3476 3578
4036 4190
3771 4436
1532 4510
2799 4894
1799 3463
1964 4883
2964 4990
2456 4985
555 4407
3123 4399
3240 4061
3660 3869
3441 4272
3458 4558
609 3969
1985 2847
2434 3098
1272 4808
2328 4968
814 3045
853 3744
3092 3672
3091 3975
3093 3808
3455 4645
361 4988
766 4893
3298 4407
243 335
3848 4500
3815 3845
507 3844
628 4755
2022 4748
1074 4894
758 4831
1865 4748
1576 4580
2279 4802
2379 3851
3391 3783
3005 4777
2697 4808
4021 4578
2499 3851
2477 4112
2741 4542
1476 4602
120 4558
335 4779
835 4594
1198 3969
2000 4783
2874 4113
1004 4733
2989 3975
3427 4678
4100 4310
549 2242
942 2888
209 2500
4574 4734
4839 4843
1258 4325
2906 4462
122 4795
3771 4993
106 4519
1798 4924
2125 4154
2859 4956
2936 4100
49 2198
1385 3633
3679 4802
1534 4100
4924 4940
4525 4790
2410 3057
2011 3157
4552 4769
4065 4112
286 4919
2746 4675
359 4338
1081 4844
2434 4042
4374 4755
2138 3953
445 2499
2420 4968
1186 4965
2888 4528
2206 4583
2063 4783
3240 4602
3738 4780
4031 4829
3834 3963
4359 4769
1365 4578
1699 4212
1163 4061
4631 4937
3093 4905
2175 4278
3458 4544
2583 4495
3521 4743
1100 3786
311 4262
1216 4990
4454 4783
4275 4350
4042 4610
2647 3251
2888 4462
152 1213
1062 4743
3667 4444
4779 4798
489 4610
3741 4894
2143 4206
2894 4985
118 4521
903 4030
1776 4341
3917 4530
4594 4734
2324 4177
3907 4795
2456 4500
2990 4177
797 4893
2477 3427
1495 4444
3045 3409
2287 4511
3907 4030
2447 2593
2324 4733
4272 4790
3162 4798
1398 4775
3580 4481
1627 4040
3422 4338
4592 4594
1272 3231
2359 4985
2566 3118
2640 4780
2641 4229
733 4743
1730 4595
2914 4592
3677 4968
706 2770
3817 4045
4363 4965
4511 4755
3937 4827
3367 4530
3672 4610
1081 3348
3820 4779
2194 4291
3302 4678
2199 4278
296 4778
1222 3765
956 2479
2242 2531
2817 4521
3703 4335
1730 2242
1534 3303
3222 3808
1495 3844
4510 4609
1001 4769
3087 3959
3511 4906
1483 4937
3265 4142
1354 2489
2040 4580
2769 4500
1865 4831
2303 4990
2273 4995
1273 4350
2457 4881
139 2501
630 3003
1040 4350
2261 3867
2354 2562
2888 4993
3169 4206
2485 4382
3318 4755
3741 4182
2125 4871
3151 3816
3834 3877
3771 4924
2138 4985
359 4628
1786 3256
2528 3521
3519 4743
3780 4262
3123 4957
2084 3237
96 4142
3696 4734
243 4580
122 4831
2143 3799
3300 4662
3463 3882
4968 4988
1887 3093
4310 4352
4331 4678
3805 4742
1791 4678
1453 3703
781 4578
3094 4610
1798 4779
4212 4642
1447 4582
4871 4972
1730 4235
3298 3521
1479 1694
2741 4133
85 4395
4742 4827
2433 3934
4031 4042
3412 4112
1766 4883
960 4602
4333 4728
4511 4519
1955 4512
4609 4985
3631 4287
3869 4235
2433 4965
3087 4359
3198 4528
1955 4061
118 4444
923 4802
3092 4335
4350 4580
2063 4335
1207 4946
153 1495
2541 4374
2569 2796
3441 4753
2085 3679
2324 4940
455 4495
2256 4831
2531 4352
3092 4031
1436 4892
3588 4036
2990 4045
2572 3288
3245 4839
3005 4462
3110 3631
4459 4940
3583 4993
2456 3848
4177 4777
1602 3154
2817 3120
1258 3823
1627 4592
3823 4956
797 4247
3583 4525
4569 4827
3412 4667
4182 4734
2100 4045
2465 3093
3953 4808
2885 4031
1040 4549
2239 3751
806 2588
2266 4957
1483 4988
843 4611
3672 4154
2964 3840
4269 4528
3713 4531
4399 4957
728 2647
1441 4775
2941 4462
4583 4906
4611 4957
2084 4692
3833 4662
2379 3917
4675 4879
679 4206
2040 4275
956 4894
2063 3703
2847 4937
4583 4844
2866 3534
2972 4073
2317 4965
3631 4363
1146 4592
3327 4734
2941 4528
2393 4631
4190 4678
3631 4919
4161 4940
3765 4790
3786 4262
579 3307
1164 4755
806 2036
95 3094
96 3984
255 1398
2168 3107
914 4648
3820 4924
2572 4291
3165 3579
2188 4271
856 4594
177 4906
2273 4026
1875 2906
4592 4905
2000 2754
2742 3251
3983 4779
4548 4855
3219 4195
1967 2770
3934 4965
1887 4995
3848 4667
2697 2713
2569 4780
1046 3134
1272 4905
3837 4753
2206 2593
2866 4972
3934 4206
4436 4968
3091 3927
1398 2465
2612 3823
663 3751
2562 4145
2746 4946
1304 3219
2541 4940
3925 4271
4675 4972
3983 4436
887 2635
2721 4752
4495 4831
4816 4892
3832 4995
4047 4838
3409 4310
4324 4611
2716 4698
3964 4602
1078 3455
3623 4631
4611 4613
1186 4839
27 4727
3623 3892
866 3782
1137 4838
1207 4752
3134 4213
2585 4338
3741 4734
181 4956
1637 4972
2870 3749
2499 4946
1187 4444
2100 4755
2485 4145
684 1335
1534 2936
4642 4753
2193 3631
1300 1914
2188 3188
2253 4912
4324 4795
1588 4892
888 3713
2150 3820
181 2989
1799 2434
3722 4444
551 4611
1135 2198
2641 4648
3597 4161
4200 4728
3162 4993
4363 4613
3454 4675
3455 3667
4569 4742
1343 3738
1264 4444
1534 4310
3280 4993
3815 4734
1766 2754
2876 4481
3055 3975
41 4325
2111 4382
3579 4802
3627 4883
1458 4993
2797 4331
3476 4816
4190 4667
3298 4262
4229 4778
1584 4831
2692 3571
3118 4229
4359 4838
918 4879
2392 3738
1365 4968
4436 4990
3751 4755
2713 4808
2943 3169
2192 2769
1955 3151
579 4345
707 4985
2425 3198
2410 4881
2888 4269
251 4495
3057 3134
3928 4602
3703 4073
2148 4154
4648 4956
2797 4510
3959 4359
1065 4780
1620 4816
4519 4802
2809 4528
3892 4247
956 4574
794 4698
3069 4990
3240 4512
918 3791
1761 4324
4448 4519
57 2906
2143 4667
27 42
2433 4133
2692 3578
1100 3454
2393 3892
3782 4247
814 3817
2242 4549
3169 4609
3422 4728
1924 4583
2713 3627
2769 4678
2641 4956
1468 4893
477 4905
2631 2939
2719 4613
3696 4894
960 4338
3237 3597
4061 4512
4310 4748
3169 4133
4678 4737
1213 3597
3409 4748
3688 4530
3244 4061
4558 4611
1940 3791
4893 4995
1453 4501
2138 3532
96 3925
3884 4142
3571 4582
3302 4609
2324 4692
352 4780
41 4778
2869 3774
3327 4182
2499 4937
905 4734
4112 4667
1207 4972
2160 3943
2102 3934
2735 4827
3441 3848
1220 4924
1826 4742
3842 4838
1447 2616
843 3907
2016 4525
3191 4855
619 1216
3532 4985
3696 3741
4038 4728
2441 4594
3237 4161
2811 3842
2502 4816
3851 4752
3391 4454
166 4454
3076 3848
1576 2070
1806 4985
4333 4783
1438 4919
1531 4940
609 3154
2817 4645
1853 4940
3782 3892
3534 4879
4127 4894
888 4031
684 3925
2594 2640
4045 4481
2325 2767
311 2847
1926 4454
2877 4883
4839 4993
338 1733
866 4459
1753 4583
2721 4879
3526 4990
754 1789
4957 4993
2267 4779
1264 3783
3774 3782
3840 4988
983 1715
1772 4802
1474 4678
3855 4844
4182 4894
4154 4602
1304 2641
555 3170
843 4041
4247 4893
3799 4919
2168 4995
1311 3927
663 3579
1419 3055
2769 4036
2569 3111
2052 4893
3633 4783
1080 3837
2538 3851
2941 3005
2631 4795
3420 4778
2170 2742
3583 4142
2317 4613
3877 3884
1766 2531
4727 4995
3302 4985
3392 3696
1175 4352
1447 4816
2342 4631
3832 3959
3943 4752
4827 4905
4065 4500
1021 4721
3833 4733
3833 4272
1354 2692
3422 4073
2500 3300
4490 4742
2814 4790
3703 4501
1135 4583
1247 4642
3884 4894
3198 4269
478 4026
2500 4937
4133 4965
1272 3943
919 1419
2914 4040
2823 4839
617 4798
853 4395
2859 3055
3211 4678
2924 3668
2866 4675
2261 3221
3526 4968
2303 4752
2926 4359
3281 4831
2566 4195
3672 4345
4341 4777
4642 4662
2770 4883
1787 4459
2138 4036
2612 4968
794 4839
4112 4985
942 4777
4733 4940
2392 4213
2754 3684
1270 3925
214 4195
237 3937
3672 4829
4325 4912
1958 3782
1788 4893
3107 4247
2612 4436
4569 4844
2635 4829
2502 4692
4798 4924
2541 4519
2253 4648
3837 4142
3413 4177
3713 4395
1625 4374
1720 3882
4755 4843
3420 4325
4190 4609
2877 4040
3391 4073
3003 4591
3631 3934
167 4839
41 4956
2572 4838
3842 4448
3092 4871
3741 4313
255 4352
1639 4631
2252 4937
3744 4829
3713 4610
4436 4698
1329 4582
2823 3771
188 233
1912 4548
1146 4894
3094 3463
888 4610
760 4919
940 4990
42 2391
1475 3111
49 4752
663 4045
840 4965
1789 4728
1857 2369
3583 4212
878 3851
4775 4893
4894 4906
4345 4395
3107 4995
3882 4042
3845 4594
1759 4780
3284 4924
2569 4145
1572 2261
2420 4325
352 2562
1572 4843
1899 3251
927 4459
2799 4182
548 4838
3521 4407
2058 4838
2939 4435
2560 4972
2612 3677
1791 4667
265 4528
1663 2317
2239 3963
3975 4912
492 4778
4269 4777
619 633
4036 4609
3848 4026
3844 4444
4829 4871
4883 4905
356 4883
1317 4582
2964 4094
3391 4783
3198 4177
2096 4512
3571 4161
1799 4610
588 4200
3579 4481
1576 2242
1699 4790
2063 2754
3844 4645
1258 4912
1352 4395
3511 4957
2267 4748
733 2293
4512 4628
608 4838
1620 4906
3580 4448
2775 3256
2846 3783
4407 4743
3170 4743
3964 4082
3244 4628
359 2560
2566 4648
4235 4894
3298 3519
3107 4727
2572 4359
2719 4965
2479 3456
742 4798
3755 4727
4481 4755
4779 4993
1065 4881
2043 4905
2793 4582
2972 4454
2989 4778
2170 4530
2206 4827
3307 4531
4038 4783
2212 4838
3244 4512
2198 4399
2588 4937
439 4578
1343 4881
3698 4775
766 1788
4094 4829
905 4894
265 4177
296 3975
3588 4985
3676 3867
1940 4946
4208 4642
3392 3869
3055 3823
2817 3455
11 4464
19 3666
20 3768
27 2080
28 2018
41 4706
42 4301
49 2899
51 4590
57 4722
67 4724
79 757
85 2788
95 3978
96 4536
106 3064
109 4861
118 4103
120 4191
122 4828
124 4489
139 4344
152 4999
153 4845
166 4081
167 4874
177 4237
181 4404
188 4596
209 373
214 4264
215 3598
232 4096
233 4773
237 4364
243 3652
245 2542
251 4561
255 4997
193 265
273 3968
286 3372
291 4862
296 4249
311 4123
317 3315
323 4566
335 3286
352 4016
356 3860
359 4974
361 4322
362 4226
381 4638
382 4069
414 2963
439 912
449 2705
454 4464
455 3276
467 4150
469 4982
476 4794
477 3102
479 4198
489 4973
493 1389
504 4834
507 4757
521 4111
528 4187
532 4063
545 3894
548 4257
549 2563
551 4726
555 4156
574 1582
579 3364
588 3058
600 2727
605 4502
608 4443
609 4614
617 2710
619 4248
628 4503
630 3330
633 3063
636 4635
663 4932
326 679
680 4822
684 3574
693 4824
706 4174
707 2226
724 3603
733 1911
742 4791
745 4976
754 4997
755 4209
756 3577
758 1240
760 2684
762 4354
766 4835
781 2312
794 4811
797 4650
800 3414
806 4056
810 4297
814 4258
826 4221
834 4164
835 4767
840 4173
843 4605
844 4821
853 3173
855 4109
856 3989
866 4654
873 2850
875 1901
878 2424
886 3890
888 3932
896 4867
903 1945
905 4466
914 3967
918 4955
919 3886
923 3748
927 2364
940 3572
942 3753
956 4991
957 3850
960 1091
961 4368
965 4806
967 4822
969 2655
983 2659
990 4706
1001 4381
1004 4685
1021 3016
1040 4864
1043 4615
1046 3719
1062 1577
1065 4541
1074 3317
36 1080
1081 4710
1100 4157
1127 4067
1129 3824
1135 4636
1137 4709
1146 4656
1152 3410
1163 3146
1164 4596
1171 2916
438 1175
1177 4864
1186 4762
1198 3543
1205 4608
1207 3729
1213 3870
1216 4260
1222 4323
1247 4180
1258 4014
1264 1554
1270 4952
1272 4589
1273 4693
1300 1832
1304 3080
1311 4815
1317 4680
1325 2807
1326 3797
1327 4866
1329 4191
1335 4799
1343 4744
1352 2863
1354 4579
1361 4489
1365 4372
1375 4852
1385 3619
1392 3553
1398 3930
1419 4197
1436 4931
1438 4718
1441 4836
1447 4683
1448 3537
1430 1453
1454 4059
1456 4765
1458 4124
1468 4357
1474 3878
1475 4712
1476 4849
1479 4660
1480 4819
785 1482
981 1483
1489 4543
1495 3727
1505 2986
1511 4683
1531 2935
1532 4874
1534 4800
1542 4859
1552 4403
1572 4624
1573 4274
1576 4764
1584 4626
1588 3555
1601 4712
1602 4304
1616 2933
1620 2464
1625 4562
1627 3438
1637 2109
1639 3419
1649 4792
1663 3117
1666 2932
1676 3826
1686 3177
1689 3858
108 1694
1695 4901
1699 3238
1711 4680
1715 4942
1720 4322
1730 2158
1504 1733
1753 4891
1754 3962
1759 3902
1761 2235
1772 3616
1776 4169
391 1786
371 1787
1788 3737
46 1789
1791 3996
1798 4220
702 1806
1824 4494
1826 4573
1827 4619
1840 3330
1853 4955
1857 4691
1865 4980
1866 3360
1875 3821
1887 4929
1899 4598
1912 4083
1914 4440
1915 4850
1924 4787
1926 3933
1928 4659
1940 3619
1955 2691
1956 4522
1958 3096
1959 4283
1964 4581
1967 4953
1970 3334
1975 4402
1982 4670
1985 4605
2000 4887
2011 3335
2016 3988
2017 2486
2022 4749
2031 4788
2033 4870
2036 4885
2040 4882
2043 4929
2047 3261
2052 4935
2058 4132
2063 4109
2068 4902
2070 3468
2084 4674
2085 4046
2093 3773
2096 4762
2100 4426
2102 3258
2111 3341
2127 4003
2138 4336
2143 4679
1086 2150
2160 4480
2168 3618
2170 4681
2175 4858
2154 2183
2188 4767
2192 4944
2193 4682
2194 3488
2198 3680
2199 4974
2206 4484
2212 4210
2239 4472
2242 3818
1636 2252
2253 4926
2256 4534
645 2261
2266 4197
2267 4713
2273 3403
753 2279
2287 4889
2293 4634
2303 4938
2317 2445
2324 4396
2325 4938
2328 3292
2341 4411
2342 4923
2354 3856
2359 2362
1868 2369
2377 3446
2379 4342
2391 3553
571 2392
2393 4767
2410 4986
2415 4866
2425 4711
2428 4971
2433 4833
2434 4732
2441 4902
2447 4902
2456 4587
1215 2457
2465 2536
2477 4763
2479 4477
2483 4268
2485 4637
434 2489
2500 4460
2501 4813
2502 3505
2524 2818
1563 2526
2528 4625
2284 2531
2532 3353
2541 3967
2553 4379
2560 4973
2562 3366
1769 2566
447 2569
2024 2572
2435 2583
2585 4942
2098 2588
2593 4605
2594 4689
2612 4840
2616 4967
1657 2631
331 2635
2640 4292
2641 4358
2647 3944
2656 4584
2683 4203
2692 4383
2697 3637
2700 4647
2706 3898
2713 4655
2716 4205
2719 4222
2721 4771
1197 2734
2735 3405
2741 4362
2742 2760
2671 2746
2754 3471
2767 4731
2769 4458
2770 4639
2775 4776
2793 4886
2796 3517
2797 4885
2799 4848
2809 4772
2788 2811
2812 4710
1948 2814
2817 4644
1243 2823
2846 4853
2349 2847
2859 4943
2715 2866
2869 3976
2870 4612
2874 4484
2258 2876
2877 4736
2881 4570
2885 3100
2888 4804
2894 4718
2906 4713
2516 2914
2910 2918
2924 3973
1706 2926
2936 4503
2939 4199
116 2941
2943 3723
2964 3901
2972 2973
2819 2989
2990 4523
3003 4155
3005 4810
3034 3714
3043 3766
3045 4375
3055 3346
3057 3062
3069 4715
3071 4165
3076 3591
3087 4738
3091 3764
3092 3836
2087 3093
3094 4938
3098 3915
3107 4098
3110 4433
3111 4165
1269 3115
3118 4601
3120 4411
3123 4461
3134 4792
3140 3862
1378 3151
1188 3154
2037 3157
2701 3162
3165 4630
3169 4806
3170 4402
3188 4428
3191 4656
3198 4695
3211 4597
3177 3219
3221 4859
3222 4304
2551 3231
1388 3237
3240 4140
3243 3245
3250 4428
3251 4885
2863 3256
3262 3265
3274 4651
3280 3924
1386 3281
3213 3284
3285 4927
3288 4326
3298 4222
3300 3664
3302 4772
3303 3894
3307 4823
3318 4368
3327 4832
3333 4620
3348 3695
3367 4508
2571 3391
3392 3811
3409 4654
3246 3412
3413 4709
3420 3446
3422 4514
3427 3616
3437 4868
3414 3441
2863 3454
3455 4729
2249 3456
3458 4554
3463 3512
3476 4607
3511 4951
3519 4959
3190 3521
3526 4890
3530 3705
3532 4765
3534 4975
3229 3571
3578 3890
3579 4704
3580 4672
3583 4952
3588 3995
3597 4632
2840 3623
2289 3627
3631 4947
2988 3633
3660 4419
3667 4791
3668 4502
3672 4377
3676 4690
3677 4601
3679 3779
3684 4669
1808 3688
3696 4285
3698 4319
3703 4927
3544 3713
3722 3819
3738 4850
2937 3741
3322 3744
3749 4461
3751 4139
3755 4588
2753 3765
3771 4701
2315 3774
3780 4075
2301 3782
3783 4257
3786 4048
3791 4207
2927 3799
3805 4394
2632 3808
3182 3815
3816 4277
3817 4830
3820 4970
3823 4997
3832 4695
3833 4898
3834 4878
3837 4701
53 3840
753 3842
3844 4809
3845 4168
462 3848
2323 3851
3852 3855
3770 3867
3869 4348
3018 3871
3877 4989
3882 4308
1363 3884
3892 4535
3907 4239
3917 4708
3925 4053
3927 4788
3928 4966
3934 4418
3937 4355
3747 3943
3953 4977
2116 3959
3963 4969
3964 4716
3969 4025
1923 3975
3983 4725
3978 3984
4021 4027
3901 4026
4030 4204
4031 4908
3974 4036
2902 4038
4040 4944
580 4041
3460 4042
3935 4045
4029 4047
4061 4062
4065 4586
3724 4073
4082 4766
1565 4094
4097 4689
4100 4219
4112 4770
4113 4933
1424 4127
4133 4774
1156 4142
1180 4145
3215 4154
3598 4161
2308 4177
2123 4182
943 4183
3812 4190
4048 4195
4200 4205
4206 4805
3342 4208
4212 4918
1732 4213
4229 4638
4235 4606
4121 4247
4262 4264
3637 4269
4271 4388
4272 4841
3725 4275
4278 4652
3915 4287
4056 4291
4310 4762
3980 4313
3740 4316
580 4324
3524 4325
4331 4380
3121 4333
4335 4832
2579 4338
4341 4930
4345 4891
4196 4350
4352 4703
4359 4375
4363 4791
4374 4848
3215 4382
4084 4395
4012 4399
3028 4407
2381 4413
3814 4435
3598 4436
2829 4444
4440 4448
4348 4454
4459 4763
4462 4618
4481 4872
4309 4490
4495 4976
1204 4500
3401 4501
4050 4510
4511 4518
2927 4512
4519 4532
4508 4521
4233 4525
3585 4528
4530 4962
4531 4764
4542 4984
4544 4577
1954 4548
3893 4549
3451 4552
4199 4558
3991 4569
790 4574
4568 4578
4360 4580
2998 4582
2141 4583
2863 4591
3046 4592
2488 4594
3930 4595
4600 4602
3770 4609
2865 4610
2466 4611
4608 4613
3026 4628
4631 4650
3592 4642
4645 4858
4483 4648
4662 4673
471 4667
1121 4675
1125 4678
3145 4692
3336 4698
4684 4721
3070 4727
3775 4728
4733 4746
4725 4734
4004 4737
2218 4742
4743 4947
4748 4765
4752 4954
4286 4753
997 4755
4242 4769
1749 4775
2985 4777
4758 4778
1408 4779
4780 4842
2694 4783
4790 4792
4556 4795
2900 4798
3619 4802
3261 4808
1769 4816
697 4827
4002 4829
3990 4831
4838 4895
4767 4839
753 4843
442 4844
4847 4855
4559 4871
4879 4896
3374 4881
4150 4883
2825 4892
4509 4893
2844 4894
4603 4905
4720 4906
2350 4912
4919 4943
4199 4924
1277 4937
4259 4940
4946 4961
4819 4956
3394 4957
4965 4999
4669 4968
4663 4972
4985 4989
4353 4988
4409 4990
1246 4993
3661 4995
41 4862
51 3702
57 4825
79 4487
85 4684
95 4661
96 4004
106 4616
109 1949
118 3636
120 4587
122 4377
124 4009
139 3365
152 4889
153 3224
166 4677
177 4402
181 4385
215 4809
232 3408
233 3750
243 4922
245 4803
255 4823
265 4903
273 3149
286 3014
291 4705
296 4858
311 1884
323 4535
352 3971
361 4081
362 4587
381 4620
382 4801
414 4400
439 4952
454 4918
455 4570
469 4739
476 3025
493 3778
504 2178
521 3635
528 3776
548 2624
551 4884
588 2912
600 4856
605 4886
608 4085
619 4949
630 4655
679 4573
693 4945
724 4756
733 3989
754 4857
756 4576
758 3637
760 3129
762 2219
766 4761
781 4740
577 794
797 4163
806 4836
826 4901
834 2147
843 4517
853 4863
855 4163
856 1451
873 2853
878 3489
886 3776
888 4417
896 4561
914 1109
918 4987
927 3496
940 4899
942 3628
957 4913
960 4699
961 4016
965 3344
967 4612
990 4634
1001 2657
1004 1030
1021 2733
1043 4927
1062 4739
1065 3557
1080 4826
1081 3109
1127 4929
1129 4632
309 1137
1152 4372
1163 3872
1164 3466
1177 3025
1198 4561
1207 4057
1216 3396
1222 4706
1247 4682
1258 2893
1270 4856
1300 4106
1311 4590
1317 4540
1325 4864
1326 4851
1327 4227
1335 2658
1343 4712
1352 4664
1361 4666
1375 4364
1385 3890
1392 4480
1398 3598
1436 4971
1438 4603
1441 2582
1447 4226
1448 3849
40 1453
1454 4385
1458 4317
1468 4317
1474 4585
1476 4283
1479 4909
1480 4949
1482 4107
1495 3611
1511 4058
1531 4916
1534 3081
1542 4255
1552 4958
1572 4683
1573 4705
1576 4556
1588 4020
1601 4386
1602 2545
1616 4509
1620 4541
1625 4420
1627 4337
1637 2867
1639 3951
1649 2927
1663 3163
1666 2338
1676 4961
1686 2098
1694 4921
1695 2209
1699 3598
1711 4590
893 1715
1336 1730
1546 1733
1753 4770
1754 4466
1759 4267
1761 4420
1776 4292
1786 3729
1787 4589
1788 4600
1789 4973
1791 4205
1798 4604
1806 4615
1826 3988
1827 4745
741 1840
1853 4846
1857 4223
1865 2747
1866 4964
1875 4699
1887 3952
1899 2646
1912 2691
1914 3640
1915 3752
1926 2446
1928 4895
1940 4381
1955 4835
1956 1976
1958 4788
1959 4917
1964 4656
1967 4991
1970 4585
1975 2095
1982 4537
1985 4714
2000 4174
2011 3769
2016 4487
2017 4282
2031 3728
2033 4696
2036 4845
2040 4815
2043 4896
2047 4787
2052 3939
2058 4477
2068 3994
2070 4987
2084 4880
2085 3119
2096 2406
2100 4833
2102 3368
2127 3097
2138 4241
2160 4517
2170 4850
2175 4934
2183 2748
2188 4427
2192 4252
2194 2714
2198 4895
2199 3083
1836 2206
2212 4686
1712 2239
2242 3767
2252 4005
2253 4589
1882 2256
2261 3330
2266 4709
2273 4315
2279 4434
2287 4722
1115 2303
2317 4908
2324 4327
2325 4830
2328 4810
2341 4787
2342 3777
2354 4726
2359 4811
2369 4817
2377 3658
2379 3306
2391 4804
2393 4821
2410 3818
2425 3904
2433 4908
2434 4344
2447 4987
2457 3097
2465 4719
2477 2902
2479 3525
1886 2483
2485 3596
2107 2489
2500 4259
2501 4796
2524 3234
2528 4619
2531 2604
2532 4058
2541 3494
2553 4535
2560 3339
954 2562
2566 4513
130 2569
2572 4738
2585 3710
2588 4773
1393 2593
2594 4815
2612 3674
2616 4807
2631 4958
1282 2640
2641 4960
1196 2656
2692 4895
2697 4356
1457 2700
2706 4089
2713 4284
2716 4819
2719 4131
2721 4938
2734 4847
2741 3439
2742 2945
2746 3444
2754 4781
2767 4360
689 2769
2770 4284
2775 4604
2793 4051
2796 2806
2799 4397
2809 3435
2811 4533
2812 3600
2814 3899
2203 2817
2823 4923
2846 4920
2847 4174
2859 4966
2866 3986
2869 3156
2664 2874
2876 4846
2881 4422
2885 4423
2888 4815
2894 4822
2906 2969
2914 4136
2918 4813
2924 4983
2926 4617
2936 4773
2939 4320
2941 4438
2042 2943
638 2964
2972 4475
2989 4641
2990 4918
3003 4159
3002 3005
3034 4153
739 3043
3045 3089
3055 4822
3069 3905
714 3071
3076 4114
3087 3913
3091 4708
3092 4909
3093 4210
3094 4608
3090 3098
399 3107
3110 3208
1782 3111
3115 4714
3118 4354
3120 4864
3123 4162
3140 3812
3151 3707
3036 3154
3157 4442
2726 3162
2653 3165
3169 4799
2703 3170
1986 3188
3191 3862
93 3198
3211 4787
3219 3393
2933 3221
3222 3322
3231 3629
3237 3718
3240 4861
3015 3245
3250 4482
3251 4821
3256 4979
3265 3490
3280 4966
2728 3281
3283 3284
3285 4817
3288 4257
204 3298
3016 3300
3302 3408
3303 4254
2496 3307
3318 4321
3327 3329
3333 3608
3367 3509
3391 4585
3392 4625
3409 4986
3412 3622
3413 4546
3420 4577
3427 4526
3437 4441
3441 4717
3127 3454
1863 3455
3456 4904
1844 3458
3463 4994
3060 3476
3511 4933
3519 4230
2166 3521
2357 3526
763 3530
199 3532
3534 3599
3571 4891
3578 4353
3579 4852
3580 4048
3588 4975
3597 4367
3623 3626
3631 4982
1351 3633
686 3660
3667 4433
3668 4907
3672 4759
645 3676
3640 3677
3679 4763
3684 3804
2896 3688
3696 4590
3698 4514
3703 4117
3099 3713
3722 4760
3738 4922
3741 4979
3744 4925
3749 4649
3751 4214
2534 3755
2784 3765
3771 4077
3774 4791
3564 3780
3062 3782
3783 4898
2408 3786
3149 3791
2294 3799
3805 3818
3364 3808
3124 3815
3816 4922
1407 3817
3820 4318
3772 3823
3090 3832
3833 4189
3834 4938
3837 4013
3840 4463
3842 3880
2218 3844
3330 3845
3848 4217
3851 4074
3855 4282
3867 4356
3869 3932
3871 4817
3877 4135
3001 3882
3168 3884
3560 3892
2067 3907
3917 3926
3925 3961
3927 4975
3293 3928
3929 3934
3937 4788
1737 3943
3953 4971
2302 3959
3963 4277
3964 4565
2607 3969
2549 3975
3653 3983
3984 4532
3048 4021
3849 4026
2374 4030
119 4031
4036 4299
4038 4124
1933 4041
4042 4962
4045 4053
4047 4978
3686 4061
4065 4400
4073 4979
4082 4945
4094 4818
4097 4104
2480 4100
4112 4125
4079 4113
4127 4663
3425 4133
3757 4142
4145 4934
459 4154
4128 4161
3658 4177
1424 4182
4183 4600
4190 4553
3466 4195
2699 4200
4206 4689
4208 4884
4212 4903
4213 4756
4229 4971
4235 4626
4247 4254
1517 4262
3036 4269
1055 4271
4099 4272
4275 4712
3176 4278
4252 4287
3101 4291
4310 4837
2967 4313
4228 4316
3022 4324
2316 4325
4331 4524
2240 4333
3819 4335
4338 4672
1933 4341
4345 4735
4350 4385
4352 4360
3517 4359
4357 4363
351 4374
4382 4857
3971 4395
4399 4405
351 4407
4413 4952
4435 4503
4436 4967
2699 4444
4445 4448
3331 4454
3981 4459
4462 4975
4397 4481
3781 4490
2974 4495
4500 4847
1856 4501
4510 4923
4332 4511
3101 4512
4456 4519
4521 4837
4259 4525
2592 4528
4530 4712
3830 4531
4542 4577
2195 4544
3516 4548
4549 4701
4552 4567
44 4558
4162 4569
4564 4574
3149 4578
3935 4580
4150 4582
3370 4583
2933 4591
4592 4738
4594 4773
3524 4595
4602 4614
3139 4609
943 4610
4611 4979
93 4613
4446 4628
3062 4631
3292 4642
1784 4645
2618 4648
4662 4963
4667 4672
4675 4676
950 4678
1012 4692
4698 4830
614 4721
4707 4727
327 4728
495 4733
1936 4734
2867 4737
3665 4742
530 4743
4288 4748
4741 4752
3552 4753
4755 4776
4666 4769
4661 4775
3446 4777
4022 4778
3295 4779
277 4780
4716 4783
4622 4790
2789 4795
3694 4798
4410 4802
4396 4808
3682 4816
4373 4827
4825 4829
624 4831
3853 4838
4817 4839
4575 4843
1968 4844
3549 4855
4871 4903
4217 4879
4881 4974
3879 4883
2837 4892
4893 4943
4894 4899
4398 4905
4906 4920
3208 4912
3736 4919
3130 4924
4750 4937
3070 4940
4946 4952
4298 4956
4409 4957
3352 4965
4968 4977
4217 4972
4237 4985
4961 4988
158 4990
4638 4993
4864 4995
51 4343
57 4796
118 4347
139 3922
233 4771
255 1123
286 4947
311 4771
414 3994
600 4682
781 4951
834 4713
843 4764
873 4496
878 4911
888 4392
960 3351
1080 2513
1152 4963
1163 4806
1311 4409
1317 4476
1325 4608
1343 1555
1352 2973
1392 4651
1448 1779
1453 4227
1474 4686
1482 4347
1573 4961
1576 4676
1588 3683
1601 3513
1637 4735
1663 4791
1686 4650
1711 4425
1754 4759
1776 3970
1787 4987
1789 4524
1798 3275
1826 3556
1827 4664
1840 3410
1866 4353
1928 4218
1955 3539
1958 4604
1964 3404
1975 4431
1982 4623
1985 4458
2017 3075
2033 4383
2043 4635
2047 4561
2052 2771
2058 4872
2084 4225
2085 3482
2160 4762
2183 4841
2192 4110
2194 3731
2206 4654
2212 4336
2252 4933
2253 4579
2261 4387
2273 4503
2279 3827
2317 4869
2325 4140
2328 3175
2341 4279
2354 4722
2359 4969
2369 3314
60 2379
1896 2391
2393 4978
2465 3691
2477 4759
2483 4977
2485 4303
2500 4764
2528 4960
2541 4885
2562 4086
2569 4896
2572 4812
2585 2587
2594 4383
1918 2616
2641 4833
2692 4001
2700 4963
2706 4550
2713 4784
2719 4492
2742 3645
2746 4385
2767 3797
2770 3362
2793 3642
462 2799
2811 4896
2823 4724
2846 4020
2859 4788
2866 3542
2869 3264
2673 2874
2885 4376
2914 3175
2918 4746
2924 3745
2939 4981
2941 4351
2964 4974
1154 2972
2990 4296
3003 4478
3043 3695
3069 4944
3087 4731
3085 3091
3092 4636
2525 3094
3098 3147
3107 4640
3110 4357
3111 3718
3115 3379
2241 3118
3120 4147
3123 4846
2367 3151
3154 4718
3157 4622
3165 3915
3169 4408
3170 3955
3198 3201
1654 3211
3221 3564
2804 3222
3231 4353
3237 4276
2373 3240
3250 4745
3256 3611
3265 4623
3276 3280
1543 3285
3288 4941
3298 3903
3023 3300
3303 4215
3307 3731
3318 4933
2409 3327
3333 4670
3367 4876
3391 4858
3255 3412
3413 4643
3056 3420
3423 3427
3437 4356
3177 3441
222 3456
3463 4099
3476 4152
3519 4735
3521 4527
3530 4898
3534 4051
3216 3571
3578 4561
3214 3579
3623 4786
3660 4926
3667 4703
3668 4231
2622 3672
3676 4242
2302 3677
3684 4935
3688 4258
3696 3809
3012 3698
3703 3709
3713 4423
3722 4034
2028 3738
3744 4022
3749 4141
3751 4312
3755 3908
3765 3807
2698 3771
1340 3774
3002 3780
968 3782
3785 3786
3791 4736
3799 4242
3805 4651
3033 3808
3740 3815
3817 4891
2419 3823
89 3832
3833 3990
3834 4534
3837 4897
3840 4366
3842 4430
3844 4939
2490 3848
3851 4471
824 3855
3867 4834
2891 3871
3877 4011
3882 4220
3884 4643
3892 4665
3907 3910
3925 4241
2234 3927
3928 4485
3934 4178
3752 3937
3943 4126
3611 3953
3959 4861
3963 4851
3958 3964
2774 3975
3802 3983
3984 4441
3952 4021
2089 4030
3849 4031
3462 4038
4041 4417
4042 4505
4047 4997
4061 4478
523 4065
3757 4073
1174 4082
2830 4094
4097 4572
4100 4936
4112 4467
2269 4113
3167 4133
2530 4142
4145 4322
3651 4161
4177 4188
1704 4182
4183 4989
3804 4190
3965 4195
1517 4200
3194 4206
4208 4967
4212 4517
3294 4213
2509 4229
4235 4918
3750 4247
4262 4463
4269 4996
3752 4271
4272 4921
4275 4277
4267 4278
1727 4291
4293 4310
4313 4814
3995 4316
4324 4615
4325 4867
3635 4331
4333 4556
4335 4379
3163 4338
4305 4341
4016 4345
4350 4958
4352 4719
3923 4359
4363 4476
4374 4918
4382 4890
4395 4860
4399 4806
3945 4407
4364 4413
4435 4668
4166 4436
4273 4444
4448 4659
3987 4454
4462 4547
2999 4481
4490 4800
4468 4495
4492 4500
4501 4736
4502 4510
4403 4511
4512 4849
4519 4987
4441 4521
4528 4657
4231 4530
4531 4732
1775 4542
4153 4544
4049 4548
4549 4670
3737 4552
4558 4629
4090 4569
4568 4574
4562 4578
725 4580
4582 4593
1716 4583
4591 4853
4592 4921
4594 4930
4373 4595
4602 4977
3358 4609
4610 4623
3270 4611
4613 4994
4321 4628
4631 4845
4642 4709
4277 4645
4646 4648
247 4662
4667 4676
1991 4675
1357 4678
4172 4692
4698 4933
4167 4721
4727 4732
4728 4761
3218 4733
4734 4933
4670 4737
4604 4742
4581 4743
4711 4748
4584 4752
4620 4753
4755 4928
475 4769
4775 4861
3181 4777
4180 4778
4120 4779
4704 4780
2520 4783
4790 4902
4795 4823
4421 4798
4738 4802
695 4808
1288 4816
4827 4857
4705 4829
4493 4831
4443 4838
4839 4931
3864 4843
4452 4844
4252 4855
4817 4879
4881 4885
2570 4883
4891 4892
483 4893
3104 4894
4905 4915
4705 4906
4826 4912
3804 4919
4842 4924
3714 4937
4665 4940
3830 4946
1989 4956
3921 4957
4568 4965
4619 4968
4355 4972
2621 4985
4807 4988
3761 4990
1117 4993
4953 4995
51 4487
1601 4785
2047 4171
2485 2686
2500 4724
2700 4351
2719 4664
2846 4759
2914 4907
2941 4792
3091 4784
3115 4841
3154 3887
3169 3589
3237 4772
3240 4043
3307 4942
3327 4066
3333 4666
3367 4765
3413 4125
475 3420
3530 4984
3623 4952
3667 4825
3696 3846
3738 4907
3749 4377
3774 4807
3780 4812
3791 4868
3799 4794
3815 4422
3817 3846
3833 4813
3834 4857
3844 4825
3488 3851
1544 3867
3871 3873
3934 4106
3959 4220
3007 3975
3983 4884
4021 4306
2829 4031
4038 4405
3916 4041
4042 4695
4061 4825
4073 4074
4082 4185
3408 4100
3847 4112
4113 4902
4183 4227
4190 4761
4200 4426
4212 4219
4235 4289
3929 4262
4271 4740
3689 4324
4253 4325
4331 4340
4335 4627
4341 4852
4345 4637
3661 4350
4363 4804
2513 4374
3754 4395
4399 4545
3628 4444
4290 4448
4226 4462
3600 4481
2598 4490
3940 4495
4501 4713
4510 4684
751 4511
1408 4512
3531 4521
4528 4818
4542 4740
1614 4544
3798 4548
4549 4705
4558 4799
3909 4569
4301 4578
3919 4580
4583 4694
4592 4882
4554 4595
1473 4610
4599 4613
4596 4642
4645 4659
4662 4720
4443 4667
4601 4678
3938 4692
3788 4698
3757 4721
4722 4727
3563 4728
4733 4766
3893 4734
4737 4915
4355 4742
4605 4743
4748 4751
4755 4759
4769 4792
4775 4979
4649 4778
3802 4783
3866 4798
4826 4827
2712 4829
4831 4880
4833 4838
3105 4843
3821 4844
2577 4855
4601 4879
3939 4881
3900 4883
1654 4892
4893 4936
4905 4909
4088 4906
4760 4912
4866 4919
4105 4924
3938 4937
2913 4940
4901 4956
4203 4968
4880 4972
4793 4985
3164 4988
3355 4990
4720 4993
4722 4995
4512 4833
4712 4734
4148 4778
4686 4919
