765 4767
2374 4970
3446 4723
1639 4755
2715 4906
2764 3986
3866 4633
2546 2752
4485 4735
274 4620
3379 4806
1569 4951
4235 4395
4130 4789
4879 4894
249 4505
2907 4723
3115 4759
1984 4043
3595 4737
931 3612
3631 3783
1964 4555
4446 4572
386 4792
4627 4673
3986 4555
762 4953
1677 2315
25 2474
2206 4973
3209 4673
1548 4999
2625 4400
3124 4894
2408 4393
77 2065
868 2233
882 4041
1874 3720
2674 3595
3655 4482
816 4432
3566 4894
1633 4506
1996 4314
1302 4090
550 4352
1267 4603
2474 4850
4307 4728
1662 4127
446 2960
663 3739
1524 2875
2176 2748
550 4755
2451 4744
268 3631
1875 4402
1967 4504
666 4532
353 4556
3373 4737
249 2674
2849 4090
779 4098
3880 4620
1633 4273
729 4556
3405 4400
4761 4935
2143 3387
604 3503
1601 4755
3711 4663
1026 1368
1109 3047
3621 3944
847 3473
3379 4546
4211 4680
2485 4463
193 1676
3597 4728
3324 4234
3488 4494
1509 4402
3680 4973
4683 4732
2282 4504
3204 4247
2342 3352
3706 4970
4091 4127
2127 4261
2110 4728
884 4603
1716 4336
3877 4638
4526 4904
2723 4578
4978 4995
4446 4558
2916 4910
4767 4879
500 3562
3878 4130
2668 4638
848 3503
2158 4995
2909 4953
2031 4910
2158 4201
2362 2541
3944 4090
1761 2164
4468 4699
4124 4549
3204 3324
392 4620
1679 3961
1921 4973
3159 3339
2267 4633
3292 4400
3473 3623
3706 4252
2602 4850
3828 4578
4352 4755
2429 3308
3999 4909
4310 4680
759 4673
1954 4677
1775 4485
1001 4505
3566 4904
1341 4059
2657 4098
4578 4627
241 4809
754 4825
3159 4732
193 2875
1058 4235
1662 3880
1793 4978
2110 3979
2127 3366
3131 4688
803 4732
4711 4735
1485 4499
4290 4504
738 4261
2408 4633
1612 4879
1479 4277
3610 4331
2582 4331
2714 3847
3999 4906
500 3916
686 4688
600 4881
2626 3592
1818 2685
3711 3827
1391 4863
1871 4255
4400 4688
2039 4432
3359 4946
3030 3739
176 4290
2931 4290
1026 3097
866 4271
1556 2191
2849 4222
544 4247
1112 3583
1695 3873
461 1761
361 4352
1147 1722
1432 2515
1761 4789
2086 4935
2105 4095
2818 2985
1506 4904
4142 4147
4395 4677
3971 3979
154 4041
2635 4951
1607 3006
448 4688
1637 1775
3617 4349
1301 1464
1016 4680
3877 3999
2615 4255
622 4292
2219 2623
3446 4314
2908 2998
2471 4633
3097 3623
3560 4596
65 3720
2612 4999
3680 4485
2594 3596
3112 4978
2530 3490
3898 3979
4127 4620
1503 4032
3339 4432
3655 4995
2674 3373
1974 4087
4403 4723
1561 4377
17 4767
3652 4688
4236 4688
2665 2776
572 1964
2153 4627
2885 4759
3715 3866
4085 4307
1428 3961
2933 4795
2330 4663
500 3777
4207 4737
2872 4601
2927 4189
3612 4468
126 4432
2502 2765
548 3640
1655 4620
3725 3858
2347 4620
3566 3831
4530 4532
3898 3986
1922 4732
2435 3958
2233 4530
3227 3983
715 4674
3405 3802
428 966
1152 3975
326 663
2065 4633
2607 4050
3789 4850
475 3880
18 4331
2602 2818
1715 2963
3112 4674
439 3324
1793 4909
2918 3851
4633 4786
4090 4361
3065 4699
866 4995
2405 4603
3342 3490
2714 4952
3446 4761
3339 4683
886 4236
25 4792
2758 4863
448 4999
1795 4904
4210 4743
337 342
775 4034
738 3920
1962 4555
3706 4468
1357 3960
3671 4881
2304 3961
4124 4330
4339 4499
1265 4761
1795 4211
342 4518
470 4331
2695 3583
1812 4059
801 1090
813 4737
3006 3939
3286 3308
107 4578
1 4910
1796 3057
754 4935
1567 4603
1859 4786
3655 4388
2719 4184
2482 2620
3899 4894
2362 4786
1061 3081
1695 4423
575 4210
2351 3929
2530 4732
3565 4526
572 1655
2880 4906
3680 4894
2866 4437
2293 3277
2090 2623
4361 4527
4097 4431
3511 4532
3958 4777
1631 4952
3081 4273
884 1267
2019 4711
3777 4032
2547 4097
4400 4723
4951 4999
4463 4825
2580 3979
2880 4711
3379 4504
3880 4894
1921 4956
547 4400
1727 3488
718 4395
652 2164
2607 4973
499 4211
1495 4395
123 4505
638 4759
882 3739
2356 4532
4091 4973
1464 3512
2547 4505
666 4420
3512 3927
3583 3993
3916 4727
2927 4879
258 337
2875 3610
3041 4931
2090 4235
2635 3653
1955 2176
2990 4638
3131 3221
4527 4797
91 2762
2339 4402
2541 4786
540 4825
1828 4352
3655 3733
2818 4211
4267 4414
2501 3244
572 4956
428 3129
2039 4349
2818 3637
775 4953
4127 4879
2666 3637
3277 4786
1202 1929
303 4809
626 3679
1793 3778
3164 4978
4683 4935
943 2765
1676 3610
2818 4904
884 1812
3445 4951
2545 4673
3960 4806
2000 2812
3939 3967
3880 4530
691 4663
738 3416
3763 3774
1250 4336
1943 3379
4361 4795
2103 2928
691 3763
4127 4530
3399 4556
3366 4127
807 3961
2123 4352
4090 4222
1633 3612
4627 4970
2828 4732
3920 4423
2282 4546
3646 4603
1875 3359
3706 4859
841 2178
2728 3446
1970 4526
2954 3832
3887 4850
2820 4504
1479 2140
1909 4294
3778 4674
1026 3739
498 4951
2668 3778
3421 4530
2194 4354
2580 4728
1962 3891
816 2039
2157 3920
2110 4555
1715 4207
614 4825
2164 4800
25 3342
338 4572
2776 4952
1112 3052
3512 4909
3115 4431
3680 4336
1670 4207
1483 4627
2123 4755
1911 4723
3421 3858
1458 3244
2704 3999
4255 4946
499 3568
2631 4332
3511 4310
3847 4952
1357 3675
1123 4904
2272 3916
3041 3983
220 4532
241 4310
1808 4526
1440 4744
2674 4737
2178 4688
4393 4800
1462 3832
3602 4290
1150 2420
2080 3475
2282 2662
3983 4931
1921 4879
2907 4877
3332 4602
1779 4505
1544 4349
2486 4935
2752 4638
2541 2580
3621 4354
475 1655
2501 4234
4034 4530
293 2182
3595 3874
718 4946
2105 2547
3097 3475
4677 4946
1368 3097
1807 4797
1557 4400
813 1001
3708 3975
4417 4863
4601 4797
1495 2341
2077 4999
2758 4797
1859 3277
1115 4952
3717 4235
3227 4499
935 4755
2563 4095
762 3153
664 1708
848 2420
779 4207
84 4271
4208 4403
3866 4953
807 2153
4011 4043
4292 4755
2080 3097
3166 4546
3568 4354
1561 4711
1464 4601
90 4744
1893 3475
2931 4546
2805 4970
4247 4437
251 3774
289 2748
3379 4800
2907 3554
4578 4863
801 3920
4931 4970
1188 4951
3153 4953
2623 4277
3547 4087
2612 4087
2829 3671
2127 3124
17 4800
4393 4931
2818 3019
554 4601
2908 3299
3 4946
2666 4526
225 4806
45 4797
337 3958
775 3537
295 3708
1293 4723
547 4314
1100 4759
1813 4935
2370 4633
3313 4953
4393 4633
2620 3717
3153 3653
4377 4906
4743 4759
1202 4953
3789 4526
2704 4638
1722 4310
603 3652
50 3708
2126 4431
2471 4735
1013 4518
2425 4789
2909 4034
1150 4850
635 4572
3382 4735
3399 4310
3473 3739
886 1859
4332 4572
2435 2530
2769 3944
1741 2530
807 4602
4142 4446
718 4147
4201 4744
3899 4755
3733 4995
2065 4674
2734 3387
3405 4743
734 4499
3332 3554
664 4331
3165 3963
3898 4728
3382 4761
1818 2657
129 2842
2379 4546
4485 4711
2918 4789
2954 4210
1974 3891
3583 4059
1016 4035
3030 4041
3047 3685
3113 4863
3887 4910
289 4331
2272 4727
2429 3387
2563 3352
2931 3166
3359 4395
4147 4402
2293 2432
2672 4809
3113 4578
268 4345
1462 4431
3097 4806
4711 4825
1389 3153
2643 4825
1148 3802
773 2620
4336 4973
1911 4208
773 4806
2885 2950
2202 2486
2057 3030
2485 4767
2197 4432
1663 4255
3679 3967
3511 4420
356 4999
1345 3640
2553 3783
2906 4744
2631 4446
2165 3877
300 1737
547 3131
4437 4558
4825 4906
1058 4518
2293 2362
3112 4909
132 3763
3866 4800
666 1853
3081 4163
2488 3503
1319 2003
132 4663
1957 3503
2705 2872
4185 4494
65 4732
3065 3778
780 4663
470 4277
2435 2885
4127 4744
151 4881
374 4314
3204 4142
1796 4859
2374 4277
144 4673
2580 4555
3999 4674
324 1557
3291 4863
2369 3777
2685 3173
193 4863
4494 4680
2103 4549
3178 4935
2100 3828
79 4127
3490 3617
2849 4527
3877 4909
4085 4555
3244 4446
4050 4053
1506 4910
1890 2990
2631 2999
3927 4909
2758 4388
2631 4142
2812 3602
2176 4148
76 2829
3551 4201
197 4748
1655 4189
3929 4281
2765 2960
2206 4336
2906 4388
536 3254
2752 3939
3209 4627
4518 4748
1227 3920
3286 4276
3602 4663
539 4417
3583 3592
4147 4946
3605 4091
2100 4354
3568 4222
2999 4247
3488 4330
4331 4789
1626 4711
2865 3568
602 4185
3299 4431
4053 4879
293 4400
4506 4673
1188 3653
4043 4393
3774 4267
2950 3993
2039 2805
2999 4558
1984 4767
2067 2336
2256 4910
1925 1980
1679 4602
940 3944
738 2695
2298 3929
3623 4041
1980 4336
2714 4951
3551 3877
17 1921
2315 2998
154 4638
2999 4332
361 2963
3338 4163
2165 4909
2501 4035
320 3963
1954 4147
2705 4806
1808 2916
258 4095
57 3960
2910 4290
2486 4879
586 4748
3227 4339
1100 3877
2486 2643
1293 4403
1440 4388
2151 4732
2093 4084
550 1818
1796 4673
3475 4247
3866 4499
1 3583
2001 4402
966 3332
4468 4506
4506 4859
4735 4935
2298 2625
1536 3512
466 4603
1898 3891
2943 4688
3610 4681
1118 4267
3685 4147
1853 4556
1925 4596
3725 4711
3975 4633
4339 4463
4431 4743
4273 4506
743 2347
1368 3030
3583 3646
4506 4970
779 4755
3487 3969
3887 4792
2234 4084
435 4797
4468 4792
2643 4935
2728 3190
3277 3631
1112 3993
402 3827
439 1217
4273 4420
1663 4395
2459 3802
4189 4530
1637 2918
2999 4572
2001 4395
2272 4786
1767 4786
2872 3929
1612 4050
3858 4336
4330 4494
3565 4904
1898 3898
2501 4572
4071 4468
2429 3537
3322 4504
3927 4638
428 3777
1974 3671
3490 4732
3568 3621
3917 4505
3052 4423
3113 4995
3566 4850
177 4737
2764 4307
2541 4806
2490 4904
3332 3961
1189 3605
2471 4767
3877 3927
304 4786
2928 4556
2090 3717
3041 4633
4307 4797
461 4879
712 1301
1150 4904
1970 2916
2351 3221
2515 3963
2875 4331
3135 3929
4767 4931
1276 1639
4163 4506
2293 4786
3917 4097
3960 4786
3706 4506
3653 3878
3725 4761
2752 4978
1722 4041
575 2594
3685 4673
2657 4352
1267 3873
2620 4748
3944 4795
4400 4999
2933 4723
1026 3623
3 4431
848 4683
1745 2546
1662 4879
2719 3623
3313 3891
3655 4201
3715 4953
3772 4336
2435 3617
1943 4727
942 1996
2471 4499
3065 4859
961 2182
3993 4059
353 4743
4402 4946
3568 4275
2090 2620
2158 4744
3554 4602
2341 4414
2802 4727
3979 4881
2927 3640
1898 4881
1567 4777
1112 3920
1533 4437
2501 4558
4011 4951
1874 3878
3190 4978
3338 4699
539 4863
1561 2019
300 3708
794 4755
2282 2563
664 1524
2293 3566
3221 4281
1462 4761
3512 4032
2304 4602
3560 4267
4307 4881
848 4349
3983 4767
3165 3851
1349 4345
3129 4877
362 4602
2643 2880
2820 4290
734 4633
3887 4211
3637 4850
448 3292
2227 3285
4255 4395
3986 4909
498 3939
1999 3733
165 4910
2635 4087
65 3878
2818 4910
3159 4432
1544 1922
920 4978
1115 2776
663 3030
729 4185
1389 4688
2715 3725
2765 3164
287 3917
2880 4735
4234 4737
3488 4809
475 1980
2704 4978
4314 4723
3359 4677
173 3802
1900 3878
2828 3475
466 4423
1974 4307
2531 3122
402 3379
622 4352
3631 4786
2359 3969
1790 4806
1287 3680
2909 4797
1227 4894
2963 4755
3338 4071
1890 4904
2379 4290
1597 3679
4234 4332
165 4792
2665 4951
2829 4881
4275 4527
3313 4281
3679 4951
4393 4499
2931 4276
1123 4526
2362 4345
2471 4393
3244 4035
3475 4041
3065 4468
4222 4275
4494 4532
323 4910
1741 4683
1301 4601
246 793
448 3929
3605 4956
2866 4558
385 2769
1556 4331
2704 4674
2928 4310
3178 3381
1337 2933
1152 4035
2665 4952
2353 3153
4043 4499
338 4247
304 4806
2031 4792
703 4881
225 4786
2100 2909
2828 4184
1016 4952
3733 4201
249 4737
3019 4910
2356 4680
1318 4603
2675 4906
241 4420
2219 4518
920 4638
1862 4681
2187 4273
2370 4339
3052 4603
2918 3878
315 2872
4633 4767
1302 2769
2910 4130
1410 4331
2987 3874
3873 3920
2715 4711
2704 2752
3399 4330
2405 4059
4956 4973
4208 4723
3006 3847
1318 4261
3445 4952
4090 4527
31 2219
2985 3565
2547 4777
3655 4352
1479 1708
2576 3715
4549 4556
1695 3920
585 4247
1061 4627
3322 4095
3445 3967
1871 3047
2626 4377
4530 4894
3489 3679
734 3866
2985 4526
3081 4673
3373 3874
3057 4071
475 4879
84 3551
2093 4602
3986 4881
2206 4267
1812 4423
2329 3680
3891 3971
715 4978
41 4601
841 1964
3983 4463
1790 4236
2666 4904
3733 3993
475 3640
3551 4388
4468 4673
4485 4946
4059 4423
1950 2117
2515 3254
2928 4494
4463 4499
18 4970
1557 3887
652 2177
1053 4402
1612 3124
2865 4361
2719 3475
1189 4973
731 4294
3959 4809
1853 4310
435 4527
2000 3958
3190 4723
2203 4261
338 4446
2990 3927
4388 4417
2762 4393
50 4727
2658 4189
2178 3292
129 4663
1556 3221
1112 4549
599 4148
2880 4222
386 4910
942 2626
2990 4674
4108 4777
2668 4674
3958 4663
2658 4809
608 4084
435 3920
1267 4423
754 4699
2916 4526
2330 4546
2594 4759
4043 4800
4354 4578
3605 4879
762 3387
1695 2695
2369 3916
2906 3291
2906 4417
803 4683
145 4863
1782 4910
2933 4361
3671 4596
4377 4711
920 4909
4859 4970
2351 3122
2267 4931
4085 4728
145 4744
458 4683
2728 3554
3560 4973
3772 4951
1626 3382
686 4999
2907 4294
379 4973
585 4234
2748 4148
2764 3979
320 3720
1679 4208
2100 2865
2612 3547
3308 3715
1133 4310
4549 4680
2140 4735
91 3041
1410 4627
2341 4906
2435 3490
4555 4881
1727 4420
2625 4688
2990 4978
3052 3993
1349 3960
2226 4208
600 4728
3993 4603
3551 4482
3959 4097
4339 4800
379 3772
3640 4127
499 4904
3381 4825
2077 3847
285 4809
3597 3983
1871 3359
944 1911
76 4728
123 3373
3178 4761
3339 4349
2612 4956
944 3381
386 3887
1663 2339
402 3166
2432 4759
2675 3592
1293 1996
4290 4349
4255 4777
1954 4255
2208 4633
3511 4680
1722 1893
123 3595
4526 4910
759 4859
389 3708
3624 3653
4189 4549
3828 4795
2672 4556
2140 2219
2916 4904
3711 4777
3313 3979
743 4281
882 1722
3475 4184
2547 3874
2623 3286
2031 4904
1341 2157
2933 3487
3286 4041
2143 4276
3802 4688
274 4894
780 2531
759 3763
1016 4446
2347 3652
664 2748
2379 4777
2943 3802
3680 4267
2356 4549
508 4556
3227 4393
2602 3292
2038 4414
3019 3789
3416 4744
1626 2752
866 3605
146 2734
274 4091
884 3583
3774 4596
1357 4806
3209 3338
1788 4142
2227 3971
4095 4098
2594 3832
4277 4748
3551 4863
2769 4275
2950 4423
389 3916
754 4735
2531 4999
2057 4184
3399 4680
3166 3352
154 4978
2065 4978
2762 4767
1929 3387
2910 4789
2341 4267
1927 4620
2545 4970
712 3851
2256 4904
2459 4400
2182 2420
2482 4518
3159 3680
2872 4130
1984 4931
2769 4688
3006 4952
3285 4728
4163 4859
2208 3227
3254 4130
2758 4744
2918 3645
3675 3960
1118 4596
738 1013
362 4294
931 4468
2728 4555
3190 4314
3227 4633
3446 4208
1812 2502
4530 4956
2208 4393
4532 4549
3227 4931
2233 4956
2126 2998
129 4504
4417 4995
3324 4446
3421 3880
1509 4395
4699 4859
1796 4699
1871 4395
3961 4877
3537 3715
3983 4393
2408 2758
4294 4314
2758 4271
2127 4091
31 4518
1929 2734
3597 4931
1833 3445
3421 4620
3831 4271
4499 4931
470 4518
1544 4732
1927 4956
1464 3851
2178 2853
3115 3596
3359 4255
3342 4349
3165 3878
4294 4403
4532 4556
3446 4602
1613 4091
1695 4603
2226 4723
392 4530
3971 4307
4532 4809
285 4185
2546 3112
3244 4572
3551 4995
4032 4638
2329 4336
3489 4952
3292 3979
385 2359
935 1601
1053 2931
2317 4377
460 1862
3081 4252
1107 4825
1089 4518
773 4277
1345 4956
886 4806
1859 4806
246 3324
3292 3898
389 4727
3366 4463
3204 4446
2031 4314
4761 4906
3671 3891
2451 4201
2490 4910
2765 4034
3999 4978
2635 3624
3030 3610
1349 4786
4222 4354
2408 4767
3583 4602
2369 2802
2963 4098
1727 3511
2998 3115
4147 4148
1662 4973
4330 4809
134 4627
2158 4863
1984 3983
3887 4505
626 4952
3708 4727
4163 4673
4124 4809
4310 4549
3733 4388
1590 4786
377 4276
2374 4699
1745 4909
2359 4795
2362 4806
1818 4755
2545 4699
2769 4795
3190 3999
3416 4201
4050 4127
4683 4906
3565 4792
801 4688
2909 4276
3387 4953
2000 4546
3961 4294
4127 4956
1557 4095
622 1775
2482 4277
499 2113
626 2635
4432 4935
4506 4699
3858 4953
2885 4743
4011 4800
2304 4294
2582 4777
1432 4130
940 4361
1150 4792
4097 4737
2607 3899
3958 4546
2658 4124
4271 4437
2282 3827
2960 4034
2960 3164
2117 4281
3612 4673
2233 4879
3503 4432
3129 3562
392 4995
3416 3655
1428 4468
1893 4184
1001 2987
3381 4735
3789 4904
2482 4680
2356 4527
2672 4494
2910 3963
779 3173
2906 4352
4032 4909
1561 4825
3847 4999
1123 3637
553 3562
2765 3537
3617 4549
4071 4627
807 4208
4290 4556
3640 4620
2705 3277
1790 4345
3971 4881
2202 2675
1812 4603
548 4956
1089 4748
614 4906
1569 2884
4909 4978
695 3631
966 4877
1745 3927
2143 4953
3944 4402
3254 4789
1440 4417
1013 3993
3971 4728
602 4532
2674 4505
2853 4688
3832 4743
1464 2918
610 4148
2435 4683
2330 4290
126 604
1368 4184
3512 4728
602 4330
3560 3772
3927 4345
2734 4380
1509 4255
4222 4527
2117 4688
1954 4946
3366 4956
3866 4931
3445 3939
181 4894
4417 4485
2927 3366
3967 4952
1788 4558
3986 4085
1612 4124
1999 2000
3221 4999
2674 4097
2485 4339
1925 4414
4247 4825
4267 4973
2164 4601
2555 3832
4185 4549
3916 3975
3159 3490
1670 4098
2675 4761
3338 4859
4339 4633
4142 4558
2734 4276
4108 4663
1807 3568
4084 4877
4211 4850
1301 4789
1962 4881
1192 3617
220 4330
4236 4345
3487 4527
4273 4673
337 4095
2666 4850
2723 4863
1434 2885
435 1337
293 4053
2194 4361
2820 3711
3961 3971
4124 4185
4380 4953
1808 4806
4185 4189
4530 4973
1265 4906
1408 4377
3019 4904
2488 4432
362 4723
3958 4108
4011 4767
4673 4859
3969 4361
45 4275
599 4620
2182 3131
1909 1996
3645 4601
638 4743
289 4148
2191 2875
2356 3511
3065 4273
2685 4755
25 4850
3421 4127
2762 4339
4211 4910
1927 4894
4053 4127
3612 3617
2853 3221
3969 4797
1808 4211
2408 3963
3352 4777
2931 3827
1788 4572
548 686
2425 4601
225 3631
1737 4727
2165 3999
3537 4953
2623 4222
793 4572
2202 4761
2336 2849
2515 4789
2907 2909
3969 4354
4904 4910
858 4737
361 4207
197 4518
146 3512
1391 4995
3597 4463
3927 4674
4059 4973
3313 4085
2884 4951
2666 4910
2151 4432
461 3421
1058 4748
2943 4281
1227 4879
323 4602
966 4602
1874 3851
2003 2177
2580 3898
42 4677
2909 3537
614 4935
1509 4677
2719 4041
3131 4946
3286 3866
2339 4395
2547 3227
90 4482
3057 4468
1761 3720
1524 4681
2764 3313
1722 3473
4163 4252
4252 4673
1428 4314
4247 4446
176 2000
2359 3621
3097 3473
3646 3920
3763 4777
841 1557
943 3715
3487 4275
4271 4995
1147 2928
4050 4189
600 1058
4071 4970
2502 4059
2872 3851
3065 4163
3164 4953
3605 4973
4349 4432
499 3637
2620 4235
3944 3969
4163 4970
1677 4336
794 4098
841 4792
4800 4931
3927 4978
4235 4518
3065 4970
3342 4683
1458 3277
2151 3342
3983 4859
2153 4673
3772 4267
3789 4792
493 686
4097 4505
1639 4275
2907 2987
4330 4532
2065 4909
428 4727
1013 3052
2734 4034
2762 4800
3653 3939
4124 4420
1464 3165
1218 4732
3645 3720
2705 3783
134 4970
3592 4906
4744 4863
1357 4786
1999 4744
4142 4437
2219 4277
3562 4727
274 599
1793 4674
554 3877
858 3959
2580 3285
4699 4761
1898 4307
3983 4800
2758 4995
4633 4800
3135 4281
2126 4759
539 4995
813 4097
2080 4603
2812 3711
4277 4879
1341 3646
1408 4825
4906 4935
1 4526
1250 4596
4163 4638
2123 2685
249 3917
2576 4800
4148 4681
1188 4952
3489 3847
2105 3959
3081 4071
2038 4596
274 4909
2872 3720
4792 4850
2776 4999
2829 3971
3969 4090
2555 4210
712 4789
2267 4339
3685 4402
508 4680
4234 4558
1217 4572
3547 3967
300 4727
4863 4995
2425 3254
3190 4674
1909 4602
2802 3916
293 4688
807 4314
65 3963
1663 4677
2576 4034
3828 4797
2555 4743
2194 4797
2339 4946
1341 2530
1302 3944
2563 2662
3339 3617
548 4053
3887 4904
4091 4894
4281 4688
1495 4677
3551 4744
2999 4234
3153 4380
4393 4463
4071 4699
2429 2612
4728 4881
1109 4744
356 3920
847 3623
3646 4261
2928 4532
1506 3887
3081 4627
3725 4906
2764 3971
3637 4211
3637 4792
4806 4809
961 3139
4189 4809
1100 4743
379 4377
967 4728
1633 4699
2853 4999
1999 4417
2001 4255
3503 4683
920 4674
353 4124
2829 4307
4095 4546
1950 3929
1788 3244
2293 3783
1874 2164
1631 3847
1890 2812
3291 4271
2553 3960
3828 4222
3874 3959
2714 3653
1524 2748
287 3959
2728 3655
3777 3975
4091 4555
323 807
3487 4222
3983 4339
4041 4184
2812 3352
2362 3675
144 4970
3763 3827
2123 3173
2234 4602
1639 4795
554 4909
2916 4850
4732 4951
3878 4789
4222 4797
2668 4978
540 2607
1868 4683
225 586
2001 4699
4235 4748
4292 4352
3827 4095
1001 4737
3124 3640
3939 4951
3778 4638
1318 3583
1999 4863
2805 4349
4090 4809
4673 4699
45 2769
3920 4059
3313 3971
4711 4728
1202 4380
2829 4189
3129 3777
3511 4556
2347 3631
2728 4208
2086 4485
695 4345
132 4777
2329 4414
940 4795
1349 4806
374 4602
1112 2405
664 3610
2001 3359
1962 4728
759 4699
4185 4680
2389 4711
1967 3322
2546 4032
3373 3959
1432 3165
4108 4314
4201 4995
4526 4850
2105 4097
2256 4211
2256 4792
2374 3706
2227 3979
2330 4108
2471 4310
2615 4677
3511 4549
794 1818
2432 3960
493 4688
1695 4881
2954 4431
1265 1813
2351 3339
3178 4377
3503 4330
3568 3969
2126 3299
4124 4532
2658 4910
3173 4098
3445 4999
50 3562
1090 4400
2530 4432
428 2369
3583 4850
4494 4549
1567 3379
2105 4505
2272 3975
1964 4728
4090 4354
1115 1607
1337 2336
3595 3959
3778 4032
414 1904
4743 4850
4403 4877
3399 4124
193 4331
3891 4085
2177 4130
1337 4797
2485 4633
4504 4777
1218 4127
1434 4759
4402 4677
1276 4361
3993 4423
2927 4956
809 4735
2003 4727
1536 3927
4097 4098
2998 4759
3285 3898
1925 4267
361 2594
3366 3605
3971 4085
4494 4556
3899 4330
326 3030
3652 4578
4638 4978
4163 4699
320 4789
3254 3831
2625 3405
2359 4797
1319 3129
1287 4414
1557 3135
703 4728
3124 4956
3565 4211
3373 3595
1601 4098
3671 4307
3640 4530
2100 2933
3623 3739
1524 1556
4189 4789
3832 4431
485 4755
126 4732
2233 4973
2342 4290
3725 4935
258 4290
2065 3927
2866 4446
3166 4504
3592 4825
1922 4432
967 3898
1503 4978
3963 4789
2998 3596
1597 1631
392 4053
731 966
1679 3969
1464 4130
4395 4946
2987 4505
943 2353
2853 4400
4638 4674
801 3652
2842 4777
1670 1795
2336 2704
1536 3877
1950 2943
4402 4806
1479 3715
1544 1741
2553 4786
3789 4910
466 4261
3359 3685
2103 4809
362 2907
2113 4681
3680 4414
944 4723
1828 4596
2019 4377
197 3717
1391 3831
2546 4674
4431 4759
2459 4185
3308 4953
4255 4677
1053 3286
165 4084
3944 4797
2875 4555
181 4432
1485 4339
1503 4674
2077 4336
1107 1813
638 4431
1909 2234
2103 4330
197 4235
2928 4549
3057 4252
3057 4970
4035 4247
4163 4596
961 3122
1862 4148
4098 4108
4208 4602
664 2582
2545 4859
123 3645
1957 4683
2202 3959
3322 3958
1962 4307
493 2853
731 4723
1708 4518
1818 3708
1389 3537
4417 4744
4271 4744
3828 4527
1612 4956
3847 4680
2950 3920
4759 4946
1485 4043
1485 4332
2158 3551
1590 2541
813 4505
961 4400
1218 2805
1613 2425
1807 4222
2865 4797
3313 4555
3568 4578
3592 4735
3631 4806
1980 4596
1761 2918
1964 4881
2927 4050
151 4504
315 3139
3313 4881
4744 4995
1855 4681
1874 4130
493 4281
2695 4603
2100 3969
1536 4978
1662 4189
1716 4267
3047 4946
2370 4800
3621 3828
1601 1715
2764 4881
3969 4527
251 4414
377 2429
176 4255
3209 4163
3554 4084
3178 4825
803 2805
3929 4999
4377 4825
2110 4881
1590 3783
3030 3623
3715 4380
3487 3828
4098 4207
4850 4904
1874 2910
2234 3961
2143 4380
462 1148
2872 3645
1058 2620
2615 3359
2849 3927
4423 4603
4699 4970
1218 3339
585 4572
1782 3566
2451 4271
1123 4850
2563 3379
326 1893
2038 2329
3961 4208
4432 4683
4290 4777
2674 3874
2880 4825
3783 4236
4345 4786
1716 4596
991 2330
2672 4310
1597 4952
3597 4499
1745 3322
809 4677
1833 3653
1911 4877
4361 4792
3880 4879
500 4727
540 3583
691 4777
4674 4978
324 4978
2765 4761
2875 4431
4035 4234
1256 4532
2080 2828
4310 4494
2672 4532
2728 4881
2429 4953
3019 4792
3057 4699
3596 4759
3671 4728
460 4148
4275 4361
3165 3645
2420 3221
3113 4482
3562 3975
1999 3551
4087 4951
1818 4098
4485 4499
991 4504
1954 2339
4277 4518
2405 3873
4314 4877
3655 3831
2019 2990
572 3640
3551 4417
2001 3685
1 4792
1026 3475
2267 3227
652 4601
663 4041
2657 4755
2658 4310
3708 3777
3617 4732
2715 4485
3122 4530
3488 4680
4043 4339
1607 2612
847 3739
3592 4377
2177 4601
3190 4909
1943 3708
1767 4806
1293 1679
1016 4558
1613 4530
4050 4956
4482 4578
2985 4850
1089 2077
1503 4638
2165 4978
4142 4247
586 1058
2347 4688
868 3366
942 4208
2531 3405
2191 4148
2003 3975
4463 4931
2086 4906
4482 4863
2103 3511
2910 3645
2502 3646
324 2906
4292 4759
446 2576
1148 4558
2865 4090
3999 4032
2620 4518
3057 4273
4032 4059
1590 4236
2695 3993
691 1890
3041 4339
220 4494
2267 4043
3874 4505
4163 4627
3605 4050
4314 4403
3774 4973
91 2304
2931 4777
2714 3547
1927 4879
3209 4699
3338 4273
241 4189
3405 3929
4863 4879
942 4877
539 3338
2563 4777
2714 3006
289 4681
2998 4210
2019 4935
2501 3324
3560 4336
126 2151
295 4727
2555 3299
2668 3112
2866 4247
2187 4071
3164 3858
3399 4532
3445 4087
4124 4310
3322 4777
4201 4863
3706 4627
3979 4307
803 2488
4273 4627
338 4035
3772 3774
3624 4951
1715 2685
4276 4953
4518 4906
3831 4744
4463 4767
1964 3891
324 3802
2379 4663
1107 4761
2563 3602
2818 3789
3324 4558
1349 3675
2208 4931
2315 4761
2330 2342
1118 4973
3139 3960
402 4546
1148 4572
2459 4281
2885 4210
2100 4797
2227 4728
4546 4549
4681 4792
2187 4627
3680 3772
3958 4504
1391 4578
181 3899
1637 3851
4090 4797
1761 3963
165 4850
2490 2602
4555 4728
107 4527
2950 4261
1775 3963
2612 4951
4349 4732
614 3592
1256 2103
2612 2776
3286 3537
1670 4352
4290 4663
1458 3324
392 4956
462 4142
1716 3560
1633 4673
553 3916
2140 4518
3139 4130
2127 4973
458 4395
1761 3254
2758 4417
2347 3292
2802 4336
2342 4546
4235 4277
1217 4234
2943 3139
1955 3610
1679 4261
2203 2563
2734 3286
458 3685
4970 4999
3387 3858
2907 3961
1133 3706
2530 4683
3324 4572
540 3592
793 2631
2315 4759
2723 4744
4673 4970
695 4806
1639 4797
1613 4053
1859 4558
3645 3963
4222 4795
1590 4345
2658 4680
1192 4683
3637 4904
2203 4423
4330 4526
3512 4674
374 4294
4336 4596
2374 4273
435 4222
1655 4530
1909 4723
4578 4743
3052 3873
3680 4596
759 3612
942 4723
1561 4761
2675 4485
3209 4727
1813 3178
4201 4388
4059 4261
2351 4688
2704 4909
3562 3708
4247 4755
1597 4999
1929 4276
1775 3139
3124 4767
3359 4147
2908 4431
1189 4879
1192 4349
2486 4711
3227 4395
3706 4071
3944 4527
3159 4728
2960 3308
4549 4809
848 3339
3204 4572
2672 4549
3831 4863
1637 3878
4071 4859
2541 3631
2728 4085
4095 4108
353 4680
4084 4403
323 4208
2999 3204
1670 1828
4420 4809
3473 4041
3512 4978
2317 4761
1633 4859
1745 4638
3537 4276
553 4727
2931 3352
4786 4797
97 4755
3052 3646
323 1862
2077 4952
544 4446
2151 4683
2459 3135
1601 1950
602 4556
508 4549
2488 3827
2765 3308
17 2662
809 4910
3655 4271
4273 4970
2723 3831
3562 3916
3511 4809
4431 4935
1970 4904
3381 4935
1722 4184
2615 4147
251 4596
2003 3708
1727 4809
4071 4673
2715 4825
3891 4881
4236 4806
353 4420
3129 3975
2203 2695
2031 4850
4767 4800
1631 3679
2336 3969
3399 4494
3490 4349
544 4437
2954 3652
3733 4271
3739 4184
145 4417
446 3164
635 2631
3621 4527
2918 3675
1904 4910
4388 4863
765 4463
2356 4420
2580 4881
1980 4339
1410 3610
743 2351
1862 4331
4032 4978
765 4800
57 3783
2432 4806
2765 2909
1569 3679
729 4330
2486 4825
3209 4859
2931 3763
4071 4506
470 1708
3720 4894
712 4904
1779 4953
508 4910
603 2853
608 4414
2202 4825
2865 4527
3399 4809
3 3596
2432 4345
2197 4732
126 3490
338 462
3277 3675
4271 4417
3164 4276
3898 4555
1868 4349
1483 4185
251 2723
695 4786
1462 3299
1737 3777
2341 4973
1 4850
4345 4352
2907 4043
362 1569
2080 2719
4633 4931
2762 4931
3802 3929
326 3475
146 4909
386 4850
3489 4951
816 4349
2866 3204
2762 4633
931 4252
4267 4596
3554 3961
4468 4627
3153 3866
4185 4310
1100 1462
1788 2501
225 2293
1495 4147
2336 4795
3685 4677
4414 4596
57 4806
462 4332
3774 4336
3612 4859
773 1089
3244 4234
3772 4414
1921 4620
2990 3877
3612 4970
2908 4759
586 4518
2127 4956
1410 2176
3503 4732
4894 4956
3166 4095
3381 4906
3624 4999
4207 4755
4388 4482
303 4549
2752 3112
1192 4463
3979 4970
4578 4797
1590 3675
868 4530
2943 4207
3645 4789
2140 4277
548 4506
4247 4558
793 4437
2865 4795
2665 3847
3720 4601
1996 2304
3489 3624
132 697
1118 4336
3602 3827
3959 4737
1922 2488
3778 3877
1227 3993
2317 3381
4294 4723
2990 3999
2219 3717
2233 4184
4485 4978
2842 4361
765 4011
920 4281
4310 4420
2515 4601
3898 4881
2665 3967
4207 4292
1479 4235
1813 4711
697 4663
4417 4482
2471 4931
4786 4800
847 4184
2668 4909
246 4332
2206 4596
1775 4789
1767 3960
2347 2943
2657 4292
2762 4518
4850 4910
2474 4910
4252 4468
304 3631
300 3562
3489 3617
1495 4946
2615 4402
1929 3866
4208 4999
1631 2077
3560 3774
3999 4638
4290 4549
1900 3254
1677 2998
2705 4946
356 4423
3366 4946
1462 4759
712 4130
2140 4235
622 4755
4247 4572
1318 3873
31 3717
610 4331
801 3131
3047 4147
1967 2342
3382 4978
1133 4680
3221 4400
2950 4059
816 1868
2908 3832
4527 4795
4792 4904
1440 3733
2723 4995
3030 4184
18 1410
943 4276
3277 4345
1479 4518
3285 3671
1962 4403
2164 2910
3489 4087
2157 2203
2802 3975
2474 4792
1677 4210
1957 2805
2370 4463
246 4572
1957 4732
2420 3652
485 4098
2849 4797
3975 4727
4339 4437
2234 3631
4142 4234
2909 3858
4234 4446
498 4952
3986 4728
79 4053
1663 3685
3359 3898
2157 4603
1100 4210
1597 4951
1189 4091
2728 3473
4420 4532
2829 4085
439 2866
146 4674
3778 3999
3562 4403
4526 4792
4185 4556
458 1871
3832 4759
1853 4494
1601 4352
2341 3772
3958 4095
2256 4850
1613 4973
3568 4863
3777 4727
4210 4431
931 4970
547 2420
3874 4737
3322 4546
176 3958
3416 4995
2353 3715
1974 4555
31 4277
2158 4482
1319 4727
4596 4973
2546 4909
1676 4148
1833 3547
3006 3624
1408 4935
2625 2853
2359 3221
2541 3783
2202 4906
1536 4638
3291 4482
2151 4349
2828 4041
2615 4946
2057 3623
4688 4999
4795 4797
3653 3967
2502 2695
3446 4247
303 2658
4728 4744
1767 4236
4331 4681
466 2203
3131 4400
3983 4043
1192 4743
2805 4683
3153 3387
1911 1950
2865 3944
2272 4307
2090 4518
2582 3610
4050 4091
4053 4956
3065 4506
389 3129
2555 2954
3382 4935
884 2502
554 4032
1341 4603
1569 4952
2515 3878
1567 3827
41 3720
3113 4744
2880 3725
729 2151
2910 3254
414 2602
1287 4336
2884 4952
1626 4935
379 4189
1745 4978
4339 4767
2490 4526
773 4235
1900 4601
3971 4555
2086 4761
4674 4909
287 3874
1118 2341
3285 4555
1506 4792
356 3583
4310 4330
3547 3939
3 2126
575 2315
3352 4904
3537 4380
3778 4978
3475 3739
3640 4879
3112 4638
3291 3655
1556 4681
3421 4973
2194 2933
3597 4767
2490 4211
1875 4395
4053 4620
97 4098
4330 4549
3624 4952
337 4777
729 4549
3891 3898
2541 4271
268 3960
3387 3847
4310 4809
1016 4247
2208 4767
2298 4999
4354 4795
3139 3963
342 4277
287 4737
4071 4163
1389 3308
2031 3789
3285 4879
1715 4755
743 2298
3929 4400
1807 3828
4530 4879
134 4673
1218 2197
2408 4800
3285 3971
1745 4674
967 4307
3209 4970
3596 4210
604 3617
1695 4633
2293 4806
3277 3891
4277 4877
3065 3338
3592 4761
3299 4620
608 4596
638 3299
2374 3612
4361 4578
385 4795
1536 4909
3490 4683
3047 4402
2093 2907
540 3381
2153 4970
1287 3774
1639 3621
2157 4423
4482 4995
1943 3916
485 2657
1337 2531
536 4789
300 2998
2547 4737
2695 4904
4124 4556
2389 4825
1148 3204
2672 4330
3720 4130
1853 4809
1428 4084
1922 3617
3124 4189
4236 4786
686 3802
3624 3847
1637 2177
3961 4777
4638 4909
3595 3917
3637 4910
439 4446
1368 3623
2370 4767
285 4330
1227 4956
2194 4795
2272 2802
2359 4361
3445 4744
1410 1676
2315 2555
3416 4482
1900 3645
3047 4395
2315 4210
3421 3640
3592 4485
2828 3030
3612 4627
1148 1189
1853 4124
1302 4354
1462 2594
1962 3979
718 4677
2471 4463
2545 4627
3596 4431
2812 4663
2866 4142
3164 4380
3789 3887
3624 3967
1855 2875
1548 3135
3595 4097
1483 4699
2105 4737
2341 3680
4711 4906
4602 4877
1607 4951
2226 4084
3254 4800
3291 4995
2723 4271
3122 3139
107 4222
1391 4482
585 4035
4526 4909
3605 4894
3772 4596
193 4681
2502 4603
858 2547
461 4620
872 3939
151 4095
4332 4558
2685 2963
626 2776
3019 4201
90 4995
4034 4276
1812 2950
4532 4680
2531 3802
361 4377
3373 4097
935 4352
2530 3617
3554 4877
1267 3993
731 3332
3173 4207
3602 4777
944 1428
377 4034
1943 2369
600 3979
1790 4786
943 2576
2429 3715
2615 2829
3308 4380
2555 4759
2086 4711
4377 4735
1716 4414
2885 3832
4627 4699
2626 3939
2038 3624
2164 3878
2752 3999
3190 4294
1544 4059
794 4207
4330 4680
3685 4395
1479 4748
2197 3617
4091 4620
4377 4761
4124 4680
1898 4728
3487 4795
2077 4951
2187 4468
1868 4732
858 3832
1115 3489
1677 4759
1859 4345
544 4558
1569 3963
1904 4904
268 4806
2227 4881
3173 4755
4211 4526
2178 3405
1782 4850
1613 3880
2576 4953
2227 4555
1109 3416
886 1790
2502 4275
4210 4759
2541 4236
2908 3115
57 4786
274 4879
1597 3006
1970 4792
2580 4085
2553 4345
173 4688
816 4732
666 3711
4437 4572
1943 3777
2643 4906
1676 1909
635 4247
1188 4999
1677 3596
2405 3646
2666 3019
4098 4755
414 4526
1250 4414
2165 4674
866 4417
1133 3568
1152 3244
97 2963
3717 4277
295 3562
3359 4034
4723 4877
1218 1957
2488 4683
2490 3789
697 4777
2486 3381
2910 4601
2985 4792
1828 4755
176 4777
356 4261
1970 3887
1796 4273
4463 4800
4090 4578
3503 4349
1567 4504
652 3851
3986 4786
2612 3602
4494 4809
3646 4423
4208 4877
858 4505
2177 4789
547 2178
2019 4761
2105 3595
4620 4879
3277 3960
374 3446
4043 4767
1955 4148
377 4953
2317 4485
3899 4332
2474 3352
2379 3322
129 2931
2001 3939
2602 4910
2963 4207
1779 3917
1287 4267
3379 4663
165 1795
2330 3631
1053 3153
1557 4281
2182 3652
2158 4255
3135 4999
3421 4956
3675 4786
3286 4314
4271 4863
2576 4380
2714 2884
1298 4978
342 4235
967 4555
2643 3725
3653 4951
3387 3715
4252 4627
439 4185
3645 3878
2208 4800
3717 4432
1708 4748
3135 4400
4711 4935
2643 4485
2909 3286
3322 4290
2943 3405
2719 3097
4189 4494
920 3190
446 4953
3621 3969
931 4859
626 4951
1855 4331
1868 3503
2001 4677
2420 4281
2623 4518
4059 4603
703 3891
4261 4423
42 3379
4124 4494
610 4505
4252 4859
4735 4825
2267 4800
572 4050
4499 4767
3554 4294
3554 4723
2553 4236
2226 4314
2906 4578
2003 3916
3927 4032
2143 4034
2820 3605
3332 4084
289 1662
3416 4863
2812 4485
2408 4931
3366 4530
1298 4674
3617 4432
4091 4761
2880 4935
4680 4809
2704 4032
1871 4677
4556 4809
715 4909
379 3680
2405 4261
3382 3725
4314 4602
3717 4748
1922 4683
1855 3610
1996 2226
3285 4388
2662 4546
4786 4806
3967 4951
762 2353
3165 4601
154 4909
3827 4663
2672 4973
4688 4877
2038 3774
603 2625
754 4761
4201 4482
3113 3733
1921 4530
935 3166
2485 4127
3041 4393
2432 3135
2657 2685
3277 4084
4273 4859
2304 4431
1319 3916
715 4767
1389 3866
1408 3725
3339 4732
3399 4420
2110 2545
3313 4728
4620 4956
3646 4059
4147 4255
2187 4970
1741 2039
1202 3715
813 3373
2828 3739
539 3733
3292 3652
3858 4034
4482 4744
1782 3887
2714 4098
4377 4935
3052 3583
1256 4680
793 4558
1276 2849
2187 4859
3221 3652
134 4859
1607 2635
1970 3637
1904 4792
3421 4879
586 3717
3052 4059
1013 4603
3969 4663
1148 4234
2849 4795
3583 4261
3041 4499
3332 3446
2626 4761
4290 4546
3605 4620
3645 4806
586 4235
2123 4292
1999 4578
2000 4095
2233 4894
3602 4504
4437 4482
4330 4761
498 3847
779 4352
2077 3489
1192 4732
2658 4290
2177 3165
1506 4526
42 4290
4388 4393
2110 4085
765 4499
1548 3405
2362 2842
3963 4601
4431 4437
3725 4485
3783 4786
1795 3637
2100 3421
3783 4345
4275 4354
2685 4759
3291 4388
2353 4953
4041 4095
1013 2950
2547 3959
3115 4210
3122 3221
4087 4952
1485 4800
2353 3164
1967 3166
2607 3605
3944 4201
2985 3019
1090 4281
2329 4596
4043 4463
2906 4147
2057 3097
738 743
3081 4699
1637 4330
4952 4999
2531 3135
1389 4380
2191 2194
1727 4532
1855 4148
3352 3958
173 2943
813 4267
2515 3720
2849 4354
600 4307
1133 4556
3379 3602
1679 1911
3547 4951
2488 4732
3373 4505
4468 4735
97 4207
1345 4879
2080 3473
2812 4290
2885 4431
3 2908
2370 4931
3679 4952
3967 4087
4499 4800
4482 4504
1432 4789
603 2531
1318 3920
2362 4236
1298 3927
3342 4732
4108 4546
3717 4518
940 2362
3993 4261
1893 3623
3612 4252
414 4904
2999 4035
599 3605
4526 4879
2960 4953
3847 4951
3209 4506
2080 4184
2802 3708
3929 4207
460 4681
3880 4090
3969 4222
3129 4727
123 4737
2126 2885
2715 4761
1256 4330
1900 2918
4148 4331
1828 4973
3547 4999
2607 3421
1265 4825
177 4505
287 4505
1925 3772
4395 4402
251 3772
3097 4041
3655 4744
1495 4255
84 4995
3379 3827
1389 4953
1432 3963
3596 4743
553 4809
2545 4468
2057 2719
2960 4276
361 4755
1962 3999
2623 4235
458 4677
2674 3917
3299 3832
77 4909
177 4097
76 4881
2662 4504
4252 4699
1808 4910
1458 4446
2182 2298
872 4314
304 4236
1250 3645
2486 4761
31 2482
2153 4252
2203 2950
2960 4380
3131 4999
3382 4485
3173 4352
146 4978
1984 4393
91 4767
2031 3566
1708 2140
2197 4683
4147 4395
540 4485
1533 2662
3512 4638
2954 3115
4354 4361
3653 4999
4485 4935
1524 4222
2117 3929
3878 4601
1955 4681
315 3851
3568 4527
3774 4414
2176 4681
4053 4973
2802 3777
1150 4526
3828 4354
3685 4946
2485 4931
3446 4403
4468 4970
2987 4737
3920 4973
1670 4755
1357 4236
1782 4759
3631 3960
4090 4795
268 4786
3652 4281
3802 4999
1202 4276
4185 4809
2907 4314
4189 4956
697 4095
1984 4633
107 1276
1980 2038
25 3565
635 4234
3621 4090
3828 4361
485 4352
3285 3979
4084 4294
4034 4504
3706 4973
2191 3610
3621 4222
2226 2304
3112 3512
2113 2582
1319 3975
1927 4530
2165 4638
3153 4034
544 3338
575 4759
3047 4255
3019 4211
1061 2206
2612 4952
3566 4792
90 4863
841 4688
3778 4909
3944 4275
76 4555
2227 3671
3898 4307
2435 3503
1100 4431
151 176
622 3173
2714 4737
458 4432
4252 4970
151 4546
3568 4795
323 4403
2429 4877
4034 4953
4393 4767
2234 4877
3006 4946
342 2623
3041 4800
3621 4797
2153 3706
4275 4904
1950 2625
944 4208
1790 2432
1974 4728
1544 4683
3675 4806
4345 4711
2329 4973
4275 4578
1276 3828
2459 3652
4276 4380
2369 3708
4332 4446
2658 4420
1089 4277
3487 4797
2885 2954
461 4973
320 4601
84 4482
2233 4620
1890 4663
3416 4578
1904 3887
1440 3113
3292 3405
3679 3939
1434 3596
1859 3675
76 3285
2582 4148
1483 4970
324 3292
1612 1921
3939 4952
4485 4906
3 4759
4935 4973
2117 3122
3898 3971
2191 4331
2176 4331
2374 4468
3352 4504
144 4506
1090 1548
4339 4931
4463 4797
1808 4850
1150 3565
1626 4761
1679 4314
944 4294
2153 4506
2057 3739
2356 4185
2389 4910
1410 4681
2474 2602
4091 4530
79 4956
868 4973
2408 4499
1533 4546
2317 4189
3847 4881
2379 3602
2234 4294
1637 4130
3887 4494
4090 4275
1256 4494
3917 3959
1639 1807
1775 4601
3124 4053
2602 4211
2748 4681
2908 3554
77 4978
794 4292
1626 4906
134 4603
45 4361
868 4053
498 3006
991 3166
2117 3131
460 1955
3866 4339
2342 3763
3959 4505
1341 4423
2219 4235
1458 4142
2594 3115
315 2515
3113 4201
1250 3680
1483 4673
1556 1862
2451 4995
2546 4978
3322 4273
3416 4417
1950 4281
3381 4711
1967 2842
3204 4234
4084 4314
2985 4910
3338 4970
1302 4795
1109 4482
1557 2531
2906 4863
1613 4956
41 3851
3920 4603
1741 4349
1767 2705
1089 2090
1676 4681
1929 4953
2546 4235
4201 4236
79 4620
4735 4906
940 4527
550 935
2928 4420
2267 4463
3961 4723
435 4795
554 4978
177 3874
666 4680
1875 4677
3047 4677
50 2003
703 3671
4087 4999
848 4432
4255 4402
4095 4777
4420 4680
3831 4482
4071 4755
145 4995
2594 2820
1813 4825
1893 4041
508 4420
3057 4627
3178 4906
743 3512
2226 3332
3877 4978
4210 4349
4602 4723
3512 3999
2631 4558
3382 4825
77 3778
604 4432
3631 4345
1250 3560
2657 4909
2675 4935
4558 4601
2429 3637
2990 4909
3640 4388
1458 2631
2607 4956
4147 4677
4437 4446
4546 4663
940 2987
2928 4185
4085 4881
144 4627
326 3473
4091 4956
1741 2197
1337 2359
3308 4276
1440 4271
991 3827
1974 4881
1833 4995
293 3122
2127 4053
1601 4207
4711 4761
2805 4361
1779 4034
4485 4825
4130 4601
2315 3832
1793 4638
2317 4906
1795 4910
2336 4797
2502 4261
608 3446
1428 4602
2954 3299
866 4863
173 3929
2553 4806
144 4859
1483 4506
2086 4825
2675 4377
3139 3292
3983 4499
3065 4904
600 4032
2298 4281
246 4446
3342 4043
935 3488
3244 4558
2485 4800
289 3671
2234 4314
3671 4555
4879 4956
2675 3178
935 4098
2420 4400
2866 4035
1569 4087
303 4532
2451 2906
2805 3490
3653 4952
2623 4748
304 3675
379 1828
3381 4485
759 3898
2113 2748
2884 3445
1779 4737
2501 4247
17 3602
1544 2435
3286 4953
847 4759
462 4825
1349 4236
2666 3789
3831 4201
2105 3291
3847 3967
2202 4935
320 3112
1152 4727
303 4556
3706 4699
2545 4252
2820 3379
3880 4127
1345 3880
485 4207
2356 4809
4504 4663
1107 4906
1368 4041
65 4789
2389 4761
3291 3831
3917 4737
773 3717
2000 4777
2765 4953
3227 4463
3299 4759
2038 4336
3874 4097
961 2351
1109 4995
3416 4388
3488 4556
2828 3473
4011 4463
2662 2842
2875 4681
3671 3725
731 3446
803 3342
2769 4527
3041 4767
1737 2272
2317 4087
2635 2884
4035 4142
1954 4402
3547 4952
4336 4414
4011 4931
324 4688
2488 3342
743 1950
2206 3774
3623 4252
775 4555
3547 3679
2067 4946
967 4085
1875 4147
2916 4211
3891 4307
1533 3166
1293 4602
2906 4995
2665 4087
866 3831
2626 4032
3831 4995
3286 4380
1900 4789
1217 4035
4499 4572
1782 3565
734 4931
4377 4485
1727 4494
1833 3939
2165 4663
2752 4909
4345 4806
151 4777
1509 4147
2884 4087
2347 2625
3733 4863
847 882
1107 3725
1868 4432
2123 4207
3352 4663
3322 4108
1061 3560
4124 4952
385 4354
1115 4087
1955 2191
2758 3655
295 3777
1090 3122
1548 3802
2546 3877
4505 4737
841 3292
1925 2329
2715 4935
4361 4797
285 1133
2776 4951
1016 4332
2474 2985
342 4894
1708 4277
1192 3342
2490 4792
4267 4336
4558 4572
3983 4633
4420 4549
539 2425
544 4504
553 1737
1833 4951
1911 4084
2764 4728
2582 4681
3445 3679
1927 4127
3338 4468
2954 4759
4601 4789
539 2723
2330 3602
3489 3967
1796 4970
2908 4210
2039 4732
882 4184
548 2927
2432 2553
4043 4931
2685 4352
3129 3916
2829 3313
2317 4935
1964 2110
3851 4789
4395 4527
4506 4627
599 4050
2353 3858
2594 4743
3382 4377
4423 4437
45 4578
1061 4267
715 3778
2304 4723
220 4680
458 4402
1345 4530
4420 4556
3877 4032
1567 3828
1133 4809
1833 4952
1967 3827
2282 4663
1123 4910
4035 4558
4414 4973
4142 4572
1875 4946
2615 3685
1898 4555
2829 4728
2369 4727
4185 4420
173 4281
2336 4275
4275 4797
1503 2704
2157 4261
1408 4711
2662 4095
4446 4904
129 4777
154 2065
1567 4546
3880 4091
4098 4292
2339 4677
3831 4388
3081 4859
1298 2668
610 4681
2582 2875
2531 4663
2734 4953
1808 4904
3592 3595
3277 4806
731 4292
2626 4485
603 841
4951 4952
2607 4879
1807 4795
4050 4620
285 4680
1485 4633
4091 4879
1996 3961
2933 4354
2960 3969
2459 4999
3473 4184
3381 3711
3382 4711
2990 4032
3124 3366
2547 3917
3565 4850
4208 4314
754 2389
91 4931
1 4689
3 4897
17 4966
18 3284
25 3264
31 3169
41 2245
42 4382
45 4478
50 4522
57 4442
65 3806
76 3667
77 2919
79 4780
84 1427
90 4876
91 4832
97 4379
107 3111
123 4942
126 4853
129 4967
132 2229
134 4630
144 4573
145 4882
146 4368
154 4628
165 4639
173 2864
176 4769
177 4958
181 4962
193 213
197 4893
220 4883
225 3507
241 4849
246 3817
249 4966
251 4630
258 3634
206 268
285 4123
287 4828
293 3742
295 3518
300 3534
303 4928
304 4177
315 4725
320 4837
323 3954
326 3885
337 3803
338 4829
342 4188
353 4244
361 3281
362 2373
374 4705
377 4107
379 4991
385 4365
386 4924
389 4139
392 3805
402 2936
414 1588
428 3532
435 4816
439 3505
446 4787
448 3460
460 4929
461 2131
462 2263
466 4390
470 4364
475 2468
485 4722
493 4730
498 4568
499 4399
500 2407
508 4741
536 4543
540 4159
544 2084
547 4394
550 4821
553 4745
554 4960
572 2994
575 4327
585 4583
586 3229
599 4961
600 2688
602 4140
603 3727
604 4986
608 3062
610 2974
614 4344
622 4691
626 4969
635 1729
638 4007
652 4251
663 4492
664 2840
666 4197
686 3869
691 4702
695 4114
697 3991
703 4067
712 1750
715 4848
718 3825
729 2902
731 3810
734 4503
743 2345
754 4919
759 4975
762 4347
765 3966
773 4941
775 3442
779 4103
780 4216
793 2572
794 3064
801 3908
803 4988
807 4419
809 4317
813 4629
816 4449
847 3901
848 4708
858 1870
866 3553
868 4274
872 4374
882 4994
884 1623
886 3811
920 4430
931 3893
940 4421
942 3021
943 2325
944 4831
961 4607
966 3442
967 4641
991 3349
1001 3787
1013 3383
1016 4954
1026 4573
1053 4986
1058 4490
1061 2499
1089 4914
1090 4223
1100 4665
1107 3177
1109 4788
672 1112
1115 4994
1118 3956
1123 4921
1133 3578
1147 4629
1148 3335
1150 4106
1152 4435
1188 2651
1189 4905
1202 4745
1217 4584
222 1218
1227 4695
1250 3391
1265 4586
1267 2727
1276 4561
1287 4930
1293 4429
1298 4631
1301 4911
1302 4948
1318 4653
1319 4733
1337 1570
1341 4874
1345 4903
1349 4636
1357 4670
707 1368
1389 3600
1391 4611
1408 4498
1410 4838
1428 4899
92 1432
1434 4822
1440 2251
1458 4696
1462 1609
1464 1595
1474 1479
1483 4039
1485 4936
1495 2661
1503 3620
1506 3942
1509 4333
1524 3830
1533 4992
1536 4869
1544 3989
1548 4947
1556 3107
1557 1762
1561 3100
1567 4564
1569 4566
1590 3577
1597 3923
1601 3796
1607 4604
1612 4164
1613 4066
1626 4031
1631 4187
1633 4523
1637 4882
1639 4265
1655 2174
1662 4464
1663 4697
1670 4476
1677 4679
1679 3432
1695 3751
1708 3300
1715 4363
1716 4224
1722 2216
1727 4839
1737 3225
1741 3981
1745 4796
1761 3966
1241 1767
1775 3247
1779 4950
1782 4167
1788 2845
1790 4924
1793 4589
1795 4093
517 1796
1807 4543
1808 4268
1812 3345
1813 4560
1818 4988
1828 3843
1833 4533
1853 2605
1855 2394
1859 4739
1862 3548
1868 4557
1871 3853
1874 4793
1875 2243
1890 2756
1893 4641
1898 4621
1772 1900
1904 4047
1909 2565
1911 4024
1921 4803
1922 4940
1925 4075
1927 4439
1929 4687
1943 4942
1954 3651
1955 3966
1957 4820
1962 3968
506 1964
711 1967
1970 4595
1974 2827
1980 4293
1984 4791
1996 3594
1999 4490
2000 4415
2001 4340
2003 3842
170 2019
2031 4480
2038 4872
2039 4758
2057 4984
2065 4338
2067 3812
292 2077
2080 4991
2086 3889
314 2090
2093 4943
2100 3632
2103 4353
2105 3132
2110 3116
2113 4799
2117 3386
1317 2123
2126 4103
2127 4979
2140 3126
2143 3808
2151 2303
2153 2614
2157 4005
2158 4020
2164 4550
2165 4977
2176 3217
2177 3883
993 2178
2182 4525
2187 4589
2191 4030
845 2194
2197 4903
2202 4705
2138 2203
2206 4965
2208 4101
1675 2219
2226 4635
2227 4382
2233 4624
2234 4903
2256 4707
2267 4419
2263 2272
2282 4669
1783 2293
2298 3422
2304 4205
2315 4419
122 2317
2329 4955
2330 4415
2336 4960
2339 2416
2341 2757
2342 2980
2347 4836
2351 2424
2353 3795
2356 4889
2359 4669
2362 2641
2369 4356
2370 4804
1365 2374
2379 3991
2389 4651
2405 3669
1730 2408
2420 4448
2425 4396
2429 4456
2432 4542
2435 4007
2451 4641
1404 2459
2471 4916
1066 2474
2482 3598
2485 4288
2486 4153
2488 2584
2490 3460
2501 4856
2502 4612
2515 2578
2530 4581
2531 3404
2541 3186
2545 4577
2546 3757
2547 4720
2553 4955
407 2555
1749 2563
2576 3876
2580 4378
2582 3837
2594 2660
2602 4929
2607 3665
2612 2614
2615 4893
2620 4214
195 2623
1563 2625
2626 4520
2631 4270
2371 2635
2643 4553
2657 4798
2658 4529
2662 4088
2665 3897
2076 2666
2668 3672
2672 2889
2674 4598
2675 4929
2685 4845
2695 4639
2704 4672
1172 2705
2714 4540
2715 3761
2122 2719
2723 4713
2728 4167
2734 4502
2748 4715
2752 4865
247 2758
2762 4920
2764 3817
2765 4980
2769 4919
2776 4841
2802 3758
2722 2805
2812 4013
2818 4170
2820 4902
2828 4197
2829 3868
2842 4479
2849 4350
2853 4595
2865 4967
2866 4515
2872 4438
2875 3036
2880 3402
2884 3974
2885 3723
2906 4630
2907 4886
2908 4284
2909 4462
1245 2910
2916 4487
1487 2918
2927 4778
2928 4132
2931 4448
2933 3471
2588 2943
1323 2950
2954 4190
2960 3549
2963 4591
2795 2985
2987 3337
2990 3042
2998 3641
43 2999
3006 4614
1519 3019
3030 4285
3041 3226
3047 4366
3052 3937
1920 3057
2905 3065
2655 3081
2899 3097
2218 3112
3113 4713
3115 4882
3122 3157
1457 3124
3129 4338
1965 3131
3135 3146
3139 3884
3153 3589
3159 4205
3164 3458
3165 3810
3166 3647
3173 4962
3178 4384
3190 4714
3204 4981
3209 3530
3221 3523
3227 4443
3244 4947
3254 3884
2971 3277
1678 3285
2548 3286
625 3291
3292 4229
3299 4779
3308 4721
3313 4226
3322 3868
1072 3324
3332 3954
3338 4716
3339 4948
3342 3839
3352 4213
3146 3359
3366 3538
1572 3373
3379 4126
3381 4655
3382 4356
2857 3387
1426 3399
3405 4461
3416 4433
3421 4317
3445 4642
3446 4712
3473 4650
3475 4844
3487 4838
3488 4671
3489 3974
3490 4963
3503 3508
3511 4950
3512 4985
3537 3977
247 3547
3551 3964
3443 3554
1992 3560
3562 4817
3565 4253
3566 4811
3568 4422
1273 3583
3592 4831
3595 4114
3596 4652
3597 4469
3602 3683
3605 4768
2059 3610
1266 3612
3617 4838
3621 4584
58 3623
3624 3627
3631 4757
3637 4865
3590 3640
1030 3645
3646 3985
2180 3652
1958 3653
3044 3655
3671 4375
3675 4731
3679 3761
3680 4488
859 3685
3706 4918
2678 3708
3711 4692
3715 4870
1916 3717
3720 3884
3725 4936
3733 4641
3739 4490
3763 4864
3772 4629
3774 4813
3777 4012
2970 3778
3783 4139
1398 3789
3644 3802
3827 4473
1851 3828
3831 4144
3832 4375
3847 4279
3851 4807
3858 4046
3866 4752
3873 4780
3874 4507
3877 4042
3538 3878
3880 4802
3887 4568
3891 4283
3898 4470
3727 3899
3916 4457
3917 4701
3920 4852
3927 4560
2803 3929
3939 4540
2650 3944
3958 4896
2257 3959
3788 3960
3961 4465
2698 3963
3967 3984
3969 4820
3971 4832
3975 4542
3686 3979
3794 3983
3986 4776
3870 3993
3999 4426
4011 4844
4032 4471
4034 4442
3012 4035
4038 4041
1587 4043
3970 4050
2396 4053
3697 4059
3603 4071
4084 4738
4085 4937
3609 4087
3835 4090
3736 4091
4089 4095
4097 4548
4098 4429
2487 4108
4124 4640
4127 4647
4130 4340
4142 4589
2537 4147
4148 4554
3273 4163
4184 4854
4185 4194
767 4189
4201 4882
3541 4207
3239 4208
3957 4210
4180 4211
4222 4419
3785 4234
4175 4235
3750 4236
1593 4247
4252 4960
2196 4255
4261 4348
3740 4267
4271 4731
4273 4283
2831 4275
1987 4276
4277 4588
3656 4281
3377 4290
4198 4292
3439 4294
4063 4307
4284 4310
3746 4314
4330 4346
3245 4331
4332 4449
4305 4336
4339 4961
1866 4345
4349 4353
4352 4832
3162 4354
4361 4370
2750 4377
3118 4380
1124 4388
2864 4393
4282 4395
4171 4400
2533 4402
1348 4403
4414 4967
2097 4417
4420 4878
771 4423
4431 4783
4432 4983
4437 4717
2637 4446
4369 4463
4111 4468
857 4482
4485 4575
3063 4494
4016 4499
3935 4504
4505 4715
4506 4975
4320 4518
4526 4539
4287 4527
1542 4530
3710 4532
2989 4546
3738 4549
4555 4838
4556 4566
3767 4558
3079 4572
3439 4578
4596 4621
4601 4871
4576 4602
2205 4603
1603 4620
3530 4627
4633 4636
4464 4638
2185 4663
3657 4673
4674 4992
390 4677
4209 4680
4681 4686
4683 4835
3614 4688
1119 4699
3636 4711
1171 4723
4727 4844
1972 4728
558 4732
4725 4735
4454 4737
4304 4743
4641 4744
4748 4824
3263 4755
4366 4759
4269 4761
4756 4767
1489 4777
4726 4786
4789 4791
4792 4802
422 4795
2053 4797
3614 4800
4015 4806
4177 4809
3885 4825
4845 4850
2297 4859
4640 4863
4223 4877
1619 4879
4881 4924
78 4894
1033 4904
3838 4906
4909 4950
4187 4910
62 4931
3636 4935
1657 4946
3208 4951
3208 4952
4710 4953
4956 4979
4932 4970
4621 4973
4978 4998
4560 4995
4024 4999
1 4862
18 3837
25 4195
41 1365
42 4434
45 4421
50 4510
57 4886
65 4634
76 1371
77 2136
79 4537
84 4286
90 4039
97 3838
123 4885
126 4226
132 3406
134 3940
144 1059
145 4641
146 2430
154 4435
165 3535
173 3298
177 3061
181 4875
193 4119
197 2017
220 4898
225 1659
241 4462
246 3750
249 4541
258 4405
285 4921
293 4668
295 1873
300 3701
303 4082
315 4262
320 4287
326 4860
337 4647
338 454
353 3228
362 2754
374 4757
377 4843
385 650
386 3885
389 3819
402 2332
414 4715
428 4837
446 4709
448 3694
460 4798
461 3615
462 2300
466 2463
470 3123
475 4741
493 4258
498 4452
499 3452
508 4669
536 4116
550 871
553 4873
554 4253
572 838
575 4609
585 1798
602 4717
603 2996
604 3992
610 4729
614 4538
626 3588
635 4742
638 4246
652 3992
666 4301
686 4943
697 3745
703 4309
715 4934
718 3973
729 4168
734 4540
754 4917
759 2538
762 1736
765 4063
775 4461
780 4183
793 3344
794 2091
801 3642
803 2221
807 3345
809 2200
375 816
847 3885
26 858
868 4940
872 4907
882 4092
886 4967
931 4664
940 3354
942 3388
943 4106
944 3400
961 4099
966 2870
967 4223
991 4700
1001 4831
1013 1985
1026 4149
1053 4484
1058 4807
1089 4125
1090 4511
1100 4613
1107 4326
1109 4819
1112 4023
1118 4824
1123 2287
1147 4794
1152 4597
1188 3609
1189 4389
1202 4860
1217 4828
1218 3661
1227 4870
1250 4450
1265 3865
1267 1602
394 1276
1287 4891
1293 1551
1298 4287
1301 3626
1302 4664
1000 1318
1319 4650
1337 4634
1341 4566
1345 4056
1349 4987
1357 2160
1368 4138
1389 4493
1391 4832
1408 1584
1428 2616
1432 4498
1434 4817
1440 3343
1458 4665
1462 3896
1464 4598
1483 3665
1485 3924
1495 4912
1503 3577
1506 4924
1509 2440
1533 3644
1536 3515
1548 4117
1556 2790
1561 4155
1567 4560
1590 3105
1191 1597
1601 4239
1237 1607
1612 4481
1613 2421
1626 3542
1631 3316
1633 4899
1655 2005
1662 4241
1663 1710
1670 4998
1677 4900
1695 4161
1715 4539
1716 3028
1722 3722
1737 4305
1741 4658
1745 4615
1388 1761
1767 4077
1775 4077
1779 4186
1782 4435
1788 4793
1790 1842
1793 4636
1795 2173
1807 2002
1808 3298
1066 1812
1813 3004
1818 2426
1828 4917
1833 2310
1853 4616
1855 2811
1862 2974
1868 4004
1871 3333
1874 4815
1875 3966
1890 3677
1893 4243
1898 4046
1900 4458
1904 3594
1909 3513
1911 2693
1921 4766
1922 3540
1925 4669
1927 4957
1929 4961
1943 3259
1954 4315
1955 2232
1957 3504
1962 4009
1964 4589
1967 2251
1970 4944
1974 2854
1480 1980
1984 4521
895 1996
1999 4860
2000 3393
2001 4529
2003 3872
2019 3636
2031 3536
1403 2039
2057 4703
2065 4046
1897 2067
2077 4900
2080 2082
2086 4768
2090 3726
2093 3669
2100 3707
1956 2103
2105 3839
1827 2110
2113 2882
2117 3012
2123 4826
2126 4751
2127 4080
1156 2140
1647 2143
2151 2915
2153 2159
2157 4847
2059 2158
2164 4093
2165 3455
2176 4146
2177 4928
2147 2178
2182 4979
1592 2187
1880 2191
2192 2194
2197 4274
2202 2782
178 2203
2206 3360
2208 4721
2219 3779
2226 3217
2227 4501
2233 2521
2234 3572
2256 3162
2267 3921
463 2272
2282 4893
2293 4642
2298 4992
2304 3251
2315 4907
2317 4811
2329 4117
2330 2797
2336 2386
2339 4323
2116 2341
2342 2994
2351 3018
2353 3879
2356 4570
2359 4486
2369 2786
2370 4706
421 2374
2379 2891
2389 3343
2405 4724
1529 2420
2425 4259
2432 4373
313 2435
2451 2636
2459 4664
2471 4944
2482 4996
2485 3699
2486 4069
2490 4818
527 2501
2502 4111
2515 4014
2279 2530
2541 4763
2545 2745
2172 2546
2547 4654
1354 2553
1609 2555
2563 4668
2576 4694
2580 4955
2582 4413
2594 4958
2602 3280
2607 3110
2612 4771
2615 4337
1645 2620
2623 4177
2625 3886
2626 3033
2631 4790
2635 2638
2643 4422
2657 4600
2658 4868
2662 4533
2665 2778
2391 2666
2668 4126
2672 3233
2674 4408
2473 2675
1671 2685
2695 3430
2606 2704
2705 3696
2715 4535
2719 4714
2723 3192
2728 4771
2734 4697
2688 2748
2752 4548
2758 4181
438 2762
2764 4355
2765 3992
2769 4100
2776 4014
2802 3259
2504 2812
2818 3295
2820 4781
2828 3656
2829 4813
2842 4943
2849 4363
2853 4799
2411 2865
2741 2866
2872 4301
2875 4991
2880 4278
2884 3015
2906 4009
2907 4116
2908 4543
1258 2909
297 2910
250 2916
2918 3684
2927 3976
1451 2928
2931 4712
790 2933
2943 4611
2950 3776
2954 4997
1241 2960
2963 3966
2985 4898
2948 2987
2998 4721
2999 4591
312 3006
3019 4709
3030 3295
3041 3404
3047 4575
3052 4425
1734 3057
3065 3077
645 3081
3097 4040
3112 3760
3113 4676
3115 3362
3122 4474
3129 4736
3131 4658
3135 3384
3139 3727
3159 4632
3164 4447
3165 4542
3166 4983
3142 3173
2160 3178
3190 4621
1455 3204
3209 4891
3221 4364
3227 3934
1892 3244
1392 3254
3277 4569
3285 4202
1747 3286
1169 3291
2912 3292
1273 3299
640 3308
3313 4700
3322 4661
3318 3324
3332 4121
3338 4152
3128 3339
3342 4508
3352 3622
3359 3793
3133 3366
3373 3807
1474 3379
2775 3381
3382 4279
1135 3387
3399 4191
3405 4104
3416 3429
3421 4436
3445 4864
3200 3446
449 3473
3475 3841
3367 3487
1284 3488
3489 4528
3490 4523
3503 4873
2543 3511
3512 4889
3537 4470
3547 3694
2871 3551
805 3554
3560 4169
3562 3677
3375 3565
2014 3566
3067 3568
3583 4520
3592 4928
3589 3595
905 3596
3597 4268
3602 4392
3605 4464
2887 3610
3612 4167
3380 3617
3182 3621
1426 3623
560 3624
3631 4089
3055 3637
3640 4808
2794 3645
3646 4205
3652 4922
3653 4709
3655 4823
3671 4302
3675 4597
1958 3679
1272 3680
2858 3685
3706 4936
3708 4288
3516 3711
671 3715
3494 3717
3720 4123
3725 4725
3733 3978
2240 3739
3383 3763
3476 3772
3774 4580
3777 4671
3778 4948
3750 3783
3789 4604
3802 4866
3821 3827
2749 3828
3831 4637
280 3832
3847 4444
3851 3973
3858 4174
2296 3866
3873 4649
2257 3874
3374 3877
3878 4364
3341 3880
2814 3887
3891 4346
1446 3898
3899 4664
3916 4901
2101 3917
1938 3920
976 3927
2271 3929
3939 3974
2852 3944
3845 3958
3959 3976
3960 4600
2682 3961
3203 3963
1839 3967
1568 3969
3971 4593
3975 4301
506 3979
3983 4560
3986 4582
3993 4893
3999 4671
3876 4011
4032 4819
4034 4191
4035 4822
4041 4954
3015 4043
4050 4058
3649 4053
2150 4059
4071 4862
2198 4084
880 4085
3319 4087
3667 4090
4091 4358
137 4095
4097 4106
3693 4098
4108 4109
1907 4124
4127 4901
2677 4130
2921 4142
2938 4147
4148 4226
4064 4163
1114 4184
4185 4628
4189 4901
2606 4201
4064 4207
3449 4208
4210 4240
3070 4211
4222 4945
4234 4598
1038 4235
910 4236
744 4247
948 4252
4255 4835
4261 4458
4267 4364
1647 4271
4273 4451
2650 4275
3889 4276
4277 4922
4281 4764
2508 4290
4292 4296
3867 4294
1101 4307
898 4310
3808 4314
4330 4592
2338 4331
2720 4332
1608 4336
3029 4339
4345 4919
4017 4349
615 4352
4296 4354
4265 4361
3951 4377
3634 4380
1680 4388
1785 4393
3559 4395
2394 4400
4402 4977
4403 4515
1155 4414
3987 4417
4420 4893
1097 4423
1960 4431
3747 4432
2653 4437
82 4446
2796 4463
1289 4468
4482 4918
4424 4485
3384 4494
4499 4913
4151 4504
4505 4676
3997 4506
4518 4519
4526 4930
3690 4527
4530 4858
4532 4949
1169 4546
4549 4712
4555 4576
4556 4630
4558 4830
1906 4572
1918 4578
1992 4596
3222 4601
4565 4602
345 4603
3684 4620
4413 4627
4351 4633
1537 4638
4663 4826
2859 4673
710 4674
2440 4677
3107 4680
4302 4681
524 4683
3933 4688
3618 4699
4711 4725
3521 4723
4727 4765
4295 4728
4732 4736
4203 4735
4737 4979
1787 4743
3142 4744
4439 4748
4560 4755
4679 4759
4424 4761
2229 4767
3991 4777
4786 4802
4464 4789
4253 4792
3648 4795
3196 4797
3385 4800
3750 4806
4218 4809
3636 4825
4850 4861
4859 4975
2022 4863
3954 4877
3410 4879
3288 4881
4469 4894
4718 4904
692 4906
1049 4909
3253 4910
2822 4931
4138 4935
2992 4946
4951 4962
4952 4983
3881 4953
4303 4956
2649 4970
800 4973
4533 4978
1680 4995
3991 4999
18 3143
41 3884
50 4475
77 4280
79 4629
84 4495
90 3390
97 4614
241 4497
315 3054
377 4966
402 4661
446 4229
448 2081
460 3919
466 3449
470 3117
536 2295
585 4880
610 4988
638 4542
697 3688
703 1908
762 4615
765 4843
775 4698
780 4658
793 2020
801 4874
809 4311
816 3402
868 4070
872 4472
886 4232
942 3269
961 3940
966 4925
991 3275
1001 4971
1026 4919
1053 4752
1107 3377
1109 1724
1118 4901
1147 4515
1152 4851
1202 4707
1217 4834
1227 3220
1265 4424
1069 1293
1298 3317
1301 4325
1345 4384
1357 4123
945 1368
1391 4447
1408 4762
1434 2874
1495 4334
1503 4925
1506 2720
1533 4659
1536 4776
1556 4887
1561 3398
1607 4540
1612 3756
1626 4854
1662 4302
1663 4665
1715 4541
1737 2322
1767 4649
1779 4937
1782 4884
1790 3630
1807 2167
1808 4515
1813 4764
1818 4805
1833 4624
1853 3236
1855 4066
1862 4440
1868 4642
1871 4861
1874 2832
1890 4614
1893 4784
1898 4196
1900 3732
1909 3954
1911 4317
1921 3863
1922 3707
1925 3914
1927 2738
1929 3376
1943 2577
1954 4794
1955 3937
1957 4803
728 1964
706 1967
1970 3253
1980 4493
1999 2554
2000 4394
2019 4903
1934 2031
2057 4328
2080 4824
2093 4757
2103 4517
2113 4500
1698 2117
2123 2326
2126 4455
2127 4679
2140 3885
2151 4408
2157 3707
1914 2164
2176 4756
2177 2395
2178 4196
2182 2976
2197 4017
2202 4651
2206 4649
2208 2295
2226 4270
2227 3541
2234 2744
2256 4974
2267 3090
2272 4836
2282 4901
2298 4486
2304 3968
829 2330
2339 4308
2341 3540
2342 4678
1961 2351
2353 4456
2356 3925
2369 4926
2370 2811
2374 2681
2379 4613
2389 4719
2405 4897
2425 3439
2432 3579
2451 4513
2459 3945
2482 4501
2485 4299
71 2530
1908 2546
2553 4580
2555 3301
892 2576
2580 3919
2582 3902
2594 4072
2602 4839
2607 3976
2615 4375
2620 4998
2623 3925
2625 4716
2626 3970
1778 2631
2635 3461
2643 4239
606 2657
2662 4780
2665 4540
2666 4983
2668 4803
2672 3942
2674 4441
2675 4194
2695 4788
2705 3517
2715 2721
2719 4659
2723 4496
2728 3700
2748 4986
2762 4587
1606 2764
849 2776
2802 3550
2812 4269
2820 3077
2828 4700
2842 4757
2853 4386
2865 3306
2866 3459
2872 4687
2880 4897
2884 4215
2908 4630
2916 4253
2927 3136
2215 2928
2931 3400
2292 2933
2950 4980
2954 3633
2960 4416
2985 4577
2987 4691
2998 3176
2999 4692
3019 4880
3030 4793
3041 4351
3047 4847
3045 3052
1820 3057
3065 3085
3081 4988
3097 4316
3112 4960
3115 4066
3122 4072
1941 3129
3131 4328
2439 3139
2472 3159
3164 3844
3165 3835
3145 3166
3173 3585
3178 4116
3100 3190
3204 4908
3209 4102
3218 3221
2771 3227
3244 3598
3254 4643
3111 3285
3286 4621
3291 4509
3299 3504
3308 4945
1913 3313
3322 4552
3332 4441
3317 3338
3339 4882
3352 3991
3373 4474
3379 3436
3382 4424
3387 4843
3399 4209
3198 3405
3416 4818
2863 3421
3445 3527
2446 3473
3475 4552
3487 4019
3488 3660
3489 4987
3490 4934
3503 4874
2661 3511
3512 3892
1442 3537
3547 4945
3230 3551
2753 3554
3560 4577
3438 3562
3565 4729
3566 4571
2774 3568
3592 4734
3595 4616
3596 4575
3597 4725
3465 3602
3605 4398
2248 3610
3356 3612
3617 4782
2068 3621
3623 4462
3624 3974
3631 4664
3561 3637
3639 3640
3645 4692
3646 3650
3652 4757
3653 4258
3655 4407
3058 3671
3675 3750
3679 4736
3680 4256
3685 4447
3706 4947
2152 3708
3711 3948
3715 4398
3717 4902
2617 3720
3725 4263
3687 3733
3739 4562
1848 3763
3246 3772
3774 4137
1735 3777
3778 4734
3783 3860
2984 3789
125 3802
2169 3827
3828 4279
3419 3831
3755 3832
55 3847
3851 4955
3858 3925
3866 4587
3873 4762
3874 4337
3877 3985
3647 3878
3880 3976
3887 4631
3638 3891
3238 3898
3899 4427
3916 4326
3917 4254
2964 3927
3929 4888
3939 4928
3944 4720
3958 3995
778 3959
3960 4547
3217 3961
3963 4321
3967 4394
2610 3969
3971 4653
3975 4895
3979 4327
3983 4670
3986 4131
3993 4835
3762 3999
4011 4760
2608 4032
4034 4707
4035 4985
4041 4984
4043 4458
2740 4050
120 4053
2684 4059
3793 4071
3269 4084
1888 4085
4087 4847
3479 4090
4091 4198
3807 4097
3320 4098
4108 4773
4124 4519
3729 4130
2303 4142
3801 4147
1006 4163
4184 4833
2860 4185
4189 4862
4201 4641
3926 4207
1465 4208
4210 4398
3756 4211
4222 4883
4234 4571
3085 4235
4236 4243
3742 4247
4160 4252
3312 4255
4141 4261
4212 4267
4271 4641
4273 4975
2653 4275
1805 4276
4277 4899
4281 4478
2680 4290
4150 4292
4294 4719
4284 4307
4132 4310
4314 4316
4330 4929
4331 4818
4332 4819
1480 4336
3819 4339
312 4345
4349 4784
3688 4352
1685 4354
4361 4523
4377 4794
3882 4380
4388 4405
4393 4740
4358 4395
3736 4400
1825 4402
4403 4794
4414 4592
4417 4418
4420 4486
3372 4423
2306 4431
3413 4432
4329 4437
4446 4948
4073 4463
2410 4468
1213 4482
4485 4757
2716 4494
3872 4499
4504 4774
4197 4505
2856 4506
4518 4537
4096 4526
3162 4527
4524 4530
4510 4532
4515 4546
4543 4549
4555 4592
2375 4556
4412 4558
4566 4572
3672 4578
1155 4596
4601 4977
3269 4602
3686 4603
4136 4620
3340 4627
1773 4633
4638 4844
4458 4663
4673 4692
4674 4864
4664 4677
4680 4805
3849 4681
4683 4865
4028 4688
4454 4699
4711 4720
4723 4837
4202 4727
3388 4728
4725 4732
167 4735
4737 4738
1889 4743
3406 4744
2772 4748
4755 4774
4759 4902
524 4761
4767 4853
1496 4777
2295 4786
3491 4789
2387 4792
4791 4795
3162 4797
4408 4800
4216 4806
4342 4809
4033 4825
4848 4850
662 4859
3686 4863
4791 4877
2045 4879
3220 4881
4894 4901
4626 4904
4765 4906
4830 4909
4910 4942
3104 4931
3333 4935
4260 4946
2961 4951
4612 4952
4928 4953
4902 4956
4924 4970
3501 4973
4978 4996
4922 4995
3208 4999
780 4328
872 4702
1152 3506
1265 4662
1298 4947
1345 4827
1503 3719
1607 3561
1767 4715
1909 4885
1943 4921
1954 4827
1970 4550
2103 4513
2126 4598
2206 4461
2256 4253
2342 2699
2351 4284
2353 4500
2370 4729
2374 4553
2451 4206
2482 4992
2576 4496
2602 4049
2620 4972
2631 4283
2643 4740
2665 4694
2674 3080
2462 2705
2723 4049
2748 4758
2776 4892
2802 4811
2820 4802
2842 4768
1431 2853
2865 4934
2916 4466
2927 4618
2928 4921
2950 4808
2954 4101
2998 4048
2999 4509
3041 4890
3047 3839
3052 4698
3057 3962
2340 3122
3159 4720
3164 3429
3134 3165
2975 3173
3178 4828
3204 4259
3227 4845
3244 4976
3254 3552
3285 4599
2480 3291
3308 4962
3339 4934
3399 4545
3445 3865
3473 4776
3487 4295
3489 4319
3490 4933
3511 4912
3350 3547
3554 3954
3562 4152
3597 4215
3612 4975
3624 4540
3637 4259
3640 4944
3646 4074
3652 4521
3653 4798
3655 4138
3671 4918
3679 4788
3708 4848
3711 4702
2936 3717
3725 3853
2729 3763
3772 4327
3777 4565
3778 4384
3783 4612
3789 4181
3827 4742
3831 4774
3185 3847
3203 3851
3873 4613
3730 3874
3877 4898
3878 4957
3899 4875
3603 3917
3929 4955
3939 4353
3944 4694
3433 3958
2167 3959
3967 4971
3971 4545
3975 4966
2278 3979
3506 3983
3930 3986
922 3993
3999 4925
4011 4117
2054 4035
3385 4043
4050 4641
4053 4120
4084 4740
4026 4085
4087 4731
3534 4091
4097 4341
2469 4130
2416 4142
4147 4839
4163 4975
2753 4184
4201 4972
4207 4654
3759 4208
4211 4914
4234 4367
3261 4252
4255 4769
4169 4261
4039 4267
3167 4271
1258 4276
4277 4614
2701 4292
4294 4599
3290 4307
4314 4429
3934 4330
3147 4331
4332 4889
4215 4336
4339 4539
4345 4941
4019 4349
3283 4352
4250 4354
4361 4687
4377 4869
4380 4450
4388 4459
3587 4393
4395 4918
4400 4410
2196 4402
4403 4461
4399 4414
4417 4975
4423 4512
4431 4648
1971 4437
4468 4975
4482 4758
3656 4485
4499 4567
4505 4929
1374 4506
3773 4518
4253 4526
4245 4530
4351 4532
4517 4546
4285 4549
4555 4599
4556 4779
4550 4558
4572 4915
4578 4971
3980 4596
4601 4610
4602 4798
2832 4603
4068 4620
4523 4638
4673 4686
4060 4674
3495 4677
4680 4694
2974 4681
4248 4683
3691 4688
4358 4699
3570 4711
3954 4723
4657 4727
4455 4728
4083 4732
3945 4735
3807 4737
3601 4743
1063 4744
4584 4748
4599 4755
4759 4925
4698 4761
4777 4778
4367 4786
4615 4789
4570 4792
1347 4795
4424 4797
1858 4800
4455 4806
4424 4825
3570 4850
4851 4859
2772 4863
4134 4877
4878 4879
4881 4967
4868 4894
3996 4904
3837 4906
3780 4909
4512 4910
4588 4931
4573 4935
1969 4946
4951 4972
4952 4972
4914 4953
4514 4956
4970 4975
4973 4989
4455 4978
3424 4995
4715 4999
780 4618
2256 3368
2643 3730
2820 4435
3057 4975
2722 3204
3399 4575
2838 3637
3873 4571
3899 4989
3929 4615
3958 4661
3967 4454
3620 3975
4011 4143
4084 4914
3787 4097
3385 4130
4163 4867
3664 4184
4207 4220
4252 4975
444 4261
3704 4276
4237 4292
4294 4539
4331 4858
4332 4381
4388 4641
3691 4393
4178 4400
4403 4836
4417 4632
4437 4639
4468 4981
4309 4482
4485 4818
4506 4866
4526 4918
4166 4532
4555 4615
4572 4821
4578 4580
4243 4596
4465 4620
4178 4638
4673 4975
4406 4681
4492 4683
4688 4853
4699 4922
4723 4781
3991 4727
1347 4732
4724 4735
4653 4743
3587 4744
4748 4983
3991 4759
4425 4761
4777 4788
4613 4786
3541 4789
4272 4792
4783 4795
3587 4800
4278 4825
4850 4914
2334 4859
3806 4863
4877 4895
4881 4897
4894 4962
3452 4904
3245 4906
4702 4931
3764 4946
2814 4953
4973 4983
4976 4995
4493 4999
4400 4401
4681 4930
3368 4946
