132422304 23278844
17014614 494538543
197185294 24229513
132422304 18920735
132422304 22745706
17014614 18920735
22745706 24229513
132422304 17014614
132422304 19730608
132422304 93927917
197185294 24621788
132422304 2712411
24229513 93927917
24229513 2712411
17014614 2712411
132422304 494538543
132422304 197185294
18920735 93927917
2712411 58166411
197185294 93927917
17014614 19730608
22745706 2712411
24229513 494538543
197185294 19730608
132422304 24229513
17014614 24229513
132422304 18626079
12561452 17014614
18626079 18920735
197185294 224803883
14239472 19730608
12561452 22745706
208280030 23278844
12561452 24229513
15508191 24621788
13165 2712411
13165 494538543
12561452 93927917
132422304 22594012
17014614 18879757
18879757 18920735
13165 197185294
13612732 19730608
147386402 22745706
15508191 23278844
14239472 24229513
17219815 24621788
22594012 2712411
15058148 494538543
17219815 93927917
132422304 13612732
17014614 18626079
12561452 18920735
14283433 197185294
19730608 22594012
22594012 22745706
16520993 23278844
15508191 24229513
18879757 24621788
14239472 2712411
15508834 494538543
15508834 93927917
132422304 15508191
16520993 17014614
14283433 18920735
18626079 197185294
15508191 19730608
13612732 22745706
18879757 23278844
18656798 24229513
15508834 2712411
12561452 494538543
22594012 93927917
132422304 9567932
14283433 17014614
14328029 18920735
197185294 853521
15508834 19730608
14239472 22745706
22594012 23278844
22594012 24229513
15508191 2712411
18879757 93927917
132422304 14083150
13165 17014614
17219815 18920735
197185294 22594012
14283433 19730608
14283433 23278844
17219815 24229513
17219815 2712411
14283433 93927917
132422304 14283433
15508191 17014614
15508834 18920735
13612732 197185294
19730608 853521
24229513 853521
14283433 2712411
12352 132422304
17014614 20463300
14239472 18920735
14328029 197185294
17219815 19730608
20463300 24229513
18626079 2712411
15508834 17014614
13165 18920735
19730608 224803883
12561452 2712411
