14283433 20463300
15058148 16520993
15508191 18626079
17219815 20463300
147386402 20463300
15508191 23711472
16520993 18626079
15508834 224803883
20463300 224803883
147386402 16520993
15058148 20463300
15508191 28229899
15508191 17219815
14283433 853521
147386402 23711472
15508191 20463300
15508834 16520993
18626079 20463300
16520993 853521
17219815 853521
16520993 224803883
14283433 15508191
15058148 853521
15508834 28229899
147386402 28229899
20463300 23711472
14283433 224803883
147386402 15508834
15508834 23711472
14283433 16520993
14283433 28229899
20463300 28229899
147386402 18626079
15508834 853521
23711472 28229899
16520993 28229899
14283433 23711472
16520993 17219815
17219815 224803883
14283433 18626079
16520993 23711472
147386402 15508191
18626079 23711472
14283433 15508834
147386402 224803883
15058148 15508191
147386402 17219815
224803883 23711472
15058148 18626079
15508834 17219815
18626079 28229899
17219815 18626079
15508191 16520993
14283433 147386402
15058148 15508834
147386402 15058148
15058148 28229899
15508191 224803883
18626079 224803883
15058148 23711472
18626079 853521
15508834 18626079
16520993 20463300
15508191 853521
14283433 17219815
15508191 15508834
224803883 853521
14283433 36279963
147386402 17014614
15058148 23278844
15508191 22745706
15508834 22594012
12640072 16520993
17014614 17219815
18626079 19730608
20463300 9567932
13612732 224803883
23711472 9567932
13165 28229899
14239472 853521
14283433 22594012
132422304 147386402
15058148 30153287
15508191 197185294
15508834 24229513
16520993 208280030
17219815 208280030
18626079 9567932
13165 20463300
224803883 9567932
208280030 23711472
18879757 28229899
12561452 853521
10461262 14283433
147386402 18656798
15058148 9567932
15508191 93927917
15508834 197185294
16520993 9567932
13165 17219815
18626079 208280030
12561452 20463300
14328029 224803883
132422304 23711472
12561452 28229899
132422304 853521
14239472 14283433
14239472 147386402
15058148 18920735
15508191 22594012
13612732 15508834
14239472 16520993
17219815 18879757
18626079 24229513
13612732 20463300
14083150 224803883
197185294 23711472
13612732 28229899
13612732 853521
13612732 14283433
13165 147386402
15058148 18656798
15508191 18879757
132422304 15508834
16520993 30153287
17219815 82164597
13612732 18626079
14239472 20463300
12561452 224803883
12561452 23711472
28229899 9567932
14083150 853521
14283433 18656798
12561452 147386402
14083150 15058148
12561452 15508191
14328029 15508834
16520993 2712411
17219815 197185294
18626079 18879757
20463300 2712411
224803883 24229513
14239472 23711472
18656798 28229899
22594012 853521
14283433 208280030
13612732 147386402
15058148 208280030
15508191 18656798
15508834 18656798
12561452 16520993
132422304 17219815
18626079 22594012
20463300 30153287
132422304 224803883
23711472 30153287
22594012 28229899
13165 853521
14283433 24229513
147386402 22594012
15058148 18879757
13165 15508191
15508834 9567932
132422304 16520993
13612732 17219815
14328029 18626079
20463300 22594012
224803883 2712411
23711472 24229513
14239472 28229899
208280030 853521
14283433 18879757
14083150 147386402
12561452 15058148
15508191 9567932
14239472 15508834
14328029 16520993
14083150 18626079
132422304 20463300
13165 224803883
18656798 23711472
13165 14283433
