16700878 18704392
14643449 23871118
23871118 54285787
18469843 37668875
14259641 20617734
16400388 2387401
20875991 26281970
237845487 57107167
22974322 29199880
7861312 96828017
174729114 37668875
18704392 270736655
123432861 20875991
21522083 57107167
22150400 57107167
119276733 20875991
16162631 178098680
21158690 37668875
23871118 29199880
26281970 36981972
16162631 96828017
2011081 24810011
124450322 16700878
2011081 96828017
14643449 26281970
14643449 96828017
17593847 270736655
14314610 21158690
22974322 36803580
36981972 7861312
14259641 16162631
2011081 36981972
20747741 7861312
174729114 18469843
364473482 7861312
18469843 96828017
178098680 7861312
18704392 20747741
124450322 16852229
16852229 17593847
21522083 21541796
16700878 174729114
14259641 14643449
14643449 174729114
21541796 22150400
37668875 7861312
17593847 18704392
22974322 78982926
124450322 270736655
2011081 37668875
124450322 14643449
16400388 7861312
14643449 37668875
124450322 237845487
14643449 2011081
18469843 81672604
18469843 23871118
23871118 78982926
29199880 78982926
124450322 16162631
14643449 78982926
18469843 54285787
119276733 123432861
21522083 22150400
16700878 36981972
237845487 37668875
16852229 18469843
21158690 7861312
37668875 7861622
23871118 96828017
20875991 21158690
123432861 22150400
16162631 270736655
14259641 36981972
124450322 17593847
145739229 78982926
16852229 7861622
145739229 16700878
14259641 237845487
24810011 54285787
119276733 7861312
119276733 21541796
20875991 22150400
17593847 37668875
20875991 36803580
123432861 21158690
18469843 78982926
16852229 179240942
16700878 18469843
174729114 78982926
174729114 23871118
29199880 54285787
16162631 22974322
7861312 7861622
23871118 37668875
16852229 7861312
37668875 81672604
41114223 57107167
237845487 54285787
22974322 270736655
20617734 81672604
193408865 36981972
16852229 22974322
145739229 14643449
17593847 36981972
16700878 29199880
174729114 57107167
14259641 17593847
145739229 23871118
179240942 18704392
14880937 71272413
16852229 174729114
145739229 16162631
20617734 36981972
16700878 17593847
21158690 81672604
36981972 78982926
179240942 54285787
237845487 7861622
14314610 36803580
124450322 145739229
16162631 193408865
18469843 2011081
14643449 36981972
174729114 36981972
18704392 2387401
179240942 29199880
18704392 22974322
26281970 96828017
16162631 16700878
18469843 18704392
37668875 57107167
124450322 57107167
16700878 16852229
14314610 57107167
237845487 36981972
124450322 7861312
145739229 36981972
14880937 18469843
113445890 7861312
16162631 37668875
16162631 18469843
20617734 23871118
174729114 65687979
123432861 36803580
18704392 2011081
124450322 22974322
20747741 21158690
16700878 270736655
193408865 22974322
17593847 22974322
20617734 37668875
23871118 57107167
124450322 174729114
14643449 16700878
14259641 54285787
14880937 16700878
14314610 20747741
22150400 7861312
16162631 36981972
119276733 21522083
20875991 21541796
123432861 21522083
14259641 179240942
16162631 17593847
17593847 81672604
14259641 16700878
22974322 37668875
17593847 193408865
2387401 26281970
14259641 22974322
165842647 36803580
119276733 21158690
123432861 20747741
117584350 57107167
124450322 37668875
119276733 57107167
16700878 23871118
178098680 78982926
16852229 36981972
119276733 36803580
14643449 22974322
174729114 7861312
16700878 37668875
20875991 7861312
124450322 18704392
17593847 18469843
124450322 29199880
18704392 23871118
16162631 174729114
117584350 47743151
14259641 23871118
18704392 54285787
119276733 22150400
20747741 20875991
270736655 29199880
124450322 36981972
270736655 7861312
16700878 78982926
17593847 78982926
54285787 96828017
16852229 18704392
14643449 17593847
23871118 36981972
145739229 174729114
179240942 22974322
145739229 54285787
16162631 179240942
17593847 20617734
18469843 2387401
16852229 37668875
16162631 29199880
16700878 193408865
14259641 96828017
14259641 18704392
174729114 22974322
145739229 7861312
17593847 179240942
17593847 23871118
193408865 23871118
124450322 23871118
124450322 78982926
18704392 96828017
18469843 20747741
14643449 18469843
22150400 7861622
16852229 96828017
16162631 18704392
20875991 21522083
2011081 54285787
123432861 21541796
29396753 96828017
174729114 29199880
2011081 23871118
113445890 148727717
119276733 182108867
123432861 194893556
124450322 126881128
14259641 20609518
14314610 182108867
14230524 145739229
14448205 14880937
16400388 234056092
165842647 17296523
14307454 16700878
15342811 16852229
10078882 174729114
14452279 17593847
14749606 2011081
20747741 324867634
132875573 20875991
12478932 21158690
21522083 63485337
21541796 62581962
22150400 63485337
126881128 22974322
237845487 273120131
14307454 23871118
126881128 2387401
26281970 52025380
20609518 29199880
364473482 48132655
16144949 36803580
14307454 36981972
126881128 37668875
41114223 97477051
11319282 54285787
22682436 57107167
2354291 7861312
12478932 7861622
63485337 78982926
15342811 81672604
62581962 96828017
113445890 12478932
123432861 132875573
14259641 14749606
14314610 47787563
10078882 14880937
14751235 165842647
143950772 2011081
17972871 20747741
20875991 47787563
17221819 21158690
16747981 22150400
20609518 22974322
22682436 237845487
143950772 26281970
126881128 29199880
275623719 364473482
182925539 36803580
14749606 36981972
37668875 62581962
41114223 47787563
39758899 57107167
7384432 7861312
239141315 7861622
126881128 96828017
113445890 134943586
123432861 63485337
14314610 15342811
14880937 28192145
15342811 20747741
126881128 20875991
21158690 327861573
22150400 47787563
16747981 22974322
12478932 237845487
256651717 26281970
364473482 47787563
36803580 97477051
28650455 41114223
182925539 57107167
47787563 7861312
14751235 7861622
113445890 47787563
10078882 14314610
14880937 15342811
20747741 234056092
20875991 63485337
15342811 21158690
143950772 237845487
26281970 57875811
364473482 510846454
28192145 36803580
29872754 41114223
256651717 57107167
66499322 7861312
15342811 7861622
14314610 16504528
14880937 327861573
104301012 20747741
15924858 20875991
14448205 21158690
237845487 66499322
134943586 26281970
15924858 364473482
36803580 66649152
17976798 41114223
280162221 57107167
273120131 7861312
16144949 7861622
14314610 16144949
104301012 14880937
20747741 66649152
194893556 20875991
182108867 21158690
16144949 237845487
104301012 26281970
138003731 364473482
36803580 47766490
14148601 57107167
63485337 7861312
10078882 7861622
16747981 20747741
21158690 57875811
156744048 237845487
182925539 26281970
209806284 364473482
239141315 36803580
14448205 57107167
106831987 7861312
20203701 7861622
21158690 28192145
237845487 74146461
12478932 26281970
204640298 364473482
106831987 36803580
143950772 7861312
113859309 21158690
16504528 26281970
364473482 370244456
20999409 36803580
28192145 7861312
21158690 66499322
26281970 28192145
193185958 364473482
12478932 36803580
22682436 7861312
21158690 39758899
193185958 26281970
236840136 36803580
57875811 7861312
10078882 21158690
26281970 39758899
36803580 66499322
239141315 7861312
17972871 21158690
15342811 36803580
14448205 7861312
