2360 4218
3446 4723
4038 4375
27 3326
4320 4983
2546 2752
4235 4395
1569 4951
3882 4007
1015 3414
4320 4838
3618 3949
67 4007
3521 3943
4100 4965
4489 4887
4307 4728
674 4238
2451 4744
3373 4737
2750 4204
2243 3341
4761 4935
1601 4755
2717 4846
3621 3944
3393 3576
4129 4155
4683 4732
484 4791
506 4555
2558 4240
2110 4728
1643 4390
2536 4686
2723 4578
3198 4982
3878 4130
2668 4638
2362 2541
253 3589
1761 2164
3317 3736
3944 4090
706 2982
94 3479
2429 3308
1007 4829
1954 4677
1212 2131
57 4055
193 2875
2173 4971
1793 4978
4711 4735
791 4838
558 4823
1940 4982
3793 4982
2660 3957
3038 3890
406 4514
1548 1729
2706 4409
2626 3592
2803 4507
3587 4454
3618 4496
2039 4432
3075 3734
3359 4946
409 4819
811 3676
176 4290
3736 4496
2379 2653
2971 3062
1506 4904
3453 4469
2827 3863
1607 3006
4010 4149
1023 3266
1484 4983
3973 4304
622 4292
2219 2623
3393 4507
3112 4978
222 889
3584 4315
4403 4723
1451 1992
3089 3179
2637 3943
1034 4539
4085 4307
1783 4965
649 4060
3458 4183
2637 4732
3008 3184
4089 4097
3566 3831
2204 4728
2363 2857
18 4331
2602 2818
3179 4304
1793 4909
1484 4115
2010 3428
3446 4761
886 4236
2611 4730
448 4999
4434 4444
3333 3515
1022 1892
775 4034
3318 4887
914 4450
2304 3961
4637 4990
1795 4211
813 4737
3006 3939
735 4844
754 4935
1859 4786
3566 4419
2142 4301
4073 4186
165 4639
2293 3277
2653 4720
4454 4737
2951 4030
1631 4952
2019 4711
4454 4624
335 3921
4187 4730
802 4434
1031 4440
2580 3979
941 4989
2218 4735
839 1347
2816 2869
1495 4395
1732 3282
123 4505
1464 3512
724 2473
3032 3319
724 3717
258 337
915 4008
3402 4428
2339 4402
4469 4965
899 4829
2175 3587
540 4825
2666 3637
3277 4786
1202 1929
1793 3778
943 2765
1257 4731
3989 4597
3939 3967
299 3835
738 3416
1724 4473
4235 4529
4496 4712
2123 4352
1635 3725
1970 4526
245 3266
2167 4509
4365 4624
4010 4440
3333 4149
3887 4850
2820 4504
1479 2140
2357 2417
2668 3778
148 3576
2580 4728
3957 3971
791 4419
1715 4207
1911 4723
2704 3999
2552 3089
1135 4960
4731 4848
1035 4827
1257 3827
336 3021
2852 4478
3128 4240
1007 3083
1023 3576
2486 4935
2081 2795
2852 3764
3453 4848
293 2182
1031 4557
791 3648
3489 3974
1557 4400
4100 4437
2758 4797
1859 3277
1115 4952
3882 4615
322 4597
848 2420
84 4271
2202 4038
3458 4238
4208 4403
4895 4989
4183 4747
3734 4218
245 933
622 2357
477 4686
2687 3296
2632 4218
3400 3855
2949 4976
2167 4925
3434 4454
1643 3642
3153 4953
3964 4998
3326 4539
2115 4399
2829 3671
1065 4073
2666 4526
266 4983
547 4314
2040 2293
4375 4505
1202 4953
3789 4526
603 3652
3382 4735
2129 3365
2435 2530
2769 3944
3906 4989
2440 4395
2340 4377
2417 3414
3332 3554
3165 3963
3898 4728
3382 4761
2265 4478
3034 4667
1818 2657
1620 4308
1901 3388
1740 4990
309 4044
289 4331
3113 4578
1403 4990
838 4007
2653 3603
1034 4375
2199 4172
1537 4895
4115 4639
2486 3372
2906 4744
4748 4887
2698 4963
1769 3048
2488 3503
4895 4945
151 4881
2611 4848
3125 4982
2872 3884
3291 4863
2592 4055
193 4863
3178 4935
3877 4909
3899 4368
1928 3393
520 4969
4518 4748
2752 3939
954 1210
979 4848
1626 4711
928 4829
3902 4589
4730 4731
1949 4969
3644 3900
2343 2803
2039 2805
2256 4910
2714 4951
4039 4615
4349 4353
78 3866
484 4982
1954 4147
1789 3389
1808 2916
3648 3723
1440 4388
2093 4084
2784 4386
2001 4402
4735 4935
3110 3883
3642 4640
1860 3419
4134 4469
3725 4711
4469 4639
743 2347
4024 4960
3212 3458
783 4440
2794 4844
2820 3618
1007 4848
2459 3802
3771 4538
181 4829
2872 3929
1898 3898
3793 4791
2951 3293
2429 3537
3322 4504
1974 3671
3490 4732
3568 3621
4204 4320
1901 4409
3986 4776
1011 2772
3890 4428
1970 2916
2601 4720
1276 1639
3917 4097
3336 4940
802 3883
1985 4302
2752 4978
3644 4066
1745 2546
3313 3891
4187 4910
1034 3853
4402 4946
2424 3521
3032 4129
3568 4275
3554 4602
820 3912
794 4755
664 1524
2293 3566
3356 4509
4307 4881
1930 3764
2880 3402
2643 2880
3887 4211
1451 4844
2227 3285
3218 4141
2784 4302
3815 4589
215 2174
920 4978
1115 2776
2765 3164
350 4990
706 4795
1900 3878
3863 4526
402 3379
3631 4786
2357 2827
2359 3969
407 4990
1923 4982
2665 4951
4827 4945
3679 4951
1123 4526
2091 4557
2362 4345
2578 4514
1619 2481
2567 4115
4222 4275
2779 4444
2800 4717
323 4910
3595 4304
1301 4601
3675 4731
448 3929
1184 4376
4100 4717
1226 4440
3178 3381
1904 2014
3103 4368
1985 4039
2450 4597
2675 4906
2785 4827
2910 4130
2667 3576
3884 4982
3445 4952
31 2219
661 4116
1620 2827
2787 3903
3745 3941
1174 4434
3428 4428
390 2849
336 4183
1922 4940
3263 3266
789 4754
1790 4236
4485 4946
2383 3972
4690 4712
1121 4747
783 4496
4376 4640
652 2177
4024 4999
1065 4444
2787 3400
3190 4723
188 4076
2698 3618
3038 3642
1556 3221
2441 4648
4007 4615
3034 4514
4055 4844
1659 4895
386 4910
2237 4895
2567 4215
284 4976
145 4863
502 2664
2516 4965
2800 4376
145 4744
804 933
954 4433
3587 3771
2140 4735
332 4844
2990 4978
1349 3960
2226 4208
4978 4998
3551 4482
3959 4097
657 2363
1210 4509
76 4728
944 3381
1663 2339
807 4419
4290 4349
1403 4846
4255 4777
1954 4255
3711 4777
2780 3594
2059 4681
4186 4444
916 4399
4398 4713
780 2531
464 4971
1021 4989
2040 3815
664 2748
2379 4777
4094 4637
135 4645
2081 4358
273 3824
3633 4496
3019 3789
3817 4444
1357 4806
2254 4129
2440 4925
4095 4098
2422 4971
2477 4478
3551 4863
876 4437
1065 4186
2795 3263
2876 4667
754 4735
154 4978
889 4887
2973 3771
1929 3387
3178 3179
712 3851
2482 4518
67 4444
2872 4130
3239 4208
3006 4952
3642 4376
3254 4130
2757 3594
1179 3282
2229 2429
2389 3594
3426 4539
2731 3347
129 4504
68 4060
4509 4925
2575 4990
804 3863
2758 4271
4187 4624
3831 4271
470 4518
2178 2853
721 4945
3342 4349
4848 4940
2629 3076
4597 4791
1091 4776
3971 4307
4469 4717
1091 4409
3292 3979
385 2359
639 4720
146 4368
2951 4645
773 4277
886 4806
3292 3898
1326 3959
188 639
1211 2229
3125 4791
1349 4786
4315 4844
1033 4434
4147 4148
4008 4889
3921 4712
2450 4088
3113 3964
1590 4786
377 4276
2769 4795
4244 4469
2146 3870
723 3447
626 2635
115 4819
3290 3293
3943 4304
3402 3427
3973 4478
4055 4971
4789 4791
2282 3827
4365 4731
3949 3964
1135 4712
1803 3956
3158 3687
4320 4639
889 1878
941 4791
1860 4038
2012 2785
3789 4904
2757 4965
2391 2698
4848 4889
3971 4881
2481 4302
915 2040
4909 4978
811 4940
1440 4417
789 3712
1922 4969
2853 4688
1464 2918
1479 2925
2330 4290
1509 4255
3277 4686
3900 4573
3967 4952
1827 3110
3347 4960
3986 4085
3221 4999
1999 2000
2964 4240
2164 4601
2734 4276
3786 4349
390 4677
3956 4218
1301 4789
1962 4881
4236 4345
3487 4527
2239 3515
435 1337
712 4754
2194 4361
657 4375
558 4732
1732 2857
2391 3317
3490 4963
2481 4940
45 4275
1197 4844
78 3479
2175 4444
2931 3827
820 3736
738 3853
2165 3999
1179 2827
2857 3333
2473 4440
2623 4222
2515 4789
2336 2849
3969 4354
3954 4877
4904 4910
721 4038
3815 4940
2146 2632
3090 4496
2666 4910
2943 4281
323 4602
3319 4551
2580 3898
42 4677
3589 3626
2516 4469
90 4482
839 3317
3763 4777
2971 4149
1011 4976
3648 3828
2617 4940
3821 3835
2360 3458
626 4969
4640 4863
65 3806
3164 4953
499 3637
3102 3872
3944 3969
3078 3809
3103 4846
4097 4505
2065 4909
1896 4141
1085 4791
1357 4786
1802 4353
554 3877
858 3959
2580 3285
2617 4187
3135 4281
2360 3723
1 4526
249 3917
245 3236
485 665
1093 4496
1869 4730
3158 4754
4863 4995
2425 3254
2195 4713
3793 4597
2339 4946
3339 3617
1923 2237
1896 3853
4728 4881
2429 2612
3589 3598
3184 4155
3637 4211
2853 4999
1999 4417
2829 4307
1827 4711
2293 3783
1803 3110
4555 4838
1890 2812
2714 3653
2141 4791
323 807
3184 4551
2362 3675
3763 3827
1500 3914
4732 4951
4222 4797
2481 3455
225 586
4235 4748
2383 4945
1537 3125
3989 4538
1001 4737
1304 1532
1724 4829
3939 4951
4711 4728
2089 2424
2102 2750
1962 4728
1967 3322
529 4010
4108 4314
3584 3824
3118 4771
2256 4211
2392 4488
4713 4776
3178 4377
1388 3365
809 2584
936 4889
2530 4432
601 1703
1964 4728
3595 3959
414 1904
1780 4419
2949 3243
3815 4730
3644 4450
4398 4776
2625 3405
2085 4754
755 4399
1557 3135
3903 4038
2243 2435
126 4732
3725 4935
3592 4825
4483 4844
1503 4978
3963 4789
2146 4648
3326 4375
1789 4469
2173 2592
4395 4946
3034 4507
1461 4982
2842 4777
1536 3877
1150 4496
3336 4624
1479 3715
1025 4720
3359 3685
2237 4791
1802 4667
2113 4681
2780 2784
197 3717
3308 4953
4365 4730
2891 4218
4055 4315
1465 2632
3723 4648
3021 4409
1862 4148
3118 3817
1860 4637
2884 3974
1658 3389
493 2853
1708 4518
36 4589
3236 3266
1590 2541
961 4400
2663 3943
3568 4578
752 4507
1761 2918
1964 4881
916 4115
266 3453
2515 4308
1855 4681
1874 4130
493 4281
1958 2699
4399 4469
2477 4976
335 3809
3047 4946
3164 3458
2764 4881
1374 4969
3178 4825
803 2805
3102 4971
615 2963
2110 4881
3824 4315
3715 4380
3929 4999
4098 4207
4850 4904
2363 4183
2849 3927
1218 3339
3972 4945
2637 4304
234 3096
1123 4850
3576 4963
2243 4529
4432 4683
2674 3874
2880 4825
2956 4390
2964 4454
2440 4677
4648 4846
4674 4978
979 4940
1350 4301
2429 4953
3671 4728
3435 3912
4087 4951
289 3090
2001 3685
1179 4238
345 4539
3835 3972
587 1807
3414 4444
3592 4377
3008 4723
1293 1679
618 4827
2662 4088
752 3576
2347 4688
4280 4455
4482 4863
2910 3645
1860 4887
446 2576
2276 2357
375 4518
191 2852
1590 4236
191 4624
2097 4417
3341 3964
3317 3633
2668 3112
3507 4514
3125 4895
4518 4906
3633 3957
2330 2342
3426 4945
3139 3960
402 4546
1789 4639
3166 4983
4076 4713
3806 3974
558 2780
1637 3851
4090 4797
1761 3963
165 4850
3827 4473
2490 2602
1794 4007
2612 2776
3286 3537
4290 4663
3032 4204
880 4683
3139 4130
1761 3254
2758 4417
256 935
1032 2772
3318 4489
441 4450
4256 4713
1955 3610
4204 4983
3545 3644
3089 3570
3414 4186
2723 4744
3198 3793
336 879
2204 4978
1590 4345
2136 4509
3671 4375
374 4294
3282 4747
1909 4723
1896 4686
3110 3229
942 4723
3921 4960
1520 3158
3290 4624
2795 4505
4008 4240
583 4116
2450 4640
3817 4640
3103 4690
2146 4754
1775 3139
1045 4976
1305 4776
2960 3308
899 3875
4095 4108
441 2734
3764 3794
3537 4276
2077 4952
2459 3135
1470 4846
1432 2010
1520 4640
2825 4895
3642 4390
2332 4409
581 4969
3902 4353
3891 4881
4236 4806
1631 3679
3179 4976
3490 4349
1484 3660
2918 3675
2463 4419
3883 4434
1911 4024
2580 4881
215 4978
1465 4010
1862 4331
2852 4529
68 4720
4215 4469
2765 2909
538 2131
2500 4971
3142 3941
1252 4712
3389 4952
601 1890
2432 4345
3870 3956
2197 4732
126 3490
1868 4349
695 4786
1007 3584
4345 4352
386 4850
3489 4951
1347 4353
1923 4895
3153 3866
57 4806
4218 4419
4368 4667
4095 4358
2990 3877
1374 3019
2593 4010
4578 4797
1949 4648
1590 3675
2175 4538
18 3837
2865 4795
2239 4010
2218 3112
3318 4823
375 1930
1996 2304
2391 4963
3602 3827
2317 3381
803 1678
4437 4717
3644 3762
284 4478
2819 3956
1085 4597
920 4281
2515 4601
3642 4990
3898 4881
838 4940
752 3372
4417 4482
2668 4909
483 4183
2657 4292
2601 2653
2085 3956
3142 4728
332 4971
3705 4887
2935 4747
791 3870
2772 4044
1568 3957
2140 4235
622 4755
31 3717
4365 4454
3047 4147
210 4637
1593 4302
723 3142
943 4276
1479 4518
3285 3671
2474 4792
2420 3652
512 4989
969 4538
3986 4728
3588 4881
3359 3898
3446 4712
3786 4573
2228 4186
3139 3884
234 3402
2660 4648
2592 3824
3229 3875
3218 4887
176 3958
3096 3523
3461 4094
2473 4557
2546 4909
1833 3547
2359 3221
3291 4482
3914 4925
4688 4999
4795 4797
2417 3464
3653 3967
4304 4976
4215 4639
4728 4744
1767 4236
3218 4827
1056 4754
2805 4683
3479 4076
1996 3594
936 4848
2664 3964
2687 3752
1567 3827
3683 4887
1986 3806
1022 3745
2490 4526
773 4235
2373 3078
3971 4555
1355 4186
2086 4761
3352 4904
3537 4380
3778 4978
1619 4615
2131 4238
1015 4073
1556 4681
1928 4507
2490 4211
2081 3957
4204 4244
3218 3683
2541 4271
2825 4791
3793 4877
1179 3388
3139 3963
4354 4795
1715 4755
4222 4419
1218 2197
2463 4906
3633 4998
4088 4637
1639 3621
1802 3956
3078 4440
529 2490
4730 4848
1337 2531
2441 4218
1762 4488
3570 3921
4236 4786
2703 4434
1637 2177
1781 4365
4638 4909
3595 3917
3637 4910
2653 4060
2852 3943
3400 4823
3445 4744
2359 4361
409 4066
4791 4877
3592 4485
1896 3855
3447 4240
3225 3793
3356 4433
1842 4440
1524 4039
1548 3135
2226 4084
2336 4960
2780 4302
858 2547
583 4998
4240 4730
2422 4829
979 4589
4667 4712
1827 4935
2531 3802
4140 4648
2584 3102
3507 4368
1301 3626
3308 4380
943 2576
3044 3655
2086 4711
2584 4573
4076 4889
2626 3939
2164 3878
1022 4990
2764 3817
2091 3333
309 2390
1479 4748
1520 4419
3685 4395
4211 4240
2077 4951
1868 4732
1783 4100
1904 4904
4211 4526
2178 3405
2698 4116
1828 4129
2227 4555
2553 4345
3034 4712
911 4488
2592 4829
3648 4795
2165 4674
43 3956
3717 4277
2910 4601
2611 3594
547 2178
122 3745
3142 4637
2379 3322
2819 4969
1053 3153
4140 4846
2576 4380
967 4555
829 4731
4089 4454
2643 4485
3322 4290
2943 3405
2207 2935
1678 3285
446 4953
3282 4129
1008 4945
1855 4331
1868 3503
1924 3389
2420 4281
4681 4686
2081 4496
2971 4776
2463 2819
2089 3598
4187 4454
2385 3736
1326 4712
3416 4863
3734 3870
2173 4829
1298 4674
3365 4730
2769 4100
82 4450
2481 4615
3941 4376
1996 2226
4786 4806
4688 4877
1212 3333
3835 4090
3434 4624
4089 4731
2657 2685
4597 4982
1854 4777
3339 4732
1532 4308
3292 3652
1202 3715
539 3733
4482 4744
1636 4433
1782 3887
4377 4935
829 4940
4527 4797
256 1769
2340 4960
3142 4744
2991 4244
3094 4240
204 1074
4290 4546
1606 4730
4437 4482
42 4290
2988 3872
4526 4539
3122 3221
2353 3164
1967 3166
1090 4281
4076 4848
2906 4147
3594 4386
2531 3135
2849 4354
3547 4951
3379 3602
97 4207
499 4399
2059 3610
2812 4290
1432 4789
2731 4140
1298 3927
3342 4732
4108 4546
3736 4008
414 4904
3356 4776
3447 4969
2680 4771
520 4754
4791 4795
4952 4983
3989 4877
4877 4889
4148 4331
4395 4402
3655 4744
987 2307
1023 2025
3815 4365
2360 3461
2663 3179
4551 4747
1962 3999
458 4677
77 4909
1021 3906
2662 4504
2482 3598
2795 2985
3382 4485
2617 4365
2971 4010
1021 4791
3096 4398
3131 4999
3173 4352
1708 2140
4240 4940
3512 4638
4354 4361
1955 4681
1150 4526
3828 4354
323 3954
3507 4960
2263 4615
4090 4795
4060 4119
1202 4276
697 4095
3048 3912
263 4496
485 4352
934 2459
933 3388
4302 4681
1260 2025
2191 3610
2226 2304
2113 2582
2165 4638
1258 2734
2040 2964
2803 3752
3719 3872
3589 3595
2653 4437
3566 4792
3447 3875
1986 2093
2803 3929
76 4555
2435 3503
2714 4737
2547 4720
3568 4795
3972 4823
3902 4624
3621 4797
1950 2625
1790 2432
1974 4728
3225 4895
4218 4969
4222 4945
4275 4578
2459 3652
4478 4976
3293 4280
529 4557
1896 3419
2988 3786
3212 4469
3487 4797
722 4761
2207 3319
1859 3675
3939 4952
324 3292
2117 3122
3310 3719
3898 3971
2191 4331
3184 3282
1679 4314
2389 4910
3044 4529
647 3102
1533 4546
4116 4998
4271 4731
1639 1807
4134 4838
2602 4211
2748 4681
794 4292
45 4361
345 4823
2219 4235
2546 4978
1557 2531
3435 3521
573 4066
4640 4990
804 2142
1929 4953
4201 4236
1878 4088
177 3874
3047 4677
3687 4648
848 4432
3648 3712
2174 4119
60 1896
752 3296
1813 4825
3964 4496
3094 4044
1606 4639
2717 2731
4353 4690
979 4488
2385 3283
3821 4066
1388 3603
4546 4663
4085 4881
991 3827
1974 4881
1833 4995
293 3122
4711 4761
3835 4720
290 4960
2805 4361
4485 4825
173 3929
3359 3793
3426 4887
2675 4377
279 4846
3021 4308
1958 3653
3662 3676
2451 2906
3653 4952
3875 4434
3381 4485
2113 2748
1779 4737
1544 2435
2794 3824
3254 3884
3831 4201
4489 4945
3662 4073
2825 4597
2131 3458
3705 4667
1210 4433
3291 3831
601 3815
1109 4995
3416 4388
1257 4240
3949 4998
3786 4645
2317 4087
2635 2884
1954 4402
4776 4940
3234 4008
4690 4846
2488 3342
743 1950
1403 4488
775 4555
3547 3679
3891 4307
1293 4602
2665 4087
2617 4848
3103 4008
3317 3964
3078 4010
570 4829
1833 3939
2516 2750
1868 4432
1923 4989
1659 4982
1115 4087
481 4419
2422 4951
2869 4155
85 2757
1794 4965
1192 3342
539 2425
2816 4551
3445 3679
4601 4789
2330 3602
3902 4428
4007 4039
2829 3313
1964 2110
2750 4377
3914 4776
45 4578
4172 4315
1210 4256
715 3778
3356 3914
3579 4368
2664 3633
1967 3827
3102 3545
3941 4637
570 4473
1898 4555
2829 4728
2662 4095
3964 4116
1142 4648
969 3662
1298 2668
2582 2875
3989 4989
603 841
4951 4952
4667 4960
3296 4507
1996 3961
3648 3687
3381 3711
4208 4314
1184 4640
4240 4624
477 3870
2764 3986
2715 4906
1211 4989
4485 4735
2593 3515
1964 4555
386 4792
3986 4555
2167 4776
1874 3720
3655 4482
4365 4940
816 4432
2088 4747
550 4352
2963 3128
1524 2875
3944 4527
550 4755
1967 4504
2426 4320
779 4098
3405 4400
1678 4308
2534 4730
108 3598
2391 2664
2632 4969
2390 4713
2342 3352
4454 4848
4978 4995
820 4963
2712 3835
848 3503
2961 4983
2158 4995
2909 4953
1679 3961
3545 3762
1793 4589
2012 4887
2949 2951
4352 4755
2602 4850
1732 4409
3566 4904
2657 4098
4433 4838
2142 2357
3159 4732
2110 3979
4290 4504
4529 4976
3380 4846
3644 4280
1479 4277
3263 4755
3764 4244
3610 4331
3956 4969
3282 4155
1391 4863
3435 4116
3034 4368
3179 3794
4400 4688
1940 4989
866 4271
2849 4222
1761 4789
361 4352
1432 2515
2086 4935
2105 4095
1326 4690
448 4688
1637 1775
2601 3603
2254 4983
1301 1464
3786 4450
3389 3455
2530 3490
2674 3373
3400 4887
789 1142
1561 4377
4236 4688
3675 4597
2330 4663
2463 4428
1561 4155
2091 3809
1922 4732
314 4450
3789 4850
1842 4557
2918 3851
4090 4361
4215 4244
1537 4989
492 1532
3683 4945
1636 4509
2991 4963
25 4792
2758 4863
1502 3914
337 342
916 3660
3764 4895
3296 3576
2136 3428
3903 4823
107 4578
1 4910
2966 4976
3655 4388
3687 4386
3972 4038
2667 3752
3565 4526
4172 4844
1121 4978
1971 4983
3958 4777
2253 3464
678 2664
718 4395
499 4211
3626 4529
3817 4055
4573 4645
2090 4235
2990 4638
3589 3633
1986 4055
2253 2417
3426 4141
3884 4895
1252 4792
2779 4073
464 4844
941 4982
3310 4747
3655 3733
2818 4211
1793 3310
626 3679
821 4945
3435 4496
3164 4978
2422 4473
3293 4573
3960 4806
2000 2812
2175 3771
2575 3943
3062 3809
1079 4935
804 4747
4361 4795
534 4887
691 3763
4514 4712
807 3961
4090 4222
2282 4546
1034 2785
2876 3579
4140 4368
1093 4963
2552 4478
2194 4354
1085 4895
1544 3989
4308 4320
614 4825
2477 3794
1357 3675
2488 2584
665 3158
2178 4688
3332 4602
2787 4887
1854 4713
2105 2547
3595 3874
4677 4946
3221 3523
1490 3964
813 1001
896 987
3717 4235
935 4755
2563 4095
314 2951
1347 4960
3568 4354
1464 4601
2931 4546
289 2748
2207 4129
2348 3317
2819 3712
70 1770
1188 4951
4353 4712
2698 3963
4115 4838
2818 3019
554 4601
3379 4546
337 3958
45 4797
3313 4953
3153 3653
2704 4638
601 4454
2253 4444
2391 3521
1184 4990
1150 4850
222 3853
4428 4776
1741 2530
3229 4946
477 4969
2065 4674
1226 4149
1620 4776
27 3318
2536 4419
129 2842
4712 4960
1974 3891
3047 3685
4353 4455
3887 4910
4088 4640
2254 4747
2643 4825
2534 4731
335 4846
773 2620
695 2787
1663 4255
3588 3902
3679 3967
2088 4183
981 1676
3112 4909
3853 3972
132 4663
3786 3872
374 4314
2827 3388
811 3427
3806 4473
2685 3173
3232 4398
2951 4573
2176 4148
76 2829
2906 4388
539 4417
245 4507
2100 4354
1308 4155
210 1740
1188 3653
3806 4055
464 4007
1679 4602
2298 3929
3551 3877
1958 3679
154 4638
1135 4690
361 2963
2165 4909
520 4686
258 4095
2910 4290
824 4645
586 4748
1183 2477
550 1818
2680 4829
3712 4218
2298 2625
1536 3512
4838 4983
3487 3969
484 4989
2517 4846
2234 4084
2728 3190
3332 3954
1273 4838
402 3827
3319 4155
1637 2918
2001 4395
2772 4509
3712 3870
4473 4829
3927 4638
4365 4589
3113 4995
2803 3266
721 4375
1537 4638
304 4786
4437 4444
1150 4904
2515 3963
538 3458
4483 4819
3135 3929
2293 4786
2951 3290
914 4280
936 3356
3944 4795
3083 4844
2933 4723
848 4683
912 2780
969 2973
3434 4187
1781 4238
2584 3752
1898 4881
2239 4100
2265 2392
1533 4437
1802 4024
3906 4877
1561 2019
2706 2827
3512 4032
1958 3786
1074 4529
3165 3851
4829 4844
1678 1781
2820 4290
3637 4850
375 3794
2869 3283
222 4827
4255 4395
498 3939
81 4982
3736 3949
1628 4187
2818 4910
1924 2375
3159 4432
4791 4982
3076 4088
3626 4963
4314 4723
3336 4589
70 3912
2536 2891
1266 3464
1403 4637
2963 4755
2089 4963
1568 4877
4275 4527
3290 4645
2931 4276
4624 4940
3487 4838
3333 4935
3184 4755
1741 4683
385 2769
2704 4674
2698 3736
2665 4952
2353 3153
558 4998
2100 2909
3733 4201
249 4737
4030 4645
2219 4518
2383 4827
1862 4681
1302 2769
1410 4331
3006 3847
1479 1708
2576 3715
2517 4450
3322 4095
3445 3967
3521 4723
1658 4100
1871 3047
2626 4377
4713 4971
7 4887
135 4450
3594 4965
3373 3874
3570 4024
1789 2935
914 3762
715 4978
3874 4507
573 4720
2666 4904
3551 4388
3902 4889
3038 4376
3021 4747
1197 4172
1557 3887
2417 3967
3048 4998
4388 4417
3902 4731
4539 4823
129 4663
2552 4976
3588 4398
1783 2293
3317 3723
4624 4889
2880 4222
2668 4674
2330 4546
3458 4409
4354 4578
1703 3234
2906 4417
3319 4087
2933 4361
4085 4728
375 816
2516 4639
2907 4294
1174 3890
1093 4823
1679 4208
2100 2865
1033 4904
4399 4639
600 4728
3078 4557
3381 4825
615 4352
3837 4320
148 4640
3339 4349
27 3972
1725 4848
1293 1996
4717 4983
3900 4030
2391 2666
2392 4304
2706 4238
3815 4889
2472 4819
3400 4827
4116 4496
2547 3874
2143 4276
1770 4963
2477 3372
4100 4115
3293 4450
3076 4376
4039 4302
2227 3971
839 4085
3853 4375
1021 4982
2637 4529
2450 4637
3705 4141
2531 4999
1257 4889
3166 3352
2065 4978
3633 4489
3949 4496
3239 4645
2769 4688
3872 4573
3285 4728
3675 3960
362 4294
735 4172
3906 4791
273 3125
1871 4395
2637 2663
3310 4183
31 4518
2785 3705
3389 3453
1833 3445
3365 4819
1544 4732
2417 4538
1464 3851
3165 3878
2417 3434
1636 3588
4032 4638
2265 3179
3863 4747
1982 2935
2031 4314
4761 4906
3671 3891
2490 4910
1502 4990
2515 2578
838 4615
2158 4863
626 4952
3110 3875
2362 4806
1818 4755
3416 4201
801 4688
3961 4294
2000 4546
2988 4645
622 1775
4432 4935
4094 4640
3062 4557
2304 4294
2582 4777
2207 2816
1150 4792
999 4308
2816 4129
215 3402
4271 4437
2960 3164
1620 2131
2712 2752
3381 4735
1724 4172
3464 4538
3296 3989
954 3523
1561 4825
4032 4909
1854 4881
3426 3683
3752 4507
2202 2675
1569 2884
966 4877
1745 3927
2143 4953
2869 3282
2795 3949
3971 4728
126 604
2723 4713
2025 3236
3570 4712
2601 2982
2750 4141
3927 4345
669 2876
2307 4488
2861 4945
4417 4485
3648 4904
3720 3884
722 4376
1670 4098
3389 4983
3705 3855
3949 4116
4211 4850
3198 4791
337 4095
3903 4887
3232 3428
2820 3711
3961 3971
1568 4989
3588 4713
3019 4904
2488 4432
3263 3589
2182 3131
3645 4601
1909 1996
236 2985
2191 2875
477 4754
2351 2424
2383 4887
2685 4755
2575 3764
3075 3212
4686 4754
936 3434
4211 4910
3969 4797
2357 4308
225 3631
3523 4433
2263 4039
2202 4761
858 4737
361 4207
3313 4085
1023 3038
4301 4308
3118 4829
3551 3964
2014 4488
2764 3313
1971 4320
3400 4945
534 3125
1636 4925
1428 4314
841 1557
943 3715
4271 4995
2956 3142
581 4686
3239 3293
4349 4432
3198 3884
3602 3683
2620 4235
3419 4945
783 3333
3927 4978
3789 4792
639 4819
1619 4302
821 3683
1639 4275
2907 2987
1464 3165
350 4640
706 2601
1218 4732
3592 4906
291 2869
755 3576
1999 4744
1793 4674
3972 4637
290 4690
2360 3158
279 2578
1733 3882
4906 4935
4140 4455
2123 2685
3419 3972
4148 4681
2105 3959
2872 3720
3179 4529
3400 4386
712 4789
3685 4402
2803 4376
2348 4496
3269 3624
1781 4308
409 1252
1663 4677
2576 4034
409 4940
2852 4976
3828 4797
3887 4904
1032 2925
3153 4380
2825 4982
529 3809
3269 4723
2567 2961
1506 3887
1963 4819
3637 4792
967 4728
108 3736
3503 4683
1142 4969
2703 3890
1631 3847
2632 3734
3094 4624
502 4963
2660 3283
4183 4450
2668 4978
1159 4215
3806 4844
1963 2472
2141 4895
3778 4638
1999 4863
2805 4349
45 2769
4076 4434
4489 4539
1349 4806
374 4602
2001 3359
3660 4983
2389 4711
1432 3165
4201 4995
3125 4989
2239 3062
2105 4097
3523 4730
493 4688
791 4969
896 1676
3568 3969
1185 4969
3455 4983
3336 4731
3173 4098
1470 4353
2772 4748
1075 2663
1337 2336
4960 4989
3891 4085
2964 4730
4402 4677
1802 4960
3817 4088
2787 4945
3427 3428
4638 4978
2973 4444
320 4789
3254 3831
3021 4720
4055 4483
3875 4713
703 4728
3048 4754
3453 4717
2115 3837
3373 3595
3671 4307
1007 1406
1524 1556
649 1500
485 4755
492 3973
4215 4320
299 4819
2609 3332
764 1520
632 4538
3365 3821
3660 4134
1464 4130
4469 4838
2363 3310
87 4982
801 3652
3232 4428
647 4645
4244 4639
982 1355
944 4723
2019 4377
1631 4187
165 4084
3944 4797
554 4960
1909 2234
824 4999
197 4235
2567 4134
3576 4507
961 3122
3662 4186
3921 4140
2593 4440
587 657
3322 3958
4419 4969
4271 4744
2853 4386
1323 4971
1643 4990
813 4505
2865 4797
1465 4557
3453 4399
4744 4995
3414 4538
2100 3969
1536 4978
3969 4527
3621 3828
1601 1715
3232 3914
377 2429
3389 4244
3428 4433
3554 4084
4377 4825
1635 2869
3734 4648
3487 3828
4538 4909
2234 3961
2143 4380
4358 4819
2772 4428
1058 2620
3455 4100
1762 2307
2563 3379
122 2317
1647 4271
3142 3173
3961 4208
3783 4236
3094 4076
4455 4667
809 4677
1833 3653
4361 4792
3815 4187
987 3794
3019 4792
2435 4007
3225 4597
3218 3705
991 4504
4277 4518
1 4792
3914 4044
1607 2612
1767 4806
232 4573
2165 4978
3999 4032
2620 4518
1394 3232
362 2373
464 2794
2795 3912
3626 4496
691 1890
3428 4119
3874 4505
2935 4129
4314 4403
2931 4777
147 4509
1355 2440
2558 2964
441 4280
3405 3929
942 4877
1183 4529
3414 4073
126 2151
4280 4573
3076 4390
3821 3827
3263 3317
803 2488
4308 4717
1964 3891
2379 4663
1033 3229
4434 4713
3523 4848
4681 4792
999 4238
181 3899
88 2609
3821 4720
4024 4846
3900 4686
107 4527
2558 4889
1775 3963
2612 4951
3855 4827
4349 4732
1794 1985
3118 4380
3719 4409
2342 4546
4235 4277
2794 4483
4240 4365
2961 4399
1135 4667
1403 2039
3427 4940
3387 3858
52 2687
540 3592
309 1636
3521 3964
2141 3225
1639 4797
3645 3963
650 4735
4755 4776
1192 4683
1032 3232
3637 4904
3853 4945
3671 4302
1813 3178
4201 4388
2956 4637
2351 4688
1597 4999
4747 4971
4409 4827
3159 4728
3705 4038
3198 4989
4084 4403
3512 4978
97 4755
2151 4683
306 3565
2765 3308
809 4910
3655 4271
2723 3831
4238 4409
2239 3333
4711 4720
2876 4846
1970 4904
3381 4935
1794 4615
2715 4825
2872 4301
3733 4271
2857 4776
2785 3598
145 4417
335 2717
3621 4527
2115 4115
1904 4910
4388 4863
2964 4731
715 4848
1226 3333
4032 4978
1185 3648
2593 3809
3128 3434
3570 4960
2486 4825
2876 3921
2931 3763
3594 4007
266 4437
1779 4953
603 2853
1536 3515
2961 4951
68 4735
4597 4877
1628 4240
982 4186
3389 4320
573 1963
3094 3815
3032 4747
764 4358
1305 4433
3290 4573
3588 4433
2582 3837
3712 4648
1869 4365
1174 4844
773 1089
2552 4488
586 4518
3381 4906
4207 4755
2363 3388
3225 4489
1350 2827
3645 4789
804 4183
2040 4940
2601 4066
4187 4589
375 2852
2990 3999
1197 4624
3308 4945
59 3912
4207 4292
3644 3802
2706 4308
1929 3866
1631 2077
3594 3882
336 4776
299 4483
501 4829
2971 3277
1142 3794
2680 4971
3999 4638
1900 3254
88 4637
801 3131
724 4010
3588 4119
2794 3118
816 1868
4527 4795
4792 4904
4008 4514
18 1410
3489 4087
4280 4529
1962 4403
2164 2910
2254 3032
1957 4732
3872 3900
3293 4030
498 4952
2422 4844
1663 3685
3989 4791
492 4478
1461 3723
2829 4085
669 4667
2102 4290
4483 4771
213 4060
279 4308
2375 4639
3884 4320
2750 4983
3874 4737
1659 4877
3322 4546
3416 4995
43 3515
31 4277
1892 4094
3006 3624
2541 3783
3178 4116
3212 4990
3956 4496
3128 4848
3332 3426
3584 4771
3153 3387
2925 3914
1911 1950
4100 4838
2090 4518
1740 2578
4134 4877
1045 3341
2174 4044
1011 3943
3158 4969
1626 4935
3125 3884
1745 4978
87 4597
263 1770
3285 4555
1506 4792
3712 4419
3547 3939
3291 3655
2951 3786
1211 3906
2177 3883
1875 4395
2088 2857
4440 4557
2204 3515
2298 4999
1389 3308
2031 3789
743 2298
3113 4713
3285 3971
2803 3372
3277 3891
2293 4806
82 4030
3592 4761
1394 4044
2348 4204
3490 4683
1021 1930
3047 4402
2093 2907
3269 4084
485 2657
536 4789
2632 4419
3239 4960
1428 4084
896 3341
2253 4538
1326 4667
3624 3847
3961 4777
520 3712
1302 4354
718 4677
2014 3566
2609 4637
3128 4731
2105 4737
3089 4976
4129 4747
4602 4877
1391 4482
1520 4969
3236 3372
4730 4940
872 3939
151 4095
3589 4496
4032 4819
4030 4450
2199 4963
1394 4119
935 4352
2530 3617
3554 4877
377 4034
600 3979
2417 4073
879 4308
3236 4507
2816 4747
3837 4965
2197 3617
3487 4795
4115 4983
3428 4925
1021 3793
4398 4433
1859 4345
3434 3974
1569 3963
661 3912
3243 3764
2541 4236
3817 4315
57 4786
1597 3006
1970 4792
3347 4846
4963 4998
1783 4204
2643 4906
4098 4755
3570 4140
414 4526
876 4717
3906 3989
649 4720
97 2963
2390 4925
2173 4771
3974 4315
4428 4925
2575 2966
3218 3221
3973 4130
858 4505
1780 4240
2195 4639
2019 4761
2857 3387
1955 4148
377 4953
406 2254
911 4358
2602 4910
3817 4094
1779 3917
3379 4663
889 3318
2441 4473
3290 3762
1557 4281
3286 4314
342 4235
3824 4844
3290 4280
3125 3989
3717 4432
2653 4275
94 3875
2909 3286
3341 4529
2463 3734
314 2090
3621 3969
3428 4509
626 4951
4735 4825
2357 4409
3554 4723
2906 4578
1305 2010
3821 4060
2584 4450
2129 4720
2712 3365
2880 4935
933 1179
1871 4677
2582 3902
1461 4989
154 4909
4304 4529
754 4761
573 4147
3113 3733
3642 3900
581 1056
1389 3866
3957 4998
876 4983
2472 4720
147 1500
2653 4819
3858 4034
1904 4792
3906 4186
2849 4795
3570 4711
1985 4615
3218 4478
1999 4578
3602 4504
2177 3165
2110 4085
4887 4945
1548 3405
3870 4648
3783 4345
4275 4354
1780 4686
2593 2971
1986 4483
2373 3515
4238 4308
738 743
1389 4380
1855 4148
3352 3958
256 4963
2515 3720
600 4307
3239 4846
3373 4505
4055 4829
4094 4925
225 3507
3679 4952
3075 4838
4482 4504
2362 4236
1033 3875
1032 3402
3094 3336
2960 4953
2385 3598
529 2373
3969 4222
1628 4454
1900 2918
3239 4368
1265 4825
3426 3428
2593 4149
3545 4030
1495 4255
1432 3963
4073 4444
2960 4276
1212 3078
3644 4573
7 4823
872 4314
291 3032
2712 4819
31 2482
3824 4483
3712 3883
2197 4683
2031 3566
2637 3764
4147 4395
3380 4368
4485 4935
3212 3453
2025 4507
4008 4940
2375 4717
3446 4403
2014 4877
2199 2660
892 2143
3372 3393
3631 3960
1606 2750
3652 4281
3523 4624
2907 4314
1179 4409
3828 4361
215 4428
4034 4504
3112 3512
2680 4473
4419 4754
3019 4211
188 4925
3736 4400
841 4688
1924 4983
3944 4275
151 176
2088 4301
622 3173
4375 4945
1593 4615
323 4403
1762 3973
2234 4877
4183 4238
615 3173
4276 4380
320 4601
84 4482
3687 4754
3416 4578
2025 3372
76 3285
2582 4148
1871 3853
4485 4906
1023 4999
332 722
2176 4331
4155 4551
4256 4509
1410 4681
4038 4256
350 3461
3847 4881
2379 3602
2234 4294
1637 4130
3872 4450
4090 4275
1533 3644
2375 4838
1355 4444
2117 3131
498 3006
460 1955
2228 3587
3142 4390
2424 4998
4365 4889
2131 2276
1556 1862
3381 4711
3762 4450
232 3872
3801 3956
3038 4990
1676 4681
2546 4235
3974 4971
435 4795
4087 4999
678 3461
2982 3603
193 213
4255 4402
4095 4777
2611 4039
3831 4482
145 4995
2472 3683
2949 4304
2165 3455
3388 4308
4100 4204
4602 4723
77 3778
3631 4345
587 4776
4147 4677
933 1781
940 2987
536 4116
3308 4276
1440 4271
1974 2827
1793 4638
608 3446
2085 4969
2363 4308
2086 4825
1212 3809
289 3671
2234 4314
2884 4976
1185 4648
1783 3660
2966 3179
4557 4990
2420 4400
1569 4087
2891 4648
1940 4895
2805 3490
304 3675
1484 4469
2102 2819
3286 4953
1349 4236
1197 3824
3957 4963
1008 3318
4038 4827
320 3112
485 4207
3974 4951
1121 4551
65 4789
1537 4597
2089 2991
2000 4777
3874 4097
961 2351
981 4720
2875 4681
3671 3725
731 3446
2769 4527
324 4688
2067 4946
1875 4147
1533 3166
2426 3453
2906 4995
4848 4850
3588 4256
151 4777
1509 4147
2632 3870
2347 2625
3352 4663
3322 4108
1090 3122
841 3292
1355 3414
2715 4935
4361 4797
2776 4951
3523 4889
1091 4301
1833 4951
2764 4728
2582 4681
3400 4539
539 2723
512 4982
2432 2553
2685 4352
3419 4141
1729 4989
2304 4723
4419 4648
1949 4754
4275 4797
2973 4073
2336 4275
1503 2704
4454 4589
2228 3464
2794 3645
2339 4677
3831 4388
3884 4789
1197 4483
2734 4953
1808 4904
649 2653
731 4292
309 3914
3723 4686
2626 4485
85 4007
3291 4509
2785 4823
3318 4539
942 3021
2960 3969
2459 4999
3565 4850
3515 4645
2547 3917
3974 4844
2819 4218
754 2389
4085 4555
912 4007
2218 4386
4589 4889
752 3393
2426 4717
4386 4965
4130 4789
249 4505
2907 4723
928 4172
2852 4304
3631 3783
762 4953
2141 4776
2625 4400
4639 4965
77 2065
2674 3595
1996 4314
2966 4304
2474 4850
2176 2748
147 4777
3929 4747
249 2674
2849 4090
3883 4713
604 3503
2450 3142
3939 3974
3587 4186
193 1676
4823 4945
4829 4971
3594 4302
1875 2243
4526 4904
3877 4638
2481 4965
2916 4910
2373 4640
3644 4030
3159 3339
2825 3318
3999 4909
1775 4485
1001 4505
2852 3944
2699 4735
2441 4419
1058 4235
803 4732
3579 4514
4454 4730
1056 4791
2582 4331
2714 3847
3655 4823
4008 4589
3032 4786
3711 3827
3853 3855
2956 4990
2723 4496
3225 4982
3745 4376
2931 4290
4720 4819
4514 4667
723 3883
1940 4791
1174 3479
2818 2985
4395 4677
3971 3979
2635 4951
2276 3863
350 3466
191 3626
2500 3083
3515 4440
4578 4971
2612 4999
3898 3979
1842 3762
1503 4032
3339 4432
916 4983
1974 4087
4244 4308
3333 4557
3461 4376
2665 2776
3715 3866
3021 4183
1428 3961
2933 4795
2772 4863
299 4060
4236 4969
715 4674
3405 3802
1031 1406
3112 4674
2085 4419
2714 4952
3339 4683
2422 4315
3112 4960
1636 4823
4409 4747
1962 4555
3705 3717
3455 4204
2195 3479
801 1090
1537 4982
284 4304
2687 3576
2663 3243
2362 4786
3243 3943
618 3972
2530 4732
2351 3929
188 3914
2880 4906
2558 4730
1011 2949
789 969
3212 4215
2547 4097
4400 4723
3809 4440
3096 4509
1703 4730
1031 3809
2880 4711
2332 3310
547 4400
4155 4895
915 3380
1197 4971
4399 4717
1183 3943
1540 4388
1729 3793
4073 4906
3382 3453
3512 3927
941 4489
1658 3212
1729 3906
2875 3610
2635 3653
1955 2176
2593 4557
1183 3973
2541 4786
3883 3890
2925 4428
2818 3637
1647 4010
775 4953
4134 4983
1257 4589
4683 4935
2818 4904
3445 4951
4597 4989
2307 4478
691 4663
3038 4390
583 3598
3232 4256
2956 4640
2629 4076
3853 4038
4877 4989
3102 4645
1954 4315
1875 3359
1540 2451
2728 3446
4204 4838
3778 4674
498 4951
3648 4218
3515 4149
4469 4983
2803 3236
1962 3891
2776 4952
25 3342
3512 4909
1015 4538
1075 4819
499 3568
3847 4952
1440 4744
3570 4353
2876 3570
1150 2420
3326 4489
2869 2935
3793 4895
3705 4539
1544 4349
839 4639
3038 3941
2752 4638
2136 3008
3621 4354
3229 4713
718 4946
1807 4797
4601 4797
2077 4999
762 3153
779 4207
3866 4953
2991 3957
3166 4546
4187 4889
2907 3554
465 3771
2191 4030
3547 4087
2612 4087
2422 4055
2956 3489
3660 3809
802 3447
2925 3356
225 4806
1813 4935
2620 3717
4377 4906
1490 4963
4201 4863
886 1859
821 2012
4201 4744
2734 3387
2348 3090
3809 4149
4496 4998
4485 4711
368 4514
4256 4433
3113 4863
2429 3387
791 4819
3359 4395
2293 2432
2010 4730
268 4345
2142 4776
3083 4829
4711 4825
2578 4712
936 4589
1911 4208
773 4806
2197 4432
3736 4116
3076 4637
3801 3870
345 4945
1715 4539
2165 3877
547 3131
4825 4906
1058 4518
132 3763
1957 3503
65 4732
780 4663
470 4277
3999 4674
324 1557
1606 4204
2100 3828
3490 3617
2426 4639
661 3263
4982 4989
1658 4838
1890 2990
1860 4990
3927 4909
1678 4747
2812 3602
3929 4281
2765 2960
536 3254
1135 3387
1732 4551
1015 4444
4390 4640
4331 4789
2865 3568
3921 4846
293 4400
204 3685
896 4976
67 2779
940 3944
2861 3326
3426 3972
2705 4806
1628 2558
2943 4688
4134 4639
3610 4681
3685 4147
1725 4940
2081 3435
2091 4010
3887 4792
435 4797
1762 3794
1733 4615
1663 4395
3565 4904
148 3236
3118 4971
3566 4850
2490 4904
1252 4748
3332 3961
43 4440
3877 3927
3882 4380
1465 4208
3416 4433
999 3021
712 1301
2351 3221
3939 4434
2875 4331
3960 4786
3725 4761
2956 3038
2657 4352
2620 4748
4400 4999
3655 4201
789 4686
3764 4976
2435 3617
678 4990
942 1996
3103 4667
1854 4428
1567 4777
4024 4667
1874 3878
3221 4281
2304 4602
1484 4320
3184 3319
1349 4345
1032 4208
448 3292
3986 4909
1008 4375
165 4910
2635 4087
1963 4720
735 4829
1544 1922
3034 4690
3388 4645
1023 3078
3359 4677
1974 4307
52 4390
622 4352
3461 3745
936 4720
1842 4148
1790 4806
2379 4290
3261 3296
2332 4308
2706 2758
570 4172
3479 3890
3347 3507
2012 4823
4639 4717
4024 4140
2699 3545
1451 4971
122 3642
1556 4331
2780 4039
304 4806
2031 4792
3837 4906
87 1794
88 1892
3019 4910
920 4638
4024 4712
3973 4976
315 2872
1781 4663
2715 4711
2575 3762
4208 4723
1790 1842
2985 3565
4624 4848
3655 4352
2966 4999
2237 4877
2985 4526
3426 3903
2093 4602
2441 4969
3986 4881
723 2703
3891 3971
3464 4444
2307 4976
841 1964
1818 2426
2800 3745
2667 3899
2515 3254
1406 4546
722 1403
731 4294
2000 3958
3434 4730
661 1260
2178 3292
1075 3835
942 2626
2990 4674
506 1964
4108 4777
2951 3872
4100 4134
608 4084
3687 3899
3870 4969
2916 4526
3954 4723
52 4990
1008 4823
2000 3393
920 4909
2517 3786
2351 3122
1628 4730
1619 1985
458 4683
1159 4399
2728 3554
1626 3382
2500 4315
2764 3979
320 3720
3507 4353
2612 3547
4244 4717
2625 4688
2332 3458
499 4904
1871 3359
944 1911
2040 4889
3882 3957
1606 2764
2750 4838
2675 3592
1724 4483
2363 4683
1025 4060
4526 4910
60 4141
3828 4795
4172 4483
36 3815
2140 2219
148 4792
2916 4904
3313 3979
3326 4887
2623 3286
3802 4688
3883 4076
4007 4302
2347 3652
2943 3802
2199 2424
908 3380
1626 2752
1142 4754
2666 4983
1184 4094
2516 4399
4277 4748
914 3872
1803 3447
4119 4398
115 1388
2712 4066
829 4889
2392 3243
2910 4789
3427 4589
2459 4400
2731 4844
4204 4399
2758 4744
3044 3973
2728 4555
3446 4208
3198 3225
587 4301
4417 4995
1509 4395
4889 4940
3961 4877
4294 4314
4690 4960
322 4989
1929 2734
4073 4737
3507 4667
3912 4496
3359 4255
2629 4990
2226 4723
4648 4754
2546 3112
3551 4995
3336 4848
735 4971
935 1601
2317 4377
1107 4825
1089 4518
232 3762
1859 4806
1212 1465
1025 4353
2451 4201
3999 4978
2635 3624
3034 4846
3887 4505
3435 4963
794 2091
3388 4960
1745 4909
1031 3062
3190 3999
4683 4906
3565 4792
2909 4276
928 3824
1557 4095
4024 4514
499 2113
3858 4953
915 4940
1432 4130
1536 4776
940 4361
4097 4737
643 2265
3958 4546
2141 4989
2173 4172
3094 4589
3416 3655
2785 4539
1001 2987
2906 4352
999 4301
3847 4999
1123 3637
2441 4754
2601 4935
614 4906
3944 4402
1770 3589
2674 4505
3103 3570
4433 4509
610 4148
465 3874
2117 4688
3445 3939
3128 3339
2142 4172
4141 4375
3094 4848
3159 3490
3794 4976
3872 4645
1065 2175
4108 4663
1807 3568
4084 4877
3851 3973
2723 4863
3570 4850
3545 4573
4008 4376
3958 4108
1451 4829
1901 4776
290 4455
25 4850
4280 4645
3763 4473
3824 4473
2609 3076
1568 3969
3352 4777
982 3626
94 4434
2578 4960
1212 2091
2129 4060
197 4518
146 3512
1619 4039
1781 3863
2884 4951
3096 4428
966 4602
1874 3851
3944 4720
4038 4489
2348 4116
614 4935
1509 4677
3131 4946
3286 3866
1761 3720
1183 3764
232 4645
176 2000
2343 4320
2237 4989
2359 3621
3487 4275
2876 4960
3745 4730
465 3999
794 4098
841 4792
3342 4683
2629 3466
493 686
2869 3903
3434 4731
928 4483
3479 4434
3653 3939
3603 4819
2481 4007
2705 3783
4134 4320
2089 4116
2085 3723
3794 3973
1770 4998
1898 4307
4437 4983
2758 4995
1855 4066
539 4995
263 3618
1593 2263
2812 3711
3455 4134
1408 4825
2174 3356
1628 4731
1188 4952
2173 4483
3489 3847
2218 4965
2776 4999
2829 3971
3969 4090
1022 4637
4432 4983
3190 4674
65 3963
3921 4514
899 3890
2194 4797
4455 4488
3347 4712
4281 4688
3551 4744
236 4218
3239 4895
880 3342
4087 4731
961 3139
4095 4546
1950 3929
1874 2164
1958 4645
2360 4969
4638 4844
224 4399
3291 4271
2553 3960
3874 3959
1524 2748
2728 3655
2988 4573
407 4088
966 4925
4089 4095
1639 4795
3878 4789
632 3662
2687 4507
3083 4473
3584 4514
3827 4095
1394 4398
1202 4380
4115 4320
2728 4208
3102 3762
695 4345
654 2795
132 4777
1904 3594
2239 2373
2667 2803
3356 3428
3521 4108
2102 3958
2227 3979
2330 4108
2432 3960
789 4648
4007 4965
191 4889
1007 4844
1090 4400
2105 4505
2091 3062
1115 1607
3269 4602
3705 4375
1337 4797
2578 4667
2680 4172
1536 3927
4097 4098
3523 4398
3034 3570
2359 4797
2629 4640
3565 4211
45 4478
1601 4098
1901 3310
2342 4290
3166 4504
1922 4432
967 3898
1597 1631
647 4280
731 966
1679 3969
2987 4505
224 4983
943 2353
3594 4615
2637 3973
1670 1795
4238 4737
1950 2943
2553 4786
263 1982
362 2907
4008 4187
4539 4887
1391 3831
1053 3286
3243 4951
4320 4518
2875 4555
1503 4674
4624 4953
3715 4398
1107 1813
4771 4971
2477 4529
4098 4108
4208 4602
664 2582
2253 4073
123 3645
723 3110
1389 3537
4417 4744
647 4945
780 4183
2265 4904
3828 4527
1023 2687
2575 4478
3313 4555
1500 4469
151 4504
2825 4032
2609 4990
1045 3089
3584 4829
942 3388
176 4255
3902 4398
2784 4007
1590 3783
1874 2910
1470 4960
4030 4573
1782 3566
3745 4088
1502 4640
385 4365
2578 3579
1597 4952
1745 3322
1911 4877
691 4777
4119 4433
324 4978
1733 4302
3734 4754
3008 4129
460 4148
941 3426
4275 4361
2420 3221
1999 3551
82 3762
3218 3903
1643 2450
4314 4877
2019 2990
652 4601
2657 4755
3617 4732
3125 4877
1406 4827
2167 4904
4482 4578
2985 4850
1871 3333
586 1058
942 4208
1260 4507
2531 3405
2191 4148
3921 4455
4116 4963
222 1218
2086 4906
643 4478
256 4998
324 2906
2865 4090
3794 4478
3427 4731
2956 3642
802 4076
4038 4667
1490 3521
2563 4777
2019 4935
4375 4827
3164 3858
375 4976
441 3102
4066 4819
291 3319
3445 4087
1520 2146
3356 4044
1930 2243
3624 4951
1992 4172
2861 3855
2982 4638
3118 3974
3008 4848
2653 3821
4008 4454
722 4094
2459 4281
2227 4728
3958 4504
4076 4454
4555 4728
1465 2473
614 3592
669 4712
1670 4352
3921 4024
1211 4982
458 4395
2347 3292
1740 3466
1635 3949
2907 3961
4754 4945
4187 4365
1323 4844
3676 4454
2243 2949
3855 4945
390 4402
3956 4419
2229 4982
2988 4280
332 3824
1011 3341
4444 4538
1121 4129
1561 4761
2218 4302
2869 3184
3388 4728
3521 3957
2964 4940
4089 4094
236 4686
2486 4711
755 4983
3165 3835
848 3339
52 4376
3427 4256
2728 4085
1670 1828
3090 3618
2317 4761
256 3283
2861 3972
4089 4889
3853 4827
2931 3352
4218 4648
1601 1950
2488 3827
3642 4637
2385 3521
3972 4827
2961 4639
534 3972
2115 4881
2615 4147
2472 3159
4624 4990
4455 4728
581 2360
2115 3282
2031 4850
2336 3969
7 3679
2667 4507
1724 4844
892 4953
4399 4983
2699 3900
57 3783
2432 4806
1326 4846
4094 4990
1569 3679
470 1708
712 4904
3283 4352
2202 4825
2865 4527
2609 3817
3164 4276
3898 4555
4134 4717
1406 4489
362 1569
3802 3929
146 4909
2432 3579
3554 3961
225 2293
1495 4147
2336 4795
4589 4940
3685 4677
3479 3883
896 2552
2667 3393
2500 3584
1783 4983
1410 2176
3507 4140
4388 4482
2752 3112
3817 4844
2988 3603
2140 4277
1323 4315
2794 4829
2575 3973
3771 4444
2665 3847
912 4395
3489 3624
132 697
839 4881
4483 4829
1922 2488
2219 3717
88 2800
2842 4361
697 4663
1075 4358
3347 4368
3809 4557
1767 3960
3282 4551
3336 3902
4141 4945
304 3631
4208 4999
2891 3870
1862 2974
2705 4946
712 4130
3914 4792
1967 2342
2473 2675
811 4848
1440 3733
2723 4995
3466 4376
1957 2805
2849 4797
2234 3631
1593 1803
2909 3858
573 4819
2635 3461
3125 3906
1597 4951
4215 4399
2174 3588
2780 4965
146 4674
2712 4060
3778 3999
3089 4478
122 4990
3568 4863
2353 3715
2158 4482
1568 4982
1659 4791
1120 4998
4089 4365
2202 4906
4514 4846
2195 4434
2136 4713
2865 3944
1260 2687
2884 4215
3382 4935
554 4032
1569 4952
41 3720
3831 4637
654 4935
4353 4368
2910 3254
188 4256
2298 4007
632 3414
512 4791
1900 4601
2592 4771
3296 3752
3435 3687
2819 4419
3112 4638
3624 4952
337 4777
610 2974
969 4073
268 3960
4044 4509
368 4024
342 4277
3929 4400
1807 3828
967 4307
915 4889
982 3464
4361 4578
60 4887
385 4795
2611 4187
540 3381
4482 4995
3902 4848
1802 3034
643 4976
2547 4737
4473 4771
2389 4825
686 3802
4302 4386
2194 4795
1326 4960
1410 1676
1971 4717
3047 4395
4376 4990
2812 4663
3164 4380
3624 3967
1855 2875
3595 4097
4711 4906
1892 4280
1607 4951
3291 4995
4526 4909
2632 4648
657 1350
3019 4201
90 4995
4034 4276
234 3762
2825 4989
647 1032
3783 3801
731 3332
4505 4737
3602 4777
944 1428
4038 4945
1790 4786
2615 2829
1869 4940
52 4088
4377 4735
2473 4149
632 4186
1647 2143
3190 4294
3290 4271
2660 3048
4377 4761
3956 4648
3648 4969
2620 4998
2102 3956
1115 3489
3159 4720
4186 4538
268 4806
3173 4755
1174 4713
1782 4850
2040 4365
501 3974
1109 3416
661 3598
1388 1761
173 4688
1490 1769
1676 1909
1647 4557
866 4417
2517 4030
3359 4034
2985 4792
697 4777
1828 4755
176 4777
36 4848
4141 4827
3142 4376
652 3851
3986 4786
2632 4454
4208 4877
2177 4789
2105 3595
374 3446
2757 4039
3218 3419
2317 4485
2474 3352
2963 4207
129 2931
2001 3939
2097 3588
2330 3631
2182 3652
3675 4786
1470 4712
4271 4863
2974 4331
1298 4978
2643 3725
253 4601
3745 4640
3653 4951
3645 3878
1708 4748
2142 4183
3135 4400
4302 4615
3239 4030
1593 2784
7 4945
3236 3576
920 3190
234 4713
2623 4518
789 4276
2517 3290
42 3379
3875 3883
3554 4294
534 4827
2675 2800
335 4095
3927 4032
2143 4034
3283 3949
3332 4084
2218 3594
4731 4889
3008 4551
2254 2935
2001 4529
3863 3870
3382 3725
3717 4748
1855 3610
2584 3545
1304 4238
2662 4546
3967 4951
762 2353
3827 4663
441 4645
4256 4398
3903 4827
824 4066
2617 4008
3277 4084
483 3310
2816 4155
2343 4507
70 3521
3313 4728
520 3986
512 4895
899 3229
1803 2703
1741 2039
2757 3882
2949 3943
1022 4119
1121 4238
2891 3712
465 4538
1607 2635
3048 3633
2731 4368
586 3717
2964 3927
1568 4597
3332 3446
2626 4761
2779 3464
3435 3821
2123 4292
2000 4095
498 3847
4030 4208
1192 4732
2362 2842
236 3783
3963 4601
3083 4483
3618 4116
1795 3637
3603 4792
3783 4786
2239 4557
3291 4388
2353 4953
2547 3959
1121 2869
816 3402
583 3589
2667 3372
4952 4999
78 4434
2757 4615
2712 4717
3890 4713
981 1963
4244 4983
1679 1911
1079 4906
2488 4732
4390 4637
3801 4147
879 3173
603 2531
3855 4539
2664 4963
940 2362
3847 4951
1388 3835
2578 4846
1949 3712
916 3914
3464 4755
1308 4551
460 4681
2228 4538
3890 4076
3372 4507
2715 4761
3547 4999
1001 4971
177 4505
2360 3712
3723 3801
2010 3096
3379 3827
1389 4953
2276 4183
2991 3090
2601 4819
2623 4235
934 4754
4172 4473
2340 4368
76 4881
506 3979
1808 4910
2182 2298
1074 3764
2486 4761
2964 4889
3283 4998
2960 4380
3090 3866
4134 4244
146 4978
1533 2662
1524 4222
3008 4850
2117 3929
3878 4601
3989 4895
3568 4527
2176 4681
1971 2426
892 4380
3939 4353
3598 3736
2987 4737
43 4149
1357 4236
2800 3038
268 4786
1451 4055
4539 4945
2340 4712
107 1276
2422 4723
25 3565
615 4755
4084 4294
3285 3979
3198 4539
3621 4222
1901 4301
3153 4034
2612 4952
90 4863
3723 3956
3898 4307
791 3428
151 4546
2794 4473
2429 4877
3006 4946
342 2623
2816 3319
2516 4983
944 4208
3388 4747
755 2426
1544 4683
3675 4806
4345 4711
2207 3963
4186 4645
1276 3828
3603 3917
1803 2195
3464 4186
2097 3402
1890 4663
1904 3887
3292 3405
3679 3939
501 4844
1470 2578
1226 4010
944 3400
3326 4823
4100 4215
402 2332
1347 4795
1150 3565
2474 2602
3142 4640
3239 3545
3712 3999
2816 3008
3110 3890
193 4119
3853 4539
77 4978
481 4969
991 3166
2558 4454
2342 3763
3687 4969
2097 4509
3903 4945
1950 4281
2717 3579
4084 4314
2985 4910
60 4489
1109 4482
41 3851
2228 4444
1958 4280
4965 4983
3103 4960
115 3603
3961 4723
3835 4819
554 4978
4399 4838
406 4551
703 3671
2891 4754
2612 4771
3333 4440
1226 3515
234 3588
3523 4256
743 3512
1971 4100
3512 3999
3382 4825
1745 4615
3318 4827
2675 4935
2237 4597
2990 4909
3032 4551
2552 3164
1779 4034
3008 4747
191 2617
2332 4301
2317 4906
2336 4797
2931 4712
1428 4602
3128 4187
2553 4806
94 3883
3139 3292
600 4032
3671 4555
3293 3872
2675 3178
935 4098
1109 4819
2884 3445
2558 4589
2609 4390
3579 4846
2666 3789
266 4838
2105 3291
3847 3967
4624 4730
2202 4935
608 3062
934 3236
2820 3379
1107 4906
2765 4953
4823 4887
2662 2842
803 3342
3547 4952
135 4573
3261 4539
2375 4244
3243 4304
967 4085
1620 4409
3229 4434
2916 4211
3434 4848
3286 4380
1900 4789
2383 3419
2706 4301
4386 4615
2379 2891
1782 3565
4377 4485
2165 4663
3128 4889
2534 4889
2884 4087
3733 4863
2517 4645
3884 4989
1045 4529
3283 3626
385 4354
2991 3618
1779 4186
4039 4965
1708 4277
2088 4409
2490 4792
2982 4819
1807 2167
1403 2956
4353 4846
2373 4440
3489 3967
1930 3973
678 2450
2039 4732
3851 4789
2348 4963
2353 3858
3382 4377
3263 3598
458 4402
2263 2784
2282 4663
1833 4952
3817 4473
2982 3365
1875 4946
173 4281
1725 4076
3752 4134
2477 3764
1729 4982
2531 4663
3592 3595
2229 4895
697 3745
3038 4094
3212 4983
2800 4088
1807 4795
2787 4823
3118 4473
335 4712
2990 4032
2059 2158
3382 4711
3453 3891
1639 4755
3379 4806
2703 3875
115 3365
3229 3447
3595 4737
3356 4398
2935 4155
279 3576
25 2474
1548 4999
3824 4829
2383 3266
821 4887
1302 4090
502 3652
3806 4863
446 2960
268 3631
1875 4402
1986 4829
70 4963
587 4183
2143 3387
3711 4663
2477 4308
1109 3047
1093 3618
1509 4402
2282 4504
3900 4450
3263 3618
4473 4483
4039 4386
2031 4910
2158 4201
1909 3954
3292 4400
3793 4989
3828 4578
3317 4963
754 4825
2552 3973
3131 4688
3021 4238
2949 4529
4358 4395
889 4827
3662 4538
148 4507
3999 4906
686 4688
3198 3989
600 4881
1818 2685
1159 2375
1871 4255
4115 4215
2481 4039
464 4483
3458 4747
1556 2191
3455 4320
314 2988
4149 4557
85 4302
3617 4349
2731 4690
3877 3999
2615 4255
618 4945
3446 4314
65 3720
3128 4365
2129 3821
1159 3453
1305 4509
3655 4995
4667 4728
3652 4688
3815 4100
4844 4971
2131 4301
4238 4244
4207 4737
2872 4601
322 4982
3725 3858
126 4432
3898 3986
2779 4186
2263 4965
2435 3958
407 4640
1388 4066
1715 2963
67 4073
866 4995
4044 4925
4368 4846
3342 3490
654 4925
3603 3835
3388 4776
1795 4904
3521 4998
1184 3778
2534 4624
2728 4771
1357 3960
3671 4881
1273 2426
59 3588
1265 4761
342 4518
470 4331
911 4361
2472 4060
3286 3308
2482 2620
1740 4637
2931 3400
1007 4315
4639 4838
1045 4478
2787 4489
147 4428
1355 2779
1896 3705
2090 2623
2731 3921
4361 4527
2218 4615
465 2973
1732 4129
3089 4529
4951 4999
2593 3062
2218 3882
2254 4551
3379 4504
4455 4846
652 2164
2794 4971
4024 4690
256 3949
1159 2567
2547 4505
3621 4149
2567 4469
3131 3221
3903 4539
2584 4280
2617 3720
299 3603
1828 4352
2039 4349
2081 3736
1676 3610
1928 3296
1374 2891
2385 4963
465 4186
67 4538
1593 4965
536 538
3239 4455
1056 4648
841 2178
1909 4294
2935 4551
816 2039
1142 4686
2110 4555
4717 4838
2552 4995
1670 4207
2123 4755
4877 4982
1350 3719
2717 4690
4255 4946
3075 4215
1123 4904
3464 4073
1808 4526
2243 3943
2674 4737
3602 4290
2971 4440
2282 2662
2907 4877
1779 4505
4119 4256
3389 4717
934 4507
3764 4946
2541 2580
1266 1355
1257 4940
4315 4829
3912 3949
4256 4428
1033 1803
4417 4863
3096 4433
306 3642
4754 4969
664 1708
3624 3974
3263 3964
4292 4755
1093 3090
1561 4711
90 4744
1982 4496
3076 4640
3229 3890
4578 4863
3957 3964
755 3660
2623 4277
3158 3734
1258 4276
775 3537
618 4375
1293 4723
1963 3603
3139 3419
4073 4538
2800 3461
2392 4976
2909 4034
4129 4551
3545 4450
2425 4789
4024 4353
1855 2059
807 4602
718 4147
3899 4755
3733 4995
664 4331
4256 4925
3380 3863
1770 3435
3705 4945
2379 4546
2785 3419
2918 4789
42 4434
4455 4978
2575 3243
2931 3166
3447 4434
2563 3352
4147 4402
4240 4848
4667 4846
3075 4320
1389 3153
3402 4509
1924 4320
3103 4712
2202 2486
4115 4965
4615 4789
2115 4469
2553 3783
889 4141
2757 4302
4478 4529
4514 4960
2825 3793
3507 4690
135 4960
2293 2362
4301 4409
2705 2872
2794 4308
2580 4555
1923 4597
3103 4546
1949 4686
649 4819
4315 4483
1185 1901
2849 4527
4648 4969
1035 3927
1506 4910
67 3771
2758 4388
3551 4201
197 4748
4030 4505
3602 4663
3286 4276
3824 4971
4147 4946
942 3269
2385 2698
3568 4222
3648 4686
2339 4308
941 4895
3853 4823
3817 4971
2067 2336
2473 3809
3402 4398
2067 2558
320 3963
57 3960
3835 4358
2486 2643
1293 4403
2151 4732
2925 4713
4353 4960
966 3332
1898 3891
2276 3310
4038 4539
2795 3090
779 4755
2643 4935
1470 4514
3277 3631
81 3906
2663 3044
3903 4375
2228 3771
1767 4786
3435 3957
2825 4877
3917 4505
177 4737
2764 4307
2541 4806
936 4089
2090 3717
4307 4797
987 1074
3584 4483
1733 4386
1971 4437
4066 4358
4281 4478
2785 4887
3653 3878
1074 4976
4044 4433
3427 4433
3837 4827
3715 4953
2391 3957
961 2182
2090 2620
2158 4744
3979 4881
2167 3959
3190 4978
4308 4776
539 4863
3949 4276
2097 4398
2282 2563
848 4349
3512 4889
4060 4066
362 4602
2803 3393
706 4819
1868 4557
1999 3733
3318 3855
65 3878
4965 4969
3400 4375
3660 4717
1389 4688
2715 3725
3762 4573
287 3917
2880 4735
4771 4829
647 3293
829 2330
2704 4978
1085 4989
3083 4971
173 3802
2531 3122
3261 4823
2263 4007
1357 2253
2909 4797
3906 4895
1890 4904
2731 4514
1597 3679
165 4792
2829 4881
706 3821
3313 4281
3158 3723
3633 4686
2141 4597
2592 4473
2097 4925
880 4085
1337 2933
703 4881
225 4786
3290 4450
1928 2343
210 1022
3266 4507
981 3603
2629 3941
2918 3878
811 3336
3414 3771
2987 3874
2712 4720
2195 2703
2704 2752
3956 4754
4090 4527
2547 4777
3855 4375
2664 4823
43 2204
4140 4690
2175 2253
654 3296
3489 3679
3631 4089
84 3551
981 3159
3434 4589
41 4601
1647 2971
3347 4690
3771 4186
718 3973
306 4376
2012 2383
4315 4971
1950 2117
1053 4402
2865 4361
435 4527
2990 3927
3212 3652
3662 3720
3662 4444
3793 4307
3958 4663
2340 3122
2010 4008
762 3387
2906 3291
3089 3434
803 4683
1782 4910
3389 3851
4377 4711
4437 4639
2204 4187
2861 4887
4473 4971
3794 4076
686 4999
1928 3752
2748 4148
1258 2909
3308 3715
263 4963
2435 3490
4555 4881
3515 3855
2077 3847
4211 4829
3178 4761
123 3373
2861 4827
1789 4215
386 3887
402 3166
1606 4838
1827 4906
2343 3929
123 3595
1878 4390
3821 4819
210 4990
3624 3653
41 3884
678 3817
2567 4399
743 4281
2933 3487
2031 4904
1304 2706
2982 4358
824 3835
2602 3292
3416 4744
78 3365
1532 4747
146 2734
2680 4483
3676 4089
2787 4674
2769 4275
224 4244
409 3365
2129 2712
2373 3809
1643 3466
2472 4066
2256 4904
81 4895
2182 2420
236 4969
4044 4398
2918 3645
4791 4895
3190 4314
2025 3576
3447 3890
2717 4712
4390 4990
350 1643
3266 3296
3537 3715
484 3989
3225 4989
3763 4358
3458 4301
4615 4965
1298 3317
4294 4403
1647 4440
1958 4573
674 2142
3446 4602
3243 3971
3489 4952
1053 2931
460 1862
3914 4218
224 3389
2765 4034
4222 4354
1878 2800
2963 4098
3890 4434
2974 4557
4044 4776
2392 4478
2680 4400
2229 3906
3733 4388
3847 4444
2359 4795
3618 3736
3135 3455
3387 4953
1985 4965
4276 4998
2482 4277
3644 3786
928 4690
3973 4280
981 4819
4116 4538
3554 3954
2960 4034
2117 4281
2680 4055
3762 3999
3503 4432
4238 4747
2441 3648
722 4390
2961 4717
2910 3963
779 3173
2141 4982
2765 3537
807 4208
1878 4637
2705 3277
1790 4345
4555 4615
1089 4748
2617 4730
695 3631
3254 4789
724 4557
306 3461
2435 4683
3660 4639
3512 4728
912 4302
3943 4488
1659 4989
2734 4380
4222 4527
1954 4946
1982 3912
4055 4771
2674 4097
4509 4776
3103 3579
2675 4761
3633 4963
706 1967
1074 4478
2239 4149
1192 3617
2666 4850
4215 4838
4380 4953
1808 4806
1265 4906
1408 4377
362 4723
3969 4361
2265 4488
289 4148
484 1085
3094 4730
2784 4615
2784 3594
2853 3221
1808 4211
3427 4428
2425 4601
4187 4848
3537 4953
3598 4963
2907 2909
1391 4995
3927 4674
2151 4432
1058 4748
4115 4717
982 4444
2909 3537
78 4720
245 4320
2146 3723
2339 4395
3008 3282
4895 4982
1524 4681
1503 4925
2974 4681
600 1058
2872 3851
493 4730
3341 4976
3296 4906
3427 4624
4235 4518
2151 3342
3715 4044
2825 3989
4304 4488
4483 4971
2237 4982
314 4645
2592 4971
2973 3662
2734 4034
3645 3720
4744 4863
3943 4976
2219 4277
614 4538
721 3855
3047 3236
813 4097
3588 3914
3102 4573
2857 4409
1035 4945
4792 4850
3547 3967
570 4315
1909 4602
293 4688
807 4314
1302 3944
2563 2662
3225 3989
2629 3817
1495 4677
1109 4744
3341 4304
3587 4744
1211 4895
3725 4906
2764 3971
3967 4971
2282 2795
3090 4963
3266 3393
2001 4255
3234 4982
920 4674
2115 4838
4637 4732
1461 3989
3828 4222
643 3794
287 3959
3487 4222
7 4375
2812 3352
2207 4747
2123 3173
2234 4602
2916 4850
554 4909
1868 4683
4292 4352
879 2115
1121 4155
1557 1762
3313 3971
2347 3631
2086 4485
2343 3266
1958 3762
940 4795
2795 3589
664 3610
2360 4686
2982 4066
2575 4976
2546 4032
3373 3959
4526 4850
3941 4640
2256 4792
3326 4827
2615 4677
284 4529
794 1818
2949 3089
1265 1813
2351 3339
2703 3110
1184 3941
3445 4999
1567 3379
982 4538
626 3588
4090 4354
3778 4032
368 4667
3198 4895
4403 4877
193 4331
2177 4130
4504 4777
1465 1842
1276 4361
406 3184
1388 4819
809 4735
3899 4989
3285 3898
1503 3719
3971 4085
2687 3372
3652 4578
3076 3466
279 4368
2611 2973
2254 4155
132 2229
678 3941
2584 4030
4094 4960
2100 2933
82 4280
3455 4965
2680 4290
258 4290
2065 3927
4368 4690
4365 4848
2961 4469
4240 4454
2853 4400
4638 4674
2891 3158
2336 2704
669 4514
4402 4806
1490 3090
538 3719
1544 1741
3789 4910
3902 4119
1023 4507
999 2705
3402 4925
4115 4244
1304 4776
3687 3733
2546 4674
4255 4677
2089 2795
3815 4624
181 4432
755 4215
1670 4998
409 3821
4358 4720
1957 4683
2202 3959
1923 4791
1962 4307
731 4723
2629 3745
3008 3319
4140 4712
3243 3921
2158 3551
483 1091
1218 2805
1308 2935
1807 4222
3592 4735
322 4791
639 4428
3631 4806
1532 3021
3075 3184
315 3139
3313 4881
3234 3815
3921 4690
2876 4368
1964 4589
3380 4960
2988 4030
2102 2812
3626 3912
2385 3964
1769 2664
1500 4428
1008 3218
1520 4754
1729 4895
2872 3645
2383 4823
2615 3359
4010 4557
3229 3883
2451 4271
914 4573
3587 4538
3461 3941
4290 4777
802 3890
4345 4786
991 2330
2199 3598
345 3426
3875 4076
2765 4761
573 2263
2869 4747
2728 4881
4730 4889
3165 3645
3094 4731
3113 4482
1818 4098
2731 4960
1954 2339
762 4615
3655 3831
3551 4417
2750 3212
3414 3662
2966 3044
2715 4485
4573 4935
2177 4601
3190 4909
4539 4827
3712 4754
2417 2425
1089 2077
1503 4638
4748 4983
1924 3453
3212 4399
2552 4529
4976 4995
2615 4375
987 4976
3617 4838
4008 4730
2714 3547
4140 4353
1940 3906
4076 4940
2714 3006
1703 4624
289 4681
3261 4887
90 4039
3322 4777
2276 4301
2385 2390
928 1986
2787 4827
3979 4307
2988 4450
4276 4953
1715 2685
3158 3642
3719 4440
3831 4744
4376 4388
324 3802
2563 3602
1107 4761
2818 3789
3118 4844
1349 3675
1056 4969
1403 1878
2100 4797
1034 4823
3676 4940
4060 4819
1391 4578
1803 4713
3466 4390
2717 4960
4060 4674
2102 3648
481 3801
4380 4450
1093 2199
1658 3660
2140 4518
3941 4990
1031 4149
1273 4639
4134 4437
4390 4771
2567 4965
492 4529
3341 4478
2943 3139
279 4024
2734 3286
458 3685
3466 4094
534 4945
2530 4683
2424 4538
2477 4304
2699 3290
695 4806
4222 4795
3419 3831
2207 4551
821 4823
3683 3903
1606 4983
3512 4674
435 4222
934 3296
2675 4485
122 3466
1678 3458
2704 4909
2307 2392
1929 4276
3044 4488
3359 4147
1192 4349
4823 4827
4648 4686
3831 4863
1928 3372
1637 3878
1210 3232
2541 3631
3212 4838
1827 2110
483 2357
323 4208
306 4990
225 1659
1745 4638
215 4119
4786 4797
323 1862
3644 3872
85 4615
3461 4990
2966 3764
4454 4838
245 3393
3380 3617
3579 4140
3184 4129
3062 4149
1940 4597
446 3164
1410 3610
743 2351
1015 3771
783 4557
801 3642
4771 4983
4455 4806
481 4686
1949 4218
2907 4116
2253 3662
3277 3675
4271 4417
4172 4971
3128 3900
1 4850
3426 3853
2827 4238
1065 3662
816 4349
1520 3956
954 4509
3837 4244
232 3786
3455 3660
3835 4066
3234 4240
253 3062
3503 4732
820 1769
1347 4732
3166 4095
3624 4999
2861 3903
2473 3078
4044 4428
4791 4989
2943 4207
4597 4895
2088 2706
3720 4601
3972 4375
3959 4737
3778 3877
4294 4723
4485 4978
4473 4844
2665 3967
1479 4235
1813 4711
724 4440
4514 4690
2347 2943
1775 4789
3912 3957
4850 4910
2474 4910
3234 4940
1860 4376
761 3062
3489 3617
1495 4946
2615 4402
3317 3957
3347 4667
2558 4848
1963 3038
610 4331
3382 4978
3096 4119
3221 4400
385 650
3967 4454
1901 3863
2115 4204
3277 4345
2229 4791
4038 4823
4846 4960
485 4098
2991 3317
108 3633
2949 4597
3083 4315
3626 4380
2146 2780
4526 4792
458 1871
1601 4352
3958 4095
2256 4850
723 4434
3283 3633
547 2420
1974 4555
1676 4148
3989 4982
1408 4935
2085 4686
2625 2853
1536 4638
2151 4349
2615 4946
2819 3734
2517 3644
4331 4681
3380 4353
3131 4400
191 4731
1833 4624
2698 3957
2582 3610
2971 4557
911 4720
2515 3878
3113 4744
2880 3725
3723 4419
414 2602
2081 3964
2884 4952
4008 4731
492 2966
4674 4909
287 3874
821 2918
3090 3521
3644 4645
1556 4887
2699 3786
1500 4433
3347 4514
2194 2933
97 4098
3891 3898
2584 4645
148 4637
3387 3847
1862 4440
287 4737
3999 4925
188 309
1745 4674
604 3617
4277 4877
1536 4909
3142 3828
3261 4141
2472 4358
1869 3903
3507 3570
3720 4130
3447 3883
1922 3617
4204 4639
3089 3243
1740 4094
3416 4482
1900 3645
4294 4539
1962 3979
3598 4255
3789 3887
3266 3372
2723 4271
3122 3139
107 4222
899 1033
3455 4717
193 4681
368 4140
2685 2963
626 2776
1308 4129
2010 4848
4686 4969
361 4377
915 3336
3373 4097
1034 1869
4368 4712
2332 2857
3044 3341
2091 2625
3173 4207
2429 3715
4240 4589
892 2576
2752 3999
3745 4637
794 4207
3356 4713
1484 4838
1898 4728
2012 4141
3941 4094
2227 4881
2199 3863
2750 3435
2576 4953
886 1790
3225 4791
538 1678
2580 4085
3218 4539
816 4732
674 4982
1795 2173
1188 4999
2666 3019
4723 4877
1218 1957
2488 4683
2490 3789
2486 3381
77 2136
1970 3887
934 3393
4090 4578
1762 2637
3503 4349
1567 4504
2663 4976
3837 4983
2612 3602
336 657
3523 4940
3277 3960
2795 3048
3507 4455
1174 4925
1780 2440
3326 4038
165 1795
1305 3902
2158 4255
3135 4999
1854 4398
3725 3853
3319 4747
2991 3048
2714 2884
3387 3715
4119 4776
4711 4935
3723 3734
2001 4677
4088 4094
406 4155
481 4218
703 3891
610 4505
876 1789
2517 4280
2343 3296
2750 4469
3584 4473
2553 4236
2226 4314
1257 1323
291 4551
3837 4100
2812 4485
3603 4060
1350 4776
2265 4529
3617 4432
2704 4032
2343 2667
4838 4965
715 4909
4314 4602
1922 4683
4089 4940
3479 3875
3285 4388
3165 4601
4100 4320
603 2625
4201 4482
1794 3400
3239 3579
935 3166
2432 3135
4440 4469
1408 3725
290 4667
4147 4255
2576 4496
813 3373
3372 4345
2714 4098
3221 3652
1276 2849
2703 4713
1970 3637
3263 4998
3198 4597
3969 4663
1075 4720
27 3426
2204 3078
3645 4806
586 4235
908 1120
779 4352
2077 3489
1506 4526
1703 4940
2342 2699
2375 4204
3725 4485
3453 4204
2417 2779
4087 4952
1963 4717
876 4965
3944 4201
2985 3019
2191 2194
173 2943
3676 4889
3419 4823
4183 4308
3967 4087
4280 4450
3660 4244
2348 3949
3062 3515
2660 2991
3717 4518
2424 3589
1568 4895
3929 4207
4315 4771
123 4737
2611 4965
287 4505
3389 4825
586 3229
1783 4838
84 4995
361 4755
2857 3719
2674 3917
3855 4823
2609 4094
177 4097
1509 2440
304 4236
3884 4597
1032 4119
3801 4754
540 4485
3653 4999
1260 3576
315 3851
1930 2966
2925 4044
1532 2276
3685 4946
3128 4940
1670 4755
3479 4090
3802 4999
3290 4307
502 4999
3621 4090
1780 4754
1878 4990
3579 4960
2800 3142
3047 4255
2129 3835
1982 2424
3545 4946
4667 4690
3778 4909
1304 4301
2227 3671
1410 4838
2195 3110
458 4432
4034 4953
724 2971
4275 4904
4827 4887
3929 4615
908 4573
1089 4277
2229 4989
1440 3113
2265 3794
2536 3232
3352 4504
1090 1548
3261 3705
1808 4850
1626 4761
944 4294
1924 4965
3762 4645
4717 4965
115 4910
3745 4990
3917 3959
1775 4601
1626 4906
2780 4615
3159 3821
954 4044
3959 4505
77 4280
2059 4073
315 2515
3113 4201
4589 4848
2307 3794
2451 4995
3416 4417
1967 2842
1302 4795
1930 4976
3806 4829
135 3545
2906 4863
1741 4349
1767 2705
1089 2090
3870 4690
4735 4906
940 4527
1185 4419
550 935
3048 4963
1109 1724
1875 4677
3153 3589
2500 4073
4038 4141
3914 4119
1954 4827
3178 4906
3877 4978
2226 3332
2243 4478
2611 4731
3801 4648
604 4432
643 3648
2657 4909
2429 3637
896 4488
1741 2197
1337 2359
3400 4141
3365 4720
1601 4207
3447 4713
933 4409
4094 4304
4130 4601
1795 4910
3633 4645
866 4863
1326 4275
979 4731
2961 4244
36 4076
4055 4172
2973 4538
2298 4281
2623 4748
911 3771
632 4444
3455 4115
1992 4971
1647 4149
1135 4353
1986 4844
678 4744
3870 4686
332 4172
4504 4663
2389 4761
3917 4737
773 3717
2699 4573
1732 4301
3393 3855
3584 4971
4008 4624
999 4183
866 3831
2626 4032
3831 4995
3921 4115
3618 4712
2752 4909
4345 4806
3547 4945
1107 3725
1394 4776
2123 4207
4488 4976
3102 4280
1794 4039
1955 2191
2758 3655
1548 3802
2546 3877
2660 4496
899 4434
108 4963
2474 2985
3762 3786
2699 4645
3032 4155
2516 4244
1911 4084
3283 4963
3734 4686
2317 4935
3388 4238
1540 4995
4395 4527
4877 4895
448 2081
4496 4555
3263 4496
4731 4940
4454 4889
3877 4032
1567 3828
1123 4910
3008 4155
2615 3685
3032 3282
761 3269
1408 4711
129 4777
154 2065
1567 4546
4639 4983
4098 4292
3198 3405
1982 2348
610 4681
3277 4806
245 934
2973 3078
4976 4998
2933 4354
1963 4236
1 3583
7 4003
18 3284
25 3264
27 4446
31 3169
36 2586
41 4065
42 504
43 3531
45 4421
52 2934
57 4442
59 4996
60 2885
65 4634
67 3984
68 4471
70 4862
76 3667
77 2919
78 4894
81 4759
82 4446
84 1427
85 4247
87 2771
88 2216
90 4876
94 4876
97 4379
107 3111
108 4915
122 3536
123 4942
126 4853
129 4295
132 3406
135 4291
145 4882
147 4794
154 4628
165 3535
173 2864
176 4769
177 4958
181 4962
188 3600
191 4949
197 4893
204 4653
210 4894
213 727
215 4404
222 4554
224 4543
232 4497
234 2009
236 1824
249 4623
253 4916
256 4949
258 3634
263 4993
266 588
206 268
273 4702
284 4915
287 4828
290 2767
291 4994
293 4668
304 4177
306 4822
309 4745
314 4896
315 4725
320 4837
322 4040
332 4849
335 4231
336 4171
337 4647
342 4894
345 3703
350 4678
361 3281
362 2754
368 4629
374 4705
377 4107
386 4924
390 4520
402 2936
406 3869
407 4136
409 693
414 1588
435 3920
441 3945
446 4787
448 3460
460 4929
464 3681
465 602
470 4364
477 4429
481 3608
483 3657
484 4617
485 4722
492 3160
493 4258
498 4568
499 3452
501 3307
502 4467
506 4343
512 4865
520 4449
529 3535
534 919
536 3203
538 4548
540 4159
547 4394
550 4821
554 4253
558 4932
570 2511
573 1799
581 4306
583 4253
587 4366
600 2688
601 4611
603 3727
604 4986
608 4414
610 4729
614 4344
615 4237
618 4083
622 4691
632 4725
639 3482
643 4131
647 4772
649 2508
650 4991
652 4251
654 3760
657 3483
661 4975
664 2840
665 3935
669 3370
674 4764
686 3869
691 4702
695 4114
697 3991
703 4067
706 4451
712 1750
715 4767
718 4733
113 721
722 4671
723 2208
724 3146
731 3810
735 2938
738 1013
743 2345
752 4993
754 4919
755 3355
761 4672
762 4347
764 4964
773 4941
775 4461
779 2738
780 4216
783 4617
791 1047
794 3064
801 3908
802 1531
803 4988
804 4484
807 3345
809 4317
811 1820
813 4629
816 4449
820 1887
821 4985
824 4793
829 4725
838 1688
839 4974
841 3952
848 4708
858 3832
866 4714
872 4374
876 3454
879 4853
880 4684
886 3811
889 4962
892 4250
896 4750
899 4891
908 3098
911 4810
912 4463
914 4341
915 3273
916 4565
920 4861
928 4921
933 3748
934 4106
935 3488
936 4644
940 4421
941 3069
943 4106
944 4831
954 4501
961 4607
966 3442
967 4641
969 4618
979 3901
981 4959
982 4340
987 4716
991 3349
999 4609
1001 3787
1007 1917
1008 2503
1011 2724
1015 4423
1021 4560
1022 1798
1025 4920
1031 4842
1032 4569
1033 3836
1034 1906
1035 4746
1045 2607
1053 4986
1056 3678
1058 4490
1065 4722
1074 3868
1075 4635
1079 2106
1085 3314
1089 4914
1090 4223
1091 2793
1093 4842
1107 3177
1109 4788
1115 4994
1120 4932
1121 2556
1123 4921
1135 4926
1142 1852
1150 4106
1159 2305
1174 1175
1179 3932
1183 3962
1184 1242
1185 4912
1188 2651
1192 2783
1197 4936
1202 4745
1210 4900
1211 4872
1212 4894
1218 4127
1226 4826
1252 4122
1257 3795
1258 4902
552 1260
1265 4586
1266 4964
1273 3583
1276 4561
1293 4429
1298 4631
1301 4911
1302 4948
1304 4987
1305 4410
1308 4927
1323 4812
1326 2811
1337 1570
1347 4670
1349 4636
1350 4979
1355 2247
1357 4670
1374 4079
1388 4739
1389 3600
1391 4611
1394 3869
1403 3849
1406 3398
1408 4498
1410 4627
1428 4899
92 1432
1440 2251
845 1451
1461 4463
1464 1595
1465 4854
1470 4086
1474 1479
1484 4746
1490 2083
1495 2661
1500 4472
1502 4851
1503 3620
1506 3942
1509 4333
1520 2860
1524 3830
1532 4629
1533 4992
1536 4869
1537 4855
1540 4559
1548 3152
1556 2790
1561 3398
1567 4564
1568 3361
1569 4566
1590 3577
1593 4944
1597 3923
1601 3796
1606 1665
1607 4604
1619 3369
1620 4669
1626 4031
1628 3185
1631 3316
1635 4715
1636 4794
1637 4330
1639 4265
1643 4884
1647 4891
1658 3560
1659 4994
1663 4101
1670 4476
1676 3188
1678 3832
1679 3432
1703 3695
1708 3300
1715 4363
1724 4460
1725 2783
1729 3636
1732 4905
1572 1733
1740 4383
1741 3981
1745 4796
1761 3966
1241 1767
1769 4113
1770 3531
1775 3247
1779 4950
1780 4710
1781 3799
1782 4167
1783 4762
1789 4628
1790 4924
1793 4636
1794 4378
1795 4590
1802 4692
1803 4029
1807 4543
1808 4268
1813 4560
1818 4988
1827 4687
457 1828
1833 4533
1842 2384
1854 4828
1855 2394
1859 4265
1860 4453
1862 3548
1868 4004
1869 3033
1871 2181
1874 4793
1875 3966
1878 4968
1890 2756
1892 4182
1896 3492
1898 4621
1772 1900
1901 4604
1904 4047
1909 2565
1911 2693
1922 3540
1092 1923
1456 1924
1928 3520
1929 4687
1930 4581
1940 4131
1949 3483
1954 3651
1955 3966
1957 4820
1958 4015
1962 3968
1963 4289
728 1964
1967 2251
1970 4595
1971 4364
1974 2854
1982 3255
1013 1985
1986 2726
1992 4596
895 1996
1999 4490
2000 4415
2001 4340
2010 4159
2012 2955
2014 4810
2019 3636
2025 4987
2031 4480
2039 4758
2040 4577
2059 3735
2065 4338
2067 3812
292 2077
2081 4459
2085 2264
2086 3889
2088 4964
2089 3305
2090 3726
2091 2506
2093 4943
2097 4794
2100 3632
1660 2102
2105 3132
2110 3116
2113 4799
2117 3012
1317 2123
2129 4050
461 2131
2136 2604
2140 3126
1263 2141
2142 4993
2143 3808
2146 4510
2151 2303
2158 4020
2164 4550
2165 4977
2167 3439
2173 4099
2174 4312
2175 2267
2176 3217
2177 4928
993 2178
2182 4525
845 2194
2195 4219
2197 4903
2199 4467
2202 4705
2198 2204
2207 4802
2218 3483
1675 2219
2226 4408
2227 4382
2228 3335
2229 3377
2234 4903
2237 4635
192 2239
2243 4851
2253 2434
2254 4746
2256 4707
2263 2274
2265 4930
2276 3210
2282 4669
2293 4642
2298 3422
2304 4205
2307 2901
2317 4811
2330 4415
2331 2332
1951 2336
2339 4323
2340 3267
2342 2980
2343 4685
2347 4836
2348 4452
2351 3018
2353 3795
2357 4351
2359 4669
2360 4472
2362 2641
2203 2363
2373 2836
2375 4760
2379 3991
2383 4268
2385 3098
2389 4651
2390 2932
2391 4467
2392 2898
2417 4847
2420 4448
1106 2422
2424 4934
2425 4396
2429 4456
2432 4542
2435 2885
2440 4756
2441 3811
2217 2450
2451 4641
1404 2459
2463 4269
2472 4106
1147 2473
1066 2474
2477 4441
1446 2481
2482 4996
2486 4153
2488 4716
2490 3460
2500 4364
2515 4014
2514 2516
2517 2751
2530 4581
2386 2531
2534 4698
2536 2791
2541 4763
2546 3757
2547 4654
2552 4001
2553 4955
2558 4447
2563 4668
2567 4569
2575 4914
2576 3876
2578 4519
2580 4378
2582 4413
2584 4856
2592 2654
2593 4574
2601 4954
2602 4929
2609 4452
2452 2611
2612 2614
2615 4893
2587 2617
2620 4214
195 2623
1563 2625
2626 3033
2629 4070
2632 3738
2635 2638
80 2637
2643 4553
1723 2653
2657 4798
2594 2660
17 2662
2663 4165
2664 2848
2665 3897
2076 2666
2667 3876
2668 3672
2674 4598
2675 4929
2680 4356
2685 4759
2687 4448
2698 3378
1338 2699
2703 4784
2704 4672
1172 2705
2706 4056
2712 3430
2714 2972
2715 3761
2717 2877
2723 3192
2728 4167
2731 4192
2734 4697
2748 4715
2750 3808
2752 4865
2757 4317
247 2758
2764 4355
2765 4980
2769 4919
2772 4994
2776 4841
2779 4742
2780 4323
2784 4694
2785 4837
2787 4142
2794 4900
2718 2795
2800 4173
2803 4837
2805 4970
2812 4013
2816 3268
267 2818
2819 4265
2820 4781
684 2825
2827 3344
2829 4481
2842 4479
2849 4350
2852 4981
2853 4595
2287 2857
2861 3965
2865 4967
2693 2869
2872 4438
2875 4431
2876 3495
2880 4278
2884 3015
2891 4900
2906 4630
2907 4886
2909 4462
1245 2910
2916 4487
2918 3684
2925 4794
2931 4448
2933 3471
2935 4899
2588 2943
2949 4484
2951 4855
2956 4994
2960 3549
2961 4077
2963 4591
2964 4722
2966 4224
2303 2971
2973 3289
2974 3848
2982 4758
2985 4898
2987 3337
2988 4813
2990 4746
2991 4381
3006 4614
1519 3019
3021 3651
3032 3138
3034 3256
3038 4947
2993 3044
3047 4366
3048 4162
3062 4122
1952 3075
3076 3881
3078 3231
3083 4383
3089 4641
3090 4733
398 3094
3096 4710
3102 4562
3099 3103
3110 4749
3112 3760
3113 4031
3118 3121
3122 4530
3125 4957
3128 4206
1965 3131
3135 3146
3139 3727
3142 4582
3153 4725
3158 4975
3159 4632
3164 4447
3165 3810
3166 3647
3173 4962
3178 4384
3179 3181
2738 3184
3190 4714
1453 3198
3218 4413
3221 4364
1393 3225
3229 4901
3232 3491
3234 4585
3146 3236
3239 4606
2993 3243
1392 3254
2726 3261
3263 3591
2997 3266
3269 4942
3277 4569
2217 3282
3283 3506
3285 4202
3286 4041
3290 4289
1169 3291
3292 4229
3293 4131
3296 4467
640 3308
2122 3310
3313 4226
3317 4696
1627 3318
2344 3319
3322 3868
3326 4161
3332 4121
1823 3333
3336 4741
3339 4948
3341 4917
3342 4508
3347 4264
3352 4213
2016 3356
3146 3359
3365 4708
2984 3372
1572 3373
3379 4126
668 3380
3381 4188
3382 4356
3387 4843
3388 4535
3389 3937
3393 4924
3400 4246
2560 3402
3405 4104
1972 3414
3416 3429
3419 4897
2863 3426
2978 3427
3428 4490
3434 3474
3255 3435
3445 4864
3200 3446
3447 4661
3453 4974
2378 3455
3458 4355
2249 3461
3464 4623
3466 4580
2306 3479
3367 3487
3489 4528
3490 4523
3503 3508
3507 3844
3512 4985
3515 4773
1145 3521
1625 3523
3537 3977
3545 4334
1748 3547
3230 3551
805 3554
3565 4253
3566 4586
1133 3568
3570 4801
2159 3576
3579 4424
3584 4876
3587 3597
3588 3622
3033 3589
2856 3592
3536 3594
3595 4114
2893 3598
3602 4392
3603 4391
2887 3610
3617 4782
1040 3618
3621 4584
3624 3627
3626 4883
3631 4757
3633 4475
3637 4865
3642 4168
3644 4742
1030 3645
3648 4460
2180 3652
3653 4709
3655 4407
3660 4840
3662 4656
3671 4596
3675 4165
3676 4652
3679 3761
1482 3683
859 3685
3687 4653
3705 4384
3711 4145
3712 4542
671 3715
1916 3717
3719 4784
3720 4456
3723 4225
3725 4936
3733 4641
1116 3734
3736 4884
3745 4626
3752 4114
2978 3762
3763 4738
3764 4150
3771 4915
2970 3778
3783 4139
3786 3810
2650 3789
3793 4188
3794 4760
3801 4480
3802 4866
2572 3806
2851 3809
2502 3815
3817 4868
3821 4203
3824 4481
354 3827
1851 3828
3831 4144
3835 4229
3837 3841
842 3847
3851 4807
2792 3853
3855 4666
3858 4046
3863 4295
3866 4752
3315 3870
3872 4853
2257 3874
3875 4093
3877 4042
3878 4364
3882 4753
3883 4985
2328 3884
3887 4568
3805 3890
3891 4283
3898 4470
3727 3899
3104 3900
3902 4194
3619 3903
3906 4902
3613 3912
3914 4566
3917 4701
2280 3921
3927 4560
2271 3929
3939 4540
3941 4783
2937 3943
2650 3944
3699 3949
3954 4773
3942 3956
150 3957
3958 4896
3959 4013
3788 3960
3961 4465
3203 3963
3948 3964
3967 3984
3969 4820
3971 4832
3972 4470
3973 4521
3974 4492
3686 3979
3986 4582
3989 4287
3999 4671
4007 4655
4008 4926
4005 4010
4024 4101
3541 4030
4032 4471
1736 4034
1595 4038
3942 4039
974 4044
4055 4412
4060 4941
4066 4918
2793 4073
3437 4076
4084 4738
4085 4120
1223 4087
4088 4136
4089 4317
3667 4090
3896 4094
4041 4095
4097 4548
4098 4429
4100 4106
3192 4108
4115 4528
3476 4116
4119 4801
4129 4145
4130 4340
4134 4408
4140 4463
3187 4141
2537 4147
4148 4554
1026 4149
4155 4941
2614 4172
4183 4185
4186 4814
4187 4979
4201 4882
3616 4204
3541 4207
3449 4208
4180 4211
4215 4217
1757 4218
4222 4883
4235 4820
3750 4236
3420 4238
4240 4857
3231 4244
3729 4255
4256 4442
3026 4271
2831 4275
1987 4276
4277 4588
628 4280
4281 4764
4290 4549
2682 4292
3439 4294
152 4301
3137 4302
4304 4855
4284 4307
3703 4308
3746 4314
3616 4315
3829 4320
3245 4331
1866 4345
4017 4349
4352 4832
4251 4353
3162 4354
2677 4358
4361 4370
2526 4365
3168 4368
3625 4375
4376 4944
379 4377
3634 4380
2499 4386
1680 4388
2249 4390
4282 4395
4398 4856
3968 4399
4400 4896
2533 4402
1348 4403
2036 4409
4417 4817
3985 4419
4156 4428
3747 4432
3938 4433
4434 4939
4431 4437
4440 4583
3923 4444
4450 4460
4104 4454
3504 4455
4469 4574
3279 4473
1433 4478
857 4482
4483 4643
4485 4575
3540 4488
92 4489
3156 4496
4151 4504
4505 4715
3919 4507
2986 4509
4374 4514
4049 4518
4526 4930
4287 4527
4529 4629
2527 4538
2955 4539
2989 4546
4551 4801
4555 4576
4557 4914
1998 4573
3439 4578
4589 4698
1634 4597
211 4601
4576 4602
3812 4615
4624 4796
3390 4637
4163 4638
4639 4651
2746 4640
2005 4645
4303 4648
4663 4826
2654 4667
4195 4674
4664 4677
1049 4681
4683 4835
2321 4686
3614 4688
3936 4690
3636 4711
4549 4712
4713 4880
2078 4717
388 4720
1171 4723
1972 4728
1325 4730
3476 4731
4732 4736
4725 4735
4737 4979
4641 4744
3697 4747
4748 4824
4442 4754
4560 4755
2315 4761
4771 4930
3672 4776
4678 4777
4633 4786
4769 4789
4791 4996
4253 4792
422 4795
2053 4797
4015 4806
2556 4819
4736 4823
4247 4825
2879 4827
927 4829
4616 4838
929 4844
3641 4846
2882 4848
4845 4850
2022 4863
4877 4890
4881 4924
4887 4962
3575 4889
4895 4907
4903 4904
3838 4906
4909 4950
3253 4910
2707 4925
3636 4935
4899 4940
4873 4945
4439 4946
3208 4951
3208 4952
4710 4953
3187 4960
2442 4963
3689 4965
3546 4969
4701 4971
3600 4976
4533 4978
4206 4982
4337 4983
737 4989
4990 4992
4560 4995
1099 4998
3991 4999
1 4689
7 4563
18 4970
25 4195
27 288
36 4883
41 2245
42 4382
52 3451
57 4886
59 4956
60 4860
68 4764
70 4312
76 1371
78 4574
81 2684
82 4809
84 4286
85 3813
87 4808
88 4902
90 3390
94 4921
97 3838
108 4840
123 4885
126 4226
129 4967
145 4641
154 4041
173 3298
177 3061
181 4875
197 2017
204 4548
210 4004
213 2890
215 1356
222 3635
234 918
236 2212
249 4966
253 4684
258 4405
266 2791
273 4837
287 3171
290 2427
291 4104
293 4053
306 732
314 4902
315 4262
320 4287
322 2184
332 2799
336 4627
342 4188
350 4957
368 1897
374 4757
377 4843
386 3885
390 3412
402 4661
406 4502
414 4715
435 4816
446 4709
448 3694
460 4798
464 4892
470 3123
477 4719
483 4401
484 2721
492 1993
498 4452
501 4603
502 4357
512 2224
520 1321
529 4614
536 2295
540 3583
558 4840
570 4449
581 4284
587 4804
601 3280
603 2996
604 3992
608 4596
610 4988
615 4961
618 4567
632 3854
639 3363
649 4606
650 4930
652 3992
654 4642
657 1976
665 4858
669 3888
674 3384
686 4943
691 1186
697 3688
703 4309
715 4934
718 3825
738 4261
752 3378
754 4917
755 4974
761 4110
762 1736
764 3795
775 4698
779 4103
780 4658
783 4794
801 4874
802 2873
803 2221
809 2200
813 4267
824 4582
829 4834
838 3998
839 4768
858 1870
866 3605
872 3981
876 4856
879 2659
880 4439
886 4967
889 4643
892 4126
899 4652
908 4864
911 4313
912 2958
914 4878
916 3846
920 4430
928 4524
933 4121
940 3354
941 3082
954 4020
961 4099
966 2870
967 4223
969 2241
979 3423
987 2747
991 4700
999 4947
1001 4831
1008 4223
1015 4824
1021 4970
1025 4924
1031 4808
1034 3799
1035 4241
1045 3994
1053 4484
1056 3718
1058 4807
1065 4701
1075 4742
1079 4911
1085 3272
1089 4125
1090 4511
1091 3951
1093 2836
1107 4326
1120 3126
1135 1216
1142 4121
1159 4865
1179 4617
1183 4751
1184 4627
1185 4262
1188 3609
1192 4743
1197 4849
1202 4860
1211 4938
1218 3661
1226 2188
1252 4351
1258 4852
1265 3865
1266 4459
1273 4746
394 1276
1293 1551
1298 4287
1301 3607
1302 4664
1304 2551
1305 4766
1308 4682
1323 4836
1337 4634
1347 2952
1349 4987
1350 4845
1355 4980
1357 2160
1374 4779
1388 3018
1389 4493
1391 4832
849 1394
1406 4649
1408 1584
1428 2616
1432 4498
1440 3343
1451 2439
1461 4869
1464 4598
1470 4627
1484 4112
1490 4993
1495 4912
1500 4525
1502 4092
1503 3577
1506 4924
1509 2155
1532 4459
1533 4659
1537 3003
1540 3519
1548 4947
1561 3467
1567 4560
1568 2692
1590 3105
1593 4600
1191 1597
1601 4239
1607 4540
1619 4162
522 1620
1626 3542
1628 4842
906 1631
1635 4139
1636 4936
1637 4882
1643 2595
1658 4329
1659 4764
1663 4697
1678 3480
1679 4261
1703 3798
1715 4541
1724 4891
1725 3700
1732 4706
1733 4839
1741 4658
1767 4077
1769 4467
1770 4892
1775 4077
1779 4937
1780 3754
1700 1781
1782 4435
1789 3773
1790 3630
1139 1793
1795 4093
1802 4616
1808 3298
1813 3004
1818 3708
1827 3214
1828 3843
1833 2310
1842 4525
1854 4166
1855 2811
1859 4558
1860 4943
1868 4642
1869 4631
1871 4861
1874 4815
1878 4479
1890 3677
1892 4955
1896 3813
1898 4046
1900 4458
1901 4600
1904 3769
1909 3513
1911 4317
1922 3707
1923 2798
1924 4023
1928 3327
1929 4961
1930 4972
1940 2972
937 1949
1954 4794
1955 3937
1957 3504
1958 4884
1962 4009
1970 4944
1971 4794
1974 3813
1982 4590
1985 2694
1986 3934
1992 4803
1999 4860
2000 4394
2001 4699
2010 3378
2012 4583
2014 2786
2019 4903
425 2025
2031 3536
1514 2040
2059 3665
2065 4633
1897 2067
2077 4900
2085 2792
509 2086
2088 4154
2089 4956
6 2091
2093 3669
2097 4257
2100 3707
2102 4138
2105 3839
2113 2882
1698 2117
2123 4826
2129 2809
2131 4422
1819 2136
2140 3885
2141 4816
2142 4285
1936 2143
2146 4397
2151 4408
2164 4093
2167 2556
2173 4052
2174 4912
2175 4412
2176 4146
2177 2395
2147 2178
2182 4979
2194 2595
2195 4162
2197 4274
2199 4636
2202 2782
2204 4775
2207 4841
2218 3892
2219 3779
2226 4635
2227 3253
2228 3599
2229 3120
2234 3572
2237 4486
2239 3350
2243 4975
2253 4069
766 2254
2256 3162
2276 4956
2282 4893
2298 4992
2304 3251
2307 4885
2317 4189
2330 2797
2332 4378
2336 2386
2340 3169
2342 3064
2343 4494
1961 2351
2353 3879
244 2357
2359 4486
1435 2360
1883 2363
2373 3845
2375 4633
2379 4613
2383 4530
2385 2535
2389 3343
2390 4957
2391 4260
2392 4994
1529 2420
2367 2424
2425 4259
2432 4373
313 2435
2440 4992
2441 4338
2450 4310
2451 2636
2459 4664
2463 4670
2472 4609
2473 4035
2477 3311
2481 4519
2482 4501
2486 4069
2490 4818
2500 4994
1771 2515
2516 4719
2517 4670
1341 2530
2531 3404
2534 3070
2536 3305
2172 2546
2547 3227
2552 4558
1354 2553
2558 4854
2567 4027
2576 4800
2580 4955
2584 4778
2592 4391
2601 4655
2602 3280
2609 2630
2611 4734
2612 4956
2615 3788
2617 2733
2620 4972
2623 4177
2625 4716
2626 3970
2629 3577
2635 4021
2637 4928
2643 4422
2653 4986
2657 4600
2660 3255
2662 4533
2663 4427
2664 4697
2665 2778
1759 2666
2284 2667
2668 4126
2674 4408
2675 4194
2680 4305
2685 4845
2687 3678
2699 4922
2703 4334
2606 2704
2705 3696
2706 3586
2549 2712
1281 2714
2715 4535
2717 4609
2723 4049
2728 3700
2688 2748
2752 4548
2757 4896
2758 4181
319 2764
2502 2765
2769 4595
2772 4498
849 2776
2495 2779
2780 4472
2784 4278
2785 4254
2787 4843
2794 4322
2800 4655
2274 2803
2722 2805
2504 2812
2816 4693
2818 4170
2819 4632
2820 3077
1370 2825
2827 3501
2829 3868
2842 4943
2849 4363
2852 2957
2853 4799
2857 4977
2861 3776
2865 3306
2869 4213
2872 4687
2875 3036
2876 3245
2880 4897
2884 3787
2891 3926
2906 4009
2907 4043
250 2916
2925 4524
2292 2933
2935 4729
2943 4611
2949 2952
2947 2951
2956 4537
1241 2960
2961 4924
2963 3966
2964 4662
2966 3550
2971 3408
2974 3206
1706 2982
2985 4577
2987 3474
2988 3010
2990 3042
2991 4805
312 3006
3019 4709
3021 3672
3032 4709
3034 4841
2128 3038
3044 4933
3047 4575
3040 3048
3075 4335
3076 4722
3078 3871
3083 3477
3089 3530
2267 3090
3094 4842
3096 4794
3102 4924
3103 4065
2607 3110
3113 4676
3118 3152
3122 4072
3128 4165
3131 4658
452 3135
2439 3139
2149 3153
3158 4781
3159 3634
3164 3844
3165 4542
3166 3246
3173 3585
2160 3178
3179 4933
3184 4888
3190 4621
3198 4619
1117 3218
3225 4905
3232 4586
3234 3918
2972 3236
3239 4718
3243 4101
3254 4643
3261 3465
3266 4845
2220 3269
3282 3611
3283 4594
3111 3285
2548 3286
3172 3290
3291 4570
3293 4479
3308 3529
3309 3310
3313 4700
3317 3338
3318 4382
3322 4661
3020 3326
3332 4441
3333 4697
2211 3336
3339 4882
3341 3844
3342 4043
3347 4654
3352 3622
3356 3612
3359 4362
3004 3365
3372 3417
3373 4103
3379 4800
3380 3934
3381 4655
3382 4279
3388 3672
634 3389
3393 4113
3175 3405
3414 4059
3416 4818
997 3419
3426 4234
3427 3505
3428 4217
3434 4058
2763 3435
3445 3527
3446 4418
3447 3838
3453 4966
3455 4012
3458 3710
1848 3461
2072 3464
3466 4306
2551 3479
2661 3487
3489 4987
3490 4934
3503 4873
2890 3507
3512 3892
1846 3515
3521 4544
3537 4470
3545 3996
3350 3547
3551 4105
3554 4439
3565 3689
3566 4811
3568 4422
3570 4719
3348 3579
3584 4604
2616 3587
359 3588
3589 4092
3592 4831
3595 4343
3244 3598
3465 3602
3603 4930
2248 3610
3617 3710
3618 4241
3182 3621
391 3624
3626 4961
3631 4664
3581 3633
3055 3637
3642 4921
2523 3645
3648 4689
3652 4922
3653 4258
359 3655
3660 4651
846 3662
3671 4295
3675 3750
3676 4404
3679 4736
2630 3683
2858 3685
3687 4875
3705 4661
3711 3948
3712 4120
668 3715
3559 3717
2053 3719
3720 4894
3723 4920
3725 4725
3314 3733
156 3734
3643 3736
3745 4523
3752 4798
3762 4788
3763 4864
2188 3764
3771 4630
3778 4948
3750 3783
3786 4355
2984 3789
1283 3793
3794 4994
3248 3801
125 3802
3806 4009
3809 4699
3815 4716
3817 4775
3821 4613
1746 3824
2169 3827
2749 3828
3193 3831
3835 4193
2058 3837
3847 4680
3851 4955
3853 4022
3855 3977
3858 4174
3144 3863
2296 3866
3454 3870
3872 4359
3874 4337
3875 4760
3374 3877
3647 3878
3882 4659
3883 4297
3884 3904
2814 3887
3890 4517
3891 4346
1446 3898
3899 4664
3900 3928
3902 4794
3895 3903
3023 3906
3912 4802
3914 4794
2101 3917
3647 3921
1563 3927
3929 4888
3939 4928
682 3941
3943 4882
2264 3944
3949 4765
3954 4942
3956 4001
3957 4922
3845 3958
3959 4809
3960 4600
2682 3961
3963 4321
3964 4086
1839 3967
2610 3969
3971 4593
3972 4053
3973 4405
3748 3974
3979 4970
3986 4197
3989 4513
3483 4007
734 4008
3665 4010
812 4024
4030 4914
2608 4032
4034 4442
3208 4038
2892 4039
511 4044
2297 4055
63 4060
3192 4066
3730 4073
4076 4985
2198 4084
4085 4937
4087 4966
3436 4088
4089 4678
4001 4090
3406 4094
137 4095
4097 4431
3693 4098
2246 4100
4108 4901
4115 4701
3854 4116
3433 4119
4129 4150
3729 4130
1849 4134
2333 4140
4141 4528
2938 4147
4148 4226
4149 4357
1199 4155
4171 4172
4160 4183
975 4186
3144 4187
2606 4201
4204 4521
4064 4207
564 4208
3070 4211
4215 4684
4218 4396
2023 4222
4175 4235
1867 4236
4054 4238
4240 4882
2807 4244
2196 4255
4256 4312
4271 4641
2650 4275
3889 4276
4277 4922
4280 4325
4281 4543
3377 4290
4292 4296
4294 4719
2258 4301
4302 4318
372 4304
4307 4831
3895 4308
3808 4314
4315 4318
2292 4320
4331 4818
4345 4919
3412 4349
3980 4352
4353 4413
4296 4354
4358 4687
4265 4361
2670 4365
4357 4368
3073 4375
2945 4376
3951 4377
3305 4380
2771 4386
4388 4405
4390 4799
2724 4395
4398 4576
4399 4406
4171 4400
4402 4977
4403 4515
826 4409
3987 4417
4419 4594
4428 4974
3420 4432
3767 4433
4434 4899
4329 4437
4021 4440
100 4444
4450 4961
4454 4528
4455 4880
3684 4469
4472 4473
3073 4478
4482 4918
4483 4769
4424 4485
4406 4488
4489 4888
4496 4696
4426 4504
4197 4505
4507 4845
4509 4980
3348 4514
3818 4518
4526 4879
1746 4527
3540 4529
3463 4538
4539 4540
4003 4546
4551 4864
3147 4555
1689 4557
4573 4575
1918 4578
4109 4589
4597 4608
4601 4871
4560 4602
4615 4751
3952 4624
4637 4714
4464 4638
4064 4639
2249 4640
4642 4645
424 4648
4372 4663
1574 4667
4674 4992
2196 4677
3849 4681
4683 4865
4686 4733
3933 4688
3348 4690
4711 4725
3187 4712
4687 4713
4553 4717
255 4720
4723 4837
3597 4728
4730 4802
1814 4731
4725 4732
4203 4735
3413 4737
4694 4744
2487 4747
4193 4748
4749 4754
4547 4755
4269 4761
1051 4771
4456 4776
3991 4777
4786 4788
4464 4789
4274 4791
2443 4792
3950 4795
3196 4797
4806 4809
3897 4819
4391 4823
3636 4825
4003 4827
4778 4829
4835 4838
4727 4844
3208 4846
4848 4923
4743 4850
3116 4863
3868 4877
3288 4881
4740 4887
4857 4889
140 4895
4446 4904
692 4906
1049 4909
2777 4910
4642 4925
1993 4935
4932 4940
4919 4945
1657 4946
4540 4951
3284 4952
3881 4953
980 4960
4963 4967
1889 4965
4969 4991
3306 4971
1289 4976
4978 4996
2172 4982
3611 4983
2783 4989
4990 4997
1680 4995
2646 4998
4724 4999
1 4862
59 4050
60 3532
68 4921
85 4678
87 4692
94 4595
97 4614
108 4143
154 4435
204 4587
213 4878
249 4541
273 4939
290 4809
291 4854
315 3054
377 4966
390 4673
470 3117
483 3351
501 4959
601 4879
608 1333
615 4370
618 4864
639 4784
650 4929
665 3992
674 4883
703 1908
761 4957
762 3632
764 3518
780 4328
783 4954
809 4311
824 4374
829 3818
838 4300
26 858
866 3553
872 4702
876 3978
880 4987
892 3864
908 3714
912 4931
961 3940
1001 4166
1008 4868
1025 3040
1053 4752
1075 4458
1079 1381
1091 4214
1107 3377
1120 4840
1202 4707
1252 4811
1258 1439
1265 4424
1266 4752
1298 4947
1304 3553
1305 4765
1308 4452
1347 4977
1350 3079
1374 4287
1391 4447
1406 4991
1408 4762
1428 4468
1451 4512
1461 4468
1490 4202
1495 4334
1500 4794
1502 4162
1533 4864
1537 4689
1540 4541
1607 3561
1626 4854
1628 4814
1635 4651
1636 4501
1663 4665
1703 4582
1724 3635
1725 4259
1732 4923
1767 4649
1782 4759
1808 4515
1818 4805
1827 4913
1828 4917
1854 4548
1855 2212
1859 4739
1874 4362
1890 4614
1892 3187
1898 4196
1909 4885
1051 1923
1928 4303
1929 3376
1940 4701
1957 4803
1982 4726
1097 1985
1986 4350
1992 4581
2012 3742
2014 4613
2025 4932
1934 2031
2059 4883
2065 4046
2085 4338
1583 2088
2089 2150
2093 2833
2113 4500
2173 4605
2178 4196
2192 2194
2195 4145
2202 4651
2226 4270
2227 3541
2228 4968
2234 2744
2237 4266
2243 3667
2256 4253
2282 4170
2298 4486
2304 4431
2332 4264
2340 3476
2342 4678
2343 4698
2351 4284
2353 4456
2363 3672
1313 2379
2383 3849
2390 4562
2391 4343
2432 4759
2440 4954
2441 4725
2450 4647
2451 4513
2459 3945
2472 4157
2481 4591
2482 4680
2500 4815
2516 4451
2536 4387
1908 2546
2553 4580
2576 4694
2580 3919
2601 3355
2602 4839
2623 3925
2626 4214
2637 4519
2643 4239
606 2657
2660 4956
2662 4780
2663 3425
2664 3255
2665 4540
2667 2761
2668 4803
2680 4784
2699 4289
2703 4905
2705 3517
2706 3338
2712 4937
2714 4540
2715 2721
2717 2970
2748 4986
2757 4787
2776 4892
2779 4878
2780 4226
2784 4880
2785 4886
2261 2812
2820 4802
2825 3796
2827 4407
2829 4813
2842 4757
2852 4606
2857 4414
2861 4956
2865 4837
2872 4411
2875 4991
2891 4803
2916 4253
2925 4572
2960 4416
2961 4691
2974 4096
2982 4698
2987 4018
2991 3051
3019 4880
3021 4553
2281 3034
3044 4764
3047 4847
3048 4867
3075 4510
3078 4959
3083 4263
3094 4840
3102 3819
3103 4006
3131 4328
3135 3384
3159 3680
3164 3429
3134 3165
3145 3166
2975 3173
3178 4828
34 3190
3218 3371
3232 4312
3234 4942
3243 4338
3254 3552
3261 4475
3266 4367
3269 4501
3282 3654
3255 3283
3285 4599
3286 4621
2480 3291
3293 4152
3308 4962
1310 3317
3322 4273
3326 4517
3336 4961
3339 4934
2633 3341
3352 3991
3202 3356
1203 3365
3373 4474
3379 3436
3380 3722
3382 4424
3414 4855
3419 3440
3426 4812
3427 3942
3428 4813
3434 3952
3435 4984
3445 3865
3446 4247
3447 4915
3453 4170
3461 3925
2519 3464
3466 4427
3479 4905
3487 4843
3489 4319
3490 4933
3503 4874
3515 4657
3537 4303
2753 3554
3565 4729
3566 4894
3067 3568
3587 4633
3589 4367
3592 4928
3598 4467
1340 3602
3610 3613
3289 3618
2068 3621
3624 4540
3626 4815
2954 3633
3637 4259
3642 4136
3645 4692
2791 3648
3652 4757
3653 4798
3655 4138
3671 4918
3676 4651
3679 4788
3683 4278
3685 4673
3687 4894
3705 4968
3711 4702
3712 3726
1850 3715
3717 4902
3719 4830
1824 3723
3725 4263
3733 3993
3734 4459
3736 4742
3745 4136
3752 3856
3763 4992
3764 4042
3638 3771
2600 3778
3783 3860
3375 3789
3793 4424
3794 4591
3801 4341
3802 4840
3806 3984
3020 3809
3790 3815
3821 4350
3824 4475
3827 4742
3828 4279
3831 4774
3837 4699
3185 3847
2002 3851
2599 3853
1592 3855
3863 4954
3866 4931
3870 4128
3872 4878
3730 3874
3875 4901
3877 4898
3878 4957
3882 4775
3884 4121
2898 3887
3890 4015
3638 3891
2418 3898
3899 4962
3900 4813
3902 4471
3807 3903
3906 4298
3912 4612
3917 4254
2808 3927
3929 4955
2079 3939
3941 4257
1214 3944
3954 4515
3956 4812
3957 4165
3433 3958
2833 3959
2921 3960
3961 4595
3964 4599
3971 4653
3972 4515
3973 4571
3974 4540
3979 4327
3930 3986
3989 4585
4008 4355
4010 4993
3543 4024
4030 4037
4034 4530
3343 4039
3562 4055
4060 4429
4066 4558
4073 4463
4076 4232
4084 4171
4026 4085
4087 4847
2216 4088
4089 4487
3880 4090
3252 4094
3807 4097
4108 4407
4115 4687
4116 4467
4119 4741
4018 4129
3385 4130
4048 4134
2387 4140
4141 4453
4147 4839
3673 4148
2840 4149
3784 4155
4172 4517
4028 4183
283 4186
4187 4934
4201 4641
4164 4204
4207 4798
3759 4208
4211 4914
3148 4215
4218 4831
4236 4243
4255 4835
4256 4782
4271 4559
4275 4939
2903 4276
2484 4277
2739 4281
2658 4290
4292 4316
4294 4599
4285 4301
1662 4302
4304 4311
4314 4316
2647 4315
1344 4320
3147 4331
4345 4941
4349 4784
3688 4352
4354 4862
4004 4358
4361 4687
3952 4365
4251 4368
2236 4375
2216 4376
4377 4794
2522 4380
4386 4757
4388 4459
4390 4664
3227 4395
4398 4794
4399 4414
1656 4400
1768 4402
3201 4403
4297 4409
4417 4418
4419 4700
4405 4428
4433 4750
3981 4434
4437 4572
4440 4869
4411 4444
4411 4450
3952 4454
4455 4662
4469 4770
3823 4473
3374 4478
3074 4482
4483 4883
4485 4757
4488 4958
2247 4489
4504 4774
4505 4929
2777 4507
4104 4509
4514 4956
4518 4519
4526 4780
3410 4527
1393 4529
2411 4538
1473 4539
3985 4546
4551 4606
4555 4592
3478 4557
1553 4573
4578 4641
4383 4589
4513 4597
4601 4977
4602 4798
4313 4615
3054 4624
1863 4637
4523 4638
4154 4639
2418 4640
4645 4837
4626 4648
3991 4663
4667 4855
4674 4836
4237 4677
4406 4681
4248 4683
4686 4758
4028 4688
4690 4700
2572 4711
4696 4712
4713 4726
3533 4717
4545 4720
4723 4724
2055 4728
2686 4730
4731 4804
4083 4732
3945 4735
2257 4737
1063 4744
4262 4747
4445 4748
4704 4754
4599 4755
4739 4761
4070 4771
4576 4776
4777 4788
3750 4786
4789 4839
4517 4791
3452 4792
4783 4795
4424 4797
4453 4806
4815 4819
4782 4823
4825 4958
4807 4827
4758 4829
3871 4838
4793 4844
4416 4846
4074 4848
4460 4850
4641 4863
4782 4877
1577 4881
4869 4887
2744 4889
3918 4895
3996 4904
2850 4906
4830 4909
3452 4910
4759 4925
4935 4961
4521 4940
4945 4986
3812 4946
4943 4951
4952 4954
4914 4953
3622 4960
4269 4963
4566 4965
3992 4969
301 4971
4884 4976
4901 4978
3727 4982
4958 4983
4324 4989
4977 4990
4922 4995
1233 4998
4975 4999
59 3755
68 4516
204 4955
273 4916
780 4618
1252 4577
1258 4918
1265 4662
1266 4522
1347 4864
1374 4506
1406 4107
1461 4931
1540 4404
1635 4707
1767 4715
1782 4884
1828 4973
1854 4250
1892 4937
1923 2722
2014 2806
1534 2089
2093 4757
2256 3368
2304 3968
2340 4401
2353 4500
2390 4942
2391 4251
2440 4738
2482 4005
2500 3686
2576 4568
2602 4049
2626 4135
2643 4740
2660 4515
2665 3353
2706 4950
2748 4758
2779 4405
2594 2820
2842 4768
2231 2852
2865 4934
2916 4321
2974 4250
2987 4691
2991 4991
3047 3839
3048 4662
3083 4975
3234 4938
3254 4800
3261 4252
3269 4438
3293 4892
3336 4441
2722 3339
3356 3825
3380 3527
3414 4800
3466 3840
3487 4295
3489 4318
3503 4330
2774 3568
3587 4499
3618 4429
2838 3637
3652 4521
3676 4788
3683 4333
2098 3687
3711 3730
2936 3717
3719 4709
3065 3778
3783 4612
3789 4181
3793 4977
3257 3801
3806 4285
3701 3815
3824 4591
3203 3851
2791 3853
3855 3860
2144 3863
3866 4587
3872 4810
3878 4327
3882 4565
3887 4494
3891 4180
3899 4875
3900 4921
3902 4479
2613 3903
3906 4584
3917 4950
2134 3941
3944 4694
3956 4430
3958 4661
3964 4899
3220 3979
3501 3986
4010 4552
4024 4564
4034 4707
3220 4060
4011 4076
4084 4914
3433 4088
4089 4266
4090 4809
4094 4708
4097 4341
4108 4773
3246 4115
4116 4584
4119 4497
3924 4129
3452 4140
3141 4141
4147 4405
4172 4512
4176 4187
4201 4972
3088 4204
4207 4220
3472 4211
3597 4215
4049 4218
4255 4769
4256 4794
3167 4271
4277 4614
4290 4556
4292 4759
4274 4301
4314 4429
4315 4972
4320 4605
4331 4858
4352 4772
4250 4354
4358 4699
4368 4883
4375 4708
3713 4377
4380 4820
4386 4943
4388 4641
4217 4390
4395 4918
4210 4398
4399 4929
4400 4410
4403 4861
4409 4979
4417 4975
4366 4419
4428 4950
4312 4433
4025 4434
4142 4437
3448 4440
4454 4458
4455 4655
2904 4469
4478 4676
4482 4758
3864 4483
3656 4485
4195 4488
4489 4991
4504 4559
4509 4726
4334 4514
3773 4518
4253 4526
2157 4529
4339 4539
4517 4546
3423 4551
4522 4555
4557 4901
3325 4573
4578 4743
4601 4610
3417 4602
3915 4615
4581 4624
4637 4644
4178 4638
4639 4894
4630 4640
4424 4645
4627 4648
2535 4667
4681 4930
167 4683
4673 4686
3691 4688
4171 4690
3353 4712
776 4713
4571 4717
4014 4720
4723 4781
4672 4731
3557 4732
4724 4735
4660 4737
4269 4744
4747 4790
4584 4748
4754 4807
3990 4755
4698 4761
4771 4781
4367 4786
2645 4789
4175 4791
4570 4792
4797 4854
2864 4819
4612 4823
3149 4825
4827 4836
4829 4937
3348 4846
3975 4848
4521 4850
4863 4879
4881 4967
4332 4889
4516 4895
3452 4904
4709 4909
4512 4910
4794 4925
4424 4935
3769 4945
3368 4946
4011 4951
4952 4972
2814 4953
3468 4960
4438 4963
4965 4972
4587 4969
4796 4976
4980 4982
4973 4983
4973 4989
4081 4990
2030 4995
3865 4998
4970 4999
273 4987
1540 4714
2916 4466
2974 4144
3587 4800
3084 3687
3719 4813
3824 4726
3866 4800
3899 4330
4089 4975
4211 4680
4277 4879
4237 4292
4358 4753
4485 4499
3816 4489
4514 4762
4555 4599
4557 4594
4160 4573
4396 4681
4492 4683
4731 4947
4719 4735
1837 4748
4091 4761
4565 4771
4272 4792
4370 4823
4634 4846
4850 4914
4863 4882
4859 4889
4415 4904
4003 4945
4289 4946
4812 4953
4905 4969
4865 4982
4540 4989
4796 4998
4715 4999
