4223 4777
893 4820
2446 4601
3552 4760
2432 4743
4052 4384
4160 4492
3322 4677
2464 4136
3828 4356
125 3292
4824 4946
3307 4520
854 4944
740 2779
1666 4404
1413 4630
974 4724
2114 3642
105 4160
3503 3958
3429 4037
558 4326
4386 4416
1952 2059
2092 2621
2802 3838
4307 4747
1817 2007
4236 4789
2422 3735
4138 4528
2730 4371
4677 4942
2557 2673
3895 4636
1916 2697
3729 3777
1891 3400
480 4771
3583 4992
2616 4660
3260 3536
298 4947
3789 4774
332 3583
1866 3644
1235 2111
2242 2428
2766 4356
4356 4705
4970 4994
3729 4882
1420 1858
4182 4354
3143 4076
4404 4981
2690 4875
3670 4403
1914 4901
4850 4980
1271 4369
1788 3413
1009 3413
4797 4812
2523 4868
1805 4980
2393 4400
2674 4963
2625 4942
2407 4915
1898 3835
2415 4165
2139 3958
1663 4838
2279 3957
4151 4369
4160 4359
4637 4875
1064 4538
2857 4812
2828 4762
2300 4630
3413 3720
1817 4877
278 4938
260 3393
2242 4142
2730 4452
662 4140
2242 4161
4460 4760
2924 4146
2984 4583
219 4895
1529 4458
992 4492
4458 4731
1875 3095
2948 4139
871 3584
1771 4267
4611 4621
419 4668
2049 3526
3012 3778
3428 4585
1097 3733
3012 3921
47 4037
77 4970
4455 4637
4586 4956
3868 4637
3246 4836
2104 3728
1081 3846
3322 4182
1642 4569
388 4218
3533 4755
4110 4522
4005 4138
3007 3337
3957 4444
2732 4792
4784 4897
2988 4946
3033 4610
27 4927
115 3690
2698 4811
1841 4775
3291 4824
3075 4766
4592 4950
707 4795
2892 3520
1527 4386
1319 4977
4010 4452
1260 4859
175 4899
2892 4487
58 4834
1131 2618
25 4379
1296 2581
3453 4151
4536 4598
317 507
3789 4953
3606 4977
3861 4668
2673 4225
879 3905
3465 3671
701 3066
1610 4963
4386 4859
4705 4895
3266 3613
1463 4933
2019 4630
2301 4694
3532 4516
4590 4602
1636 4726
3395 4369
4182 4895
262 4777
518 3570
3862 4551
1959 4555
507 4937
1562 4627
2322 4875
3138 4164
3613 4719
4555 4828
3554 4897
502 3719
2078 3891
283 4169
3549 4218
2983 4724
1801 4608
1563 3489
1788 1812
3554 4611
1804 4636
2199 2783
442 4995
3307 4995
518 2100
429 4946
2803 4119
2228 4048
3773 4070
3913 4455
25 3166
2269 4021
3838 4779
413 4719
978 4994
476 3400
3838 4485
1867 3160
1538 4452
3041 3958
952 4828
2898 4856
4630 4777
2782 4799
784 4538
2783 4226
2675 4621
4535 4783
4142 4418
810 4777
1916 4677
631 4627
2066 4994
819 4944
2054 3339
2200 3740
2786 3861
3692 4824
2779 3376
4022 4585
4585 4592
3682 4771
1488 2200
4636 4684
1445 4893
391 4621
2691 4267
2788 4492
261 4694
1596 4677
3138 4486
266 3120
1068 4400
2678 4454
341 3313
1643 4524
4348 4486
2976 4092
3904 4437
1145 4684
25 4685
2059 3201
843 2424
3337 4454
702 4524
2963 4775
965 4834
3422 3502
2991 4995
2642 3728
3692 4555
303 4845
4118 4578
4231 4858
4364 4569
2424 4335
3657 3889
493 4725
3160 4586
4693 4893
1215 2199
3534 4744
639 2625
4601 4830
3774 4546
1497 4838
2926 4536
4444 4521
1562 4005
524 1841
678 2606
3102 3206
2515 4977
3227 4779
4506 4717
1091 4977
2203 4828
1366 4062
4652 4923
1596 3813
2471 4724
558 4400
1663 4199
1921 4269
1689 3738
3554 3895
385 4454
3583 4995
2283 4236
3116 4950
2973 4660
3436 3526
3136 4139
240 587
1334 4695
4359 4877
3363 4766
2298 4901
84 4444
3626 4693
3533 4637
3657 3729
4165 4771
4110 4188
1684 4920
4232 4586
2766 4182
476 3683
1948 4957
4977 4980
1785 4065
1318 4630
4119 4737
262 4452
3087 3736
2817 4727
4584 4660
1931 2651
3676 3904
4117 4369
2583 4621
641 4510
1064 3534
3106 4477
2013 3180
4114 4379
2066 4957
4130 4132
1916 4947
169 3789
4520 4845
4248 4636
4178 4824
3760 3971
3807 4150
3475 4643
3140 4608
4199 4867
390 3570
2843 4231
1775 4174
2992 3731
2479 3107
4022 4927
2581 4244
1913 3723
1568 4953
1647 4454
3354 4359
3921 3985
2868 4695
982 4731
1801 4950
3835 4492
1318 4944
2523 4963
3178 3244
2304 3787
2189 3891
215 4595
810 1413
1625 1872
456 4828
3482 4586
198 2385
3731 4897
1921 4792
3567 4472
786 3640
3205 4118
3129 4868
708 4165
3059 3227
3520 3719
4070 4414
3794 3837
4621 4636
4584 4957
2279 4444
4652 4867
953 3895
3574 4660
595 4231
3963 4420
2307 4467
4485 4538
1226 4087
3805 4805
493 2744
2159 3833
2625 2988
9 1525
2720 4199
3343 4225
960 3366
3868 4909
3138 4165
1018 4404
1118 4771
1032 4981
1445 2606
3237 4923
2245 4897
2937 3861
3549 3890
1233 3137
653 2228
1875 1931
3346 4980
1405 4987
3549 4379
895 3570
1028 1935
2836 4169
3891 4586
3644 4927
1422 4927
4928 4942
3616 3987
1100 2508
1479 4811
2376 4731
2111 3502
2471 3501
1235 3201
4536 4789
585 4551
4178 4301
1898 4874
2285 3465
2828 4771
172 4296
4296 4516
3593 4416
115 4987
1678 4454
3470 3905
2242 2851
2336 4485
3186 4371
1094 3913
1775 4546
3160 3648
2066 4660
1563 3904
801 3160
934 2228
3817 3819
3732 4868
2083 4248
845 3180
895 4797
733 4627
912 3913
42 4454
4006 4995
2176 4997
111 3367
3984 4824
2480 2855
3363 4837
1776 4811
3368 4994
4546 4928
4444 4928
2593 2986
1357 4544
3276 3649
1455 4695
3041 3428
240 2625
3155 4248
1612 2730
3034 4403
2951 4257
2028 4326
4133 4654
529 4248
4522 4795
2510 4578
1788 4217
3363 4238
94 705
2139 4987
921 4684
4418 4938
3205 4923
360 2682
1777 4637
732 3413
4845 4947
240 4618
4942 4987
3465 3613
3313 3835
2012 4165
4981 4992
1148 4933
2882 2886
1663 2386
3644 4590
3605 3606
1308 3740
3833 4364
2541 2877
3102 4720
3902 4716
3155 4585
1396 1792
4244 4893
952 4492
725 4308
2519 4223
162 4882
4267 4901
1600 3987
2220 4467
3397 4915
529 4186
1708 2485
1415 4693
4403 4595
3313 4828
1836 4837
4364 4606
429 4067
1952 4249
563 4773
1018 4610
2898 3984
4522 4654
1323 4824
2100 3570
1249 4087
365 4783
2198 4762
4513 4719
3464 4454
1921 4812
391 4897
2660 3620
529 2465
2139 3719
2300 3567
154 4743
3257 4386
4117 4850
1886 3738
2385 4668
3203 4513
266 4524
2622 3787
1449 4830
70 2285
4678 4731
2906 3206
3958 4916
3339 3658
268 4868
992 4477
2720 4188
895 4836
2771 4731
3394 4244
4223 4472
3817 4947
1210 4755
167 4117
1113 4036
3007 3012
3475 4977
912 4637
3138 4864
2424 4460
2187 4536
3526 4251
2851 4132
1028 4874
2479 4864
3501 3719
2659 4637
1915 4578
2043 4777
2776 4895
2746 4148
2775 4724
4928 4963
492 4182
1862 4937
1915 4273
4418 4867
118 3400
703 3673
64 4777
4694 4727
2393 3652
1862 4715
1898 3692
3692 4037
2182 3635
3261 4668
4856 4946
2898 4773
2104 4375
1562 4138
2698 3201
1805 4267
3257 4414
699 3541
587 4895
3534 4882
733 4170
1244 3107
3087 4811
2304 2390
2700 4980
3752 3905
1596 4771
3760 4737
842 4693
3752 4048
4404 4420
3963 4404
2203 4178
344 965
2868 3137
4602 4851
2078 4006
4731 4882
4114 4947
2983 4726
1353 1862
1959 3016
3778 3921
2987 4944
3526 4231
2877 3136
2606 4257
440 4248
1441 3431
2424 3787
4535 4551
2806 4021
245 4151
4225 4369
4444 4995
807 4828
2886 3248
1896 4160
753 3194
3307 4400
245 4858
2782 4995
3670 4901
353 4326
3736 4140
2767 4731
669 2386
1357 2245
1963 4705
1291 3244
1075 2421
1708 4820
3957 3969
3106 4117
2851 3969
3644 3958
3983 4592
4477 4828
2398 4866
4160 4877
357 3310
2299 4010
4516 4643
480 4762
1864 4546
3570 4836
4199 4938
2705 4379
4510 4610
3971 4139
4006 4992
1776 4812
1855 3794
875 3554
3289 4300
3209 3635
2376 3902
3957 4370
1560 4618
1980 4755
2557 4837
2874 4249
1874 4685
3049 4866
1889 4719
4267 4727
1009 3720
2674 4301
1834 4555
3616 4864
2765 3971
3313 4578
1785 4693
1124 4720
3552 4076
2330 3690
699 4384
1947 4160
4164 4348
2593 4601
4513 4524
1648 4510
3475 4538
4467 4760
4437 4805
772 2047
3682 4677
3589 4521
1083 4760
2983 3995
3603 4942
3585 4783
85 4400
4598 4789
1908 4555
3394 4384
4454 4920
3648 4232
845 3552
1210 4719
4558 4970
653 4805
122 1028
3358 4997
1775 4987
753 3526
1636 4307
1094 4771
1781 4715
3835 4578
1874 4766
1858 4923
3428 4916
3368 4036
232 2606
2088 3733
2290 4731
3429 4850
1805 4977
3143 4720
2720 4938
2182 3227
3140 3583
3555 4859
791 4944
2393 3838
4037 4117
847 3206
3958 4856
4034 4232
678 2779
730 4775
3760 4536
729 2409
4036 4224
2045 4850
3789 4867
2598 4522
2012 3425
336 4820
278 4779
3570 3673
4021 4118
1533 1880
930 4585
3535 4866
4420 4685
3307 4845
741 4223
3136 4536
3289 4251
1350 2391
4521 4743
2401 4995
3982 4319
4455 4719
3862 4218
2328 4834
3846 4654
2054 4036
1997 4610
701 4044
959 1600
3343 4022
301 4546
2980 4933
4487 4583
3657 4269
1915 2421
2402 3723
11 3848
778 3891
3475 4485
164 3066
1479 4901
1875 2508
3570 3848
3682 4762
2995 4136
3606 4980
3628 4715
2307 4836
2019 4635
4006 4136
1891 3380
2407 4076
2379 4404
4933 4956
1497 4375
2133 2137
3160 3891
1766 4335
3066 4920
136 4472
2114 3049
988 2448
2244 4044
3862 3890
3813 4041
4536 4987
2802 3120
3049 4901
4326 4838
1625 4997
3470 4760
2510 3692
4592 4981
2964 4454
2290 4882
1647 4920
2765 4942
1982 4578
2419 4987
166 2242
172 4516
741 4927
2868 3788
3603 3760
4164 4249
791 4335
1738 3585
2571 3788
875 4621
418 4893
2432 3034
4021 4923
1097 4444
2727 3946
85 3985
4601 4867
557 3755
1278 4332
4447 4583
263 2980
2301 4727
1296 4693
2926 4942
3671 3852
3628 3861
2139 3046
4218 4610
132 4695
1238 4743
778 4858
262 4635
2353 4151
1441 3767
1533 4725
219 4356
2353 4369
3075 4238
3394 3568
96 4792
2385 3221
1305 4643
4148 4909
2618 4161
418 3541
2176 3143
657 1912
1805 3475
1449 4601
2621 4592
2820 3723
2111 4678
4867 4938
1410 4897
395 3905
448 3178
3969 4743
4223 4693
3675 4022
502 696
1766 4774
1647 4956
3428 4022
1599 4354
2765 3603
3087 3382
1644 3620
1354 4535
3913 4909
1922 4296
4142 4812
42 4868
3180 3366
2322 4637
4174 4737
930 3587
4248 4611
2448 3279
1767 4273
1001 3173
997 3676
1403 4994
1327 4720
1512 4859
3106 4747
741 4472
2720 3846
1952 3787
1636 4760
4248 4897
70 3852
807 4477
3181 4182
1959 4492
4067 4928
219 4595
1912 4186
3307 4608
1291 4225
3221 4715
3016 4555
3848 4522
3418 3533
2523 4218
1230 4944
3422 3465
2822 4694
3376 4724
1802 4544
3363 4942
3673 4467
1914 4611
3605 4830
3436 4607
390 4610
1163 3963
84 1806
1378 4420
69 3166
2189 3852
1711 3838
2822 3616
2471 4595
1001 4915
2322 4138
2190 3813
3737 4812
3828 4747
2892 3774
965 3382
2516 4987
177 4755
784 4485
2860 4359
3624 4724
2886 4820
391 4784
2926 4789
3229 4335
1612 3605
3626 4574
3738 4916
871 4705
1689 4585
1533 3378
2386 4867
98 4895
2948 4119
2298 4595
1109 3736
2523 4506
4916 4927
3041 3046
2877 3416
4595 4720
1758 4997
609 3904
4654 4866
2435 4792
1834 3016
4332 4416
268 4569
162 4916
1410 3895
2464 4520
1022 4795
3307 4136
2775 4726
3773 4726
4551 4868
3302 3650
126 4447
2432 4901
3534 4538
4110 4808
2139 4916
1318 4774
1997 4963
2730 3152
3502 4882
2581 3394
1598 4601
2013 2874
1362 4916
2279 3733
1363 4834
2921 4273
2227 4535
2322 4513
2359 3475
1777 3868
2673 4148
2359 4643
1687 3616
2283 4877
3503 3995
3958 4724
4726 4980
866 4715
2315 3606
960 4076
1031 1529
3535 3891
3808 3835
3056 4585
4148 4455
3807 4119
215 4743
9 4994
3649 4110
1965 2822
2892 4901
2133 3852
2353 4251
4611 4858
492 4705
895 3848
2973 4970
644 1230
271 3848
4037 4726
1512 2979
2173 4188
1836 4602
2424 3789
3533 4787
448 3425
3382 4536
2851 4384
3075 4544
3541 4065
1675 4762
4348 4864
2331 2697
3257 4915
3007 3087
3584 4895
1488 4820
2363 4773
3658 4224
1366 4830
3368 3658
3808 4332
3534 4643
4694 4864
1104 3395
587 4092
3535 3648
3378 4797
2402 3470
2108 4824
150 4429
2973 4584
4830 4867
2415 3868
2987 4308
2598 4418
893 4546
4139 4942
341 3852
1954 2363
388 4715
502 4866
3991 4432
2986 3143
606 3732
419 4715
1355 2659
4643 4744
595 4994
1352 4828
1922 4824
1872 4371
3778 3985
2951 4937
3648 3830
531 4238
2868 3397
139 4953
1093 2013
639 4618
1578 4444
2963 4779
856 3676
4957 4970
2992 4851
2888 4217
1410 4636
3428 4882
4400 4899
2571 3137
1396 3848
2991 4845
27 4859
3737 4132
3056 4777
3652 4273
3248 4834
3203 3913
3237 4021
64 4452
1527 4076
476 4516
1802 4766
1988 4837
634 4797
1783 3395
1897 4773
3221 4558
164 3337
3723 4868
4693 4731
628 4693
511 4467
3902 4458
3982 4937
150 4034
1841 2963
4319 4585
707 2463
854 4774
2765 4789
953 4636
2788 2878
2137 4792
2471 4720
1226 1687
3991 4359
3769 4152
3644 4585
2463 4492
4787 4992
4006 4947
3441 3956
4403 4920
3016 4477
1318 4460
3155 4586
818 1598
2937 4522
4335 4953
4775 4812
2674 4824
557 1935
3501 4720
4784 4828
1031 4307
3422 3583
4895 4957
2372 2642
4119 4942
3203 4719
1187 2315
3049 4348
1841 2402
2428 4244
3650 4963
1118 4165
3501 4148
848 4716
3129 4400
3789 4460
1028 2779
1825 4467
3313 4492
4536 4737
3412 3684
2078 4724
3774 4578
2857 3378
2446 4997
3056 4223
1160 4618
3819 4771
4744 4977
1596 4762
344 893
705 4076
3984 4067
3905 4142
1913 4928
388 4643
2187 4942
2892 4866
4416 4859
3729 4678
760 4987
2301 4864
3244 3441
1161 4671
4452 4472
2620 3626
99 4405
959 4694
1766 4944
2500 3904
587 4348
1525 4899
169 4944
4724 4850
3160 4232
3830 4034
118 4977
4703 4720
1501 3095
4326 4856
856 3489
3683 4048
4867 4997
2874 4558
818 1273
3985 4811
1479 4720
2485 4432
4142 4169
2834 4963
442 3156
3774 3958
3958 4779
2290 3902
678 4590
4808 4867
2242 2984
357 4140
3570 4923
4725 4797
1708 4851
1334 3337
2478 4436
3626 4384
68 3891
725 4994
1420 4774
2744 4569
1449 4062
2398 4901
3395 4231
1777 2510
3166 4379
116 4893
481 3752
556 3902
1870 3991
203 4787
439 4627
3789 4760
4118 4652
1244 4727
3889 4927
2298 4743
3136 4119
198 4558
2478 3358
996 4178
4332 4487
296 3413
2391 4375
4590 4923
2766 2976
1897 4178
1486 2045
150 2691
3554 4636
4269 4792
1201 4660
2668 4850
70 4150
3136 3971
3178 4694
3549 4048
3181 4705
3368 4695
2176 4601
3624 4307
2299 4875
2800 4916
2435 3889
2732 3657
597 1145
2009 4452
1777 4875
399 2463
2304 3755
3568 4052
1610 4477
690 4436
1649 4561
2182 3568
4637 4957
3322 4762
3028 4897
4760 4953
2402 4760
1413 4668
1904 3544
2578 4416
3261 4558
3206 4561
1946 4915
931 2606
3140 4992
4950 4981
1235 4249
653 3549
264 4864
2616 4783
1963 3777
3963 4452
2013 3555
2616 3574
4308 4994
4773 4824
3683 4233
3320 4513
3346 4643
4598 4942
982 4458
4787 4850
1148 4432
198 4308
2328 2382
2678 3268
4452 4630
4065 4244
996 2176
702 731
4037 4747
818 3640
997 2673
3244 4510
3376 4569
1018 3539
1988 4544
2262 4249
2066 4492
738 978
2843 3000
1598 4436
634 1187
801 4036
1847 2307
125 4420
2727 4182
451 4404
3297 4927
2508 2690
2621 3729
4808 4812
1663 4654
3291 4946
3007 3985
2039 3534
3059 3129
4506 4551
3620 4447
2515 4980
3642 4595
3354 3991
1653 3969
1091 4980
4602 4867
496 2779
4048 4506
1022 4601
4021 4238
3166 4416
2493 3422
30 4404
4225 4858
842 3302
641 2642
4460 4944
2776 3777
2545 3535
3137 4607
4188 4938
3116 4947
4787 4995
1420 1675
3837 4760
1403 4834
3173 4895
3120 3813
2092 4845
1244 3626
1935 4257
2480 4188
795 4797
4365 4555
4719 4909
772 3720
2222 4218
2669 4946
2330 2884
818 4882
1405 4942
2197 4920
374 3257
1091 2336
4760 4774
480 3000
1642 4737
1600 4694
3969 4720
1711 1855
1487 3755
2771 4458
3367 3773
2902 3220
4142 4146
3193 4598
4307 4574
2190 3819
30 543
1215 4792
1781 4558
439 4170
3624 4726
2619 3902
3584 4356
2421 4678
3620 4546
4273 4429
2976 4477
2887 4933
3093 4970
4795 4836
3123 4660
3584 4130
4164 4864
3605 4436
669 4199
3532 4621
1372 4522
3837 4811
2860 4933
480 4677
2991 3817
42 3168
801 4224
817 4877
2012 4858
4520 4592
263 3552
2330 4987
2320 4354
1982 4828
2618 2622
2776 4182
702 2802
1776 4792
3837 3985
264 3616
2331 4812
2401 4992
2937 4150
2379 4937
1218 4938
2315 4980
3773 4611
1850 4784
2270 4621
3808 4725
1230 4684
949 2559
1804 2583
481 2571
1296 2270
4513 4909
3093 4584
2855 4133
511 4308
2197 3168
3534 4805
3740 4635
2932 4561
244 2979
3502 4812
595 4524
3987 4716
778 4225
3789 4947
3642 3719
3536 4359
2108 4773
2283 3652
4437 4858
4602 4923
2187 3554
988 3413
3224 3671
4142 4725
662 725
263 3366
4773 4946
3616 4164
1366 4436
2227 4627
3833 4447
1473 1850
566 4716
4877 4933
1091 4744
1045 4850
4447 4928
733 4795
2541 2817
3729 3902
2803 4942
40 4851
1948 4783
72 2557
848 4186
1965 4359
4805 4980
4133 4418
4370 4724
2744 2747
3346 4977
1154 4992
3848 4851
1501 4727
4418 4654
1075 4811
1403 2618
1801 4981
1479 3501
1512 4414
3028 4684
283 2836
1867 4232
4725 4956
3692 4882
4492 4574
2353 3244
2220 3644
2415 3418
2820 3143
2898 4963
1643 4779
1362 3738
2698 4186
822 1308
847 4371
2516 4942
3012 4811
3971 4789
2363 4963
3297 4065
2678 4044
162 3041
1913 4524
3152 4371
1837 4811
3982 4668
4273 4838
3526 4744
507 725
3805 4787
2887 4877
3380 4165
2081 4928
2771 4678
1359 4953
390 1163
1896 3635
2557 4300
4538 4805
2678 3464
1598 4062
2522 3984
3503 4590
4218 4720
1666 3963
4444 4671
2682 4169
2227 4005
4114 4787
3266 3502
1946 3366
3983 4950
3649 4795
290 4695
2521 3066
1452 4561
1145 4897
3789 3987
1094 4795
4114 4693
263 4076
316 4938
708 3813
4150 4762
2391 4233
1763 3366
3358 4830
466 4535
729 4555
803 3181
3895 4354
2886 4899
429 4178
3000 4578
122 3567
2046 4762
58 1403
949 4828
1487 2304
842 2851
4856 4895
3731 4956
3378 4812
905 3567
2868 4607
2727 4356
4436 4997
1372 4146
166 4970
4146 4654
2279 4370
1610 4946
2230 4850
893 4226
3778 4140
585 678
4138 4170
1081 4418
30 4420
2521 4744
3482 3891
1874 4404
203 4845
2741 4992
2878 4874
2081 2697
4199 4970
2187 4789
557 2111
4140 4981
1822 4558
3203 3533
1965 4414
1415 4893
2137 3587
2411 2988
3956 4858
2983 4747
395 3635
4041 4762
3769 4715
793 3684
1643 3838
4760 4775
2039 4980
3913 4432
1054 2244
1836 3075
1083 3552
324 3180
3670 4743
4041 4165
2059 4249
466 4138
4637 4755
353 4273
4486 4812
1271 4946
2800 4522
2767 4671
1948 4584
1644 4447
3140 4170
3224 3422
2984 4447
2008 4513
3587 3738
856 4981
3774 4269
4726 4766
3346 4516
872 4607
1441 4356
399 3752
4139 4987
291 4400
2262 2698
1455 3788
3208 4524
341 3266
3817 4950
3123 4418
173 4766
1832 4987
3489 3904
3431 3767
1965 4386
2386 4418
2973 4916
1578 4370
912 4513
930 2137
1850 3658
609 4938
169 2809
4432 4933
1853 3102
4544 4590
1916 3682
255 4766
3539 4161
3476 3675
2493 3613
1043 4528
3229 4970
1357 4837
4544 4923
4436 4601
3000 4506
1053 1473
4371 4830
2620 2877
116 4404
4705 4805
3957 4874
4834 4899
2419 4737
2926 4837
2698 4249
2774 4452
2012 4251
3422 4997
3868 4455
537 4586
3620 4583
931 1529
2510 4874
1531 3675
1862 2780
4485 4516
332 4992
2720 4110
4458 4678
502 4901
2948 4598
1896 4956
245 1841
895 2307
264 4164
2690 4486
290 4607
3539 4784
3984 4963
3837 4703
133 4947
478 3260
4223 4379
866 3574
2372 4236
113 3852
3735 4138
1226 1889
244 3848
843 4944
3246 4875
245 4225
3533 4784
3302 4797
2806 4652
3348 4586
819 4460
583 4607
2674 4947
2892 3049
3984 4301
2651 4161
1429 2432
3000 4551
3412 4779
68 4418
4138 4627
1802 4044
2019 4223
374 1801
2767 4678
2019 2043
2898 3703
965 2783
3465 4795
1690 2868
2926 4737
819 4953
949 4874
1323 4946
3676 4300
3049 3719
2598 4199
4052 4927
2182 4725
4296 4744
4226 4899
1177 1249
1187 4947
2678 4703
2269 3205
3205 3363
177 4875
3431 4868
3503 4747
1160 4947
2244 2521
3237 4118
2401 2786
3129 4838
2523 4551
3982 4558
3640 4257
3603 4119
316 3155
1412 4787
11 895
2673 3904
3257 3367
4719 4875
2330 2926
1988 3913
3846 4808
4269 4762
1965 4859
1235 2806
2906 4561
4928 4994
2747 3648
2198 3376
1155 4437
3083 4695
2631 2730
2800 4946
2642 4236
2786 4668
3000 3431
3729 4458
1667 4447
2071 2304
4486 4694
365 4660
2190 3682
306 4719
3136 4942
4694 4784
2372 3728
2937 4762
2493 3224
3016 4828
1226 4375
2217 4838
69 2557
3348 3482
3343 4717
872 4695
3991 4956
4555 4578
2730 4601
996 4963
3186 4574
2987 3219
115 4957
926 4182
2822 3095
879 4775
440 4684
2932 2988
3503 3789
2747 3413
3059 4775
2809 4792
3760 4942
3087 4140
741 4452
2432 4595
154 4036
4006 4950
1763 4635
2342 4005
2836 3671
4404 4703
3817 4874
3337 4747
3690 4987
4218 4868
2979 3773
1018 4569
3657 3738
1855 4370
1804 4684
1209 1273
4150 4677
3221 4937
1410 4684
1598 4997
4521 4671
1896 4432
4148 4877
3555 4864
3808 4715
4610 4685
2028 4273
3828 4307
2724 4725
1889 4637
1083 3555
373 3642
3774 4916
4267 4694
3026 4307
2065 4654
3075 4923
2285 3224
2220 4269
3628 4152
3205 3862
3676 4583
4021 4652
2186 4348
2888 3279
1164 3861
3813 4165
2882 4820
1959 4874
2037 4359
232 4257
2598 4188
360 3465
4660 4957
2937 3526
4744 4980
4319 4332
817 3354
3436 4695
3720 4217
807 4492
3431 4048
2269 4238
1563 1987
3143 3605
132 1455
1155 3489
1689 4792
4787 4799
2337 4784
1914 4067
1568 4944
4400 4992
1209 3393
2980 4637
3817 4608
2747 3720
1305 4744
2059 2698
1832 4536
1378 3794
1291 4858
2054 3291
2376 4678
1420 4238
1834 4492
4824 4963
2428 4065
3794 4404
3209 3227
3178 4164
4379 4635
2860 4432
3728 4771
1525 4151
4608 4845
2669 3984
4458 4882
4606 4927
1100 3913
3453 4369
298 3083
1186 4467
3206 4618
1753 4590
4238 4837
3644 4524
959 4864
4590 4828
3227 4308
3536 4933
2887 4830
784 2478
698 4432
3418 4719
2081 4725
1118 1916
2028 3652
2741 4618
2593 2951
2788 4874
3363 4652
2182 2987
3378 3544
2245 4684
2963 3682
2092 4452
255 4797
634 795
2071 4618
2578 4859
3957 4521
1647 3066
1864 3620
662 3778
3268 3337
3464 4727
1853 2932
2456 4165
1771 3095
1612 4830
843 4460
2139 4022
451 1666
2884 2888
4048 4868
4601 4795
480 4041
2872 3367
2669 4067
4920 4956
4937 4994
3000 4868
3760 4598
3140 4995
1948 4416
2435 2732
2857 4142
3833 3890
4217 4837
2337 3470
3805 4608
47 4747
506 4715
1704 3087
3368 4429
2659 4513
2013 3552
4611 4668
3160 3830
1238 1473
1891 4805
1416 4953
3649 4590
1244 4694
1487 2698
3642 4720
3416 3946
3902 4731
2732 4916
2508 4864
3107 4864
3012 3985
3554 4684
669 1081
2485 2860
1642 4598
4365 4405
1054 4044
492 3584
3838 4994
2828 4165
2114 3501
732 4762
730 3059
357 4811
2872 4561
4118 4602
4797 4799
283 3502
150 3482
1372 4808
4574 4874
2246 4627
2822 4267
731 2578
1805 4538
3378 4731
1152 4747
2382 3022
2660 4447
4828 4882
4138 4743
1354 4528
2802 3684
1334 3397
2878 4477
4606 4836
1963 3584
4429 4838
4546 4569
245 3441
1327 3034
3503 3788
566 4249
4414 4416
1673 4820
4660 4760
2083 3895
203 3738
2491 3658
1653 4720
953 4354
960 1946
4538 4980
1804 4248
1291 4151
3788 4607
229 4731
1666 4610
1319 4136
3536 4877
2083 3554
2984 3774
3289 4225
2301 3987
1775 4737
1479 4164
2690 4864
1980 4719
2009 4630
2776 4874
1054 1647
1416 4335
3382 4119
98 4092
3297 4621
1081 4792
510 2402
3140 4592
2992 4160
4608 4981
3476 3862
3348 4225
1577 4169
3731 4877
3733 4370
301 4875
3675 3767
1467 4731
4820 4899
4477 4555
1599 4611
2660 4546
1362 4606
1898 4828
1834 1897
3453 4251
3833 4868
3794 4610
1160 4799
669 4418
3348 4805
1781 3022
4915 4956
3219 4944
1152 4307
2246 4170
3208 3838
4492 4874
3682 4933
1817 4432
2673 3676
1959 4574
4067 4963
1412 4837
1314 1352
3603 4174
1057 4850
263 2007
3583 4370
1987 3904
2674 4856
2598 4938
2419 4536
2541 2620
1359 4774
4365 4477
166 3520
734 4799
2659 4755
2104 4087
931 3181
2606 4569
1880 3544
3570 4467
3846 4418
857 4724
2857 4725
3244 4231
2270 3778
602 2435
3676 4437
4021 4766
4513 4755
1278 4414
2047 4217
1164 4558
4845 4995
2331 3544
2545 4248
3380 3819
3789 4944
1912 4716
2987 4335
167 4637
3049 3642
542 4300
450 4348
2892 4845
167 4850
4130 4160
1684 4454
3862 4717
2557 3489
3983 4136
3106 4671
3260 4117
2803 3971
1866 1921
2104 2391
3476 4717
4805 4977
3568 4693
1244 4864
2878 3774
2697 4812
2674 4719
1642 4789
64 4223
1226 4236
1763 4223
3075 4837
705 1432
1600 4864
1455 4607
3382 4942
883 4874
4824 4928
1164 1211
2963 3470
3731 4933
2741 3652
1792 3568
2279 3589
4186 4731
2464 4947
2892 4403
1802 4923
996 4824
3346 4296
4830 4868
1432 4041
914 3616
3534 4977
477 4585
2868 3999
1201 3585
2220 3046
1423 4513
3186 4762
4136 4799
1334 3083
4472 4630
1422 2391
3767 4551
2700 4838
1488 2382
4611 4684
1420 4923
229 4678
4779 4994
3817 4995
4170 4535
2522 4627
4332 4583
3983 4947
3181 4895
606 653
2108 2898
4720 4866
2724 4812
4136 4520
1249 3728
3995 4850
2621 4731
2557 3676
1093 4933
578 3890
3400 3606
1690 4834
571 4775
3022 4161
2262 3755
4332 4937
2932 3206
1422 4087
2991 3116
3261 3690
2886 4834
2008 3868
3229 3541
1104 3650
489 4010
3123 4783
3788 4747
1666 4942
94 4022
4300 4980
4773 4856
3568 4384
1598 4830
3613 4654
3193 4021
1891 4977
4684 4897
122 4257
4119 4598
2659 4875
905 4452
4110 4133
2884 4994
1987 2385
2245 4611
3773 4859
3889 4070
1032 4834
2039 4977
1098 3984
4364 4455
2301 3173
317 4668
3367 4416
628 3958
819 4774
2176 4436
1448 4182
1577 3671
27 3367
1538 4611
2476 4062
3376 3640
2802 3412
476 4485
1343 4637
1467 4621
1612 4062
3991 4877
3348 4977
3774 4583
2400 2775
1064 4516
2782 4845
2415 4909
58 4820
585 3476
262 4223
1959 4868
4544 4766
2008 3913
1643 1822
1209 3640
4584 4970
2045 4747
2803 3690
506 3628
2780 4715
3261 4308
4092 4117
4487 4851
1273 4987
244 4467
4558 4668
2788 4828
88 4783
1265 4447
2328 3022
1432 4269
587 4356
1788 3279
73 4920
4558 4937
4022 4916
2668 4724
3209 4067
2668 4747
563 4301
2828 3819
2937 3682
3153 4717
1211 4937
1886 3046
4485 4643
1802 4590
1253 4928
1812 2888
3107 4486
3034 4595
3846 4528
4048 4717
3813 4771
4485 4805
1305 4927
2390 2874
3735 4660
1817 3732
1527 4231
2747 4792
3921 4140
3905 4775
58 3837
2290 4186
1753 4257
2995 4992
2227 4138
1249 2593
2660 4583
1689 4269
2822 3138
3767 4429
1253 3363
2766 4895
729 2559
4087 4236
332 4995
704 4630
4114 4118
118 784
3219 4685
4743 4866
2843 4218
4092 4895
261 4267
2045 4307
2932 4618
866 3428
1009 3279
4118 4867
336 4226
3418 4636
1405 4737
2988 4618
4895 4995
374 4386
1577 4795
99 845
2039 4744
3603 4536
3828 4326
875 4248
606 4551
4766 4923
1512 4386
1538 4777
3628 4429
653 3890
2976 4895
1952 2622
3624 3995
2519 4850
4472 4477
1862 4668
3358 4371
1777 4048
2741 3794
4583 4584
3475 4296
1904 4326
1867 4586
2620 3568
3999 4142
1858 4414
2583 4684
1638 4977
2817 4052
827 3279
914 3470
1068 4838
3229 4384
4070 4416
1858 4544
2926 3690
2741 3066
3544 4797
1054 3156
1363 2727
1987 3489
3583 4787
142 4795
3616 4486
1273 2198
606 2523
1922 4643
4174 4942
2379 4472
699 4937
3544 4938
3289 3441
3120 3838
529 2622
3416 4356
1855 3957
1874 3358
3541 4244
2198 3194
4538 4643
2553 3183
136 4379
1792 4584
4866 4901
641 3587
2730 4062
1965 4856
3237 3276
113 3224
1783 4858
344 3628
1525 4838
1914 4743
2009 4777
83 4584
3956 4151
1109 3087
2765 4536
900 4142
1776 4224
4319 4994
3649 4938
657 2619
872 4909
3429 3719
2874 3861
2222 3833
1043 4920
1413 4635
4492 4828
3520 3642
511 4558
3684 4524
4371 4601
690 3425
959 4486
3767 4048
244 2100
1230 4460
2523 3431
2843 4868
83 4970
1931 3539
3567 4737
1405 4598
2283 4375
2937 3322
3848 4467
4538 4837
1218 4654
418 4574
3289 4231
2668 3429
2571 2868
3476 4868
1335 4743
402 3297
113 4233
2186 3987
4218 4551
3769 4937
3735 4627
4703 4920
2583 4897
4326 4400
2246 4005
900 4384
2411 4070
3307 4592
4492 4578
4584 4783
183 3868
1765 2598
2088 4715
2545 3648
690 3152
1642 4942
278 4199
1068 2217
3502 3671
1801 3116
4267 4486
3453 3956
2382 2651
2736 4404
2479 3987
2336 2691
3168 4956
2545 3891
4506 4695
85 4065
3441 3453
4608 4787
2007 2037
2421 4850
3544 4725
890 4760
3969 4595
2203 2788
997 4437
699 4864
4621 4897
1441 4218
3186 4997
3536 4956
4877 4956
760 4737
111 3313
2078 4034
1776 4797
1612 4371
3208 4637
2189 3348
3237 4766
1853 4744
3400 3987
3221 4970
2780 4558
3153 4716
3203 4755
3173 4705
3337 3429
1525 4909
402 4161
741 4010
2190 4677
429 4963
456 4874
3963 4685
2519 3429
3221 3861
4326 4429
4608 4947
1988 4923
1352 4365
3676 3902
4834 4927
1817 4933
2767 3902
3728 4375
357 3982
4799 4992
3246 3400
419 4152
1124 4743
232 3640
871 3221
1423 4830
1776 2857
1441 4048
3644 3657
4067 4178
4520 4787
4627 4747
1432 3644
2471 4743
4429 4895
2983 3624
739 4824
3422 3852
3971 4150
3302 4981
848 4544
732 827
4186 4458
2741 4838
2376 4186
1444 3740
2262 2390
3418 4637
3738 4585
69 3436
2771 4186
3640 4805
556 4678
4561 4877
2882 3740
1233 4607
2820 4830
597 4636
2393 4326
4267 4384
3363 4602
3441 4369
3684 4779
818 1529
537 4671
1864 3220
116 3671
2616 4584
3732 3767
2269 4766
930 3041
268 760
3587 3657
1463 4877
4174 4610
1690 3026
1083 1946
442 4110
1271 4773
854 2104
1896 2007
2078 3535
2476 4942
4516 4805
4601 4875
4520 4608
1638 4643
3137 3397
3102 4561
583 4695
3999 4850
1068 3652
3738 4792
793 4524
4403 4901
1921 4585
2049 4231
2039 2299
264 1850
1100 3203
3735 4170
3673 4300
2878 4828
1673 2886
2732 3958
269 3905
4165 4677
1841 3905
1501 4694
1897 4946
3464 4920
1104 4138
1789 4405
2299 4909
466 4528
1405 3760
4851 4956
1562 4535
1898 1959
3261 3861
1215 2200
3606 4744
2834 4882
3584 4705
3838 4524
4379 4695
2189 4034
4152 4668
2415 4875
3616 4694
219 4705
2766 3946
349 4606
1644 4487
2865 4715
4420 4510
506 4635
2727 4705
164 3173
3366 3552
4915 4933
1363 2882
296 2888
3583 4950
3007 3778
4795 4830
1874 4510
2283 3728
3219 4774
3819 4041
1864 4583
3057 4946
2400 4726
848 4458
3106 4850
427 3848
2428 2877
4226 4820
2980 4359
3703 4773
4034 4041
1847 3848
631 4535
3026 4747
3380 4762
4724 4726
1308 4834
2924 4938
3297 4384
3533 4980
931 1753
2682 4795
3755 3787
631 4170
2028 4269
2774 3227
4150 4987
4188 4522
732 3279
4379 4452
2409 3429
4685 4703
3624 4037
4133 4808
4117 4307
1673 4558
3813 3819
2545 3830
2363 4834
1093 4808
1649 2872
3178 3552
2857 4920
4856 4928
2398 4743
2976 4356
3895 4897
1785 3626
3482 3535
2330 4737
2843 4048
556 4458
2834 4429
2622 3904
3817 3983
3083 4607
4820 4834
1160 4992
2222 4717
142 3266
402 4715
3208 4384
1584 4994
591 4486
4602 4837
3769 4558
64 4010
2049 3395
169 4654
1109 4811
2616 3585
3307 4981
3201 3787
2668 4726
2619 4186
2806 4923
2820 3605
1858 4837
1904 4400
72 3904
2100 4467
1043 4535
4797 4836
1028 4257
2019 4379
3041 4916
1343 4957
73 2806
2980 4942
707 4775
1487 2390
2668 3628
3719 4595
3740 4834
3501 4403
810 4630
1867 3129
3291 4963
4845 4992
3606 4643
2860 3393
2164 3670
3675 3732
3436 3999
3343 3453
1988 2806
4799 4995
1858 4602
1355 2176
1238 3339
2230 4799
4487 4928
1420 4652
4429 4668
3320 3533
1187 2724
172 4643
507 4308
3059 3635
1486 4307
2478 2631
3628 3769
1610 4824
211 3957
1560 3183
3095 3138
373 4901
4188 4654
2746 4877
2843 4506
2227 4092
1145 4766
3380 4771
2409 4117
653 4868
47 4117
3736 4811
175 4273
2299 4755
1366 4997
4592 4992
291 4838
3083 4654
872 3056
1314 3835
413 4850
1832 3807
3567 4010
3852 4169
4487 4546
1636 2400
2315 4805
926 4771
1711 4779
4583 4586
4828 4874
42 4044
4799 4950
4186 4678
2902 4447
298 4041
2464 4950
2802 4524
1244 4590
3534 4980
1847 3570
1647 4044
2788 4359
2557 4437
3425 4369
402 4787
440 4354
2843 4267
3828 4037
3418 4909
144 4811
3817 4992
4671 4797
3393 4217
1218 4808
2428 4693
3720 4371
1982 2559
2559 2878
99 4837
2049 4151
3279 4217
2008 3320
3012 4140
481 3209
4006 4760
1211 4866
4308 4429
4524 4994
4987 4992
2353 3846
3649 4654
585 4048
301 4447
3501 3670
2948 3690
3244 3956
2465 3418
2851 4693
2642 4233
2111 2698
563 4946
4561 4618
2674 4178
99 4076
3890 4506
3624 4850
1094 4379
1113 4994
2559 4874
3320 3913
3489 4300
2331 3378
2834 4164
1487 3201
3227 4775
815 4944
2516 4174
3532 4354
3852 4608
1423 4062
4717 4868
1825 4868
3346 4538
765 4418
2984 4487
4447 4546
2379 4152
2878 3246
4611 4636
3626 4244
2108 3464
3613 3852
1422 4375
4067 4824
4524 4928
2242 4052
3692 4477
1230 4953
1858 4766
3692 4492
524 2963
2393 4705
1486 4726
1963 4182
3890 4218
1560 3683
3203 3868
496 3640
1109 1262
2066 3574
40 4877
4715 4868
827 1913
170 2476
4851 4923
2675 4354
2432 4720
1233 4695
1897 4856
83 3585
183 4875
1343 4719
4405 4585
3946 4182
2817 4065
1116 4555
2986 4371
3502 4795
2902 4487
3589 4928
1847 4300
3034 4720
2697 3544
3155 4980
3778 4251
2164 2432
2037 4132
3140 4950
1148 4877
3583 4981
4296 4805
3828 4944
628 3194
3320 4755
1891 4643
2019 4726
4458 4716
1866 4792
953 4386
4070 4859
1551 3436
3397 3999
2581 4693
1186 1396
1009 2747
466 2422
2803 4987
3095 3246
2809 4251
529 953
1465 4797
3211 4970
113 4169
2541 3229
1866 4022
1238 4224
3166 3320
1098 4808
3429 4747
2220 3889
4218 4569
3476 4048
255 4602
2385 4152
3626 4052
478 1767
344 4820
3244 3682
893 3740
1273 4606
3363 4544
172 4538
1278 4386
578 2228
3057 4595
3482 4705
524 3752
27 3904
3605 4142
341 3613
1648 3963
3400 4744
3969 4403
47 4850
4307 4671
4087 4233
1896 4915
4677 4762
573 4824
1475 2788
3116 4995
4590 4726
4787 4947
4584 4598
3731 4148
2111 3755
1767 2906
2877 4244
3526 4963
2874 3302
170 3985
4356 4654
2771 4335
264 4486
3368 4784
2046 3380
2320 4897
921 1837
2690 4727
4875 4897
1452 4618
2283 2642
1235 2622
3087 3985
88 4584
4578 4882
1948 4970
2428 4308
3735 4693
3984 4178
4319 4937
2071 2411
2088 3957
644 4944
1271 4963
524 2463
40 3536
3083 3788
3354 3737
793 4779
1866 4269
1638 4980
2186 4864
133 4087
1238 3658
4812 4828
1362 4546
3819 4677
172 4947
2736 4685
3769 3982
1912 4458
4182 4916
3346 4744
3589 4444
88 4970
3425 4225
3703 4946
4251 4858
2279 4920
3549 3833
3787 4249
139 4944
3652 4838
3156 3464
3501 4901
4953 4992
4065 4893
3183 4963
4668 4937
857 2400
3416 4705
3066 3366
1032 1444
3205 4766
3297 4693
4354 4784
818 1209
2363 4824
3593 4070
169 4460
448 4858
1643 4637
2774 3752
4795 4997
3650 4824
4725 4812
4799 4981
2855 4808
1413 4777
1551 2147
3983 4520
996 4856
3400 4977
11 4467
2066 4970
2855 4654
730 3956
4170 4627
1209 4877
1965 2578
3194 4836
4248 4621
4643 4977
2631 4436
2197 3066
698 4160
1160 4981
4005 4627
3649 4188
4538 4977
3554 4248
3574 4970
1210 3635
2244 4454
708 4677
1028 4836
4010 4630
639 4561
133 1422
3833 4218
3983 4787
1952 3201
2730 4830
1525 4950
2189 3535
2007 4130
2100 4586
4536 4942
4923 4938
2874 3568
1847 3673
2479 4694
266 4779
822 4716
3534 4516
1988 4652
4432 4621
1479 4743
3412 3838
4837 4851
2448 2747
2262 3787
2045 3503
4760 4970
3205 4867
2390 4915
1886 3428
166 4783
3257 3817
4152 4937
3692 3835
456 3692
1211 4152
2621 3902
996 4877
3807 4598
2631 4997
1753 3982
2583 4838
4233 4678
2200 4820
4006 4520
1610 4977
4516 4744
2571 3999
489 4777
2578 3593
3313 3692
3767 4506
4477 4874
1265 4546
3429 3503
2037 4933
2422 4170
1164 4937
2402 3059
94 4916
1152 3260
2279 4928
1410 3819
2806 4238
707 3292
1262 3921
3289 4369
2100 2307
1403 4437
2331 4725
2315 4895
3220 4546
3921 4811
1412 3760
3412 4169
2851 3302
4151 4231
784 4977
3337 3835
3428 3644
641 3833
2500 3183
1789 1954
3248 4820
1880 4725
729 1116
2246 2446
2884 4224
4034 4671
1488 4834
2806 4837
2963 3227
3143 4830
822 4458
4608 4950
3211 3574
2521 3168
1838 3464
3777 4705
996 4946
2028 4838
399 4775
3913 4755
571 3470
1963 4895
3000 4048
974 2668
3181 4092
3862 4868
803 4775
2386 4938
3603 4789
3712 4188
3201 3320
1152 2400
2921 4859
3644 3652
4404 4569
489 4630
4296 4977
657 4731
2049 4510
2995 3805
4136 4981
3554 4928
4447 4923
3532 3723
2724 3544
4036 4771
3991 4132
2746 3991
4598 4987
3549 3732
795 4812
2491 4036
4140 4811
4335 4760
1488 4226
3541 4574
126 4487
2678 3168
2775 4799
2973 3123
2834 4856
3652 4400
772 4217
1935 3465
4225 4510
1262 4811
4522 4808
1802 4369
4418 4808
2424 4944
2008 3418
2147 3999
1690 4747
662 4811
1271 4301
1625 4867
2390 4249
1777 4755
4760 4915
164 3464
2039 4296
3322 4771
1415 3568
871 4895
893 4899
478 4506
3066 3156
4520 4950
2108 4963
3178 4405
4544 4779
2244 4920
1116 4492
1334 4607
1886 4792
1479 4866
2660 4487
4092 4356
2809 4916
3583 4799
4006 4592
2700 3541
3348 4858
3475 4744
3152 3358
4472 4635
4454 4703
4152 4558
3532 4606
4218 4774
1643 2865
3028 3532
1201 1738
2187 4737
1093 3846
4170 4528
563 4602
2379 3261
1904 2393
1690 3995
1648 4610
175 4326
965 4820
866 4558
245 2386
144 4233
1982 4937
35 3201
2523 3833
1161 4521
3640 4836
3346 3376
753 3376
4485 4744
2995 4608
278 3649
1527 4070
2269 4923
3302 3731
1781 4319
2803 4492
3378 4725
2937 4771
609 856
1767 4838
1296 2620
1441 4773
3310 4140
85 4895
591 3261
1100 4909
138 3416
663 4070
3703 4301
900 1792
4414 4859
2860 4660
3583 4947
2622 3755
3266 3671
2620 4052
2421 4747
2114 4901
2307 3673
2979 4895
1533 4812
4300 4977
972 2448
169 4774
1939 3732
2411 3206
952 1352
1533 4797
1891 4980
2809 4364
2137 3738
1855 3733
1412 4766
3539 4574
631 4528
795 3544
1348 4997
3302 4995
105 4062
2780 3982
2320 4684
1009 2888
1763 3180
4146 4418
4760 4783
1354 4920
3022 3642
1486 4724
1788 4300
9 3129
709 4420
1684 4652
2698 3787
1563 4437
3835 4828
2510 4555
2186 4485
3261 4937
3635 4773
578 2222
1600 4348
4142 4522
316 4522
2583 4611
1260 2921
2336 4348
4544 4755
1667 3220
3012 3310
2782 4592
2114 4199
4136 4845
2037 4130
1687 4087
2571 4695
2465 2675
353 4838
2774 4146
64 2043
1160 4995
1362 4269
2047 4837
2269 4118
3155 3554
3889 4792
3276 4611
1638 4296
978 4036
4006 4981
3116 4799
2176 4062
765 3620
3397 4695
3567 4630
992 3028
1584 4036
3982 4152
960 3173
772 3413
3868 4716
639 1853
2409 3995
4005 4170
4369 4551
3712 4938
2741 4561
945 4528
2865 3838
934 3890
4379 4850
576 4909
1841 4897
4223 4630
3087 3778
3675 4717
1921 3046
2508 3095
1432 4916
914 4727
1441 4717
2039 4538
3987 4727
2065 3712
1625 4371
1832 3136
2510 4882
4726 4850
2415 4755
4660 4783
2521 4703
154 445
2906 3102
4370 4521
571 3292
4516 4882
2553 2932
3682 4165
2189 4586
2616 4970
571 2774
3902 4678
3890 4717
4178 4963
4558 4927
2046 4041
3268 4920
136 4452
477 3889
3808 4812
2422 4627
3220 4583
3648 4586
1177 2580
4592 4995
1874 3963
1319 3956
2147 4866
2402 3905
1781 4937
3393 3720
692 3720
1625 2631
2691 4828
3584 3589
3140 4308
365 4970
2976 4705
2139 4792
4799 4947
1083 4076
3007 4140
3807 4536
702 3838
1638 4805
4950 4995
1327 4866
450 4267
1488 2199
2822 3107
953 4621
2376 2771
1767 4400
3987 4864
952 992
1235 3787
3093 4920
3777 4895
4731 4737
3093 3585
2422 4005
3719 4901
1429 4528
2012 3244
2598 4808
4174 4947
1947 4652
760 4942
2593 4997
3425 4231
142 4169
739 4856
2480 4522
2049 4251
1850 3368
1931 4161
385 4774
4586 4980
3644 4269
1931 4574
1148 4458
709 4685
3735 4535
1870 2485
2054 4717
1218 3568
1625 1758
1405 3690
1788 3393
1916 4165
3805 4454
1412 4238
848 4731
1777 4909
1758 4119
883 3835
3520 4720
3676 4379
2887 4375
1596 4165
4319 4668
4535 4627
1501 4231
1836 4923
1116 4578
760 3603
2464 4981
162 4232
1792 2988
4607 4695
3320 4875
118 2516
4199 4654
2409 4724
765 4447
3339 3676
4217 4987
2203 4555
3769 4308
3307 3737
2618 3022
1896 4877
4041 4933
1758 2631
2037 4737
2159 4868
930 4792
203 4947
3310 3921
2480 4133
3237 4837
1642 3626
3203 4909
2747 4217
2363 4301
2697 4797
2906 4618
1537 4618
2139 4585
4592 4845
556 4731
466 2114
1678 3268
542 778
807 4874
3260 3995
4766 4837
4005 4535
3138 3987
2290 4716
3574 4598
4379 4472
4737 4942
1867 3891
2516 2926
4405 4820
2393 4273
2732 3738
1684 3658
4668 4685
2104 4139
1467 4611
2220 4916
1463 4130
631 2887
1644 4583
1093 4455
2059 2304
68 4034
167 4726
1271 4856
945 4627
2045 4726
3046 4916
2187 3393
4677 4771
1806 4671
4583 4928
3733 4928
602 4224
1161 3957
3354 4899
3703 4067
1886 3889
2203 4164
2187 4987
1946 4405
2705 4010
154 3616
2884 3268
4569 4947
122 4956
1642 4119
960 4899
2007 4877
3418 4755
3208 4610
1855 4521
2659 4909
2009 4953
1771 4694
1644 4824
4257 4836
1455 3083
4569 4717
1538 2705
4037 4792
4720 4928
945 4535
4151 4225
1378 3963
4400 4838
631 4138
1765 2834
738 801
815 843
3246 4161
729 3470
2951 4319
3807 3971
3956 4251
35 4249
3946 4356
1806 4370
3606 4805
597 4611
11 3673
3137 4695
3229 4660
1802 4652
978 4784
4151 4858
2782 4787
3635 3905
982 1912
1648 4420
1687 4375
360 3422
1465 2651
3805 4995
847 2419
2800 4269
1837 4684
2230 4787
2780 4677
2336 4694
543 3536
2078 3830
2476 4997
2515 4485
3292 3752
3642 4866
807 4520
2465 4684
1560 4561
3152 4830
35 3755
3889 4916
4273 4899
3046 3057
3703 4856
2108 4178
3807 4942
3846 4938
4444 4828
1584 4224
729 883
2330 4598
3587 4916
1323 4178
2198 4257
448 3453
1904 4432
4133 4522
3394 4897
2320 3895
1057 4307
4238 4602
1711 3684
2782 4947
992 4828
3394 4944
3160 3482
3136 4987
738 3658
2493 3211
2820 4601
2744 3723
2995 4981
4477 4492
1100 4875
3723 4850
4950 4992
4142 4797
2902 4546
2379 2786
740 753
2448 3393
1187 3378
2887 3358
890 4970
2059 2521
3628 4668
3033 3794
3736 3921
2133 2493
3431 3890
4118 4837
1235 1423
183 4513
3056 3348
3585 4957
3971 4987
2446 3737
1423 3605
2422 4528
1864 4447
173 4923
3220 4928
1610 4856
4136 4947
566 4678
11 793
510 4775
2924 4654
3136 4174
4308 4715
2476 3358
4370 4671
2963 3752
3891 4232
506 3221
2872 4859
399 3292
476 4980
1948 4660
125 3059
1416 4460
450 1771
2991 4608
3861 4477
2690 4694
2817 3549
847 4997
2902 4928
2581 4384
290 3999
183 4637
1218 4522
1666 2519
1562 4528
1429 3719
2660 4705
2995 4787
945 4138
2697 2857
2932 3102
3041 3889
3635 4856
2744 3640
132 3999
2071 2553
3520 3969
2766 4092
875 2245
1837 4611
1625 4569
466 4627
4006 4114
803 4705
3805 4845
602 4269
2771 4716
1812 3720
4420 4703
442 4044
42 4429
1348 2884
2491 4994
138 4092
4332 4546
3028 3895
1776 4725
4720 4901
451 3794
3603 4598
481 4775
136 4635
4867 4868
1452 2553
3502 3852
2606 4404
1148 3891
2580 4236
3635 4775
934 4970
690 4371
3046 4585
3732 3862
2320 2583
1357 4923
3339 4224
9 3652
167 3755
3616 4727
166 1838
4755 4957
974 2788
4830 4916
3544 4812
1867 3535
3788 4695
4146 4808
3503 4724
4130 4148
105 4574
4652 4766
183 4472
1057 4927
261 4510
1666 2736
2976 4182
198 4668
1354 2227
702 4779
4555 4946
2330 4942
4792 4882
2578 3257
2456 3813
3173 4920
2217 4400
4308 4668
1118 2046
4067 4856
3817 4845
2622 3201
3712 4654
2991 4981
445 4544
1075 3310
704 2705
3649 4808
4114 4608
1350 4375
784 4980
2479 4727
374 4859
4578 4874
1568 4774
2382 4161
244 3570
1889 4513
1600 4267
4119 4789
3016 3302
2580 4375
1913 2865
2147 4695
2973 3585
2336 4267
4300 4369
413 4909
2320 2675
3728 4365
2419 4747
1001 4076
4164 4267
4130 4359
733 4138
2199 4834
2372 4087
698 3731
3354 4851
3120 4524
2415 4652
2783 3740
4601 4977
3380 3682
3397 3788
4652 4851
2071 2932
440 4621
4660 4777
2979 4859
2836 4944
3830 4414
215 4901
489 4635
3266 3852
2783 4834
2298 2892
4684 4994
1812 4217
4590 4837
566 4731
1908 4578
3535 3541
1018 4420
4233 4236
1253 4521
296 3393
2622 3261
4359 4933
4447 4715
133 4236
1410 4621
3652 4524
1210 4875
2198 2951
269 3752
373 2471
3808 4797
4150 4789
429 2342
301 4487
2419 4139
133 2283
4963 4980
576 4875
1131 4238
1018 4685
3956 4510
2359 4980
4160 4432
2882 4834
1403 3740
4319 4715
2675 4636
3805 4981
2190 4225
2802 4521
2877 4654
2083 4684
3913 4637
4795 4808
1599 4897
3760 4076
1771 4164
2083 4522
2619 4716
402 4637
3712 4522
573 4856
3152 4795
4067 4946
2088 4370
2379 4558
591 4677
3712 4808
815 4460
4404 4685
2421 3503
1357 4238
543 1870
1097 1896
3431 4717
2948 4737
3153 3729
1889 4909
3246 4909
4783 4970
2700 4273
2028 4400
3416 3584
1448 4420
1467 3552
3913 4513
1327 3957
1064 4980
705 1362
2285 4987
2290 4678
88 2616
3574 4584
1118 2986
1806 4521
1783 4369
3728 4233
4694 4703
3969 4866
166 4660
4716 4882
1834 4828
427 496
1704 3736
1577 3502
4608 4992
2137 4585
931 4569
4414 4719
4460 4774
3868 4513
1653 4901
1022 2820
1853 2500
3603 4737
2868 3963
27 3773
1789 3526
1775 4598
3422 3613
707 3752
3380 4041
3339 4784
4472 4777
3026 4037
1765 3890
418 4052
3123 4546
3984 4773
138 3946
1429 4901
3026 4850
25 4777
3807 4737
1913 3838
3983 4799
83 4783
3143 4062
4837 4923
4536 4946
3683 4717
982 4716
126 4546
1094 4909
1452 2411
1667 4487
2500 3206
3568 3626
3985 4937
3429 4724
395 3227
1538 4635
2885 4957
2786 4937
2363 4856
3322 3819
1363 4820
3307 4486
2775 4117
2776 3181
3587 4585
3735 4005
2114 4595
2379 2780
2471 4901
3999 4877
177 4719
3140 4947
4257 4301
2242 4574
3475 4805
1584 2491
1249 4233
3690 4737
3987 4267
1708 4160
3603 4987
2776 4356
2886 4226
332 4981
2315 4516
3778 4811
3589 3957
84 4370
1323 2669
3156 4365
2320 4636
506 4319
4300 4805
3554 4621
3868 4719
290 4643
2372 2580
2593 3358
2724 4797
303 4950
3367 4070
4041 4771
3983 4608
2491 3339
2992 4359
3921 4585
2782 4981
451 4685
3425 4858
4052 4244
3260 3624
2009 4379
1914 3501
1980 3320
4365 4920
879 2463
3760 4119
4139 4598
2860 4132
4021 4837
2578 4414
4578 4828
25 4472
529 4611
2541 4893
2675 4611
215 3969
1939 2571
3257 3593
4186 4716
4755 4875
879 4611
1352 4114
793 3412
3536 4851
4546 4583
3642 4142
2047 2888
1054 3168
3106 3624
3737 4933
3589 3733
2860 3971
3778 3837
2625 3183
595 1711
1432 3587
4787 4950
4528 4627
3453 4858
3503 4574
4444 4830
709 4694
900 3541
1855 4444
730 3470
1913 4779
3682 4041
3049 3368
1378 4685
2921 4070
3830 4660
1308 1444
583 3436
3606 4485
4142 4244
1663 4938
2800 4784
3056 4618
3153 4348
2376 4716
3969 4901
4365 4956
2300 4379
2285 4169
949 4812
3536 4130
571 4720
4824 4856
2817 4927
2690 2822
2747 2888
4273 4400
3902 4186
2173 3712
211 4867
3219 4755
1874 4420
1177 4236
2948 4174
349 4695
1145 2245
2780 4937
3057 4920
1068 4273
1980 2299
1763 1789
739 3205
2553 3206
1551 3137
4062 4602
3735 4528
1335 4874
1161 4444
872 2868
4452 4635
4006 4845
1758 4830
1832 3971
1116 4874
2834 4824
3260 4726
2054 4994
997 3489
3675 3862
1343 4755
353 4400
2937 4677
344 4834
1124 4866
3808 4375
1350 4233
1847 2100
232 1445
4789 4942
3489 4437
2164 4743
817 4432
3760 4492
4174 4598
3016 3692
3736 3985
111 4882
150 4586
3400 4805
2197 2964
4643 4980
2043 4010
857 4590
3261 4152
3554 4037
4643 4805
298 4799
1335 2391
2092 4947
1947 4621
725 2244
3418 4875
2522 4685
3788 4160
854 4335
2732 4882
2407 3339
2991 4947
856 4607
306 3203
477 3958
290 3436
3649 3712
4452 4671
2775 4850
529 4169
3431 4551
1834 4477
3520 4866
442 4920
3046 4146
960 4405
2669 4856
1560 2500
1578 3957
2359 3838
2964 4044
883 4956
3670 4866
3606 4783
1273 4437
3767 3833
4405 4595
2037 2746
1211 4558
2782 3817
2887 4485
3593 4414
324 4405
692 3012
4130 4432
2669 4301
2065 4199
278 4808
4635 4777
3276 4953
4160 4933
3585 4970
1666 4685
2088 4444
3585 4660
2515 4296
3425 4300
3520 4403
2456 4762
2625 4561
1987 4437
2682 4130
1177 4375
1980 2322
1452 4606
3380 4677
709 4610
1678 2888
1578 4521
4544 4602
1097 3957
3526 4522
3946 4705
791 4774
3400 4485
3534 4485
4715 4937
563 4963
296 4217
848 4678
3221 3982
3346 3606
349 3539
3585 4584
2478 3605
316 2855
266 3684
3731 4915
1908 4874
4856 4963
733 4535
4296 4538
1643 3120
3794 4685
1355 4875
4544 4851
98 4705
1916 4771
3805 4992
2580 4838
2479 3628
2066 4783
2983 4034
2182 4775
1163 4420
2921 2979
4779 4867
1908 4477
2088 4521
4174 4987
4420 4610
708 4762
3354 4132
3186 3819
2976 3777
1045 4726
3703 3735
1678 2741
1952 4630
2478 4830
4244 4693
4797 4927
1032 4820
3828 4335
3549 4506
842 2428
1305 4977
576 4719
1675 4747
373 3670
1836 4766
707 4859
3861 4152
3644 4792
4405 4760
988 2980
173 1412
1858 4117
709 3794
4146 4938
138 4356
1982 4477
3520 4743
760 4536
778 3956
3675 4858
1837 4636
2200 4834
791 4460
542 4231
3861 4717
1177 3728
2359 4485
3208 3394
3123 4957
2385 4715
4174 4789
4558 4771
1947 4354
3767 4569
4186 4882
4092 4182
3642 4901
3083 3436
3123 4584
3983 4118
1403 4820
2422 4535
3313 3337
4136 4950
1922 4779
1870 4877
3482 4034
264 1875
493 4348
2456 4771
2700 4606
3102 4618
1916 3322
2228 4868
4067 4773
4006 4608
1853 4695
2342 3735
1413 4379
1914 2298
1465 2328
3220 4487
982 4678
786 4437
1210 4909
2521 2678
1908 2203
2921 4414
3684 4994
3861 4188
2480 4808
738 3339
3567 4223
3322 3682
566 2621
634 4812
3808 4231
1423 2476
96 3221
2963 4400
1043 4005
2173 3649
478 4618
2668 4369
3237 4602
1163 3224
803 4356
2330 4789
4755 4787
815 4953
3168 4920
2245 4354
2009 2300
1584 4784
4199 4795
1093 4146
4117 4927
1323 2516
3999 4830
959 4348
1789 3366
657 4678
3539 4743
2806 4506
3168 4044
2964 3268
1563 3676
857 3260
4076 4405
164 2244
734 4893
4326 4882
2059 4808
4006 4799
657 4226
2973 3574
98 3584
2553 3805
1954 4915
931 1855
2820 4766
2159 4506
4584 4760
1880 4797
2516 4789
3000 4218
3794 4420
3846 4110
3584 3777
2285 3502
357 3985
2298 2304
3343 3425
2691 4521
2013 3193
1738 3657
3343 4858
3583 4636
3583 4845
1238 4994
1551 4695
3219 4957
4114 4136
703 3503
1187 4725
3703 4963
144 4859
42 1678
4947 4950
1708 2992
3475 4882
692 4140
1870 4933
4671 4850
1353 2583
2902 3620
1537 3541
765 1788
1154 4895
3777 4528
1855 3589
2822 4864
3830 3891
111 4555
1359 4779
739 4963
1982 4874
2783 2882
3310 3778
3260 4671
1874 4610
1022 4997
701 3773
3476 4598
1308 4226
2834 4946
2342 4528
2843 3833
3534 4678
4601 4997
2865 4779
1233 2147
3416 3422
3276 4335
1663 2598
2500 4618
4695 4893
4774 4953
502 4743
3773 4386
879 3635
890 4660
3740 4188
4602 4766
905 4223
3059 3752
2522 4610
1396 4467
3682 3813
2593 4830
3971 4174
2519 4307
2774 3470
1825 3570
4569 4685
4335 4774
934 4506
692 3921
845 4405
4586 4671
133 4233
1053 3368
2519 3106
921 3554
2924 3649
1704 4811
3482 4232
2621 4716
1850 4036
2885 4994
2104 4233
1486 4947
232 1596
854 4953
2464 4992
3957 4928
2359 4977
3536 4132
1273 4364
1533 2081
510 3209
2619 4882
4660 4970
4369 4858
3755 4249
2800 4301
2765 4737
1075 3921
1372 4418
2203 4578
2386 4795
349 4693
1366 4371
3123 3574
2508 4694
1091 4805
324 2013
4114 4995
427 4555
336 2783
2516 4598
4052 4065
2182 2774
1305 3555
3703 4824
872 3788
4251 4369
2409 4037
139 4774
2924 4808
602 4792
4654 4938
4348 4694
2262 4558
1889 4755
271 4467
2500 3102
708 3819
4301 4824
2304 4249
2820 4997
2802 2865
118 4744
3728 4236
72 1987
3397 4607
3181 3416
2315 4744
427 4783
2222 3732
3292 4775
1163 1808
2855 3712
965 3248
847 4436
3719 4403
4799 4845
1501 4226
2675 4684
2559 3138
4608 4995
442 4454
1847 4467
1362 3587
2402 3635
4808 4938
3805 4950
229 4186
3670 3969
2727 3752
2471 4866
105 4437
3958 4927
4429 4715
3769 4319
3833 4551
2926 4987
3760 4987
2705 4452
3683 4165
138 4703
1870 4062
583 3788
2476 2820
4747 4850
2114 4720
511 1862
240 4561
1935 2744
1636 4301
2620 4693
3985 4140
3828 4273
4371 4997
1525 3652
2746 4510
2300 4223
1043 4627
1538 4630
115 3971
68 4472
3033 4420
945 4170
3376 4257
784 3291
2865 4524
2775 4257
644 4774
4716 4992
1915 4834
481 3905
3007 3736
698 4877
3395 4251
3574 4783
3140 4845
3289 4909
1363 4226
4643 4882
1954 4076
739 3984
1423 4371
1429 4595
3368 4224
2390 3755
3095 4164
402 4866
1690 2519
2776 4133
1057 3026
3279 4232
35 4851
3958 4551
2948 4789
73 4901
2987 4953
1201 4783
4114 4845
4592 4799
4805 4882
4418 4522
4432 4915
2491 4224
2065 2598
2065 4938
3397 3436
1031 3640
3533 3868
518 4760
2776 4705
3012 4354
1853 4561
2463 3059
150 3567
4574 4927
3268 4516
2828 4677
583 2973
4379 4630
3093 3123
1704 4140
2691 4727
2217 2393
4716 4731
1452 2988
4070 4386
803 4092
2776 3946
3166 4472
3549 4737
170 1262
2892 4720
4248 4684
4602 4652
3526 4654
978 4224
1531 3767
1788 3985
296 972
1265 4583
1636 4850
4226 4834
2336 4937
4947 4981
543 4933
1922 4980
2435 4585
3807 4789
1045 4724
4521 4928
1875 4486
4364 4717
2230 4114
1875 4727
1348 4970
3153 4678
2419 4369
2921 4416
511 3982
2625 3963
1997 4773
2186 3616
3209 4775
2285 3266
3956 3971
1684 3736
1939 3549
2976 3181
2519 4724
4637 4909
2898 4946
1422 3956
169 4472
3658 4864
2028 4899
1808 4610
1104 4627
3536 3731
3532 4224
3719 3833
2868 4092
260 3574
3861 4715
696 4052
3675 4506
77 4535
2924 4199
531 4837
4359 4432
3999 4695
4506 4868
2336 4727
2463 3635
2515 4516
2480 4418
2631 4601
144 4789
2522 4724
271 3673
3995 4117
113 2493
730 3292
4364 4915
2674 4773
3535 4586
4062 4601
1952 3453
476 4977
1396 4726
2992 4836
1497 4236
2872 4719
4724 4747
3848 4766
4766 4851
3143 4584
4715 4994
3773 3861
3033 4685
3606 4516
260 2476
301 4583
1372 4654
139 3789
791 4953
1527 4307
1806 4444
2691 4864
4052 4414
4232 4671
1527 4416
1350 4236
1124 3969
4273 4326
1560 1649
3276 4460
2300 4777
3205 4021
578 3675
4300 4437
2359 4805
3644 4022
3166 4630
3193 4789
4717 4970
1215 4970
2133 2682
2937 3380
3034 4743
2802 4779
1834 2559
3584 4182
2478 2986
3343 4151
1822 3412
4607 4787
2771 3729
704 4777
2322 4909
4454 4956
2619 4458
2877 3394
3034 3731
2301 4348
3120 3684
1265 2986
3354 3453
1862 3769
2054 4784
1965 4416
2817 3297
2979 4416
1230 4774
3731 3991
3075 4602
3412 4524
2322 2659
1775 4034
1904 2217
2593 3152
1527 3773
2976 3416
1965 4070
1318 4953
365 4584
4992 4995
68 4586
2988 3183
1449 4436
1093 4909
1551 4607
2580 4233
1914 4595
778 3624
68 4232
2765 4868
3732 4551
1355 4755
142 3613
2642 4375
4477 4574
3650 4404
3322 4041
4354 4897
2508 4164
1527 4859
978 2580
1487 4249
2571 4607
704 4472
786 4627
1045 4138
3320 4909
890 4783
2668 4117
3828 4953
2379 4319
211 3589
703 4716
4403 4824
1314 4492
4944 4953
3193 4076
3155 3160
1296 3541
997 3904
1186 3673
317 4558
2298 4720
4065 4384
4516 4980
30 4685
3690 3807
669 4874
2593 2820
203 4981
4041 4677
1091 4538
2407 3368
595 4779
2228 4717
3830 4866
1577 3852
3628 4558
3412 3541
2948 4987
390 4685
3895 3905
1667 4583
3429 4611
2621 4678
3805 4520
1201 4970
602 3889
1327 4403
597 4621
3224 4169
3852 4142
959 2464
634 4725
3958 4792
1781 2786
3378 4743
3143 4997
4477 4578
1904 3211
3620 4487
2776 4092
2182 3905
4520 4992
2186 4727
3057 4773
4403 4743
3805 4799
587 4705
3760 4789
445 4923
2083 4354
2616 4627
1100 4513
2199 3248
3777 4182
3083 3397
3769 4487
1875 4267
2806 4544
2987 4774
3180 4405
3984 4946
4933 4937
4592 4606
203 4992
4359 4915
116 4787
4114 4799
3946 4895
795 4725
3028 4248
4065 4142
4118 4238
4783 4957
2301 4486
1335 4947
1305 4805
1897 4963
3416 4895
3400 4516
3861 4308
4146 4199
3376 4364
2186 4164
3395 3956
2765 4987
2803 4536
255 4118
3835 4874
644 4953
2246 4528
4795 4867
1323 3984
1850 2491
3012 3087
2007 3991
1531 3862
1738 4584
115 4942
663 4386
3733 4671
2421 4037
4138 4535
988 4217
1001 4405
4233 4375
2298 4455
303 4592
2746 4851
2678 3838
2986 4997
3120 4779
219 3946
2766 4705
3729 4716
2987 4725
298 4950
524 3209
817 4933
3289 3453
3983 4992
1529 2779
271 1186
4301 4963
4118 4923
4787 4805
2173 4110
3835 4477
317 4937
3237 4652
1403 4226
4766 4867
4737 4987
154 4169
1531 4717
2083 2926
3624 4574
3168 4607
3136 4957
150 3830
2059 2111
3956 4607
116 4467
3624 4747
3971 4737
2230 4947
3958 4627
543 1463
765 4583
3339 4036
1817 4132
2964 4920
2744 3194
2065 4249
1872 2631
1475 4578
3830 4586
2578 2979
2992 4933
2948 3181
4524 4779
1738 3574
1278 4859
2522 4856
3194 4257
240 3520
3095 4864
3648 4034
1253 3589
4595 4743
2767 4186
4005 4528
4867 4874
2456 3322
4146 4188
1886 4269
2523 4762
3209 3470
1163 3837
772 2892
921 4611
848 4845
2500 3489
2516 4784
875 4875
4354 4636
3946 4301
439 4535
3828 4838
2419 4789
283 3671
2885 3807
3593 4386
2521 4920
2199 4820
1915 3016
2227 4170
1501 4486
1578 2088
4199 4602
1053 3658
3441 4225
4678 4716
261 4727
1904 4838
1673 4834
1537 2926
1209 4257
3731 4130
2480 4506
477 3587
1808 3033
3567 4777
2456 3819
753 2779
1563 4956
4300 4636
2342 4627
1560 3102
2682 4142
1808 4420
4404 4610
1354 4627
4485 4980
3690 4942
3808 4937
2008 4875
738 2843
2705 3166
4516 4538
4592 4608
3813 4677
4522 4938
1867 3830
1988 4602
914 4267
952 4874
170 4811
2669 4824
374 3367
791 4992
3046 4269
795 2921
2220 3657
3956 4369
1948 3123
3616 4956
3808 4307
1838 3066
2342 4535
1525 4326
4845 4981
3737 4797
4052 4693
1334 3436
3733 4521
99 1939
1210 3533
3297 4052
1644 4546
2828 3380
72 4437
4267 4348
42 4920
571 2963
2619 4678
4520 4799
492 4895
2446 3605
4585 4792
2012 4920
3116 4981
4188 4867
3703 4928
4909 4957
531 4118
2673 3835
2992 4877
4792 4916
3767 4868
1501 2336
2372 2391
1785 2581
3817 4787
1763 1954
4866 4946
3367 4859
303 4992
2983 4850
988 3720
857 3995
4092 4705
2553 4899
678 1935
3848 4836
2435 4630
4364 4429
3995 4037
4236 4375
3363 4923
183 1913
1667 4546
1467 3028
1980 4875
2424 4953
2104 4236
1687 4236
4139 4536
2581 2983
3999 4607
1997 4997
2203 4874
1642 4987
3400 4114
4384 4927
4737 4777
2464 4995
3137 3861
3041 4792
866 4937
2424 4774
3166 4777
3642 3670
3733 4444
413 4875
3261 4715
2322 4592
306 4957
1837 3895
3057 4454
3535 4034
211 3441
3620 4516
3624 4671
765 4546
324 4760
4307 4724
1805 2359
3289 4858
2176 4830
1922 4485
609 4437
949 4574
125 4775
3983 4995
2028 3833
934 3000
2398 4403
1416 4774
4947 4992
1420 3363
1771 4486
2456 4677
1113 4224
2766 4130
3322 4249
1897 4301
4332 4859
2485 4130
3138 4727
2043 4452
1148 4160
1675 4779
1218 4146
3657 4927
177 912
4513 4875
914 3107
1155 3904
3129 4506
390 4404
496 1753
4737 4789
3033 4510
1352 4578
810 4010
1538 1642
2995 4950
3737 4725
1914 4142
3805 4947
1886 3728
900 4981
3958 4022
2691 4348
573 4773
2446 4830
2673 3489
3183 3206
4130 4877
219 4182
1822 4524
2078 3648
2465 4621
4114 4981
856 4437
1265 2984
3244 3343
1161 4370
3982 4308
4006 4787
1396 3673
4837 4901
2301 4429
1801 4947
3116 3363
740 1935
2376 4811
4486 4864
1767 2217
2019 4472
1362 3889
3016 3313
3049 4595
734 4110
4044 4920
4010 4472
3034 4901
4795 4938
1449 4997
1045 3026
3083 3999
3412 4928
1475 4882
778 4251
1952 2111
2493 3502
215 4152
2485 4877
1068 4771
2541 4693
3658 4747
2012 4151
2246 4138
341 4994
1837 4354
786 4915
2727 4895
4136 4995
2698 2730
2625 2906
2081 2724
4238 4923
84 4521
4370 4444
2137 4916
4356 4895
4365 4492
2767 4458
419 3982
2164 4595
2865 3684
173 4544
663 3257
424 3310
3137 3788
2159 3476
1891 2515
822 4678
2522 3056
40 4933
1644 3220
413 4755
3650 4946
2727 3416
283 3431
631 4928
3033 4404
3137 3999
2860 4130
4760 4944
3248 3740
1783 3348
3209 3211
4513 4637
4044 4956
3690 4139
3584 4820
1912 4731
2500 2906
3107 3987
3549 4717
3587 3958
3773 4414
531 4923
4773 4928
211 3984
2222 4868
450 4864
4595 4866
132 4607
1497 4458
1118 4762
3605 4041
3541 3626
2508 4963
4136 4140
198 2878
1914 4866
3957 4455
3995 4726
2270 4684
3891 4178
3541 4693
3220 4447
2173 4938
1305 4980
585 1765
1327 4595
391 4354
1872 4997
872 2571
3367 4414
3395 4858
4379 4777
211 4444
3268 3464
2419 4942
2705 4630
732 4217
1467 4784
4506 4606
1215 4834
4513 4522
4114 4520
1987 2673
2147 3397
306 4909
1467 4897
1935 3957
2673 4437
2322 4755
1104 4916
3777 3946
988 2047
3895 4611
815 4774
1075 3778
1405 4226
3143 3358
1982 2878
166 2973
4087 4375
698 4130
1889 2415
1053 4716
879 905
1053 4036
871 3777
1612 4601
1817 2836
2419 2803
395 3752
2187 4598
451 4956
170 1684
316 2720
1822 3684
2817 4384
2298 3585
3028 4611
2521 4454
692 4811
827 2448
3367 4386
3533 4150
2855 4110
1963 4356
537 3648
2197 4454
2045 3441
3093 4783
3657 4585
4528 4535
2300 4635
111 3774
1870 4359
1610 4928
3441 4251
2065 4110
696 4820
1872 2986
3028 3348
70 3671
1872 4436
1420 3554
268 4717
1081 4146
1922 4744
2400 4850
4010 4021
3106 4726
2009 3567
3208 4719
912 4535
385 4874
2428 3626
556 4716
3219 3963
3428 3587
1420 4021
518 3848
4301 4856
822 4731
1022 4867
2775 4590
1444 4226
1081 4808
4592 4947
1738 4970
2606 2744
1412 4602
1649 2906
1423 4997
1098 1131
3007 3921
3891 4034
2398 4720
291 4326
1808 4685
3642 4403
3093 4660
2054 3368
1915 4838
704 4300
4114 4592
1201 3736
4224 4432
760 4307
3441 4231
1653 4866
2809 4858
2147 4607
3675 4551
4199 4677
725 4715
360 3224
261 4486
4555 4938
3731 4132
801 3339
3984 4856
1145 4636
1866 3657
4114 4950
1314 4828
4119 4139
2964 3156
385 4837
3049 4720
669 4792
1444 4834
2435 3738
4592 4787
2054 2480
1775 4789
1415 2877
4332 4668
3227 3905
4232 4365
2510 3835
3995 4747
3178 4864
3026 4117
1429 3670
1260 4414
3193 3206
4789 4895
3732 3890
4744 4805
2108 4946
2545 4232
3789 4335
4386 4414
992 3313
1673 3248
4458 4867
445 4837
3183 4561
4010 4223
4520 4995
1562 3735
1653 3670
2545 4586
4146 4836
4136 4787
1643 3412
2987 4460
3465 4169
1473 3658
2691 4164
4558 4715
1921 4022
2331 4590
2376 4458
803 4895
2390 3787
2828 4041
2092 3733
1465 3620
3307 4799
1238 4719
1832 4937
4720 4743
2331 4797
2173 4199
4037 4850
926 2620
3257 4859
3489 3676
336 344
4875 4957
4138 4956
1908 3735
2885 3153
2921 3593
4851 4942
2820 4812
1551 3788
1260 4386
1673 4226
2246 4535
1372 3846
974 4726
3257 3773
4110 4938
2860 3354
4467 4836
3237 4544
1124 2398
1488 2290
1355 4909
2767 3729
1837 4775
4307 4726
1113 3368
4136 4783
1378 2736
2986 3358
4148 4513
3363 4021
4139 4789
4773 4963
1265 4487
2984 3620
3413 4217
4762 4771
731 3946
1649 2071
905 4472
4335 4944
2937 4041
2817 4244
456 2788
3136 4598
2995 3153
2133 3613
3428 4792
3729 4269
424 4784
1537 4693
122 4590
1689 4882
1599 3028
1343 4875
703 4520
842 2541
1781 4994
1045 2409
2435 4882
2992 4132
2727 4307
2857 4797
1473 4224
1131 4595
817 1148
2230 4950
3613 4169
542 2353
2902 4583
2046 4165
3568 4244
1097 4370
4621 4684
866 4668
2422 3692
3728 4087
68 3830
2465 4897
88 4660
4118 4766
94 3889
856 3904
2465 4611
2995 3983
1187 4797
2980 4405
912 3628
2081 4812
1766 4953
1939 4076
4165 4762
2081 4797
4348 4727
1353 4636
1314 4874
1429 4720
1802 4602
2625 4618
1057 2421
972 3393
4384 4652
1825 3848
2190 4762
1708 3991
1853 2906
1858 4132
1366 3143
926 4836
531 3605
439 4528
2545 4034
1155 3676
1215 4820
1415 3394
111 3692
2230 4995
2479 4348
2736 3963
4139 4174
3123 4970
3482 3648
2342 4170
3453 4492
2189 4232
3648 4671
2860 3991
1636 4724
3777 4034
3470 3635
583 4621
4944 4957
3428 4269
2618 2651
4538 4744
3535 4232
4882 4980
3567 4635
2951 3584
4485 4977
843 4953
518 4467
1825 3673
2480 4938
268 4551
1308 4820
1422 4233
2690 3987
4452 4777
1350 2283
298 4592
2133 3224
3652 4326
3156 4920
2164 4866
4308 4319
1296 2242
1291 3453
2220 2328
4223 4635
4354 4684
4400 4429
921 4636
2884 4522
2877 4927
1690 3260
4544 4652
1075 4140
1032 2886
733 4528
306 1667
819 1766
1789 4915
3343 3395
3719 4743
496 2744
4048 4551
883 4477
263 3180
1455 3999
2682 3266
2727 4092
578 4868
3605 4371
2836 4953
4178 4773
3526 4643
58 3248
3354 4877
1711 4524
4602 4760
2724 2857
30 4610
2979 3593
4364 4868
4719 4755
1922 4977
2803 4789
2843 3431
4119 4174
1465 4987
2164 4403
4787 4845
609 4874
3152 4997
3532 4076
1154 3995
1841 4760
1366 3378
2190 4771
1822 4928
1687 4233
1880 4812
1939 3552
3760 4139
3683 3777
2476 4601
662 1262
3740 4820
2855 4938
3418 4569
3291 4957
4845 4950
3991 4933
1812 2047
1448 2730
2834 4178
2304 4893
663 4414
690 4997
4981 4995
96 4133
2924 4188
4460 4953
1475 2878
3773 4416
2620 4244
3310 4811
1253 4370
2553 2988
3729 4076
70 4795
3026 4724
3549 3675
3007 4811
283 4238
2843 4551
4569 4610
1444 4820
2746 4915
1357 4118
2043 4635
1988 4232
2299 4719
1832 4789
2393 4838
1837 3260
1896 4455
1648 3033
1201 4731
576 3868
972 3279
1822 4994
3813 4762
3963 4610
1363 3740
427 4773
424 2337
2290 3729
1355 4637
4034 4586
558 4899
332 3817
3846 4133
585 4506
1032 4226
125 4130
1463 4160
965 2720
1687 3585
1648 3794
2279 4521
1880 2697
3166 4635
3041 3738
3075 4021
445 4652
3152 4436
73 4454
2580 3728
2553 4561
1864 4487
2409 4850
1836 2806
3719 4866
818 931
2598 3431
4403 4720
3589 4370
4779 4928
3354 4933
4743 4901
1486 4117
1838 4953
3106 4724
4132 4877
3807 4987
2780 4308
4010 4635
3830 4232
2786 4152
2421 4307
2478 4671
1353 4897
1124 4379
1413 4472
1359 4828
2322 2765
1758 2446
2834 4773
1353 4611
3248 4694
3138 4694
493 4893
912 3418
1215 4226
4828 4845
3221 4152
3310 3736
4132 4432
4522 4724
3346 3626
3363 4165
211 4521
3593 4859
662 3736
3205 4837
4133 4938
2054 4224
1131 4161
678 3194
1467 4636
3736 3752
2227 4528
1886 4418
793 1913
3261 3628
2882 4899
1226 1249
3628 4937
2230 4992
3057 4044
77 4585
1350 4777
765 4487
2984 4546
4447 4487
3395 4225
3422 3671
2736 4610
2660 2902
1488 2521
2047 3393
949 4578
3343 4231
4420 4630
1785 2851
4654 4808
3266 3921
558 3652
3346 4805
4516 4977
3116 4787
1947 4766
2697 4725
3983 4981
4110 4199
4188 4808
3368 4915
1064 4744
3657 4792
3956 4953
3648 4506
4574 4724
2557 3904
3307 4992
3416 3777
126 4583
3297 3394
3220 4405
2182 3292
2200 3248
3552 4365
3095 4727
1568 3789
303 4799
1501 4864
2698 3731
2991 4787
2220 4022
2337 4225
2139 4893
1100 2337
175 4838
900 1785
2159 4551
1043 3735
3733 4307
2515 3400
2411 4618
1445 4779
3208 3297
1093 4654
1908 4882
4630 4635
1578 3733
162 3046
2736 4703
3913 4719
609 1563
4652 4837
974 1057
822 2621
663 4859
4774 4944
1767 4326
591 3773
3205 4544
2783 4820
269 3209
2622 4249
1416 4944
3729 4731
3620 4928
3343 4251
2660 2984
3279 3393
4164 4727
2774 4775
4592 4595
1804 4897
4132 4933
847 4062
595 2865
2421 2983
9 4838
974 2519
3107 4727
477 4022
118 4916
1415 2851
3533 4909
2078 4586
3861 4319
2746 4432
9 4235
11 925
25 4230
27 4974
30 1433
35 4313
40 2707
47 4095
58 4865
64 1171
69 3505
70 4974
72 4545
73 886
77 4376
83 3149
84 3863
85 3897
88 4780
94 4413
96 4511
98 3110
99 4974
105 4596
111 4900
113 1671
115 4497
116 4991
118 3458
122 4843
125 3816
126 1964
132 4907
133 4698
136 3922
138 3936
139 958
142 4817
144 3968
154 4104
162 4324
164 3514
167 4876
170 3622
172 3515
173 1892
175 4518
177 3423
183 2938
198 1382
203 4594
215 1292
219 4376
229 3899
232 4563
240 4761
244 4167
245 4495
255 4317
260 4102
261 1517
262 4718
263 2920
264 4804
266 4736
268 4424
269 2492
271 4498
278 4424
283 3507
290 4748
291 3316
296 3449
298 1351
301 4873
303 4060
306 4086
316 2135
317 1047
324 4014
332 4738
336 3820
341 4962
344 4196
349 2136
353 3771
357 1050
360 4325
365 4373
373 2017
374 2972
385 4501
388 4647
390 4968
391 3699
395 4387
399 4206
402 3384
413 4884
418 4495
419 3433
424 2302
427 4468
429 3091
439 3300
440 2017
442 4284
445 2890
448 4765
450 3617
451 1172
456 2232
466 2529
476 4996
477 4769
478 4710
480 4972
481 4377
489 3713
492 4156
493 4423
496 4568
502 4827
506 1932
507 3847
510 4984
511 3823
518 4662
524 4508
531 4794
537 4842
542 3259
543 4372
556 4018
557 1175
558 4735
563 4881
566 4317
571 3713
573 3281
576 3910
578 4172
10 583
585 4124
587 4706
591 4975
595 1635
597 2714
602 4686
606 4847
609 1427
628 3945
634 2637
639 4373
641 4605
644 4912
653 4971
657 1310
662 3917
663 4932
669 3665
678 3099
580 690
692 1375
561 696
698 3517
699 4862
701 1631
702 4215
703 3375
704 2501
705 1729
707 4389
708 3258
709 3230
725 4227
729 1852
730 4353
731 4968
732 3858
733 4060
734 4644
738 4818
739 4258
740 4984
741 4554
753 4843
760 4368
765 4393
772 4657
778 4312
784 1985
329 786
791 3636
646 793
795 4815
338 801
803 3936
807 3705
810 3715
815 4687
817 4081
818 4129
819 4849
536 822
827 4673
820 842
843 4029
845 2036
847 3360
848 2525
854 4612
856 4204
857 4644
866 2696
871 4012
872 4499
875 4499
879 4959
883 4563
890 2555
893 4914
895 4689
900 4989
905 4562
912 4376
81 914
921 3685
926 4968
898 930
931 4491
934 1489
945 4153
949 2592
952 3756
953 4494
959 4675
960 3897
965 4591
972 4061
974 4898
978 3091
982 3271
988 1558
275 992
996 4499
997 3935
1001 4459
1009 3538
1018 1313
1022 2725
1028 4962
567 1031
1032 4624
1043 2971
1045 2819
1053 3504
1054 4026
1057 3951
1064 3887
1068 2942
1075 4692
1081 4941
1083 2024
1091 2326
1094 4817
1097 4722
687 1098
1100 3051
1104 2281
1109 3447
1113 4959
1116 1203
1118 4782
694 1124
1131 3924
1145 3702
1148 4772
1152 4876
1154 4008
1155 4959
1160 4392
1161 4085
1163 2912
1164 4708
1177 4572
1186 4153
1187 2933
1201 2863
1209 4772
1210 1814
1211 3262
1215 3858
1218 4871
1226 4543
1230 4599
1233 4745
1235 4014
1238 4869
1244 4752
1249 4767
1253 4518
1260 4972
1262 4216
1265 4530
1271 4786
1273 3445
1278 4355
1291 2529
1296 4180
1305 3316
1308 3811
1314 4507
1318 4259
1319 4917
1323 3571
1327 3259
1334 4135
1335 4822
1343 4366
43 1348
1350 4412
1352 3190
1353 4262
1354 4894
1355 4738
1357 4260
1359 2395
1362 4821
1121 1363
1366 4829
1372 4042
1378 4106
630 1396
1403 4484
1405 4537
1410 4479
1412 4996
371 1413
1415 3170
1416 3721
1422 3439
1423 4749
1245 1429
1432 4905
1441 4144
1444 4964
1445 2514
1448 4925
1449 2453
1452 4664
1455 3214
1463 2144
1465 4763
1467 3174
216 1473
1475 3115
1479 4517
1486 4930
1487 4846
1488 4781
1497 4189
1501 4804
1512 3386
1525 2600
1527 2434
422 1529
1531 3262
1533 3863
1537 4572
1538 4141
1551 4914
799 1560
1562 3688
1563 3078
251 1568
1577 4803
673 1578
1584 4547
1596 4651
1598 4750
1599 4907
1600 3718
1610 4390
1612 4964
1625 4473
1636 4468
1638 3928
1643 4986
438 1644
1647 4059
1648 1911
1649 4926
1653 4860
1663 4988
1666 3162
1667 4935
1673 2202
1540 1675
1678 4736
1684 4968
1687 3375
1689 4465
1690 3886
1704 3872
1708 3661
1711 4163
1738 4029
1753 4111
1758 3853
1763 2993
1765 4908
1766 1770
1767 4962
1771 2344
1775 4960
1776 4801
1777 4336
1781 4889
467 1783
1785 4483
1788 2105
1789 1848
1792 4129
1464 1801
1802 4666
1804 3335
1805 4906
435 1806
1808 4986
1812 4547
1817 3430
1822 3036
1825 2917
1832 4844
464 1834
1836 4617
1837 4876
1838 4930
417 1841
1847 2226
1850 3479
1798 1853
37 1855
1858 3037
1558 1862
426 1864
1866 4730
1867 3878
1870 3081
1219 1872
1874 4863
1875 4982
1880 2777
1824 1886
1889 2648
1891 3499
1896 2840
1897 3494
1898 4622
1904 3968
1239 1908
1912 2280
1913 4939
1914 4457
1915 2719
1916 3351
1921 2858
1922 3997
1931 2086
1206 1935
1939 4910
1946 4579
1947 3869
1948 4709
782 1952
1954 3916
1284 1959
1963 2907
1965 4173
1980 4568
1982 4852
1987 4221
1988 4688
1997 4649
1854 2007
2008 3784
655 2009
2012 2293
2013 4382
1297 2019
1498 2028
2037 4959
51 2039
2043 2981
1404 2045
1967 2046
2047 4461
2049 3822
2054 3863
2059 3611
2065 4855
2066 4843
2071 4986
2078 4304
2081 4219
2083 3721
2088 4341
2092 2287
2100 2754
2104 3119
2108 2599
2111 4804
2114 3024
2133 2310
2137 3262
2139 4886
2147 4764
2159 2459
2164 4974
2173 2453
2176 3085
2182 3553
2186 4086
2187 4227
2189 4299
2190 2362
2197 3856
2031 2198
2199 2896
2200 3634
1324 2203
2217 4664
2220 2496
2222 4541
2227 4690
2228 4653
2230 4184
2242 4014
2244 2260
2245 4782
2146 2246
2262 4890
1289 2269
1251 2270
2279 4871
2283 2826
2285 4159
2290 4656
2298 4484
2299 4210
2300 4361
2301 3739
2304 4730
2307 3373
2315 4978
2320 4508
334 2322
2328 3924
2330 3316
2331 4515
2336 4714
2337 4806
2342 2971
2353 3287
2204 2359
2363 4478
2372 4144
2376 3860
2379 4902
2382 4852
2385 4745
2386 4614
2390 4227
2391 3989
2393 4965
2398 3204
2400 3627
526 2401
2402 4594
2407 4746
2409 4869
2411 4440
2415 4243
1899 2419
1243 2421
2422 4220
2424 2688
2428 4575
2432 3666
2435 3111
2417 2446
2448 3411
2456 4952
2463 2466
12 2464
1404 2465
2471 4589
2476 4533
2478 3517
2479 4167
2480 3893
2485 4503
347 2491
2493 3885
2500 3484
2309 2508
520 2510
2515 4313
710 2516
2519 2531
2521 2576
2522 4530
2523 4014
1251 2541
2545 4754
2553 4998
2554 2557
1402 2559
2571 3177
1027 2578
2580 4673
1710 2581
2583 3082
2593 2790
2438 2598
2606 4419
2616 3660
2618 3865
2619 4515
2620 3121
2621 3317
722 2622
2625 3172
2631 4662
2642 4271
2651 4154
2659 4701
2660 4327
2668 3389
2669 4952
2673 3540
2674 3217
2675 4121
993 2678
2682 3359
970 2690
2691 2962
2697 2852
2698 3952
2700 4346
2705 4996
2720 4373
2724 2914
1491 2727
2726 2730
2732 3062
2029 2736
2741 4298
724 2744
2103 2746
2747 4299
2765 4609
2766 4082
406 2767
1881 2771
2774 3950
2775 3507
2776 3697
2779 4823
2780 3462
2782 4770
2783 4038
684 2786
1844 2788
2800 4320
2802 4464
2803 4941
2806 3507
2809 4978
2817 4881
2729 2820
396 2822
2828 4786
1234 2834
2293 2836
928 2843
2851 4579
2855 4433
2857 4964
2860 3251
2170 2865
2868 4502
681 2872
2792 2874
2877 4827
2878 3135
1431 2882
2884 4626
1609 2885
971 2886
2887 3615
1024 2888
2892 3355
2898 3185
1426 2902
2906 4490
551 2921
2924 4401
2926 4698
2932 3236
2151 2937
2948 4597
2951 4758
2963 4941
2964 3225
2440 2973
2976 3518
983 2979
762 2980
2983 3842
2984 4450
2986 3245
2919 2987
2988 4793
2991 4153
2551 2992
2995 4274
3000 4625
3007 3751
3012 4208
1945 3016
185 3022
1542 3026
2502 3028
3033 4883
3034 4911
3041 4633
3046 4498
3049 3816
3056 3445
3057 4648
3059 4383
721 3066
3075 3576
3083 4852
3087 3604
3093 4846
3095 3472
3102 4976
3106 4854
3107 3374
333 3116
1757 3120
3123 4081
3129 4984
3136 3505
3137 4642
2920 3138
3140 3815
2455 3143
3152 3831
3153 4162
3155 4734
3156 4757
3160 3356
2122 3166
463 3168
3173 4732
2853 3178
3180 4311
3181 3758
3183 3804
1903 3186
1552 3193
3194 4323
2609 3201
1868 3203
2981 3205
3163 3206
3208 4742
1761 3209
3211 4656
3219 4026
2135 3220
3221 4470
3224 4962
1213 3227
3229 3232
1927 3237
808 3244
3246 4158
3248 4922
3257 4835
3233 3260
3261 4919
3264 3266
3268 3972
3276 4617
2848 3279
3289 3864
3291 4778
3292 3596
252 3297
3302 4159
176 3307
3310 4573
3313 4907
3320 4841
3322 3822
3337 4155
3339 4741
3343 4814
1261 3346
384 3348
2630 3354
3347 3358
2777 3363
3366 4974
3367 3403
3368 3481
3050 3376
3378 3389
3380 3540
2481 3382
3199 3393
3394 4318
2837 3395
3397 4389
3400 4707
1119 3412
3413 4948
3416 4617
89 3418
2191 3422
1307 3425
3428 4408
3429 4876
3135 3431
1347 3436
995 3441
3453 4686
3464 3986
3465 3478
2574 3470
2970 3475
3476 4880
3482 4922
3080 3489
3373 3501
3502 4842
1388 3503
3149 3520
3526 4576
3251 3532
2950 3533
799 3534
3535 3641
3536 4655
3187 3539
2264 3541
2218 3544
3223 3549
610 3552
499 3554
3555 4968
3567 4794
3568 4902
3570 4829
3574 4853
2236 3583
2595 3584
3585 4031
3029 3587
3589 4343
1937 3593
2056 3603
3605 3853
3606 4982
2377 3613
3616 4057
3620 4242
3624 4059
3626 4623
3628 4240
1556 3635
2640 3640
3577 3642
3644 4377
3648 4832
864 3649
3650 4367
3652 3865
1306 3657
3658 3915
3670 4860
897 3671
1324 3673
3675 4843
3676 4919
3677 3682
911 3683
3684 4007
3690 4815
3692 3875
2982 3703
1895 3712
3719 3797
3720 4505
2662 3723
3728 4205
1558 3729
3731 4860
3595 3732
3361 3733
2970 3735
3736 4339
3737 4121
3738 4439
736 3740
3752 3762
3755 4313
3760 4143
3767 4675
1990 3769
3704 3773
2284 3774
3777 4493
3328 3778
3751 3787
3788 4210
1227 3789
3794 3926
3195 3805
3807 4457
75 3808
3743 3813
3817 4263
3159 3819
2611 3828
2556 3830
3833 4031
3835 4758
3837 4623
3025 3838
3846 4954
3329 3848
2265 3852
3861 4075
3858 3862
3663 3868
1879 3889
3890 4227
3891 4696
1893 3895
3902 4057
3904 4998
3866 3905
3913 3919
3355 3921
1194 3946
3956 4529
3459 3957
3547 3958
3963 4393
3969 4696
3230 3971
2575 3982
3983 4392
3984 4579
3985 4872
3259 3987
3063 3991
1572 3995
3688 3999
3996 4005
4006 4355
2277 4010
2825 4021
2221 4022
1621 4034
4036 4360
4037 4826
90 4041
4044 4998
4048 4552
3274 4052
1436 4062
3139 4065
4067 4342
3897 4070
2827 4076
4087 4972
2969 4092
4101 4110
4114 4589
4113 4117
1274 4118
1511 4119
2011 4130
714 4132
4133 4900
4136 4263
4074 4138
4139 4806
4140 4350
4142 4756
3325 4146
3213 4148
2715 4150
3590 4151
2408 4152
4075 4160
3924 4161
4164 4665
880 4165
4169 4842
2125 4170
681 4174
8 4178
2023 4182
160 4186
4188 4357
627 4199
1167 4217
3950 4218
3884 4223
1995 4224
4225 4560
3619 4226
2694 4231
4221 4232
3632 4233
4153 4236
4216 4238
3311 4244
4248 4503
1835 4249
4251 4261
4254 4257
1575 4267
986 4269
3685 4273
2687 4296
2624 4300
4301 4367
3326 4307
4284 4308
4075 4319
2900 4326
1942 4332
4198 4335
3287 4348
4354 4979
1272 4356
4359 4619
2210 4364
193 4365
4369 4529
3459 4370
3972 4371
4375 4385
4379 4380
3162 4384
204 4386
4400 4707
1969 4403
3747 4404
1694 4405
1779 4414
4416 4557
1199 4418
1023 4420
3432 4429
1592 4432
3816 4436
4437 4632
4444 4991
4302 4447
2194 4452
3667 4454
1823 4455
2665 4458
2801 4460
1926 4467
3259 4472
4180 4477
3329 4485
488 4486
4480 4487
2431 4492
4096 4506
3919 4510
4192 4513
4033 4516
4520 4767
3459 4521
4522 4954
4206 4524
4423 4528
4424 4535
1038 4536
4299 4538
54 4544
2823 4546
3089 4551
4555 4839
4545 4558
3968 4561
4019 4569
2917 4574
3199 4578
3609 4583
4584 4772
4585 4589
2124 4586
2552 4590
3601 4592
2167 4595
2360 4598
4560 4601
1259 4602
4179 4606
174 4607
57 4608
4562 4610
3430 4611
3287 4618
3449 4621
4001 4627
3623 4630
2830 4635
3115 4636
3943 4637
4643 4840
4652 4979
3008 4654
4638 4660
2488 4668
3074 4671
1331 4677
2847 4678
4235 4684
928 4685
4667 4693
4694 4714
4483 4695
2394 4703
4692 4705
3722 4715
3225 4716
4255 4717
4707 4719
3932 4720
3281 4724
3496 4725
2371 4726
294 4727
4120 4731
3081 4737
513 4743
3110 4744
768 4747
1920 4755
1341 4760
2014 4762
4020 4766
1911 4771
3014 4773
4774 4948
4775 4816
990 4777
671 4779
2982 4783
1528 4784
4706 4787
86 4789
3529 4792
4221 4795
4353 4797
4799 4934
267 4805
3175 4808
2701 4811
1861 4812
4817 4820
3052 4824
4285 4828
33 4830
1056 4834
3565 4836
4317 4837
3952 4838
4845 4846
1661 4850
1317 4851
3548 4856
2856 4858
1482 4859
2344 4864
4852 4866
4317 4867
4576 4868
4529 4874
4497 4875
3060 4877
4659 4882
4817 4893
4895 4913
3592 4897
1370 4899
1101 4901
4908 4909
4723 4915
4916 4924
1554 4920
4911 4923
3744 4927
2408 4928
2635 4933
4931 4937
4938 4954
1428 4942
4259 4944
3507 4946
4330 4947
2215 4950
549 4953
4433 4956
3749 4957
4960 4963
3934 4970
2862 4977
4967 4980
4973 4981
4410 4987
3131 4992
2867 4994
4530 4995
3377 4997
9 4932
11 4984
25 319
27 3571
30 2141
35 4619
47 4127
58 2854
64 4846
69 3223
70 4964
72 2958
73 449
77 4711
83 1534
84 3639
85 4907
88 4753
94 4082
96 4064
98 4922
99 3333
105 4383
113 4921
116 4527
122 4732
125 4816
126 3596
132 4631
136 4548
138 3764
142 4344
144 4265
154 4259
162 4806
164 4517
167 4241
170 4268
173 2171
175 4609
177 4261
198 3287
215 322
229 3930
232 3751
240 3968
255 4534
260 4930
262 4879
266 4518
268 4441
269 3948
271 4411
278 2680
290 4476
291 389
301 1630
303 4682
316 4617
317 2733
324 3086
332 4730
336 4317
341 2284
349 4469
353 2486
357 3997
360 3748
365 4832
374 3048
385 3384
388 4806
390 4451
391 4955
395 4806
397 399
413 1813
418 3938
419 4196
424 4806
427 4545
429 4564
439 2706
440 2729
448 4508
450 3263
451 512
477 4999
478 3200
480 4931
481 4710
489 4778
492 4394
496 4888
502 4317
507 4657
510 2728
518 3523
531 4470
537 3664
542 1062
543 3923
556 4559
557 3478
558 1755
563 4494
566 4246
573 4827
576 4290
578 3792
591 4869
602 3579
606 4548
628 4256
634 3094
639 4791
641 4844
644 4932
657 2633
690 4780
696 4560
698 3742
699 4683
701 3930
702 4230
703 4656
704 4996
705 4413
708 4417
709 4745
730 2194
731 4902
734 3806
739 4689
740 4264
772 4505
786 4505
793 1048
795 4863
803 1242
807 4852
810 2586
815 4474
817 4653
819 4788
827 2989
842 4208
843 4173
845 4299
854 4984
857 2873
866 4645
871 4410
875 2683
879 4515
883 3347
890 4843
893 4469
914 4869
921 4699
926 4517
930 4388
945 2861
949 4628
952 4632
953 4441
959 4346
960 4765
972 4547
978 1393
982 4879
992 4809
997 4768
1001 4081
1009 4229
1018 4640
1022 4681
1028 3716
1031 4093
1032 3473
1043 1376
1045 3438
1053 2791
1054 2896
1057 3948
1064 4517
1075 4924
1081 3522
1083 4714
1094 4645
1097 4662
1098 4154
1104 2749
1109 4268
1113 4750
1116 3697
1118 4596
1124 3169
1131 2672
1145 4264
1152 4889
1154 4768
1155 4857
1160 4408
1161 4653
1164 4413
1177 4254
1186 4255
1209 4385
1210 4080
1211 4215
1226 4349
1233 4885
1244 4304
1249 4563
1253 3547
1260 3114
1262 3872
1265 4780
1271 3704
1278 4740
1291 4355
1296 4135
1308 3269
1314 4770
1318 4973
1319 4686
1323 4181
1327 4692
1334 4940
1335 4246
1343 4263
1348 4616
1352 2377
1353 4367
1354 2591
1355 3434
1359 4729
1363 4553
1366 4122
1372 3497
1378 4628
1396 3543
1405 1590
1410 4412
1412 4698
1413 4176
1415 4069
1416 2920
1422 4754
1432 2261
1441 4803
1444 3296
1445 4870
1448 4316
1449 1469
1452 3396
1455 4459
1463 2195
1465 3572
1473 4360
1475 4529
1479 4806
1486 4229
1487 4320
1497 4889
1512 4634
1529 4843
1531 4894
1537 4833
1551 4039
1560 4803
1562 3396
1563 2595
1568 4071
1577 4934
1578 3672
1584 4380
1596 1721
1598 4121
1599 3721
1600 4240
1612 3167
1636 3746
1638 4496
1644 4676
1606 1647
1648 4383
1574 1649
1653 4962
1663 4759
1667 2361
1673 3709
1675 4613
1678 4664
1489 1684
1687 4629
1614 1689
1690 4476
1704 4271
1708 4885
1711 4419
1738 4965
1753 2326
1758 2960
1763 4889
1246 1765
1766 2845
1767 4638
1771 4881
1775 4887
1776 4964
1777 4959
1781 3765
1783 4493
1785 4932
1789 3630
1792 3924
1801 4969
1804 3347
1805 4679
1806 4833
1808 3751
1817 3159
1822 3660
1825 3927
1832 4320
342 1834
1592 1838
1841 3447
1847 3280
1850 3772
1853 4268
1862 3877
1866 4438
1867 4844
1870 4264
1872 3496
1874 3071
1875 4907
1546 1880
1886 4593
1889 2638
1891 2815
1898 3617
1908 4389
1912 4358
1915 4372
1916 3131
1470 1921
1931 3485
1935 3323
1939 4648
1946 4529
1947 4713
1948 4579
1952 4817
1954 4972
1959 4955
1963 4391
1980 3443
1982 4973
1987 4476
1997 4905
2007 4449
2008 3256
2009 4519
2012 4709
2013 4757
2019 4855
2028 3223
2037 4316
2039 3879
2043 4999
2045 4692
2046 4619
2047 2890
2049 4368
2059 3668
2065 2812
2066 4424
2071 4876
2078 4710
2081 3498
2083 4235
2088 2833
2092 3558
2100 3975
2104 4202
1940 2108
2111 4951
2133 4803
1564 2147
2159 4748
2164 4024
1631 2173
2176 3741
2186 2694
2187 2870
2189 3966
2190 4888
2197 4594
2198 4853
159 2199
1424 2200
2217 4392
2222 4496
2227 3758
2228 4833
2230 4896
2242 4918
2244 4562
2245 4765
2262 4509
2269 4790
2270 4240
2279 4352
2283 3538
2285 3879
2290 4056
2299 2540
2300 2829
2301 4311
2304 4890
2307 4176
2315 3595
2320 3818
2328 4253
2330 4843
2331 4839
2336 4936
2337 2699
2342 2824
2353 2513
1555 2359
2363 4658
1219 2376
1557 2379
2382 3680
1315 2385
2386 2558
1166 2390
1622 2391
2393 4857
2398 4565
2400 4998
2401 3177
947 2402
2407 4768
2409 4826
2411 4443
2415 3284
2422 4397
2424 4482
2428 4116
2432 3408
2435 3970
2446 4541
2448 4499
2456 4350
2463 4984
2464 3785
2465 3919
2471 4821
2476 3952
2478 4711
2479 4020
2485 3446
2491 4905
2493 4397
2500 3445
2508 4740
2510 3473
2515 4646
2516 3785
2519 4280
2521 3766
2522 4803
2523 4383
1246 2541
2545 4121
2553 2756
2557 4056
2286 2559
2571 3726
2578 4641
2580 4800
2581 4943
2583 2612
2593 4564
2598 3459
2606 4738
2150 2616
2618 3744
2619 4809
1074 2620
2621 4911
771 2622
2625 4115
2631 4888
2642 4955
2651 4144
2659 4038
706 2660
2668 4951
2669 4745
2673 3044
2674 4713
2675 4382
443 2678
2682 4794
2690 4728
2691 4542
2697 4298
2700 4448
2705 4615
2720 4855
2724 4840
2727 4111
2730 4763
2732 4976
2736 3950
2741 2778
2744 4281
2746 3659
2747 4547
2765 4930
2766 3734
2767 3098
2771 4869
2329 2774
2775 4876
2776 4603
2779 3415
2780 3722
1782 2782
1424 2783
2786 4287
2788 2897
2800 4914
2802 4378
2803 3877
2750 2806
2809 4461
235 2817
1778 2820
2822 4768
2552 2828
913 2834
2836 4315
2843 3598
2851 4517
2855 4015
2857 4949
2860 4886
919 2865
2868 4469
1571 2872
2874 4769
2877 3744
2878 3104
2882 3932
2884 3290
2462 2885
2886 4788
2887 2940
2888 4505
2892 2920
2833 2898
2902 3811
2906 4832
2921 3076
2924 3646
2926 4829
2932 4288
2937 4554
2948 4350
2626 2951
2963 3038
2964 4107
2973 4011
2976 4587
2979 3818
2980 4651
2983 3542
2984 4679
2986 4505
2987 4910
2988 4280
2991 3826
2995 4968
3000 4013
3007 3200
3012 3665
1844 3016
3022 4842
3026 3524
2445 3028
3033 4889
2507 3034
3041 4846
3046 3415
3049 3415
3056 4738
3057 4781
3059 3943
3066 4663
3075 4196
2180 3083
2127 3087
3093 4843
1670 3095
3102 3698
3106 4876
3107 4046
3116 4680
3120 4410
3123 4412
3129 3466
1345 3136
3137 3399
3138 4978
3140 4940
3152 3654
2609 3153
3155 4073
3156 3383
3160 3871
3166 4996
3168 4888
3173 4543
3178 3385
2036 3180
3174 3181
3183 3968
3186 4886
3099 3193
3194 4964
3201 3294
3119 3203
3205 4266
1964 3206
3208 4979
3209 3706
3211 4978
2576 3219
3220 4894
1983 3221
3224 4543
3227 4816
3229 4325
3237 3399
3244 4357
3246 3872
3248 3558
3257 4564
3260 3842
3261 4327
375 3266
3268 4158
3276 3575
3279 3877
3289 4941
3291 4961
3292 3389
3297 4237
3302 3776
3307 4958
3310 4271
3313 4368
3320 4842
1302 3322
3337 4709
3339 4310
1342 3343
3341 3346
3348 4262
3354 4321
3358 4189
120 3363
1720 3366
3117 3367
3376 4134
3378 4964
3380 4201
3382 4682
1077 3393
3394 4833
3395 4842
3397 4922
2560 3400
3412 3886
3413 4547
3416 4481
3418 4831
3422 4962
3425 4591
3428 4341
3429 3617
2558 3431
3436 4849
3441 4548
2930 3453
920 3464
1121 3465
3189 3470
3475 4208
3476 4466
3482 4745
3489 4299
3501 3965
3502 3551
3503 3842
1868 3520
3526 4657
3389 3532
3533 4353
3534 4853
3265 3535
3536 4998
3539 3869
2004 3541
3544 4794
2106 3549
3552 4581
3555 4540
3567 4413
2462 3568
622 3570
3574 3937
3583 4802
3584 4761
3585 4872
3589 4587
3593 4892
3603 4982
2157 3605
3606 4122
3613 4962
2600 3616
3620 3625
3624 4230
3626 4091
2349 3628
3632 3635
1311 3640
3642 4661
1545 3644
3648 4892
1338 3649
3650 3922
3652 4670
3657 3663
3658 4360
2607 3670
3671 3903
3673 4788
3675 4653
1041 3676
3682 4381
3683 4445
3684 4423
3690 4104
3692 3892
3506 3703
3712 4954
3719 4723
3720 4888
3723 4913
3728 4988
3109 3729
3731 4424
3708 3732
3733 3770
2084 3735
3736 4612
3737 4857
3738 4710
3740 3759
2022 3752
616 3755
1299 3760
3767 4819
3769 4137
2528 3773
3774 4097
3777 4605
3364 3778
3787 4313
3686 3788
2812 3789
802 3794
3805 4080
3807 4935
3808 4563
2333 3813
3817 4190
3819 4075
3828 3993
2626 3830
3680 3833
3786 3835
3837 4936
3838 4843
3846 4982
3848 4187
3852 4131
3861 4559
460 3862
3868 3871
3889 4061
3890 4628
3891 4892
3895 4806
3902 4529
3097 3904
3905 4905
2750 3913
901 3921
3946 4954
1307 3956
3957 4208
3340 3958
358 3963
2617 3969
3971 4653
3982 4004
3983 4373
3984 4962
2804 3985
3965 3987
3991 4886
3357 3995
3999 4940
4005 4690
3993 4006
4010 4996
4021 4411
2555 4022
4034 4532
2862 4036
4037 4876
4041 4768
4044 4339
3974 4048
2445 4052
3522 4062
3189 4065
3998 4067
4070 4739
1107 4076
2617 4087
2169 4092
4110 4914
4114 4979
3281 4117
4118 4613
2555 4119
4120 4130
4132 4297
4103 4133
4136 4925
4138 4292
3844 4139
4140 4710
4142 4696
2075 4146
4148 4713
4150 4904
4151 4890
4152 4531
1330 4160
4161 4260
4162 4164
4165 4412
1197 4169
3615 4170
4174 4605
4178 4295
1272 4182
4186 4905
4188 4932
2140 4199
2003 4217
2469 4218
3713 4223
4214 4224
4225 4529
2745 4226
4231 4490
3945 4232
4168 4233
4236 4879
3080 4238
649 4244
4248 4983
1188 4249
4102 4251
3746 4257
633 4267
3977 4269
4012 4273
4296 4665
4300 4730
2797 4301
4307 4459
3283 4308
4319 4322
4111 4326
4332 4974
4335 4984
4348 4360
3960 4354
596 4356
3893 4359
4364 4890
4365 4900
4369 4993
3759 4370
3622 4371
2483 4375
2835 4379
235 4384
4386 4972
4400 4527
3571 4403
1795 4404
4405 4757
4414 4690
4416 4974
4418 4932
3231 4420
4429 4604
3947 4432
3360 4436
3044 4437
4256 4444
4229 4447
4452 4815
3345 4454
325 4455
2292 4458
4457 4460
3421 4467
4472 4479
4477 4971
4215 4485
4486 4714
3521 4487
3498 4492
3871 4506
4510 4800
4513 4889
2861 4516
4489 4520
1065 4521
4522 4975
4523 4524
3601 4528
2117 4535
4536 4653
4538 4860
4544 4565
4546 4985
4551 4892
3744 4555
4511 4558
3975 4561
4549 4569
2354 4574
3124 4578
3252 4583
2656 4584
4581 4585
995 4586
4590 4600
3997 4592
2475 4595
4155 4598
4553 4601
3487 4602
4606 4810
4518 4607
4572 4608
1736 4610
3319 4611
1451 4618
4617 4621
4627 4632
4413 4630
4413 4635
4499 4636
1515 4637
1979 4643
4652 4884
4402 4654
3594 4660
299 4668
4651 4671
2225 4677
4678 4697
4684 4751
3330 4685
4683 4693
1338 4694
1614 4695
4507 4703
2910 4705
4715 4802
1881 4716
4287 4717
3562 4719
2397 4720
3927 4724
4725 4964
1697 4726
1060 4727
4731 4745
4730 4737
1483 4743
3047 4744
2171 4747
3669 4755
4760 4816
2512 4762
3791 4766
3212 4771
2044 4773
4003 4774
4775 4796
2835 4777
3430 4779
4638 4783
4736 4784
3092 4787
2366 4789
3521 4792
2587 4795
2289 4797
4799 4912
4532 4805
4808 4813
4271 4811
3975 4812
3267 4820
4824 4876
3744 4828
4830 4852
3044 4834
1483 4836
4141 4837
4733 4838
4435 4845
4850 4861
4851 4914
514 4856
2252 4858
4859 4972
3148 4864
1728 4866
4867 4889
2505 4868
3893 4874
4772 4875
4407 4877
4882 4926
4768 4893
3874 4895
3721 4897
2815 4899
4844 4901
2117 4909
4385 4915
4916 4972
4911 4920
4222 4923
4927 4945
4055 4928
3430 4933
4624 4937
4932 4938
3893 4942
4464 4944
1024 4946
4268 4947
4534 4950
4904 4953
2835 4956
3284 4957
4713 4963
4277 4970
3619 4977
57 4980
4084 4981
444 4987
4493 4992
4974 4994
4974 4995
4983 4997
69 4951
72 4960
73 4158
77 4088
85 3329
98 1984
132 4220
136 3335
144 4599
175 3851
229 4291
255 4577
260 2070
266 4059
269 4749
271 3483
291 4854
317 4000
324 4600
336 4919
349 4342
365 4913
385 4801
388 4959
391 4410
395 4588
399 3962
418 4220
424 4767
439 4999
492 4214
510 4752
537 4853
542 4398
557 4911
573 4713
606 4508
639 4502
644 3954
696 4657
701 3383
731 4265
734 4841
740 4843
772 3215
786 4740
807 1844
810 4222
843 4532
845 3825
871 4801
875 4988
890 4750
921 4687
926 3979
930 3942
945 3445
972 4515
1001 3069
1009 4898
1022 4347
1031 3746
1054 4890
1083 4646
1098 3187
1104 4827
1109 3864
1113 4360
1116 4896
1131 3779
888 1152
1154 4484
1155 4074
1161 4245
1164 4470
1186 4634
1211 4043
1233 4640
1260 4175
1076 1262
1291 4869
1319 3974
1335 3871
1348 4542
1353 2505
1354 4347
1359 4451
1372 4943
577 1378
1396 3185
1410 4961
1432 4982
1444 2627
1448 4557
1449 4796
1452 4753
1463 4619
1465 4745
1473 4925
1475 2579
1487 2760
1512 4974
1529 2587
1531 3783
1537 3915
1551 3582
1562 4948
1568 4303
1577 4825
1578 4358
1584 4523
1596 4303
1117 1599
1600 2658
1612 3411
1648 4564
1649 4821
1049 1653
1675 3100
1678 4284
1704 4570
1708 4387
1738 4790
1753 4349
1783 4976
1792 4127
1801 4056
1804 3084
1806 4419
1822 4798
1825 3543
1832 4253
1834 4159
1838 3199
1847 4430
1866 4993
1867 4680
1872 3796
1889 3836
1891 3816
1898 1900
1908 4912
1912 4649
1915 4680
1921 3300
1931 4552
1939 4459
1946 4879
1947 3986
1948 4818
1954 4494
1959 4855
1963 4549
1980 4426
1997 3335
2007 4577
834 2019
2037 3564
2043 4507
1245 2046
2049 4687
951 2065
2066 4971
2071 4575
2081 4979
2088 4975
2092 4423
2133 4924
2147 3556
2159 4948
2164 4722
2173 4841
2189 2939
2190 4347
2197 3128
1530 2198
2199 3604
2200 3341
2217 3069
2227 4211
1459 2228
2244 2853
2262 4714
2269 4074
2270 4819
2279 3961
2283 4293
1685 2285
2290 4757
2299 3345
2300 4325
2301 3894
2307 3727
2315 4968
2320 4079
773 2328
2331 2717
2337 4191
2342 4659
2353 4395
2363 4713
2376 4407
2382 3074
2385 4075
2390 4982
2391 3334
1699 2398
2400 2880
2401 4912
2402 4918
2407 3818
1938 2411
2415 4949
2422 4331
2432 3792
2435 4689
2446 4852
1719 2448
2456 4772
2463 4924
2464 3314
2465 3442
2471 4399
2478 4948
2479 4714
2485 4616
2491 3745
393 2515
2522 4009
2523 4156
2541 4984
2545 3875
2559 4278
2571 4453
2578 3391
2050 2580
2581 4885
2339 2583
2606 4967
2616 4156
2619 4810
2620 3851
2631 4576
2642 4331
2651 3869
2659 2815
2660 4642
2668 4641
2669 4680
2674 4207
2675 3504
2678 3405
1685 2682
404 2697
2700 4922
1035 2705
2720 4398
2732 4951
2340 2736
2741 3840
2746 4047
2747 3550
2118 2767
2771 4843
1484 2774
2775 4700
2776 4972
2587 2779
2780 4759
1854 2783
2403 2786
2788 4334
2800 2824
2802 4738
2809 4483
2817 4869
2834 3618
2836 4634
1197 2851
2855 3656
2865 4709
2872 3614
2878 4672
2882 3615
2884 3680
564 2885
2886 4669
2887 3689
2888 3940
2898 4835
2902 4547
2906 4090
2921 4712
2924 3745
2879 2932
2951 4976
2963 3950
2964 4965
2973 4638
2979 4644
2980 4745
2983 4814
2042 2984
2472 2987
2988 4898
2991 3850
2995 4265
3000 3392
3007 3443
3012 4752
3016 3701
3022 4154
3026 3938
929 3033
2907 3034
3041 4712
3049 3909
3056 3388
3057 4993
3066 3485
3075 4746
3087 3529
3093 3543
3095 4979
3102 3365
3106 4988
3107 4163
3120 4337
1411 3129
3136 4780
3137 4582
3138 4490
3140 3981
3152 4911
3153 3562
3155 3716
3156 4158
3166 4325
3168 4560
3173 4504
3178 4423
3180 4972
3181 4718
3183 3396
3186 4798
3193 3579
3194 3196
2241 3201
3203 4614
3205 4464
2798 3208
3209 3784
3211 3706
3219 4362
3220 3420
3221 3912
3224 4926
3227 4976
3229 3481
3237 4718
1267 3244
3246 3251
3257 4645
3266 4322
3268 3383
3276 4861
3289 3859
3291 4243
3292 4879
3297 4594
2358 3310
2180 3313
2527 3320
3337 4020
3339 4835
3343 3800
3069 3346
3348 4912
2695 3354
3358 4989
2036 3366
3367 4580
1007 3376
3217 3380
3382 3980
2918 3393
1902 3394
3395 4952
3397 4309
3400 4543
3412 3455
3413 4655
3418 3803
3422 4842
3425 4435
3428 4884
3424 3431
3436 3964
3441 4709
3464 4666
3465 4962
3470 4646
3475 4413
2974 3476
3482 4134
2339 3501
3502 4539
3499 3503
3520 3933
2889 3526
3532 4757
3533 4210
647 3534
3535 4803
3529 3536
3539 4431
3541 3853
3544 4499
3329 3549
3552 4045
3555 3559
3558 3567
3568 4640
3564 3574
3583 4376
3584 4596
3589 4597
3593 4972
3603 4767
3605 4038
3606 4032
3613 4906
3620 4206
3624 4539
3546 3626
909 3628
1717 3635
3640 4624
436 3642
3648 3812
3649 4408
3650 4917
2468 3652
3657 4710
3658 4305
3670 4655
3671 4819
3673 4609
3675 4741
3676 4847
3011 3682
3683 4769
3684 4503
3690 4971
3513 3692
3703 3931
3712 4649
3720 4765
3723 4091
3728 3914
2149 3729
1543 3732
3733 4276
3735 4800
3736 4568
3479 3737
2526 3738
3342 3740
3182 3752
3767 4532
1851 3769
1971 3773
3774 4180
3777 4841
3214 3778
3665 3787
3265 3788
2939 3789
1902 3794
3405 3805
3807 4699
3808 4158
3813 4179
3817 4690
3819 4172
3828 4896
3078 3830
3833 4391
3835 4699
3837 4176
3111 3838
3846 4700
3852 4173
2974 3862
3868 4166
3889 4106
3890 4740
3885 3891
3895 4263
3902 4745
3904 4687
3009 3905
3913 4255
3921 4097
3942 3946
3462 3956
3957 4890
2808 3958
2503 3963
3159 3969
3971 4125
3982 4638
3215 3983
3051 3984
3696 3985
3847 3987
3991 4177
3622 3995
3999 4104
4006 4951
2155 4010
3756 4021
3721 4034
4036 4972
3271 4037
4041 4451
1142 4044
4048 4576
1989 4052
2695 4062
4065 4676
2644 4067
3952 4070
2693 4076
4087 4734
4092 4093
330 4110
4117 4445
2434 4118
3646 4119
4130 4989
4132 4281
4133 4932
1831 4136
4138 4594
3892 4139
3150 4140
4142 4270
2118 4146
4148 4566
3403 4150
4151 4328
4144 4152
3290 4160
3869 4161
1468 4164
4165 4985
4169 4962
2662 4170
4174 4993
178 4178
4182 4613
3386 4186
4188 4905
4199 4763
3872 4217
4210 4218
4223 4813
3577 4224
3784 4225
2061 4226
2329 4231
4232 4358
4236 4387
3857 4238
3629 4244
1370 4248
2655 4249
4251 4275
4134 4257
2689 4267
4263 4269
4273 4871
3687 4296
3386 4300
4126 4301
4308 4593
4319 4328
4326 4451
3801 4332
4234 4335
4348 4616
3569 4354
4356 4757
2387 4359
4277 4364
3790 4365
4358 4369
4180 4370
4261 4371
4090 4375
4035 4379
4384 4978
1782 4386
4097 4400
4403 4948
4404 4571
1107 4405
4414 4972
2127 4416
3054 4418
4420 4988
4428 4429
1535 4432
4436 4523
4437 4493
3 4444
4447 4894
4452 4996
4454 4886
3914 4455
4458 4471
4460 4488
1248 4467
954 4472
2702 4477
4485 4702
4486 4514
3562 4487
4415 4492
4506 4892
4510 4659
2249 4513
4516 4750
1645 4520
4521 4525
1329 4522
4524 4926
4213 4528
4535 4887
4459 4536
4538 4873
4302 4544
4546 4793
4488 4551
3524 4555
4542 4558
447 4561
4547 4569
3924 4574
4578 4669
2978 4583
4304 4584
4585 4879
3779 4586
4590 4736
3918 4592
1330 4595
4547 4598
4505 4601
4599 4602
1567 4606
3614 4607
4608 4782
2292 4610
382 4611
4614 4618
4621 4935
4627 4690
194 4635
4636 4663
4637 4689
4450 4643
3750 4652
4654 4929
4556 4660
4668 4884
3051 4671
4575 4677
4678 4700
1367 4684
1732 4685
4552 4693
3459 4694
4377 4695
4615 4703
3939 4705
4476 4715
3753 4716
3442 4717
4624 4719
2241 4720
4035 4724
4499 4725
3582 4726
4045 4727
4731 4965
3785 4737
4548 4743
3840 4744
1076 4747
4755 4955
4723 4760
4575 4762
3442 4766
4373 4771
4773 4979
3994 4774
3725 4775
4413 4777
3414 4779
4670 4783
4784 4857
4295 4787
4770 4789
4054 4792
4763 4795
4797 4863
4670 4799
2497 4805
4591 4808
4097 4811
4499 4812
4173 4820
3654 4824
3903 4828
2254 4830
4646 4834
4836 4854
4817 4837
1953 4838
4845 4936
4850 4892
4214 4851
4259 4856
4709 4858
4859 4865
4039 4864
3824 4866
4749 4867
4785 4868
4764 4874
3791 4875
4619 4877
3360 4882
4809 4893
4632 4895
1270 4897
4674 4899
3660 4901
3100 4909
4892 4915
4916 4974
4920 4959
4316 4923
4873 4927
4177 4928
314 4933
4921 4937
4591 4938
4935 4942
4944 4984
4713 4946
4408 4947
4772 4950
2917 4953
4669 4956
2623 4957
4952 4963
4962 4970
4103 4977
2303 4980
4951 4981
4613 4987
4435 4992
4817 4994
4983 4995
4763 4997
229 4253
269 4816
291 4028
424 4284
786 4156
810 4996
1031 4349
1098 4978
1154 4504
1155 4926
1319 4844
1348 4605
1378 4377
1465 3858
1531 4287
1537 3927
1577 4245
1649 4532
1675 4964
1678 4973
1704 3748
1783 4537
1806 3700
1898 4529
1931 3298
1946 4573
2092 4722
2159 4653
2197 4587
2217 4288
2228 3930
2269 4433
2270 4745
2285 2946
2307 3947
2086 2328
1637 2337
2353 3171
2382 4154
2385 3386
2398 4839
2400 4512
2407 4781
1481 2446
2448 4391
2515 3472
2559 4613
2581 2637
2651 3298
2659 4711
2669 3711
2675 3962
2720 4954
2732 2733
2736 4952
2779 4675
2836 4156
2884 4623
2885 3447
2887 4246
2902 3578
2964 3383
2796 2973
2984 4579
2987 4984
2904 2991
2995 4518
3007 4313
3022 3298
3026 3688
3033 4900
3034 4153
3056 4752
3057 4323
3093 3245
3120 3414
3140 3487
3017 3153
3155 4736
3166 4553
3173 4471
2671 3178
3180 4242
3183 4541
3193 4869
3194 4349
3209 4984
3211 4399
3219 4246
3220 4659
3224 4891
3229 4825
3244 4825
3246 4889
3266 4842
3276 4999
3289 4661
3291 4912
3292 4984
3320 4210
3337 4696
3339 3349
3346 4127
3348 4962
3354 4066
3358 4796
1341 3366
853 3376
3382 4990
3394 4077
2837 3422
3425 4490
3436 4438
3048 3464
2097 3476
3503 3849
3144 3520
3526 4904
3532 4911
3536 4360
3539 4349
3327 3544
3555 4906
3583 4131
3589 4374
3605 4505
3613 4842
3620 4934
3626 4028
3628 4748
3402 3640
3649 4954
3670 4978
3675 3948
1231 3682
3683 4571
3692 4581
3703 4438
3712 4854
3720 4954
3723 4966
1431 3732
2438 3736
3737 4451
3767 4091
3769 4394
3773 4697
3774 4829
3778 4264
3789 4941
3779 3794
3805 4597
3808 4350
2718 3819
3828 4749
3830 4562
3833 4316
3088 3835
3837 4566
60 3846
3852 4740
3862 4892
3890 4733
3891 4714
3895 4687
3902 3908
3905 4026
3913 4667
3035 3921
3700 3957
3100 3969
3982 4827
3983 4589
3987 4735
3991 4738
3995 4003
4034 4902
3383 4044
1624 4048
4062 4846
3222 4065
4067 4835
4070 4972
4087 4932
4092 4525
4110 4998
4112 4118
4119 4353
3008 4133
4139 4234
4140 4855
4142 4470
4146 4889
4148 4653
4150 4739
4151 4903
3655 4161
4169 4333
4170 4541
2277 4178
4182 4778
4188 4827
3734 4199
601 4217
3250 4218
4224 4844
4225 4277
4226 4662
2917 4231
4232 4862
4236 4906
4244 4667
4240 4249
4257 4863
4273 4284
4296 4978
4300 4450
4301 4835
2647 4308
4319 4945
4326 4843
4332 4461
4259 4335
4342 4354
4120 4364
1333 4365
2603 4369
4154 4375
4379 4996
3840 4384
4386 4600
3662 4400
3471 4403
4404 4557
3927 4405
4414 4776
3704 4416
4116 4418
3757 4420
4429 4763
4432 4615
4435 4436
4437 4700
1617 4444
4452 4670
4137 4454
4455 4846
4460 4984
3806 4467
2064 4472
2670 4477
4397 4485
4303 4492
4506 4653
4510 4761
3623 4513
4516 4713
4268 4520
4521 4659
773 4522
3931 4524
4528 4547
4461 4535
1115 4538
1769 4544
4505 4551
4555 4798
3711 4561
4569 4951
4574 4686
4490 4578
4584 4843
3722 4586
4084 4590
4595 4855
2537 4601
4271 4602
4606 4629
4210 4607
4608 4772
4611 4707
3711 4618
4499 4621
3375 4627
4635 4646
4636 4996
4396 4637
3399 4652
4660 4848
4668 4910
4671 4848
4466 4677
4658 4678
3859 4685
4694 4872
3688 4695
3398 4703
4705 4778
4399 4715
2685 4716
4187 4717
2893 4719
4720 4765
4722 4724
4723 4725
3170 4726
4727 4969
4306 4731
3500 4737
4741 4743
4738 4744
2996 4747
4748 4755
4173 4762
4766 4780
4771 4969
3417 4773
4195 4774
4775 4984
4761 4777
4772 4779
2848 4783
4784 4973
4435 4787
4789 4822
3976 4795
4499 4797
2378 4799
4302 4805
4808 4932
4189 4811
3698 4812
4814 4820
4824 4835
4738 4828
4674 4830
3267 4834
4271 4836
4837 4861
2900 4838
3444 4845
4131 4850
4264 4851
3636 4856
4858 4918
4417 4859
4349 4864
1699 4866
4863 4867
4868 4892
3929 4874
4102 4875
3234 4877
4842 4882
3744 4893
1005 4895
4499 4897
2940 4899
2907 4901
3437 4909
4891 4915
3053 4916
4920 4924
4791 4923
4577 4927
3747 4928
1823 4933
4734 4937
1543 4942
3588 4944
1715 4946
1787 4947
4950 4979
4953 4969
4932 4956
4776 4957
2617 4963
4843 4970
4769 4977
4978 4980
4979 4981
3455 4987
4991 4992
4171 4994
4979 4995
4982 4997
2217 4426
3057 4649
3354 3763
3366 4757
3096 3723
3808 4589
4365 4913
4312 4400
4405 4426
4455 4759
4556 4578
4601 4638
4295 4636
4660 4904
4295 4773
4774 4984
4797 4964
4808 4918
4845 4979
4835 4856
3930 4920
4927 4960
4619 4933
4906 4946
3565 4977
4786 4981
4979 4997
3698 4797
