820 986
773 836
489 686
67 884
354 397
249 571
416 971
198 685
288 708
248 769
389 904
225 981
60 828
414 938
441 897
609 938
287 907
332 884
571 609
706 813
609 884
508 658
134 904
348 971
545 686
601 935
39 773
554 564
0 865
281 989
310 769
362 989
711 989
287 769
354 989
568 657
332 666
730 989
273 756
615 773
686 989
164 874
259 981
416 907
67 201
354 686
568 981
83 907
141 897
525 769
39 981
706 831
615 685
558 664
568 836
262 788
60 961
711 738
287 971
352 820
820 874
884 938
904 986
788 874
438 828
309 466
38 560
657 989
172 935
387 756
538 706
760 846
773 886
25 643
831 874
760 820
580 989
788 813
362 935
469 897
609 666
904 961
564 769
432 981
538 811
560 666
828 986
354 773
432 711
6 499
489 865
248 711
643 938
797 884
601 685
538 836
83 971
107 935
373 884
571 666
116 171
874 981
416 581
310 971
657 685
953 981
198 580
657 711
580 581
276 738
828 874
643 884
788 897
499 846
564 971
797 938
310 466
469 554
134 538
397 897
685 730
0 935
664 941
352 831
0 989
708 811
141 971
262 708
248 989
239 981
438 904
788 904
281 738
738 989
554 907
538 961
336 989
38 664
773 865
25 938
685 886
907 971
813 846
836 989
525 897
116 643
632 935
64 953
499 558
711 836
760 874
373 760
510 865
813 941
281 773
38 897
788 961
372 971
438 846
249 666
287 397
658 904
205 820
562 938
865 981
64 686
172 711
173 441
349 788
164 846
499 664
811 986
352 904
580 884
141 907
60 874
309 897
938 941
387 971
601 897
362 865
615 657
666 938
554 971
564 897
510 989
372 416
886 989
510 935
275 981
116 941
397 971
538 986
111 414
571 941
141 348
217 564
332 938
760 981
109 373
788 846
686 886
706 986
941 971
441 971
846 874
568 935
432 886
441 941
874 986
225 989
389 938
706 904
198 865
601 632
831 846
273 897
372 907
239 836
897 971
466 897
658 961
383 560
508 904
489 568
83 372
558 797
525 971
217 510
632 989
134 149
281 711
811 961
281 981
173 874
580 865
545 738
510 788
337 971
362 981
30 383
373 938
545 935
706 760
239 581
171 941
397 907
141 441
730 886
262 831
414 797
441 907
560 938
387 769
171 609
198 738
797 941
609 797
685 981
332 643
811 904
6 609
581 935
615 935
706 961
756 971
389 884
288 874
538 874
897 907
664 938
397 416
352 828
64 886
571 884
538 788
217 580
454 828
811 831
489 989
508 961
489 836
820 904
239 730
820 831
198 657
438 961
935 981
30 201
788 831
981 989
657 886
811 820
337 941
831 961
580 711
275 615
432 989
664 666
349 708
836 865
466 756
708 874
615 981
820 961
686 865
111 797
581 989
813 961
469 756
581 836
288 820
173 846
373 797
935 953
348 769
259 773
287 466
508 828
666 828
349 811
708 986
601 865
352 961
499 797
685 773
6 884
601 813
25 884
469 907
708 760
897 938
164 961
172 886
248 981
373 562
657 686
225 953
831 836
273 907
372 897
686 935
756 769
813 904
273 941
336 568
466 907
111 664
225 601
217 773
111 938
141 432
510 886
262 820
938 989
706 846
609 961
615 738
30 884
387 897
538 828
831 986
580 730
811 846
836 981
438 508
756 941
469 564
562 643
706 828
354 981
416 525
632 738
558 643
538 760
836 935
886 953
416 941
172 568
828 904
352 811
83 941
172 989
259 989
309 971
708 831
769 897
336 935
568 989
336 836
39 836
239 935
469 971
469 686
205 961
788 986
414 884
25 664
273 971
615 941
730 738
432 865
275 886
354 953
874 961
738 773
466 971
525 554
249 414
510 981
615 865
387 554
259 865
706 788
281 884
499 941
581 886
438 820
397 941
164 904
643 941
276 706
288 760
89 986
657 981
846 961
348 756
508 788
666 941
711 886
886 941
387 525
510 686
708 904
760 828
708 813
738 886
601 981
157 828
354 658
558 571
571 938
820 828
217 865
309 907
643 797
389 989
658 874
558 938
372 756
362 601
60 149
632 981
813 971
953 989
60 811
756 897
730 953
373 499
831 904
275 935
813 828
730 836
760 961
64 259
769 971
738 935
107 938
0 981
760 935
38 609
217 935
545 989
248 971
171 797
820 935
846 986
336 981
685 989
310 897
164 820
171 938
225 730
262 961
273 884
249 884
846 904
288 961
666 884
111 884
489 981
609 941
580 601
432 935
249 938
337 421
309 756
811 874
545 953
332 571
349 961
281 545
560 884
961 986
811 828
773 953
581 730
658 831
769 907
6 797
348 907
769 941
337 564
64 989
349 986
581 981
525 564
760 811
886 981
907 941
760 904
349 904
421 986
508 846
25 788
828 961
414 562
664 884
0 956
6 344
25 838
30 861
38 920
39 974
60 995
64 965
67 920
83 901
89 301
107 719
109 662
111 916
116 976
134 920
141 957
149 978
157 842
164 994
171 776
172 328
173 949
198 988
201 807
205 860
217 984
225 439
239 408
248 995
249 920
259 911
262 683
273 671
275 878
276 949
281 844
269 287
288 635
256 309
310 452
332 955
336 978
282 337
348 680
349 960
352 353
166 354
362 881
372 889
373 409
383 527
387 863
389 966
397 994
414 617
416 915
421 887
432 917
438 605
441 908
454 705
466 488
469 919
489 952
499 749
508 744
234 510
162 525
538 805
545 856
318 554
558 908
560 876
562 604
564 898
568 833
571 893
580 832
581 850
2 601
609 736
573 615
632 942
643 876
24 657
640 658
664 842
666 908
685 983
686 992
706 932
708 966
627 711
163 730
28 738
756 993
760 982
769 950
773 931
788 809
765 797
811 822
808 813
820 921
828 919
759 831
193 836
785 846
488 865
633 874
716 884
92 886
783 897
446 904
340 907
246 935
849 938
914 941
838 953
656 961
426 971
408 981
920 986
800 989
0 672
25 880
30 324
38 990
39 891
60 622
67 934
83 611
89 974
107 994
109 648
116 786
134 792
149 823
157 477
171 891
172 994
173 972
198 546
201 947
205 951
225 347
239 894
248 900
33 249
262 925
273 978
275 855
276 980
281 875
287 853
288 921
309 749
310 449
332 501
336 932
337 997
348 722
349 819
99 352
362 910
372 979
373 955
383 792
387 980
389 492
397 785
414 829
416 771
421 729
432 843
438 608
454 731
466 993
95 469
489 511
499 944
508 988
510 934
525 942
538 791
514 545
554 555
227 558
560 861
562 958
564 694
568 763
571 974
580 972
581 883
601 968
615 973
632 991
81 643
657 942
658 950
664 967
666 824
685 694
686 887
100 706
708 915
370 711
730 783
593 738
756 871
760 872
769 771
773 819
788 833
797 949
668 811
746 813
820 922
802 828
831 855
836 926
846 997
865 982
707 874
379 884
682 886
894 897
904 985
907 980
634 935
409 938
146 941
231 953
838 961
790 971
981 985
27 986
614 989
30 920
38 662
39 280
67 861
89 963
109 967
157 893
172 967
173 964
198 921
201 662
205 949
225 802
249 968
275 283
276 987
288 900
309 514
310 790
337 819
348 747
352 946
362 988
383 804
387 962
389 934
414 793
416 879
421 955
454 616
466 623
469 998
489 754
499 750
508 987
510 556
525 960
392 545
554 790
558 960
560 970
562 757
564 603
568 863
462 571
632 992
643 885
657 917
658 954
664 898
644 685
686 816
706 900
579 708
711 926
730 877
738 962
756 947
760 879
769 949
696 773
788 807
775 797
811 899
813 912
820 894
798 828
299 831
780 836
846 944
411 865
549 874
775 884
886 888
897 977
689 904
907 973
935 979
833 938
607 941
193 953
947 961
894 971
670 981
980 986
674 989
89 955
109 787
157 976
173 912
201 785
205 954
275 910
276 996
288 973
309 922
310 993
337 357
348 790
362 967
383 807
387 717
389 936
421 854
454 779
466 876
469 969
305 489
499 929
508 771
545 858
560 646
632 726
643 787
624 658
307 664
685 816
686 994
576 706
661 708
533 730
738 937
247 769
773 943
788 999
631 813
820 993
836 940
806 846
761 865
867 874
886 997
790 897
904 939
907 983
912 935
607 938
105 941
817 953
912 961
971 972
937 981
442 986
280 989
157 992
173 896
383 920
421 974
454 677
253 489
686 946
773 922
813 837
703 865
886 975
902 904
872 935
775 938
775 941
953 954
479 961
971 974
543 981
974 986
978 989
902 935
953 970
