1071 53
1318 1327
498 562
1407 542
1653 791
1963 649
1653 1656
603 686
1051 1548
1840 554
598 621
1021 518
1384 1454
1716 791
1218 1921
1090 267
1510 1961
1903 972
518 527
1179 1840
604 96
1915 939
345 708
1146 1840
1823 390
1653 1779
1779 438
1915 700
264 320
1533 678
1840 791
1656 283
461 870
1051 1852
1431 604
1296 430
1413 1772
1636 692
1146 1915
1871 96
1961 761
1056 1831
100 518
1296 1781
1205 530
1021 1893
1653 1716
1250 604
1754 1965
1652 1893
1413 1921
418 588
1525 507
1261 1955
1074 900
1407 1691
1231 562
1754 1840
1921 844
621 788
1831 420
1454 1992
1663 1955
1771 94
1247 513
1961 1963
1548 1852
1955 513
1384 1574
1870 626
1220 1893
1294 700
1120 401
1510 1521
1733 262
1109 1614
192 1992
1101 853
1414 1921
1548 1558
1716 1779
559 693
1462 161
1214 184
1574 1955
903 914
1077 1965
1077 1716
1716 418
599 927
1146 1804
115 1647
1155 791
621 927
1231 1521
1064 1915
592 848
1294 1423
1607 549
1179 1836
118 1431
1231 1961
1344 401
1408 1893
1431 478
1261 1619
1422 1865
1871 202
1131 202
1735 529
1408 192
1779 1836
1179 1965
1320 626
140 1992
1784 861
1784 707
21 940
1955 320
1461 244
1299 1407
1054 1187
1823 1985
115 1619
123 661
1652 337
1870 530
1194 277
1048 1691
1574 427
1120 1204
1462 902
1921 830
1870 900
1051 496
1462 603
1327 1903
1525 1823
124 402
1836 194
1574 797
1146 461
699 861
1103 1607
1204 1344
1074 1870
1220 1454
1021 851
1320 930
122 1510
1716 1965
1771 1921
1071 262
155 1652
1653 529
1575 1865
1870 930
1871 53
1218 1771
1575 1772
1614 699
1772 870
1965 788
1247 1663
1120 35
161 368
1781 1823
1840 599
1077 1735
1121 939
1131 1250
1614 1903
737 900
478 739
1414 1955
1955 267
1636 1656
1064 1146
1250 1325
1155 1295
1194 1525
1548 1607
1754 1779
161 1680
1109 1131
1194 695
1525 1588
1870 572
1840 529
1903 834
1691 738
1214 342
1060 1852
1074 1205
1247 1955
1758 420
1085 498
1772 1865
1431 1852
1502 799
1407 1985
1408 1992
1329 1779
1344 940
1214 1865
1758 1831
1422 1575
1588 542
1955 572
1903 781
1963 914
1071 1502
1413 1865
1893 661
202 678
111 498
1131 1325
1691 1781
1090 1663
1329 1840
1663 1781
1231 1963
1985 277
1296 262
1804 203
214 264
100 280
1533 1836
1903 334
1607 499
1652 518
1261 709
1955 371
1510 761
1548 420
1218 1422
1205 1870
1021 1431
379 972
277 834
1771 178
1921 853
1823 1831
111 1461
1656 1784
1865 342
1955 526
695 781
1010 861
1836 345
1893 427
1329 554
1619 693
1055 1636
1077 1784
1170 1733
1696 320
1620 1781
35 940
626 930
1461 708
1921 761
21 801
1454 851
1461 214
1735 1779
1327 1588
1250 1502
1779 927
1588 1823
1010 1295
1619 1955
1020 1614
1155 1413
1836 861
1121 1187
1696 708
1414 94
1327 1574
118 1558
1054 1915
1056 1690
1220 1574
122 1903
1318 353
1120 1344
619 834
1771 1865
1784 530
1170 1823
1205 1915
111 1696
17 1836
1852 95
1955 848
1985 438
1588 1620
1154 1992
1619 1663
1056 1758
159 1772
1462 559
1384 1652
1051 1831
1521 1636
1614 1823
1903 315
110 1575
527 797
1636 452
1147 1961
123 354
1060 334
1295 1716
1915 530
1318 334
1155 599
1696 379
1452 604
1101 1865
1054 817
1716 280
1120 1690
1054 1804
1452 1548
1074 530
649 903
1836 1840
1804 529
118 1852
123 1915
1295 1784
1588 1985
1921 797
1109 1502
1870 319
1653 1992
1261 513
1431 1690
1071 21
145 507
1781 781
1831 1852
1992 406
1893 844
1214 1921
1085 1696
1961 452
1055 1961
1414 1575
1318 1407
1204 981
1754 1784
159 914
1179 1329
1521 242
1071 1533
1533 206
1784 345
1020 781
1071 1871
1870 737
1663 513
1893 527
1205 900
1636 234
1296 370
1109 1871
1831 499
1510 1636
1758 384
1680 693
1101 1772
319 572
1414 1771
1344 35
1146 830
1147 1893
1327 1525
1103 1558
1961 649
1647 1955
1103 1690
1574 972
1064 1121
1963 562
1454 354
1452 496
1771 184
1423 830
1852 604
110 1407
1384 1893
1840 1893
1155 1754
1548 1690
1871 678
1656 1965
1408 337
1656 1840
1831 95
1101 1921
184 1915
1085 1461
1754 861
1414 370
1218 1413
1074 124
1772 94
1921 342
1502 1871
661 972
1295 1653
1656 1779
1048 1588
1051 1318
1048 1985
1607 1831
1187 1294
1090 1955
1431 1558
124 1985
109 1754
155 1992
1647 848
1961 903
1871 203
1784 1965
140 21
788 861
1893 192
1204 140
1754 283
1296 1985
1170 1781
1696 244
1733 293
1329 1735
1620 619
406 661
1992 518
145 834
1680 603
1691 390
1101 1414
1903 1985
1462 368
1261 526
686 902
1781 438
244 264
1103 588
1680 621
1614 353
1558 1758
1852 478
1548 1831
1771 1772
1147 851
1060 1903
1614 1620
1985 212
1781 507
1131 1871
1963 761
1955 592
1325 53
1179 1653
1299 940
1413 1771
1055 1963
1963 234
203 830
1452 244
401 981
1823 1903
1384 797
1871 1992
1533 96
1525 549
1462 1680
1020 1299
1961 914
1247 848
1510 242
1955 709
1325 1502
1831 549
100 817
1716 1784
1296 1733
370 738
1452 95
1636 1961
1656 788
1010 1656
1871 799
1179 1754
1733 834
1048 1620
178 1865
1021 123
1205 737
1064 1804
1558 1852
1893 406
1656 1735
1963 692
1299 1614
419 870
1558 739
1784 283
1647 371
1696 498
1733 1823
319 853
1090 1619
1502 1533
1865 844
1680 368
1992 797
1614 1691
1915 461
1170 738
1120 801
1187 1804
1525 619
1060 430
1680 902
115 1955
1344 140
1413 1575
1607 1690
1575 370
1758 1840
1735 707
592 709
1060 1614
801 981
1452 739
1804 419
319 930
1831 384
1452 1852
1779 345
1781 695
1146 1294
1680 688
17 1985
1423 1915
1647 1663
1619 526
1772 844
1422 851
1961 562
1461 320
155 972
1663 1804
1804 700
1231 914
1422 1921
1620 1903
1696 214
1510 649
1521 562
1109 1250
1533 799
1963 242
1840 1965
1250 206
1247 1619
1961 234
1120 940
1823 430
1408 1454
1588 781
1295 1836
1074 1831
940 981
1663 267
1056 1607
1187 1915
1218 1772
1779 1965
1154 1652
1963 452
1103 1852
1325 1871
1414 184
159 1921
1521 1963
280 817
1452 1758
1131 799
1852 709
1407 1620
1965 529
1915 870
1636 761
1653 1965
1663 848
1636 1963
317 972
1077 1836
1214 1772
478 549
1204 801
1965 707
1318 1965
1054 1423
115 1454
1422 1772
1614 542
1154 1893
1154 1384
1733 390
178 853
1915 830
1220 1652
1840 621
1961 692
1408 354
1804 461
1090 371
1716 1836
1836 707
1992 527
438 619
1870 402
1247 1647
1992 851
1101 1533
1754 830
1915 513
1652 1992
159 1865
1804 1915
1048 1525
1852 496
1690 1955
1109 96
122 1985
1261 1663
1831 940
603 688
1558 1690
1021 1992
1325 799
1194 262
1250 1533
1423 203
1691 315
1921 370
1620 212
1510 1963
1619 1647
1051 1690
1055 903
1147 1574
1320 1870
1423 461
1691 1733
817 87
1735 1965
1452 1607
1020 1691
1521 688
1735 1784
559 688
1733 212
1680 686
1758 499
1647 526
1422 853
1147 1992
1690 384
1903 280
1992 384
110 738
1823 1965
194 621
1871 206
1461 1696
1170 1985
1054 1121
1462 686
1893 420
1865 1921
1220 427
1327 1985
1085 379
1454 972
693 902
1985 507
1384 317
1754 599
1690 1758
1194 738
1170 353
1121 1423
1056 496
1992 317
1074 661
870 939
1010 1735
1318 1823
110 438
1716 927
1652 444
1010 1155
1020 1779
1187 939
1155 1653
1836 1965
1647 592
1716 1840
1754 692
1521 1961
1588 1903
1893 1992
1965 554
109 194
1533 1871
315 699
1064 700
1318 1985
1607 1758
124 1870
1296 699
1205 1320
1329 194
1085 708
145 695
1154 337
1574 1652
478 914
1965 401
1758 739
1121 1915
1147 406
1575 1921
1294 419
402 572
1327 1781
1804 939
1771 844
1320 737
1055 1231
1680 559
1294 1915
499 87
100 1321
1010 1531
1020 1797
1021 1947
1048 1827
1051 1936
1054 474
1055 1909
1056 1756
1060 1623
1064 1551
1071 897
1074 1119
1077 1785
1085 1293
109 1952
1090 119
110 156
1101 1464
1103 1977
1109 1283
111 728
1061 1120
1121 964
1131 1451
1146 1876
1147 1904
115 189
1154 1801
1155 1290
1170 1798
1179 1297
118 1682
1187 1885
1194 1905
1204 1850
1205 560
1214 183
1136 1218
122 881
1220 1542
123 1885
1231 1481
124 590
1030 1247
1250 1487
1261 516
1294 1834
1295 279
1296 605
1299 1890
1318 292
1320 1613
1325 1604
1327 1372
1329 846
1310 1344
1384 1579
140 1701
1407 1875
1408 1421
1046 1413
1414 926
1422 793
1423 469
1431 1731
145 1599
1452 1472
1454 275
1349 1461
1386 1462
1502 1973
1510 1699
1521 1701
1525 1527
1533 1542
1548 1599
155 1853
1066 1558
1574 99
1575 1600
1009 1588
1362 159
1607 1905
161 1825
1614 865
1239 1619
1620 1977
1636 1693
116 1647
1602 1652
1653 1778
150 1656
1660 1663
1680 1977
1690 1693
1691 837
1216 1696
17 1741
1716 237
1513 1733
1449 1735
1754 1971
1758 1835
1685 1771
1530 1772
1686 1779
178 1970
1781 998
1784 1976
1793 1804
1823 433
1831 1929
1150 1836
184 28
1732 1840
1844 1852
1863 1865
1870 1989
1871 665
1736 1893
1903 886
1915 878
1349 192
1594 1921
1681 194
1955 569
1918 1961
1963 754
1140 1965
1985 978
1394 1992
1780 202
1951 203
1591 206
1989 21
1793 212
1751 214
1625 234
1967 242
1316 244
1289 262
1845 264
1843 267
277 757
1321 280
283 284
1970 293
1972 315
317 878
1952 319
1987 320
1989 334
1406 337
1508 342
1767 345
1523 35
1914 353
1962 354
368 999
371 915
379 462
1867 384
1940 390
401 648
1744 402
1895 406
418 894
373 420
1360 427
343 430
438 929
1854 444
452 702
461 65
1756 478
1878 496
1092 498
1679 499
1762 507
195 518
1590 526
1014 527
529 625
53 670
1346 530
542 687
260 549
1352 554
1969 559
1440 562
1944 572
1785 588
1063 592
1649 598
141 599
228 603
1919 604
619 854
1867 626
1517 649
177 661
1274 678
1810 686
45 688
1927 692
1717 693
1577 695
18 699
700 877
1266 707
1410 708
1998 709
1876 737
1895 738
1518 739
279 761
1748 781
1541 788
791 929
1939 797
1982 799
764 801
1596 817
1866 830
834 855
2000 844
749 848
1031 851
32 853
1349 861
623 87
1570 870
1457 900
1651 902
729 903
1237 927
1559 930
15 939
840 94
1630 940
1949 95
105 972
645 981
100 1746
1010 669
1020 785
1021 1593
1048 1655
1051 1308
1055 1878
1064 1223
1077 1177
1103 1611
1109 1951
111 1330
1120 1705
1121 1708
1131 1254
1 1146
1154 1728
1155 1977
1170 1398
1179 1914
1187 1931
1194 987
1205 1835
1214 1930
1218 1723
122 1513
1220 1995
1231 1567
1247 1877
1250 1929
1261 787
1294 979
1295 1700
1299 1616
1318 1353
1320 864
1325 1884
1327 1674
1329 1889
1344 1989
1384 1940
1407 1792
1408 1856
1413 1433
1414 1738
1422 1890
1423 1904
1431 884
1333 145
1452 1930
1454 800
1461 948
1462 1790
1502 1937
1510 1787
1140 1525
1548 1872
1227 1558
1574 1720
1566 1575
1356 1588
1490 1607
1614 1800
1619 1807
1620 1711
148 1636
1560 1647
1653 416
1663 1919
1680 1991
1690 250
1691 1760
1696 1826
17 1966
1716 1755
1733 1959
1552 1735
1334 1754
1739 1758
1143 1771
1772 1983
1265 1779
1623 1781
1621 1784
1804 1944
1380 1823
1715 1836
1806 1840
1757 1852
1797 1865
1870 525
1778 1871
1893 197
1903 1908
1167 1915
192 1943
1850 1921
1955 789
1267 1961
1195 1963
1805 1965
1631 1985
1992 600
1706 206
1501 212
1928 214
1860 264
1841 267
1303 283
293 836
1953 317
1999 337
1816 342
1764 368
1866 390
402 918
1470 418
427 586
1913 430
1951 444
452 820
1610 496
1834 498
1953 499
1629 527
1936 53
542 749
1978 549
554 597
1918 588
1967 598
1726 599
1822 603
1583 619
626 644
1980 678
1371 686
1226 688
1743 693
1982 695
1554 699
500 700
573 707
1631 708
26 737
1639 738
314 739
1916 788
1873 791
1377 799
1724 801
1245 817
1243 834
19 848
1725 851
1587 853
1717 87
1968 900
1947 902
1882 903
1637 927
1450 930
1645 94
896 981
1154 1611
1194 1722
1320 1981
1344 1385
1398 1408
1422 1495
1431 1792
1461 1806
1548 1858
1558 1794
1647 1887
1653 1827
1680 1896
1691 1968
1687 1735
1771 1848
1347 1772
1779 987
1206 1781
1784 536
1274 1836
1858 1865
1862 1870
1424 1903
1889 1961
1834 1963
1925 1985
1855 444
1739 588
1706 737
1484 788
1833 791
346 981
1660 588
