2705 4924
3314 4911
3684 4530
1690 4764
3573 4701
4556 4979
4077 4690
3493 4021
1827 4839
3109 4705
3490 3557
3204 4257
2733 3840
15 4945
236 3733
3079 4835
4674 4954
1389 3789
2218 4676
2699 4997
1699 4823
2132 4799
979 4401
3330 4276
4028 4163
105 4957
1390 4588
253 2979
4487 4764
1541 4959
1742 4682
3038 4896
3868 4651
2932 4760
1598 3107
2024 4682
1241 4666
635 4426
3733 4996
2519 4207
2947 4976
979 1931
1150 4890
2533 4650
3682 4412
3424 4116
2104 4102
624 4707
2748 4476
1503 4911
233 2748
3556 4763
4695 4937
1365 4938
2795 4238
3682 4194
1296 4654
945 4688
4813 4937
2291 3924
752 2795
2916 4476
1154 1833
1406 2339
1235 3652
630 4838
3718 4238
931 4674
4077 4676
3 4929
2533 3378
2740 4587
2944 4235
1707 4878
3081 3122
3556 4738
3891 4705
1224 4047
4182 4565
3294 4378
1931 3716
1515 4779
2209 4822
3720 4301
4537 4799
1175 4822
4342 4977
752 3165
1981 4938
4039 4633
2026 4472
867 4626
480 4976
2519 4411
267 4786
1523 3585
2731 4934
1431 4537
2809 4650
3656 4260
2613 4608
4957 4979
2317 4964
492 4006
2821 3501
1050 4767
1355 3424
699 4945
4094 4453
758 4102
1536 4676
3480 4799
3656 4695
131 4557
3009 4954
3144 4257
2422 4401
740 4996
1222 4799
4182 4588
1380 3981
3719 4403
3652 4377
3210 4929
3163 4476
4024 4938
3970 4378
3127 4996
910 4767
1264 4650
2231 4401
4767 4997
4218 4387
1316 1901
1773 3718
2976 4006
3347 4911
929 4476
2377 4964
1122 3311
1857 4779
1264 4039
4235 4550
1623 4996
1809 2821
4256 4764
3528 3981
346 1687
4377 4556
739 4626
1241 4911
2741 4779
3158 3999
3758 4349
1414 4850
1355 2916
3684 4006
4235 4625
2192 2788
236 3999
990 2385
1375 4589
3191 3424
2825 4964
2656 3556
4218 4977
3409 4499
678 4957
4608 4979
4546 4651
1536 4690
2829 4773
923 4301
1538 4938
97 3717
3165 3904
3007 3693
3294 4476
3501 4873
1445 4028
2731 4690
3375 4325
4626 4916
2042 4850
3115 4133
2656 4377
3081 3555
4378 4476
4626 4935
2613 3652
2533 4058
3165 4141
4116 4325
4337 4474
1617 3172
1490 4707
2870 3191
205 2734
421 4039
1228 4403
1981 3232
1906 2717
4767 4813
1773 2344
3009 4839
4278 4929
3720 4890
1873 4584
3501 4557
982 3501
3745 4537
888 3535
1024 4588
2494 2795
678 2370
2321 4387
3997 4878
3362 4954
4444 4767
3531 4977
3629 4194
674 4809
236 3981
630 4238
4915 4997
3050 4024
2009 3936
1751 2613
3469 3709
3480 4385
4695 4850
3457 3573
3314 3469
1920 4954
1421 4472
581 4587
2656 4979
1175 4937
2531 4873
4716 4977
540 4654
3127 4033
2329 2370
3165 4238
2462 4537
1742 4349
1687 4676
1691 4954
3651 3737
3181 3311
2317 4453
3222 4691
1431 3651
2748 3566
1196 4976
1286 4667
1779 3181
2154 4937
2656 4763
4194 4412
3469 4911
2184 4938
3147 4919
2462 4799
1889 4809
1086 3749
2494 2911
1375 3924
2563 4979
116 4695
1296 2891
1933 4716
149 3733
2392 4903
3457 4716
3716 3719
1801 4476
3981 4283
3375 4764
3966 4689
4257 4838
2223 4873
4518 4977
2599 4349
2891 3591
3480 4094
2808 4680
4453 4809
3165 3891
4170 4935
3737 4499
807 4959
1168 2329
1972 3378
3966 4915
3682 4283
1042 4650
1075 1375
4767 4937
2220 4903
3165 3519
4651 4896
3222 4903
4626 4779
2494 4838
3074 3591
3127 3737
3651 4033
1342 4919
2104 3749
97 4530
1452 3339
1999 2052
1445 4823
4608 4763
2459 3758
3163 3566
4850 4997
2983 3716
1249 4997
1691 4839
1873 2808
1424 3349
2531 4924
4094 4799
1180 2202
4919 4934
3716 4047
50 4976
359 4403
2765 4626
4556 4945
4472 4822
3009 4651
3114 3126
2392 4691
3566 4977
3222 4823
1175 3210
1785 4325
2644 4959
923 1785
2733 4911
2518 3365
4276 4608
4809 4938
3424 4976
3569 4835
2944 4170
1218 1647
3210 4278
2403 4773
3204 3904
3330 4786
3232 3737
3737 4799
4047 4387
396 4588
3501 4336
2347 4705
2575 3496
4773 4954
2314 4385
2701 4584
2442 4919
1515 4207
1424 4979
475 2813
3999 4957
3487 4839
1130 4682
2533 3750
1346 3144
1950 2345
245 4919
3717 4530
1424 4738
3175 3314
3294 4680
4633 4838
3079 4915
4666 4957
4523 4929
468 2345
1414 4589
1473 4903
2740 3652
1503 3709
3651 4537
4764 4964
3909 4518
4024 4453
4311 4674
3425 4499
475 3172
860 4301
3039 4835
3339 4716
477 4336
2052 4964
128 4141
3684 3789
2813 2945
1681 4163
1403 3102
1092 2104
2701 3528
3038 4626
2403 4674
166 2699
2184 3222
2977 4954
4651 4674
2809 3750
1029 4238
543 3127
1497 3924
4256 4682
4149 4903
4047 4401
1742 2826
2546 4364
1414 4102
2705 4929
2354 4474
4760 4996
620 4530
3904 4390
1145 1825
837 3868
2314 3746
630 2164
1681 3365
2317 4823
4033 4364
4556 4608
2052 3493
969 2979
663 4937
1150 4977
2575 4550
3627 4954
3294 4976
2392 4823
2164 3144
4278 4873
2806 2977
139 2009
3535 3749
2733 4779
4311 4688
421 3750
2723 4957
1623 2956
4133 4476
484 4916
2928 4839
3652 4608
3924 4589
38 4626
1089 4377
1810 4238
3165 4682
1977 4633
2227 4283
3409 4565
3556 4087
454 4919
1691 4651
3482 4964
3742 4976
1271 4364
2042 4813
4006 4592
2795 4838
2734 3158
4081 4676
515 2882
454 4934
2911 3204
202 4592
3652 3656
2531 4929
2994 3719
4260 4813
4218 4364
4546 4954
1389 4654
700 2890
1620 3316
1504 4589
4487 4676
1751 4707
4916 4938
830 4170
1222 3746
2811 3275
4081 4919
1116 4813
1931 4047
2519 4550
3720 4977
4194 4283
3745 4959
2748 2994
789 4916
369 4403
1452 4705
105 929
1826 4873
2389 3904
2956 3629
1431 3746
4039 4650
2318 2979
2009 3126
3717 4349
2734 3709
4587 4716
4047 4364
214 4116
3535 4589
3923 4937
4839 4896
2192 3139
1150 4701
3682 4426
557 1180
1342 4081
3115 4378
4689 4835
2321 2903
4377 4738
1145 4163
2202 4390
1029 3718
3039 3923
1222 2462
3716 4364
3591 4337
910 4835
1126 3339
4301 4964
1999 4764
3480 3651
3375 4701
2979 3868
3720 3997
3126 4102
2389 4838
2223 4499
2563 4763
4674 4839
2947 3970
346 4878
484 1852
1249 4835
3449 4523
1473 4823
369 4650
2863 4276
1681 3262
2132 4033
2656 4945
2945 4325
3057 4835
4763 4945
1623 4667
3144 4838
4680 4976
4760 4809
2024 3758
3107 3535
888 3107
4116 4764
2291 3107
1801 2916
2891 4635
4764 4813
2916 4705
807 4674
3840 4924
846 4651
4472 4767
3750 4039
1092 2291
929 4474
2519 4779
731 4473
3482 4809
2644 4896
3693 4390
1328 4635
2310 4738
2829 4786
4021 4964
39 2705
266 4823
1191 4194
2765 4779
1214 4890
1406 3232
1389 4592
2947 4680
4031 4588
3835 4996
3528 4934
207 4133
230 4997
557 2731
3719 4878
969 4667
1801 4116
2829 4954
153 3788
423 3257
482 4823
635 4838
1490 3120
4689 4822
3038 4688
2821 4929
3139 4487
1218 4964
3144 4954
4058 4633
319 4839
1813 4256
233 4911
4499 4518
4499 4701
3519 4773
3469 4390
1365 4964
1825 4584
2370 4387
1168 4218
3493 4256
4169 4625
4760 4823
2983 4701
3556 4608
1264 3750
116 4835
3970 4959
4301 4325
1375 4588
1450 4911
3449 4557
4141 4838
166 4472
3641 4705
3966 4997
4169 4979
3367 4311
1889 4916
1579 4557
1497 3749
2863 4163
2613 4738
3936 4589
4760 4964
3555 4873
2644 4773
663 4813
2959 4069
3127 4537
2518 3109
1632 4773
1271 4047
4033 4094
2891 4006
2154 3039
461 4311
2701 4077
2705 4873
1223 4257
449 4218
3256 4530
3057 4929
3745 4996
1235 4377
3528 4690
3569 4813
1598 4102
999 3599
3378 4633
3126 4364
2132 3924
4170 4550
2816 4487
4705 4964
359 2352
482 1538
2026 4835
1711 1999
1920 4311
2337 4799
3349 4979
3425 4565
140 1286
3050 4760
1290 4021
4087 4556
2825 4691
1038 1687
3115 4044
2227 4412
2354 4163
1228 4935
3057 3275
3750 4633
2370 4364
3569 4695
2765 4170
2748 3891
3449 4924
1191 2318
1223 3904
3144 4141
923 4021
2329 2546
468 4705
2861 3365
752 4257
2599 3717
1766 4760
2164 4838
2318 3733
3122 4764
1504 3936
3482 4916
4473 4996
3314 4666
4444 4680
3158 3314
3555 4924
4403 4779
2994 4705
3163 4701
4809 4903
449 4387
2808 4133
2862 4934
3750 4707
3275 4929
230 4589
2297 2932
3425 4701
1450 3709
2091 2809
3573 4716
1579 3501
4094 4385
1972 4707
4337 4349
4523 4957
2026 3575
1977 4707
1813 4301
1681 3102
3294 4584
2928 4257
1617 3126
3745 4412
1766 4667
947 4690
1906 4589
1831 2337
1766 4412
3981 4473
2533 4633
3904 4426
730 4337
3645 4006
4024 4691
1972 4633
3493 4325
888 1617
2302 3158
2903 4218
1236 4633
3362 4786
1707 4256
3039 4091
1742 4047
423 4523
2813 3684
1236 3120
428 4044
2337 2862
3569 4472
1316 4633
878 4387
1711 4878
4021 4301
4024 4809
1901 4929
3126 3924
4635 4654
1089 4945
807 4786
2297 4667
245 4426
1801 3891
2599 3316
2795 3204
1241 4676
2347 3970
1869 4218
4031 4890
3923 4997
4676 4813
1150 1290
2024 4349
4385 4903
4278 4924
1538 4453
1154 4218
2983 4387
1503 4957
4896 4954
3966 4835
1833 2024
2944 4935
1214 3531
929 4680
3573 3909
4550 4878
2959 4283
2944 4411
2302 4911
2861 3330
2891 4523
1249 4813
4342 4588
3 4523
139 2717
1219 4680
2903 4387
1222 4194
3457 4518
3339 3566
3719 4170
731 4799
1687 4934
3868 4839
3923 4695
4823 4903
2202 4911
833 4760
2352 4779
4238 4426
4260 4937
4278 4472
4444 4651
1380 4069
1813 4764
2218 4077
2344 2795
2947 4705
3409 3457
3555 4929
3709 3999
2231 2339
3840 4779
4139 4924
1274 4139
1224 2546
4024 4823
1365 2220
3375 3557
2519 4935
3102 4474
4695 4997
2663 4911
3493 3557
707 4938
2741 4311
1497 4102
3181 3599
1089 3684
674 4938
1262 4557
3490 4021
4813 4997
4091 4689
2442 2816
428 2748
1920 4546
3330 4474
4760 4916
3057 4873
3102 4163
2825 4149
1575 3718
846 4839
3405 4530
4499 4588
969 4996
3923 4813
105 3347
3656 4997
663 4850
4364 4387
1933 4342
2531 3555
3339 3720
4786 4954
1145 4474
3114 3480
3163 4977
3257 4929
1403 3262
1262 4873
2052 4256
1238 4760
1897 2882
2740 4738
4691 4760
4954 4996
4257 4426
4565 4977
591 3120
4336 4557
1029 4426
3745 4473
1406 3651
4584 4705
3405 4337
1286 3682
3316 3717
635 1346
2329 4387
2861 4276
4325 4764
635 3222
149 3311
837 4773
1981 4094
2861 4474
2385 4116
367 4705
2009 4589
3720 4487
4850 4937
1785 4021
1857 3997
1503 4896
711 2231
3144 4238
1442 4690
50 4133
3652 4945
3081 4873
3519 4954
3409 4031
3557 4473
1560 4799
3835 4666
4453 4799
38 4935
699 4763
3891 4476
4453 4938
153 4690
4588 4716
3367 4839
2663 3314
3316 4349
3614 3999
4235 4878
919 4667
4738 4945
1977 4650
1691 2977
3573 4565
2821 4139
1286 4929
205 4911
1945 2392
3144 4426
3349 4087
1632 4651
1873 4378
3409 4890
731 3746
1729 4523
3363 4911
2132 3737
3181 3682
947 4487
3742 4680
3746 4385
3693 4763
2403 4959
3469 4689
116 4937
2202 3175
1999 3375
999 3733
846 4688
98 3720
2994 3109
3490 3573
4587 4738
3746 4033
4518 4565
2441 4997
2994 4680
245 4690
2979 4667
3009 3038
3566 4701
2091 3120
4133 4680
4689 4997
198 3496
3232 4537
1933 4890
2459 3405
4102 4589
860 4256
4091 4997
2091 4633
4024 4916
2154 4767
1442 4934
3 131
340 4835
2159 4633
1690 4256
36 4911
4087 4587
3405 3717
1126 4565
1473 4964
3999 4911
635 4689
1827 4169
982 4523
1801 2994
4091 4835
4094 4716
2575 2765
4915 4937
3081 4924
3997 4235
2806 4626
1901 4873
476 1223
2613 4945
1536 1687
3684 4635
830 1515
492 3684
253 3981
2291 4301
3181 4170
1901 4139
2494 3718
3733 4691
4890 4954
3835 4911
3007 4911
3165 4257
1541 4896
2231 2983
2209 4695
910 4915
3115 4584
3057 4523
1175 4695
2162 4625
3409 3425
2733 4625
4094 4977
2976 3684
396 4342
2820 4779
3614 4390
36 4957
3339 4977
630 4141
833 4823
846 4773
1126 4701
4588 4890
480 2994
3222 4453
2765 4550
514 4077
1191 4069
3909 4565
2861 4584
3107 4957
1271 2983
3531 4518
3191 3999
730 4087
4565 4701
1050 4935
2813 4412
1690 2377
2575 4935
4207 4626
2717 3107
1766 4996
848 4587
3007 4957
1826 4924
2459 3256
2518 4474
678 3007
4139 4278
1089 4979
2024 4530
3007 4031
233 4666
4674 4688
2052 4764
1950 4116
1238 4945
1950 3115
3222 4809
3081 4523
4592 4635
1729 4924
3519 4674
1115 3330
1647 3557
482 4903
4666 4911
3555 4557
2302 2307
969 3733
1801 4584
591 4650
2042 4937
3720 4701
581 4608
3057 4557
2932 3311
2162 4779
2776 4499
845 1869
1150 4608
2192 4676
230 4587
620 4903
999 4069
2734 4911
3528 4487
1309 3363
4311 4954
233 4390
1490 1751
36 4938
3746 4979
1218 4764
1751 4650
39 4929
888 4102
476 3349
3556 4556
2621 4546
3039 4472
139 3535
1810 3966
2811 4924
1390 4977
3909 3999
752 4426
3081 4929
39 4557
3966 4695
4182 4890
2317 4903
2916 3641
837 4896
4911 4915
543 4033
614 4915
1442 2192
2870 2947
3050 4453
4133 4976
3425 4890
2932 3682
3868 4311
3038 4546
4608 4945
3788 4676
2816 4676
3535 4688
3191 3641
2321 2546
1541 4786
2945 4654
674 4705
4069 4996
4031 4701
3210 4523
3891 4976
149 4412
1826 4139
3362 4651
4592 4608
4557 4584
3557 4764
758 3924
4336 4523
3569 4915
732 4688
3742 4116
3693 4666
1239 4896
3718 4141
3102 3262
620 4349
620 4682
2825 4903
4773 4959
4385 4537
2042 2209
2734 3347
3175 3629
3172 4635
4342 4499
2164 4426
4773 4896
1024 4701
311 4976
730 3316
3 4557
4626 4674
2816 4690
3737 4364
4028 4584
3102 4028
3652 4556
2806 4651
2813 4592
359 4878
2159 4919
3102 4276
3891 4378
1977 3750
3469 4666
833 4964
3163 4518
98 3424
36 1241
3591 4592
4779 4878
3557 4091
1711 4207
1403 4474
2026 4997
4738 4979
3349 4608
4760 4903
1342 2370
3923 4689
1390 3163
4163 4584
4474 4997
3367 4651
2563 4945
2911 4426
4556 4707
2788 4487
1086 4954
2738 3480
1950 3970
1414 3936
506 4809
877 4934
3923 4472
3038 3114
207 4979
1130 4349
2976 3645
128 3904
573 4959
461 4954
2329 4915
1579 4929
1089 4608
789 4903
3487 4896
2870 3424
1737 3367
3165 3718
3147 4487
140 4283
947 4934
732 3868
3102 4584
2104 3535
1042 4039
1130 4760
1920 4773
1040 4666
1309 3693
3109 4378
506 4903
1390 4835
3349 4587
3749 3936
4194 4667
1342 4934
3599 4401
1711 4411
890 4666
1309 3614
1977 4773
2944 4403
3591 4635
3789 4654
3719 4935
4873 4924
3909 4890
2575 4878
2717 3749
1450 3999
1445 4809
1869 2903
2344 4813
2621 4487
3557 4325
1271 4401
4377 4587
758 3535
2227 4760
3891 3970
1503 3693
2776 4565
2613 4979
1737 4954
1238 1623
1561 4337
2890 4996
3122 3788
3425 4182
3222 3482
3718 3904
758 4979
4260 4695
2599 4682
2788 3139
2808 4044
732 4954
1504 4584
204 4674
1346 4838
281 4689
266 4938
4691 4964
2808 4473
4823 4916
3314 3709
618 3758
4809 4964
3009 3936
2947 4133
2162 3997
878 4218
3693 4957
1623 4283
4169 4377
1025 4767
1424 4945
311 3891
4116 4976
4903 4916
3139 3788
3656 4822
3566 4890
4650 4654
39 4873
2223 4278
3074 4934
947 4957
515 4705
2345 4444
2159 2337
3981 4667
4546 4896
3181 4412
1869 4916
1687 3122
421 4650
2132 3480
2442 4487
1116 4695
1575 4141
4031 4716
205 4957
2717 4589
230 3126
3074 4635
2317 4149
4738 4763
4835 4997
3115 4976
969 4283
4716 4890
3966 4937
3163 4716
1024 4977
3923 4835
1575 3144
3717 3746
2738 4385
3970 4976
4474 4738
1933 4518
1933 4977
1331 4738
2811 4336
2389 4426
4207 4935
1889 4903
678 4911
890 2959
2385 4530
2701 4919
635 4238
2932 3745
4822 4937
2863 4584
2354 4028
2826 4916
931 4773
267 3627
1431 4799
3175 4911
1115 2863
2717 3936
4499 4911
3081 4336
2911 4141
3556 4377
3232 4799
38 4411
2829 4959
2024 2202
4633 4650
2563 4738
3409 4518
4654 4767
4411 4878
4873 4929
3482 4823
2891 3074
2347 4476
3627 4896
1972 4650
2663 3614
3457 4499
2979 4412
3573 4518
3575 4472
3009 4959
1239 4976
1773 4674
2347 3742
2829 3362
2621 3316
3210 3501
4139 4873
1214 4182
188 4929
4260 4835
2977 4839
3120 4039
267 3367
4453 4964
1150 3566
1168 4387
3720 4565
1191 4996
2731 4218
4377 4763
4094 4499
3490 4325
1561 4682
711 4387
3758 4682
1560 4081
369 4779
2518 2863
2863 4028
2944 4550
1906 4102
4235 4626
3175 4957
573 4773
1241 4957
2879 4039
931 4896
4839 4934
3528 4499
707 4809
1421 4850
1827 4979
1889 4938
340 4850
2788 3746
3057 4336
4689 4813
3122 4919
878 2546
2820 4411
4556 4691
1779 3257
4021 4325
2184 4903
1122 4838
1809 4929
3684 4592
4336 4924
2519 4878
2870 3585
1223 2344
2994 3191
3569 4997
4651 4839
4945 4979
3789 4006
1632 4688
4689 4695
1620 4337
3079 3656
4141 4426
428 3970
1827 4556
2861 3172
731 4537
363 4412
4091 4915
789 4809
2291 4911
131 4873
1406 3114
3347 3363
3127 4385
2776 2891
4102 4997
4141 4257
3999 4390
3599 4760
2531 4278
2776 4977
3627 4674
1796 4592
2162 4550
929 4028
3531 3573
1180 4666
2223 4336
3275 4716
266 4809
1442 4487
3175 3363
4813 4822
514 4934
1707 4964
3262 4474
3709 4957
1707 3039
3591 4006
2314 4537
1808 3868
1271 3733
1523 3501
1981 3651
1691 4959
2809 4707
295 4823
2863 4474
3717 3720
449 2370
204 2644
3158 3693
3425 4588
1852 4426
3745 4667
3656 4767
4822 4997
2459 4337
3050 4916
3682 4473
1785 4764
1286 4996
2159 2171
2613 4763
3733 4283
2663 3469
3425 4977
3981 4069
4031 4977
1620 4682
2776 4588
1092 3924
543 4799
1145 4028
4087 4979
4557 4929
274 4377
2825 4916
618 4530
1490 4039
4903 4964
3115 4705
1414 2104
1598 3749
3262 3365
3585 4139
4916 4964
2370 4218
4044 4680
2979 4473
3573 4182
4472 4997
1296 3074
449 3716
1168 2903
2403 4651
2701 4934
3114 3737
1406 4799
3496 4957
2291 3936
877 4809
931 4839
346 4550
678 4666
1523 4929
2307 4283
2806 3627
1403 4276
3970 4444
4349 4530
3718 4838
2826 3719
1355 4476
3081 4278
1503 4666
3997 4779
2297 3733
1950 3641
2870 4705
758 1375
3378 3742
4133 4444
4207 4878
4779 4838
454 4676
1262 3057
624 1316
81 4682
3684 4654
1906 2291
2024 4337
1328 4654
2220 4823
4094 4537
4651 4688
2959 4667
2345 3424
3599 3629
1523 4336
990 4916
4487 4934
4626 4878
4767 4915
1826 4929
2956 4069
4149 4809
1316 4707
2321 4364
1365 3482
3204 4838
2863 3330
4523 4924
1389 4006
3656 4937
1901 3719
2740 4979
2613 4587
4028 4474
4207 4403
1598 4589
2644 4954
4235 4935
1235 4979
153 4996
207 4738
1808 4959
2738 4537
581 4556
1575 4838
1796 4654
1945 4903
3114 4033
543 3737
1239 2977
1809 3501
2422 4476
2329 2339
923 4764
4690 4919
3222 4916
188 4873
2740 4608
999 4996
2861 4028
2928 4896
3120 4633
1931 4364
1825 4276
2811 4278
3147 4077
1355 4680
3039 4997
340 3614
477 4139
359 1086
3074 3789
700 3629
3316 4530
363 4473
699 4608
166 4260
370 4589
2945 3362
2829 4674
281 4767
3107 3936
4822 4850
1380 4473
2741 4625
2317 4938
789 4024
484 1223
1075 4378
4170 4403
1116 4835
2192 4919
3531 4182
233 4957
2765 4935
3599 4996
848 4979
4024 4149
4311 4839
2977 4959
2192 4934
266 4453
3457 4565
3493 4964
4033 4537
4556 4763
1796 3172
2171 4487
1833 4625
3405 4349
1450 4957
281 515
2052 4116
369 4207
3347 3999
1414 1906
1538 4691
1809 4873
4170 4779
4688 4959
4938 4964
1264 4707
1766 3745
1945 4691
3758 4530
2733 4411
140 4069
845 4401
2347 4378
3891 4133
4786 4839
1972 3750
2009 3924
4033 4799
663 4767
2531 4182
4094 4565
4476 4976
3627 4959
1222 4385
2171 4690
1796 4635
2890 4473
514 4919
1219 4378
1114 4588
4412 4996
2916 4680
3909 4977
1598 1897
3294 3970
2132 4385
3627 3868
2811 3469
2223 4924
2816 4934
4170 4207
2644 3868
2825 3294
4587 4608
2734 4957
2738 3232
2956 3311
1115 4276
3641 3742
4674 4959
3641 4378
919 4163
2699 4695
1180 3693
4518 4716
1521 4667
3449 4873
3519 4959
982 3555
739 4674
1241 3614
1092 3749
3717 4337
2945 4635
1779 4996
2546 3716
396 4499
4411 4550
3079 3923
1766 4473
423 4924
480 3294
2738 4799
1827 4945
4047 4218
2318 4283
3175 3347
4934 4945
1897 3936
1116 4260
3057 3210
2441 4695
4476 4680
3362 4896
4031 4163
4557 4873
3482 4691
1331 4979
1473 3482
202 3789
3172 4654
3039 4689
833 4809
867 4403
2347 2808
81 3405
4278 4523
990 3256
2307 4194
3172 3591
3375 4301
3835 4890
3531 4094
3693 3835
2307 4412
3519 4311
4626 4959
867 4625
2738 4033
3009 3519
2297 2890
4116 4301
4839 4954
1561 3717
2890 3981
4058 4707
2297 4473
3163 4499
2575 4779
2944 4779
3314 4957
1981 4537
1536 4091
1089 4087
1561 4530
2546 4047
4031 4499
1445 4903
3079 4813
4033 4589
3840 4625
848 4763
1699 4809
367 2994
3645 4654
4695 4915
2928 3627
3557 4024
2748 3970
1690 3493
990 4682
1452 4976
482 4453
3496 4666
1751 3378
2911 4838
4691 4809
2928 3050
3120 4650
2563 3181
4773 4839
1421 4997
1342 4676
1042 4707
1796 4838
214 4301
2809 2879
3599 3682
2164 4257
1380 4283
3496 3999
1092 4589
207 4587
3362 4311
1025 4937
4903 4938
2321 4218
4556 4924
346 4403
2928 3367
3232 4385
3375 4021
4283 4473
1873 4705
198 4149
4695 4835
573 4546
3742 4044
731 4033
2911 3165
204 4896
2385 4682
2422 4364
2976 4654
4625 4935
3904 4838
1375 3126
3079 4997
1785 4116
2879 4633
484 3362
1126 4977
2310 4945
830 4935
2441 4102
3311 4069
4006 4654
253 4996
620 4916
2983 4218
1707 3557
3555 4278
2218 4934
4809 4823
2701 4081
4688 4896
877 4691
4691 4823
1751 4633
1238 4473
4550 4626
3684 4934
3457 4588
945 4839
1521 4235
1445 4024
2916 4976
204 4959
1235 4738
423 4336
2164 3204
4426 4838
2227 4996
568 4537
3656 4903
4218 4401
2811 3081
461 2816
205 3147
2816 4919
1262 4924
2820 4935
4779 4935
1445 4938
2377 3490
2916 4133
3405 3758
1235 4945
2462 3746
2776 4890
3789 4592
4499 4716
2231 4218
2813 4006
131 2223
4169 4608
1431 3114
105 4911
1981 4799
363 919
4024 4760
1810 4915
3719 4779
982 4929
1086 4102
2533 2879
4311 4959
1114 4890
1025 4813
1223 4838
3294 4116
2765 4453
3210 3257
3614 4957
3362 4546
2717 3535
2979 4996
1945 4938
3482 4149
128 4896
1175 4592
2731 4676
4235 4779
3181 4473
1290 3375
1126 4890
153 4412
1316 2533
2162 4207
1038 1831
4163 4276
573 4896
2220 4691
3007 4666
1222 4537
1331 4377
1737 4688
2159 4676
924 2354
2811 4929
3256 4349
2723 4387
3480 3737
3127 3232
1737 4786
1274 2192
2314 3127
2663 3158
2813 4654
3349 4556
3493 4764
3733 4838
4518 4890
4822 4823
4311 4651
2705 4523
3349 4738
4689 4767
674 4823
2302 3007
281 1025
1813 3557
3363 4666
3365 4028
2154 4835
3256 4682
4403 4682
3107 3749
4587 4979
2788 4690
4021 4764
2441 4937
1274 4873
3294 4444
4091 4094
2983 4401
3191 4044
4091 4767
2462 3480
3966 4813
1219 4325
2795 4426
3409 4094
4378 4444
468 3424
421 4633
2663 3007
2339 4401
4194 4996
50 1452
1040 3999
3347 4957
3050 4903
1810 4472
319 4773
3718 4426
3742 4444
202 4635
2302 3999
3469 4957
4182 4518
245 4081
281 4835
3531 4588
4760 4938
4283 4701
4499 4565
3868 4959
3599 4194
1040 3363
1699 4938
837 1906
1827 4587
924 4163
4301 4764
568 4589
2748 4705
492 4592
3909 4342
3591 4654
3425 4716
4674 4786
1620 4738
3120 4707
274 4763
2091 4707
3629 4069
1238 4979
3490 4256
3347 4377
3339 3573
15 4979
3573 4588
4691 4938
3709 4666
4760 4764
2656 2663
3924 3936
3172 3789
1452 4625
4256 4325
4364 4401
2202 3469
1945 4823
15 4556
3599 4695
1145 4767
2422 4047
3050 4691
319 4954
3114 4537
1869 4401
3656 3966
1249 3923
3109 4680
3147 4934
945 4773
4207 4411
3599 3981
4518 4530
1228 4878
2218 2788
2945 3789
3909 4716
3256 3375
4813 4850
1813 4325
1621 4813
3378 4650
1421 4695
449 4364
4779 4799
931 4257
947 2171
1249 4689
1236 4650
3840 4235
919 2959
1224 4401
2734 3363
2091 3378
2826 3575
514 4676
3575 4997
3330 4028
1773 4238
3970 4680
1346 2494
3122 4081
3651 4799
3501 4924
236 4996
4411 4935
4235 4411
4182 4701
2741 4935
999 4823
3645 4592
2377 4301
2621 3719
3519 4839
1621 4822
2202 4957
3750 4650
4403 4411
480 4044
2223 4929
2317 4390
4835 4937
4924 4929
3191 4378
1857 4935
2345 4133
3585 4929
2352 4935
423 4873
3311 4667
2928 4959
1869 4387
1857 4411
3575 4695
274 4945
506 674
3257 3981
3490 4301
1328 2976
3365 4474
4170 4411
3566 4565
4238 4257
4587 4763
4592 4654
3923 3966
2699 4689
2403 2806
885 3835
2788 4081
2644 4839
540 4635
1737 3519
139 2104
3147 4690
50 2870
475 4654
2209 3575
1180 4957
3981 4760
4546 4959
707 4916
4260 4689
4116 4256
3904 4401
3081 4139
3924 4924
2825 4453
1024 4342
3493 4996
2806 2829
3966 4957
2811 4557
2227 4473
1536 2218
1852 4141
2947 4688
2310 4979
1365 4916
1575 4257
2563 4608
1122 2344
4499 4890
2825 4938
888 3788
3316 4337
3501 3840
4087 4377
1442 1831
4139 4813
1290 4964
2531 3275
1154 4705
2291 3749
36 3693
3457 4977
1445 4916
4102 4377
346 4779
1711 4935
2563 3891
2890 3745
3480 3746
3114 3232
830 4626
1075 3924
1825 3262
3496 4911
3645 4635
3682 4667
860 3204
2302 2734
2218 4487
1024 4518
1497 4589
1541 4954
3158 3496
454 4077
2385 4337
2354 3745
207 4945
2575 4411
3074 4592
1116 4689
1560 4487
4523 4873
2808 4378
860 923
1380 2979
214 4764
3139 4081
4091 4822
274 4608
3641 4976
1328 4592
1950 4378
2959 3981
1224 2903
2154 3569
2956 3181
2318 4996
3904 4141
4087 4738
2731 4919
4473 4667
3585 4924
2891 4592
711 4047
2699 4767
1114 4924
1239 4674
2171 4934
1390 4716
3909 4182
4584 4976
2389 4238
2171 4919
3122 3139
1796 3684
1623 4194
2184 4916
428 2533
3493 3891
4087 4763
3709 4911
1196 4680
295 4916
1690 1999
2231 2329
3109 4976
2352 2820
4336 4873
2519 4235
2820 4625
1690 3490
1390 3425
2318 3311
3314 3347
739 2928
4588 4701
3868 4773
3519 4651
1813 3375
3656 4813
3487 4786
370 2821
2392 4453
888 1497
2321 2329
2220 4938
1309 4666
3365 4584
4149 4760
3909 4031
2979 3745
4878 4935
3788 4934
3127 3746
2026 4850
4651 4954
2231 4364
2821 4924
4453 4823
2733 4170
1826 4336
1239 4688
4081 4934
4170 4235
3519 4688
2337 3528
3840 4587
4311 4896
3531 4565
2825 4024
3038 4839
2820 4235
2748 3109
2339 4047
1316 4039
1945 2352
3378 4707
4667 4760
2546 2983
3139 3528
2945 4006
1145 4276
1897 2291
2354 4276
1346 1575
3746 4799
3840 4878
1331 4763
1038 4934
3651 4838
3482 4903
1040 2738
2741 4878
2462 4385
1296 4592
3158 4911
3367 4959
2731 3122
2911 3904
38 4878
581 4945
845 3716
267 4873
1742 4530
4283 4377
3339 4890
2903 4364
4387 4474
739 4081
2385 3758
2656 4738
4650 4707
1218 1690
198 4691
3868 4786
860 4964
2741 2944
1632 2227
3165 3924
1040 4957
2026 3923
2870 4976
3181 4996
3378 4058
3493 4301
3531 4701
3482 4945
1560 4033
1218 4325
3645 3652
2370 4401
2813 4635
4169 4556
1515 4935
2518 4276
1873 4476
4091 4472
3682 3745
3716 4218
2339 3716
2441 4813
2354 2765
4701 4977
4550 4935
1901 4557
2731 3007
1707 4764
910 4006
4453 4691
2882 4608
370 4102
1920 4959
1086 1598
3163 3909
1681 2861
2959 4654
3746 4091
3652 4587
369 4550
3 4707
740 3599
1452 3641
15 4587
4676 4919
4091 4260
4626 4786
1699 4903
3362 4773
2956 4412
4565 4716
1869 4364
845 2903
4676 4934
3556 4979
4182 4977
2209 4091
1331 3652
2959 3733
2314 3737
1424 4763
1852 4238
4556 4587
2344 4838
4608 4738
3528 4676
81 4530
4518 4701
4691 4903
1742 3405
2816 3788
1365 4809
4701 4716
1538 3222
2297 2959
477 4924
3330 4584
945 4896
1122 2795
1228 2820
274 4979
2519 3840
3122 4934
116 4997
1421 4937
3074 4654
484 4257
732 4773
1796 4006
807 4954
999 3745
3716 4401
482 4916
3469 3835
3378 4039
4311 4786
1751 2809
1560 4690
846 1029
4964 4979
2932 4194
4523 4546
4453 4903
4238 4838
2723 4850
2337 4934
2459 2916
2891 4654
2599 4337
789 4691
2154 2879
1933 4588
3147 4081
2442 4676
2132 3651
3127 4799
3457 4890
1831 4934
3651 4385
2621 4021
3555 4139
3835 4390
3575 4835
202 1114
2928 4626
3079 4937
1503 4390
807 4896
758 4058
3535 4102
4911 4957
140 253
1309 4911
2811 3555
2518 4163
3614 4911
1773 4838
2154 4472
205 3175
4116 4476
2159 4690
3409 4588
2339 2983
1290 4764
1042 4633
4342 4890
4077 4934
4954 4959
2459 4682
4149 4453
4260 4822
2345 3109
877 4938
3557 4964
3490 4764
2297 4996
1579 4924
2947 4584
4058 4650
1024 3038
1038 4919
2192 4487
1691 4116
3210 4139
4377 4945
591 4707
1826 4523
1901 4336
3569 4767
1808 3009
1779 4473
3139 4934
1857 4170
367 4976
4238 4680
4625 4878
4530 4682
4087 4945
2879 4688
3840 4935
1700 4058
1331 4556
4149 4938
4688 4954
1145 1827
1779 2932
1523 4523
3257 4260
4278 4557
4337 4682
4763 4979
4091 4813
1691 4688
1831 2788
1214 4977
3966 4767
540 3789
2154 4695
3531 4716
2765 3425
878 4401
3997 4935
1869 3970
591 4633
4403 4935
1355 4378
2159 4934
4031 4182
311 4705
4786 4959
2518 4028
3109 4584
3257 4924
2563 4556
3569 3966
540 3074
3365 4276
3693 3709
2765 4403
1945 4149
3909 4701
1473 4916
4235 4403
207 4763
2738 3651
1328 3172
4813 4835
1999 4256
2042 4997
2184 4691
910 4937
1857 4959
3709 4390
2699 4260
2741 3840
830 4878
4260 4997
4550 4779
2302 4957
477 1579
4069 4473
3139 4690
363 2932
1621 4997
1873 2870
2776 4342
2740 4945
1029 2494
3904 4257
1785 3102
2808 4476
2733 4878
3585 4557
1290 4301
1380 4996
2862 4690
885 4957
1274 4924
1810 4689
4182 4716
4207 4550
4149 4916
3717 4682
506 4916
2809 4633
2806 4773
1130 3758
4170 4878
4169 4945
2354 4786
982 4139
4472 4937
4786 4896
890 2613
1579 1700
3181 4194
3733 4667
845 4047
2820 4878
202 4654
1897 4945
3363 4957
4556 4738
1711 4919
2776 4518
1038 4487
1808 3362
3641 4044
581 4979
4278 4336
4839 4959
2945 3591
1621 4689
2403 4954
3641 4680
4701 4890
1168 4401
98 2621
2862 4487
1931 4387
885 3999
919 3311
3038 3367
2976 4635
885 4911
3528 4077
198 4938
3709 4235
711 3716
2310 4377
2701 4690
1114 3409
4044 4976
3349 4945
2928 4786
1521 4996
1889 4024
3566 3909
1977 2879
707 4823
1897 3126
1389 4635
1827 4763
1452 2947
2740 4763
1711 2765
3614 4666
492 4635
1810 3569
2699 3575
1296 4635
1490 3750
4412 4667
3535 4169
1889 3050
4069 4283
1972 4058
3257 4523
3457 4342
340 4472
2345 3970
3262 4276
3262 3330
319 1808
3556 4945
3339 4342
3591 3684
3585 4773
2976 4592
1075 3126
945 4311
4823 4964
3256 4625
3007 3347
4169 4738
740 1521
860 2377
1779 4283
4069 4760
1981 4385
1785 4256
867 4935
3627 4786
4260 4767
2392 4938
3 421
267 4688
2701 4676
1403 2861
1504 1617
1647 4764
1262 4929
3175 3614
198 4823
3457 4786
4342 4518
2879 4707
1707 4325
1450 3175
4342 4716
2599 3256
477 4523
2813 2891
3256 3758
1414 2009
4444 4705
3737 4385
3981 4094
3573 4977
1999 4325
4091 4937
4565 4890
1389 4911
1122 4257
236 4760
2162 4935
3191 3970
3409 3999
2705 4557
3424 4584
2344 3204
3191 3891
2806 4311
475 4635
1236 4707
1075 4976
3737 4537
2218 3122
2599 4633
4031 4342
1473 4938
3566 4182
3114 4799
4207 4625
311 3742
3405 4588
3191 4976
4256 4301
752 1122
848 4738
153 4487
1699 4149
2310 4608
3749 3924
4403 4878
1579 4635
202 4033
4835 4915
506 2928
2314 4799
4276 4474
1931 2321
2223 4557
1945 4760
1857 4878
2945 3684
2738 4102
1810 4937
3120 3378
3656 4835
4325 4964
3256 4337
3144 3904
3172 4592
128 4838
295 4938
4472 4689
2575 3840
2976 3591
1219 4021
3789 4635
4835 4850
340 4937
36 3363
990 4530
1897 4102
833 4916
1808 4839
1150 4716
1831 4954
4377 4979
699 4979
3487 4954
2042 4767
4182 4499
3257 4667
4518 4588
2162 4235
1897 4589
4039 4707
1825 4163
4626 4896
4705 4976
4453 4916
1621 4767
3645 3789
1920 3081
3050 4256
428 4476
319 4896
3424 4680
4633 4707
730 4530
1264 1406
3788 4487
1809 4139
4170 4934
3367 4786
1214 3339
931 4626
1521 4760
396 4977
1687 4896
1729 4873
2310 4556
3966 4260
245 4077
3039 4915
1175 4472
2164 4238
295 4809
359 4411
2945 4592
149 4996
461 4786
614 4919
2994 4476
1406 4537
4033 4385
3641 3891
1274 2531
2377 4764
2389 4141
4688 4839
2209 4767
2392 4916
140 4194
2377 4256
4919 4935
3039 4937
4349 4682
740 3981
3531 4890
2890 4667
2821 4278
3909 4823
1521 2318
1920 3868
4385 4799
1773 4257
2741 4207
484 4838
910 4997
1541 4688
2911 4238
3557 4301
990 4349
3840 4550
979 4364
4588 4977
2354 4530
3038 4786
1286 2959
4031 4565
4691 4916
3891 4584
1906 3936
140 367
2442 3147
166 4813
2441 4767
3257 3599
3627 4626
4044 4476
1175 4997
630 4667
214 4964
3316 4682
4342 4701
2220 4809
3490 4964
867 4878
3652 4979
1901 4924
1497 4929
1264 4633
3652 4738
1414 4976
1086 4589
2656 4087
2879 4650
614 4937
4938 4977
1224 4364
3349 4763
4651 4773
4499 4977
568 3535
2733 4550
1561 3405
2788 4919
4472 4835
1809 3449
924 4474
1541 4674
2184 4823
3840 4207
4021 4256
890 4957
3158 4957
4896 4959
97 4682
97 4349
739 4688
3788 4919
1219 4964
3682 4996
3566 4342
4337 4530
1154 4976
4301 4311
2821 3210
4689 4915
2563 4087
2644 4674
4283 4996
1191 4412
4695 4813
1490 4650
2699 4813
2862 4822
2956 4194
4587 4945
614 3079
979 4387
739 3367
3556 4587
4077 4919
846 4959
618 2385
4044 4378
1699 3050
1681 1825
4377 4608
1561 3758
3487 4674
4937 4997
1114 4499
105 4666
340 4813
732 4959
4689 4850
4767 4850
3575 4689
2337 4077
3840 4403
924 4028
2441 3575
2209 4997
1852 4257
4087 4608
1521 4364
4411 4779
4890 4977
2977 3038
461 4896
1115 4474
1424 4587
4799 4809
3375 4256
3789 4690
1515 4878
730 4682
3575 4091
877 4916
3210 4924
3 4857
15 3995
36 3859
38 1207
39 3015
50 4820
81 4972
97 4922
98 4861
105 138
116 2902
128 4620
131 4452
139 2984
140 4664
149 3897
153 4553
166 4637
188 4858
198 3915
202 4586
204 4975
205 3173
214 4479
230 4834
233 4686
236 2114
245 4757
253 2695
266 3043
267 4111
274 2938
281 4683
295 4905
311 4947
319 4981
340 4567
346 2230
359 4942
363 4210
367 4460
369 4941
370 4875
396 4118
421 4942
423 4371
428 3973
449 4694
216 454
461 4749
468 1849
475 4553
476 4694
477 532
480 3607
482 4914
261 484
492 4079
506 4804
514 2716
515 3862
540 1703
543 4782
557 4281
568 4939
573 4784
581 3524
591 4940
614 4768
618 2445
620 2471
624 4308
630 4746
663 3838
674 2229
678 3534
699 3590
700 4942
707 1326
711 4894
730 4862
731 4978
732 4679
739 3562
740 4939
752 3546
758 4908
789 4885
807 3383
830 4891
833 4251
837 4249
845 4658
846 2511
848 4907
860 4980
867 3849
877 4130
878 3823
885 4416
888 3628
890 4376
910 3667
919 4462
923 4252
924 3968
929 4967
931 3544
945 4785
947 4790
969 4736
979 4778
982 2961
990 2592
999 3035
1024 4943
1025 3595
1029 3282
1038 3625
1040 3507
1042 4870
1050 3186
1075 3824
1086 2051
1089 4617
1092 1612
1114 2714
1115 3893
1122 1216
1126 2745
1130 3507
1145 4111
1150 3370
1154 4543
1168 3703
1175 4860
1180 4961
1191 3892
1196 3880
1214 4478
1218 4045
1219 4306
1222 3491
1223 4089
1224 4405
1228 2578
1235 4947
1236 4940
1238 2461
1239 4725
1241 4921
1249 4188
1262 4012
1271 4109
1274 4889
1286 3436
1290 3312
1296 4958
1309 2864
1316 1581
1328 2068
1331 3712
1342 3993
638 1346
1355 4065
1365 4166
1375 4647
1380 4178
1389 4014
1390 4504
1403 4450
1406 4922
1414 4858
1421 2960
1424 3173
1431 4272
1442 2907
1445 4526
1289 1450
1452 4958
1473 4632
1490 4969
1497 3321
1503 1860
1504 4501
1515 4939
1521 4505
1523 4157
1536 4847
1538 4095
1541 3791
1560 4016
1561 4254
1575 2160
1598 2315
1617 4502
1620 4744
1621 4566
1623 2856
1632 4658
1647 3450
1327 1681
1687 3382
1690 3069
1691 4739
86 1699
1700 4130
1707 3119
1711 3952
1729 4992
1737 4529
1742 2896
1766 4755
1773 3306
1779 2064
1785 4552
1796 2482
1801 3976
1807 1808
1809 4042
1810 4978
1506 1813
1825 4801
1826 3662
1827 4433
1831 4407
1833 4827
1852 4620
1857 3714
1869 3358
1873 3837
1889 4933
1897 3998
1901 4869
1906 4399
1920 4366
1931 4848
1933 4868
1945 4520
1950 2134
1972 4180
1977 4296
1981 4708
1999 4183
1383 2009
2024 4543
2026 3851
713 2042
2052 3167
2091 4940
555 2104
2132 4122
2154 4230
2159 4445
2162 4982
2164 4118
2171 3199
2184 4124
2192 3905
2202 4082
1580 2209
2218 3979
2220 3649
2223 4299
1034 2227
2231 3911
2291 4858
2297 2305
2302 4513
2307 4960
2310 4293
2314 4649
2317 4051
2318 4506
2321 3411
2329 3927
2337 3680
2339 4796
2344 4620
2345 4765
2347 4932
2352 4743
2354 4580
2370 3540
2377 4794
2180 2385
2389 4273
2392 4841
2403 3655
2422 4711
2441 4437
2442 4718
2459 4972
2462 4766
2494 4620
538 2518
2519 4992
2531 4819
2533 4322
2546 4351
2470 2563
2575 2582
2599 4079
2613 4966
2621 4844
2644 4399
2054 2656
2663 4082
2699 3348
2701 4605
89 2705
2717 3861
2158 2723
2731 4445
355 2733
2734 4899
2738 4943
2740 4433
2741 4500
1574 2748
2765 3248
2483 2776
2788 3692
2795 3287
371 2806
2808 4569
2065 2809
2811 3381
2813 4125
2816 3634
2364 2820
2821 4933
2825 4418
2571 2826
2829 4860
2861 3643
2862 3004
2863 4065
2030 2870
875 2879
2882 2912
2890 3243
1658 2891
2903 4941
2911 3173
2916 4143
2928 2933
2932 3968
2944 4304
2945 2992
2947 4076
2956 2971
2959 4711
2976 4685
2977 4168
2979 4281
2983 4803
2994 4413
3007 3761
2639 3009
3038 4041
1285 3039
3050 4643
3057 3815
3074 4749
3079 4551
3081 4886
2638 3102
2328 3107
3109 4852
3114 4080
3115 4662
3120 3920
3122 4752
3126 3946
3127 3836
3139 4785
3144 4466
2974 3147
2852 3158
3163 3930
2493 3165
3172 3287
1067 3175
3181 3455
1485 3191
3204 4620
3210 4628
3222 4895
3232 3356
3256 4972
2555 3257
3262 4307
3275 4907
3294 4521
3311 4761
3314 4109
3316 4972
3330 4334
3339 4184
3347 3448
3199 3349
3362 3847
3363 4491
3365 4580
3367 4561
3184 3375
3378 4849
3405 4597
1626 3409
3424 4548
3425 4492
3449 4805
3457 4704
1693 3469
3480 4639
3482 4344
3487 4480
3490 4955
3493 4734
3496 4618
3501 3707
3519 4167
3528 4886
3531 4596
3535 4172
3555 3582
2520 3556
2805 3557
2720 3566
3569 4692
3573 4410
3575 3583
3585 4165
3591 4594
3599 3607
1919 3614
3627 4422
1535 3629
3641 4866
3645 4871
3651 4281
3652 4043
3656 3658
3682 4797
3684 4851
3693 4233
3709 3939
3716 4825
3486 3717
902 3718
3719 4314
3246 3720
3733 3734
3413 3737
3742 4699
1179 3745
3703 3746
3749 3820
3750 4610
2138 3758
3788 4886
3789 4571
3598 3835
2288 3840
3868 4831
3891 4514
3821 3904
3909 4847
1261 3923
3924 4677
3936 3944
3956 3966
3086 3970
677 3981
3997 4282
3999 4841
2841 4006
913 4021
3514 4024
2207 4028
3418 4031
3971 4033
2350 4039
4044 4460
1528 4047
4058 4940
1362 4069
4077 4148
4081 4445
4087 4539
3267 4091
4094 4193
3899 4102
4074 4116
4133 4196
3086 4139
4141 4956
4057 4149
1481 4163
840 4169
4170 4897
4182 4967
4194 4611
4207 4609
2382 4218
3894 4235
4237 4238
4066 4256
3830 4257
401 4260
2727 4276
4278 4291
4283 4950
1589 4301
4311 4721
4325 4328
2867 4336
4337 4733
4342 4905
3969 4349
4341 4364
3795 4377
4241 4378
2739 4385
4387 4429
4390 4507
3511 4401
3763 4403
3740 4411
4412 4425
4426 4561
4346 4444
4453 4980
3685 4472
4473 4687
4230 4474
4476 4489
4479 4487
4499 4504
3297 4518
2997 4523
238 4530
2681 4537
1812 4546
2515 4550
4556 4788
2856 4557
2448 4565
3393 4584
3292 4587
3008 4588
235 4589
2552 4592
4346 4608
2540 4625
2986 4626
4633 4951
4635 4998
4650 4940
4617 4651
4654 4923
4082 4666
2876 4667
2092 4674
4372 4676
1721 4680
4682 4703
4681 4688
4689 4908
1570 4690
4691 4750
4683 4695
2137 4701
4698 4705
2470 4707
4383 4716
1501 4738
4497 4760
1917 4763
4764 4776
4767 4889
4773 4859
4779 4904
4249 4786
4417 4799
1772 4809
4529 4813
4700 4822
3342 4823
4725 4835
3928 4838
4442 4839
4850 4864
1152 4873
3707 4878
2300 4890
3512 4896
4517 4903
4848 4911
3898 4915
3364 4916
4919 4951
1232 4924
4009 4929
4934 4940
1590 4935
4544 4937
4914 4938
2407 4945
2659 4954
746 4957
2893 4959
4772 4964
4460 4976
4726 4977
4882 4979
3757 4996
4994 4997
15 4815
39 52
50 4263
81 4986
97 4862
98 2803
128 4130
131 4808
139 3764
149 645
188 4918
204 2499
214 1767
230 4717
245 4544
253 4756
266 3152
267 1510
274 4814
311 2017
346 3786
359 4769
363 2080
367 2447
369 4936
370 4866
396 4749
421 4940
428 4166
449 4848
248 468
475 3863
476 4275
480 4731
506 4884
514 4758
515 4467
543 4704
557 4840
568 4985
573 3777
591 4500
614 3100
618 4347
624 3824
337 630
663 4857
674 3731
678 1555
699 3184
700 3620
707 2694
730 2902
731 4748
740 4739
758 4315
789 2093
807 4577
830 4871
833 2852
837 3593
846 4730
848 4397
867 4604
877 4266
878 4806
890 4128
910 4677
919 4940
923 4913
924 4846
929 2549
945 4578
969 4463
982 3609
990 1748
999 4455
1024 4203
1025 3212
1029 4620
1040 2340
1042 4940
1050 4574
1075 4150
1089 4777
1092 4672
1115 4580
1126 2280
1130 3908
1154 1173
1168 4847
1180 3545
1191 4165
1196 4258
1214 4415
1218 4535
1219 2970
1222 4391
1223 4710
1224 4718
1236 4917
1238 4612
1239 4483
1241 4220
1249 3073
1262 4580
1271 1935
1274 2553
1290 3637
1296 3873
1309 4889
1316 2426
1328 4846
1331 4973
1342 4886
1355 4460
1365 4313
1375 3515
1403 3704
1421 2251
1424 4991
1431 4972
1442 4113
1445 3774
1450 4923
1473 4971
1490 2593
1497 4893
1503 4712
1504 1887
1515 4063
1521 3129
1523 4999
1536 4541
1538 4771
1541 4490
495 1560
1561 2700
1575 4496
1598 1759
1617 4564
1620 3368
1621 2953
1623 4840
1632 3563
702 1647
1681 4498
1690 4616
1691 4103
1699 4115
1700 4124
1729 4138
1742 4972
1766 4982
1334 1773
1779 3676
1785 4540
1796 3515
1801 3598
1808 3020
1809 4593
1810 3563
1813 4647
1825 4393
1826 4379
1831 4886
1833 3846
1852 1890
1857 4498
1869 4677
1873 3692
1901 3515
1906 3453
1920 2883
1931 3385
1933 4450
1945 3949
1950 4925
1972 2975
1977 3900
1981 4410
1999 3000
2009 3969
2024 2812
2026 3691
2042 4941
2052 3726
2091 4810
2104 4991
2132 4488
2154 4183
2159 4894
2162 4925
2171 4302
389 2184
2192 2662
2202 2570
2209 3202
2177 2218
2220 4854
2223 3782
2227 3611
2231 4279
2297 3524
2302 3571
2307 2998
2310 2818
2314 3694
2317 4577
2318 4750
2321 4973
2329 4449
1736 2337
2339 3848
2344 3553
2345 4528
2347 3063
2352 3752
2354 4520
1016 2370
2377 4741
2019 2385
2389 4984
2392 4173
2403 4089
2422 2824
2441 4883
2442 4445
2459 3809
2462 3748
2494 3830
2518 4643
2519 2618
2531 4663
2533 4940
2546 4485
2563 3870
2338 2575
2599 4972
2613 4612
2621 4122
2644 3044
2656 4781
2663 4875
2699 3897
1385 2701
2705 3996
2717 3136
2723 4486
300 2731
2733 4891
2734 3777
2732 2738
2740 3529
2741 4888
2748 4392
2776 3962
2795 4029
2806 4933
2808 3977
2809 3957
2811 3818
2813 4352
2816 3514
2039 2820
2821 3775
2825 4191
2826 4949
2829 4329
2861 4836
2315 2862
2863 4160
2870 3374
1468 2879
2882 3593
2890 4394
2903 3864
2629 2911
775 2916
2928 3687
2932 4877
2944 4264
2942 2945
2956 4070
2959 3773
1786 2976
2977 3010
2979 4420
2983 4930
3002 3007
3009 4585
3038 3092
3050 4768
3057 4418
3074 4965
2596 3079
3081 3190
3102 3170
1144 3107
2848 3109
3114 4985
3115 4454
3120 3506
3003 3122
3126 4603
3127 3182
2035 3139
3144 3355
3147 4886
3158 4777
3163 3467
3165 4613
3172 4027
3175 4874
1254 3181
3191 4123
1334 3204
12 3210
3222 4202
3232 4156
3256 3601
1008 3257
3262 4580
3275 4859
3294 3839
1545 3311
3314 4495
3316 4384
3328 3330
3339 3998
3347 4687
3093 3349
2176 3362
3363 4030
3365 4567
3367 4399
1567 3375
3211 3378
3405 4972
1936 3409
3424 4988
3425 4900
2460 3449
1351 3457
3469 4533
3480 4980
3482 4078
3487 4396
3490 4672
3493 3500
3496 4659
3501 3785
3519 4745
3528 4447
3531 4636
3535 4883
3555 4374
2828 3556
3557 4881
893 3566
3569 4454
3573 3977
3575 4175
3585 4933
3386 3591
3599 4464
2222 3614
3012 3627
3629 3804
3641 3990
3537 3645
3651 3700
3652 4602
2771 3656
2710 3682
3684 4825
3693 4083
3709 4600
3716 4158
3481 3717
3718 4741
3719 4914
3720 4138
3733 3906
1661 3737
430 3742
3745 4636
3746 4560
3749 4060
3750 3807
1270 3758
1938 3788
3789 4262
3835 3921
3868 4517
3891 4871
1718 3904
2387 3909
3099 3923
1245 3924
3936 4787
3966 4672
3970 4528
2961 3981
3997 4420
3999 4001
3285 4006
4021 4630
4024 4634
4028 4199
2284 4031
4033 4046
4039 4590
4015 4044
4035 4047
3370 4058
4069 4576
3411 4077
4081 4886
3877 4087
2859 4091
3603 4094
3462 4102
4116 4931
4133 4338
4139 4459
2397 4141
753 4149
4163 4580
3824 4169
2694 4170
958 4182
4177 4194
3353 4207
4218 4742
4235 4239
2296 4238
4256 4360
3576 4257
4260 4287
3799 4276
1108 4278
1774 4283
3861 4301
3700 4311
4325 4356
3722 4336
4337 4971
4342 4590
3828 4349
4127 4364
3757 4377
4137 4378
374 4385
4387 4430
4390 4981
3901 4401
4403 4636
2330 4411
2628 4412
4297 4426
3583 4444
2147 4453
4472 4583
3870 4473
4474 4669
4476 4986
4487 4797
4499 4510
4515 4518
4030 4523
2348 4530
3062 4537
4546 4797
4550 4802
4556 4974
3549 4557
2284 4565
4584 4685
3802 4587
4588 4657
362 4589
3353 4592
4065 4608
4625 4871
2069 4626
2999 4633
4262 4635
2746 4650
4000 4651
3957 4654
4090 4666
3654 4667
4586 4674
3662 4676
4460 4680
4682 4906
3361 4688
4629 4689
4445 4690
586 4691
4595 4695
4282 4701
4460 4705
2679 4707
4716 4880
4738 4757
3046 4760
3481 4763
4764 4852
4320 4767
4773 4796
4531 4779
4786 4956
2595 4799
4805 4809
4454 4813
2978 4822
4586 4823
704 4835
4620 4838
4723 4839
4616 4850
1755 4873
4855 4878
4479 4890
4124 4896
3130 4903
4617 4911
1441 4915
4916 4978
1736 4919
3659 4924
4470 4929
4934 4955
4120 4935
4914 4937
2746 4938
4923 4945
4954 4961
2488 4957
3876 4959
3807 4964
904 4976
4956 4977
4961 4979
4603 4996
2865 4997
39 4845
81 3761
98 4844
139 4732
149 4811
188 4307
311 3695
367 4664
370 4902
396 4187
468 4880
476 4888
543 4262
568 4963
618 4728
624 4675
700 943
707 4361
789 3751
807 4951
830 3804
837 4980
878 3318
890 4978
919 4837
923 4853
969 2088
1025 4203
1029 3394
1050 4745
1130 4671
1154 4286
1196 4832
1274 2455
1296 4832
1328 4665
976 1331
1355 4932
1365 4905
1431 4831
1442 4775
1450 4223
1504 4960
1515 4404
1523 4175
1536 4886
1541 3558
1498 1560
1617 4867
1620 4085
898 1621
1623 4989
1632 4361
1647 4750
1700 4797
1729 2793
1766 3547
1779 4939
1785 3266
1809 4771
1813 4439
1825 3451
1826 4101
1831 3962
1833 4004
1852 2281
1857 4327
1873 4681
1931 4413
2009 4849
2026 2034
2042 3116
2052 4014
2091 4655
2104 3327
2162 4308
2184 4515
2223 4597
2227 4971
2231 4421
2302 3040
2307 3899
2345 4513
2352 4925
2377 4840
2385 4895
2389 4516
1070 2422
2441 4791
2442 4620
2459 2963
2518 4580
2533 3138
2546 4821
2575 4902
2599 4574
2621 4952
2644 4003
2656 4597
2663 4419
2699 3889
2705 4503
2717 4966
2723 4504
2733 4795
2734 4883
2740 3432
2741 3779
2795 4369
2808 4989
2809 4940
2816 4885
2820 4972
2821 4770
2825 4910
2826 4818
2861 4389
2862 4886
2863 4797
2870 4408
2879 4940
2882 4787
2890 4930
2911 4281
2944 4571
2956 4534
2976 3448
2977 4249
2983 4462
3007 4082
3009 4531
3031 3038
1896 3057
3013 3074
3079 4872
3081 4961
3102 3647
3107 4727
349 3109
3115 3945
3120 4486
3139 4983
3172 4512
3175 4699
2301 3191
2789 3204
3222 4854
3232 3903
3256 3813
3257 4219
3262 4540
3275 4922
3294 4772
3311 4702
3316 4886
3330 4580
3339 4303
3349 4655
3362 4930
3363 4107
3365 4980
3367 4825
3375 3874
3378 3947
3405 4491
3409 4460
3387 3424
3425 4638
3449 4719
3469 3486
3482 4931
3487 4992
3490 3491
3493 4053
3496 4841
3519 4549
3528 4794
3531 4737
3555 4870
2901 3556
1488 3566
3569 4549
3575 4931
3585 4371
3599 4669
3614 4265
3629 4578
3641 4910
3645 3990
3651 3947
2413 3656
3682 4596
3693 4958
1903 3709
3716 4768
3717 4972
3719 4536
3737 4239
2996 3742
3508 3746
3749 3951
3750 3946
3758 4972
3788 4722
3789 4512
3741 3835
3868 4692
3923 4932
3936 4524
3663 3966
3981 4359
1625 3997
3999 4082
2206 4006
2906 4021
3883 4024
4028 4783
2327 4031
1480 4033
4039 4710
4044 4630
4005 4047
4058 4987
4069 4871
3818 4077
4081 4709
3380 4087
2773 4094
4116 4304
3538 4139
1419 4141
4149 4432
4163 4176
4169 4578
3916 4170
3344 4182
3168 4194
4207 4828
4218 4999
4235 4515
4238 4980
3783 4256
4257 4771
4260 4697
3033 4278
2845 4283
4311 4509
4325 4923
4336 4897
4337 4972
3980 4342
4349 4984
4364 4512
4377 4522
4378 4801
4385 4402
4387 4940
4390 4973
4401 4797
4403 4956
4411 4421
3951 4412
4426 4620
4444 4571
4436 4453
4472 4744
4467 4473
735 4474
4476 4504
3255 4487
3533 4499
4518 4755
4240 4523
4530 4792
4537 4862
4515 4546
4539 4550
3086 4556
3946 4557
4548 4565
4410 4584
4587 4652
4134 4588
3965 4589
2764 4592
4333 4608
3435 4625
4626 4806
3787 4633
3952 4635
4480 4650
4610 4651
4638 4654
1419 4666
4631 4667
4467 4674
4459 4676
4233 4680
4682 4972
4688 4714
4689 4936
3662 4690
4547 4691
4507 4695
3971 4701
3437 4705
4707 4888
4461 4716
3179 4738
3879 4760
4763 4831
1552 4764
4767 4990
2569 4773
4758 4779
3712 4786
4748 4799
4020 4809
4460 4813
4727 4822
3964 4823
4731 4835
4838 4930
4777 4839
3336 4850
4356 4873
4372 4878
4728 4890
3727 4896
3975 4903
4441 4911
4435 4915
4908 4916
4485 4919
3706 4924
4800 4929
4907 4934
4743 4935
4713 4937
4464 4938
4714 4945
2958 4954
3927 4957
3596 4959
1234 4964
4968 4976
4977 4991
3296 4979
4142 4996
3108 4997
1025 4175
1050 4861
1130 4972
1154 4115
1196 4310
1504 4965
1515 4721
1617 3740
1647 4702
1700 4687
1729 4574
1825 4711
1833 4869
1852 4867
1338 2026
2104 4863
2162 3264
2184 4520
2307 3303
2352 4780
2389 4620
2422 4157
2442 4886
2546 4174
2621 4684
2723 4576
2415 2740
2741 4785
2808 2996
2809 4162
2826 4659
2862 4445
2944 4990
3007 4673
2543 3009
3079 4922
3102 4952
3139 4117
3204 4600
3256 4495
3262 4252
3275 4128
3194 3294
2041 3316
3349 3357
3363 4226
3365 4778
3367 4768
3375 4960
3405 4734
3424 3743
3449 4307
3469 4846
3487 4670
3493 4742
3496 4820
3178 3528
3555 4615
3556 4743
3569 4962
3575 4785
3614 4858
3388 3629
3645 4513
3709 4590
3708 3716
3717 4632
3719 4818
3742 4683
3746 4967
3749 4249
3750 4940
3788 4898
3789 4105
3835 3919
1513 3966
3997 4781
3999 4356
3955 4021
3194 4024
4028 4046
4031 4995
2480 4033
4039 4940
2996 4044
4047 4049
3510 4058
4069 4076
3559 4077
4081 4549
4094 4468
3219 4116
4139 4753
4141 4970
3130 4149
3702 4163
4169 4228
4170 4988
4004 4182
2822 4194
3539 4207
4235 4940
4230 4238
4256 4265
4257 4657
3756 4260
4128 4278
4250 4325
4336 4653
4337 4458
4308 4342
3666 4349
777 4364
2283 4377
4378 4985
4330 4385
4387 4648
4390 4500
4309 4403
4142 4411
275 4426
4444 4447
2285 4453
4406 4473
4474 4969
2427 4476
4487 4631
4499 4985
4452 4530
4537 4754
2281 4546
4550 4830
3791 4556
4164 4565
450 4584
4358 4587
4588 4907
4589 4746
4592 4847
4608 4801
3166 4625
2022 4633
2603 4650
3824 4651
3307 4654
4022 4666
4303 4667
4669 4674
2914 4676
3786 4680
4176 4682
4688 4914
3377 4689
3975 4690
3732 4691
3816 4695
4642 4701
1697 4705
4707 4940
4716 4729
3815 4738
4760 4785
4763 4923
785 4764
4767 4771
4249 4773
146 4779
4702 4786
3488 4799
4788 4809
2655 4813
4822 4946
3259 4823
4318 4835
4632 4838
4103 4839
412 4850
4129 4873
4864 4878
4836 4890
4458 4896
4370 4903
3646 4915
4916 4918
3662 4919
4491 4924
4929 4998
3228 4934
4935 4960
4937 4962
2277 4938
4280 4945
4027 4954
3310 4957
4559 4959
3636 4964
4627 4976
1789 4977
4026 4979
4881 4996
4926 4997
1700 4032
1729 4831
2057 2352
2422 4610
2621 4333
3139 4456
3262 3783
3275 3398
3487 4673
3496 4638
3629 4427
3645 4879
3717 4538
3719 4892
3997 4601
4039 4579
4032 4044
4047 4659
4058 4510
4149 4462
1780 4163
3264 4257
4336 4579
4349 4358
4390 4794
4444 4464
4463 4473
4122 4474
4476 4810
4487 4490
4353 4546
4550 4747
4580 4584
4587 4594
4592 4593
4506 4608
4298 4667
4538 4674
4668 4676
4678 4680
4690 4770
4641 4691
2386 4705
4716 4812
4731 4763
4755 4764
4571 4767
3361 4773
1812 4786
3958 4799
4809 4995
4822 4951
4634 4835
4839 4881
3559 4850
4851 4873
3927 4903
4675 4915
4916 4947
4727 4919
1250 4924
4668 4935
4938 4944
4369 4945
4268 4959
3867 4976
4343 4977
3913 4979
4960 4997
