2532 2924 1763 1569 172 2465 1222 1533 218 1196 2726 951 840 590 1063 950 1514 991 143 678 2570 1289 1780 341 2587 938 2537 82 351 2875 57 2420 693 2598 
94 374 981 1314 658 2159 624 2042 1348 1706 532 940 58 1675 2425 1947 2996 1477 2469 1787 744 995 2613 1140 2223 1048 2976 1111 43 2646 2706 623 1768 68 80 2164 2226 895 1331 919 2397 1922 
1929 2018 2874 1250 884 2620 2581 916 262 1200 1263 1528 2616 2315 2503 1573 2776 2224 2700 2822 285 1952 2563 1493 1171 2441 325 1620 1838 1641 914 1282 
1187 512 420 1938 2452 985 324 2459 461 214 2239 1304 1659 99 965 2764 1965 641 1628 267 664 
2573 1479 2474 727 897 2188 2247 2479 42 1392 425 2437 1743 2703 2319 1227 651 320 2542 1588 541 853 2779 149 2408 
1685 1089 669 1871 1542 1656 629 926 120 1078 628 1567 703 932 2407 
1562 1735 1907 128 2623 392 1925 1841 1959 2187 1016 1172 2969 2510 208 1349 408 2109 210 2396 956 593 2901 1998 2980 1073 2492 1205 1128 1705 277 2190 2970 
782 961 1695 809 1749 1544 1679 747 407 1475 514 2468 1214 718 2209 166 2601 592 424 1431 1368 1420 2975 841 1887 
1817 626 915 1639 1383 59 2332 2806 2335 2701 1419 1292 1665 2197 2807 140 618 9 1822 812 1281 1151 
1280 2588 2101 2423 1054 1081 970 772 1284 2803 2752 2586 955 1722 433 2796 97 72 2592 1194 1877 288 2836 1087 2681 52 256 2760 1133 1677 2477 2756 
2051 1135 2039 689 654 1407 384 551 
250 1483 1224 1734 1141 2348 179 
1275 1791 62 2460 1402 1518 1538 1421 585 2081 1312 1517 1495 2454 440 1910 2594 613 819 1376 2249 1526 762 
1950 2720 1918 957 1647 2663 610 1551 1454 1336 1826 2868 6 2852 2621 1945 411 2710 189 1732 1969 2603 1041 1714 1467 
533 2832 2511 2763 2387 1618 1610 2016 2214 2275 1004 2412 1268 300 2084 2111 150 2789 1038 44 2550 2602 2323 337 2032 
2820 1499 1357 2052 549 23 864 195 1343 2006 687 346 633 504 882 542 1729 1125 297 676 1794 115 843 1801 326 
2914 2338 1912 1769 705 305 2569 383 2513 1830 648 2283 2986 2614 791 875 1210 350 1307 1738 2661 2826 1849 2758 2950 1649 2660 733 814 2307 2698 1116 2257 2785 469 
2130 1621 41 2328 359 2359 2529 2536 294 2568 1690 759 2413 1218 2225 2343 194 832 2065 
630 982 1900 1827 1520 1624 568 2147 2866 2245 526 2240 2007 2128 810 2560 808 779 2463 2293 1083 1234 206 775 2994 2702 1122 661 2235 2409 2234 1541 1598 269 500 1271 1216 1399 1855 1274 725 2991 2837 2063 28 2957 
943 2733 1814 1084 1586 2664 1574 468 1154 2414 2772 369 2384 831 2920 2486 2904 2135 806 634 2294 219 2639 2767 1681 2389 1777 2047 573 992 186 2672 868 1170 231 73 63 1272 121 1211 1178 2859 1821 1762 
1595 1758 2762 188 502 84 2322 2483 243 1857 2942 2783 1326 1230 2074 1242 1413 2946 1498 223 2565 2050 2346 1239 2921 1807 1056 247 2031 
1736 2900 88 2830 584 2255 1924 61 1667 1860 481 901 1020 2276 2669 520 193 1296 2066 2381 2515 1155 17 2485 1204 2385 923 1902 
741 5 2086 397 2484 227 722 1458 1114 2517 316 1642 595 2891 2175 1251 2928 1103 2342 579 2757 936 1471 2882 1999 455 2876 203 677 1385 2149 1095 2927 711 867 763 1157 372 994 1379 2139 
2695 2835 1666 1926 171 1823 2253 2577 139 989 2955 2591 451 1638 1815 2061 2732 173 683 1021 2557 34 2070 2046 1914 50 2219 1258 2534 2044 2677 2825 1767 439 257 555 2631 2475 2213 1606 2115 1853 2368 292 2067 2266 577 
2585 2450 2749 505 2193 1366 362 578 960 2331 1198 2163 2355 2325 1680 1050 1441 2274 2496 
458 79 601 2869 315 696 564 789 2691 1582 2171 2937 1504 54 129 1105 1327 1486 1461 251 2965 449 1371 1306 2320 2211 625 404 906 323 2035 1238 2350 1166 
521 959 2643 1192 562 1353 872 2897 1294 119 1908 1029 2567 1231 535 644 1393 1782 76 2988 445 2972 2589 1898 2841 2582 1755 850 1076 1416 912 282 
2125 1863 1337 2596 1702 2246 226 2945 148 740 1173 201 348 547 860 1207 2326 2555 304 588 2845 958 1792 1179 1556 1980 1156 108 675 125 92 185 591 
1153 974 1510 1558 1127 792 2153 1602 787 2237 1994 205 550 748 253 1585 1382 2947 786 2974 889 78 1457 473 2248 2354 793 1142 851 2746 2292 2653 
38 2769 2786 2780 65 987 1323 95 339 1298 2104 2956 118 692 1708 1888 637 1859 313 732 2434 184 1503 2611 2096 153 1886 622 574 
2858 554 2854 1443 263 1923 1933 485 126 2684 1287 1426 163 1903 289 2693 2215 1007 1657 2730 7 2296 770 2775 1524 543 
438 1909 20 1040 495 135 2907 2340 1771 1423 1776 2814 196 2694 736 395 2087 2431 1428 1024 891 1519 587 642 2583 2057 207 165 1828 1373 
1352 518 2656 446 2651 797 2488 1876 2676 2481 1943 302 2853 1097 765 849 1293 1942 892 1301 2259 2461 2221 
1963 493 2099 1747 428 1110 39 2638 450 2689 1053 2813 1490 1049 1232 1570 1604 964 1986 1944 1605 2797 2336 836 2903 2745 1645 2571 1363 1044 
2097 925 2222 862 904 680 571 111 1550 1971 2167 1976 1270 1468 845 598 698 2220 1753 781 378 1958 2401 2155 499 270 1717 1845 751 1678 1977 2673 1484 224 1305 2015 1873 1774 848 
728 1608 1146 2734 24 2590 1160 871 1842 1439 2466 2754 1919 1411 1795 1378 575 1699 1961 2870 1019 2329 2260 
444 1217 557 523 1288 857 2934 2919 12 2575 979 2269 159 437 2834 2792 415 734 2476 929 2824 1921 2929 334 2811 2480 197 1045 2963 1025 2375 1989 608 
1145 612 1688 1934 539 1718 170 2268 2926 2507 2989 1006 516 2286 462 2493 1085 2912 2236 969 2892 522 1785 1531 2993 2985 1960 2885 2827 996 609 2559 2443 1106 
71 1391 627 1866 490 1547 2861 2445 1082 1513 963 1276 798 2679 387 2717 1161 1799 2644 1824 737 704 272 
160 900 934 474 1861 1427 2860 1507 1797 101 976 310 2951 788 686 1414 2722 1549 830 124 2138 145 2324 1818 2981 2270 1159 2029 2961 933 603 
820 1347 1663 920 2574 2026 581 777 1487 1223 2890 582 1765 2012 699 1002 1494 237 35 1241 427 212 834 1973 2634 2962 2410 1213 530 1012 213 2725 558 545 463 1974 1481 
667 2152 2160 1890 117 2958 1356 1564 343 1856 2580 967 2 1972 1147 2686 1967 1247 2648 2495 2635 60 347 2840 2349 1686 1163 706 671 977 
283 2735 1015 1648 1622 2499 942 1365 1940 614 242 2918 1001 2916 2600 252 2091 1597 1453 2784 181 1445 1447 93 
419 1100 799 1340 327 767 1137 308 1931 2069 2357 13 1088 361 2759 2429 1802 941 2959 2915 665 1042 2157 354 2723 2846 464 37 1138 2838 
1249 2330 2372 2791 1643 1450 1592 1108 2003 621 729 1742 1707 688 220 2531 2771 890 443 1798 2917 1360 660 708 2110 1047 668 
67 2842 2755 1496 2865 2650 2625 1917 200 1546 259 1670 811 1682 2304 2872 1840 1601 1262 2821 25 2683 655 1883 321 1611 1825 
907 2290 240 33 249 2799 1424 1269 1773 695 183 74 931 399 379 2812 1752 453 2075 823 639 597 2999 896 2494 2509 2415 2982 2794 1069 2880 1279 2388 21 753 2212 2082 2790 1739 426 
2697 386 2829 2402 1851 1497 360 1756 827 2060 1119 2453 757 1228 2092 2009 1465 2195 2930 2491 1537 232 1008 713 90 
1894 921 11 2272 2418 2558 2952 209 1796 1915 1330 221 3 102 2038 1891 2064 2334 1957 338 1843 1309 1816 70 2984 230 1254 1491 1844 2712 2953 
980 570 1009 524 2448 2150 1731 423 2282 168 2228 2181 852 672 1134 821 452 1345 2117 
988 192 828 1852 2553 2366 997 1741 858 2361 2148 1874 2766 1937 342 296 1953 2041 2028 2365 2105 268 112 1939 1449 1748 
1129 1511 477 2203 2405 2740 2943 2191 1350 2873 1377 1346 274 2724 1030 1612 1609 2377 1162 717 1480 905 1534 2049 2321 2867 2944 2369 137 182 640 2675 928 975 264 2895 1405 1472 778 2649 888 480 2747 946 2382 138 228 
2263 1539 1703 700 421 1523 738 2184 517 2619 2960 1577 947 1697 2990 377 158 1527 2538 2107 2576 2727 1341 2879 45 2997 735 1730 2406 1401 2862 2001 1290 1257 953 1184 
2911 2815 2313 2936 2394 2633 2913 
36 2404 1149 2863 716 1168 1892 2778 1000 402 10 1364 2610 2828 460 2641 355 1321 2000 2019 309 487 1728 
1772 2374 49 1400 1522 2753 1786 1118 1962 2810 877 405 1058 1034 1123 1819 100 2666 886 2528 2707 
2056 2122 949 492 2314 2556 1389 96 1607 2622 2305 2134 910 2204 414 1177 619 1318 2312 697 2878 1754 2298 
2721 1039 1362 373 2520 2888 2983 1584 290 1124 2662 329 586 1737 298 1035 552 1117 1043 2142 131 2973 1165 1248 1193 874 2216 122 1096 81 917 
2844 2295 2264 854 1617 2072 559 142 1022 4 1246 278 2059 1839 488 406 
211 2230 1913 1132 494 1726 1930 1259 1396 1417 295 2462 1235 1492 645 1760 2847 1215 318 1640 2908 1434 2242 1804 1067 983 1964 
2140 2741 2793 416 2678 723 2446 2748 2077 1530 761 40 2516 2199 1988 1395 1036 177 2708 506 1512 
1646 972 650 2987 1631 937 674 2932 1267 2768 2705 1174 1359 2886 245 531 1599 2579 287 311 2386 1644 803 1098 1761 239 180 2894 1175 1715 2809 345 335 776 2367 1092 721 151 1233 1521 1669 147 
2848 2856 2925 2715 2805 2896 2850 
1870 2302 2229 2137 2380 1438 631 1536 476 352 2949 838 2116 534 835 1832 1501 2530 1652 939 1721 2909 2855 774 261 27 998 1143 1079 1372 2527 2487 1410 381 1225 
2593 2881 152 720 2736 2433 2547 2356 2665 715 714 1463 754 1634 1759 2114 1956 2233 2501 945 2737 2022 
2344 2011 53 2604 2628 1446 1576 911 1868 780 0 1489 1452 1375 771 2713 1668 1094 1626 417 382 
2680 2182 390 2306 829 2379 1836 2521 2718 944 303 340 486 363 1332 1746 1099 1338 2467 2120 2549 1981 
1180 842 2168 1077 14 2345 2083 1266 1896 1023 2327 2419 2504 380 32 745 878 56 331 29 1442 565 
2030 2512 1158 1979 2906 1724 519 507 1905 1265 157 2607 764 589 1893 1508 2802 332 1390 855 1 
330 234 301 2738 401 2884 1948 2877 1367 596 837 2561 2605 1864 2564 2543 222 1664 2403 880 217 2227 1676 
2774 2267 743 1654 1062 922 1580 2954 2054 730 2021 85 293 1031 2572 1013 107 136 2658 204 31 1813 2169 398 2202 2360 784 
1775 2444 1563 548 2040 750 2505 1637 1380 2552 1809 66 756 1691 2250 617 1203 2438 317 2432 1093 1906 935 1745 2318 856 1927 2524 2668 1358 2094 322 2690 1687 2008 
525 2654 1867 790 569 2871 2166 2411 632 537 1872 2333 2629 1935 861 1740 2941 903 1820 2833 1587 2089 1456 2154 447 1051 1418 2671 1834 1408 2578 1672 1112 2889 1113 2161 2194 229 2627 1578 2751 1995 2428 1440 2923 794 412 2539 
2179 357 2800 1561 2514 993 607 2910 769 2447 583 284 1091 2422 1189 365 1673 498 2362 2506 1065 870 652 271 1615 2399 2995 434 1854 
2231 2551 1744 1884 1916 1144 2416 1881 2456 1911 2518 178 527 1071 663 2612 2317 328 971 2151 2034 616 1600 1243 647 144 2173 2373 2451 475 466 2144 847 123 1932 1575 1783 1895 2782 785 
454 749 1433 1199 254 804 2316 2562 2498 2508 1315 266 69 670 1850 2939 1052 1264 2819 2310 2017 2971 802 881 2526 2642 1303 1429 371 649 576 1316 1540 1671 
2636 1474 1028 1430 132 1011 1946 2370 2899 388 646 2770 89 46 442 653 2473 1370 2599 483 2383 918 1885 1398 1661 91 306 1966 1862 2288 
2470 1256 1219 98 2645 1469 930 1209 2280 2192 1394 2533 1070 2421 2284 1319 2801 824 1320 2002 2098 2839 2076 2143 1662 513 
1451 2851 2765 2430 1409 1593 1240 2849 1297 2254 146 389 1725 2106 600 2180 2080 1704 2347 1005 536 966 2478 2124 2121 1502 2831 2818 216 2714 2005 682 1444 2100 1596 2545 2395 1245 2176 
1566 1904 2883 709 1317 2541 1516 1723 1055 1130 2652 1488 605 275 2439 190 1032 1061 2436 2062 104 2208 1208 2699 2241 489 1651 1992 2392 2704 429 2112 2490 1625 1253 2027 2893 528 
560 2238 1954 55 2902 1131 768 1811 2667 2126 1482 2442 333 2210 356 1120 766 1810 1059 2218 1683 529 2455 1711 116 657 1311 1529 1713 1800 
1632 1333 1466 1505 1057 2597 2808 1037 684 2743 141 1260 893 1698 1197 161 833 2363 954 410 87 491 615 2014 478 77 1716 913 215 1846 2647 2189 805 1464 2174 952 2113 879 2201 
1757 948 1684 2618 2739 1616 2273 1509 2136 1613 299 2548 2523 2519 1987 202 1623 1978 1955 1339 2716 2525 1710 114 
2435 1829 169 255 1478 1941 349 908 233 1244 1397 986 2291 662 2141 909 2787 1635 1206 1460 
2371 1344 385 366 509 1633 731 2887 796 2400 1455 1167 1278 2093 1793 863 1614 1655 2145 807 1693 694 156 1388 1425 1889 1970 2102 441 2688 673 2640 105 368 2674 2554 968 1252 511 540 
1212 1784 1990 1720 1361 2742 2158 1342 1381 2198 1674 18 2609 611 1653 273 2118 1139 1627 22 1195 
48 1789 1074 1949 2427 1176 1560 1237 2108 822 927 973 2938 707 580 1808 1951 1075 2979 199 2337 1553 620 2424 2682 1548 1066 1334 1386 
962 2933 291 1897 2206 1226 2146 2183 1565 2489 2162 1181 1572 702 1470 2278 2711 1583 2055 470 
394 1459 2458 2606 801 1437 2303 1300 400 2299 2376 594 1412 2088 1261 2243 1788 280 2617 1764 2992 1500 2687 2205 2132 1590 2670 2632 561 2277 1086 2968 
484 902 2123 2023 64 859 393 403 1285 1696 1121 2010 175 2262 
2922 2311 2967 2351 2626 
1709 1473 885 19 314 1636 1202 2364 276 2864 2341 755 553 2905 1150 47 2178 133 497 1102 2185 1701 1018 826 724 2078 2729 1694 1806 1875 
742 258 364 2004 1152 1554 1310 436 1229 2816 162 1295 1997 2053 752 1803 572 818 2073 413 1882 2251 2540 
1805 710 2258 1068 1374 2271 2037 1555 2085 307 2261 1568 2566 1996 2615 471 1975 457 508 
2696 1991 712 690 2217 1183 546 978 2685 866 430 924 760 130 2393 2781 1770 2391 2265 990 1835 
1865 1750 1727 2761 336 1629 2119 2546 2398 813 1689 1104 2200 86 2186 1188 844 2728 418 248 2857 1325 1191 
656 2471 1557 2390 1837 638 1072 887 1781 538 456 1778 2289 2502 1406 
1351 1220 2449 2036 2308 225 2339 604 2196 1313 1766 2940 1589 1712 1985 1831 1619 109 2692 2090 2482 783 2079 1515 2156 1936 839 2843 
2378 2068 643 2788 2998 2244 2287 198 1384 1329 566 2071 825 691 103 1109 795 1107 556 2948 2177 2256 816 344 1017 2637 1983 2804 1026 1435 353 599 375 246 1581 2048 1982 1812 773 
155 1700 1878 2170 1060 636 666 2750 1879 2301 1968 370 2497 2045 1354 1014 2426 2300 2417 1506 2440 2823 154 1101 391 1322 2129 544 
26 472 1462 1432 482 1387 1286 1660 1692 869 1422 
984 435 883 2058 2013 2165 2464 1010 164 1901 2025 1064 503 1415 2898 2024 1126 191 30 312 2103 1046 465 
679 127 459 1182 563 51 281 876 448 431 567 319 241 726 244 1236 1328 894 235 1535 
83 515 2719 2043 1335 432 2127 1283 2232 2964 167 2798 110 2595 1847 1436 1273 1308 2207 1190 1525 1751 422 1164 1543 265 1186 1790 2131 1858 1003 15 2500 467 1869 846 
2297 1299 2252 1719 75 1027 2281 746 2608 2279 758 2472 
1404 2931 1650 1880 396 606 635 1148 2358 1080 1033 1302 1255 2744 2133 1448 376 1928 2935 2352 685 2977 1559 2020 1476 
1355 800 260 659 2309 865 1532 815 1403 1545 1603 1221 279 1658 999 2978 1324 1185 898 2624 817 510 2966 8 2457 701 2795 
2535 2817 1848 739 1136 2709 719 409 1115 2773 1277 1291 134 2659 1594 238 681 113 2731 873 1984 1899 
501 1369 2655 187 1571 2630 2657 176 2522 899 236 2095 602 1579 358 2584 1552 1485 1833 1090 
1201 2544 16 1920 106 1779 479 1733 2033 1169 2777 496 1993 286 2172 2285 2353 174 1630 1591 367 
