95 3296
95 5610
95 7552
95 3430
95 4330
95 2347
95 3757
95 2158
95 3855
95 5876
95 7352
95 1020
95 5277
95 4126
1665 219
1665 887
1665 1271
1665 1281
1665 3853
1665 1689
1665 2591
1665 3360
1665 4785
1665 7224
1665 3653
1665 3400
1665 5963
1665 2892
1665 6094
1665 3341
1665 5218
1665 4337
1665 4350
1894 7552
1894 6876
1894 5956
6046 806
6046 1728
6046 3163
6046 3900
6046 4433
6046 5127
6046 5734
6046 7395
6046 6503
6046 6095
7385 112
7385 3381
7385 3530
7385 7395
6888 221
6888 725
6888 1131
6888 2157
6888 2744
6888 2897
6888 3381
6888 3650
6888 4101
6888 4452
6888 4876
6888 4989
6888 5315
6888 5410
6888 5534
6888 5743
6888 5948
6888 6095
6888 7595
7317 566
7317 2299
3107 513
3107 1544
3107 1559
3107 2591
3107 2720
3107 6432
3107 3942
3107 3751
3107 5480
3107 7242
3107 5963
3107 5454
3107 6165
3107 3515
7500 609
7500 5350
7500 5543
1436 1041
1436 2337
1436 1618
1436 5933
1436 2854
4804 1808
4804 3038
4804 4000
4804 7339
4804 5597
1175 3873
1175 7010
1175 7587
2787 178
2787 854
2787 1281
2787 4000
2787 5526
2787 3400
2787 2892
2787 3853
2787 7123
2787 4122
2787 5597
2787 3038
2787 3360
2787 3042
2787 7339
3185 5120
3185 3833
3185 7558
3185 4757
6866 3439
3138 1792
3138 2347
3138 3129
3138 3632
3138 4636
3138 3181
5283 3873
6363 434
6363 747
6363 2549
6363 2738
6363 3075
6363 5439
6363 6575
6363 7374
3093 471
3093 828
3093 1636
3093 1792
3093 2347
3093 3006
3093 5921
3093 6852
3093 4359
3093 5420
3093 4269
3093 3856
3093 3632
3093 7350
3093 3809
3093 4636
6460 2337
6460 2854
6460 3984
2369 2385
2369 3210
813 4356
854 178
854 4000
854 3853
854 5526
854 4122
854 3038
854 3360
854 3361
854 4393
854 887
1225 2854
3251 290
3251 380
3251 1348
3251 2488
3251 3081
3251 6931
3251 6236
3251 5564
3251 7237
3251 6870
204 6232
204 5078
204 4359
204 6408
204 5513
204 2650
204 4183
204 5454
204 3439
7035 171
7035 212
7035 1041
7035 2337
7035 2854
7035 7178
4423 988
4423 4356
1831 380
1831 7237
1831 3240
1831 6841
1742 5110
3325 4356
4811 1376
4811 2376
4811 2713
4811 3380
4811 3530
4811 3751
4811 5441
5410 442
5410 2157
5410 2515
5410 2994
5410 3331
5410 3530
5410 4125
5410 4323
5410 4433
5410 4876
5410 5127
5410 6125
5410 5534
2985 47
2985 471
2985 661
2985 828
2985 1232
2985 1792
2985 2347
2985 2385
2985 5378
2985 4676
2985 6408
2985 6427
2985 4636
2985 3809
2985 3833
2985 2991
2985 3632
2985 4657
2985 3129
2985 6458
2985 3006
2985 6207
5110 221
5110 717
5110 720
5110 897
5110 1077
5110 1488
5110 3181
5110 3544
5110 3573
5110 6274
5110 6020
5110 5478
5110 5574
5110 7112
5110 6441
5110 5454
5110 7504
5110 7141
2754 171
2754 708
2754 2854
6841 380
6841 3264
6841 3544
6841 7252
7396 2854
7396 3890
7396 4039
6264 4356
5890 123
5890 2132
5890 3365
5890 5454
5890 7580
968 3822
968 4995
968 1406
968 3507
968 1486
968 3845
484 101
484 112
484 232
484 4163
484 6022
484 5127
484 4452
484 3530
484 3342
484 3095
484 1497
484 4125
484 3873
484 4206
484 4211
484 3895
484 504
484 3450
484 574
1406 2337
1406 2854
1406 5137
1406 4941
1689 514
1689 534
1689 1808
1689 4767
1689 4000
1689 2730
1689 7339
1689 2110
1689 3360
1689 3653
1689 5574
1689 3341
1689 4183
1689 4440
1689 3555
1689 5236
1689 6463
1341 708
1341 1616
1341 2854
7162 257
7162 306
7162 521
7162 750
7162 1025
7162 1305
7162 1486
7162 1536
7162 1610
7162 1693
7162 1721
7162 1792
7162 2020
7162 2036
7162 2158
7162 2191
7162 2549
7162 2659
7162 2832
7162 3075
7162 3158
7162 3234
7162 3296
7162 3437
7162 3507
7162 3757
7162 3822
7162 3855
7162 4126
7162 4934
7162 5277
7162 5324
7162 5662
7162 5676
7162 5790
7162 5876
7162 5909
7162 6065
7162 6378
7162 6419
7162 6575
7162 6709
7162 7015
7162 7350
7162 7352
7162 7374
7395 464
7395 1728
7395 2773
7395 4433
7395 5454
7395 5720
7395 6503
3115 2730
3115 4356
5210 1271
5210 1306
5210 1752
3542 566
3542 3181
3542 3994
747 0
747 4704
747 3683
747 5892
747 2020
747 5610
747 3855
47 1792
47 7489
47 5378
47 6427
47 3845
47 6637
47 6408
47 538
47 3181
47 5314
47 397
47 4657
47 4146
47 3128
47 3833
47 6458
47 6991
47 6876
47 1789
47 6207
2392 2854
5439 3855
5720 1728
5720 4433
5720 5127
5720 5560
5720 7580
5720 6463
2694 178
2694 3360
2694 4000
2694 4034
2694 6115
2694 3038
2694 3853
2694 3555
2694 4350
6782 112
6782 3942
6782 5454
4254 1752
4254 2705
4254 3530
4254 3873
4254 7032
7093 4125
7093 4452
7093 5127
7093 7488
246 9
246 6441
9 6441
798 4549
798 7498
798 2892
798 2510
798 6094
798 3224
798 5342
798 4393
798 894
798 1271
4337 1271
4337 2600
4337 2892
4337 2905
4337 3360
4337 3361
4337 3400
4337 3653
4337 4000
4337 4122
4337 4393
4337 7224
4629 3855
3530 112
3530 140
3530 221
3530 232
3530 260
3530 383
3530 426
3530 504
3530 817
3530 827
3530 884
3530 982
3530 1183
3530 1310
3530 1402
3530 1497
3530 1546
3530 1553
3530 1650
3530 1849
3530 2391
3530 2482
3530 2515
3530 2583
3530 2640
3530 2641
3530 2699
3530 2744
3530 2840
3530 2897
3530 2967
3530 2994
3530 2995
3530 3163
3530 3184
3530 3189
3530 3342
3530 3381
3530 3418
3530 3450
3530 5127
3530 6673
3530 4125
3530 6463
3530 4163
3530 6724
3530 4876
3530 3667
3530 5734
3530 4726
3530 5227
3530 5274
3530 3751
3530 4298
3530 5411
3530 7381
3530 3854
3530 4880
3530 3873
3530 6955
3530 5948
3530 4323
3530 7482
3530 4452
3530 3900
3530 7030
3530 7488
3530 7587
3530 6577
3530 5555
3530 4536
3530 7610
3530 6095
3530 4095
3530 7165
3530 5205
5378 471
5378 538
5378 661
5378 2017
5378 3632
5378 3822
5378 3833
5378 3845
5378 4146
5378 4657
5378 4720
5378 7489
5378 6427
5378 5892
5378 6408
5378 6419
5378 6991
5378 6876
1041 5056
1041 2337
1041 1339
1041 2854
1041 5933
1041 2142
2991 125
2991 1792
2991 2347
2991 2836
2991 3809
2991 3632
2991 5847
2991 3129
2991 4636
2991 3006
2991 7615
2233 4900
2233 7339
2233 3853
2233 4785
2233 6621
2233 2591
6165 1332
6165 1778
6165 3942
3210 287
3210 538
3210 925
3210 1183
3210 1262
3210 1553
3210 1618
3210 2366
3210 2385
3210 2424
3210 5956
3210 4356
3210 4359
3210 6419
3210 3994
3210 6412
3210 5454
3210 4243
3210 7256
3210 5892
3210 6427
3210 5790
3210 6432
3210 6566
3210 5993
3210 4842
3210 4208
3210 4657
3210 4146
3210 3507
3210 4020
3210 6134
3210 3833
3210 5243
3210 3433
3210 5566
3210 7615
5921 461
5921 582
5921 1610
5921 1792
5921 3845
5921 3855
5921 4359
5921 5790
5921 7182
5921 6207
2143 1246
2143 3873
2143 4900
2143 7032
7167 3439
4962 2609
1608 540
1608 5274
5534 18
5534 98
5534 223
5534 462
5534 711
5534 827
5534 1376
5534 1546
5534 1650
5534 1849
5534 2391
5534 2413
5534 3189
5534 3450
5534 3650
5534 3854
5534 3873
5534 4323
5534 4771
5534 4895
5534 5205
5534 5227
5534 5274
5534 5315
5534 5454
5534 5477
5534 5555
5534 6856
5534 7497
5534 6125
5534 6840
5534 6620
5534 7591
5534 6505
5534 6315
435 140
435 5543
2697 6432
2697 6327
2078 887
2078 4000
2078 3705
2078 3038
7010 101
7010 3873
2848 290
2848 380
2848 7237
2848 4365
2848 6870
2848 6236
514 5700
514 3705
514 6873
514 6463
3134 312
3134 760
3134 5330
3134 5610
3462 257
3462 2195
3462 2350
3462 4393
3462 6378
7381 1553
7381 2132
7381 3873
7381 4452
7381 5543
7592 1107
7592 1179
7592 1275
7592 2234
7592 2289
7592 3873
7592 4900
7592 5020
7592 5285
7592 7333
517 5040
517 7237
517 7558
517 7226
1546 1402
1546 7587
1546 4452
1546 6673
1546 4298
1546 2515
1546 7569
1546 3381
1546 4726
1546 3450
1546 5663
1546 3189
4244 1792
521 3075
521 2056
521 5324
521 3855
521 1305
521 1960
521 6378
521 6065
521 1721
521 1020
4924 4356
4738 375
4738 2510
4738 2854
3439 1077
3439 1488
3439 5029
3439 3958
3439 5127
3439 4314
3439 5454
7352 219
7352 1020
7352 1025
7352 1305
7352 1610
7352 1721
7352 2056
7352 2158
7352 2191
7352 2195
7352 2424
7352 2738
7352 3296
7352 3430
7352 3757
7352 3822
7352 3845
7352 3855
7352 4243
7352 4785
7352 4934
7352 5277
7352 5610
7352 5790
7352 5876
7352 6378
7352 6845
7352 7552
4950 3873
4950 4880
6408 307
6408 471
6408 538
6408 582
6408 661
6408 935
6408 1471
6408 1520
6408 1792
6408 2017
6408 3128
6408 3609
6408 3786
6408 3833
6408 3845
6408 4024
6408 4146
6408 4165
6408 4359
6408 4653
6408 4676
6408 4720
6408 5156
6408 5314
6408 5566
6408 5790
6408 6134
6408 6202
6408 6207
6408 7558
6408 7489
6408 6419
6408 6427
6408 6967
6408 6991
6408 7256
6408 6458
6408 6637
6408 7294
4136 961
4136 3750
4136 5920
4136 5127
4136 4298
4136 5227
4136 4726
4136 7448
3481 4356
1746 1693
1746 1721
1746 3136
1746 3158
1746 5610
1291 661
1291 4720
1291 1520
1291 5314
1291 6427
1291 5029
1291 2017
1291 4657
1291 3833
1291 6991
1291 1792
6293 708
6293 1624
6293 6214
6195 2808
6195 3450
6195 4799
6195 5274
6195 7610
2550 5610
2550 3430
1595 659
1595 7339
1595 4757
5555 3163
5555 3873
5555 4206
5555 4709
5555 5543
5555 6724
5318 4356
1756 1275
1756 6232
1756 6022
1756 7366
6223 380
778 212
778 296
778 6022
778 5285
778 2511
778 2289
778 2854
3361 894
3361 1271
3361 2892
3361 3042
3361 3360
3361 4000
3361 3400
3361 4393
3361 7123
3361 5526
3361 7224
3361 5597
1040 3683
1040 2020
1040 3822
1040 3855
6673 260
6673 725
6673 961
6673 2515
6673 2713
6673 3381
6673 3450
6673 4298
6673 4452
6673 4678
6673 4726
6673 5127
6673 5274
6673 5663
6673 5920
6673 7569
6673 6938
6673 7587
6214 2854
6214 7178
2391 101
2391 806
2391 1310
2391 1650
2391 4870
2391 5127
2391 4876
2391 5315
2391 2967
2391 4536
2391 2744
2391 6724
2391 2897
2391 3163
2391 2995
2391 6125
2391 4206
2391 3698
2391 4211
6762 3224
6762 4393
2888 2854
6651 2854
6651 6528
4330 257
4330 1610
4330 1721
4330 2738
4330 3136
4330 3430
4330 3440
4330 3757
4330 4126
4330 5277
4330 5610
4330 6065
4330 5876
2056 312
2056 1635
2056 1721
2056 3845
2056 2120
2056 2195
2056 5277
2056 3234
2056 4934
2056 6378
2056 3822
2056 6845
2056 5236
2056 5610
2515 260
2515 557
2515 827
2515 1246
2515 1310
2515 1402
2515 4095
2515 4678
2515 5127
2515 4298
2515 3331
2515 4211
2515 6724
2515 5663
2515 7587
2515 4709
2515 4452
2515 6955
2515 4163
2515 3184
2515 5227
2515 3189
2515 4726
2515 7569
2515 3450
2515 4106
2515 3381
2345 566
2345 3692
2345 3994
2345 4916
5612 4356
5612 6036
3078 7339
3573 221
3371 1636
3371 3632
3371 4359
3851 566
3851 3181
1789 828
1789 1792
1789 3809
1789 4451
1789 5956
1789 2347
1789 4657
1789 4636
1789 4359
1789 2576
1789 2385
1789 5892
1789 6427
6441 98
6441 482
6441 566
6441 898
6441 1819
6441 2235
6441 3181
6441 4916
6441 5454
6441 6229
6441 7172
1618 338
1618 569
1618 639
1618 659
1618 7044
1618 6342
1618 6537
1618 7501
1618 5454
1618 2132
1618 4757
1618 1622
1618 2841
1618 7580
1618 4321
1618 2854
1618 4785
1618 3890
1618 6197
1618 6139
1618 2366
1618 4607
2435 3705
312 5330
312 3845
312 4934
312 760
312 5610
312 3822
312 3855
4125 638
4125 1402
4125 1497
4125 1553
4125 1849
4125 2157
4125 2224
4125 2482
4125 2713
4125 2744
4125 2840
4125 2897
4125 2967
4125 2994
4125 3418
4125 3450
4125 3650
4125 3667
4125 3873
4125 3900
4125 5127
4125 4876
4125 5274
4125 7595
4125 4536
4125 7482
4125 4163
4125 5411
4125 4880
4125 4452
4125 6955
4125 7030
4125 5883
2841 4785
1297 296
1297 879
1297 1107
1297 1137
1297 1275
1297 6528
1297 2289
1297 1407
5127 112
5127 221
5127 232
5127 504
5127 508
5127 609
5127 806
5127 884
5127 982
5127 1497
5127 2699
5127 2744
5127 2854
5127 2897
5127 2994
5127 2995
5127 3095
5127 3184
5127 3342
5127 3381
5127 3450
5127 3667
5127 3751
5127 3900
5127 4106
5127 4146
5127 4163
5127 4211
5127 4212
5127 4298
5127 4433
5127 4452
5127 5663
5127 6955
5127 6463
5127 7488
5127 6724
5127 5734
5127 5274
5127 7587
5127 7332
5127 7595
5127 7199
5127 7030
5127 7366
5127 6503
3667 112
3667 827
3667 1497
3667 2224
3667 2640
3667 2840
3667 3342
3667 3450
3667 4163
3667 6955
3667 3895
3667 4095
982 112
982 221
982 3873
982 4163
982 6648
982 3450
982 5948
982 7610
6115 2892
6115 3853
6115 4350
6274 5098
3555 1808
3555 2510
3555 2892
3555 3038
3555 3360
3555 3394
3555 4034
3555 4000
3555 4549
3555 3853
3555 5526
3555 6873
3555 3653
3555 7339
8 1686
4836 3751
4836 7595
1563 3873
1563 3398
1475 5543
1190 582
1190 4842
1190 4583
1190 4359
3979 7351
3979 4356
3979 6891
195 713
195 2854
2699 112
2699 1497
2699 7488
2699 3184
2699 4163
2699 5734
2699 5513
2699 6955
2699 3095
2699 3450
2699 4989
1348 113
1348 6232
1348 4900
1348 2854
1348 3240
1348 2488
1348 6644
1348 7237
1348 3544
1348 6105
6637 538
6637 1133
6637 3845
6637 4146
6637 4887
6637 6991
7488 112
7488 221
7488 566
7488 884
7488 1497
7488 1553
7488 1603
7488 2897
7488 3181
7488 3184
7488 3342
7488 3450
7488 3632
7488 3751
7488 3900
7488 3910
7488 4095
7488 4106
7488 4163
7488 4452
7488 4916
7488 5274
7488 5411
7488 5543
7488 5864
7488 6054
7488 6648
7488 6955
7488 7030
7488 7564
2366 1616
2366 1622
2366 7302
1778 3873
1778 3942
2094 380
833 6537
833 7172
833 2854
4000 887
4000 894
4000 1271
4000 1281
4000 1444
4000 1806
4000 1808
4000 2510
4000 2892
4000 3038
4000 3042
4000 3360
4000 3400
4000 3653
4000 3853
4000 7339
4000 5526
4000 4763
4000 4393
4000 7498
4000 7123
4000 6094
4000 5597
4000 4575
4000 5220
2224 2609
4392 2854
4392 6022
4392 6041
6659 4165
5028 7482
6082 3431
6082 5454
7302 2321
4771 3854
4771 7595
7552 1025
7552 3855
7552 4887
7552 6378
817 464
817 3873
817 7595
817 5543
817 1868
817 2897
817 1131
817 5274
817 2808
817 1849
817 7610
817 7580
5441 3450
5441 4356
6316 4393
6316 6432
4511 116
4511 471
4511 828
4511 1262
4511 1624
4511 1792
4511 3181
4511 3786
4511 3833
4511 4359
4511 4701
4511 4657
4511 5430
4511 7256
4511 6427
4511 4842
7456 6359
5964 1553
5964 1792
5964 7199
5036 4704
3056 2265
3056 2267
3056 4356
3056 6174
3056 7141
2498 1376
2498 6049
2498 3751
2498 6506
2498 7595
2498 5274
2072 3360
2072 7339
7076 4356
1281 1271
1281 4549
1281 3400
1281 7498
1281 2892
1281 3341
1281 1806
1281 6419
1281 7224
1281 3360
1281 3042
1281 4393
4212 18
4212 464
4212 535
4212 6562
4212 7030
4356 167
4356 674
4356 988
4356 1011
4356 1055
4356 1266
4356 1588
4356 1762
4356 1875
4356 1963
4356 2015
4356 2054
4356 2218
4356 2265
4356 2470
4356 2546
4356 2730
4356 2741
4356 3502
4356 3811
4356 3926
4356 4001
4356 7426
4356 4875
4356 4888
4356 5400
4356 7452
4356 5039
4356 4401
4356 4447
4356 7219
4356 7351
4356 6843
4356 7237
4356 5454
4356 6101
4356 7012
4356 6033
4356 7155
4356 5366
4356 6647
4356 6524
415 2854
415 6022
415 2023
7545 1376
7545 4338
7545 5543
1693 4934
1693 5610
1693 3757
1693 5876
1693 3822
1693 3158
1693 1721
441 961
441 4298
441 7238
441 4726
6709 1305
6709 1721
6709 2191
6709 3430
6709 3757
6709 5610
6709 5676
6709 7374
2470 167
232 112
232 3873
232 4163
232 6955
232 3342
232 2897
232 3442
232 1497
232 3450
232 3900
482 4916
482 2854
482 566
482 1691
482 1405
4183 513
4183 3942
4183 5513
6931 7
6931 380
6931 1280
6931 7237
5 5454
2721 1636
2721 4359
6528 1107
6528 1275
6528 1407
6528 2142
6528 2289
6528 2854
6528 5120
6528 6022
964 3873
961 725
961 4298
961 5274
961 4726
961 1849
961 7448
961 6938
961 6314
6861 3751
2650 1376
2008 894
2008 3360
2008 7339
2008 2350
2008 3224
2008 2510
2008 5597
290 113
290 3240
290 7226
290 7237
290 2928
290 380
290 2980
290 5564
290 4039
290 3544
290 4900
290 6108
290 6369
290 6649
290 6142
6312 3430
6312 3855
6312 5610
6312 7194
1553 1262
1553 1792
1553 1603
1553 3910
1553 5543
1553 5454
1553 2288
1553 2132
1553 5274
1553 2583
1553 3450
7012 2980
7012 7237
7178 2854
2609 628
2609 827
2609 1409
2609 7030
2609 5543
2609 7595
2609 7564
2609 5454
2609 7190
2609 3450
2609 7482
5285 212
5285 296
5285 1107
5285 1275
5285 2289
5285 3096
5285 4900
6458 538
6458 1232
6458 1471
6458 1636
6458 1792
6458 3128
6458 3833
6458 5314
6458 5993
6458 6134
6458 6207
6458 6419
6458 6427
6458 7256
6458 6967
6458 6876
4536 112
4536 221
4536 1077
4536 1650
4536 2744
4536 2893
4536 2897
4536 3650
4536 3873
4536 4298
7551 212
7551 296
7551 879
7551 1107
7551 1137
7551 2234
7551 2854
6645 3632
674 7237
674 3544
4451 1792
4451 2347
4451 2385
4451 3632
4451 4636
4451 5454
4451 6207
6036 380
6036 847
6036 3240
6036 6142
7270 2073
7270 7339
2978 3873
2978 4095
4549 887
4549 2510
4549 3038
4549 3360
4549 3853
4549 4350
4549 4525
4549 4934
4549 7498
4549 5526
504 112
504 3873
504 4163
504 3342
504 3698
504 4211
504 2967
504 6648
504 1497
504 3450
4036 112
4036 546
4036 574
4036 806
4036 1131
4036 3095
4036 3698
4036 3900
4036 7251
4036 4163
4036 4101
4036 5454
4036 4211
2055 380
1121 935
6845 306
6845 1133
6845 1305
6845 2424
6845 3234
6845 3822
6845 3845
6845 4934
6648 112
6648 1497
6648 3181
6648 3342
6648 3450
6648 3751
6648 4163
6648 4452
6648 5314
6648 5543
6648 5883
6648 6955
828 471
828 1792
828 3809
828 7242
828 2347
828 5454
828 1232
828 4657
828 3632
828 2559
828 4636
887 3400
887 7123
887 5526
887 4122
887 3038
887 3360
887 3042
887 7339
887 7224
4607 2591
4607 3130
4607 4785
733 5137
733 2854
733 1808
2342 6432
534 7224
534 7339
7226 113
7226 380
7226 847
7226 1155
7226 1559
7226 3081
7226 3240
7226 3544
7226 4900
7226 5963
7226 6108
7226 6369
7226 7237
6856 223
6856 2713
5475 4350
2385 471
2385 1792
2385 2347
2385 4359
2385 3083
2385 3632
2385 4657
2385 3809
2385 4636
2385 6207
4359 397
4359 426
4359 471
4359 582
4359 1792
4359 2347
4359 2576
4359 3083
4359 3632
4359 3809
4359 3833
4359 3845
4359 6412
4359 6852
4359 6427
4359 7595
4359 5676
4359 4657
4359 7350
4359 6207
4359 7489
4359 5956
4359 5206
4359 6876
1624 116
1624 1536
1624 1792
1624 4865
1624 5430
1624 6070
1624 6566
1624 2347
1624 5454
1624 3632
1624 4438
1624 6207
1624 4701
4657 97
4657 307
4657 397
4657 471
4657 538
4657 661
4657 1262
4657 1471
4657 1792
4657 2017
4657 2347
4657 2381
4657 2576
4657 3822
4657 3833
4657 3845
4657 4146
4657 7489
4657 5956
4657 6412
4657 7256
4657 4676
4657 6991
4657 6876
4657 5029
4657 5314
4657 6770
4657 4720
4657 5993
4657 6427
4657 6207
4657 7294
2280 2854
2280 5489
2280 2488
2280 4365
3786 307
3786 1262
3786 1792
3786 2017
3786 2347
3786 3655
3786 7489
3786 3845
3786 4720
3786 4146
3786 4438
3786 7256
3786 3833
3786 6991
3786 7350
5220 178
5220 1806
5220 2510
5220 3038
5220 3042
5220 3224
5220 3360
5220 3603
5220 3725
5220 3853
5220 4393
5220 7339
7564 3450
7564 3873
7564 5274
2337 1680
2337 2142
2337 3330
2337 5516
2337 4941
2337 2511
2337 2854
2337 3184
2337 5234
2337 3958
75 7165
75 3855
1183 4298
1183 5274
2600 1271
2600 6101
2600 2854
2600 4338
6049 5274
6049 5543
6049 6463
7558 2221
7558 2980
7558 3013
7558 5040
7558 5454
7558 6236
7558 6649
7558 6852
7558 6891
3437 306
3437 2299
3437 3845
3437 5324
3437 6412
3437 6222
3437 3855
3437 4755
3437 5206
3437 4704
3437 6378
3437 3822
3437 3440
3437 6419
3437 5876
7190 140
7190 628
7190 3450
7190 6505
6577 426
6577 540
6577 2132
6577 5274
5734 112
5734 221
5734 546
5734 1497
5734 1728
5734 2897
5734 3381
5734 4433
5734 6955
5734 6503
4039 713
4039 2030
4039 2073
4039 2178
4039 2854
4039 3130
4039 3544
4039 3547
4039 4365
4039 6095
4039 6644
4039 4411
1462 167
1462 1011
1462 2020
3316 5169
5268 898
5268 1213
5268 4149
1903 898
1999 4393
7305 2854
7305 7237
3717 3751
2579 540
2579 5274
3280 5454
3984 3705
3984 3922
2549 7350
3895 1497
3895 3450
3895 6955
3895 7482
3006 1536
3006 1691
3006 1792
3006 2347
3006 2559
3006 2836
3006 3809
3006 6207
3006 5420
3006 3632
3006 6070
3006 4636
3006 4478
3764 3751
4816 4881
2994 1544
2994 6095
2994 7569
2994 3873
2994 6955
2138 4941
2138 5933
2061 3833
2061 6427
2061 4676
2061 6991
6022 212
6022 296
6022 1137
6022 1275
6022 1405
6022 1691
6022 2145
6022 2289
6022 2511
6022 2854
6022 4338
6022 4411
6022 5319
6022 6041
6022 7229
3124 2854
3725 2510
3725 2892
3725 3042
3725 3360
3725 7498
3725 7123
3725 4393
2854 7
2854 98
2854 171
2854 199
2854 212
2854 221
2854 296
2854 326
2854 337
2854 508
2854 690
2854 708
2854 713
2854 879
2854 935
2854 1106
2854 1107
2854 1137
2854 1253
2854 1275
2854 1280
2854 1339
2854 1405
2854 1407
2854 1410
2854 1418
2854 1680
2854 1691
2854 1726
2854 1808
2854 1822
2854 1989
2854 2023
2854 2030
2854 2073
2854 2142
2854 2145
2854 2178
2854 2289
2854 2511
2854 5120
2854 6914
2854 3587
2854 4690
2854 4365
2854 3928
2854 4995
2854 6172
2854 3619
2854 3626
2854 5933
2854 4411
2854 7229
2854 6978
2854 5447
2854 3914
2854 4941
2854 5454
2854 5133
2854 4189
2854 5234
2854 4590
2854 4483
2854 6023
2854 6537
2854 5516
2854 4501
2854 6041
2854 5137
2854 3240
2854 6684
2854 3330
2854 5817
2854 3010
2854 7366
2854 3275
2854 3547
2854 4575
2854 6121
2854 5799
2854 5489
2854 4338
2854 6644
2854 6826
2854 5319
6876 538
6876 582
6876 1232
6876 1536
6876 1636
6876 1792
6876 2017
6876 3083
6876 3128
6876 3822
6876 3833
6876 3845
6876 4146
6876 4792
6876 4842
6876 5314
6876 5430
6876 5454
6876 6207
6876 6852
6432 4787
6432 5454
6432 6327
3038 894
3038 1271
3038 1752
3038 1806
3038 2570
3038 2672
3038 2892
3038 6787
3038 6025
3038 3341
3038 5015
3038 4122
3038 4763
3038 3228
3038 4393
3038 7498
3038 3360
3038 3400
3038 7224
3038 7123
3038 5597
3038 3042
3038 6094
3038 3653
3038 4350
6480 307
6480 1262
5404 426
5404 2157
5404 2713
5404 3751
5404 4692
5404 4880
5404 5274
5404 7595
7 2142
3204 1721
3204 5610
4332 3751
123 5864
123 7580
4792 7237
2413 3650
3083 1792
3083 5235
3083 3632
3083 6427
3083 5454
3296 2299
3296 3855
5227 3189
5227 4726
5227 5920
5227 7448
5227 6938
1950 1792
1950 2017
1950 6991
326 3928
7295 4350
4575 1808
4575 4365
3228 1271
3228 3400
3228 7339
3228 5597
7366 1808
7366 3381
720 1262
720 4916
720 3189
5206 3507
5206 5610
3928 2289
6621 113
6621 2591
6621 4785
6621 7339
6621 7224
4758 7224
4758 6490
4758 5405
3009 3705
3009 6870
7478 2321
6302 2321
3845 461
3845 471
3845 538
3845 1020
3845 1520
3845 1792
3845 2017
3845 2278
3845 2424
3845 2659
3845 3181
3845 3430
3845 3440
3845 3822
3845 3833
3845 5892
3845 7182
3845 3855
3845 4755
3845 6427
3845 5790
3845 4720
3845 5029
3845 4653
3845 4146
3845 6202
3845 6207
3845 7489
3845 5314
3845 4676
3845 4934
3845 5454
3845 6991
3845 7256
3845 4701
3845 5610
3845 7294
3507 1792
287 659
3951 1107
3951 1275
3951 1751
3951 2234
3951 2289
3951 3304
3951 7333
6142 3081
6142 6108
6142 6891
6142 6359
5480 4785
7237 113
7237 380
7237 847
7237 1280
7237 2791
7237 2892
7237 2980
7237 3081
7237 3240
7237 3264
7237 3341
7237 3400
7237 3544
7237 3968
7237 4122
7237 4900
7237 5564
7237 6105
7237 6108
7237 6236
7237 6326
7237 6369
7237 6490
7237 6870
7237 6891
1107 212
1107 296
1107 879
1107 2572
1107 1751
1107 4189
1107 1407
1107 2289
1107 1137
1107 1275
2863 3822
2863 3855
4930 426
4930 7482
4930 5274
6378 750
6378 1305
6378 1721
6378 1960
6378 2424
6378 3075
6378 3136
6378 3757
6378 3855
6378 5277
6378 5577
6378 5676
6378 5790
6378 5876
6378 7015
6378 7350
3073 628
3073 1376
3073 3751
1262 661
1262 1792
1262 3398
1262 5543
1262 5993
1262 3833
1262 5454
1262 4720
1262 4146
1262 4916
1262 7256
1262 2713
1262 6427
1262 1471
7544 4393
270 5169
1444 3653
1444 2892
1444 2510
1444 7123
1444 5597
1444 3360
1444 3042
1444 7339
5526 894
5526 1806
5526 2510
5526 2672
5526 2892
5526 3360
5526 3400
5526 4393
5526 4622
5526 7498
5526 7224
5526 7123
383 7332
383 3751
6174 566
6174 2267
6174 3135
6174 3181
6174 5188
6174 5454
6174 5544
661 307
661 471
661 1792
661 7489
661 4676
661 6991
661 4720
661 4146
661 3833
661 1471
461 1520
461 3822
461 1792
461 5610
461 7182
461 3855
1919 750
1919 1486
1919 4704
1919 2424
1919 2120
1919 2158
1919 5909
508 221
508 2897
508 2157
5274 98
5274 426
5274 609
5274 1376
5274 1402
5274 1603
5274 1849
5274 2132
5274 2157
5274 2381
5274 2482
5274 2583
5274 2713
5274 2808
5274 2926
5274 3189
5274 3342
5274 3418
5274 3450
5274 3751
5274 3900
5274 3910
5274 4106
5274 4163
5274 4298
5274 4452
5274 4692
5274 5411
5274 6955
5274 7610
5274 5864
5274 7580
5274 7332
5274 7595
5274 6840
5274 7199
5274 5543
7123 178
7123 1271
7123 1806
7123 2892
7123 3042
7123 3360
7123 3705
7123 3853
7123 6094
7123 7224
2488 113
2488 1691
2488 6537
2488 3240
2488 5933
5963 1559
5963 2591
5319 5447
850 7482
5342 2510
5342 4393
5315 442
5315 806
5315 2744
5315 6095
566 4165
566 4482
566 5454
566 3181
566 6449
566 4916
566 1077
566 2975
566 1213
4106 98
4106 3450
4106 3873
4106 4880
6505 1409
6505 3873
6505 6125
6505 7587
2299 306
2299 2020
2299 4146
2299 4934
2299 3822
2299 3855
2299 5277
2195 1020
2195 3136
2195 5676
2195 3855
3042 178
3042 894
3042 1271
3042 1806
3042 2892
3042 3400
3042 3853
3042 4122
3042 5597
3042 3360
3042 6094
3042 7339
3042 7224
3042 7498
6562 3751
5933 1030
5933 2511
5933 4941
5933 5056
5933 5454
5933 7172
5405 2672
5405 2892
5405 3341
5405 7520
5405 7224
5405 5597
5405 7498
5405 6490
2023 2288
2738 1025
2738 2659
2738 3855
2738 6065
2738 4887
2738 3440
2738 4701
6490 1271
6490 1686
6490 2350
6490 2672
6490 2892
6490 3341
6490 3922
6490 4034
6490 7520
6490 7498
4024 2020
4024 4146
4024 6427
4024 5314
2482 827
2482 3450
2482 5543
3341 2672
3341 5635
3341 3394
3341 3603
3341 4122
3341 3360
3341 7224
3341 4034
3341 3653
3341 3400
3341 7165
7039 1136
5892 97
5892 538
5892 925
5892 1471
5892 1721
5892 1792
5892 3822
5892 3833
5892 3855
5892 4146
5892 4720
5892 5314
5892 7489
5892 6148
5892 7256
5892 6427
5892 7199
5892 6770
5892 6202
5892 6207
4095 260
4095 711
4095 3450
4095 4163
4095 4433
4095 4895
4095 7587
4095 5543
4095 7610
5817 3264
5817 7252
5956 397
5956 1792
5956 2576
5956 6852
5956 6566
1960 1721
1960 4704
1960 3136
1960 3430
1960 5876
1960 7350
1960 2424
1960 5610
3900 98
3900 112
3900 1388
3900 1497
3900 2641
3900 2744
3900 2897
3900 2967
3900 3184
3900 3450
3900 3873
3900 7595
3900 4452
3900 6054
3900 6955
3900 4163
221 1409
221 4163
221 2897
221 2967
221 1497
221 5663
221 4433
221 6506
221 2744
221 3184
221 3381
221 3450
1155 3181
1155 6359
7224 178
7224 894
7224 1271
7224 1806
7224 1808
7224 2892
7224 3400
7224 3603
7224 3653
7224 3853
7224 4034
7224 4122
7224 4350
7224 4763
7224 4785
7224 5218
7224 5597
7224 7339
7224 7289
639 4757
6575 1721
6575 2424
6575 3440
6575 4887
2576 471
2576 1792
2576 6724
4483 3330
4483 5516
4912 2381
4912 4452
945 1133
945 2120
945 3855
945 5610
5243 898
5243 1792
1963 4447
725 5920
725 4726
3184 112
3184 1388
3184 1497
3184 4163
3184 4452
3184 6955
3184 3450
7256 538
7256 925
7256 1471
7256 1792
7256 3181
7256 3655
7256 3822
7256 3833
7256 4438
7256 4720
7256 5314
7256 5993
7256 6148
7256 6207
7256 6419
7256 6991
7256 7489
6891 2980
6891 3240
6891 3544
6891 5564
6891 6108
6891 6649
1455 3360
1455 7498
1455 7339
1455 2510
3873 101
3873 112
3873 223
3873 638
3873 1021
3873 1246
3873 1253
3873 1275
3873 1409
3873 1849
3873 2312
3873 2641
3873 2705
3873 2897
3873 2967
3873 2995
3873 3163
3873 3342
3873 3450
3873 3650
3873 7587
3873 4880
3873 7065
3873 5663
3873 4900
3873 6054
3873 6955
3873 5941
3873 4163
3873 6724
3873 4876
3873 5454
3873 5411
3873 6108
3873 4206
3873 7032
2730 1055
2730 4888
3418 1376
3418 2926
3418 4724
3418 7482
2110 7339
1020 7374
1020 3440
1020 6065
4350 894
4350 2510
4350 2892
4350 6025
4350 5454
5676 750
5676 1721
5676 2191
5676 5277
5676 5610
5676 7374
5676 7350
2583 2713
2583 7580
6419 538
6419 750
6419 1471
6419 2510
6419 3440
6419 3855
6419 4146
6419 4676
6419 4934
6419 5324
6419 5610
6419 5909
6419 6134
6419 7489
6419 6967
4298 260
4298 1849
4298 3189
4298 3650
4298 7030
4298 7569
4298 7448
4298 4452
4298 5920
4298 4726
894 2892
894 4622
894 5597
894 3360
894 7339
7350 97
7350 1792
7350 3075
7350 3430
7350 3822
7350 5790
7350 5876
7350 5909
5663 260
5663 1402
5663 1849
5663 3189
5663 3381
5663 3450
5663 3650
5663 4452
5663 4709
5663 4989
5663 7587
5663 7569
513 5513
2020 1598
2020 5324
2020 3855
2020 3031
2020 7193
2020 4126
2020 2832
2020 2659
2020 7015
2020 5610
2020 7469
2020 3822
2020 4146
2020 6329
2020 5564
2020 6463
3075 1721
3075 3136
3075 5876
3075 5277
6631 7482
6724 1376
6724 1849
6724 3450
6724 3750
6724 4206
6724 4433
6724 6125
6724 7587
3822 257
3822 1025
3822 1486
3822 1598
3822 1721
3822 1792
3822 2036
3822 2424
3822 2659
3822 3158
3822 3430
3822 3855
3822 4126
3822 7469
3822 4146
3822 5790
3822 6207
3822 4934
3822 5577
3822 5324
3822 5876
3822 6329
3822 4704
3822 7015
3822 5993
3822 5610
3822 4720
3822 3833
3822 6463
2073 2142
734 3855
989 6537
989 7482
989 7199
6232 171
3910 2157
3910 3450
3910 3750
3910 5543
4034 3400
3095 112
3095 546
3095 1409
3095 6955
3095 4163
3095 3450
2158 257
2158 750
2158 1025
2158 2036
2158 3855
2158 2832
2158 5909
2158 3130
2158 6207
4165 3692
4165 5316
4165 5454
4165 7199
7587 806
7587 1849
7587 3189
7587 3381
7587 3450
7587 4452
7587 4876
7587 6684
7587 7569
711 223
711 1376
711 4880
711 3450
1011 7030
97 4146
97 4676
97 5876
97 3833
97 6427
898 5796
898 2893
898 5454
898 6449
898 4149
898 984
898 1213
898 7199
1025 5324
1025 3855
1025 2036
1025 4887
1025 2191
6649 2980
6101 1875
6101 7199
6202 471
6202 1471
6202 2017
6202 3833
6202 4676
6202 5993
6202 7489
6244 5454
1635 1610
1635 3234
1635 3855
1635 5277
4704 636
4704 1305
4704 1721
4704 2191
4704 2424
4704 3136
4704 3430
4704 3855
4704 4243
4704 4568
4704 4934
4704 6222
4704 6329
4704 5277
4704 5610
4704 5876
5909 750
5909 1486
5909 2036
5909 2347
5909 3855
5909 4636
2892 178
2892 219
2892 1271
2892 2026
2892 2510
2892 6787
2892 3853
2892 3653
2892 4122
2892 4763
2892 3360
2892 7339
2892 7498
2892 3224
2892 3400
98 4163
98 3450
1610 257
1610 306
1610 1486
1610 1792
1610 3855
1610 5790
1610 7015
1610 6207
4438 3655
4438 4701
5420 2347
5420 3632
5420 3809
5420 4636
1490 4452
5430 116
5430 1471
5430 1536
5430 4701
5430 4842
5430 6566
5430 7016
1077 4916
1306 1752
1306 3130
1306 5454
1306 3431
1598 5610
1598 3855
1598 5277
1598 7469
4799 464
4799 3450
4189 296
6326 380
6326 2791
6326 5694
6326 6870
4146 307
4146 471
4146 538
4146 1471
4146 1792
4146 2832
4146 3833
4146 3855
4146 4020
4146 7489
4146 6427
4146 5277
4146 5156
4146 5314
4146 4676
4146 6991
4146 4720
4146 6770
4146 7294
337 690
935 3181
935 5454
7289 5597
7289 7339
847 380
847 3081
3128 538
3128 1471
3128 1636
3128 1792
3128 6134
3128 6967
3128 3833
3128 6207
6843 2510
6843 5700
2026 7339
2026 2510
4895 223
4895 3450
4895 3750
4895 6315
2640 5205
2640 5543
2640 2840
2640 3342
2641 4163
2641 2744
4208 4243
4208 6566
708 6914
708 1253
708 5040
2157 1792
2157 7580
2157 2288
2157 2744
6955 112
6955 827
6955 1497
6955 2744
6955 2840
6955 2995
6955 3450
6955 4163
6955 7165
375 4193
375 5610
375 3855
7332 2713
7332 4452
5513 884
5513 3013
1131 2744
1131 2995
1131 4101
1616 1282
1616 5454
442 1409
442 2967
4900 380
4900 2928
4900 3081
4900 3240
4900 3544
4900 3653
4900 4206
4900 4876
4900 6236
4900 5020
4900 5564
4900 6108
6427 471
6427 538
6427 1471
6427 1792
6427 3181
6427 3833
6427 3847
6427 4636
6427 4676
6427 4720
6427 5156
6427 5314
6427 5454
6427 5993
6427 6207
6427 7489
6427 6967
6427 6991
6427 6770
6427 7294
2872 3751
6537 713
6537 3890
6537 4365
1544 6873
6873 2510
6873 3360
6873 7339
1409 609
1409 1246
1409 5454
1409 4870
3381 112
3381 1310
3381 1402
3381 1849
3381 3189
3381 4163
3381 4678
3381 3544
3381 6112
3381 4452
3381 7569
3381 5948
3381 4726
3381 3450
3381 4989
6369 113
6369 380
6369 3081
6369 3240
6369 5564
2744 101
2744 112
2744 1497
2744 1650
2744 4163
2744 4876
2744 2897
2744 2967
2744 4211
2744 2995
2744 3450
223 3189
223 827
5205 3342
5205 3450
1280 380
1280 7252
1280 6870
1280 2791
1246 806
1246 4870
6329 1721
6329 5876
6329 7193
5726 3181
5726 5543
6503 1728
6503 4433
535 540
3609 5454
3609 6359
1520 1792
1520 5029
1520 6991
101 4211
101 2967
101 3698
3013 738
3013 2510
3013 5700
1275 296
1275 1179
1275 7333
1275 2289
1275 2572
1275 5454
1275 1751
1275 3096
1275 2234
1275 5020
1275 3304
1989 4338
5056 2142
636 5610
925 4720
925 5314
925 4020
925 3833
925 5993
925 4842
925 6148
1402 557
1402 4452
1402 4709
1402 3342
1402 7569
1402 1849
1402 3189
7339 1125
7339 2510
7339 3003
7339 3181
7339 3360
7339 3394
7339 3400
7339 3603
7339 3653
7339 3692
7339 3828
7339 3952
7339 4122
7339 4129
7339 4440
7339 4525
7339 5015
7339 5218
7339 5336
7339 5454
7339 5597
7339 5635
7339 6094
7339 7199
7339 7498
5626 464
5626 540
1849 260
1849 628
1849 1376
1849 7569
1849 3650
1849 6095
1849 2132
1849 2773
1849 4206
1849 3189
1849 3450
1849 5920
4916 1213
4916 3181
4916 3994
5029 6991
6105 380
6105 3240
6105 3544
6105 6870
6105 6108
4126 257
4126 2036
4126 2659
4126 3855
4126 7015
4126 5324
4126 5236
4126 5610
5700 540
2559 2347
2559 3632
2559 6070
2559 4636
2559 6207
6094 1752
6094 2510
6094 3360
6094 4525
6094 5015
6094 7498
3089 3632
3360 1271
3360 1806
3360 2510
3360 6787
3360 4122
3360 4763
3360 7498
3360 3653
3360 4393
3360 4525
3360 4785
3360 3400
3360 3853
3360 5336
3360 5597
3407 540
5330 3855
5330 5610
7252 380
7252 2791
7252 5694
7394 5454
7016 4842
7016 4865
7016 5314
7016 6207
7016 6566
1868 4452
2808 7610
2808 3450
2808 5454
4020 4720
4020 5314
2980 6108
2980 3130
2928 380
2928 3544
7497 3450
7497 4876
3264 380
3264 2791
1721 750
1721 1305
1721 2191
1721 3855
1721 4720
1721 6065
1721 5790
1721 5577
1721 5324
1721 2424
1721 3158
1721 3430
1721 5277
1721 5876
1721 5610
3130 1559
3130 2510
3130 2591
3130 4785
1332 2132
1332 6359
6207 116
6207 397
6207 471
6207 538
6207 582
6207 1232
6207 1536
6207 1636
6207 1792
6207 2347
6207 2836
6207 3632
6207 3809
6207 3833
6207 4701
6207 4865
6207 5314
6207 6134
6207 7489
6207 6852
6207 6991
5169 3257
5169 5454
6742 4393
3692 3544
3692 4452
750 2191
750 3855
750 5277
6852 1232
6852 1471
6852 1636
6852 2347
6852 3632
6852 5314
6852 5454
7030 1376
7030 1497
7030 3450
7030 5543
7030 5864
7030 6684
6412 1792
5799 1808
1342 7482
6125 1650
6125 4876
3330 4941
3330 5516
6342 738
2142 7172
2142 2289
2142 5234
2142 2234
5314 471
5314 1232
5314 1471
5314 1792
5314 2017
5314 2897
5314 3833
5314 3994
5314 4676
5314 4720
5314 7489
5314 6148
5314 6991
5314 5993
464 1376
464 5665
464 1953
464 5454
464 3319
464 2713
464 3450
464 1371
464 3840
1133 5236
1133 5610
1133 3855
1133 5277
2289 212
2289 296
2289 879
2289 1137
2289 1179
2289 1691
2289 1751
2289 2234
2289 2572
2289 7229
2289 2511
2289 3304
2289 4338
540 5560
540 2926
540 3751
540 5454
1142 4452
4870 1650
2591 1559
5098 2897
5098 4452
6108 113
6108 3240
6108 3544
6108 5564
3994 1792
3994 3181
3994 5543
6112 260
6112 2773
6112 4452
6112 5948
538 397
538 471
538 7489
538 6991
538 4676
538 2017
538 5993
538 6770
538 2120
538 3833
538 7294
538 1471
7194 3855
7182 3855
2234 212
2234 1179
2234 7333
2234 3096
5745 3855
5745 6047
7569 557
7569 3189
7569 4452
7569 4678
7569 4709
7569 4726
1497 112
1497 827
1497 1310
1497 4163
1497 3342
1497 2897
1497 5454
1497 2840
1497 5411
1497 3181
1497 3450
1497 7165
1213 6229
306 4934
306 6222
306 3855
306 2832
306 4755
306 5277
306 5790
306 738
306 7015
306 5610
2897 112
2897 1650
2897 7595
2897 2967
2897 4876
2897 4163
2897 6054
1622 4785
1125 7498
5665 6463
7610 3450
7610 4163
5020 4338
7141 2015
7141 2265
7141 3181
7141 7452
2840 140
2840 4880
2840 5411
2840 3450
1751 1179
1751 3304
6787 1271
6787 2570
6787 4393
6787 7498
5864 5543
5478 897
5993 1636
5993 1792
5993 3833
5993 4676
5993 4720
5993 7489
4143 7615
4715 2017
1283 7482
3158 1305
3158 2191
3158 2659
3158 5236
3158 7015
3158 5610
3158 5876
5277 257
5277 1486
5277 2036
5277 3234
5277 3440
5277 3855
5277 4755
5277 6566
5277 5324
5277 6134
2347 1792
2347 4269
2347 2836
2347 5847
2347 4636
2347 3856
2347 3809
2347 4653
2347 3632
2347 4478
2347 3129
1752 3853
1752 7032
1752 2510
125 7615
296 212
296 2572
296 2511
296 2145
296 879
296 1137
307 7489
307 4676
307 2017
307 1792
307 6991
1792 397
1792 471
1792 582
1792 1486
1792 1536
1792 3847
1792 3855
1792 2832
1792 2836
1792 4636
1792 5790
1792 7199
1792 4720
1792 2017
1792 3398
1792 3632
1792 7615
1792 6967
1792 3129
1792 7489
1792 4193
1792 5454
1792 6991
1792 7482
1792 3856
1792 3809
1792 4842
1792 3181
1792 2424
1792 3833
4590 5120
471 1536
471 4676
471 7489
471 6991
471 4636
471 2017
471 4653
471 4720
471 3833
3544 3240
3544 6870
2424 1305
2424 1486
2424 2191
2424 5577
2424 5324
2424 3855
2424 5790
2424 3234
2424 3430
2424 5876
3081 380
3081 6870
827 4880
827 3450
827 3135
827 7165
6134 1471
6134 3833
1388 4452
1913 4115
897 4338
4881 5454
1636 582
1636 738
1636 1536
1636 5454
1636 3632
1636 3833
3831 1136
2400 5543
3036 5610
806 4433
806 6095
7238 1376
7238 4726
3856 3809
1603 3450
1603 5543
4433 112
4433 2995
4433 6684
3332 5543
7044 1536
3319 1953
3136 3430
3136 6065
3136 5876
3136 5790
5324 2659
5324 3430
5324 3757
5324 3855
5324 5236
5324 7015
5324 5610
3442 4452
6148 2832
6148 3833
5350 5543
4941 5516
257 5610
257 3855
257 2036
2511 212
2511 1137
4875 2265
1407 879
2321 1686
1136 5454
3096 212
3096 879
3096 2145
3096 4338
5597 2510
5597 3653
5597 3705
5597 4122
5597 5015
5597 7498
7615 2264
7615 5454
7615 7482
7482 200
7482 608
7482 1953
7482 5454
4622 3853
4622 4393
112 3342
112 2967
112 2995
112 4163
112 574
112 3450
3234 5610
3234 3855
2265 7199
3440 5610
3440 3757
2773 4452
2773 3342
7199 3450
6967 1471
6967 3833
6967 4676
3705 2510
3705 3400
3705 4122
3705 5454
1486 7015
1650 4876
1650 6095
1650 3163
1650 2995
1650 4211
1650 3450
5847 3751
3603 1271
3603 3400
3603 4393
3603 4122
3655 4720
3655 3855
3809 2836
3809 3632
3809 6172
3809 4636
3430 1305
3430 2036
3430 6222
3430 3855
3430 5876
6991 2017
6991 3833
6991 3847
6991 4676
6991 4720
6991 5156
6991 6770
6991 7489
3751 426
3751 608
3751 2376
3751 3380
3751 5454
3751 4692
3751 6566
3751 7595
3751 4724
3751 6314
879 212
6566 116
6566 2832
6566 4243
6566 4653
6566 4701
6566 4842
6566 4865
3365 7580
1796 6359
4478 3632
4478 4636
2017 7489
2017 5454
2017 6770
2017 3833
1232 3632
1232 3833
3224 2510
3224 4393
3224 3853
7580 4692
7580 7595
1536 4865
1536 3632
1536 5235
1536 6070
1536 4636
1536 4701
421 18
421 5543
421 5876
2036 2659
2036 7015
2036 3855
2036 2832
4365 3010
5883 3450
5883 4452
3189 260
3189 4452
3189 4726
3189 7448
3189 6938
4269 3632
4269 4636
2288 6506
4243 2120
4243 6222
2659 5610
2659 3855
2659 5236
116 4701
4115 5416
4115 5454
1806 4393
1806 3853
1806 2510
5610 2120
5610 3855
5610 4887
5610 5577
5610 6172
5610 5662
5610 6065
5610 7109
1471 4720
1471 3833
1471 7294
4726 3750
4726 5920
4726 5454
4726 7448
4726 6938
6870 380
6870 2791
6870 3240
6870 3968
6870 5694
5015 1271
5015 3853
4583 4842
140 5543
140 3450
140 7165
5743 4452
2893 3450
1310 260
1310 4163
1310 4678
1310 4452
1310 3450
4678 3750
4678 4452
4678 6938
7294 582
7294 3833
7294 4676
7294 4720
4785 1271
4785 1559
4785 3400
4785 5218
7015 2832
7015 3855
7015 5236
7015 6065
3855 760
3855 1305
3855 2260
3855 2832
3855 3683
3855 3757
3855 4865
3855 4887
3855 6047
3855 4755
3855 6065
3855 5790
3855 4934
3855 5236
3855 5876
2267 2015
6840 2381
6840 2713
4970 4321
4970 5454
4692 426
4692 4865
6315 5411
1305 5876
3650 260
3650 4989
5694 380
5694 2791
5694 3968
3853 1271
3853 2510
3853 3400
3853 7498
3853 4393
7374 6065
5790 4934
5790 6222
3181 1137
3181 5543
3181 4720
4636 582
4636 3129
4636 3632
4636 3847
3240 113
4763 2570
4763 4393
127 5454
4525 2510
4989 4452
5336 2510
4865 6070
4163 2967
4163 3342
4163 3450
4163 5411
4163 6054
4163 4452
2381 5543
2381 4842
2381 7595
2381 3450
113 380
2967 3450
2832 5876
4709 4452
7498 178
7498 1271
7498 2510
738 7489
178 3400
178 4393
178 4122
4211 3450
4211 3698
4211 4206
4211 4880
609 4452
609 3450
2791 380
2791 3968
6095 4452
6095 7595
6770 3833
6770 4720
5454 380
5454 3632
5454 4393
5454 4452
5454 4767
5454 4842
5454 6359
5454 5543
7489 3833
7489 4653
7489 4676
7489 4720
7489 5156
4653 4676
7448 6938
260 4452
260 3450
4876 3450
4876 4880
4876 7595
4440 5635
4880 3450
5411 2132
5411 2713
5411 3450
1137 212
1137 7172
1137 2145
4122 2510
5233 6359
557 4452
7595 426
7595 2713
7595 3450
7595 5543
7595 6054
7595 6506
6314 6938
5218 3653
2510 1271
2510 3400
2510 4393
4206 3163
4206 3342
4206 3450
4206 6054
2905 4393
628 1376
6463 1376
6463 2713
6506 4452
3129 3632
4767 3450
4720 3833
4720 4676
4393 219
4393 2570
5543 3450
6359 2132
4676 3833
380 3968
6938 3450
3833 397
4338 212
4338 1376
4338 2145
212 1691
212 2145
3632 582
3632 2836
3450 1376
3450 2713
3450 3342
3450 4452
3450 6054
4701 4842
5948 4452
3331 4452
3163 18
6054 3342
6054 4452
3653 3400
3653 5635
884 4452
884 3342
4452 3342
