4 0 0 0 0 0 0 0 0 0 0 0 0 0 0 0 0 0 0
5 0 0 0 0 0 0 0 0 0 0 0 0 0 0 0 1 0 0
7 0 0 0 0 0 0 1 0 0 0 0 0 1 0 0 0 0 0
10 0 0 0 0 0 0 0 0 0 0 0 0 0 0 0 0 0 1
17 1 1 1 1 1 1 1 1 1 0 0 0 0 0 0 0 0 0
22 0 0 0 0 0 0 0 0 0 0 0 0 0 0 0 0 0 0
30 1 1 1 1 1 1 1 1 1 1 0 0 0 0 0 0 0 0
35 0 0 1 0 0 0 0 0 0 0 0 0 0 0 0 0 0 0
40 1 1 1 0 1 1 1 1 1 0 0 0 0 0 0 0 0 0
44 1 1 1 1 1 1 1 1 1 0 1 0 0 0 0 0 1 0
48 0 0 0 0 0 0 1 0 0 0 0 0 0 0 0 0 0 0
61 0 0 0 0 0 0 0 0 0 0 0 0 0 0 1 1 0 0
98 0 1 0 0 0 0 0 0 0 0 0 0 0 0 0 0 0 0
104 0 0 0 0 0 0 0 0 0 0 0 0 0 0 0 0 0 0
105 0 0 1 0 0 0 0 0 0 0 0 0 0 0 0 0 0 0
106 0 0 0 1 0 0 0 0 0 0 0 0 0 0 0 0 0 0
110 0 0 0 0 0 0 0 0 0 0 0 0 0 0 0 0 0 0
112 0 0 1 0 0 0 0 0 0 0 0 0 0 0 0 0 0 0
113 1 1 1 1 1 1 1 1 1 0 0 0 0 0 0 0 0 0
114 1 1 1 1 1 1 1 1 1 0 0 0 0 0 0 0 0 0
121 0 0 0 0 0 0 0 0 0 0 0 0 0 0 0 0 0 0
127 0 0 0 0 0 0 0 0 0 0 0 0 0 0 0 0 0 0
130 1 1 1 1 1 1 1 1 1 1 0 0 0 0 0 0 0 0
136 1 1 1 1 1 1 1 1 1 0 0 0 0 0 0 0 0 0
138 1 1 1 1 1 1 1 1 1 0 0 0 0 0 0 0 0 0
141 0 0 0 0 0 0 0 0 0 0 0 0 0 0 0 0 0 1
145 0 1 1 1 1 1 1 1 1 0 1 0 0 0 0 0 0 0
146 0 0 1 0 0 0 0 0 0 0 0 0 0 0 0 0 0 0
153 0 0 0 0 0 0 0 0 0 0 0 0 0 0 0 0 1 0
171 1 1 1 0 1 1 1 1 1 0 0 0 1 0 0 0 0 0
177 0 0 0 0 0 1 0 0 0 0 1 0 0 0 0 0 0 0
195 0 0 0 0 0 0 0 0 0 0 0 0 0 0 0 0 0 0
199 1 0 0 0 0 0 0 0 0 0 0 0 0 0 0 0 0 0
203 1 1 1 1 1 1 1 1 1 0 0 0 0 0 0 0 0 0
204 1 1 1 1 1 1 1 0 1 0 0 0 0 0 1 0 0 0
209 1 1 1 1 1 1 1 1 1 0 0 1 0 0 0 0 0 1
212 0 0 0 0 0 0 0 0 0 0 0 0 0 0 0 0 0 0
221 0 0 0 0 1 1 0 0 0 0 0 0 0 1 0 0 0 0
224 1 1 1 1 1 1 1 0 1 0 1 0 0 0 0 0 0 0
226 0 0 0 0 0 0 0 0 0 0 0 1 0 0 0 0 0 0
228 0 0 0 0 0 0 0 0 0 0 0 0 0 0 0 1 0 0
232 0 0 0 0 0 0 0 0 0 0 0 0 0 0 0 0 0 0
243 0 0 0 0 0 0 0 0 0 0 0 0 0 0 0 0 0 0
244 1 1 1 1 1 1 1 1 1 0 0 0 0 0 0 0 0 0
255 1 1 1 1 1 1 1 1 1 0 0 0 0 0 0 0 1 0
271 1 0 1 1 1 1 1 1 1 0 1 0 0 0 0 0 0 0
279 1 0 1 1 0 1 1 0 1 0 1 1 0 0 0 0 0 0
281 1 1 1 1 1 1 1 1 1 0 0 0 0 0 0 0 0 1
286 1 1 1 1 1 1 1 1 1 0 0 0 0 0 0 0 0 0
290 1 1 1 1 1 1 1 1 1 0 0 0 0 0 1 0 0 0
296 0 0 0 0 0 0 0 0 0 0 0 0 0 0 0 0 0 1
299 0 0 0 0 0 0 0 0 0 1 0 0 0 0 1 0 0 0
303 0 0 1 0 0 0 0 1 0 0 1 0 0 0 0 0 0 0
318 0 0 1 0 0 0 0 0 0 0 0 0 0 0 0 0 0 0
326 0 0 0 0 0 0 0 0 0 0 0 0 0 0 0 0 0 0
337 0 0 0 0 0 0 0 0 0 0 0 0 0 0 0 0 0 0
338 0 0 0 0 0 0 0 0 0 0 0 0 0 0 0 0 1 0
345 1 1 1 0 1 1 1 1 1 0 0 0 0 0 0 0 0 0
358 0 0 0 1 0 0 0 0 0 0 0 0 0 0 0 0 0 0
360 1 1 1 1 1 1 0 0 1 0 0 0 0 0 0 0 0 0
364 1 1 1 1 1 0 1 1 1 0 0 0 0 0 0 0 0 0
374 0 0 0 0 0 0 0 0 0 0 0 0 0 0 0 0 0 1
375 0 1 0 0 0 0 0 0 0 0 1 1 1 1 1 1 1 1
378 1 1 1 1 1 0 1 1 1 0 0 0 0 0 0 1 0 0
379 0 0 0 0 0 0 0 0 0 0 0 0 0 0 1 0 0 0
380 1 1 1 1 1 1 1 1 1 0 0 0 0 0 0 0 0 0
399 1 1 1 0 1 1 1 1 1 0 0 0 0 0 0 0 0 0
400 1 1 1 1 1 1 1 1 1 0 0 0 0 0 1 0 0 0
402 0 0 0 0 0 0 0 0 0 0 0 0 0 0 1 1 0 0
406 1 1 1 1 1 1 1 1 1 0 0 0 0 0 0 0 0 0
410 1 1 1 1 1 1 1 1 1 0 0 0 0 1 0 0 0 0
414 0 0 0 0 0 0 1 0 0 0 0 0 0 0 0 0 0 0
415 0 0 0 0 1 0 0 0 0 0 0 0 0 0 0 0 0 0
417 1 1 1 1 1 1 1 1 1 0 0 0 0 0 0 0 0 0
427 1 1 1 1 1 1 1 1 1 1 0 0 0 0 0 0 0 0
428 0 0 0 0 0 0 0 0 0 0 0 0 0 0 0 0 0 0
436 0 0 0 0 0 0 0 0 0 0 0 0 0 0 0 0 0 0
440 0 0 0 0 1 0 0 0 0 0 0 0 0 0 0 0 0 0
448 0 0 0 0 0 0 0 0 0 0 0 0 0 0 0 0 0 0
451 1 1 1 1 1 1 1 1 1 0 0 0 0 0 0 0 0 0
452 0 0 0 0 0 0 0 0 0 1 0 0 0 0 0 1 0 0
454 0 0 0 0 0 1 0 1 0 0 0 0 0 0 0 0 0 0
463 0 0 0 0 0 0 1 0 0 0 0 0 0 0 0 1 0 0
464 0 0 0 0 0 0 0 0 1 0 0 0 0 0 0 0 0 0
465 1 1 1 1 1 1 1 1 1 0 0 0 0 0 0 0 1 0
468 1 1 1 1 1 1 1 0 1 0 0 0 0 0 0 0 0 0
473 1 1 1 1 1 1 1 1 1 0 0 0 0 0 0 0 0 0
482 0 0 0 0 0 1 0 0 0 0 0 0 0 0 0 0 0 0
484 0 0 0 0 0 0 0 0 0 0 0 0 0 0 0 0 0 0
488 1 1 1 1 1 1 1 0 1 0 0 0 0 1 0 0 0 0
498 1 1 1 0 1 1 1 1 1 0 0 0 0 0 0 0 0 0
499 1 1 1 1 1 1 1 1 1 0 0 0 0 0 0 0 0 0
504 1 0 0 0 0 0 0 0 0 0 0 0 0 0 0 0 0 0
508 0 0 0 0 0 0 0 0 0 0 0 0 0 0 0 0 0 1
517 1 1 1 1 1 1 1 1 1 0 0 0 0 0 0 0 0 0
519 0 1 0 0 0 0 0 0 0 0 0 0 0 0 0 0 0 0
522 0 0 0 0 0 0 0 0 0 0 0 1 0 0 0 0 0 0
525 1 1 1 1 1 1 1 1 1 0 0 0 0 1 0 0 0 0
540 0 0 0 0 0 0 0 0 0 0 0 0 0 0 0 0 0 0
543 0 0 0 0 0 0 0 0 0 0 0 0 0 0 0 0 0 0
553 1 1 0 1 1 1 1 1 1 0 1 0 0 0 0 0 0 0
559 1 1 1 1 1 1 1 1 0 0 0 0 0 0 0 0 0 0
566 0 0 0 0 0 0 0 1 0 0 0 0 0 0 0 0 0 0
569 0 0 0 0 0 0 0 0 0 0 0 0 0 0 0 0 0 0
578 0 0 0 0 0 0 0 0 0 0 0 0 0 0 0 0 1 0
609 0 0 0 0 0 0 0 0 0 0 0 0 0 0 0 0 0 0
619 0 0 0 0 0 0 0 0 1 0 0 0 0 0 0 0 0 0
639 1 1 1 1 1 1 1 1 1 0 0 0 0 0 1 0 0 0
651 0 0 0 0 0 0 0 0 0 0 0 0 0 0 0 1 0 0
657 1 1 1 1 1 1 1 1 1 1 0 1 0 0 0 0 1 0
659 1 1 1 1 1 1 1 1 1 0 0 0 0 0 0 0 0 0
674 1 1 1 1 1 1 1 1 1 1 0 0 0 0 0 0 0 0
681 1 1 0 1 1 0 1 1 1 0 0 0 0 0 0 0 0 0
683 1 1 1 1 1 1 1 1 1 0 0 0 0 0 0 0 0 0
690 0 0 0 0 0 0 0 0 0 0 0 0 0 0 0 0 0 0
695 1 0 0 0 0 0 0 0 0 0 0 0 0 0 0 0 0 1
706 0 0 0 0 0 0 0 0 0 0 0 0 0 0 0 0 0 0
708 0 0 0 0 1 0 0 0 0 0 0 1 0 0 0 0 1 0
713 1 0 1 1 1 1 1 1 1 0 0 0 0 0 0 0 0 0
714 0 0 0 1 0 0 0 0 0 0 0 0 0 0 0 0 0 0
715 1 1 1 1 1 1 0 1 1 0 0 0 0 0 0 0 0 0
722 0 0 0 0 0 1 0 0 0 0 0 0 1 0 0 0 0 0
733 0 0 0 0 0 0 0 0 0 0 0 0 0 0 0 1 0 0
739 1 1 1 1 1 1 1 1 1 0 0 0 0 0 0 0 1 0
741 1 1 1 1 1 1 1 1 1 0 0 0 0 0 0 0 0 0
743 1 1 1 1 1 1 1 1 1 0 0 0 0 0 0 0 0 0
744 0 0 0 0 0 0 0 0 0 0 0 0 0 0 0 0 1 0
756 0 1 0 0 1 0 0 0 0 0 0 0 0 0 0 0 0 0
763 1 1 1 1 0 1 1 1 1 0 0 0 0 0 0 0 0 0
771 0 0 0 0 0 1 0 0 0 0 0 0 0 0 0 0 0 0
778 0 0 0 0 0 0 0 0 0 0 0 0 0 0 0 0 0 0
779 0 0 0 0 0 0 0 0 0 0 0 0 0 0 0 0 0 0
787 0 0 0 0 0 0 0 0 0 0 0 0 0 0 0 0 0 0
791 0 0 0 0 0 0 1 0 0 0 0 0 0 0 0 0 0 0
792 0 0 0 0 0 0 0 0 0 0 0 0 0 0 0 0 0 0
799 1 1 1 1 1 1 1 1 1 0 0 0 0 0 0 0 0 0
804 0 0 0 1 0 0 0 0 0 1 0 0 0 0 0 0 0 0
805 1 1 1 1 1 1 1 1 0 0 0 0 0 0 0 0 0 0
806 0 0 0 0 0 0 0 0 0 0 0 0 1 0 0 0 0 0
828 0 0 0 0 1 0 0 0 0 1 0 1 0 1 1 1 1 1
829 0 0 0 0 0 0 0 0 0 0 0 0 0 0 0 0 0 0
833 0 0 0 0 1 0 0 0 1 0 0 0 0 0 0 0 0 0
838 1 1 1 1 1 1 1 1 1 0 0 0 0 0 0 0 0 0
841 0 0 0 0 0 0 0 0 0 0 0 0 0 0 0 0 0 0
847 1 1 1 1 1 1 1 1 1 0 0 0 0 0 0 0 0 0
859 1 1 1 1 1 1 1 1 1 0 0 0 0 0 0 0 0 0
877 0 0 0 0 0 1 0 0 0 1 0 0 0 0 0 0 0 0
879 0 0 0 0 0 0 0 0 0 0 1 0 0 0 0 0 0 0
884 0 0 0 0 0 0 0 0 0 0 0 1 1 0 0 0 0 0
888 0 0 0 0 0 0 0 0 0 0 0 0 0 0 0 0 0 0
891 0 0 0 0 0 0 0 0 0 0 0 0 0 0 0 0 1 0
897 0 0 1 0 0 0 0 0 0 0 0 1 0 1 0 0 0 0
898 0 0 0 0 0 0 0 0 0 0 0 0 0 0 0 0 0 0
904 0 0 0 0 0 0 0 0 0 0 0 0 0 0 0 0 0 1
905 0 0 0 0 0 0 0 0 0 0 0 0 0 0 0 0 0 0
908 1 1 1 1 1 1 0 1 1 0 0 0 0 0 0 0 0 0
909 1 1 1 1 1 1 1 1 1 0 0 0 1 0 0 0 0 0
913 0 0 0 0 0 0 0 0 0 0 0 0 0 0 0 0 0 0
919 0 0 0 0 0 0 0 0 0 0 0 0 0 0 0 0 0 0
924 0 0 0 0 0 0 0 0 0 0 0 0 0 0 0 0 0 0
927 0 0 0 0 0 0 0 0 0 1 0 0 1 0 0 0 0 0
933 0 0 0 0 0 0 0 0 0 1 0 0 0 0 0 0 0 0
935 0 0 0 0 0 0 0 0 0 0 0 0 0 0 0 0 0 0
936 1 0 0 0 0 0 0 0 0 0 0 0 0 0 0 0 0 0
943 0 0 0 0 0 0 1 0 0 0 0 0 0 0 0 0 0 0
951 1 1 1 1 1 1 1 1 1 0 0 0 0 0 0 0 0 0
954 0 0 0 0 0 0 0 0 0 0 0 1 0 0 0 0 1 0
955 0 0 0 0 0 0 0 0 0 0 0 0 0 1 0 0 0 1
956 0 0 0 0 0 0 0 0 0 0 0 0 0 0 0 0 0 0
968 0 1 0 0 0 0 0 0 0 1 1 1 1 1 1 1 1 1
973 1 0 0 0 0 0 0 0 0 0 0 0 0 0 0 0 0 0
976 0 0 0 0 0 0 0 1 0 1 0 0 1 0 0 0 1 0
982 0 0 0 0 0 0 1 0 0 0 0 0 0 0 0 1 0 0
983 1 1 0 1 1 1 1 1 1 0 0 0 0 0 0 0 0 1
989 0 0 0 0 0 0 1 0 0 0 0 0 1 0 0 0 0 0
1001 1 1 1 1 1 1 1 1 1 0 0 0 0 0 0 0 0 0
1004 1 1 1 1 1 1 1 1 1 0 0 0 0 0 0 0 0 0
1006 1 1 1 1 1 1 1 1 1 0 0 0 0 0 0 0 0 1
1007 1 1 1 1 1 1 1 1 1 0 1 0 0 0 0 0 0 0
1009 1 1 1 1 1 1 1 1 1 0 0 0 0 0 0 0 0 0
1014 0 0 0 0 0 0 0 1 0 0 0 0 0 0 0 0 0 0
1017 1 1 1 1 1 1 1 1 1 0 0 0 0 0 0 0 0 0
1019 1 1 1 1 1 1 1 1 1 0 1 0 0 0 0 0 0 0
1030 0 0 0 0 0 0 0 0 0 1 1 0 1 1 0 1 1 1
1039 1 1 1 1 0 0 1 1 1 0 0 0 0 1 0 0 1 0
1041 0 0 0 0 0 0 0 0 0 0 0 0 0 0 0 0 0 0
1042 0 0 0 0 1 0 0 0 0 0 0 0 0 1 0 0 0 0
1051 0 0 0 0 0 0 0 0 0 0 0 0 0 0 0 0 0 0
1074 1 1 1 1 1 1 1 1 1 0 0 0 0 0 0 0 0 0
1090 0 0 1 0 0 0 0 0 0 0 0 0 0 0 0 0 0 0
1103 1 1 1 1 1 1 1 1 1 0 0 0 0 0 0 0 0 0
1106 0 0 0 0 0 0 0 0 0 0 0 0 0 0 0 0 0 0
1107 0 0 0 0 0 0 1 0 0 0 0 0 0 0 0 0 0 0
1118 0 0 0 0 0 0 0 0 0 0 1 0 0 0 0 0 0 0
1121 0 0 0 0 0 0 1 1 0 0 0 0 0 0 0 0 0 0
1126 1 0 1 1 1 1 0 1 0 0 0 0 1 0 0 0 0 1
1128 0 0 0 0 0 0 0 0 0 0 0 0 0 0 0 0 1 0
1129 1 1 1 1 1 1 0 1 1 0 0 0 1 0 0 0 0 0
1132 0 0 0 0 0 0 0 0 0 0 0 0 0 0 0 0 0 0
1136 0 0 0 0 0 0 0 0 0 0 0 0 0 0 0 0 0 0
1137 0 0 0 0 0 0 0 0 0 0 0 0 0 0 0 1 0 0
1145 0 0 0 0 0 0 0 0 0 1 0 0 0 0 0 0 0 0
1150 0 0 0 0 0 0 0 0 0 0 0 0 0 0 0 0 0 0
1164 0 0 0 0 0 0 0 0 0 0 0 0 0 0 0 0 0 0
1169 0 1 0 0 0 1 0 0 0 0 0 0 0 0 0 0 0 0
1174 1 1 1 1 1 1 1 1 1 0 0 0 0 0 0 0 0 0
1178 0 0 0 0 0 0 0 0 0 0 1 0 0 0 0 0 0 0
1179 0 0 0 0 0 0 1 1 0 0 0 0 0 0 0 0 1 0
1196 0 0 0 0 0 0 0 0 0 0 0 0 0 0 0 0 1 0
1199 0 0 0 0 0 0 0 0 0 0 0 0 0 0 0 0 0 0
1200 0 0 0 0 0 0 0 0 0 0 0 0 0 0 0 0 0 0
1207 0 0 0 0 0 0 0 0 0 0 0 0 0 0 0 1 0 0
1224 0 0 0 0 0 0 0 0 0 0 0 1 0 0 0 0 0 0
1225 0 0 0 0 0 0 0 0 0 0 0 0 0 0 0 0 0 0
1234 1 1 1 1 1 1 1 1 1 0 0 0 0 0 0 0 1 0
1245 0 0 0 0 0 0 0 0 0 0 0 0 0 0 0 0 0 0
1253 0 0 0 0 0 0 0 0 0 0 0 0 1 0 0 0 0 0
1262 0 0 0 0 0 0 0 0 0 1 1 1 1 1 1 1 1 1
1263 0 0 0 0 0 0 0 0 0 0 0 0 0 0 0 0 0 0
1264 1 1 1 1 0 1 1 1 1 0 0 0 0 0 0 0 0 0
1271 0 0 0 0 0 0 0 0 0 0 0 0 0 0 0 0 0 0
1272 1 1 1 1 1 1 1 1 1 0 0 0 0 0 0 0 0 0
1275 0 0 0 0 0 0 0 1 0 0 0 0 0 0 0 0 0 0
1278 0 0 0 1 0 0 0 0 0 0 0 0 0 0 0 0 0 0
1280 1 1 0 0 1 1 1 1 1 0 0 0 0 0 0 0 0 0
1293 1 1 1 1 1 1 1 1 1 0 0 0 1 0 0 0 0 0
1297 0 0 0 0 0 0 0 0 0 0 0 0 0 0 1 0 0 0
1306 0 0 0 1 0 0 0 0 0 0 0 0 0 0 0 0 0 0
1312 0 0 0 1 0 0 0 0 0 0 0 0 0 0 0 0 0 0
1317 0 0 0 0 0 1 0 0 0 0 0 0 0 0 0 0 0 0
1321 1 1 1 1 1 1 1 1 1 0 0 0 0 0 0 0 0 0
1327 0 0 0 0 0 0 0 0 0 0 0 1 0 0 1 0 0 0
1334 1 1 1 1 1 1 1 1 1 0 0 0 0 0 0 0 0 0
1337 1 1 1 1 0 1 1 1 1 0 1 0 0 0 0 0 0 0
1338 0 0 1 0 0 0 0 0 0 0 0 1 0 0 0 0 0 0
1339 0 0 0 0 0 1 0 0 0 0 0 1 0 0 0 0 0 0
1341 0 0 0 0 0 1 0 0 0 0 0 1 0 0 0 0 0 0
1348 1 1 1 1 1 1 1 1 1 0 0 0 0 0 0 0 0 0
1350 0 0 0 0 0 0 0 0 0 0 0 0 0 0 0 0 0 0
1351 0 0 0 0 1 0 0 0 0 0 0 0 0 0 0 0 0 0
1363 0 0 0 0 0 0 0 0 0 0 0 0 0 0 0 0 0 0
1372 1 1 1 1 1 1 1 1 1 0 1 0 0 0 0 0 0 0
1373 0 0 0 0 0 0 0 0 0 1 0 0 0 0 0 0 0 0
1376 0 0 0 0 0 1 0 0 0 0 0 0 0 1 0 0 0 0
1381 1 1 1 1 1 0 1 1 1 0 0 0 0 0 0 0 0 0
1389 1 1 1 1 1 0 1 1 1 0 0 0 0 0 0 0 0 0
1405 0 0 0 0 0 0 0 0 0 1 0 0 0 0 0 0 0 1
1406 0 1 0 0 0 0 0 0 0 0 0 0 0 0 0 0 0 0
1407 0 0 0 1 0 0 0 0 0 0 0 0 0 0 0 0 0 0
1409 0 0 0 0 0 0 0 0 0 0 0 0 0 0 0 0 1 0
1410 1 1 1 1 1 1 1 1 1 0 0 0 0 0 0 0 0 0
1418 0 0 0 0 0 0 0 0 0 0 0 0 0 0 0 0 0 0
1422 0 0 0 0 0 0 0 0 0 0 0 0 0 0 0 0 0 0
1436 0 0 0 0 0 0 0 0 0 0 0 1 0 0 0 0 0 1
1438 0 0 0 0 0 0 0 0 0 0 0 0 0 0 0 0 0 0
1495 0 0 0 0 0 0 1 0 0 0 0 0 0 1 0 0 0 0
1497 0 0 0 0 0 0 0 0 0 0 0 0 0 0 0 0 0 0
1513 0 0 0 0 0 0 0 0 0 0 1 0 0 0 0 1 0 0
1517 1 1 1 1 0 1 1 1 1 0 0 0 0 0 0 0 0 0
1521 0 0 0 0 0 0 0 0 0 0 1 0 0 0 0 0 0 0
1522 1 1 1 1 1 1 1 1 1 0 0 0 0 0 0 0 1 0
1524 1 1 1 1 1 1 1 1 1 0 0 0 0 0 0 0 0 0
1526 0 0 0 0 0 0 0 0 0 0 0 0 0 0 0 0 0 0
1533 0 0 0 0 0 0 0 0 0 0 0 0 1 0 0 0 0 0
1541 1 0 1 1 1 1 1 1 1 0 1 0 0 0 0 0 0 0
1543 1 1 0 1 1 1 1 1 1 0 0 0 0 0 0 0 0 0
1545 0 0 0 0 0 0 0 0 0 0 0 0 0 0 0 0 0 0
1547 1 1 1 1 1 1 1 1 1 0 0 0 0 0 0 0 0 0
1553 0 0 0 0 0 0 0 0 0 0 0 0 0 0 0 0 0 0
1555 0 1 1 1 1 1 1 1 0 0 0 0 0 0 0 0 0 0
1556 0 1 0 0 0 0 0 0 0 0 0 0 0 0 0 0 0 0
1562 1 1 1 1 1 1 1 1 1 0 0 1 0 0 0 0 1 0
1565 1 1 1 1 1 1 1 1 1 0 0 0 0 0 0 0 0 0
1571 0 0 0 0 0 0 0 0 0 0 0 0 1 0 0 0 0 0
1590 1 1 0 1 1 1 1 1 1 0 0 0 1 0 0 0 0 0
1592 0 0 0 0 0 0 0 0 0 0 0 0 0 0 0 0 0 0
1612 1 1 1 1 1 1 1 1 1 0 0 1 0 0 0 0 0 0
1613 1 1 1 1 1 1 1 1 1 0 1 0 0 0 0 0 0 0
1616 0 0 0 0 0 0 0 0 0 0 0 0 1 0 0 0 0 0
1618 0 0 0 0 0 0 0 0 0 0 0 0 0 0 0 0 0 0
1622 0 0 0 0 0 0 0 0 0 0 0 0 0 0 0 0 0 0
1624 0 0 0 0 0 0 0 0 0 1 1 1 1 1 1 1 1 1
1626 0 0 0 0 0 0 0 0 0 0 0 0 0 0 0 0 0 0
1632 1 1 1 1 1 1 1 1 1 0 0 0 0 0 0 0 0 0
1636 0 0 0 0 0 0 0 0 0 0 1 1 1 1 1 1 1 1
1637 0 0 0 0 0 0 0 0 0 0 0 1 0 0 0 0 0 0
1645 1 1 1 1 1 1 1 1 1 0 0 0 0 1 0 0 0 0
1647 0 0 0 0 0 0 0 0 0 0 0 0 0 0 0 0 0 0
1661 0 0 0 0 0 0 0 0 0 0 0 0 0 0 0 0 0 0
1674 1 1 1 1 1 1 1 1 1 0 0 1 0 0 0 0 0 0
1678 1 1 1 1 1 1 1 0 1 0 0 0 1 0 0 0 0 0
1680 0 0 1 0 0 0 0 0 0 0 0 0 0 0 0 1 0 0
1689 0 0 0 0 0 0 0 0 0 0 0 0 0 0 0 0 0 0
1691 0 0 0 0 0 0 0 0 0 0 0 0 1 0 0 0 0 0
1697 0 0 0 0 0 0 1 0 0 0 0 0 0 0 0 0 0 0
1698 0 0 0 0 0 0 0 1 0 0 0 0 0 0 0 0 0 0
1723 0 0 0 0 0 0 0 0 0 0 0 0 0 0 0 0 0 0
1726 0 0 0 0 1 0 0 0 1 0 0 0 0 0 0 0 0 0
1751 0 0 0 0 0 0 0 0 0 0 0 0 0 0 0 0 0 0
1756 0 0 0 0 0 0 0 0 0 0 0 0 0 0 0 0 0 0
1761 0 0 0 0 0 0 0 0 1 0 0 0 0 0 0 0 0 0
1768 0 0 0 0 0 0 0 0 0 0 0 0 1 0 0 0 0 0
1777 1 1 1 1 1 1 1 1 1 0 1 0 0 0 0 0 0 0
1786 0 0 0 0 0 0 0 0 1 0 0 0 0 0 0 0 0 0
1787 0 0 0 0 0 0 0 0 0 0 0 0 0 1 0 1 0 0
1790 0 0 0 0 0 0 0 0 0 0 0 0 0 0 0 0 0 0
1792 0 0 1 0 0 0 0 0 0 1 1 1 1 1 1 1 1 1
1799 0 0 0 0 0 0 0 0 0 0 0 0 0 0 0 0 0 0
1808 0 1 0 0 0 0 0 0 0 0 0 0 1 0 0 0 0 0
1812 0 0 0 0 0 0 0 0 0 0 0 0 0 0 0 0 0 0
1822 0 0 0 0 0 0 0 0 0 0 1 0 1 0 0 0 0 0
1831 1 1 0 1 0 1 1 1 1 0 0 0 0 0 0 0 0 0
1838 1 1 1 1 0 1 1 1 1 0 0 0 0 0 0 0 0 0
1844 0 1 0 1 0 0 0 0 0 0 0 0 0 0 0 0 0 0
1859 0 0 0 1 0 0 0 0 0 0 0 0 0 0 0 0 0 0
1872 0 0 0 0 0 0 1 0 0 0 0 0 0 0 0 0 0 0
1891 1 1 1 1 1 1 1 1 1 0 0 0 0 0 0 0 0 0
1911 1 1 1 1 1 1 1 1 1 0 0 0 0 0 0 0 0 0
1917 0 0 0 0 0 0 0 0 0 0 0 0 0 0 0 0 0 1
1920 1 1 1 1 1 1 1 1 1 0 0 0 0 0 0 0 0 0
1921 0 0 0 0 0 0 0 0 0 0 0 0 0 0 0 0 0 0
1924 1 1 1 1 1 1 0 1 1 0 0 0 0 0 0 0 0 0
1927 0 0 0 0 0 0 0 0 0 1 0 0 0 0 0 0 0 0
1935 0 0 0 0 0 0 1 0 0 1 1 1 1 1 1 1 1 1
1947 0 0 0 0 0 0 0 0 0 0 0 0 0 0 0 0 0 0
1976 1 1 1 1 1 1 1 1 1 0 0 0 1 0 0 0 0 0
1989 0 0 0 0 0 0 0 0 0 0 0 0 1 0 0 0 0 0
1993 0 0 0 0 0 0 0 0 0 0 0 0 0 0 0 0 0 0
1998 1 1 1 1 1 1 1 1 1 0 0 0 0 0 0 0 0 0
2011 1 1 1 1 1 1 1 1 1 1 0 0 0 0 0 0 0 0
2014 1 1 1 1 1 0 0 1 1 0 0 0 0 0 0 0 0 1
2017 0 0 1 0 0 0 0 0 0 1 1 1 1 1 1 1 1 1
2023 0 0 0 0 0 0 0 0 0 0 0 0 0 0 0 0 0 0
2024 1 1 1 1 1 1 1 1 1 0 0 0 0 0 0 0 0 0
2029 1 1 1 1 1 1 0 1 1 0 0 0 0 0 0 0 0 0
2030 0 0 0 0 0 0 0 0 0 0 0 0 0 0 0 0 0 0
2031 1 1 1 1 1 1 1 1 1 0 0 0 0 0 0 1 0 0
2045 0 0 0 0 0 0 0 0 0 0 0 0 0 0 0 0 1 0
2047 1 1 1 1 1 1 1 1 1 0 0 0 0 0 0 0 0 0
2055 1 1 1 1 1 1 1 1 1 0 0 0 0 0 0 0 0 0
2067 0 0 0 0 0 0 0 0 0 0 0 0 0 0 0 0 0 0
2070 1 1 1 1 1 1 1 0 1 0 0 0 0 0 0 1 0 0
2073 1 1 1 1 1 1 0 1 1 0 0 0 0 0 0 0 0 0
2077 0 0 0 0 0 0 0 0 1 0 0 0 0 0 0 0 1 0
2083 0 1 1 1 1 1 1 1 1 0 0 0 0 0 0 0 0 0
2090 1 1 1 1 1 0 1 1 1 0 0 0 0 0 0 0 0 0
2094 1 1 1 1 1 1 1 1 1 0 0 0 0 0 0 0 0 0
2096 0 0 0 0 0 0 0 0 0 0 0 0 0 0 0 0 0 0
2100 1 1 0 1 1 1 0 1 1 0 0 0 0 0 0 0 0 0
2105 0 0 0 0 0 0 0 0 0 0 0 0 0 0 0 0 0 0
2132 0 0 0 0 1 0 0 0 0 0 0 0 0 0 0 0 1 0
2138 0 0 0 0 0 0 0 0 0 0 0 0 0 0 0 1 0 0
2140 0 0 0 0 0 0 0 0 0 0 0 1 0 0 0 0 1 0
2142 0 0 0 1 0 0 0 0 0 0 0 0 0 0 0 1 0 0
2145 0 0 0 0 0 0 0 0 0 1 0 0 0 0 0 0 0 0
2151 1 1 1 1 1 1 1 1 1 0 0 0 0 0 0 0 0 0
2157 0 0 0 0 0 0 0 0 0 0 0 0 0 0 0 0 0 1
2178 1 1 1 1 0 1 1 0 0 0 0 0 0 0 0 0 0 0
2186 1 1 1 0 0 1 1 1 1 0 0 0 0 0 0 0 0 0
2202 0 0 0 0 1 0 0 0 0 0 0 0 0 0 0 0 0 0
2207 1 1 1 1 1 1 1 1 1 0 0 0 0 0 0 0 1 0
2213 1 1 1 1 1 1 1 0 1 0 0 0 0 0 0 0 0 0
2216 0 0 0 0 0 0 0 0 0 0 0 0 0 1 0 0 1 0
2217 0 0 0 0 0 0 0 0 0 1 0 0 0 0 0 0 0 0
2234 0 0 0 0 0 0 0 0 0 0 1 0 0 0 0 1 0 0
2238 1 0 1 1 1 1 1 1 1 0 0 0 0 0 0 0 0 0
2242 1 1 1 1 1 1 1 1 1 0 0 0 0 0 0 0 1 0
2254 1 1 0 1 0 1 1 1 1 0 0 0 0 0 0 0 0 0
2262 1 0 1 1 1 1 1 1 1 0 0 0 0 0 0 0 0 0
2277 0 0 0 0 0 0 0 0 0 0 0 0 0 0 0 0 0 0
2280 1 1 1 1 1 1 1 1 1 0 1 0 0 0 0 0 0 1
2288 0 0 0 0 0 0 0 0 0 1 0 1 0 0 0 1 0 0
2289 1 0 0 0 0 0 0 0 0 0 0 0 0 0 0 0 0 0
2290 1 1 1 1 1 1 1 1 1 0 0 0 0 0 0 0 0 0
2296 0 0 0 0 0 0 0 0 0 0 0 0 0 0 0 0 0 0
2314 1 0 0 0 0 0 0 1 0 0 1 0 0 0 0 0 0 1
2316 1 1 1 1 1 1 1 1 1 0 0 0 0 0 0 0 0 1
2326 1 1 1 1 1 1 1 1 1 0 0 0 0 0 0 0 0 0
2327 0 0 0 0 0 0 0 0 0 0 0 0 0 0 0 0 0 0
2337 0 0 0 0 0 0 0 0 0 0 0 0 1 0 1 0 0 0
2343 0 0 0 0 0 0 1 0 1 0 0 1 0 0 0 0 0 0
2344 1 1 1 1 1 1 1 1 1 0 0 0 0 0 0 0 0 0
2355 0 0 0 0 0 0 0 0 1 0 0 0 0 0 1 0 0 0
2361 1 1 1 1 1 1 1 1 1 0 0 0 0 1 0 0 0 0
2366 0 0 0 0 0 0 0 0 0 0 0 0 0 0 0 0 0 0
2367 1 1 1 1 1 1 1 1 1 0 0 0 0 0 1 0 0 0
2372 0 0 0 0 0 0 0 0 0 0 0 0 0 0 1 0 0 0
2373 1 1 1 1 1 1 1 1 1 0 0 0 0 0 0 0 0 0
2374 1 1 1 1 1 1 1 1 1 0 0 0 0 1 0 0 0 0
2384 0 0 0 0 1 0 0 1 0 0 0 0 0 0 0 0 0 0
2390 1 1 0 1 1 1 1 1 1 0 0 0 0 0 0 0 0 0
2391 0 0 0 0 0 0 0 1 0 0 0 0 0 0 0 0 1 0
2392 0 0 0 0 1 1 0 0 0 0 0 0 0 0 0 0 1 0
2403 1 1 0 1 1 1 1 1 1 0 0 0 0 0 0 0 0 0
2412 1 1 1 1 1 1 1 1 1 0 0 0 0 0 0 0 0 0
2417 1 1 1 1 1 1 1 1 1 0 0 0 0 0 0 0 0 0
2426 0 0 0 0 0 0 0 0 0 0 0 0 0 0 0 0 1 0
2430 0 0 0 0 0 0 0 0 0 0 0 0 0 0 0 0 0 0
2434 1 0 1 1 1 1 1 1 1 0 1 0 0 0 0 0 0 0
2435 1 1 1 1 1 1 1 1 1 0 0 0 0 0 0 0 0 0
2437 1 1 1 1 1 1 1 1 1 0 0 0 0 0 0 0 0 0
2452 1 0 1 1 1 1 1 1 1 0 0 0 0 0 0 0 0 0
2456 0 0 0 0 0 0 0 0 0 0 0 0 0 0 0 0 0 0
2458 0 0 0 0 0 0 0 1 0 0 0 0 0 0 0 1 0 0
2462 0 0 0 0 0 0 0 0 0 0 0 0 0 0 0 0 0 0
2466 1 1 1 1 1 1 1 1 1 0 0 0 0 0 0 0 0 0
2476 1 1 1 1 1 1 0 1 1 0 0 0 0 0 0 0 0 0
2488 1 1 1 0 1 1 1 1 1 0 0 0 0 0 0 0 0 0
2494 1 1 1 1 1 1 1 1 1 1 0 0 0 1 0 0 1 0
2510 0 0 0 0 0 0 0 0 0 0 0 0 0 0 0 1 0 0
2511 0 0 0 0 1 0 0 0 1 0 0 0 0 0 0 0 0 0
2515 0 0 0 0 0 0 0 0 0 0 0 0 1 0 0 0 0 0
2540 0 0 0 0 0 0 0 0 0 0 0 0 0 0 0 0 0 0
2543 1 1 1 1 1 1 1 1 1 0 0 0 0 0 0 0 0 1
2560 0 0 0 0 0 1 0 0 0 0 0 0 0 0 0 0 1 0
2571 1 1 1 1 1 1 1 1 1 0 0 0 0 0 0 0 0 0
2572 0 1 0 0 0 0 0 0 0 0 0 0 0 0 0 0 0 0
2600 0 0 1 0 0 0 0 0 1 0 0 0 0 0 0 0 0 0
2605 0 0 0 0 0 0 0 0 0 0 1 0 0 0 0 0 0 0
2607 1 1 1 1 1 1 1 1 1 0 1 0 0 0 0 0 0 0
2609 0 0 0 0 0 0 0 0 0 0 0 0 0 0 0 0 0 0
2616 0 0 0 0 0 0 0 0 0 0 0 0 0 0 0 0 0 0
2622 0 0 0 0 0 0 0 0 0 0 0 0 0 0 0 0 0 0
2624 0 0 0 0 0 0 0 0 0 0 0 0 0 0 1 0 0 0
2635 0 1 0 0 0 0 0 1 0 0 0 0 0 0 0 0 0 0
2644 1 1 1 1 1 1 0 1 1 0 0 0 0 0 0 0 0 0
2648 1 1 1 1 0 1 0 1 1 0 0 0 0 0 0 0 0 0
2653 0 0 0 1 0 0 0 0 0 0 0 0 0 1 0 1 0 0
2661 0 0 0 0 0 0 0 0 0 0 0 0 0 0 0 0 0 0
2673 0 1 1 1 0 1 1 1 1 0 0 0 0 0 0 0 1 0
2685 1 1 1 1 1 1 1 1 1 0 0 0 0 0 0 0 0 0
2687 0 0 0 0 0 0 0 0 0 0 0 0 0 0 0 0 0 0
2688 0 1 0 0 0 0 0 0 0 0 0 0 0 0 0 0 0 0
2699 0 0 0 1 0 0 0 0 0 0 0 0 0 0 0 0 0 0
2708 0 0 0 0 0 0 0 1 0 0 0 0 0 0 0 0 0 0
2710 0 0 0 0 0 0 0 0 0 0 0 0 0 0 0 0 0 0
2725 1 1 1 1 1 1 1 1 1 0 0 0 0 0 0 0 0 0
2731 0 0 0 0 0 0 0 1 0 0 0 0 0 0 0 0 0 0
2734 1 1 1 0 0 1 1 1 1 0 0 1 0 0 0 0 0 0
2744 0 0 0 0 0 0 0 0 0 0 0 0 1 0 0 0 0 0
2750 1 1 1 1 1 1 1 1 1 0 0 0 0 0 1 0 1 0
2754 0 0 0 1 0 0 0 0 0 0 1 0 0 0 0 0 0 1
2759 0 0 0 0 0 0 0 0 0 0 0 0 0 0 0 0 0 0
2768 0 0 0 0 0 0 0 0 0 0 0 1 0 1 0 0 0 0
2774 0 0 0 0 0 0 0 0 0 0 0 0 0 0 0 0 0 0
2775 0 0 0 0 0 0 0 0 0 0 0 0 0 0 0 0 0 0
2779 0 0 0 0 0 0 0 0 0 0 0 0 0 0 0 0 0 1
2791 1 1 1 0 1 1 1 1 1 0 0 0 0 0 1 0 0 0
2794 0 0 0 0 0 0 0 0 0 0 0 0 0 0 0 0 0 0
2798 1 1 0 1 1 1 0 1 1 1 0 0 0 0 0 0 0 0
2802 0 0 0 0 0 0 0 0 1 0 0 0 0 0 0 0 0 0
2808 0 0 0 0 0 0 0 0 0 0 0 0 0 0 0 0 0 0
2831 0 0 0 0 0 0 0 0 0 1 1 0 1 1 1 1 1 1
2841 0 0 0 0 0 0 0 0 0 0 0 0 0 0 0 0 0 0
2846 1 1 1 1 1 1 1 1 1 0 0 0 0 0 0 0 1 0
2847 1 1 1 1 1 1 1 1 1 0 0 0 0 0 0 0 0 0
2848 1 1 1 1 1 1 1 1 1 0 0 0 0 0 1 0 0 0
2854 1 1 1 0 1 1 1 1 1 0 0 0 0 0 0 1 0 1
2858 1 1 1 1 1 0 0 1 1 0 0 0 0 0 0 1 0 0
2865 0 1 1 1 1 1 1 1 1 0 0 0 0 0 0 0 0 0
2870 1 1 1 1 1 1 1 1 1 0 0 0 0 0 0 0 0 0
2873 0 0 0 0 1 0 0 0 1 0 0 0 0 1 0 0 0 0
2876 1 1 1 1 1 1 0 1 1 0 0 0 0 0 0 0 0 0
2878 1 1 1 1 1 1 0 1 1 0 0 0 0 0 0 0 0 0
2882 0 0 0 1 0 0 0 0 0 0 0 0 0 0 0 0 1 0
2888 1 0 0 0 0 0 0 0 0 0 0 1 0 0 0 0 0 0
2892 0 0 0 0 1 0 0 0 0 0 0 1 1 0 0 0 0 0
2897 0 0 1 0 0 0 0 0 0 0 0 1 0 0 0 0 0 0
2908 0 0 0 0 0 0 0 0 0 0 0 0 0 0 0 0 0 0
2913 0 0 0 0 0 0 0 0 0 0 0 0 0 0 0 1 0 1
2928 0 1 1 1 1 1 1 1 1 0 0 0 0 0 0 0 0 0
2947 0 0 0 0 0 0 0 0 0 0 0 0 0 0 0 0 0 0
2966 0 0 1 0 0 0 0 0 0 0 0 0 0 0 0 0 0 0
2967 0 0 0 0 0 0 0 0 0 0 0 0 0 0 0 0 0 0
2968 0 0 0 0 0 0 0 0 0 0 0 0 0 0 0 0 0 0
2977 1 1 1 1 1 1 1 1 1 0 0 0 0 0 0 1 0 0
2980 1 1 1 0 1 1 1 1 1 0 0 1 0 0 0 0 0 0
2988 0 0 0 0 0 0 0 0 0 0 0 0 1 0 0 0 0 0
2994 0 0 0 0 0 0 0 0 0 0 0 0 0 0 0 0 0 0
2995 1 0 0 0 0 1 0 1 0 0 0 0 1 0 0 0 0 0
3006 0 0 0 0 0 0 1 1 0 1 1 1 1 1 1 1 1 1
3007 1 0 0 0 0 0 0 0 0 0 0 0 0 0 0 0 0 0
3010 1 1 1 1 1 1 1 1 1 0 0 0 0 0 0 0 1 0
3014 1 1 1 1 1 1 1 1 1 0 0 0 0 0 0 0 0 0
3033 0 0 0 0 0 0 0 0 0 0 0 0 0 0 0 0 0 0
3037 0 0 0 0 0 0 0 0 0 1 0 0 0 0 0 0 0 0
3039 0 0 0 0 0 0 1 0 0 0 0 0 1 0 0 0 0 0
3044 0 0 0 0 0 0 0 0 0 0 0 0 0 0 0 0 0 0
3047 1 1 1 1 1 1 1 1 1 0 0 0 0 1 0 0 0 0
3048 0 0 0 0 0 1 0 0 0 0 0 0 0 0 0 0 0 0
3064 0 0 0 0 0 0 1 1 0 0 0 0 0 0 0 0 0 0
3077 0 0 0 0 0 0 0 0 1 0 0 0 0 0 0 1 0 0
3080 0 0 0 1 0 0 0 0 0 0 0 0 0 0 0 0 0 0
3081 1 1 1 1 1 1 1 1 1 0 0 0 0 0 0 0 0 0
3083 1 0 0 0 0 0 0 0 0 1 1 1 1 1 1 1 1 1
3095 0 0 0 0 0 0 0 0 0 0 0 0 0 0 0 0 0 0
3096 0 0 0 0 0 0 0 0 0 0 0 0 0 0 0 1 0 0
3103 0 1 0 0 0 0 0 0 0 0 0 0 0 0 0 0 0 0
3104 1 1 1 1 1 1 1 1 1 0 0 0 0 0 0 0 1 0
3107 0 0 0 0 0 0 0 0 0 0 0 0 0 0 0 0 0 0
3108 1 1 1 1 1 1 1 0 1 0 0 0 0 0 0 0 0 0
3111 0 0 0 0 0 0 0 0 0 0 0 0 0 0 0 0 0 0
3124 0 0 0 0 0 0 0 0 0 0 0 0 0 0 0 0 0 0
3130 0 0 0 0 0 0 0 0 1 0 0 0 0 0 0 0 0 1
3131 0 0 0 0 0 0 0 0 0 0 0 0 0 1 0 0 0 0
3133 1 1 0 1 1 1 1 1 0 0 0 0 0 0 0 0 0 0
3143 0 0 0 0 0 0 0 0 0 0 0 0 0 0 0 0 0 0
3161 1 1 0 1 1 1 1 1 1 0 0 0 0 0 0 0 0 0
3162 0 1 0 0 0 0 0 0 0 0 0 0 0 0 0 0 0 0
3165 1 1 1 1 1 1 1 1 1 0 0 0 0 0 0 0 0 0
3171 1 1 1 1 0 1 1 1 1 0 0 0 0 0 0 0 0 0
3172 1 1 0 1 1 1 1 1 1 0 0 0 0 0 0 0 0 0
3180 0 0 0 0 0 0 0 0 0 0 0 0 0 0 0 0 0 0
3181 0 0 0 0 0 0 0 0 0 0 0 0 0 0 0 0 0 0
3184 0 0 0 0 0 0 0 0 0 0 0 0 0 0 0 0 0 0
3185 1 1 0 1 1 1 1 1 1 0 0 0 0 0 0 0 0 0
3198 1 1 1 1 1 1 1 1 1 0 0 0 0 0 0 0 0 0
3199 0 0 0 0 0 0 1 0 0 0 0 0 0 0 0 1 0 0
3210 0 0 0 0 0 0 0 0 1 1 1 1 1 1 1 1 1 1
3216 0 0 0 0 0 0 0 0 0 0 0 0 0 0 0 0 0 0
3218 1 1 1 1 1 1 1 0 1 0 0 0 0 0 0 0 0 0
3219 1 1 1 1 1 1 1 1 1 0 0 0 0 0 0 0 0 0
3240 1 1 1 1 1 1 1 1 0 0 0 0 0 0 0 0 0 0
3244 0 1 1 1 1 1 0 1 1 0 0 0 0 0 0 0 0 0
3249 0 0 0 1 1 0 0 0 0 0 0 0 0 0 0 0 0 0
3251 1 1 1 1 1 1 1 1 1 0 0 0 1 0 0 0 0 0
3256 1 1 1 1 1 1 1 1 1 0 0 0 0 0 0 0 0 0
3262 1 1 1 1 1 1 1 1 1 0 0 0 0 0 0 0 0 0
3264 1 1 1 1 1 1 1 1 1 0 0 0 0 0 0 0 0 0
3267 0 0 0 0 0 0 0 0 0 0 0 0 0 0 0 0 0 0
3273 0 0 0 0 0 0 0 0 0 0 0 0 1 0 0 0 0 0
3275 0 0 0 0 0 0 0 0 0 0 0 0 0 0 0 0 0 0
3280 0 0 0 0 0 0 0 0 0 0 0 0 0 0 0 0 0 0
3286 1 1 0 1 1 1 1 1 1 0 0 0 0 0 0 0 0 0
3289 1 1 1 1 1 1 1 1 1 0 0 1 0 0 0 0 0 0
3294 1 1 1 1 1 1 1 1 1 0 0 0 0 0 0 0 0 0
3295 0 0 0 0 0 0 0 0 0 0 0 0 0 0 0 0 0 0
3298 0 0 0 0 0 0 0 0 0 0 0 0 0 0 0 0 0 0
3304 0 0 0 0 0 1 0 0 0 0 0 0 0 0 0 0 0 0
3314 0 0 0 0 0 0 0 0 0 0 0 0 0 0 0 0 0 0
3322 0 0 0 0 0 0 0 0 0 0 0 0 0 0 0 0 1 0
3327 1 1 1 1 1 1 1 1 1 0 0 1 0 0 0 1 0 0
3330 1 1 1 1 1 1 1 1 1 0 0 0 0 0 0 0 0 0
3333 1 1 1 1 1 1 1 1 1 0 0 0 0 1 0 0 0 0
3334 1 1 1 1 1 1 0 1 1 0 1 0 0 0 0 0 0 0
3337 1 0 1 1 1 1 0 1 1 0 0 0 0 0 0 0 0 0
3338 1 1 1 1 1 1 1 1 1 0 0 0 0 0 0 0 0 0
3341 0 0 0 0 0 0 0 0 0 0 0 0 0 0 0 1 0 0
3342 0 0 0 0 0 0 0 0 0 0 0 0 0 1 0 0 0 0
3381 0 0 0 0 0 0 0 1 1 0 0 0 0 0 0 0 0 0
3387 1 0 1 1 1 1 1 1 1 0 0 0 0 0 0 0 0 0
3392 0 1 1 1 1 1 1 1 1 0 0 0 0 0 0 0 0 0
3397 1 1 1 1 1 1 1 1 1 0 0 0 0 0 0 0 0 0
3400 0 0 0 0 0 0 0 0 0 0 0 0 0 0 0 0 0 0
3408 1 1 1 1 1 1 1 1 0 0 0 0 0 0 0 0 0 0
3418 0 0 0 0 0 1 0 0 0 0 0 0 0 0 0 0 0 0
3432 0 0 0 0 0 0 0 0 0 0 0 0 0 0 0 0 0 0
3439 0 0 0 0 0 0 0 0 0 0 0 0 0 0 0 0 0 0
3446 0 0 0 0 0 0 0 1 0 0 0 0 0 0 0 0 0 0
3450 0 0 0 0 0 0 0 0 0 1 1 0 0 0 0 0 0 0
3461 1 1 0 1 1 1 1 1 1 0 0 0 0 0 0 0 0 0
3463 0 0 0 0 0 0 1 0 0 1 0 0 1 0 1 0 0 0
3468 0 1 0 1 0 0 0 0 1 0 0 0 0 0 0 0 0 0
3471 1 1 1 1 1 1 1 1 1 0 0 0 0 0 0 0 0 0
3474 0 0 0 0 0 0 0 0 0 0 0 0 0 0 0 0 0 0
3486 0 0 0 0 0 0 0 0 0 0 0 0 0 0 0 0 0 0
3496 0 0 0 0 0 0 0 0 0 0 0 0 0 0 0 0 1 0
3498 1 1 1 1 1 1 1 1 1 0 0 0 0 0 0 0 0 0
3499 1 1 1 1 1 1 1 1 1 0 0 0 0 0 0 0 0 0
3504 1 1 1 1 1 1 1 1 1 0 0 0 0 0 0 0 0 0
3510 1 1 1 1 1 1 1 1 1 0 0 0 1 0 0 1 0 0
3530 0 0 0 0 0 0 0 0 0 0 0 0 0 0 0 0 0 0
3536 0 0 0 0 0 0 0 0 0 0 1 0 0 0 0 0 0 0
3538 0 0 0 0 0 0 0 0 0 0 0 0 0 0 0 0 0 0
3544 1 1 1 1 1 1 0 0 1 0 0 0 1 0 0 0 0 0
3547 1 1 1 1 1 1 1 1 1 0 0 0 0 0 0 0 0 0
3552 0 0 0 0 0 1 0 0 0 0 0 0 0 0 0 0 0 0
3555 0 0 0 0 0 0 0 0 0 0 0 0 0 0 0 0 0 0
3566 1 1 1 1 1 1 1 1 1 0 0 0 1 0 0 0 1 0
3568 1 1 1 1 1 1 1 1 1 0 0 0 0 0 0 0 0 0
3573 1 0 0 0 0 0 0 0 0 0 0 0 0 0 0 0 0 1
3580 1 1 1 1 1 1 1 1 1 0 0 0 0 0 0 1 0 1
3587 0 0 0 0 0 0 0 0 0 0 0 0 0 0 0 0 0 0
3597 1 0 1 1 1 1 1 1 1 0 0 0 0 0 0 0 0 0
3609 0 0 0 0 0 0 0 0 0 0 0 0 0 0 0 0 0 0
3613 1 0 1 1 1 1 1 1 1 0 0 0 0 0 0 0 0 0
3614 1 1 1 1 1 1 1 1 1 0 0 0 1 0 0 0 0 0
3617 0 0 1 0 0 0 0 0 0 0 0 0 0 0 0 0 0 0
3619 1 1 0 0 0 0 0 0 0 0 0 0 0 0 0 0 0 0
3626 0 0 0 0 0 0 0 0 0 0 0 0 0 0 0 0 0 0
3627 0 0 0 0 0 0 0 0 0 0 0 0 0 0 0 0 0 0
3632 0 0 0 0 0 0 0 0 0 1 1 1 1 1 1 1 1 1
3637 0 0 0 0 0 0 0 0 0 0 0 0 0 0 0 0 0 0
3644 0 1 1 1 1 1 1 1 0 0 0 0 1 0 0 0 0 0
3649 0 0 0 0 0 0 0 0 1 0 0 0 0 0 0 1 0 1
3652 0 0 0 0 0 0 0 0 0 0 0 0 0 0 0 0 0 0
3653 0 0 0 0 0 0 0 0 0 0 0 0 1 0 0 0 0 0
3659 1 1 1 1 1 1 1 1 1 0 1 0 0 0 0 0 0 0
3667 0 0 0 0 0 0 0 0 0 0 0 0 0 0 0 0 0 0
3669 1 1 1 1 1 1 1 1 1 0 0 0 0 0 0 0 0 0
3670 0 0 0 0 0 0 0 1 0 0 1 0 0 0 0 0 1 0
3681 1 1 1 1 1 1 1 1 1 0 0 0 0 0 1 0 0 0
3691 1 0 0 0 0 0 0 0 0 0 0 0 0 0 0 0 0 1
3700 0 0 0 0 0 1 0 0 0 0 0 0 0 0 0 0 0 0
3701 1 1 1 1 1 1 1 1 1 0 0 0 0 0 0 0 0 0
3705 0 0 0 0 0 0 0 0 0 0 0 0 0 0 0 0 0 0
3730 1 0 0 0 0 0 0 0 0 0 0 0 0 0 0 1 0 0
3744 0 0 0 0 0 0 0 0 0 0 0 0 0 0 0 0 0 0
3751 0 0 0 0 0 0 0 0 0 0 0 0 0 0 0 0 0 0
3756 1 1 1 1 1 1 1 1 1 0 0 0 0 0 0 0 1 0
3767 0 0 0 0 0 0 0 0 0 0 0 0 0 0 0 0 0 0
3781 0 0 0 0 0 0 0 0 0 0 0 0 0 0 0 1 0 0
3789 0 0 0 0 0 0 0 0 1 0 0 0 0 0 0 0 1 0
3809 0 0 0 0 0 0 0 0 1 1 1 1 1 1 1 1 1 1
3812 1 1 1 1 1 1 1 1 1 0 0 0 0 0 1 0 0 0
3816 0 0 0 0 0 0 0 0 0 0 0 0 0 0 0 0 0 0
3845 0 0 0 0 0 0 0 0 0 1 1 1 1 1 1 1 1 1
3869 0 0 0 0 0 0 0 0 0 0 0 0 0 0 0 0 0 0
3873 0 0 0 0 1 0 0 0 0 0 0 0 0 0 0 0 0 0
3876 0 0 0 0 1 0 0 0 0 0 0 0 0 0 0 1 0 0
3878 1 1 1 1 0 1 1 1 1 0 0 0 1 0 0 1 0 0
3882 1 1 1 1 1 1 1 1 1 0 0 0 0 0 0 0 0 0
3890 0 0 0 0 0 0 0 0 0 0 0 0 0 0 0 0 0 0
3900 0 0 0 0 1 0 0 0 1 0 0 0 0 0 0 0 0 0
3909 0 0 0 0 0 0 0 0 0 0 0 0 0 0 0 0 0 0
3912 0 0 0 0 0 0 0 0 0 0 0 0 0 0 0 0 0 0
3914 1 0 1 1 1 1 1 1 0 0 0 0 0 0 0 0 0 0
3919 1 1 1 1 1 1 0 1 1 1 0 0 0 0 0 1 0 0
3921 0 0 0 0 0 0 0 0 0 0 0 0 0 0 0 0 0 0
3928 0 0 0 0 0 0 0 0 1 0 0 0 0 0 0 0 1 0
3951 0 0 0 0 0 0 0 0 0 0 0 0 0 0 0 0 0 0
3955 0 0 0 0 0 0 0 0 0 0 0 0 0 0 0 0 0 0
3956 0 0 0 0 0 0 0 0 0 0 0 0 0 0 0 0 0 0
3958 0 0 0 0 0 0 0 0 0 0 0 0 0 0 0 0 0 0
3961 1 1 1 1 1 1 1 1 1 0 0 0 0 0 0 0 0 0
3968 1 1 1 1 1 1 1 0 1 0 0 0 0 0 0 0 0 0
3977 0 0 0 0 0 0 0 0 0 0 0 0 0 0 0 0 0 0
3984 0 0 0 1 0 0 0 0 0 0 0 0 0 0 0 0 0 0
3996 1 1 1 1 1 1 1 1 1 0 1 0 0 0 0 0 0 0
4000 0 0 0 0 0 0 0 0 0 0 1 0 0 0 0 0 1 0
4005 0 0 1 0 0 0 1 0 0 0 0 0 0 0 0 0 0 0
4007 0 0 0 0 0 0 0 0 0 0 0 0 0 0 0 0 1 0
4033 0 1 0 0 0 0 0 0 0 0 0 0 0 0 0 0 0 0
4034 0 0 0 0 0 0 0 0 0 0 0 0 0 0 0 1 0 0
4036 0 0 0 0 0 0 1 0 0 0 0 0 0 0 0 0 0 0
4039 1 1 1 1 1 1 1 1 1 0 0 0 0 0 0 0 0 0
4051 0 0 0 0 0 0 0 0 1 0 0 0 0 0 1 0 0 0
4056 1 1 1 1 1 1 1 1 1 0 0 0 0 0 0 0 0 0
4059 0 0 0 0 0 0 0 0 0 0 0 0 0 0 0 0 0 0
4069 1 1 1 1 1 1 1 1 1 0 0 0 0 0 0 0 0 0
4074 0 0 0 0 0 0 0 0 0 0 1 0 0 0 1 0 0 0
4079 1 1 1 1 1 1 1 1 1 0 0 1 0 0 0 0 0 1
4082 0 1 0 0 0 0 0 0 0 0 0 0 0 0 0 0 0 0
4086 1 1 1 1 1 1 1 1 1 0 0 0 1 0 0 0 0 0
4092 1 1 1 1 1 1 1 1 1 0 0 0 1 0 0 0 0 0
4106 0 0 0 0 0 0 0 0 0 0 0 0 0 0 0 0 0 0
4108 1 1 1 1 1 1 1 1 1 0 0 0 0 0 0 0 0 0
4115 1 1 1 1 1 1 1 1 1 0 0 0 0 0 0 0 0 0
4122 0 0 0 1 0 0 0 0 0 0 0 0 0 0 0 0 0 1
4125 0 0 0 0 0 0 0 0 0 0 1 0 0 0 0 0 0 0
4132 1 1 1 1 1 1 1 1 1 0 0 0 0 0 0 0 0 0
4135 0 0 0 0 0 0 0 0 0 0 0 0 0 1 0 0 0 0
4136 0 0 0 0 0 0 0 0 0 0 0 0 0 0 0 0 0 0
4142 0 0 0 0 0 0 0 0 1 0 0 0 0 0 0 0 0 0
4144 1 1 1 1 1 1 1 1 1 0 1 0 0 0 0 0 0 1
4146 0 0 0 0 0 0 1 0 0 1 1 1 1 1 1 1 1 1
4157 0 0 0 0 0 0 0 0 0 0 0 0 0 0 0 0 0 0
4163 0 0 0 0 0 0 0 0 1 0 0 0 0 0 0 0 0 1
4165 0 0 0 0 0 0 0 0 0 0 0 0 0 0 0 0 0 0
4179 1 1 1 1 1 1 0 1 1 0 0 0 0 0 0 0 0 0
4189 0 0 0 0 0 0 0 0 0 0 0 0 0 0 0 0 0 0
4211 0 0 0 0 0 0 1 1 0 0 0 0 0 0 0 0 0 0
4212 0 0 0 0 0 0 1 0 0 1 0 0 0 0 0 0 0 0
4214 0 0 0 0 0 0 0 0 0 0 1 0 0 0 0 0 1 0
4225 0 0 0 0 0 0 0 0 0 0 0 0 0 0 0 0 0 0
4235 0 0 0 0 0 0 0 0 0 0 0 0 0 0 0 0 0 0
4236 0 1 0 0 0 0 0 0 0 0 0 0 0 0 0 0 0 0
4239 0 0 0 0 0 0 0 1 0 0 0 0 0 0 0 0 0 0
4246 0 0 0 0 0 0 0 0 0 0 0 1 0 0 0 0 0 0
4248 0 0 0 0 0 0 0 0 0 0 0 0 0 0 0 0 0 0
4256 0 0 0 0 1 0 0 0 0 0 0 0 0 0 0 1 0 0
4267 1 1 1 1 1 1 1 1 1 0 0 0 0 0 0 0 0 0
4281 1 1 1 1 1 1 1 1 1 0 0 0 0 0 0 0 0 0
4287 0 1 0 0 0 0 0 0 0 0 0 0 0 0 0 0 0 0
4290 1 1 1 1 1 1 1 1 1 0 0 0 0 0 0 0 0 0
4298 0 0 0 0 0 0 0 0 0 0 1 0 0 0 0 0 0 0
4304 0 0 0 0 0 0 0 0 0 0 0 0 0 0 0 0 0 0
4306 1 1 1 1 0 1 1 1 1 0 0 0 0 0 0 0 0 0
4310 0 0 0 0 0 0 0 0 0 0 0 0 0 0 0 0 0 0
4319 0 0 0 0 0 0 0 0 0 0 0 0 0 0 0 1 0 0
4321 0 0 0 0 0 0 0 0 0 0 0 0 0 0 0 0 0 0
4324 0 0 0 0 0 0 0 0 0 0 0 0 0 0 0 0 0 0
4325 0 1 1 1 1 1 1 1 1 0 0 0 1 0 0 0 0 0
4335 1 1 1 1 0 1 0 1 0 0 0 0 0 0 0 0 0 0
4337 0 0 0 0 0 0 0 0 0 0 0 0 0 0 0 0 0 0
4338 0 0 1 1 0 0 0 0 0 0 0 0 0 0 1 0 0 0
4341 0 0 0 0 0 0 0 0 0 1 1 1 1 1 1 1 1 1
4350 0 0 0 0 0 0 0 0 0 0 0 0 0 0 0 0 0 0
4353 1 1 1 1 1 1 1 1 1 0 0 0 0 0 0 0 0 0
4356 0 0 0 0 0 0 0 0 0 1 1 1 1 1 1 1 1 1
4365 1 1 1 1 1 1 1 1 1 0 0 0 0 0 0 0 0 0
4373 1 1 1 1 1 1 1 1 1 0 0 0 0 0 0 0 0 0
4377 1 1 1 1 1 1 1 1 1 0 0 0 0 0 0 0 0 0
4385 1 1 0 0 0 0 0 1 0 0 0 0 0 0 0 0 0 0
4392 1 0 0 0 0 0 0 0 0 0 0 0 0 0 0 0 0 0
4393 0 0 0 0 0 0 0 0 0 0 0 0 0 0 0 0 0 0
4398 0 0 0 0 0 0 0 0 0 0 0 0 0 0 0 0 0 0
4411 0 0 0 0 0 0 0 0 0 0 0 0 1 0 0 0 0 0
4416 1 1 1 1 1 1 1 1 1 1 0 0 0 0 0 0 0 0
4420 1 1 1 1 1 0 1 1 0 0 0 0 0 0 0 0 1 0
4422 0 0 0 0 0 0 0 0 0 0 0 0 0 1 0 0 0 0
4433 0 1 0 0 0 0 0 0 0 0 0 0 0 0 0 0 0 0
4450 0 0 0 0 0 0 0 0 0 0 0 0 1 0 0 0 0 0
4451 0 0 0 0 0 0 0 0 0 1 1 1 1 1 1 1 1 1
4452 0 0 0 0 0 0 0 0 0 0 0 0 0 0 0 0 1 0
4455 0 0 0 1 0 0 0 0 0 0 0 1 0 0 0 0 0 0
4461 1 1 1 1 0 1 1 1 1 0 0 0 0 0 0 0 0 0
4469 1 1 1 1 1 1 1 1 1 0 0 0 0 0 0 0 0 0
4474 0 0 0 0 0 0 0 0 0 1 0 0 0 0 0 0 0 0
4475 0 0 0 0 0 0 0 0 0 0 0 0 0 0 0 0 0 0
4479 1 0 1 1 1 1 1 1 1 0 0 0 0 0 0 0 0 0
4483 1 1 1 1 1 1 1 1 1 0 0 0 0 0 0 0 0 0
4501 0 0 0 0 0 0 0 0 0 0 0 0 0 0 0 0 0 0
4502 0 0 0 0 0 0 0 0 0 0 0 0 0 0 0 0 0 0
4507 1 1 1 1 1 1 1 0 1 0 0 0 1 0 0 0 0 0
4520 1 1 1 1 1 1 1 1 1 0 0 0 0 0 0 0 0 0
4527 0 0 0 0 0 0 0 0 0 0 0 0 0 0 0 0 0 0
4536 0 0 0 0 0 0 0 0 0 0 0 0 0 0 0 0 0 0
4543 0 1 0 0 0 0 0 0 0 0 0 0 0 0 0 0 0 0
4553 0 0 0 0 0 0 0 0 0 1 1 1 1 1 1 1 1 1
4555 0 0 0 0 0 0 0 0 0 0 0 0 0 0 0 0 0 0
4556 1 1 1 1 1 1 1 1 1 0 0 0 0 0 0 0 0 0
4560 0 0 0 0 0 0 0 0 0 0 0 0 0 0 0 0 0 0
4563 1 1 1 1 1 1 1 1 1 0 0 0 0 0 0 0 0 0
4567 0 0 0 0 0 0 0 0 0 0 1 0 0 0 0 1 0 1
4574 1 1 1 1 1 1 1 1 1 0 0 0 0 0 0 0 0 0
4575 0 0 0 0 0 0 0 0 0 0 0 0 0 0 1 0 0 0
4578 1 1 1 1 1 1 1 1 1 0 0 0 0 0 0 0 1 0
4590 0 1 0 0 0 0 0 0 0 0 0 1 0 0 0 0 0 0
4593 0 1 0 0 0 0 1 0 0 0 0 0 0 0 0 0 0 0
4607 0 0 0 0 0 0 0 0 0 0 0 0 0 0 0 0 0 0
4610 0 0 0 0 0 0 0 0 0 1 0 0 0 0 0 0 0 0
4621 0 0 0 0 0 0 0 0 0 0 0 1 0 0 0 0 0 0
4638 0 1 1 1 1 1 1 1 1 0 0 0 0 0 0 0 0 0
4647 0 1 0 0 0 0 0 0 0 0 0 0 0 0 0 0 0 0
4648 1 1 1 1 1 1 1 1 1 0 0 0 0 0 0 0 0 0
4669 1 1 1 1 1 1 1 1 1 0 0 0 0 0 0 0 0 0
4671 0 0 0 0 0 0 0 0 0 0 0 0 0 0 1 0 0 0
4680 0 0 0 0 0 0 0 0 0 0 0 0 0 0 0 0 1 0
4681 1 0 1 1 1 1 1 1 1 0 1 0 0 0 1 0 0 0
4682 0 0 0 0 0 0 0 0 0 0 0 0 0 0 0 0 0 0
4690 1 1 1 1 1 1 1 1 1 0 0 0 0 0 0 0 0 0
4712 1 1 1 1 1 1 0 1 1 0 0 0 0 0 0 0 0 0
4726 0 0 0 0 0 0 0 0 0 0 0 0 0 0 0 0 0 0
4738 0 0 0 0 0 0 0 0 0 0 0 0 0 1 0 0 0 0
4741 0 0 0 0 0 0 0 0 0 0 0 0 0 0 0 0 0 0
4746 0 0 0 0 0 0 0 0 0 0 0 0 0 0 0 0 0 0
4754 1 1 1 1 1 1 1 1 1 0 0 0 0 0 0 0 0 0
4757 1 1 1 0 1 1 1 1 1 0 0 0 0 0 0 0 0 0
4759 1 1 1 1 1 1 1 1 1 0 0 0 0 0 0 0 0 0
4767 0 0 0 0 0 0 0 0 0 0 0 0 0 0 0 0 0 0
4772 1 1 1 1 1 1 1 1 1 0 1 0 0 0 0 0 0 0
4779 0 0 0 0 0 0 0 0 0 0 0 0 0 0 0 0 0 0
4785 0 0 0 0 0 0 0 0 0 1 0 1 0 0 0 0 0 0
4792 1 1 1 1 1 1 1 1 1 0 1 0 0 0 0 0 0 0
4795 0 0 0 0 0 0 0 0 0 0 1 0 0 0 0 0 0 0
4804 0 0 0 0 0 0 0 0 1 0 0 0 0 0 0 0 0 0
4809 1 1 1 1 1 1 1 1 0 0 0 0 0 0 0 0 0 0
4823 0 0 0 0 0 1 0 0 1 0 0 0 0 1 0 1 0 0
4831 0 0 0 0 0 0 0 0 0 0 0 0 0 0 0 0 0 0
4842 0 0 0 1 0 0 0 0 0 1 1 1 1 1 1 1 1 1
4843 1 1 1 1 1 1 1 1 1 0 0 0 0 0 0 0 0 0
4846 0 0 0 0 0 0 0 0 0 0 0 0 0 0 0 1 0 0
4851 1 1 1 1 1 1 1 1 0 0 1 0 0 0 0 0 0 0
4854 1 1 1 1 1 1 1 0 1 0 0 0 0 0 0 0 1 0
4871 0 1 0 0 1 0 0 0 0 0 0 0 0 0 0 0 0 0
4873 0 0 0 0 0 0 0 0 0 0 0 0 0 0 0 0 0 0
4881 0 0 0 0 0 0 0 0 0 0 0 0 0 0 0 0 0 0
4883 1 1 1 1 1 1 1 1 1 0 0 0 0 0 0 0 0 0
4885 0 0 0 0 0 0 0 0 0 0 1 0 0 0 0 0 0 0
4894 1 1 1 1 1 1 1 1 1 0 0 0 0 1 0 0 0 0
4900 1 1 1 1 1 1 1 1 1 0 0 0 0 0 1 0 0 0
4902 0 0 0 0 0 0 0 0 0 0 0 1 1 0 0 0 0 0
4903 0 0 0 0 0 0 0 0 0 0 0 0 0 0 0 0 0 0
4906 0 0 0 0 0 0 0 0 0 0 0 0 0 0 0 0 0 0
4908 1 1 1 1 1 1 1 0 1 0 1 0 0 0 0 0 0 0
4910 1 1 1 1 0 1 1 1 1 0 0 0 0 0 0 0 0 0
4916 0 0 0 0 0 0 0 0 0 0 0 0 0 0 0 0 0 0
4919 1 1 1 1 1 1 0 0 1 0 0 0 0 0 0 0 0 0
4920 1 0 0 0 0 0 0 0 0 0 0 0 0 0 0 0 0 0
4929 0 0 0 0 1 0 0 0 0 0 0 0 0 0 0 0 1 0
4940 0 0 0 0 0 0 0 0 0 0 0 0 0 0 0 0 0 0
4941 0 0 0 0 0 0 0 0 0 0 0 0 0 0 0 1 0 1
4949 0 0 0 0 0 0 0 0 0 0 0 0 0 0 0 0 0 0
4956 1 1 1 1 1 1 1 1 1 0 0 0 0 0 0 0 0 0
4970 0 0 0 0 0 0 0 0 0 0 0 0 0 0 0 1 0 0
4977 1 1 1 1 1 1 1 1 1 0 0 0 0 0 0 0 0 0
4979 1 1 1 1 1 1 1 1 1 0 0 0 0 0 0 0 0 0
4980 1 1 1 1 0 1 1 1 1 0 0 0 0 0 0 0 0 0
4983 0 0 1 0 0 0 0 0 0 0 0 0 0 0 0 0 0 0
4995 1 0 0 0 0 0 0 0 0 0 1 0 0 0 0 0 0 0
5005 0 0 1 0 0 0 0 0 0 0 0 0 0 0 0 0 0 0
5007 0 0 0 0 0 0 0 0 0 0 1 0 0 0 0 0 0 0
5008 0 0 0 0 0 0 0 0 0 0 0 0 1 0 0 0 0 0
5012 0 0 0 0 0 1 0 0 0 0 0 0 0 0 0 0 0 0
5018 0 0 0 0 0 0 0 0 0 0 0 0 0 0 0 0 0 0
5020 0 0 0 0 1 0 0 0 0 0 0 0 0 0 0 0 0 0
5031 0 0 0 0 1 0 0 0 0 0 0 0 0 0 0 0 0 0
5032 0 0 0 0 0 0 1 0 0 0 1 0 0 1 0 0 0 1
5033 1 1 1 1 1 1 1 1 1 0 0 0 0 0 0 0 0 0
5040 1 1 1 1 1 1 1 1 1 0 0 0 0 0 0 0 0 0
5056 0 0 0 0 0 0 0 0 0 0 0 0 0 0 0 0 0 0
5060 0 0 0 0 0 0 0 0 0 0 0 0 0 0 0 0 0 0
5063 1 0 1 1 1 1 1 1 1 1 0 0 0 0 0 0 0 0
5071 1 1 1 1 1 1 1 1 1 0 0 0 0 0 1 0 0 0
5077 1 1 1 1 1 1 1 1 1 0 0 0 0 0 0 0 0 0
5079 1 1 1 1 1 1 1 1 1 0 0 0 0 0 0 0 0 0
5090 1 1 1 1 1 1 1 1 1 0 0 0 0 0 0 0 0 0
5110 0 0 1 1 0 0 0 0 0 0 0 0 0 0 0 0 0 0
5111 1 1 1 1 1 1 1 1 1 1 0 0 0 0 0 0 0 0
5113 0 0 0 0 0 0 0 0 0 0 0 0 0 0 0 0 0 0
5114 1 1 1 1 1 1 1 1 1 1 0 0 0 0 0 0 0 0
5120 1 1 1 1 1 1 1 1 1 0 0 0 0 0 0 0 0 0
5124 1 1 1 1 1 1 1 1 1 0 0 0 0 0 0 0 0 0
5127 0 0 0 0 0 0 0 0 0 0 0 0 0 0 0 0 0 0
5133 0 1 1 1 1 1 1 1 1 0 0 0 0 0 0 1 0 0
5137 0 0 0 0 0 0 0 0 0 0 0 0 0 0 0 0 0 0
5169 0 0 0 0 0 0 0 0 0 0 0 0 0 0 0 0 1 0
5176 1 1 1 1 1 1 1 1 0 0 0 0 0 0 0 0 0 0
5187 0 1 1 1 1 1 1 1 1 0 0 0 0 0 0 0 0 0
5199 0 0 0 0 0 0 0 0 0 0 0 1 0 0 0 0 0 0
5203 1 0 0 0 0 0 0 0 0 0 0 0 0 0 0 0 0 0
5216 0 0 0 0 0 0 0 0 0 0 0 1 0 0 0 0 0 0
5222 1 1 1 1 1 1 1 1 1 0 0 0 0 1 0 0 0 0
5226 0 0 0 0 0 0 0 0 0 0 0 0 0 0 0 0 0 0
5234 1 0 0 0 0 0 0 0 0 0 0 0 0 1 1 0 0 0
5245 0 0 0 0 0 0 0 0 0 0 0 0 0 0 0 0 0 0
5254 0 0 0 0 0 0 0 0 0 0 0 0 0 1 0 0 0 0
5258 0 0 0 0 0 0 0 0 0 0 0 0 0 0 0 0 0 0
5266 0 0 0 0 1 0 0 0 0 0 0 0 0 0 0 0 0 0
5269 1 1 1 1 1 1 1 1 1 0 0 0 0 0 0 0 0 0
5270 0 0 0 0 0 0 0 0 0 0 1 0 0 0 0 0 0 0
5271 1 1 1 1 1 1 1 1 1 0 0 0 0 0 0 0 0 0
5274 0 0 0 0 0 1 0 0 0 0 0 0 0 0 0 0 0 0
5279 1 1 1 1 1 1 1 1 1 0 0 0 0 0 0 0 0 0
5281 0 0 0 0 0 0 0 0 0 0 0 0 0 0 0 0 0 0
5285 0 0 0 0 0 0 0 0 0 0 0 0 0 0 0 0 0 0
5293 0 0 0 0 0 0 0 0 0 0 0 0 0 1 0 0 0 0
5294 0 0 0 0 0 0 0 1 0 1 0 0 0 0 0 1 0 0
5319 0 0 0 0 0 0 0 0 0 0 0 0 0 0 0 0 0 0
5332 1 1 1 1 1 1 1 1 1 0 0 0 0 1 0 0 0 0
5339 0 0 0 0 0 0 0 0 0 0 0 0 0 0 0 0 0 0
5363 1 1 1 1 1 1 1 1 1 0 0 0 0 0 0 0 1 0
5370 1 1 1 1 1 1 1 1 1 0 1 0 0 0 0 0 0 0
5388 1 1 1 1 1 1 1 1 1 0 0 1 0 0 0 1 0 0
5392 1 1 1 1 1 1 1 1 1 0 0 0 0 0 0 0 1 0
5402 1 1 1 1 1 1 0 1 1 0 0 0 0 0 0 0 0 0
5403 0 1 1 1 1 1 1 1 1 0 0 0 0 0 0 1 0 0
5410 0 0 0 0 0 0 0 0 0 0 0 0 0 0 0 0 0 0
5412 1 1 1 1 0 1 1 1 1 0 0 0 0 0 0 0 1 0
5416 1 1 1 1 1 1 1 1 1 0 0 0 0 0 0 0 0 0
5418 1 1 1 1 1 1 1 1 1 0 0 0 0 0 0 0 0 0
5425 0 0 0 0 0 0 0 0 0 0 0 0 0 0 0 0 0 0
5426 0 0 0 0 0 0 0 0 0 0 0 0 0 0 0 0 0 0
5447 1 0 0 0 0 0 0 0 0 0 0 0 0 0 0 0 0 1
5450 1 1 1 1 1 0 1 1 1 0 0 1 0 0 0 0 1 0
5454 0 0 0 0 0 0 1 0 0 0 0 0 0 0 0 0 1 0
5461 0 0 0 0 0 0 1 0 0 0 0 0 0 0 0 0 0 0
5469 0 0 0 0 0 0 0 0 0 0 0 0 0 0 0 0 0 0
5489 0 1 1 1 0 0 0 0 0 0 0 0 1 1 0 0 0 1
5509 1 1 1 1 1 1 1 1 1 0 0 0 0 0 0 0 0 0
5516 1 1 1 1 1 1 1 1 0 0 0 0 0 0 0 0 0 0
5530 1 1 1 1 1 1 1 1 1 0 0 0 1 0 1 0 0 0
5534 0 0 0 0 0 0 0 0 0 0 0 0 0 0 0 0 0 0
5536 1 1 1 1 1 1 1 1 1 0 0 0 0 0 0 0 0 0
5543 0 0 0 0 0 0 0 0 0 0 0 1 0 0 0 1 0 0
5548 1 1 1 1 1 0 1 1 1 0 0 0 0 0 0 0 0 0
5556 1 1 1 1 1 0 0 1 1 0 0 0 0 0 0 0 0 0
5557 0 0 0 0 0 0 0 0 0 1 0 0 0 0 0 0 0 0
5559 1 1 1 1 1 1 1 0 1 0 0 0 0 0 0 0 0 0
5564 1 1 1 1 1 1 1 1 1 0 0 0 0 0 0 0 0 0
5568 1 1 1 1 1 1 1 1 1 0 1 0 0 1 0 0 0 0
5579 0 0 0 0 0 0 0 0 0 0 0 0 0 0 0 0 0 0
5582 1 1 1 1 1 1 1 1 1 0 0 0 0 0 0 0 0 0
5610 0 0 1 0 0 0 0 0 0 1 1 1 1 1 1 1 1 1
5625 0 0 0 0 0 0 0 0 0 1 0 0 0 0 0 0 0 0
5632 0 0 0 1 0 0 0 0 0 0 0 0 0 0 0 0 0 0
5635 0 1 0 0 1 0 1 1 0 0 0 0 0 0 1 0 0 0
5660 0 0 0 0 0 0 0 0 0 0 0 0 0 0 0 0 0 0
5663 0 0 0 0 0 0 0 0 0 0 0 0 0 0 0 1 0 0
5674 1 1 1 1 1 1 1 1 1 0 0 1 0 0 0 0 0 0
5687 0 1 0 0 0 0 0 0 0 0 0 0 0 0 0 0 0 0
5694 1 1 1 1 1 1 1 1 1 0 0 0 0 0 0 0 0 0
5703 1 1 1 1 1 1 1 1 1 0 1 0 0 0 0 0 0 0
5704 0 0 0 0 0 0 1 0 0 0 0 0 0 0 0 0 0 0
5715 0 0 0 0 0 0 0 0 0 0 0 0 0 0 1 0 0 0
5720 0 0 0 0 0 0 0 0 0 0 0 0 0 0 0 0 0 0
5722 0 0 0 0 0 0 0 0 0 0 0 0 1 0 0 0 0 1
5728 0 0 0 0 1 0 0 0 0 0 0 0 0 0 0 0 0 0
5734 0 0 0 0 0 0 0 0 0 0 0 0 0 0 0 0 0 0
5737 0 0 0 0 0 0 0 0 0 0 0 0 0 0 0 1 0 0
5769 1 1 1 1 1 1 1 1 1 0 0 0 0 0 0 0 0 0
5770 0 0 0 1 0 0 0 0 0 0 0 0 0 1 0 0 0 0
5791 0 0 0 1 0 0 0 0 0 0 0 0 0 0 0 0 0 0
5793 0 1 0 0 0 0 0 0 0 0 0 0 0 0 0 0 0 0
5799 0 0 0 0 0 0 0 0 0 0 0 0 1 0 0 0 0 0
5802 1 1 1 1 1 1 1 1 1 0 0 0 0 0 0 0 0 0
5804 0 0 0 0 0 0 0 1 0 0 0 0 0 0 0 0 0 0
5816 0 0 0 0 0 0 0 1 0 1 1 1 1 1 1 1 1 1
5817 1 1 1 1 1 1 1 1 1 0 0 0 0 0 0 0 0 0
5822 1 1 1 1 1 1 1 1 1 0 0 0 1 1 0 0 0 0
5823 0 0 0 0 0 0 0 0 0 0 0 0 0 0 0 0 0 0
5831 1 1 1 1 1 1 1 1 0 0 0 0 0 0 0 1 1 0
5834 0 0 0 0 0 0 0 0 0 0 0 0 0 0 0 0 0 0
5838 0 0 0 0 0 1 0 0 0 0 0 0 0 0 0 0 0 0
5841 0 0 0 0 0 0 0 0 0 0 0 0 0 0 0 0 0 0
5850 0 0 0 0 0 0 0 0 0 0 0 0 0 0 0 0 0 0
5854 1 1 1 1 1 1 1 0 1 0 0 0 0 0 0 0 0 0
5866 1 1 1 1 1 1 1 1 1 0 0 0 0 1 0 0 0 0
5890 1 0 0 0 0 0 0 0 0 0 0 0 0 0 0 0 0 0
5904 1 1 1 1 1 1 1 1 0 0 0 0 0 0 0 0 0 0
5915 1 1 1 1 1 1 1 1 1 0 0 0 0 0 0 0 0 0
5918 0 0 0 0 0 0 0 0 0 0 0 0 0 0 0 0 0 0
5919 0 0 0 0 0 0 0 0 0 0 0 0 0 0 0 0 0 0
5933 0 0 0 0 0 0 0 0 0 0 1 0 0 0 0 0 0 0
5944 1 1 1 1 1 1 1 1 1 0 0 0 0 0 0 0 0 0
5953 1 1 1 1 1 1 1 1 1 0 0 0 0 0 0 0 0 0
5954 0 0 0 0 0 0 0 0 0 0 0 0 0 0 0 0 0 0
5969 0 0 0 0 0 0 1 0 0 0 0 1 0 0 0 0 0 0
5980 0 0 0 0 0 0 0 0 0 0 0 0 0 0 0 0 0 0
5984 1 0 0 0 0 0 0 0 0 0 0 0 0 0 0 0 0 0
5990 1 1 1 1 1 1 1 1 1 0 0 0 0 0 0 0 0 0
5991 0 0 0 0 0 0 0 0 0 0 0 0 0 0 0 0 0 0
6022 0 1 0 0 0 0 0 0 0 0 0 0 0 0 0 0 0 0
6023 1 1 1 0 1 1 1 0 1 0 0 1 0 0 0 0 0 0
6026 0 0 0 0 0 0 0 0 0 0 0 0 0 0 1 0 0 0
6031 1 1 1 1 1 0 1 0 0 0 0 0 0 0 0 0 0 0
6036 0 0 0 0 0 0 1 1 0 0 0 0 0 0 0 0 0 0
6037 1 1 1 1 1 1 1 1 1 0 0 0 0 0 1 0 0 0
6041 0 0 0 0 0 0 0 0 0 0 0 0 0 0 0 0 0 0
6046 0 0 0 0 0 0 0 0 1 1 0 0 0 1 0 0 0 0
6064 0 0 0 0 0 0 0 0 0 0 0 0 0 0 0 0 0 0
6077 1 1 1 1 1 1 1 1 1 0 1 0 0 0 0 0 0 0
6082 0 0 0 0 0 0 0 0 1 0 0 0 0 0 0 0 0 0
6095 1 0 0 0 0 0 0 0 0 0 0 0 0 0 0 0 0 0
6100 1 1 1 0 1 1 0 1 1 0 0 0 0 0 0 0 0 0
6101 0 0 0 0 0 0 0 0 0 1 0 0 0 0 0 0 0 0
6102 0 0 1 0 1 0 0 0 0 0 0 0 0 0 0 0 0 0
6105 1 1 1 1 1 1 1 1 1 1 0 0 0 0 0 0 0 0
6108 1 1 1 1 1 1 1 1 1 0 0 0 0 0 0 0 0 0
6121 1 0 0 0 0 0 0 0 0 0 0 0 0 0 0 0 0 0
6130 1 1 1 1 1 1 1 1 1 0 0 1 0 0 0 0 0 0
6136 0 0 1 0 0 0 0 0 0 1 1 0 0 0 0 0 0 0
6139 0 0 0 0 0 0 0 0 0 0 0 0 0 0 0 0 0 0
6140 1 1 1 1 1 0 1 1 1 0 0 0 0 1 0 0 0 0
6141 1 1 1 0 1 1 1 1 1 0 0 0 0 0 0 0 0 0
6146 1 1 1 1 1 1 1 1 1 0 0 0 0 1 0 0 0 0
6168 1 1 1 1 1 1 1 1 1 0 0 0 0 0 0 0 0 0
6169 0 0 0 0 0 0 0 0 0 0 0 0 0 0 0 0 0 0
6172 0 1 0 0 0 0 0 0 1 1 1 1 1 1 1 1 1 1
6174 0 0 0 0 0 0 1 0 0 0 0 0 0 0 0 0 0 0
6181 0 0 0 0 0 0 0 0 0 0 0 0 0 0 0 0 0 0
6182 1 1 1 1 1 1 1 1 1 0 0 0 0 0 0 0 0 0
6186 0 0 0 0 0 1 0 0 0 0 0 0 0 0 0 0 0 0
6193 1 1 1 1 1 1 1 1 1 0 0 0 0 0 0 0 0 0
6197 0 0 0 0 0 0 0 0 0 0 0 0 0 0 0 0 0 0
6205 1 1 1 0 1 1 1 1 1 0 0 0 0 0 0 0 1 0
6212 0 0 0 0 0 0 0 0 0 0 0 0 0 0 0 0 0 0
6214 0 0 0 0 0 0 0 0 0 0 0 1 0 0 0 0 0 0
6216 0 0 0 0 0 0 0 0 0 0 0 0 0 0 0 0 0 1
6219 1 1 1 1 1 1 1 1 1 0 0 0 0 0 0 0 0 0
6223 1 0 1 1 1 0 1 1 1 0 0 0 0 0 0 0 1 0
6232 1 1 1 1 0 1 1 1 1 0 0 0 0 0 0 0 0 0
6234 1 1 1 1 1 1 1 1 1 0 0 0 0 0 0 0 0 0
6236 1 1 1 1 1 1 1 1 1 0 0 0 0 0 0 0 0 0
6243 0 0 0 1 0 0 0 0 0 1 0 0 0 0 0 0 0 0
6244 0 0 0 0 0 0 0 0 0 0 0 0 0 0 0 0 0 0
6250 0 0 0 0 0 0 0 0 0 1 1 1 1 1 1 1 1 1
6253 0 0 0 0 0 0 0 0 0 0 0 0 0 0 1 0 0 0
6259 0 0 0 0 0 0 0 0 0 0 0 1 0 0 0 0 0 0
6267 0 0 0 0 0 0 0 0 0 0 0 0 0 0 0 0 0 0
6272 0 0 0 0 0 0 0 0 0 0 1 0 0 0 0 0 0 0
6285 1 1 1 1 1 0 1 1 1 0 0 0 0 0 0 0 0 0
6291 1 1 1 1 1 1 1 1 1 0 0 0 0 0 0 0 0 0
6293 0 1 0 0 0 0 0 0 0 0 0 0 0 0 0 0 0 0
6294 0 0 0 0 0 0 0 0 0 0 0 0 0 1 0 0 0 0
6296 1 1 1 1 1 1 1 1 1 0 0 0 0 0 0 0 0 0
6301 1 1 1 1 1 1 1 0 1 0 1 0 0 0 0 0 1 0
6310 0 0 0 0 0 0 0 0 0 0 0 0 0 0 0 0 0 0
6326 1 1 1 1 1 0 1 1 1 0 0 0 0 0 0 0 0 0
6337 0 0 0 0 0 0 0 0 0 0 1 0 0 0 0 0 1 0
6342 0 0 0 0 0 0 0 0 0 0 0 0 0 0 0 0 0 0
6343 1 0 1 1 1 1 1 1 1 0 0 0 0 0 0 0 0 0
6351 1 1 1 1 1 1 1 1 1 0 0 0 0 0 1 0 0 0
6353 1 0 0 0 0 0 0 0 0 0 0 0 0 0 0 0 0 0
6355 0 0 0 0 0 0 0 0 0 0 0 0 0 0 1 0 0 0
6359 1 1 1 1 1 1 1 1 1 1 0 0 0 0 0 1 0 0
6361 0 0 1 1 1 1 1 1 1 0 1 0 1 0 0 0 0 0
6366 1 0 0 0 0 0 0 0 0 0 0 0 0 0 0 0 0 0
6369 1 1 1 1 1 0 1 1 1 0 0 0 0 0 0 1 0 0
6371 1 0 0 0 0 0 0 0 0 0 0 0 0 0 0 0 0 0
6373 0 0 0 0 0 0 0 1 0 0 0 0 0 0 0 0 0 0
6385 0 0 0 0 0 0 0 0 0 0 0 0 0 0 0 0 0 0
6387 1 1 1 1 1 1 1 1 1 0 0 0 0 0 0 0 1 0
6388 1 1 1 1 1 1 1 1 1 0 0 0 0 0 1 0 0 0
6390 0 0 0 0 0 0 0 0 0 0 0 0 0 0 0 0 0 0
6391 1 1 1 1 1 1 1 1 1 0 1 0 0 0 0 1 0 0
6403 1 1 0 1 1 1 1 1 1 0 0 0 0 0 0 0 0 0
6408 0 0 0 0 0 0 0 0 0 1 1 1 1 1 1 1 1 1
6417 0 0 0 0 1 0 0 0 0 0 0 0 1 0 0 0 0 0
6427 0 0 0 0 0 0 0 0 0 1 1 1 1 1 1 1 1 1
6432 0 0 0 0 0 0 1 0 0 0 0 0 0 0 0 0 0 0
6441 0 0 0 0 0 0 0 0 1 0 0 0 0 0 0 0 0 0
6460 0 0 0 0 0 0 0 0 0 0 0 1 0 0 0 0 0 0
6463 0 0 0 0 0 0 0 0 0 0 0 0 0 0 0 0 0 0
6468 0 0 0 0 0 0 0 0 0 0 0 0 0 0 0 0 0 0
6470 0 0 0 0 0 0 0 0 0 0 0 0 1 1 0 0 0 0
6477 0 0 0 0 0 1 0 0 0 0 0 0 0 0 0 0 0 0
6488 1 1 1 1 1 1 1 1 1 0 0 0 0 0 0 0 0 0
6490 0 0 0 0 0 0 0 0 0 0 0 0 0 0 0 0 0 0
6495 0 0 0 0 1 0 0 1 0 0 0 0 0 0 0 0 1 0
6502 1 0 0 0 0 0 0 0 0 0 0 0 0 0 0 0 0 0
6503 0 0 0 0 0 0 0 0 1 0 0 0 0 0 0 0 0 0
6506 0 0 1 0 0 0 0 0 0 0 0 0 0 0 0 0 0 1
6512 0 0 0 0 0 0 0 0 1 0 0 0 0 0 0 0 0 0
6515 0 0 0 0 0 0 0 0 0 0 0 0 0 0 0 0 0 0
6519 1 0 0 0 0 0 0 0 0 0 0 0 0 0 1 0 0 0
6520 0 0 0 0 1 0 0 0 0 0 0 0 0 0 0 0 0 0
6522 0 0 0 0 0 0 0 0 0 0 0 0 0 0 0 0 1 0
6523 1 1 1 1 1 1 1 1 1 0 1 0 0 0 0 0 0 0
6528 0 0 1 1 0 0 0 0 0 0 0 0 0 0 0 0 0 0
6537 0 0 0 0 0 0 0 0 0 1 0 0 0 0 0 0 0 0
6538 0 0 0 0 0 0 0 0 0 0 0 0 0 0 0 0 0 0
6552 1 1 1 1 1 1 1 1 1 0 0 0 0 0 0 0 0 0
6553 1 1 1 1 1 1 1 1 1 0 0 0 0 0 0 0 0 0
6556 0 0 0 0 0 0 0 0 0 0 0 0 0 0 1 0 0 0
6563 0 0 0 0 0 0 0 0 0 0 0 0 0 0 0 0 0 0
6583 0 0 1 0 0 0 0 0 0 0 0 0 0 0 0 0 0 0
6585 0 0 0 0 0 0 0 1 0 0 0 0 0 0 0 0 0 0
6592 0 0 0 0 0 0 0 0 0 0 0 0 0 0 0 0 0 0
6607 1 1 1 1 1 1 1 1 1 0 0 0 0 0 0 0 0 1
6610 1 1 1 1 1 1 1 0 1 1 0 0 0 0 0 0 0 0
6617 0 0 0 0 0 0 0 0 0 0 0 0 0 0 0 0 0 0
6621 0 0 0 0 0 0 0 0 0 0 0 0 0 0 0 0 0 0
6634 0 0 0 0 0 0 0 0 0 0 0 0 1 0 0 0 0 0
6639 1 1 1 1 1 1 1 1 1 0 0 0 0 0 0 0 0 0
6642 0 0 1 0 0 0 0 0 0 1 1 1 1 1 1 1 1 1
6644 1 0 1 1 1 1 1 1 1 0 0 0 0 0 0 0 0 1
6649 1 0 1 1 1 1 1 1 1 0 0 0 0 0 0 0 0 0
6651 0 0 0 0 0 0 0 0 0 1 0 0 0 0 0 0 0 0
6654 1 1 0 1 1 1 1 1 0 0 0 0 0 0 0 0 0 0
6673 0 0 0 0 0 0 0 0 0 0 0 0 0 0 0 0 0 0
6675 0 0 0 0 0 0 0 0 0 0 0 0 0 0 0 1 0 0
6681 1 1 1 1 1 0 1 1 1 0 0 0 0 0 1 0 0 0
6683 0 0 0 0 0 0 0 0 0 0 0 0 0 0 0 0 0 0
6684 0 1 0 0 0 1 0 0 0 0 0 0 0 0 0 0 0 0
6689 1 0 1 1 1 1 1 1 1 0 0 0 0 0 0 0 0 0
6695 1 1 1 1 1 0 1 1 1 0 0 0 0 0 0 0 0 0
6696 0 0 0 1 0 0 0 0 0 0 0 0 0 0 0 0 0 0
6697 1 1 1 1 1 1 1 1 1 0 0 0 0 0 0 0 0 0
6717 1 0 0 0 0 0 0 1 0 0 0 0 0 0 0 0 0 0
6724 1 0 0 0 0 0 0 0 0 0 0 0 0 0 0 0 0 0
6729 0 0 0 0 0 0 0 1 0 0 0 1 0 0 0 0 1 0
6737 0 0 0 0 0 0 0 0 0 0 0 0 0 0 0 0 0 0
6745 0 0 0 0 0 0 0 0 0 0 0 0 0 0 0 0 0 0
6759 1 0 0 0 0 0 0 0 0 0 0 0 0 0 0 0 0 0
6764 1 1 1 1 1 1 1 1 1 0 0 0 0 0 0 0 0 0
6769 0 0 0 0 0 0 0 0 0 0 0 0 0 0 0 0 0 0
6774 0 0 0 0 0 0 0 0 0 0 0 0 0 0 0 1 0 0
6782 0 0 0 0 0 0 0 0 0 0 0 0 0 0 0 0 0 0
6783 0 0 0 0 0 0 0 0 0 0 0 0 0 0 0 0 0 0
6789 1 1 1 1 1 0 1 1 1 0 0 0 1 0 0 0 0 0
6792 1 1 0 1 1 1 1 1 1 0 0 0 0 0 0 0 0 0
6793 0 0 0 1 0 0 0 0 0 0 0 0 0 0 0 0 0 0
6794 0 0 0 0 0 0 0 0 0 1 0 0 0 1 0 0 0 0
6797 1 1 1 1 1 1 1 1 0 0 0 0 1 0 0 0 0 0
6817 0 0 0 0 0 1 0 0 0 0 0 0 0 0 0 0 0 0
6826 0 0 0 0 0 1 0 0 0 0 1 0 0 0 0 0 0 0
6834 0 0 0 0 0 0 1 0 0 0 0 0 0 0 0 0 0 0
6841 1 1 1 1 1 1 1 1 1 0 0 0 0 0 0 0 0 0
6846 1 1 1 1 1 1 1 1 1 0 0 0 0 0 0 0 0 0
6852 0 0 0 0 0 0 0 0 0 1 1 1 1 1 1 1 1 1
6857 1 1 1 1 1 1 1 1 0 0 0 0 0 0 0 0 0 0
6868 0 0 1 0 0 0 0 0 0 0 0 0 0 1 0 0 0 0
6870 1 1 1 1 1 1 1 1 1 0 0 0 0 0 0 0 0 0
6872 0 0 0 0 0 0 0 0 0 0 0 0 0 0 0 0 0 0
6876 0 0 0 0 0 0 0 0 1 1 1 1 1 1 1 1 1 1
6884 0 0 0 1 0 0 0 0 0 0 0 0 0 0 1 0 0 0
6887 0 0 0 0 0 0 0 0 0 0 0 0 0 0 0 0 1 0
6888 0 0 0 0 0 0 0 0 0 0 0 0 0 0 0 0 0 0
6890 0 0 0 0 0 0 0 0 0 0 0 0 0 0 0 0 0 0
6891 0 0 0 0 0 0 0 0 0 0 0 0 0 0 0 0 0 0
6894 0 0 0 0 0 0 0 0 0 0 0 0 0 0 0 0 0 0
6902 0 0 0 0 0 0 0 0 0 0 0 0 0 0 0 0 0 0
6903 0 0 0 0 0 0 0 0 0 1 1 1 1 1 0 1 1 1
6905 0 0 0 0 0 1 0 0 0 0 0 0 0 0 0 0 0 0
6909 0 0 0 0 0 0 0 1 0 0 0 0 0 0 0 0 0 0
6912 1 1 1 1 1 1 1 1 1 0 0 0 0 0 0 0 0 0
6914 0 0 0 0 1 0 0 0 1 0 0 0 0 0 0 0 0 0
6921 0 0 0 0 0 0 0 0 0 0 0 0 0 0 0 0 0 0
6930 1 1 1 1 1 1 1 1 1 0 0 0 0 0 0 0 0 0
6931 1 1 1 1 1 1 1 0 1 0 0 0 1 0 1 0 0 0
6935 0 0 0 0 0 0 0 0 0 0 0 0 0 0 0 0 0 0
6939 0 0 0 0 0 0 0 0 0 1 1 1 1 0 1 1 1 1
6940 0 0 0 0 0 0 0 0 0 0 0 0 0 0 0 0 1 0
6946 0 0 0 0 0 0 0 0 0 0 0 0 0 0 0 0 0 0
6947 0 0 0 0 0 0 0 0 0 0 0 0 0 0 0 0 0 0
6951 0 0 0 0 0 0 0 0 0 0 0 0 0 0 0 0 0 0
6953 1 1 1 1 1 1 1 1 1 0 0 0 0 0 0 0 0 0
6954 0 0 0 0 0 0 0 0 0 0 0 0 0 0 1 0 0 0
6955 0 0 0 0 0 0 0 0 0 0 0 0 0 0 0 0 0 0
6978 0 0 0 0 0 0 0 0 0 0 0 0 0 0 0 0 0 0
6987 0 0 0 0 0 0 0 0 0 0 0 0 0 1 0 0 0 0
6988 1 1 1 1 1 0 1 1 1 0 0 0 0 0 0 0 0 0
6998 0 0 0 0 0 0 0 0 0 0 0 0 0 0 0 0 0 0
7009 0 0 0 0 0 0 0 0 0 0 0 0 0 0 0 0 0 0
7012 1 1 1 1 1 1 1 1 1 0 0 0 0 0 0 1 0 0
7017 0 1 1 1 1 1 1 0 1 0 0 0 0 0 0 0 0 0
7030 0 0 0 0 0 0 0 0 1 0 0 0 0 0 0 0 0 0
7035 0 0 0 0 1 0 0 0 0 0 0 0 0 0 0 0 0 0
7044 0 0 0 0 0 0 0 0 0 0 0 0 0 0 0 0 0 1
7045 0 0 0 0 1 0 0 0 0 1 0 0 0 0 0 0 0 0
7054 0 0 0 0 0 0 0 0 0 0 0 0 0 0 0 0 1 0
7061 1 0 1 0 0 0 0 0 0 0 0 0 0 0 0 0 0 0
7072 1 1 1 1 1 1 1 1 1 0 0 0 0 0 0 0 0 0
7073 0 0 0 0 0 0 0 0 0 0 0 0 0 0 0 0 0 0
7075 1 1 1 1 1 1 1 0 1 0 0 0 0 1 0 0 0 0
7078 0 0 0 0 0 0 1 0 0 0 0 0 0 0 0 0 0 0
7089 0 0 0 0 0 0 0 0 0 0 0 0 0 0 0 0 0 0
7091 1 1 1 1 1 1 1 1 1 0 0 0 0 0 0 0 0 0
7093 1 0 0 0 0 0 0 0 0 0 0 0 0 0 0 0 0 0
7117 0 0 0 0 1 0 0 0 1 0 0 0 0 0 0 0 0 0
7127 0 1 1 1 0 0 1 1 1 0 0 0 0 0 0 0 0 0
7129 0 0 0 0 0 0 0 0 0 0 0 0 0 0 0 0 0 1
7156 0 0 0 0 0 0 0 0 0 0 0 0 0 0 0 0 0 0
7163 0 0 0 0 0 0 0 0 0 0 0 0 0 0 0 0 1 0
7170 0 0 0 0 0 0 0 0 0 0 0 0 0 0 0 0 0 0
7172 0 0 0 0 0 0 0 0 0 0 0 0 0 0 0 0 0 1
7178 0 0 0 0 0 0 0 0 0 0 0 0 0 0 0 0 0 0
7187 1 1 1 1 1 1 1 1 1 0 0 0 0 0 0 1 0 0
7199 0 0 0 0 0 0 0 0 0 0 0 0 0 0 0 0 0 0
7202 1 1 1 1 1 1 1 1 1 1 0 0 0 0 0 0 0 0
7204 0 0 0 0 0 0 0 0 0 0 0 0 0 0 0 0 0 0
7206 1 1 1 1 1 1 1 1 1 0 0 0 0 0 0 0 1 0
7213 0 0 0 0 0 0 1 0 0 0 0 0 0 0 0 0 0 0
7220 0 0 0 0 0 0 0 0 0 0 0 0 0 0 0 0 0 0
7224 0 0 0 0 0 0 0 0 0 0 0 0 0 0 0 0 0 0
7226 1 1 1 1 1 1 0 1 0 0 0 0 0 0 0 0 0 0
7228 0 0 0 0 0 0 0 0 0 0 0 0 0 0 0 0 0 0
7229 0 0 0 0 0 0 0 0 0 0 0 0 0 0 0 0 0 0
7237 1 1 1 0 1 1 1 1 1 0 0 0 1 0 0 0 0 1
7252 1 1 1 1 1 1 1 1 1 0 0 0 0 0 0 0 0 0
7255 0 0 0 0 0 0 0 0 0 0 0 0 0 0 0 0 0 0
7262 0 0 0 0 0 0 0 0 0 0 1 0 0 0 0 0 0 0
7269 0 0 0 0 0 0 0 0 0 0 0 0 0 0 0 0 0 0
7270 1 1 1 1 1 1 1 1 1 0 0 0 0 0 0 0 0 0
7282 1 1 1 1 1 1 1 1 1 0 0 0 0 0 0 0 0 1
7284 1 1 1 1 1 1 1 1 1 0 0 0 0 0 0 0 0 0
7300 0 0 0 0 0 0 0 0 0 0 0 0 0 0 0 0 0 1
7302 0 0 0 0 0 0 0 0 0 0 0 0 0 0 0 0 0 0
7305 1 1 1 1 1 1 1 1 1 0 0 0 0 0 0 0 0 0
7322 1 1 0 1 1 1 1 1 1 0 0 0 0 0 1 0 0 0
7329 0 0 1 1 0 0 0 0 0 1 0 0 0 0 0 0 0 0
7332 0 0 0 0 0 0 0 0 0 0 0 0 0 1 0 0 0 0
7333 0 0 0 0 0 0 0 0 0 0 0 0 0 0 0 0 1 0
7335 0 0 0 0 0 0 0 0 0 0 0 0 0 0 0 0 0 0
7338 0 0 0 0 0 0 0 0 0 0 0 0 0 0 0 0 0 1
7339 0 0 0 0 0 0 0 0 0 0 0 0 0 0 0 0 0 0
7344 1 1 1 1 1 1 1 1 1 0 1 0 1 0 0 0 0 0
7349 1 1 1 1 1 1 1 1 1 0 0 0 0 0 0 0 0 0
7353 1 1 1 1 1 1 1 1 1 0 0 0 0 0 0 0 0 0
7366 0 0 1 0 0 0 0 0 0 0 0 0 0 0 0 0 0 0
7389 0 0 0 0 0 0 1 0 0 1 0 0 0 0 1 0 0 0
7391 1 1 1 1 1 1 1 1 1 0 0 0 0 0 0 0 0 0
7394 0 0 0 0 1 0 0 0 0 0 0 0 0 0 0 0 0 0
7395 0 0 0 0 0 0 0 0 0 0 0 1 0 0 0 0 0 0
7396 1 1 1 1 1 1 1 1 1 0 0 0 0 0 0 1 0 0
7398 1 1 1 1 1 1 1 1 1 0 0 0 0 0 0 0 0 0
7400 0 0 0 0 0 0 0 0 0 0 0 0 0 0 0 0 0 0
7409 1 1 1 1 1 1 1 1 1 0 0 0 0 0 0 0 0 0
7414 1 1 1 1 1 1 1 1 1 0 0 0 0 0 0 0 0 0
7417 0 0 0 0 0 0 0 0 0 0 0 0 0 0 0 0 0 0
7422 0 0 0 0 0 0 0 0 0 0 0 0 0 0 0 0 0 0
7438 0 0 0 0 0 0 0 0 0 0 0 0 0 0 0 0 0 0
7447 1 0 0 0 0 0 0 1 0 0 0 0 0 0 0 0 0 0
7459 0 0 0 0 0 0 0 1 0 0 1 1 1 1 1 1 1 1
7460 1 1 1 1 1 1 1 1 1 0 0 0 0 0 0 0 0 0
7465 0 0 0 0 0 0 0 0 0 0 0 0 0 0 0 0 0 0
7466 1 1 1 1 1 1 1 1 1 0 0 0 0 0 0 0 0 0
7482 0 0 0 0 0 0 0 0 0 0 0 1 0 0 0 0 0 0
7488 0 0 0 0 0 0 0 0 0 0 0 0 0 0 0 0 0 0
7490 1 1 1 1 1 1 1 1 1 0 0 0 0 0 0 0 0 0
7501 0 0 0 0 0 0 0 0 0 0 0 0 0 0 0 0 0 0
7507 1 1 1 1 1 0 1 1 1 0 0 0 0 0 0 0 0 0
7513 0 0 0 0 0 0 0 0 0 0 0 0 0 0 0 0 0 0
7519 0 0 0 0 0 0 0 0 0 0 0 0 0 0 0 0 0 0
7526 0 0 0 0 0 0 0 0 0 0 0 0 0 0 0 0 0 0
7532 1 1 1 1 1 1 0 1 1 0 0 0 0 0 0 0 0 1
7542 0 0 0 0 0 1 0 0 0 0 0 0 0 0 0 0 1 0
7545 0 0 0 0 0 0 0 0 1 0 0 0 0 0 0 0 0 0
7547 1 1 1 1 1 1 1 1 1 0 0 0 0 0 0 0 0 0
7548 1 1 1 1 1 1 1 1 1 0 0 0 0 0 0 0 0 0
7551 0 0 0 0 0 0 0 0 0 0 0 0 0 0 0 0 0 0
7558 1 1 1 1 1 1 1 1 1 0 0 0 0 0 0 0 0 0
7575 1 1 1 1 1 1 1 1 1 0 0 0 0 0 0 0 0 0
7578 1 1 1 1 1 1 1 1 1 0 0 0 0 0 0 0 0 1
7580 0 0 0 0 0 0 0 0 0 0 0 0 0 0 0 0 1 0
7587 0 1 0 0 0 0 0 0 1 0 0 0 0 0 0 0 1 1
7589 0 0 0 0 0 0 0 0 0 0 0 0 0 0 0 0 0 0
7592 0 1 0 0 0 0 0 0 0 0 0 1 0 0 0 0 0 0
7595 0 0 0 0 0 0 0 0 0 0 0 0 0 0 0 0 0 0
7600 0 0 0 0 0 0 0 0 0 0 0 0 0 0 0 0 0 0
7601 0 0 0 0 0 0 0 0 0 0 0 0 0 0 0 0 0 0
7615 0 0 0 0 0 0 0 0 0 0 0 0 0 0 0 0 0 0
7618 0 0 0 0 0 0 0 0 0 0 0 0 0 0 0 0 0 0
