4049 364 1880 727 543 1988 4504 2802 780 567 3883 130 230 1436 585 2376 2319 515 4327 3385 1567 2114 
2460 552 1273 3191 2231 2065 4101 1090 2766 1931 4894 2593 1168 4436 762 548 4324 2364 2640 527 641 2739 1570 1415 4379 4797 402 
3060 441 1547 702 598 2853 3752 16 4936 3847 3055 430 2805 3133 117 3182 1002 3677 4291 219 1906 564 1569 4177 3374 4947 257 2898 4515 4328 1614 3976 1167 2545 332 4983 3955 3912 1081 
3106 2515 2061 2550 2027 4842 2028 2837 2912 3045 4487 2518 1422 2530 2587 1042 3162 4090 861 4646 2642 4282 2322 4810 447 342 4844 2201 3622 4640 1097 3578 
3544 473 942 1890 1588 38 4029 2394 3493 3758 2944 4130 3995 3640 195 3246 4591 623 2433 944 4606 2054 155 803 2761 858 3094 2150 2608 2308 3161 1982 1739 2792 3825 1367 4260 4951 4960 382 
1989 1823 1899 4137 685 427 3856 4952 1975 3206 1611 4628 1098 2204 239 1661 2227 4523 2658 906 523 1143 4300 4991 4594 2334 4906 2249 933 396 305 2266 574 4136 3215 1541 2454 4128 4289 
2315 609 2791 336 4897 4067 123 707 2471 2199 2292 1641 3240 4846 4905 2439 901 243 1375 2764 595 119 3933 2952 907 1453 1549 2343 1579 1113 1408 1787 4704 588 1299 4913 1434 1269 3753 4180 2087 3539 303 2769 842 163 
531 4449 2696 4542 1599 1690 1761 2025 3895 4818 3091 4439 999 3569 1952 1103 3185 2547 4925 1028 3472 889 627 4233 1544 2722 4779 1946 2093 4725 2111 3998 3355 4709 3233 4613 1176 4857 1966 4222 2063 4134 4014 
2373 1785 367 1360 2796 1869 3941 2457 4114 387 4157 271 4003 2753 2565 361 1369 3049 1578 2110 
4763 2908 1939 4836 1177 676 1536 4221 3790 2221 3180 3275 1855 1687 765 3398 339 3317 3028 1099 1550 2185 1609 2080 1319 814 4059 903 1274 2244 1044 4868 3309 4388 2350 3538 1898 713 4636 843 
292 501 3479 1531 800 624 2591 2089 846 1603 3530 1070 99 3011 1027 417 2384 4335 
393 739 4325 2419 3841 2668 1812 3139 3828 4354 1766 4288 1340 835 3253 3669 2032 1438 4079 1227 4530 4232 4958 3497 
3204 3643 2502 4630 4511 6 4333 2353 672 3906 3718 4296 2485 68 3343 4042 779 728 1225 3536 2307 1983 
4443 1310 3092 4309 1021 586 4737 1325 3123 480 3563 1919 1020 3069 1137 2382 616 837 947 1276 1309 883 3373 
1693 1743 1750 2058 311 1810 2889 2824 4078 3978 2414 2120 1032 2632 3365 1318 2363 2479 3236 1561 4502 3952 3756 2756 
1721 3063 2128 3015 3506 1117 3016 1695 1219 369 1770 160 2931 592 2664 390 1529 2488 2674 1121 29 1479 
3193 703 1263 2817 3860 1545 4446 1920 4341 1909 398 1388 3878 3667 445 4240 759 3443 3390 648 4342 3199 
3142 1038 2416 2006 2659 4666 4461 4007 4550 1903 4671 3518 4241 4808 4576 18 4046 2965 1542 3075 1096 1259 3814 3547 3293 4038 1949 4418 2532 285 3774 1826 1389 2747 3799 4072 2929 1033 
4855 4735 2626 4109 41 4119 2872 1955 3329 1901 3367 4084 4270 3321 968 1207 1725 1713 2828 4727 4499 2786 253 2822 57 1236 
3338 3761 3021 4939 3364 1197 4483 2787 103 4907 217 3514 2097 3228 3639 2148 3685 3516 1963 2745 677 359 2378 4398 2311 2386 3136 4417 1658 3553 4021 4900 964 3031 4251 2250 4633 3915 1234 2 
4143 489 2670 3741 1893 973 4642 3504 1958 2033 1600 533 3647 4287 3357 4506 4486 87 346 2648 438 4434 251 
4215 4538 4562 4898 731 876 1936 3368 2434 2188 750 1800 1228 3210 967 3095 2354 1261 4604 2903 266 2039 4169 2397 3813 2782 735 4041 2836 
4558 841 1772 1892 4391 4211 205 4521 4680 4719 530 4473 1740 1476 4677 1399 863 2945 2253 3746 23 2937 630 956 4081 3979 3098 
2523 643 827 4864 684 2223 915 2576 459 4353 695 93 519 4297 2843 3873 3819 4168 617 4479 2163 1586 4097 1967 3838 3048 4205 121 3789 3211 2977 446 909 905 
206 252 1034 4413 4978 134 634 3945 4444 2888 4166 1291 2035 2712 1868 1179 2667 3208 2165 1594 3320 146 3958 3924 3097 3886 3478 910 4274 4887 1913 2045 3783 1322 2268 2519 1820 4601 3661 3388 3163 1212 1556 639 807 
820 2400 1108 4510 3249 3848 4674 1714 2943 2631 135 2544 1630 1296 1223 4998 1872 2034 2094 2077 4204 4206 304 1015 3138 4723 262 770 3235 3515 3864 2141 3524 4707 2298 2551 870 1618 3022 4373 2555 3992 620 129 4928 
2092 4421 4127 4234 1315 2281 4382 1876 2932 931 3778 4026 2162 2661 3238 4691 175 4590 2848 860 2189 3585 71 1407 1768 1705 3490 3554 2181 4082 2068 3801 4362 3701 4278 559 4552 2557 2870 1981 2195 3862 4755 2392 
307 2301 60 2793 3674 2855 499 64 4500 1016 1718 2895 1406 881 520 4107 3024 1043 4093 985 
3241 2026 4840 4854 3084 1460 4276 1566 2887 2318 3665 2435 3796 2449 2235 4037 3999 4692 4616 656 4852 4092 2209 4529 1405 4665 3949 
497 4682 1535 2255 3635 642 3809 3960 4202 4138 912 1517 535 1302 431 1447 1814 1351 3629 3071 2894 484 493 3149 4280 3577 1856 3476 3424 
1169 1181 157 73 3316 3020 2299 1421 1400 3703 1639 4631 2693 2067 4688 1485 1037 4106 4048 4643 570 2901 566 2420 924 2655 2795 
2443 4814 4509 1056 2607 2310 4768 2313 3858 3423 4563 1459 1051 507 2776 2964 475 4397 777 1148 2583 2868 4468 2347 1843 2480 2132 2056 2324 1995 546 2152 3105 4988 1119 880 2687 1366 1501 3815 3292 3693 283 2124 
4426 380 2001 4505 526 4564 576 2568 3676 495 4877 1602 2413 1332 1381 2713 2863 667 2455 3663 3251 3053 3655 2127 3151 3306 1715 1515 3312 1001 13 839 1510 1944 3326 4901 587 957 
4512 2601 209 176 3130 368 2814 3405 3145 3009 2821 1842 4698 4227 2129 2293 4726 405 2586 1380 3965 2044 2004 
1511 3610 1240 2549 226 132 4990 2047 3468 1775 1208 2418 2846 4582 4526 1086 4052 4429 3037 421 939 3111 4105 3354 1752 1067 2173 4367 3826 2879 2213 
2345 2999 1635 1233 3003 1539 1374 3988 3954 1703 3794 1972 3262 404 3766 4714 1473 4495 2582 1606 4733 470 1281 2133 333 1605 3496 1865 2682 2763 1682 158 2325 3709 2966 1643 4989 3067 3626 2685 4032 3434 934 1471 1251 4462 2288 3461 2698 
3314 1052 4786 4165 4661 4741 3007 3776 2240 1301 4464 921 1462 3444 478 4374 4086 1346 2509 2465 3104 1563 2885 302 317 345 3382 2927 1285 435 24 4853 3682 1402 
3657 4821 375 3441 3529 399 3784 1636 3896 2113 186 3207 824 979 3732 2294 2983 3430 133 1295 1132 3800 1352 877 1271 454 4039 4953 178 386 1934 2940 
1717 1288 4614 4383 3791 1997 1474 1362 2744 4158 3377 773 1250 76 4269 2168 1412 2864 3582 4132 3651 2743 2981 3190 2757 981 2534 4965 3705 4585 1466 
4772 2147 3270 1419 704 2437 2339 2577 1844 4566 1187 2053 4174 568 1685 3200 1057 712 44 3579 1491 4292 2331 4532 3613 4302 2167 
761 4620 1792 4861 1130 811 2106 2330 3618 3775 286 3956 4412 1632 3615 1866 4275 2691 3875 733 2942 1845 106 4752 3721 3935 1333 3821 1895 116 3376 55 4151 4757 4792 295 980 4968 1158 3916 1572 2464 
659 4195 1527 3429 4189 1702 2552 67 605 4904 593 4655 4416 3117 4637 1085 4442 1049 512 4973 996 1313 614 2483 2361 1144 203 971 2638 124 4971 3480 2907 341 1451 2971 3923 61 1756 4948 4103 
850 3654 4766 745 2767 3565 3628 1324 2976 2611 1000 3743 193 4736 4131 2385 3013 1526 1751 2978 2427 4862 2873 1468 3767 755 3295 2609 4784 4617 4827 3054 1391 4366 4549 674 2463 4493 3403 3489 1774 
610 3959 4902 2406 3568 1379 4565 2143 50 1623 3738 2861 3689 4761 3010 3967 3164 4163 4813 3066 2138 4690 3750 2845 4969 4223 4306 575 246 3748 1797 4376 
4860 1435 3991 2875 622 1365 126 4187 3559 4771 766 3595 144 4045 613 4922 3621 776 4641 4108 580 1477 4720 2671 241 2410 3679 517 555 508 2522 3174 483 1053 1417 4120 3715 2206 0 3684 4889 
2182 4890 4535 952 787 381 145 4317 4294 1678 2890 4605 3832 3802 1553 2683 2602 4843 2703 2356 3708 1449 1359 2835 2122 429 3023 4956 3168 1862 749 2714 1024 2422 1877 3535 941 242 2810 4745 4863 3001 3046 3260 235 
943 4100 4063 185 1699 4360 4848 794 619 2404 3341 2806 4974 2174 4748 4454 2264 2990 4681 3638 4758 2994 2920 2495 1334 2755 3889 2627 734 775 2491 1730 2009 1748 885 322 4184 3272 3322 2409 4684 2403 3909 2327 
4573 1392 4805 4283 3623 2256 3458 4648 4823 2915 3984 670 35 294 2123 3574 2708 2536 1969 2389 1926 1229 1911 3805 4152 611 2498 
2300 1116 2651 4912 1493 1200 4310 422 834 2535 3827 2103 2448 2858 3086 4883 3630 4788 1857 228 984 4371 4850 4024 2326 2233 525 3267 3695 2527 3737 4702 177 2438 896 2820 
3103 3404 2666 2175 3467 3902 100 3820 3231 2051 3843 75 4320 2447 833 4013 1185 1077 3797 3728 
4884 1106 1854 2610 2008 3580 3417 2636 1710 4872 374 3042 3713 4323 1401 1915 3409 1971 1277 7 1393 994 3082 2177 3178 868 1262 2672 
2442 1175 4790 4721 3085 2574 2000 4546 3061 3224 4311 2730 3659 806 3644 4121 2807 2924 426 2066 4710 1520 1571 2596 4098 1726 3112 1870 1576 4754 2262 3437 1094 1801 330 1986 3526 1216 3627 2246 4196 3450 678 2812 4597 
974 3922 4942 954 3502 4193 3645 4408 3384 2159 1728 737 3624 1239 2541 264 4624 2724 902 1370 751 786 4290 2935 3099 3811 549 3855 413 4064 3463 1226 1134 3438 652 631 3124 3196 3567 1817 2432 2881 3115 1464 1245 1059 
4819 3167 3492 282 4253 2585 1744 3239 1959 1830 4368 2461 1035 1115 2261 3824 3460 2366 2290 897 3018 2933 4924 923 4489 4009 3212 2164 
1914 1593 4528 3760 4799 2060 3486 662 2573 2395 545 2187 882 1092 4440 3914 139 2723 4425 1867 1673 4917 2669 4091 469 959 2348 1358 573 1190 1416 4830 747 2956 1904 838 4635 3234 1012 2024 4268 2396 2125 
2158 3869 3599 3057 506 4237 1316 234 3173 4350 2623 4687 1178 2445 1031 371 2749 3277 2676 2072 1341 2286 1607 4017 4793 3471 4934 3851 660 1965 2046 2160 2852 1859 1973 4401 3865 4893 3849 53 3932 334 
136 1079 3680 1248 4228 1889 4326 4018 391 2991 782 2048 3773 3880 4522 2614 1583 406 2278 3324 323 3620 2038 2562 3255 793 1644 3261 3184 4935 301 2210 4175 115 1217 2180 3175 2716 4135 
353 3541 3026 3116 1667 3481 1174 4540 389 2170 2740 4553 2856 3169 3227 1724 3694 324 4071 1922 
4696 3395 2003 3352 1585 2718 4369 1159 1036 4815 591 1528 4920 1704 4871 2635 3611 2375 3997 1003 188 2473 1998 3600 993 164 2411 1192 2997 30 1355 3370 2686 4338 812 987 
4544 4831 3135 1011 3648 1084 3646 3081 1102 2040 3614 2867 4999 3726 536 2913 4476 58 4080 736 4357 4249 725 1204 3830 4865 1205 120 3840 644 1150 
4314 4501 2484 3436 3905 1007 3625 1731 948 
62 2910 2597 1463 4869 2825 4773 4308 3833 4140 2192 1735 3052 2486 4074 3121 4985 1378 278 4593 4471 1943 312 626 162 2365 112 1411 2738 1335 2616 233 2453 3540 4770 1165 2317 4634 4966 4926 1206 
4345 646 187 300 3216 2482 1950 1065 1265 4472 4580 1691 4155 2957 3786 2059 1668 1505 4669 1937 635 4743 3077 3510 299 1105 2902 1742 1060 192 1345 1350 1455 21 2594 
4474 4147 966 4491 2224 4394 2800 504 3386 1709 2692 4361 216 1490 1414 198 189 1591 154 3291 2531 414 3093 869 3445 1598 682 
3118 468 4194 3158 3195 291 137 2882 2029 2336 4298 4110 2078 805 4212 1840 2525 856 2972 4807 156 343 49 3698 1161 4977 3170 2305 815 1183 2023 721 443 3808 
2884 92 4744 141 3957 1461 52 1014 319 1252 3730 4380 4557 4516 1080 4957 3757 3391 3427 2665 1317 1832 2948 1701 4780 2706 2302 423 4651 2827 3419 4798 936 3551 
3359 3276 2096 1953 2335 1749 1780 3980 4185 63 4420 424 77 4477 2284 4941 3248 3670 2304 3128 2426 1430 3485 4873 1268 1697 569 872 4396 2690 698 4498 853 1138 
4216 2499 1592 1688 111 4012 3202 550 1047 4337 2819 2207 2306 2629 4349 4002 809 2960 3975 3868 1337 4811 3617 3931 2107 138 4742 2490 2237 1209 3780 3712 3570 3155 4034 1620 352 4559 3102 3439 4554 270 4595 2925 
1674 813 2961 4717 2717 4524 1244 828 4209 1745 4148 4160 281 2239 4892 4592 1481 250 3280 4176 2808 42 450 3050 4879 2303 785 204 2842 509 2678 4351 2186 2788 1390 4746 3829 4778 4011 
4574 3700 821 918 2615 2621 2923 1532 2274 4625 3604 1590 490 920 4043 3854 4023 1795 3294 290 2777 4856 3177 
3065 2770 1397 4803 3160 823 3029 1504 3137 2275 887 3296 4802 3254 743 3745 433 1492 2211 1558 2109 12 4578 3269 153 4895 4162 4668 40 524 4949 1999 4035 3910 4422 4572 3719 687 3505 1089 2388 
2260 697 2440 784 4711 848 1258 4224 618 1264 2775 4919 2624 420 3985 4145 3083 879 2451 1193 723 3564 3348 3989 4389 4795 2510 4753 1343 596 3562 3777 3609 1211 4959 4112 1861 488 1100 
1327 4626 4172 1026 1298 2462 2296 1019 113 3152 1708 2645 463 3987 4031 3375 796 1432 1875 1947 696 4363 1087 4849 638 3879 4981 4785 1160 3696 259 3520 1874 2367 1741 1760 3347 1596 1095 4068 419 
2754 2679 1808 2346 542 3606 4760 102 1017 313 1804 4364 3702 645 4570 4243 1395 4903 4738 3744 3887 2741 1894 363 3396 829 1452 2441 4054 2258 
3470 4225 1900 2043 4051 1182 2619 2735 572 1649 1794 4955 4878 2936 797 990 2052 3154 3575 4664 720 4096 673 3475 2203 1851 4113 1793 2359 4478 3399 3782 1669 706 418 1426 4569 3930 1420 911 2405 
1924 2285 774 1189 2737 3508 2022 740 4908 705 201 3882 3148 1055 871 370 2528 4801 2323 2417 3963 4236 4411 2215 2975 3274 3453 2115 1722 4767 232 
4596 1030 4675 632 4230 2663 2980 521 3740 197 4217 4427 2387 3198 1992 213 4191 916 1387 3346 1111 4399 4219 3522 4153 633 4213 4178 
878 1385 799 3279 1068 2811 2578 4277 867 4053 1881 754 2344 3059 3327 356 718 2854 3119 1503 1617 316 
3090 2415 3507 1650 4600 2102 4365 4028 3299 2513 3273 4518 2993 2968 3258 4285 2428 547 236 3962 86 886 2333 4339 3171 4181 1762 2112 1763 4575 
4465 4954 3323 1338 4284 2725 2823 254 3911 2774 4356 582 2501 3221 4431 4695 4004 2380 4996 3257 2539 1260 4832 3675 3872 4764 1821 3451 1584 1072 4608 2489 3203 3183 4419 376 2371 4762 769 4660 2880 1470 2504 
3278 4089 1293 554 3706 741 3271 4490 3201 2398 207 4076 108 338 3893 2013 3 2436 2279 4340 1662 3369 2137 2178 372 1974 4722 4415 366 3187 4186 1850 2407 3140 442 3692 2816 1101 2226 908 665 4475 3511 
4482 4503 1376 3581 2628 1905 2641 4033 1615 2656 225 2897 1670 1805 181 4428 2579 3589 3560 1286 3265 409 1679 1621 3205 4812 384 2512 208 1320 2070 3731 4824 
1443 1472 1765 1538 1790 2702 3934 4331 1700 560 2391 4820 2700 1994 3342 3946 394 1628 3653 2752 581 1441 3903 3041 3455 3397 3594 925 4826 3817 
4678 3259 3937 3557 263 2291 562 2934 4543 4392 66 4321 2214 4301 1062 4579 4918 2673 2926 2011 3970 150 1078 2466 1582 1073 308 4612 4307 3197 4460 4782 1023 2558 589 4886 1848 1838 3088 4332 2804 4927 4400 3512 2838 4030 
4611 1882 211 2893 2267 1932 383 2834 4683 2869 2590 1897 1759 4347 2071 4618 168 1155 2517 3521 69 690 268 3134 789 1525 1631 4010 
3051 1819 1247 606 4555 3779 1076 4577 4706 3944 629 4359 1041 2064 1141 4911 3652 51 3407 1457 70 277 2217 2859 3660 4057 2062 1173 3697 963 2220 148 4921 4141 4214 3681 1194 2694 4980 1996 
4061 2176 3339 2695 1162 1930 4266 663 3058 4060 1928 1627 4336 1960 4171 3332 3913 1171 3725 4087 2899 1613 377 
4654 496 2652 3349 2746 4982 3573 1153 4984 1737 4433 3513 428 2896 1361 4586 2208 895 3953 4255 4197 1146 540 2506 1537 3038 1201 3528 4724 4149 1347 1294 1655 335 2031 
4008 2149 3319 118 3722 3360 1445 753 1156 2778 3921 1266 1120 1833 74 2503 107 502 1942 4583 2649 3687 788 4183 4943 4716 4406 
27 3853 2259 2205 2748 3394 2564 2251 1494 4847 2844 2996 2969 434 487 3381 1154 3636 607 1776 1758 1373 3592 2521 229 4885 415 3308 1575 2036 
2877 3420 1283 3361 3473 845 4387 2988 1 448 3226 1321 3754 2287 603 2543 3771 4658 2146 4066 661 2082 997 
2839 790 522 4058 2372 4000 1172 664 3964 3358 1767 1835 1354 819 3762 3637 1246 1738 1287 2015 722 2230 
1706 3742 223 360 1483 3070 3908 1232 4568 4450 4451 2505 2921 551 2069 1454 147 4006 3477 3243 2155 2789 215 2751 
3543 1551 1348 2987 3928 1267 2938 85 477 4395 2984 4734 114 4252 1478 946 2986 3877 2516 2374 3863 972 3812 2020 3012 3768 3727 3264 
273 1196 4967 4099 4022 4909 4056 4946 1339 1554 768 1331 4441 3328 3583 3218 2639 3214 4964 1458 439 4484 4273 3831 3426 2099 851 4932 4851 4139 3150 
400 4962 4740 3344 763 4701 48 4732 4822 960 4231 3519 1645 1496 3734 2055 2196 166 2709 248 3759 2095 4313 3822 3462 752 101 1129 3315 2085 2019 3336 3947 3080 1249 1508 196 2906 4703 4531 4519 3337 2707 1786 4639 3286 817 
4117 1198 3531 2017 411 1484 1353 1241 2600 4281 3446 919 2567 4963 2785 700 403 4629 4835 3590 4123 4729 1648 1723 4689 4825 2312 2423 2247 2916 3073 1202 4256 3898 1312 4208 
4581 1858 199 4146 1006 2571 3333 358 1604 2542 1409 653 2232 1290 4609 4561 3340 2166 2242 2144 4445 4377 
2194 1782 4938 2891 3144 2076 1534 4992 3977 1186 3747 1425 3845 325 1152 1908 2238 2202 2580 2684 1242 4116 2190 1863 3120 4776 1548 3951 159 3548 4882 798 3710 4700 2732 4686 
4718 3223 3818 651 949 3948 4653 732 210 3181 577 4517 425 3591 4896 2592 2622 1104 708 2492 1530 378 2108 1619 2139 1009 4424 970 3850 1642 255 90 238 2412 859 284 2760 2018 2633 3487 612 
1220 491 1798 4749 1110 2425 3465 4567 4239 310 1788 3219 261 2606 3810 1396 4432 3230 3325 4527 4343 953 1716 748 81 4899 306 1123 4386 2475 3983 3612 1834 2381 
3836 485 2850 3494 1813 3634 1180 11 2617 1429 2401 3852 1652 991 4265 3673 1330 3632 36 22 1344 2998 4645 2116 2620 3285 2456 4245 1125 3232 4747 1891 3008 1681 922 2171 
3300 938 4839 3014 4381 2314 3587 4647 3402 3523 1303 3064 128 3919 2865 3683 1061 1109 94 355 975 756 2862 320 1297 791 
1074 726 717 388 3724 2840 3225 1660 4455 757 3047 4670 4995 4264 694 3994 4933 2883 2728 686 2959 1278 2634 1822 4218 3017 2408 3345 4447 467 709 392 2496 655 2402 4073 2780 83 1509 1657 
2526 701 3491 3356 3363 650 1112 1069 940 173 4040 2604 3871 3464 899 604 1732 2248 2566 1734 3755 2136 4497 2263 1940 4712 3662 1987 4950 
4656 4589 4358 4731 4804 4638 
2928 1968 2081 1671 3469 3422 2803 2474 1573 3006 4104 2309 3263 3408 3664 4644 1363 258 2721 182 2886 3904 1050 1927 
2643 3806 4551 3542 4603 1465 1010 1046 3566 2951 4694 1846 1275 3691 14 3313 4179 4469 730 4507 2653 884 4019 951 3943 1624 2618 397 247 4437 
1040 804 4118 1888 4457 3078 4699 3107 3431 2719 165 4775 183 715 1203 4560 1122 2584 1896 600 2904 4115 2572 127 2469 3109 3925 
3927 3304 3380 4993 2234 3127 1979 692 1238 1314 3770 3147 2809 3503 218 1664 1825 3282 937 1978 4888 1637 4466 4994 3671 1522 3834 3729 2183 190 2507 4914 2982 2245 4122 894 4632 4330 1802 1427 
1806 407 4085 830 898 3839 3157 3079 191 2612 2950 1816 2918 1384 3900 4312 479 4329 1199 1142 3990 1729 926 3859 2200 1683 288 220 3176 4409 2002 1305 3389 
4986 1976 3723 1230 2191 1410 1164 349 2145 3302 4238 4837 4346 3043 2871 3666 4944 4207 4970 3298 3534 864 2688 1852 2283 1640 3222 4945 2468 2647 935 1512 3500 3087 982 
3571 699 810 3857 2813 4015 2342 4571 2467 280 214 4940 795 362 492 2383 4414 3593 20 3966 1727 4095 1349 3188 1004 1962 3076 2832 3040 3804 4622 3917 4126 
578 2958 2529 3448 2979 4319 4774 917 3062 2265 2970 2733 1815 2794 96 408 1157 1131 3474 2329 2370 1398 3763 2829 
4226 669 2368 3283 2797 237 2430 2765 3844 891 481 4005 3765 3803 2613 2098 4210 1933 4480 3245 222 2222 3025 365 1382 460 3153 615 1634 3607 318 2357 1025 1256 
4599 3418 3981 2595 3586 4258 3772 4916 4979 3268 4930 314 1836 
3633 1214 1796 3401 3122 2849 2773 466 693 2269 4250 1133 2660 4050 1140 4756 840 1625 716 4199 1045 4525 2973 3113 1280 
2360 4659 3739 1224 3129 3982 2546 4621 3899 1712 3456 2784 269 2962 25 327 3440 2781 416 1533 3688 4025 1424 3039 2734 3192 760 1127 2481 272 3392 2459 961 2779 347 4715 1753 3501 2472 4384 538 4759 2104 3033 
4891 2860 1925 34 1475 995 9 4047 1433 2362 4880 4794 437 1680 2337 4 2197 412 4858 3284 10 3940 2762 2295 2088 3366 2677 1282 2079 976 1467 1022 184 
2340 955 1279 2675 2049 4708 4663 4536 1779 516 1254 2947 1448 637 3601 2575 1849 2091 2289 1114 4142 4261 3449 1608 
4673 461 1231 2119 929 5 79 2992 2086 4751 4124 683 965 1827 3166 1929 1938 125 1311 1519 240 2341 
3807 4806 3527 1746 2537 1565 401 1837 3410 4796 458 866 4584 2772 4765 4303 4615 680 3897 4272 4833 4201 275 1431 
4598 1048 3165 315 2100 1764 4083 357 4246 1552 2538 4088 3749 3435 3509 1601 2050 2151 105 2644 329 4588 3835 2831 1126 4036 
3550 32 3631 4492 1828 1386 4344 2818 2750 1403 3736 4375 1502 143 2216 2219 486 3101 2922 724 503 4534 3649 249 
4069 3068 2520 1961 3884 1587 2911 1577 1222 764 4976 2478 505 4791 2212 3281 945 1446 4816 4458 1659 4001 3209 1781 746 2328 4259 1921 2799 4649 260 565 4190 287 1980 4607 
4438 3433 1066 171 65 1210 2458 2833 3892 354 179 2759 4448 2007 2892 3141 3866 8 3172 679 1075 2282 2561 2010 
1564 1954 2140 3242 932 2953 379 471 4055 3546 989 3816 1456 449 2377 1450 3558 2736 3781 3288 2711 
1581 3861 2783 3002 140 986 640 3881 2083 
1188 455 4102 4355 1255 2514 2815 742 2955 1651 3019 4247 3787 758 3707 1769 88 3252 1428 2030 
1524 3605 4587 3598 456 4322 1364 4271 1058 4539 4915 3561 1413 3131 958 1692 2646 1985 2878 888 4834 1829 621 2118 4494 1755 1638 1910 3290 
4881 4488 4693 4533 4318 4203 4263 4662 
151 1304 689 1013 4547 1610 2801 691 1948 2241 1847 3146 98 983 3656 4874 3411 3100 3400 658 2355 2989 1629 2662 4220 2399 4044 2014 4348 3704 2358 744 3005 104 3289 2657 321 1328 
4156 452 3459 528 544 2939 2236 131 2280 1521 3030 1696 2393 1497 2876 4316 1885 309 3907 
1469 296 4304 1546 3798 457 801 432 1128 1170 1270 440 1789 1559 1088 3425 513 2553 4453 1495 3415 2041 1647 3311 1149 3576 2057 4404 1329 4370 2271 1778 
4923 293 1371 657 2548 1560 3495 1684 4728 2075 2470 1887 500 3751 1799 2556 4133 4192 350 1864 4777 668 4496 4809 3986 1918 
1754 82 2126 1213 3603 3383 4315 15 472 1886 3074 2771 2954 1883 2228 4972 1807 3452 3517 3596 395 4537 4829 4961 3266 4403 3379 4623 1777 583 3788 
3572 714 2946 1707 852 194 729 541 2768 1956 3870 927 3213 3412 3936 1757 1884 1064 636 328 4870 2798 4867 47 4787 1423 1221 244 
3597 675 4452 2914 167 4987 4556 893 1139 1689 3556 1831 1612 1513 2563 1506 1336 3126 4164 1482 4200 4125 3108 
2225 681 1902 3874 2588 1860 914 3044 3968 1646 534 2720 1039 3156 2625 3650 4154 4545 2193 2874 1711 
172 930 2074 1783 2369 4739 2654 2494 4508 3616 1654 2681 142 3842 2243 1523 3406 3971 4997 1555 340 844 778 4859 3926 1809 4783 865 3641 2297 1879 873 17 1215 279 4188 1440 950 3387 4513 904 4161 
4975 4910 4459 4750 4800 4876 4838 4875 
537 3414 4378 1675 4111 2589 2830 3969 2758 2605 4267 2710 3716 1377 2680 1841 3334 688 892 2446 2570 3867 826 
3132 3303 4077 4173 4257 4730 344 3353 3735 4295 3350 3942 3371 45 3457 3159 1243 1811 1163 297 1597 3532 2338 3378 3194 2154 4619 28 4845 2554 1124 
3000 444 1356 1853 1964 2524 584 31 822 4430 900 625 1945 1824 474 710 2715 553 4150 3428 2101 265 3668 2084 
781 1306 2967 1093 1873 2021 1720 4167 2930 1991 518 2826 4229 2229 1791 2218 3297 476 3498 1488 351 1784 
169 4170 4610 1672 978 2637 3608 628 2452 510 3089 3499 2252 245 4393 1151 3432 4650 4020 969 3888 992 
54 1977 1747 2726 3416 1507 1145 1442 2493 212 1803 3110 3034 494 1923 80 1272 3330 3714 767 1917 3393 962 1574 1184 3733 2603 2198 719 3996 
875 4828 2276 4286 2985 3301 2320 847 4866 1616 180 2421 1368 2121 1878 4242 1342 1818 3699 3690 1562 1404 4657 2379 2790 4470 4937 37 2851 3096 3764 1984 95 
2476 1663 3488 3720 4248 1326 2135 3331 532 161 1736 2321 4410 1666 4279 2477 3993 2450 3484 3939 
1147 3584 498 3114 3795 2429 2511 1686 3711 3545 1698 4075 39 1677 557 89 666 1289 337 608 
1253 3588 2705 3244 4697 855 3837 3220 3217 602 2157 3072 2559 1514 462 410 451 174 4781 4435 3413 1071 3287 4456 3027 3602 3974 
3421 2012 1323 224 59 3318 1083 597 2581 326 200 977 1626 2704 3351 2270 1235 1486 1439 836 783 
4235 2130 1653 1091 2598 2847 4514 590 3247 3189 1218 1237 2184 256 1307 849 1118 1107 4602 601 514 4485 
298 1018 1005 2731 1839 539 3483 831 1935 2172 1008 91 561 2090 1970 571 3442 482 928 1871 2444 2701 43 
649 556 4929 1284 46 1054 56 3307 1489 4027 4402 3950 4679 2995 3335 276 2533 3310 4931 3237 4652 4423 2277 1418 227 2487 802 4685 2431 1622 4390 
267 3186 1676 1656 2729 1941 2016 1993 4463 2866 3894 231 2134 2689 3686 2273 2037 1498 857 529 4385 4299 110 4062 4016 33 2272 4667 385 4672 2073 3619 2349 453 2500 2857 331 3938 1540 4244 4198 
3447 1516 4094 4159 170 1957 4129 2949 3125 2963 3533 1029 874 97 1907 3537 2941 122 1500 1589 4541 3032 3973 4144 2841 2179 4713 464 
4841 3658 2569 4817 3876 2560 1665 3229 1082 2909 2599 3482 3004 2156 816 19 1166 2919 4065 2352 4705 2697 1518 3036 832 
4627 4352 3256 3972 3891 3823 4467 4070 4405 2900 3792 825 3846 771 1195 711 3454 221 1771 4676 988 
4262 3525 3785 4182 348 4481 3250 1308 149 4305 4254 2254 1719 2974 4407 3901 3555 1383 808 2117 152 3056 
3918 3642 558 2917 373 1063 913 4334 2131 2650 511 1595 3717 1394 854 4293 1437 3549 2105 3035 2390 4769 654 436 647 2742 2153 3885 1773 818 3552 
1292 2042 2351 72 671 202 2905 2699 289 862 3372 772 2142 3362 1912 1135 2540 
998 84 2727 3961 1543 4789 3920 3678 1487 3179 1357 2316 3143 1444 274 563 1557 1300 2005 2497 26 
594 3793 738 2630 1733 1191 4548 465 3305 3929 1951 
792 2161 4520 1499 3466 1916 3769 2257 4372 78 3672 3890 1480 1136 579 890 1372 2169 109 
599 2424 1580 1694 1990 1633 2332 1257 1568 2508 
