4382 4748
1860 4167
2167 4382
2262 4685
3109 4496
2590 3971
4205 4611
2988 3815
1282 2144
2687 3778
2734 3927
3241 4582
2726 2953
1234 4300
1911 4703
67 3437
3106 4703
1988 4530
813 4100
4007 4600
151 2377
3811 4437
94 2410
3782 4763
2687 3989
1916 3411
2208 4508
2702 4982
2930 4300
1246 3534
2966 4598
3228 4368
312 4123
3888 4009
3567 4032
3046 4341
4762 4996
2054 2444
4382 4614
1773 2966
2480 4778
174 4446
3298 3914
2042 4901
331 4993
1681 4982
4382 4497
2170 3697
573 3182
1740 4989
1100 4636
3459 4996
3726 3927
711 3726
3180 4076
3684 4996
395 4413
2418 4582
1548 4721
2945 4041
3403 3928
3074 3416
4526 4611
659 4348
1601 4569
4600 4636
1983 4932
3296 3534
2975 4748
3441 4341
2945 4915
1069 3314
2984 4935
3741 4611
4860 4999
18 3864
1549 4614
3182 4545
1758 4606
1264 4569
4617 4709
3904 4611
861 3514
2691 3672
478 4303
2156 2945
137 4815
1477 4748
3411 3675
94 4945
1939 2144
2150 3985
183 2724
1156 4989
3573 4569
3621 4529
2410 4569
2410 4719
3045 3534
3228 3412
4619 4622
2418 4178
1273 4963
2164 4383
4860 4988
2988 4569
1936 4988
1773 4305
890 4709
3612 4763
2950 4901
2975 4584
67 4982
3864 4508
1733 3078
3864 4945
1208 4763
3835 4582
1399 4309
174 3567
659 1132
1308 4289
2148 4972
3046 4600
3067 3653
3603 4588
4721 4762
3121 4068
163 2334
2524 4303
1304 4269
3296 3806
481 4491
829 3675
1188 3983
3311 4897
3441 4437
3653 4598
1872 3603
1548 4988
2377 3334
3677 4496
1758 2779
536 2024
3725 4719
3121 4289
2075 4368
3045 3835
2950 3372
3680 4762
3725 4945
3672 4963
4269 4284
2207 3159
3415 4762
2318 3182
1862 3985
2834 4545
1246 4897
4269 4610
4526 4932
1182 4994
711 4261
1427 3757
1477 1942
4610 4996
3914 4617
2591 4897
3806 3835
2524 3447
2850 4982
2979 4915
3514 4305
1980 4588
1885 2042
1282 4068
4622 4701
2368 4993
3395 3914
1000 3036
3470 4622
2075 3612
3616 4636
94 4719
4289 4598
1714 4569
3985 4935
3904 4556
3078 3757
2950 4982
830 4530
1132 4982
3815 4719
2523 4622
1304 4988
2178 2984
239 4606
4383 4849
4081 4194
4611 4744
2058 4085
2979 4722
3639 3957
12 4382
395 4206
1961 4849
1979 4261
2606 4032
3573 3628
948 4068
4932 4993
3570 4271
3815 3864
1818 4764
3639 4206
2574 4762
4508 4719
3068 4123
1830 4763
3372 4982
880 4588
3101 4763
1548 4610
3709 4582
829 4722
2864 4261
3811 4076
4009 4104
2207 4357
3036 4963
3003 4007
1692 4815
3506 4146
2388 4849
1860 3742
2864 2989
3741 4999
880 4357
130 1601
1372 4719
3764 4303
793 4982
2152 4569
3709 3806
3758 4932
3573 3725
4526 4778
280 4989
2075 2350
948 4619
3835 4496
3459 3570
3639 4303
1857 2644
2490 3823
3356 3570
2167 4849
2834 3183
3437 4901
4026 4764
3447 3957
442 4685
2702 2850
1747 1983
478 2881
3675 4033
4606 4897
487 4303
1156 3717
1282 2101
497 4897
3274 3570
2408 4606
2303 4610
4744 4999
4413 4762
2574 4860
2850 3933
4068 4271
1873 4446
1998 4167
2950 2975
177 4085
1100 3314
3068 4128
1863 4636
2585 4860
2748 3653
3238 3933
3159 3959
183 3778
3514 4348
1427 4751
1983 4994
4108 4701
3356 4068
2035 3411
3281 4007
3914 4556
1865 4906
12 4497
3298 4556
4124 4588
657 3470
2726 3439
2656 4815
1906 4719
3121 4619
400 4989
297 4068
829 2264
1477 4918
4556 4617
813 4685
2899 4081
661 3869
3024 3639
3949 4104
1381 3036
3101 3228
3356 4996
3928 4413
2950 4614
2303 4269
3411 4076
2350 4744
3067 4598
3508 3514
2454 4023
3121 3274
3778 3989
1069 4815
1138 1681
4146 4762
959 3180
1885 4269
4703 4994
1996 4413
3933 4764
405 3157
478 3957
3441 4906
3616 4007
2170 4305
3109 4897
4205 4617
60 3372
2490 2899
1372 4134
3466 3612
3709 3835
1854 4993
1890 3059
793 3372
3758 3904
3416 4982
4309 4945
2979 3025
2893 4610
3741 4989
2490 4993
400 4617
1906 3717
1979 2834
11 3228
4526 4999
4206 4300
655 4935
2144 3039
3775 4032
3933 4614
2574 4284
793 2987
2410 4945
1960 4588
4269 4762
2182 2966
2864 3726
1234 3957
1156 4993
3059 4341
2810 4123
1844 4963
1123 4085
951 3508
643 4530
2164 4614
2539 3675
3437 4383
573 3696
3106 4081
3757 4491
1100 4098
4762 4815
2390 4081
2262 3567
4167 4530
2975 4849
2924 4357
3372 4849
2984 3985
2779 3241
3717 3933
3864 3914
3684 4860
3281 4167
476 2058
2966 4305
3741 4617
60 4584
2922 4341
2150 3959
2004 3603
1000 4988
127 3957
3059 4033
1067 4614
633 4619
2989 3182
1477 4849
3506 3928
678 3904
2966 3653
2644 4124
3109 3296
959 4404
2164 4982
1399 4945
1399 4508
3628 3725
3253 4988
2906 4124
1503 2988
1427 4972
1890 3180
3415 4269
813 4032
2207 4124
1000 4963
3672 4721
3725 4569
3441 4033
2811 4685
1182 4491
614 3764
661 1385
3823 4993
2585 4610
3914 4709
4023 4446
3971 4972
2590 4085
1760 4404
3888 4104
3758 4999
18 4945
239 4897
3291 4996
137 4996
3794 4446
3904 4989
2523 4701
1979 3927
3291 4600
4404 4703
3888 4032
2641 4982
4341 4906
484 3957
4611 4932
2480 4722
1156 4764
4033 4076
4026 4703
161 4935
1447 4124
2748 3514
4289 4619
1862 4622
3823 4972
4098 4764
4271 4289
4382 4918
1261 4744
11 4600
3078 4972
3466 3869
3775 4446
4341 4915
3352 4009
3257 4530
4068 4996
3616 4140
3372 3621
2184 4530
3506 4284
2687 3412
830 3257
4446 4685
2178 4935
3651 4271
1627 4569
2156 4915
861 2945
2680 3811
659 3971
2350 3403
3684 4284
3725 3864
60 4918
4383 4497
1074 4935
1202 4368
4721 4963
3651 4068
2748 2822
4341 4722
3036 3672
3298 4744
1929 2953
1245 2656
2899 4194
3717 4026
4167 4636
2156 4906
4134 4945
4261 4545
4901 4918
1273 4996
2264 4400
1074 2523
3537 4600
2163 4300
2004 4357
1844 4751
2704 3949
2702 4584
3573 4309
130 4309
314 4918
2403 4404
2410 4309
2691 4988
54 3677
2490 4081
381 4932
3649 3742
2368 4994
67 3758
567 1906
3985 4719
4205 4556
4357 4588
1742 2264
4271 4619
3914 4526
835 4999
3024 4300
3351 4068
3506 4963
3508 4085
2606 2822
2656 2726
1768 4722
177 951
3877 3927
198 4996
1911 2334
3157 3183
400 4778
3675 4437
2264 3025
3415 4988
1385 4041
1369 4556
339 4709
12 4383
3078 4098
2591 4993
2606 3888
2945 3441
1072 4636
1863 3742
2822 2966
837 4897
2822 3697
536 2656
3039 4085
487 3639
3794 4023
3296 3835
3677 3806
4778 4999
2101 4348
3036 4988
2523 4588
2893 4762
3101 3989
3466 3782
4194 4404
1233 4341
1768 4915
4437 4906
4146 4860
1529 3074
193 4491
2004 3985
1233 3441
3742 4140
2893 3415
4134 4309
1264 4508
2394 4744
1865 3411
2702 4918
1072 3537
3045 3241
4719 4945
2176 3726
2591 3835
1261 4999
4261 4271
3024 3764
3758 4611
913 4685
3411 4906
3815 4508
2606 4104
1381 4963
1939 3039
1114 3573
1681 4584
2652 4446
3003 4140
1167 3782
4041 4400
1681 4918
837 4994
643 4600
2099 2748
3677 4477
137 3298
246 4748
2262 4305
1946 2652
3794 4100
2680 4068
3904 4999
4744 4778
3794 4009
2182 4598
3106 4098
198 273
3311 4496
2014 4763
2144 4085
3411 4915
1818 4993
1208 3228
3102 4206
2591 4496
1629 3253
1381 2648
1863 4530
2691 4284
567 4719
1961 2975
381 4526
1261 1385
4437 4722
1259 4935
3437 4748
614 2930
3470 3985
1911 4994
3470 4588
1629 4610
3074 4748
1733 3680
1795 3864
2403 4994
3717 4529
3238 4897
1100 4972
2678 2906
2678 3182
2408 4582
2881 3764
1746 2922
643 4140
4619 4996
4530 4600
3811 4341
2394 4709
679 4508
4722 4906
3439 4123
3351 3356
11 3971
2262 4178
1961 4383
2930 3102
3742 4530
3612 3782
711 3426
2899 3078
3238 4582
2945 4400
2490 4194
2444 2891
2652 2811
3182 3726
4611 4989
411 4098
679 3197
3039 3649
2988 4719
2906 4701
2099 4305
3439 4128
286 4598
1234 3024
2724 3778
4721 4996
2893 3928
1830 3466
3159 4701
4496 4897
4104 4999
314 4748
4526 4989
2388 3437
2734 3696
1742 2834
3675 4915
3232 4935
2680 4996
2008 3362
3782 4081
2585 4963
1427 4404
4610 4860
3684 4815
3459 4619
3758 4205
3351 3459
3403 3989
2574 4963
1862 4108
1549 2164
1261 4778
174 4104
3154 4128
2454 2521
1033 4751
2960 3971
774 3459
1760 4529
1983 2583
4413 4963
659 2058
3017 3603
830 4600
1877 2318
405 1877
2350 4763
3811 4915
2899 4703
2591 4477
2026 4619
4026 4404
4721 4860
691 4989
3078 4993
3757 4751
3154 4123
1233 4437
3621 4751
2026 4289
1085 3334
4413 4988
3823 4404
2042 2262
2418 3677
3281 4600
1818 4491
4748 4849
2950 4918
3274 3651
172 4598
762 4748
1627 2167
3928 4860
2075 3466
2110 3121
1372 1503
1998 4530
3180 4722
655 4622
1795 4945
3957 4300
3758 4989
2953 4123
1929 2024
1208 4751
1906 4945
2644 3403
3228 3989
3877 4289
1389 4598
3758 4778
1304 4146
1766 4134
4404 4491
2811 3949
239 3709
198 4269
3537 4140
3159 4935
1629 4721
2864 3877
3017 4526
536 2726
3180 4915
3603 4622
4529 4703
1385 4701
3933 4993
3971 4348
2179 4123
1529 4446
3257 3537
3914 4932
4906 4915
3372 4614
3356 3459
1085 4545
1854 4764
2585 3245
3506 4988
3232 3959
1245 3068
172 3514
2779 4582
3696 3927
3741 4556
4491 4751
1202 3649
3257 4636
1072 3281
4081 4751
2004 3959
3291 4007
2394 4778
3039 3508
4556 4778
1946 4685
2702 4383
2734 2864
1872 4701
1503 4719
1067 4918
1996 3672
2163 4206
314 4901
633 4289
2388 4901
1296 4915
1536 1960
3106 3717
3534 4477
1942 2850
1983 4989
3045 4496
1916 4400
2334 3726
1503 3628
4140 4530
3928 4963
2893 3506
2127 4935
3653 4762
4076 4400
3106 4026
193 4994
2390 4026
1865 4041
3775 4685
2419 4076
3024 4206
1072 4530
1422 3709
3109 3806
183 2014
1296 4906
4100 4104
4556 4999
1854 4098
3017 4932
1885 4963
1273 1942
273 4721
4124 4357
2110 4289
4508 4945
1202 2350
2163 4303
3742 4636
837 4026
1939 3971
3253 4721
3180 4041
4134 4719
1960 3959
1795 3725
2687 2724
2810 3068
1123 3039
3395 3775
4194 4972
695 4897
3197 3228
2779 4897
312 3325
1372 4945
1783 4988
4009 4023
1946 3888
2480 3046
4009 4032
3046 4722
2702 4901
1261 4611
3045 3238
3078 4764
762 1477
1906 3677
3046 4076
861 1988
492 3971
3869 4763
678 4932
3059 4722
24 4284
297 3651
3628 4569
3628 4134
951 3971
2893 4721
806 4994
880 4309
4305 4598
3416 4918
1860 3616
2691 4610
4104 4685
603 2264
104 4915
3717 4751
603 4932
3352 4685
1766 3725
806 4972
1273 4284
1399 4569
3914 4744
1132 4404
3314 4972
2734 3877
4284 4860
3232 4108
2262 3794
172 3697
890 4932
3311 4935
1182 2590
2984 3439
1246 3835
1308 4996
1860 4636
633 4996
1536 3470
2960 4446
2726 4023
2184 4636
2110 3416
3621 3933
1033 4026
3815 4309
2040 4764
3933 4703
3183 4545
3078 4194
3412 3612
4491 4972
1742 4261
4849 4918
837 4993
2377 4261
2641 4849
1712 4588
60 4383
3983 4982
2648 4701
3616 4167
3025 4437
2170 2822
835 4932
2054 2734
1983 4999
1536 4622
1844 4994
2574 4996
3291 4530
2170 2748
3245 4988
3933 4751
3298 4701
3534 4496
3537 4007
4178 4194
4146 4996
4205 4305
1960 4935
2408 3534
3109 3241
2480 4400
2988 3725
3003 3154
4033 4400
2678 3183
4709 4999
2966 4709
1978 3362
2152 3815
2953 3154
1996 4988
3570 4619
4068 4289
3869 4368
3059 4437
2641 4901
1069 4972
3914 4999
2523 4935
3877 4545
762 4614
1877 2989
1740 4611
3757 4993
1978 3514
2040 4348
4134 4569
12 4849
3426 3877
4400 4915
4497 4901
4269 4996
2987 4918
2368 4972
3067 4305
4098 4994
3651 4996
4748 4982
880 4935
959 1281
4932 4989
3649 3989
3257 3281
4007 4140
2419 3441
476 2184
127 4300
1766 4569
1627 4584
2591 3806
2656 4348
514 4999
1692 3506
3352 3794
3603 4701
174 4685
3036 4815
3757 4764
1783 4762
1245 2179
3621 4764
2318 3426
3983 4901
1308 2680
3437 4982
726 4404
3757 4194
3612 3639
3325 4128
3291 3537
1758 4496
3314 4994
1182 1844
913 3775
1296 1916
4146 4413
3403 3649
525 2984
1334 1629
726 4993
2182 3697
2670 4610
4100 4446
4556 4744
1747 4744
2521 2704
3778 3869
1795 3628
172 3067
137 3253
3877 4849
3412 3869
1427 4994
3245 4284
913 2521
3232 4778
3296 4897
312 3422
2656 4123
2881 3957
2895 3949
3245 4610
3356 4619
4108 4588
2670 4762
2810 3422
948 3570
2656 3325
2987 4748
1601 4945
2014 3869
137 4721
2648 3959
2303 4963
1760 1911
2418 4897
2891 3696
2419 4722
2184 3616
2418 4477
2176 3696
3514 3697
4496 4685
726 4128
1264 4945
1138 4982
678 4999
2454 4685
331 4994
2148 4751
2208 3864
4606 4619
3241 4477
603 4778
2822 4598
2262 4032
67 2702
2597 2984
3395 3971
1773 3067
2394 4999
198 4721
4026 4993
4081 4764
4085 4348
4617 4744
1929 3068
2641 4383
861 4598
2891 3927
3441 4400
726 4703
1247 3197
1334 3672
246 3372
4098 4404
3672 4269
2148 4703
4526 4617
2026 3356
4477 4496
497 3109
2881 3928
3025 4076
4033 4906
2539 3180
1549 4982
2574 4988
3045 4606
4368 4400
3003 3314
1979 2864
2014 3403
3241 3677
4530 4636
4497 4748
4709 4744
104 3949
3106 4764
54 603
3372 4901
4269 4860
2524 2881
1911 4751
3985 4588
2597 4701
2945 4341
514 4989
1138 3372
4341 4437
411 3823
3257 4167
2207 4108
2444 4261
3447 4300
2583 3291
2156 4041
1627 4982
2152 4719
3362 4305
4477 4988
1123 3680
904 4382
2099 3362
4611 4617
614 3639
2779 4606
835 4989
4614 4748
4140 4636
3742 4007
3888 4685
4963 4996
2014 3782
2419 4437
2724 3612
4988 4996
2403 4764
2042 4849
1988 3362
3074 4901
193 4993
2127 2924
2184 4140
1714 4719
2099 3514
4167 4600
2979 4341
3025 3426
3466 3989
2164 4901
514 4617
1167 1955
1372 2410
829 4906
2444 3334
1714 4945
525 2523
1936 4860
3971 4085
3311 4582
4041 4982
3677 4582
3253 4815
2590 3395
1182 4703
1955 4368
3717 4764
657 4763
2641 3983
1742 2891
2930 3447
2262 4721
2367 3182
2524 3764
1854 4703
4413 4610
281 4617
2779 4477
3197 3782
1780 4108
948 3864
3612 3869
2264 2480
1936 4610
1422 4897
2054 3927
4744 4989
3180 4033
1000 4610
177 4348
1740 4526
2966 3697
3281 3742
3068 3439
3508 4348
2408 4477
4205 4989
4081 4972
2652 4685
3959 4935
2953 4128
331 4529
3422 3439
3567 3949
2704 4100
3025 4033
3356 4271
3725 4508
2390 3933
1627 4901
2264 4076
1369 4744
1865 4915
4709 4932
2524 3102
3914 4205
2042 3074
3024 3957
1742 2318
1385 4588
4611 4709
567 4945
2144 3508
1089 4206
3567 3775
24 4815
3314 4081
1916 4437
4404 4764
1085 2318
3573 4945
2178 4357
1247 3989
1548 4963
3904 4526
1741 2726
4491 4993
1627 4382
4026 4081
1241 4994
3078 4751
4614 4901
2984 3470
4178 4685
1245 3325
2101 4085
904 4982
1241 4582
3298 4778
1085 3649
3159 4108
4584 4849
614 4303
1955 4763
2042 2937
2264 4906
3815 4026
1741 2179
3325 4123
481 4994
4383 4614
1447 2924
2893 4932
1089 4303
2004 4935
3933 4098
3989 4368
2163 3764
2895 3888
1873 4100
913 3794
1503 4508
2937 4849
4205 4526
4556 4709
679 4368
830 4007
2704 4685
4617 4999
3298 4999
1960 4622
2178 4701
3352 4446
2652 4023
959 3823
281 4556
2179 2953
3680 4348
3782 3869
400 4744
1768 4906
661 1247
339 4611
2403 4194
4529 4584
1188 4901
286 3697
2334 3877
1955 3101
890 4999
4611 4999
2454 4032
3102 4303
137 4963
2895 4178
3228 4763
172 2748
1182 4935
3983 4709
4721 4815
1760 4993
1998 3742
3003 4600
3675 4722
1536 4935
2687 4763
3621 3823
2899 3628
4614 4982
2368 4764
3651 4289
1067 4982
2176 3334
3109 4128
1863 4945
4009 4178
4556 4611
2922 3046
1188 4497
2008 2906
1998 4140
4404 4529
1425 4932
3422 4685
657 4901
2377 3157
3621 4972
2811 3888
3238 4404
2176 4261
1741 2953
1281 3422
1477 4901
4284 4413
880 4701
1873 2881
4076 4722
4023 4032
3121 4271
94 4763
2262 4023
2008 4935
829 4041
1978 4598
395 4988
2606 3352
3395 3649
2748 3362
177 3395
1714 4508
813 4446
3680 3971
3778 4368
2101 3680
3415 4860
3416 4614
4383 4901
1863 4600
4703 4972
130 4719
1381 4860
1865 3059
2724 3649
1916 4915
3470 4701
3933 4496
2724 4999
1304 4721
3157 4545
4076 4915
4098 4972
3904 4617
4076 4341
1399 2410
339 4989
1536 2644
1961 4584
2893 4815
3059 3441
3651 4619
4556 4569
1281 1929
2008 3180
1241 4194
2403 4026
1085 3696
1447 4622
3621 4491
890 4989
2367 3877
691 4932
4588 4935
3395 4085
1447 4357
1529 4982
3074 4849
3017 4999
2150 2899
3245 4269
3811 4033
1369 4999
2208 4945
3045 3311
1795 4508
1712 2127
3281 4140
4778 4932
1818 2490
2641 4382
161 3985
11 3680
4041 4906
4382 4508
3823 4994
4762 4963
1746 3025
4033 4722
3447 4206
2127 4701
1202 3403
3415 3506
2178 3017
4289 4300
2597 3985
4584 4982
2367 4261
2152 4309
3197 3403
1233 3811
2895 4100
1980 2906
2419 4906
3621 4194
4610 4721
1773 4598
312 3154
3726 3877
1979 3183
793 4748
1188 4982
2024 3154
2726 4123
2524 4300
130 4945
3508 3971
1425 4778
2590 3508
4134 4508
239 4582
633 4271
2182 3514
1872 4588
3835 4897
2419 4915
3253 4860
3447 4303
1733 4993
3914 4611
1304 4860
1692 4413
4269 4963
3274 4271
2648 3470
3437 4497
2670 4815
1156 4194
54 4897
1447 4701
2334 2989
3238 3534
2208 4309
1890 4437
1980 4124
2418 3534
3677 4897
2704 2811
3159 4622
3697 4598
659 4085
1818 4751
525 1857
2101 3508
2110 4271
2156 4033
481 4972
3470 4357
4762 4988
3426 4545
2377 2864
2303 3415
3949 4446
1939 2058
163 3426
476 3039
2054 2834
3959 4357
4124 4701
1830 3649
614 3957
3639 3764
3684 4762
1942 4584
3351 4271
1873 4023
3411 3811
2035 2945
2670 3415
3046 4915
2583 4636
2987 4982
1865 2922
2652 2895
1334 4988
1138 4382
4748 4918
3241 4032
4309 4719
2350 4368
1389 1773
2026 3274
2644 4935
1259 2644
4146 4284
1955 3869
2480 4915
497 3835
3067 3362
4404 4751
1961 4748
3928 4041
2585 4413
3447 4901
2170 4598
3046 4906
3684 4269
286 4305
4194 4611
3183 3696
2734 2891
1760 4918
3437 4918
2408 2591
4146 4721
2975 4982
1296 4437
4617 4932
3741 4526
1873 4685
1979 2678
3983 4497
2480 4906
4569 4945
3325 3422
1988 4598
890 4778
3696 3726
2597 4124
1074 1259
1854 4972
2987 4497
3570 3651
3764 4300
2648 4124
2574 3506
411 4972
2368 3757
4703 4751
3352 4100
3334 3927
3441 4722
678 4989
1906 3864
2606 4100
2026 3570
959 4972
3296 4582
3904 4778
3412 4721
573 4261
2937 2987
2678 2989
3154 3182
54 4496
1830 3412
151 4622
297 4619
1241 4993
3794 4104
3298 4526
2583 4167
2521 2524
3411 4341
1980 2597
3573 3864
2408 4897
3570 4996
3672 3684
4140 4600
3395 4348
4400 4437
2368 4703
3985 4108
2152 4945
1885 4762
3717 4098
1998 4636
1929 2656
1780 2648
2099 3697
1863 4167
4007 4530
837 4404
2040 3395
1741 3422
1072 4600
2148 4993
3697 4305
3109 4606
4477 4582
806 4764
691 3758
3506 4762
3758 4617
2521 4023
1503 4945
4007 4636
1996 2127
1929 4123
1069 4994
1308 4619
3296 3311
297 3459
4404 4993
104 4906
2989 3696
4611 4993
3036 4610
4556 4932
711 2367
2670 4860
2644 3959
3933 4491
3437 4849
1857 1960
1425 4611
880 2170
2895 4009
3351 4289
3815 4945
280 4617
1089 3024
3616 4600
1114 4945
3003 3068
1089 2881
3102 4300
3914 4778
3603 3985
476 3395
4357 4526
3106 4994
1273 4610
3180 4400
4271 4996
1760 4994
4703 4993
1233 4906
4491 4703
3949 4100
2058 3039
2054 2891
3537 3616
1854 4994
4289 4996
314 4383
4383 4918
711 4860
2945 4906
2988 4309
2148 4764
1369 4932
2208 4719
3182 3877
2597 4588
3447 3639
1138 2950
525 3154
3570 4289
4068 4619
3157 3726
3778 3782
1241 3717
4963 4988
3927 4545
2950 4748
3649 3869
2850 4849
3074 4497
2704 4945
1425 4709
3281 4636
1783 4860
2539 4041
481 4751
3257 4128
1740 4932
4368 4763
161 4701
1712 4935
3274 4996
2680 3121
837 4972
2644 4701
3314 3933
4382 4849
567 4569
1548 4815
4526 4709
4205 4932
1877 3426
1123 2590
1780 4935
1746 4915
130 4569
2110 4996
1629 3311
4026 4972
835 4709
2691 4815
1746 3811
3672 4146
1890 4041
2984 3959
2167 4918
4309 4508
1202 4763
2182 4400
381 4778
4205 4744
3106 3823
4098 4751
3778 4763
2179 3422
2418 4496
3775 3949
2035 4722
2521 3775
24 4721
1830 3228
151 3927
3362 3412
835 4744
603 4999
1389 4305
2524 4206
1980 3232
1281 3325
1712 4622
1085 2834
1942 4982
2523 2924
2924 3603
2026 4271
830 4636
2408 3241
2734 3183
3741 4932
3003 4636
3697 4104
3806 4897
4972 4993
281 4932
4721 4988
3649 4368
2418 3835
1692 4963
3811 4041
830 4901
2585 4988
3351 4996
1844 4098
4611 4778
484 4206
2303 4721
643 4636
3157 4261
661 4368
4497 4849
442 3567
2163 2930
18 4719
951 4348
2054 4545
3806 4477
2984 4124
2583 4140
2014 2724
4413 4996
1372 3628
2024 2179
2906 4622
193 4972
2680 4271
2864 4545
3017 3741
2099 4598
1000 4284
2606 4009
2040 3680
297 633
2164 2779
3416 4584
4146 4963
793 4497
573 2334
246 4588
3514 4598
3983 3989
2303 4815
3709 4897
2521 2811
1389 3570
2454 4104
2152 4134
603 4989
1334 4963
4108 4935
3291 4140
3197 3649
4764 4993
183 4763
3621 4994
161 1857
2042 4748
4526 4744
3949 4023
1857 3959
127 4206
3003 4530
3775 3888
2444 3877
3742 4167
381 4709
3395 3508
3506 4860
2850 3074
3806 4606
2734 3426
3416 4849
4146 4815
2704 4104
1259 4124
4617 4778
4033 4915
1281 2726
3296 3971
1167 4763
1100 4491
3466 3649
4614 4918
1983 4778
1939 4085
4497 4614
2388 4918
3238 4477
3036 4413
4815 4963
2881 3024
2930 4206
3334 4545
2490 4764
2678 4261
2127 4124
3949 4009
3742 4134
655 2523
4413 4721
4932 4999
4108 4622
487 3102
1123 4348
3356 4289
3775 4023
286 1988
959 4703
2670 4413
4709 4778
1033 4994
3025 4906
4582 4897
1167 3989
1988 4305
3241 4496
880 4622
1264 3864
2334 4545
2648 3603
2891 4261
806 4993
2110 4619
3823 4491
104 3059
3933 4972
151 3183
2822 3067
4085 4582
3426 4261
3039 3680
1208 2687
1862 4935
2334 3157
3989 4763
2208 4569
3459 4289
1946 4009
3228 4437
4748 4901
3415 4815
3422 4999
3466 3778
395 3102
4584 4748
774 4619
497 4477
1273 4146
2670 3684
1601 1906
2024 4123
2182 4305
2937 4584
4023 4178
3362 3514
3757 4098
3537 4636
3403 4763
3573 3815
3888 3949
1890 3025
3412 4763
1862 3325
2008 3025
2394 4989
1983 4556
1733 4751
2390 3314
2924 3985
3296 4606
411 4994
3325 3439
3003 4128
478 4206
4918 4982
1247 4763
2377 2891
1911 4993
4041 4722
2148 4994
2975 2979
1529 4918
442 3794
3794 4685
273 4988
2403 4993
2937 4614
2394 4932
3573 4134
2822 4305
2539 4076
3933 4529
2264 4915
2591 3709
3412 3989
3573 4508
492 4134
2960 3680
3311 3677
695 2989
4709 4989
3121 4996
1873 3567
3426 3696
2184 4600
2899 4764
4610 4988
3109 4582
484 4303
1740 4556
1961 4918
18 3815
1860 4600
4205 4778
2004 3470
1780 4972
331 4703
4041 4437
4023 4104
951 2101
2178 4588
3245 4413
695 4545
2724 3412
2937 4918
4849 4901
1067 4383
1245 2953
1259 1980
2318 3334
3628 3864
151 3726
2850 4918
1862 3159
2924 4382
2975 3197
813 3352
1281 4123
3612 3778
1381 4815
3603 4108
442 4100
1936 4815
4915 4963
3537 4530
1601 4309
1389 3362
4081 4491
1860 3291
3672 4610
1911 4972
3045 4897
1132 4918
3109 4584
3628 4309
1389 4994
3741 4744
11 3395
3046 4437
3253 4963
492 4348
1742 3927
3197 4368
1241 3933
3311 3835
3274 4619
1998 4146
2176 2834
3928 4762
2834 3696
4526 4556
904 4584
3298 4709
492 3395
193 1247
2163 3102
3036 3684
2167 4383
1369 4709
3257 4600
11 4348
2377 4508
4357 4622
1758 3806
3314 4993
3101 3612
2144 3680
1234 4303
2597 4622
1246 4496
1872 2648
1844 4026
3567 4685
1939 4348
2893 3684
3241 4996
2899 3757
395 4303
2641 4497
3709 4496
3621 4081
3717 4972
4284 4963
2524 4104
4146 4988
1885 4815
3628 4508
1996 4963
3959 4100
94 4309
2656 3439
2881 4300
4007 4167
1381 3672
2590 3709
4205 4709
3121 3651
2042 4614
3291 4636
2811 4032
3957 4303
1282 4348
3537 4167
4491 4764
24 4762
4108 4582
3257 4007
1978 4305
2680 3351
3154 3422
4178 4446
3764 4206
2810 2811
4357 4935
1872 3959
2388 4584
2454 3775
861 4305
484 487
312 3439
3245 4721
3534 4897
3758 4556
4284 4815
1529 4584
2810 3439
3757 4972
679 4763
3046 3811
2318 4545
661 3466
880 3567
1766 4719
3403 3782
2367 4545
3508 4205
4972 4994
3298 4617
514 4744
3003 3439
1692 4988
2164 4382
4108 4357
3864 4897
3741 4709
1885 1936
4989 4999
3864 4134
3775 4303
2678 3877
3815 4569
3466 4763
3416 4748
1069 1844
4744 4932
3416 4497
1074 4357
1132 3372
1389 1978
3046 3182
3888 4100
1712 3017
1747 4999
4529 4993
3291 4167
2035 4906
1863 3616
1425 4999
2748 4598
3616 4530
1714 4134
4382 4383
339 4778
2644 3470
4600 4989
2922 4400
3101 3649
4764 4994
2262 2652
2444 3927
904 4901
3298 4989
2035 4915
4194 4764
1747 4989
3416 4901
2367 2989
492 2590
3157 3334
1247 2303
2008 4915
1422 4496
3764 3957
1156 4751
1069 1427
4357 4701
3197 3412
2924 4588
1946 4446
2988 4945
1132 2987
2184 4167
4382 4901
3914 4989
2182 3653
2303 4860
1795 4719
2678 3426
4194 4614
3709 4477
4284 4996
1877 4545
67 2388
3823 4703
1447 2035
3904 4709
3741 4205
1766 4945
2680 4619
4508 4569
2058 4348
3806 4582
2691 4963
2906 3017
1369 3232
3183 3334
3742 4600
3101 4368
3274 4068
2937 2975
405 2454
2652 4906
3314 4751
3725 4134
3726 4545
3281 4530
1946 3352
1780 3159
1208 3101
1033 4993
1308 3651
54 4477
1381 4988
3823 4751
3628 4719
1282 2590
4382 4584
2922 4722
2906 4357
1906 4508
273 3245
1746 4341
4400 4722
4529 4751
3675 4400
3274 4289
3603 3959
2075 3778
1996 4860
913 4100
2704 4009
3311 4606
2924 4108
2641 4918
1422 3534
3639 4300
104 2480
1629 4762
678 4744
2922 4915
4194 4994
1422 3677
4496 4582
4497 4584
2170 3067
1988 2822
2207 4935
2881 3447
2035 4400
3351 4619
1942 4849
3815 4134
4269 4815
4357 4529
314 4584
2388 4614
3684 4963
2539 4722
3257 3742
4383 4584
2150 4701
691 4999
3102 3447
3904 4205
1890 4906
3351 3651
3675 4906
2850 4901
861 1978
1089 4300
2606 4446
3675 4341
4617 4989
400 4303
3296 3709
331 4081
1942 4918
2726 3068
2156 3411
3311 4477
4205 4999
2176 3927
1862 1980
1996 4762
1998 4600
1741 2024
4901 4982
4778 4989
1872 4972
3068 3325
1916 4906
2922 3059
4815 4860
4076 4477
1100 4994
3459 4271
4300 4303
1067 4382
659 2960
3253 4413
1529 4748
3508 3680
4477 4897
1264 4719
2585 4815
127 3764
2988 3024
3758 4526
4556 4989
497 4932
3983 4849
3241 4897
1747 4932
2899 4994
3362 4598
2110 4068
3717 4993
3904 4744
4032 4104
2895 3567
3758 4744
163 4261
2930 3639
3794 3949
2167 4901
2811 3352
4762 4860
3534 4582
1780 4701
3888 4897
1033 4491
1529 4614
3989 4989
281 4999
2207 4588
2377 3877
4041 4915
1758 4897
726 4994
1885 4860
536 3154
163 2678
3245 4963
4194 4703
2539 4437
1334 4860
2178 4206
11 2863
12 3460
18 4406
24 4816
54 4845
60 3240
67 1923
94 4245
104 3942
127 1165
130 3572
137 3185
151 4486
161 4877
163 1173
172 4618
174 3576
177 4787
183 4063
193 4942
198 4928
239 2261
246 1387
273 4659
280 2861
281 4359
286 3393
297 4601
312 4949
314 4893
331 4017
339 346
381 1815
395 3002
400 3547
405 2286
411 4655
442 3729
476 4647
478 2664
481 4731
484 3260
487 3505
492 4884
497 4955
514 3656
525 2405
536 4705
567 1171
573 4830
614 4218
633 2619
643 2291
655 1654
657 4871
659 4487
661 3604
678 4707
679 4947
691 3733
695 3783
711 2391
726 2882
762 4779
774 4176
793 795
806 4304
813 4895
829 1625
830 4565
835 3443
837 4570
861 4955
890 2234
904 4825
913 4917
948 4739
951 3813
562 959
1000 2400
1033 3458
1067 4832
1069 3893
1072 4904
1074 4959
1085 3926
632 1089
1100 4859
1114 4971
1123 4637
1132 4243
1138 4950
1156 4699
1167 4635
501 1182
1188 1299
1202 4597
1208 4087
1233 3889
1226 1234
84 1241
1245 2401
1246 4920
1247 4322
1259 3084
1261 4539
1264 4560
1273 4848
1281 4964
1282 2239
1296 3323
1304 2386
1308 2818
1334 3990
1025 1369
1372 3173
1381 3896
1385 4566
445 1389
1399 3896
1422 4845
1425 4350
1427 4273
1447 1630
919 1477
1503 2043
157 1529
1536 4784
1548 2575
1549 3689
1601 4682
1627 3693
1629 2063
599 1681
1692 4847
1712 4924
1714 4483
1733 2005
1740 4170
1741 4389
1742 4708
1746 2674
1747 4231
200 1758
1760 1913
1087 1766
1768 4575
1773 4116
733 1780
1783 4503
1795 4356
759 1818
1830 4947
1844 4358
1854 2760
1856 1857
1860 4444
1862 4833
1863 4554
1340 1865
1872 4729
1873 4578
1877 3819
1885 2494
1238 1890
1906 4337
1911 1944
1916 3608
1929 4730
1936 4415
1191 1939
1942 3425
1481 1946
1955 2605
1960 2842
1961 3317
553 1978
1979 4842
1980 3839
1299 1983
1988 2563
1996 4974
1998 4247
2004 4291
2008 4259
2014 2413
2024 4970
2026 2645
2035 2113
2040 4880
2042 4800
2054 2602
490 2058
2075 4947
2099 4940
1724 2101
2110 3981
2127 4908
732 2144
2148 3814
2150 4625
2152 4854
2156 4233
2163 3803
2164 4224
2167 2247
169 2170
579 2176
2178 4995
2179 2685
2182 2756
1059 2184
56 2207
550 2208
1176 2262
2264 3830
2303 4385
2318 4892
2334 3013
2350 4947
2367 3751
2368 3631
2053 2377
2388 4695
2390 4586
2394 3521
1973 2403
2408 3443
2410 4938
409 2418
2419 2816
2444 4188
2454 4580
2480 4846
2213 2490
2521 4868
2523 4758
2524 4586
2539 3275
2574 2667
2583 4666
2585 4712
2590 3256
2591 2941
1460 2597
2606 2943
2641 4377
2644 4216
2647 2648
2652 4518
2656 4792
2670 4799
2678 4323
672 2680
2687 4947
2691 4073
2702 4907
2704 3239
2724 4536
2726 2920
2734 4839
2748 4586
2779 3177
2810 4863
1675 2811
2822 4559
2834 3752
2850 4966
2864 4801
2881 3265
2891 4302
2124 2893
2895 4868
2899 4571
990 2906
2922 4292
2924 3360
2930 4727
1388 2937
2889 2945
2950 4892
2953 3098
2960 4655
2966 4837
2975 3477
2979 4954
2984 4912
1262 2987
840 2988
2861 2989
1400 3003
1853 3017
3024 4522
3025 3918
3036 4133
3039 4830
3045 4973
415 3046
3059 3966
3067 4642
3068 4122
789 3074
3078 3965
3101 4668
3005 3102
3106 4889
3105 3109
3121 4965
3154 4343
3157 3595
3159 4783
3180 4233
3182 4020
3183 4929
578 3197
2675 3228
3232 4899
3238 4905
1534 3241
3245 4726
3253 3349
3257 4926
3274 3285
3281 3802
3291 4768
2351 3296
3298 4675
2643 3311
3314 4639
2944 3325
3334 3799
3166 3351
1504 3352
1987 3356
1120 3362
3231 3372
3395 3765
3403 4934
3031 3411
645 3412
2869 3415
3416 3714
1196 3422
3176 3426
1203 3437
3439 4784
3441 4834
1048 3447
3459 4175
3466 4091
2928 3470
3506 3875
1913 3508
2555 3514
3498 3534
3537 4449
3567 4580
3570 4831
3573 4493
1966 3603
1952 3612
1868 3616
2695 3621
1364 3628
1463 3639
3649 4947
2541 3651
3653 4735
2471 3672
3675 3865
3677 4502
3680 4129
3684 4453
3696 4739
3697 4577
342 3709
3717 4132
3725 4851
3726 4429
3741 4638
1789 3742
3757 4824
3758 4962
3127 3764
3770 3775
3778 4061
2452 3782
3794 4868
3806 4353
1490 3811
2483 3815
3823 4931
3835 4632
3864 4223
1736 3869
2543 3877
1931 3888
3904 4729
2662 3914
3927 3940
1025 3928
3933 4448
3949 4439
3194 3957
3959 4065
3878 3971
3983 4365
3985 4902
3989 4670
3873 4007
4009 4873
1329 4023
3302 4026
4032 4674
4033 4844
4041 4046
4068 4638
4076 4187
4081 4765
2369 4085
4098 4372
1989 4100
2708 4104
2708 4108
1196 4123
4117 4124
4128 4755
854 4134
4140 4187
4146 4410
4167 4865
4178 4452
2755 4194
3053 4205
2897 4206
4261 4905
4269 4337
2876 4271
3599 4284
4289 4734
2132 4300
3544 4303
4305 4741
2755 4309
4341 4655
2239 4348
637 4357
1580 4368
1250 4382
1042 4383
2985 4400
4404 4447
2616 4413
4437 4927
4446 4940
2165 4477
4491 4787
4434 4496
879 4497
4508 4574
3318 4526
4381 4529
2857 4530
4545 4910
4556 4567
598 4569
4582 4957
3335 4584
3227 4588
577 4598
2699 4600
4603 4606
4610 4912
4595 4611
3480 4614
4617 4618
4619 4855
1682 4622
3284 4636
4442 4685
3954 4701
2769 4703
4709 4741
413 4719
4721 4893
4722 4976
4494 4744
2102 4748
4751 4793
3932 4762
4763 4995
4752 4764
4778 4779
3550 4815
491 4849
4462 4860
4896 4897
3469 4901
4684 4906
1812 4915
4044 4918
1621 4932
2679 4935
4945 4951
3850 4963
4926 4972
1173 4982
513 4988
984 4989
499 4993
4066 4994
1886 4996
2703 4999
12 4594
18 439
24 2216
54 4138
67 4574
94 97
104 4734
127 4442
130 1571
161 4092
163 4169
172 4112
174 4757
177 1451
183 2859
193 3771
198 1256
239 4954
246 4981
273 4895
280 4780
281 4833
286 3207
297 886
314 1638
331 2055
339 4712
381 1078
395 4975
400 2259
405 3007
411 4833
442 1919
476 672
478 4907
481 4347
484 3838
487 4796
492 4252
497 2785
514 4766
525 4213
536 4438
567 4888
573 4634
614 4675
633 4662
643 4899
655 4320
657 1383
661 4991
679 4086
691 2489
695 3588
711 714
726 1538
762 3630
774 4933
793 4466
806 4657
813 2481
829 4858
830 2246
835 4761
837 4222
890 4910
904 3954
913 4712
948 4578
951 1743
959 4955
1000 4857
1033 4150
1067 4865
91 1069
1072 4954
1074 4928
1089 3738
1100 3892
1114 3944
1123 3369
1138 1557
1156 4152
1167 4505
1182 3305
1188 3132
1208 4030
1233 4406
1234 2018
1245 4320
1246 3340
1247 2535
1259 4660
1261 3571
1264 3962
1282 3443
1296 3186
1304 4470
1308 1583
1334 3503
1372 3960
1381 2973
1385 4924
1135 1389
1399 4450
1422 3176
1425 4257
1427 4887
1447 1845
1477 4071
44 1503
1529 4911
1536 4367
1548 3091
1549 3816
1601 4943
1623 1627
1629 4909
1681 3428
1692 4813
1712 4851
1714 3648
1733 4562
868 1740
1741 3692
1742 2700
1559 1746
1747 4872
398 1758
1662 1760
1766 4166
1768 4436
1773 3137
1780 4380
1783 4397
1795 2661
1818 4676
602 1830
1844 4380
1854 1855
1857 2257
1860 2967
1862 4814
1863 4177
1865 3604
1872 4346
1873 4580
1877 2474
1774 1885
1890 4378
1906 4909
1911 4806
1916 3328
1929 4207
1936 4402
1939 4465
1946 3889
1955 4746
1960 4224
1961 4536
1978 3924
1979 3206
1980 4998
1983 4702
1988 3908
1996 2617
1691 1998
1016 2004
2008 4755
2014 4808
2024 4733
2026 3962
2035 2366
2040 4555
2042 4089
2054 4576
2058 3710
2075 3860
2099 2894
2101 3871
2110 4539
2127 4325
2144 4153
2148 2228
2150 4743
2152 3669
2156 4254
2163 3922
1023 2164
2167 3626
2170 4643
2176 4833
2178 4770
2179 3970
2182 4678
2184 3966
2207 2505
2208 3996
2264 4907
2303 4367
2318 2773
2334 4469
2350 4779
2367 4478
2368 2430
2377 4796
2388 3181
2390 4826
2394 4489
2403 4851
2408 4924
2410 4231
2418 3687
2419 4796
2444 4106
2454 4641
1482 2480
2490 4802
2443 2521
2523 4830
2524 3520
2539 4565
2574 4825
2583 4591
2183 2585
2590 3979
2591 4213
2597 3913
2606 4846
2641 4394
2644 3948
2648 3496
1254 2652
2018 2656
2455 2670
2678 4531
2680 4392
2687 4457
427 2691
2702 3922
2704 4868
2724 4745
2726 3769
2734 4470
2748 4874
2779 4978
2810 4970
2811 4338
2822 2827
2834 4905
2850 4434
2864 3828
2881 4358
2891 3231
2893 4951
2895 4086
2899 3131
2906 3134
2922 4022
2924 4735
2688 2930
2937 4909
2945 4460
2950 3822
2953 3574
2960 4288
2966 4549
2975 4727
2979 4575
1417 2984
2987 4287
2346 2988
2989 4360
3003 4601
3017 4462
3024 3796
359 3025
3036 4879
173 3039
3045 4646
3046 4088
3059 3112
3067 4940
3068 4397
3074 4717
3078 4177
3101 4947
896 3102
2773 3106
3109 4015
2257 3121
3154 4952
3157 4373
3151 3159
3180 3648
3182 4509
3183 4143
3197 3202
3228 4028
3009 3232
3238 4626
1982 3241
3245 3931
3253 4543
2686 3257
1840 3274
3281 3844
3291 4902
3296 4700
587 3298
3314 4974
2102 3325
3334 3759
199 3351
3352 4987
3356 3513
3362 4717
3369 3372
641 3395
2263 3403
1289 3411
1699 3412
3415 3517
3416 4957
3422 4639
3426 4832
2518 3437
3439 4674
3441 4252
3433 3447
3459 4833
2684 3466
3436 3470
2320 3506
698 3508
2466 3514
3534 4462
3537 4998
3376 3567
1715 3570
2205 3573
656 3603
3034 3612
3616 4002
3621 4345
3628 4043
3639 4793
3649 4866
3651 4706
3653 4923
3390 3672
3675 4094
3677 4573
989 3680
918 3684
3696 4771
1343 3697
1646 3709
3715 3717
3216 3725
3726 4754
3741 4992
2823 3742
3757 3834
2343 3758
3764 4366
2994 3775
3778 4327
3782 3792
3794 3974
3797 3806
3811 3825
2045 3815
3823 3912
900 3835
2576 3864
3869 4565
3877 4917
3888 4868
3904 4494
3586 3914
3327 3927
3928 4327
3922 3933
3131 3949
1511 3957
3959 3962
182 3971
3849 3983
3985 4914
3910 3989
2389 4007
4009 4821
4023 4885
3178 4026
3504 4032
4024 4033
4041 4956
3774 4068
3177 4076
4081 4182
2946 4085
4098 4642
4100 4199
2915 4104
237 4108
4123 4887
647 4124
4089 4128
2452 4134
4140 4903
3730 4146
1624 4167
107 4178
1402 4194
1017 4205
4206 4223
2347 4261
2193 4269
2620 4271
4138 4284
4289 4720
3117 4300
3255 4303
4305 4790
4309 4927
4341 4793
1328 4348
4357 4716
4368 4879
4382 4386
4338 4383
3070 4400
4404 4448
3617 4413
1893 4437
4446 4868
4477 4509
3955 4491
4480 4496
3528 4497
3464 4508
4526 4957
3151 4529
4189 4530
3632 4545
4299 4556
4338 4569
4548 4582
1198 4584
2382 4588
3636 4598
4600 4899
3485 4606
4065 4610
4458 4611
2646 4614
3760 4617
4574 4619
4622 4783
4376 4636
4139 4685
4701 4797
4703 4881
4704 4709
3016 4719
4721 4780
4722 4745
3406 4744
4667 4748
4751 4794
4092 4762
1002 4763
4522 4764
3553 4778
231 4815
3632 4849
208 4860
2106 4897
4899 4901
3865 4906
3574 4915
4904 4918
4631 4932
4935 4975
4663 4945
914 4963
4878 4972
3906 4982
4353 4988
4936 4989
1895 4993
4936 4994
3715 4996
4740 4999
18 3711
24 3358
127 2886
161 2384
163 4464
246 4903
273 4387
280 4998
281 373
286 2684
339 3889
381 4182
405 4204
411 2038
478 4311
481 4360
487 2599
525 4467
567 3730
573 926
655 4259
657 3934
578 691
695 4750
762 4501
774 4541
793 4181
806 3149
829 4780
835 4967
904 4875
913 4184
1000 2914
1067 4692
1089 4567
1114 4911
1123 4551
1167 4239
1188 3891
1233 1324
1234 4408
1246 4684
1259 3881
1296 3865
1308 3969
1372 4412
1385 4903
1399 4659
1422 4876
1427 4672
1447 3022
1503 3771
1536 4725
611 1548
1549 4971
1629 4686
1681 4650
696 1692
1712 4387
1733 4207
1740 4589
1742 4506
1746 4403
1747 4904
1758 4494
1766 3799
1768 4233
1780 4844
1783 4821
1795 3645
1818 3706
1830 4948
1857 3194
1860 3716
1863 4699
1865 4969
1873 4254
1877 3924
1885 4803
1890 3710
1916 4195
1929 4540
1936 4862
1939 3471
1946 3926
1955 4947
1961 4939
998 1978
1979 3295
1996 3219
2004 3730
2008 4486
2024 3858
2026 2742
2035 4441
2040 4558
2054 3803
2058 3267
2075 4985
2099 3166
2101 4378
2110 4968
2127 4259
2144 4766
2148 3800
2150 4351
2152 4850
2156 2241
2164 4285
2167 3158
1344 2170
2176 4931
2178 4138
2179 4455
2208 2510
2334 4964
2350 4492
2367 4950
2377 4538
2390 4541
1903 2394
2403 2737
2252 2408
2410 3547
1808 2418
2419 4631
2444 4390
2490 2705
2521 3875
2523 4875
2539 3865
2574 4160
2583 3969
2585 4952
2387 2590
2591 3903
2597 4593
2606 4871
187 2641
2648 4387
2652 3548
2656 4089
291 2670
2678 3420
2680 4732
2687 4203
2691 3065
2702 3423
2704 4808
2724 4620
2748 4150
2779 4695
2810 4723
2822 3909
2834 3405
2850 4692
2891 3991
2899 2973
2906 3402
2922 4675
2924 4601
2546 2930
2937 4720
2945 4889
2953 4421
2960 4705
2966 4429
2975 4858
1572 2979
2984 4838
2987 3054
2988 3075
2989 4912
3003 4711
3017 4578
195 3024
3025 4411
3036 4321
3039 4049
3045 3998
3059 4858
3067 4405
3068 4857
3074 4913
3078 4249
3101 4879
3102 3315
3106 4798
3109 4566
1436 3121
1945 3154
3157 3704
1726 3159
3180 4463
3182 4776
3183 3349
3197 4842
3228 4301
3042 3232
3238 4396
3245 4093
3253 4498
3257 4154
3274 4819
3281 4061
3291 4960
3296 4193
3298 4327
2672 3314
3325 4884
3334 3951
3346 3351
3294 3352
3356 3852
3357 3362
3403 4947
2744 3411
3412 4947
3415 4951
3416 4432
3422 4944
1683 3426
3437 4356
3439 4189
3441 4960
3447 3898
3435 3459
1521 3466
3345 3470
3506 3676
349 3514
3534 4858
1726 3537
3567 4964
3570 4961
3573 4063
2573 3603
3612 4997
1288 3616
3064 3621
3628 4890
3639 4916
3651 4256
3653 4576
3672 4923
3675 4423
3677 4929
2643 3680
3684 4352
1161 3696
3697 4452
3709 4079
1205 3717
3725 4427
3726 4724
3162 3741
3742 4853
3757 4559
3758 3955
2162 3764
3775 4933
3778 4680
3782 4028
2038 3794
2699 3806
3811 4304
3815 4241
3823 4616
3835 4245
3723 3864
3869 4028
3877 4273
3888 4847
3824 3904
3914 4435
3927 4908
3739 3928
3933 4943
3949 4840
3957 3965
3959 4254
3971 3980
3421 3983
3136 3985
3989 3997
3980 4007
4009 4558
4026 4680
4031 4032
3865 4033
4041 4487
3842 4068
2580 4076
4081 4647
4085 4440
2385 4098
4100 4868
3562 4104
1684 4108
2476 4123
1356 4124
4128 4912
1227 4134
4140 4725
4146 4694
3703 4167
3874 4178
2532 4194
4193 4205
3635 4206
2214 4261
4269 4688
3812 4271
4284 4456
3686 4289
328 4300
3012 4303
1918 4305
2044 4309
3309 4341
4348 4551
3226 4357
4028 4368
3786 4382
3446 4383
4400 4646
4404 4817
4413 4423
4435 4437
4446 4453
4477 4587
4385 4491
4496 4854
4497 4791
1346 4508
4487 4526
998 4529
2463 4530
3497 4545
4191 4556
4569 4937
4218 4582
4138 4584
4077 4588
1401 4598
4600 4958
874 4606
4610 4650
3937 4611
4614 4623
4142 4617
968 4619
4622 4952
4395 4636
4281 4685
4019 4701
4336 4703
4476 4709
3318 4719
3455 4721
2929 4722
4196 4744
4708 4748
3917 4751
4083 4762
3791 4763
3715 4764
4642 4778
4736 4815
4836 4849
4860 4956
4897 4900
4723 4901
2487 4906
4212 4915
4918 4943
4932 4990
4922 4935
3750 4945
4473 4963
4149 4972
2402 4982
3392 4988
4978 4989
4687 4993
4596 4994
3873 4996
3414 4999
246 4791
657 4986
774 4904
904 2774
1385 4951
1681 4696
1712 2405
1733 4356
1758 4930
1783 4637
1873 4213
2040 4646
2150 4980
2179 4639
2350 4467
2390 4520
2444 3424
2490 4447
2583 3912
2597 4066
2691 4490
2810 4523
2906 3336
2975 4501
2979 4418
2988 4661
3059 4594
3067 4767
3068 4179
3102 3900
3154 3155
3159 4298
3238 4997
3403 3991
3415 4802
3437 4728
3447 4335
3459 4851
3537 4995
3567 4318
3603 4499
2535 3612
3616 4984
2031 3628
3672 4624
3677 4698
3697 3843
3709 4841
3726 4106
3741 4393
3775 4580
3782 4947
2106 3806
3786 3811
3520 3823
3864 4216
3928 4682
3949 4868
3985 3991
3989 4696
4007 4892
4009 4962
4026 4170
4032 4868
4033 4729
4076 4737
4085 4359
4104 4944
4108 4119
4124 4125
4008 4128
4134 4503
4140 4967
4178 4868
4205 4986
4269 4414
3747 4271
3796 4303
4341 4384
4357 4608
2535 4368
4332 4383
4400 4795
4404 4438
4413 4977
4446 4513
4477 4758
3884 4491
4497 4501
2519 4508
3960 4529
4122 4569
4327 4582
4598 4872
4553 4610
4611 4758
4614 4946
3167 4617
4459 4636
4580 4685
4635 4701
4703 4708
4722 4805
4748 4991
4763 4947
4501 4849
3203 4860
4501 4901
4361 4906
3780 4915
4655 4918
4935 4986
4747 4945
4706 4963
4970 4972
4296 4982
4881 4988
4944 4989
2905 4994
4510 4999
3928 4914
4009 4580
4032 4580
4497 4580
3970 4763
4965 4982
