130 4327
1090 2364
1081 4947
1570 1931
3106 4844
585 1988
3825 4300
4897 4905
999 4925
361 367
2111 4233
3185 4779
1177 1319
2322 4646
3133 3374
2439 3753
387 1369
2384 4958
3569 3998
3045 4333
4222 4925
552 883
3493 4591
1983 3906
1318 4502
292 4958
430 3912
592 4487
780 2114
2373 3049
2668 4079
3011 4335
3563 3569
4134 4925
4487 4868
3373 4737
3860 4341
163 4905
1389 4072
1952 4233
2114 4504
1903 4666
3133 4177
3518 4576
901 4913
1550 4836
835 3841
1903 3774
942 3544
1032 2632
1869 4114
728 4042
1367 4606
1167 4983
1227 4958
3374 3955
2769 4704
1318 3978
1880 2114
2457 2753
3955 4291
2201 2550
3374 4936
3091 4134
889 4818
1002 4947
2587 3622
1909 4446
1263 3878
2028 3933
3955 4983
2485 3343
3443 3878
243 4913
369 2674
2350 2908
3536 4511
4014 4709
3374 4947
1906 3182
2394 3094
1939 4059
3544 4591
4038 4576
3185 4725
2756 3756
393 4958
4515 4947
968 4763
883 4542
1121 1695
1273 4797
1310 4737
1415 3514
999 4897
2231 4797
3199 3860
1988 2114
2792 3995
3365 4502
4046 4418
4324 4797
3374 4177
2471 4704
3142 4808
1787 4846
2080 3790
2853 4947
4779 4925
1033 4671
3016 3185
4530 4958
1097 4487
1869 4157
2642 4936
402 4894
1578 4003
3123 4737
445 3878
3774 4576
1547 3912
947 4014
2608 4951
4846 4897
1695 3063
4779 4857
342 4640
1946 4857
3814 4046
2471 4846
3233 3472
903 2221
4038 4461
2792 3493
1415 3191
1906 4983
4177 4328
1434 4704
6 4511
1103 1761
1097 4842
3860 4240
4078 4502
4443 4737
2817 4342
430 3847
609 4913
3643 4042
2460 4436
3752 3976
2471 4905
1090 4797
3240 4067
4439 4613
3955 4947
4613 4779
3075 4576
2089 3011
3998 4925
2433 4591
2642 4487
616 1310
1167 3133
1422 3578
2457 4003
4461 4671
1909 3443
2087 4846
4327 4897
1561 1810
3069 3092
3309 4388
3955 4260
648 3199
3912 4177
1422 3092
1113 2952
1367 2150
2111 4542
3182 3976
3161 4029
2908 4836
99 739
311 2058
2766 4101
2837 4640
2912 4282
3390 4341
4436 4894
907 2518
3185 3860
1422 4282
2908 4763
3998 4857
4324 4436
4042 4511
1038 4671
501 3530
2853 4983
1946 4818
4324 4640
1578 3941
4296 4630
3094 4591
1137 4737
292 2384
3060 3677
1099 4059
3847 4291
4232 4354
1761 3895
1415 4379
2591 4325
257 3752
2416 4666
2659 4038
3669 4325
123 4846
2414 4947
2766 4324
99 4530
1276 4737
2747 4418
3995 4130
4576 4808
2898 4983
3204 4042
3106 4646
4134 4779
3569 4925
3814 4576
1479 2931
4232 4958
2817 3667
4059 4868
3075 4241
727 4504
2853 4328
2416 4550
2350 4868
1578 1869
1721 2931
4550 4576
1269 4913
4078 4328
2761 4960
1855 4836
4090 4640
251 1360
2058 4078
3045 4090
3774 4671
292 3139
398 3860
3998 4818
2791 4905
3398 4388
4241 4550
4591 4606
3193 3443
1547 4983
1531 4325
3547 4808
2414 4502
803 3544
2364 4324
2373 3941
3677 4328
2593 3373
1939 4868
1549 4905
3563 4114
4222 4857
3142 4046
4636 4836
1177 4868
1578 1785
3569 4725
2394 4606
3912 3976
480 4737
1113 3933
4067 4704
4180 4704
2032 3841
2792 3825
3240 4913
480 3092
2221 2350
3092 4309
907 4905
2747 4550
2912 4487
780 3883
367 2565
846 3479
3075 3799
4418 4808
1168 4797
123 4913
2502 3643
230 364
1090 4842
3493 4960
195 2308
2530 4487
3343 4630
739 3011
1027 3669
130 4983
3718 3906
1812 3497
2550 3622
1770 3063
1002 4515
3123 3563
1027 3011
3180 4763
2792 2944
402 2640
1743 2889
1949 3814
3497 4288
3479 3530
1319 3180
3139 4288
4038 4671
285 4418
1033 3518
2764 4913
3193 4341
441 4983
800 4335
1227 4232
901 4180
1168 4436
2080 4836
803 4260
3669 4530
398 4342
3385 4049
3028 3317
441 2853
2032 4232
4388 4868
3669 4958
2322 2515
38 3758
842 2952
1690 4725
3847 4515
4725 4857
257 4983
3204 3343
119 3933
1367 4951
2353 4511
3180 3538
4049 4504
2640 4725
2414 4078
2796 4003
3185 4818
342 4844
1389 2532
883 4443
2110 4157
1931 4797
3204 3536
3933 4897
1550 3317
3976 4177
2382 3092
1299 2315
163 4846
3758 4029
3094 3161
1609 4763
1020 1137
3860 4342
3343 3906
2817 4240
303 4704
676 4763
2364 4436
4059 4836
1388 3390
3028 3538
2063 4709
1097 4646
999 1966
2343 4846
1641 4846
3976 4894
2027 4844
1167 3055
1309 1325
3133 4515
3578 4844
2373 4003
3275 4868
1113 4913
2416 4808
4014 4818
3142 4418
2515 4844
1274 4836
3069 3373
527 4101
1032 3236
2739 4797
2028 4282
2632 4502
2089 3530
1890 4960
2802 4327
1603 2668
2502 3718
1259 3075
846 4328
1436 4504
1310 4443
1810 3978
4606 4960
2805 4951
623 4960
1588 4960
4436 4797
1988 3385
1325 3069
585 4504
3355 4925
1096 2659
1225 4296
2063 4542
3161 3640
585 3883
1121 2931
1369 2753
1983 4333
130 4049
1081 4983
3443 4446
2414 3978
3667 3878
727 4049
4309 4443
4291 4983
1721 2488
903 2244
1641 3933
219 4894
382 4606
230 4049
2058 4502
1810 3860
4046 4241
4014 4542
390 1770
3309 4763
4114 4157
2292 3240
1693 2756
2087 4157
3544 4606
1988 4327
3275 4836
3075 4461
1033 4072
1890 4606
3536 4296
835 3497
3180 4836
1453 3753
3493 4951
2322 4842
3756 4078
4241 4576
3906 4333
3055 3752
3841 4288
4846 4905
648 3193
2817 4341
3355 4725
243 4846
947 4844
3814 4461
1269 2315
1890 4130
2674 3016
2837 4646
4177 4951
2027 4487
3142 4072
1028 4818
3758 4260
4232 4288
627 4613
728 4630
1167 4947
1603 4335
3912 4291
1259 2929
1766 4354
2889 3236
759 3878
1919 4309
2343 4067
4177 4936
4328 4983
2471 4897
2608 4260
1550 4868
1919 2382
1614 1906
1810 4078
1422 4844
4177 4630
18 4671
1259 4038
1721 3063
1529 2128
2363 4078
3355 4818
3790 4059
4461 4808
1021 3547
2308 4960
999 4067
1274 4763
1567 2802
4515 4983
3180 4868
1952 4709
4291 4947
3847 4983
3162 4282
3472 4222
2515 4282
1389 4550
3355 4779
441 4936
1038 3799
2343 4897
702 4328
3472 4439
2350 4059
4300 4606
4090 4646
430 3976
4042 4296
3472 4779
16 4936
2952 4905
4079 4530
1436 2061
2515 2912
1785 4157
2547 4818
1168 4894
3246 3995
2587 4842
2364 4379
3049 4613
3094 4606
4101 4324
1453 4857
3398 4640
1695 3995
2836 4636
1020 4737
219 4936
3233 4222
2593 4436
2545 3133
3139 3479
548 2065
1869 3941
2221 4763
3952 4502
3563 4737
672 4511
2929 4461
4779 4818
3758 4951
445 4446
779 4296
3139 3253
2419 4354
1545 2315
2836 4007
4328 4947
1787 4067
1176 4925
1641 4897
1890 2761
2791 4897
846 4947
1549 4846
1770 2931
1177 4059
2485 4511
2231 2593
393 4288
1579 4913
1360 2373
1693 2120
1032 4502
567 2376
339 4059
1388 3443
3015 3506
1422 4640
4046 4576
2659 4241
2802 3883
1325 4737
3952 3978
364 4504
4936 4947
3204 4511
1299 4897
501 846
4059 4763
1096 4576
285 4576
2363 3952
2640 4379
1044 2908
4288 4325
707 2471
2061 4842
1038 4808
3055 4951
473 4260
624 1603
3236 3952
4613 4857
907 4897
3060 3955
883 4737
2054 4591
117 4947
2439 4180
2479 3756
2532 4576
2632 3236
3825 4591
2063 4439
1785 2591
4049 4327
624 4958
1319 4763
1743 4894
3998 4439
1561 3756
387 4114
765 1687
2353 4630
4079 4232
2350 3317
205 3518
1081 4936
3385 4504
2485 4296
4328 4936
2898 4947
684 4894
4180 4905
3199 3390
2591 3669
3547 4418
2952 3236
1027 4335
2319 3385
2457 2796
780 4504
257 3912
527 4797
1599 4857
1263 3667
447 4646
3094 4130
364 4327
1739 4029
2350 4763
3049 4157
2027 4090
2315 4897
3106 4842
3841 4530
342 4842
2764 4067
3514 3544
292 2545
3677 4983
2460 2593
2591 4354
4704 4905
1966 3895
3191 4324
3995 4960
3139 4354
1983 4296
1826 4671
2244 4836
2550 4090
1903 4671
586 4309
3317 4388
3028 4388
445 3162
3182 3912
3199 4341
779 4333
598 4515
3976 4291
648 4341
3142 4576
1721 3015
2796 4114
4134 4857
4134 4439
3799 4550
1920 4341
4613 4709
195 4951
3538 4868
1276 4443
2659 2929
3536 4333
1121 1529
1042 2201
707 4704
3015 4504
3569 4542
4449 4709
1438 2032
1739 3246
703 4446
4046 4808
4868 4894
3191 4894
814 3538
2593 4379
3343 4511
3479 4335
1276 3123
1273 2640
1070 3530
3547 4666
3569 4134
1599 4709
703 4342
1906 4936
2547 4725
2364 4101
1949 4241
2761 4130
1099 4636
2093 4818
728 3906
311 2756
3193 4240
702 4291
2550 4844
2244 4868
2028 4646
3753 4905
1529 3015
2802 4550
473 3758
4763 4836
3015 3016
4335 4342
702 4951
4951 4983
6 4958
1273 4078
2308 3640
4449 4925
2028 2837
3895 4709
2532 3814
1544 4725
3799 4418
4072 4671
2929 4072
1137 3123
1880 4327
1931 4894
814 4388
4704 4846
3978 4078
2319 2376
4542 4613
3233 4925
3293 4666
3028 3790
2307 4333
3045 4844
3860 4446
634 4354
1570 2231
1099 4763
4014 4725
342 4646
2640 4436
2547 4449
4542 4818
155 4029
2668 4354
3544 4029
4300 4960
901 4846
2668 4958
1567 3385
1219 1479
1761 4925
4014 4439
3518 4461
2150 4797
4388 4836
641 2739
2547 4857
1536 4868
3493 4130
2747 4666
3133 3677
3578 4282
2460 3191
3895 4925
4515 4936
1020 4418
3976 4947
3906 4630
364 4049
2912 4842
3355 4542
3758 4591
3998 4709
4038 4241
1422 4842
4341 4342
702 4936
837 4443
4090 4844
800 3841
3233 4725
4846 4913
2439 4704
1880 2802
1529 2674
1770 4379
205 3199
1544 4857
2640 3878
4101 4894
3895 4779
762 4797
4646 4842
4014 4449
2764 2769
3055 3847
2322 2642
4038 4844
2908 4868
1545 3860
567 727
1909 3878
1909 4241
2384 4461
564 4291
4797 4894
3055 4291
627 4709
1550 3790
3828 4232
1578 4157
367 4114
2032 2419
2532 4671
1826 3547
3774 4461
586 3563
2912 4090
3814 4072
1263 1909
3752 4309
3912 3955
3976 4936
586 4443
2110 4114
2027 4646
889 4925
2766 4894
3123 4443
1810 3952
3236 3756
3752 3912
2587 3045
2058 4808
3293 4007
2668 3841
672 4042
3799 4325
2944 3161
2739 2766
1550 3398
1020 4309
1121 3015
3204 3906
2761 3640
2353 3643
3622 4282
2591 3530
1436 2802
3883 4327
2753 4003
1693 2824
2315 3933
2061 2518
3752 4291
1096 4418
3204 4296
1542 2659
2792 4606
1569 4936
2058 2817
3828 4325
4029 4591
1263 4240
3139 4335
1027 1603
3365 3952
4038 4808
3790 4836
1319 4836
2322 4487
3536 4630
160 1219
2545 3955
4288 4335
3497 3669
2150 4960
2722 4449
3530 4530
3622 4640
4947 4983
2058 2824
369 3016
4134 4818
1641 4905
713 2908
3493 3758
1367 3758
759 4341
564 4947
271 3941
515 4763
1570 4797
1389 4666
402 4797
3142 4461
1919 3092
1588 3246
2545 4947
3355 4449
4542 4725
4309 4737
4042 4333
257 1614
616 4309
1310 3069
1739 4960
2485 2502
243 4180
2479 3952
3955 4328
3569 4709
2394 2944
3493 3640
3253 3497
1920 4240
1028 4725
2837 4844
1983 4511
2414 2632
2093 4449
3343 4333
3240 4897
1028 4177
1569 4947
3847 4936
2382 3069
1545 4240
2089 4958
2479 4078
595 4897
1949 3547
4449 4857
2307 4630
1117 2931
1263 3860
3718 4042
2080 4913
1436 2319
387 3049
2319 4327
2433 4960
4180 4913
1919 3563
1695 3506
68 4296
2853 2898
3536 3906
4007 4671
765 4388
861 4090
548 4894
4342 4446
2761 3758
2111 4014
441 3955
1898 3398
4725 4925
624 4449
2231 4436
4640 4646
3544 4951
999 3569
1920 3390
3790 4905
3343 3536
3443 4341
1408 4897
2382 3563
3191 4101
1099 2244
623 4951
230 3883
648 4342
1630 4502
3828 4288
1855 2221
1340 4288
2898 4232
2111 4725
1570 4379
4704 4897
1920 4342
2764 4897
285 4808
903 4868
3365 4078
707 4905
2502 4630
4379 4797
3106 4487
4439 4709
1438 4079
3941 4114
552 4436
4951 4960
4222 4613
1920 4446
3955 4439
219 3677
417 3075
3677 4936
4936 4983
336 4905
339 4763
1609 1687
2292 3933
4177 4515
2739 4436
944 4300
1219 2488
1360 3941
515 4288
4897 4913
3253 4232
2307 4177
2384 4530
3933 4913
2439 4846
4007 4576
842 2439
2802 4049
2952 4180
4324 4379
1415 4894
2889 3952
3752 3847
3293 4072
1544 4233
219 4177
543 3385
2080 2244
4038 4046
367 1869
2414 3952
3060 4291
837 3563
779 4630
4241 4671
3374 4515
1544 3718
3390 3443
271 2457
2054 3398
4436 4576
16 1569
1920 3878
837 4737
515 4049
2805 3847
901 4905
1561 1630
1168 4324
3544 3825
2032 4958
2065 4797
16 4983
4341 4446
1113 1408
390 3063
3075 4038
3563 4309
2150 2608
382 3995
3669 4079
1117 2674
2547 4134
800 3828
3677 4947
2419 4079
835 1766
364 515
1415 3758
2696 3895
119 3753
3253 4958
2063 4925
1903 4808
1219 2931
3976 4327
18 4072
1545 3667
2093 4779
3677 4177
2756 2824
2110 4003
1547 4951
2929 4241
3204 3718
3293 3518
703 3667
3028 4868
703 3199
4260 4606
2433 4951
1309 4309
3878 4341
3309 4059
2089 4530
382 4260
3398 4836
3718 4296
2802 4504
3995 4591
3752 4328
676 3275
3998 4134
1438 1531
4418 4550
1274 2080
1952 4014
3016 3506
2550 4646
1588 2308
3240 4666
1855 3398
1690 3355
1812 3669
1042 4282
1761 4709
1690 4779
3060 4947
3544 4960
2353 3204
1919 4737
2185 2221
1032 3756
369 1770
803 4960
3906 4511
361 4003
3774 4072
303 609
2027 4640
473 480
1549 2791
3204 4630
16 4947
2433 4606
2065 2739
1949 3774
2805 3133
861 4640
1340 4232
1542 3774
2307 4296
2642 4282
4233 4439
1434 2439
2028 4842
2739 3191
3530 4288
4282 4844
1318 2632
835 4958
1855 4059
303 2791
1042 4640
430 4177
2089 4335
2591 4335
843 2350
2908 3180
2764 3753
441 4951
3895 4388
2087 2796
2587 4844
3799 4808
942 4960
3860 3878
4007 4241
4067 4913
2128 2674
4101 4797
2791 4704
2532 4808
99 3479
814 4868
2058 3622
3790 4388
4233 4925
1946 4542
4003 4157
2518 4640
2231 4894
2244 4763
3161 3514
292 3479
3193 3860
2087 4636
2565 2753
3976 4983
2659 3799
160 2488
205 4443
4291 4936
68 4309
4232 4325
623 4591
3373 4309
4233 4857
1880 4049
1176 4857
3912 4328
1898 4763
1536 4388
2063 4613
4014 4779
858 3995
1695 2128
382 3825
3055 4936
842 4897
2315 4550
3069 4443
4818 4857
398 4446
117 4936
99 4232
3069 4737
837 4309
163 4007
2766 4436
163 4913
2547 4779
3106 4282
2722 3472
1739 4606
592 3016
1340 3497
1545 4342
2747 4038
3814 4671
1569 4328
1766 4079
1939 3398
2110 4072
1603 3669
3518 4241
2373 2753
3106 4090
2608 3825
1117 3016
3253 4354
2315 4704
3530 4335
4666 4671
2364 2766
2307 3718
1099 3538
3011 4325
2722 4925
3094 4951
2221 3309
2944 4282
4038 4072
2805 4983
1360 4157
3518 4418
598 3182
1325 4443
3233 4818
3640 4260
1367 4591
155 803
2587 4630
2419 4232
1561 4947
4591 4960
2642 3578
2587 4487
2817 3878
1743 1810
3182 4515
2110 2457
1909 3860
4550 4671
598 4947
3240 4905
4709 4725
501 624
3060 4328
2898 4936
1360 2565
2640 4324
3998 4233
2502 4042
1453 2471
2061 4487
1599 3998
1743 3365
595 4905
1436 3883
1274 4388
1909 3667
390 1479
1434 4180
1949 4808
1137 1309
1939 4836
2065 4894
4613 4818
1544 4542
1081 2753
1227 4014
1966 4725
1436 4327
3182 3752
1988 3883
1325 3563
3092 4443
1770 2488
1919 4443
4666 4808
4177 4983
1869 3049
1966 4439
2761 3161
3162 4844
2530 4666
3667 3860
3253 4079
1096 4461
473 3493
676 3790
29 3063
155 3825
3718 4630
1966 3063
4709 4925
71 4130
1375 4897
1569 4515
1529 3506
889 4709
4335 4958
3774 4418
1599 3569
2824 2889
1103 4779
3622 4844
4241 4379
2550 2912
3193 3472
257 3976
2087 2565
1028 4857
2545 4983
4059 4905
2518 2837
3643 4630
3895 4857
4439 4818
2485 4630
858 2944
1103 4222
160 3506
336 4897
3547 4007
2006 4007
3309 3538
3718 4333
1693 4078
3978 4925
2696 4613
2769 4846
4072 4666
2319 4049
1033 4666
3293 4808
1949 3518
2120 4502
2908 4636
2545 4130
1931 4436
1096 4007
2394 4300
1983 4042
4449 4725
4894 4960
1569 4983
1812 3253
3493 3878
3293 4671
361 4157
3142 4241
672 4630
3240 4846
2319 4504
2952 4704
1168 4379
2433 4029
4222 4449
4439 4542
3753 4846
4282 4640
4003 4114
2110 2373
3317 3790
3045 4842
3569 4222
1946 2089
858 4130
1070 1531
417 4325
641 4101
3204 4779
271 2796
1002 4936
3045 4487
3199 4240
3976 4328
623 2792
3497 4958
1176 4449
18 4808
4233 4818
3092 3373
2479 4502
2944 4960
3753 4704
2696 4779
2485 3906
2054 4960
3895 4725
119 4704
480 1021
567 4504
1544 4709
1269 4846
3385 3883
3365 3978
2668 4288
1369 4114
2898 3374
2912 4844
71 4388
2674 3015
2201 4640
3390 4342
3912 4947
3640 4951
2006 4550
2591 3139
1810 4309
3955 4951
303 4913
947 4309
382 4591
843 4388
3472 4542
1176 3011
1545 4446
361 1369
2668 4725
4709 4779
2416 3518
3246 4260
4379 4857
903 4388
762 4101
3895 4014
130 515
543 4504
1020 4443
1890 2308
2063 4857
18 4666
4240 4446
2028 4844
842 1299
417 4232
4818 4925
588 4913
4233 4542
1020 3995
942 4951
2457 3049
3094 3825
3828 3841
119 4905
445 4342
3547 4461
3094 4905
1042 4646
1614 3060
2089 4325
780 2376
2632 4078
3547 3799
727 4511
3161 3825
2363 2479
2898 4177
3233 4613
3069 3106
2608 3758
765 4836
123 4905
2416 2929
155 3995
2460 4797
1529 2488
3544 3995
2805 3752
4842 4846
1070 4288
3643 3906
2065 4324
2419 3253
3309 4836
1761 4613
2898 3133
627 4439
3180 4636
99 4325
527 1931
2110 3941
627 2231
3978 4502
4288 4354
609 4180
3514 3640
2640 4797
3139 4958
1983 4630
3563 4443
1044 1939
1609 4868
2353 4333
3952 4078
367 3941
2065 4379
4067 4846
588 3240
3998 4449
2201 4958
4379 4436
3182 4947
3544 4090
3774 4808
1690 4222
3828 4079
4079 4335
4007 4418
387 3941
163 4704
543 1988
393 3497
1259 4007
3667 4240
2201 4844
390 2457
4240 4341
2460 4379
2565 4003
3518 4550
3912 4515
2547 4233
1609 3317
765 4704
531 4709
2747 4461
3677 4515
447 4842
3995 4282
123 2292
398 4240
3799 4671
4072 4418
3162 4640
1259 3814
3790 4636
3530 4325
1545 4341
4542 4925
1588 2054
2944 4260
1890 3825
3753 4180
2502 4511
1630 3952
1609 4836
3398 4763
3091 4439
3162 3622
1028 4925
1117 3015
1117 3506
2364 4894
713 3028
1070 4542
4134 4222
1269 3753
3799 4046
1946 3998
2837 4842
1542 2747
1787 4905
858 4443
780 3385
779 2307
2376 4327
1536 4763
3895 4613
387 4003
759 3199
3191 4797
1743 3978
2769 4180
1880 4504
2150 3094
1310 3123
1739 4591
947 4737
3374 3976
3246 4029
29 2931
2515 3578
2565 4436
3317 4868
1579 2292
585 4049
1113 4067
3091 4779
3774 4550
3060 4515
2608 4606
595 4846
3091 4014
68 4630
842 4704
1319 1687
4046 4072
1826 4666
3236 3978
3343 3643
2054 2433
119 3790
3199 4342
3752 4947
3293 4461
2722 4857
3955 4515
163 4613
71 4905
285 4049
616 4737
2518 4844
2502 3479
3640 4130
942 4130
1693 1743
4300 4328
2837 4090
2373 3569
501 3479
336 3933
595 4913
3622 4842
3075 4808
1081 4960
1544 4818
1103 4233
2753 4157
4130 4260
3123 3443
552 3191
2753 2796
3752 3955
2027 2836
1103 4613
883 4309
1415 4436
1939 2185
3472 4613
271 1785
3976 4704
684 1561
3193 4342
4354 4958
3547 4671
1687 4868
1027 3343
2416 4241
195 3161
1567 4327
3472 4233
2376 2802
3538 4636
624 1070
1550 3275
1567 3883
2929 4808
1375 4905
2111 4709
4704 4913
29 1721
609 4897
1531 2384
4291 4328
4418 4576
4439 4725
3185 4857
2419 3841
417 4958
4282 4646
2805 4947
2889 4078
29 3016
3718 4511
627 4014
2766 4379
1340 4335
2292 4905
2353 2796
4130 4591
3643 4511
1389 4046
703 4240
3472 4925
3343 4042
1090 3191
1177 3790
586 4737
598 4983
3814 4550
1614 3847
402 4324
3544 4260
195 1375
762 4894
592 2931
1542 4666
2111 4134
2722 4233
243 3933
3091 4925
4079 4354
2054 2944
1966 2093
2384 4288
1567 4504
38 2308
947 1021
3933 4180
1812 4958
1770 3506
3060 3847
2952 4913
3472 4818
3774 3799
3069 3563
2231 4379
2747 4671
3799 4461
2460 4324
2460 4894
2382 4443
2753 4114
1903 3814
1042 3622
4542 4779
1438 4958
1044 4868
1561 4502
3941 4157
2642 4842
2587 4640
4461 4666
3828 4958
4487 4842
2632 3952
4007 4808
1855 1898
944 4029
3091 4613
2006 2532
3514 4325
4947 4951
1325 4309
567 2114
2479 3133
762 4324
1547 2764
2087 4905
1966 4779
1081 3677
1318 2756
1434 4846
6 4296
2363 3756
2824 3978
2307 4511
1931 4379
6 4630
727 4327
1044 4763
1021 4443
2817 3193
1269 4704
1273 4709
4291 4951
3092 4737
445 4341
3275 4636
1021 4737
2363 3978
4763 4868
130 4504
3233 4779
2722 3355
3253 4530
3895 4818
634 4530
3293 4550
2376 4504
1855 4868
2120 3978
2722 3895
1309 4737
2532 4666
3753 3933
728 4333
4260 4300
4282 4842
641 4797
588 4905
1408 2764
4042 4737
2006 3142
2796 4157
1614 4983
1176 4233
219 4983
2696 4857
858 3758
2394 3246
1898 4868
684 4379
2353 4042
762 4925
713 3275
552 4797
3199 4446
3841 4958
2530 3162
1388 4341
2952 4067
117 1167
1438 1812
3895 4439
592 1121
1375 1549
3161 3995
3390 4446
2747 4808
4072 4550
1561 2120
4288 4958
1369 3049
2093 4725
3180 3790
3497 4335
2382 3123
4354 4530
3538 4836
4288 4530
2054 4606
564 4936
2518 4646
4072 4836
2201 4842
1273 4894
4029 4960
4449 4818
3536 3643
3493 3995
4613 4925
2824 3236
2853 4515
3536 4042
3912 4983
942 2308
447 4844
3162 4646
846 4951
1310 4134
564 4951
531 4925
4240 4342
6 3906
3814 4666
1453 4897
2061 3106
4550 4808
2093 4014
641 4324
814 3317
1038 4046
1880 3883
3828 4335
3847 4951
1027 4325
2805 3182
3373 3563
1599 4925
4936 4951
3049 4003
3011 3828
1690 4709
2416 4576
907 1787
3479 4079
2593 4894
3091 4542
3493 4606
3878 4446
2457 3758
2792 4591
2791 4180
1021 1276
3398 3538
1614 4947
3443 4240
1360 4003
4029 4606
861 4842
68 4511
4029 4260
2756 3365
2373 4114
531 4613
2912 4646
4709 4857
4379 4894
3162 4487
1438 4530
3825 4078
4550 4666
1743 4502
592 2128
2231 4101
1340 4958
1946 4449
2929 4007
4439 4808
117 3976
3075 4671
2739 4894
2185 4059
2364 3883
837 3373
68 3643
3799 4038
3518 4007
4325 4958
1787 4897
2530 4646
3622 4487
901 2315
3828 4354
3998 4779
38 4130
1536 4836
3643 4296
2518 4842
2944 4130
473 4029
1946 4725
2322 4640
1826 4808
2028 3578
3309 4868
3365 3756
2898 3677
843 4763
1415 4797
3182 4983
707 4846
1097 4640
2058 3365
3142 4671
4327 4504
2668 4530
1388 4446
3443 4342
883 3373
3514 4260
543 3883
480 4443
1826 4550
889 4542
2027 4842
4296 4333
3063 3185
2565 4114
3538 4059
3538 4388
564 3847
3236 4502
1002 4291
2471 3240
2817 4446
3536 3718
2488 2931
2384 4325
1898 4836
339 3398
1434 4897
4291 4515
4487 4640
367 1227
2479 2889
3162 4842
2515 4842
3028 4836
3055 4983
907 3753
1090 4894
160 1479
2120 2756
447 4487
2640 4894
1367 4960
3343 3506
336 1299
3758 4130
4335 4341
2185 4388
1276 3373
369 2128
3063 3506
4857 4925
3398 4449
2739 4324
3385 4327
3569 4671
2931 4291
2659 4550
3479 3841
2764 3933
3998 4542
814 4636
2502 4296
4222 4779
4130 4960
2756 3479
1360 2457
3374 4328
2363 4502
2087 3544
3045 4282
6 4333
1826 4418
1176 4222
71 4846
2642 4640
3443 3667
3011 3530
311 1032
843 2080
4101 4436
2488 3063
1570 4101
4222 4818
1028 4134
2322 4844
4090 4282
3578 4640
1570 4894
1388 3193
3643 4333
1167 4936
3045 3578
588 3933
2292 4913
1547 4947
2817 3390
339 3317
1810 2058
3752 4515
1766 4958
739 4530
2150 4951
3275 4763
641 4894
4449 4542
947 1020
2591 4530
3063 4029
3233 3355
598 1906
1273 4436
1547 4936
4487 4844
4296 4511
3841 4079
843 4059
2802 4905
2343 4913
1408 4067
3569 4014
2593 4101
3293 4418
3569 4857
4324 4894
4134 4449
1542 4576
552 4894
2382 4737
1906 3133
676 1177
390 2488
4439 4449
3049 3941
2853 4936
2087 4067
3995 4951
2114 3883
889 4857
1567 4049
1761 4818
1137 4309
739 1340
3246 4960
4232 4530
3578 4487
3640 4960
3878 4240
2908 4388
4046 4666
3045 3162
285 4461
3667 4342
1299 2292
3060 4177
759 4446
762 4436
1227 4354
2080 4868
2608 3640
2485 4333
2674 3063
2032 4354
1641 4913
2791 4913
800 3011
4042 4630
2761 4300
4134 4613
2128 3185
2394 4591
4636 4868
588 4704
3246 4606
564 4842
3995 4606
3390 3667
2805 4177
4842 4844
3106 4640
4511 4630
1274 3275
3091 4300
1549 3240
393 4530
1812 4325
567 3385
1588 3906
4067 4180
285 2550
2608 4960
2414 2479
944 3246
2593 4797
4333 4511
585 4327
1641 4180
627 4925
944 2761
2006 4666
1367 4439
1389 4241
2120 3365
907 4913
3106 3622
3193 3204
1579 2952
616 3092
2150 4606
2796 3941
1219 3506
3091 4857
1375 4960
3123 4309
1903 3547
4007 4046
779 4779
3011 3139
858 4960
527 4894
3669 3828
4844 4846
1225 4630
2889 4502
1578 4114
1966 2433
947 3373
2530 3578
1408 4704
4576 4666
417 3479
2824 4502
803 1588
4101 4379
4233 4613
1038 4241
2061 4844
3578 4090
4836 4868
1479 3015
672 3718
2565 4157
713 3180
1599 4449
515 4504
548 4029
4232 4335
2006 4461
2515 4646
4222 4725
3514 3825
38 944
369 3185
3193 4446
4222 4439
3236 4078
3055 4328
2722 3185
3825 4260
3028 3309
4333 4630
230 4327
1687 4636
3390 3860
2764 2791
1273 2766
1227 2668
6 307
16 2435
18 4202
29 1639
38 1856
68 4468
71 3663
99 4698
117 3468
119 4989
123 3382
130 4953
155 4614
160 1419
163 3314
195 4792
205 4719
219 4195
230 4500
243 4493
251 4642
257 3738
271 1435
285 4745
292 4848
303 2536
311 4702
336 3820
339 3713
342 4790
361 1059
364 2164
367 747
369 4017
382 4326
387 4071
390 4815
393 3024
398 3830
402 3905
417 4985
430 1105
441 2523
445 4147
447 3674
473 4977
480 4957
501 4498
515 4034
527 4176
531 3700
543 4949
548 4959
552 4748
564 4761
567 4710
585 4031
586 4935
588 4680
592 4054
595 4955
598 3963
609 4675
616 3119
623 4339
624 4664
634 4981
641 3791
648 4608
672 4415
676 2409
684 4353
702 4674
703 3623
707 1286
713 3397
727 4862
728 2926
739 4236
759 4655
168 762
765 3652
779 4954
780 1171
800 2749
803 4985
814 4284
835 3511
837 4811
842 4109
843 4635
846 3953
858 4906
861 4661
883 3675
889 3862
901 2649
903 4885
907 1705
942 4165
944 3226
947 4058
968 4109
999 1003
1002 1015
872 1020
1021 2022
1027 1483
1028 1678
1032 2986
1033 3426
1038 4639
1042 3462
1044 4564
1070 4043
1081 4998
1090 4629
1096 1604
1097 4566
1099 4479
1103 4308
1113 4967
1117 4116
1121 4280
1137 2622
1167 4432
1168 4920
1176 3921
1177 3931
1219 3737
1225 4552
1227 4265
1259 4043
1263 3947
1269 4634
1273 4761
1274 3014
1276 1503
1299 4962
1309 1385
1310 2230
1318 3832
1319 4647
1325 4096
1340 2725
1360 4933
1367 2884
1369 4529
1375 4950
1388 4804
1389 4827
1408 4475
1415 4651
1422 4484
1434 1573
1436 4437
1438 1896
1453 4872
1479 2507
1529 3481
1531 4043
1536 3227
1542 4298
1544 4887
1545 4060
1547 2200
1549 2543
1550 4217
1561 4986
1567 3579
1569 3076
1570 4031
1578 4774
1579 4985
1588 4639
1599 4479
1603 2765
1609 3987
1614 4687
1630 4674
1641 4185
1687 4916
894 1690
1693 3105
1695 4363
1721 4277
1739 3665
1743 4869
1761 4768
1766 3515
1770 4830
1785 3663
1787 4292
1810 1930
1812 4509
1825 1826
523 1855
1869 4872
1880 2329
1890 1893
1898 4221
1903 4988
1906 4356
1909 4825
1919 2660
1920 4973
1290 1931
1939 4862
1946 3456
1949 4073
1952 4611
1966 4794
1983 4952
1863 1988
2006 2673
2027 2031
993 2028
2032 4840
2054 4944
2058 4142
2061 2968
2063 2886
673 2065
2080 4656
971 2087
2086 2089
1277 2093
2110 4135
2111 4743
2114 4796
2120 4083
2128 4849
2150 2580
2185 4974
2201 3770
2221 3649
2231 4001
2244 2759
2292 3781
140 2307
2308 4451
2315 3881
2293 2319
2322 4559
2343 4746
2204 2350
2353 3583
2363 4030
2364 2740
2373 2622
1932 2376
2382 3500
1651 2384
2348 2394
2414 3131
2416 3184
2419 4881
2433 2447
2439 2966
2457 2670
2460 3095
2471 4501
2479 3684
2485 4664
2488 4877
1742 2502
2515 3148
330 2518
2530 4466
2532 4865
2545 4116
2547 3411
2236 2550
1996 2565
1077 2587
2071 2591
2593 4848
2608 2950
2632 4918
2640 4794
2069 2642
2659 4304
2668 4777
2674 4986
2696 4565
1023 2722
2739 4829
2747 3214
949 2753
2756 3713
268 2761
2333 2764
2766 4926
2769 4468
2791 4237
2792 4047
2232 2796
2800 2802
1290 2805
2817 4491
2824 3403
2836 3986
2837 3988
1497 2853
312 2889
2898 4738
2908 4991
1649 2912
2088 2929
2931 4996
2944 4651
1521 2952
3011 4915
751 3015
3016 4688
3028 4984
3045 4249
1275 3049
3055 3572
3060 4319
3063 4987
1858 3069
3075 3789
1190 3091
3044 3092
3094 4902
365 3106
3123 4285
1854 3133
3139 4311
3142 3145
340 3161
893 3162
3180 4236
3182 4876
3185 3820
3191 4264
23 3193
3199 3205
2861 3204
2025 3233
646 3236
3240 3308
2877 3246
3253 4632
3275 4163
2175 3293
63 3309
3317 4554
3343 4102
3052 3355
3365 4267
2975 3373
3374 4849
3385 4966
3390 4820
3398 4860
547 3443
3472 3991
3371 3479
3493 4430
2057 3497
3377 3506
3514 4907
3518 4932
2826 3530
2427 3536
3538 4552
1348 3544
650 3547
3563 4981
458 3569
3578 4611
3622 4391
3640 3813
376 3643
969 3667
3669 4043
3677 4468
1923 3718
3752 4470
3753 4184
3756 3922
3758 4683
3774 4799
3790 4995
3418 3799
3814 4787
3464 3825
2392 3828
3841 4911
3660 3847
2222 3860
3878 3958
3883 4362
3895 4952
3906 4151
3245 3912
3933 4496
3941 4191
3952 4248
3955 4823
3976 4934
1778 3978
2633 3995
3998 4464
3996 4003
4007 4927
2888 4014
1483 4029
3733 4038
2232 4042
4046 4987
4044 4049
1209 4059
3299 4067
4072 4651
978 4078
3174 4079
4090 4626
1980 4101
2812 4114
2003 4130
4134 4987
3610 4157
4010 4177
3817 4180
4222 4559
4232 4400
870 4233
4240 4768
470 4241
3711 4260
2081 4282
2933 4288
3413 4291
582 4296
3221 4300
3401 4309
4324 4835
4278 4325
959 4327
4328 4742
4285 4333
4335 4838
2921 4341
4342 4607
4354 4365
2190 4379
281 4388
3953 4418
3277 4436
1680 4439
2916 4443
3661 4446
4449 4721
653 4461
977 4487
1978 4502
3050 4504
358 4511
2136 4515
2614 4530
3839 4542
1307 4550
2262 4576
3171 4591
4606 4834
1005 4613
4261 4630
4636 4641
2544 4640
4027 4646
4484 4666
4671 4695
3356 4704
3652 4709
4725 4986
3495 4737
4221 4763
4773 4779
3559 4797
4808 4835
700 4818
529 4836
3755 4842
3904 4844
822 4846
3781 4857
1155 4868
4888 4894
4865 4897
4696 4905
2549 4913
1618 4925
4538 4936
4694 4947
2718 4951
4367 4958
2614 4960
3845 4983
16 4486
18 4044
29 4786
38 3795
68 4657
71 4755
99 4581
117 4713
119 1311
123 3477
130 4879
155 4790
160 2664
195 3520
205 4677
219 4626
230 3726
243 4972
251 4287
271 4817
303 4656
311 1750
336 3539
339 4389
342 3681
361 4972
369 4926
382 4140
387 2438
390 4744
393 3418
398 4432
402 3734
417 4082
430 1351
441 4827
445 4365
447 4062
480 3759
500 501
527 4859
531 4856
541 543
548 4028
552 4848
567 4988
585 4883
586 3958
588 4230
595 4824
598 4368
609 4176
616 4315
623 4872
624 4433
634 4166
648 3816
672 4621
676 4783
684 4205
702 3950
703 4463
707 2730
713 4692
228 727
728 4546
739 2086
759 3334
762 4662
539 765
800 2992
803 3541
814 3329
835 4759
842 4183
843 4675
846 4329
858 4976
861 4698
883 4920
889 4540
901 3601
903 4719
907 2249
944 4696
968 3307
999 1443
1002 4599
1021 4826
1027 3721
1028 3609
832 1032
946 1033
1038 3882
1042 4467
1044 2666
1070 3755
1090 3736
1097 4949
1099 4884
1103 4065
1113 3644
1117 2562
255 1121
1137 2555
1168 3945
1177 4771
1219 3382
1225 4382
1227 2392
1259 4843
1263 3469
931 1269
1204 1274
1276 4714
1299 4290
1309 4579
1310 2940
1318 4956
1319 3613
1325 4466
1340 4119
1076 1360
1367 4715
1369 2721
1375 4537
1388 1878
304 1389
1408 4685
1415 4821
1422 4952
1434 3803
1436 1938
1438 4407
1453 4924
1479 4647
1529 4982
603 1531
1536 3555
1542 4544
1544 4208
1547 4941
1549 4403
1550 4975
1561 4430
1490 1567
1569 4684
1570 2186
1578 4729
1579 4142
1588 4627
1599 4321
1603 4109
1609 4619
210 1614
1630 4886
1641 3499
1687 4318
1690 3428
1693 3154
1695 2664
1721 3887
1739 3376
1743 4635
1766 3675
1770 4688
1785 4509
1787 4608
1812 4996
1173 1826
1362 1855
1869 3459
1880 3635
1890 4322
1898 4748
1903 4557
1906 4289
1909 4884
1919 4928
1920 2286
1931 4841
1939 4727
1946 4611
1949 4496
1952 4924
1966 2389
1983 4916
2006 4596
2027 2410
2028 3874
2032 4795
2054 4924
2061 2653
2063 4883
2065 4286
1026 2080
2087 4332
2093 3290
2110 2633
2111 4529
2114 4127
2120 4344
2128 2954
2150 2153
2185 4712
2201 4025
2221 3036
2231 4840
2244 3779
2292 4975
820 2307
2308 4787
2319 3903
2322 4889
2343 4510
2350 4878
2353 4963
2363 4906
2364 4122
2373 4673
2376 3727
2262 2382
2384 3605
2394 4952
2414 3821
2416 2539
2419 4085
2433 4806
2439 3539
310 2457
2460 3255
2471 2992
2479 4058
2485 4028
1650 2488
2502 4021
2515 4126
2518 4518
2530 4895
2532 4122
1 2545
2547 4358
2550 4768
1497 2565
2587 4810
2591 2838
2593 3962
2608 4943
2632 2758
2640 4488
2642 4810
2659 4286
2668 4990
2674 3372
2696 4412
2722 4167
2739 4171
2747 3393
1447 2753
2756 4967
2761 2841
2764 3070
2766 4780
2769 3555
2791 3915
1279 2792
2796 4660
2802 4228
2805 3065
2817 3168
2824 4433
2836 4915
2837 4944
2853 4617
2889 4633
2898 4782
2526 2908
2912 4441
2274 2929
2931 4929
2944 3007
2952 4070
3011 4625
3015 3973
3016 4719
3028 4359
3045 4810
3049 3902
3055 3059
3046 3060
461 3063
3069 4792
3075 4849
3091 4778
3092 4559
3094 3932
3106 4813
3123 3532
3133 4994
3139 3380
3142 3437
3161 4740
3162 4486
3180 3711
3182 4721
3185 3403
2857 3191
2173 3193
2328 3199
2015 3204
3233 3533
3236 4736
3240 4405
3244 3246
3253 4919
3275 4329
3293 4728
2794 3309
3317 4605
2316 3343
3355 4884
3365 3395
1675 3373
3374 4732
3385 4964
3363 3390
2491 3398
3438 3443
1526 3472
2265 3479
3493 4777
3497 4929
2664 3506
2685 3514
2675 3518
3530 4741
3536 4792
3538 3842
3544 4081
3547 4138
3563 4926
3569 4898
3578 3900
1775 3622
3640 4921
3448 3643
3667 4813
3669 4833
3677 4254
3718 4471
3752 3910
3753 4285
3756 4002
1843 3758
3774 4331
3790 4562
3314 3799
2984 3814
3825 4427
3828 4305
3432 3841
3847 4219
3860 4948
3878 4010
3267 3883
2542 3895
3906 4926
3912 4567
3616 3933
3941 4329
3138 3952
3955 4683
3976 4906
3975 3978
3956 3995
3989 3998
252 4003
3999 4007
4014 4298
4029 4990
4038 4744
3701 4042
3540 4046
4049 4608
4059 4750
204 4067
3789 4072
3482 4078
4079 4870
3399 4090
4101 4981
4114 4373
3728 4130
3670 4134
3901 4157
4177 4953
4180 4803
4104 4222
1420 4232
4020 4233
4240 4409
3704 4241
1842 4260
4281 4282
4288 4748
1707 4291
4296 4998
4300 4991
4309 4743
3549 4324
3720 4325
2978 4327
4328 4727
4333 4871
1498 4335
3660 4341
4342 4734
4354 4657
4378 4379
3313 4388
4268 4418
3966 4436
2682 4439
3235 4443
4446 4597
4209 4449
4459 4461
3073 4487
4502 4513
4504 4955
4511 4513
2034 4515
4525 4530
4542 4711
561 4550
2965 4576
337 4591
2582 4606
3333 4613
4193 4630
4636 4973
4640 4810
4646 4896
4666 4980
4659 4671
4704 4915
4445 4709
4715 4725
4729 4737
4289 4763
4689 4779
4442 4797
3375 4808
3114 4818
3902 4836
2653 4842
3910 4844
4612 4846
4857 4869
4868 4880
4894 4926
2887 4897
3982 4905
453 4913
3452 4925
4529 4936
1560 4947
4268 4951
4481 4958
4731 4960
4561 4983
16 4776
18 4645
29 137
155 4851
195 1982
205 3979
230 2852
251 4434
303 4859
311 3035
339 1769
361 2344
393 4557
398 4588
501 4082
527 3264
531 4448
548 4782
586 4617
634 4833
684 3508
702 3781
713 4793
728 4370
759 4934
765 4822
800 3064
835 4381
846 4742
889 4948
903 4119
968 2786
999 4420
1002 4991
1032 4295
1033 1647
1090 4071
1097 4719
1103 4611
1177 2854
1219 4686
1225 3168
1263 1397
1276 3915
1299 3312
1309 4794
1318 2850
1319 4400
1340 3634
1369 4751
1408 4607
1112 1422
1434 4151
1436 3368
1438 4876
1453 4934
1529 4663
1531 3440
1536 2453
1542 4381
1549 3396
1550 4116
1567 4218
1570 4841
1579 4168
1599 4444
1609 4896
1614 4661
1630 3022
1690 3173
1695 2386
1721 3346
1766 4584
1785 4660
1787 4990
1812 4803
1855 4582
1880 4803
1898 4723
1903 4661
1906 3694
1920 4584
1931 4860
1939 3553
1946 4934
1949 4275
1952 4368
1983 4819
2006 4901
2027 4861
2028 4471
2032 4113
2061 3505
2063 4146
2065 4045
2093 4566
2111 3043
2114 4517
2120 4977
2128 4663
2150 4688
2185 4794
2201 4159
2244 4547
2308 2477
2319 2724
2322 3877
2350 3066
2363 4261
2373 4200
2382 4481
2384 3930
1933 2394
2414 4974
2433 4663
2457 4984
2460 4065
2471 4223
2485 4448
2488 3620
2502 3792
2515 2759
2518 3611
2530 4394
2532 4397
2545 4776
2547 4022
2550 3823
2565 2947
2587 4890
1250 2593
440 2632
2642 4982
2659 4554
2674 4851
2696 4211
2739 4832
2747 4988
2753 4416
2766 4085
2769 4495
2791 2848
2796 4791
2805 4261
2824 3740
1261 2836
2837 4810
1191 2853
1750 2889
2898 4915
2908 4992
2912 4093
2929 4188
2931 3855
2944 4178
3011 3757
3016 4752
3049 4838
1692 3055
3060 4037
3069 3370
3075 4703
3091 4840
3092 4740
3123 4906
3133 4716
3139 4378
3142 3681
961 3161
3182 4084
3191 3475
3199 4427
3204 4633
3233 3727
3236 4252
2461 3246
3253 4056
3275 4221
761 3293
3128 3309
3317 3441
3343 4691
3355 4637
2276 3365
3373 4373
3374 4866
3398 4219
3472 3704
3181 3479
2527 3493
3497 4384
2425 3506
3514 4939
48 3518
3530 3637
3536 4543
3547 3966
3578 3837
3640 3657
3643 4822
3667 4283
3669 4955
3677 3974
3718 4025
3196 3752
3702 3753
3756 3777
3774 4410
3790 4301
3799 4738
3814 3896
3041 3825
3828 4732
3549 3841
3847 4420
3860 4138
3878 4614
3019 3883
3893 3895
3906 4076
3912 4521
2991 3933
3941 4676
3228 3955
2475 3976
2603 3978
2450 3995
3705 3998
4003 4786
4007 4875
3823 4014
4029 4075
499 4038
4042 4648
3804 4046
4032 4049
4059 4283
3974 4067
2969 4078
4079 4326
4090 4810
4101 4103
3981 4114
4134 4438
3488 4157
2856 4177
2951 4180
4222 4225
4232 4733
3325 4233
4240 4904
4037 4241
3715 4260
4274 4282
4288 4578
4252 4291
4229 4296
4300 4561
4309 4965
4324 4677
4043 4325
4327 4339
4328 4907
4333 4424
4330 4335
4341 4812
3351 4342
3532 4354
3732 4379
4221 4388
3956 4418
4169 4436
2372 4439
3044 4443
4384 4446
4320 4449
4461 4752
4483 4487
3843 4502
173 4504
2699 4511
4515 4802
4530 4561
4542 4932
4550 4859
2894 4576
4591 4701
4334 4606
4203 4613
4047 4630
4636 4745
4640 4940
4646 4676
1636 4666
2966 4671
4686 4704
4306 4709
4725 4793
4707 4737
4146 4763
3147 4779
4808 4829
3679 4818
3294 4836
4358 4842
4103 4844
4445 4846
2289 4857
3593 4868
4894 4949
4897 4912
3539 4905
3433 4913
4226 4925
3862 4936
4947 4980
3540 4951
4958 4971
1982 4960
4525 4983
205 4558
531 4482
634 4946
968 4855
1097 4794
1225 4568
1434 4802
1536 4221
1542 4137
1898 4986
1903 4926
2063 4809
2201 4810
2350 4622
2394 4244
2471 4545
2485 4589
2502 4263
2515 4027
2532 3008
2545 4938
2550 4810
2632 3218
2659 3621
2696 4856
2805 4353
2836 4562
2837 4907
2889 4760
2908 4760
3055 4831
3060 4720
3075 4762
3133 4216
3139 4120
3142 3422
3161 3680
3233 4156
3236 4784
3253 4627
3275 4950
3309 4221
3317 4470
3374 4642
3472 4438
3497 4088
3506 4772
3514 4900
3530 4197
3536 4153
3640 4676
3669 4702
3752 4031
3753 4655
3756 3835
3774 3922
3799 4204
3814 4696
3841 4043
3406 3847
3912 4615
3933 4919
3998 4503
4003 4482
4007 4822
4014 4931
3953 4046
4090 4605
4101 4781
4114 4740
4134 4310
4157 4693
2919 4222
4230 4232
4233 4859
4240 4886
3724 4282
4214 4288
3653 4300
4324 4516
3968 4325
4058 4327
4333 4417
2966 4335
4266 4342
4388 4919
4349 4418
4344 4436
4439 4453
3322 4446
4429 4449
4461 4597
4023 4487
4494 4502
2016 4504
4506 4511
4350 4515
4517 4530
4550 4645
4360 4576
4406 4591
3693 4606
4613 4872
3968 4636
3802 4666
4214 4671
4704 4713
4047 4709
4139 4725
4737 4851
4129 4779
4619 4808
3522 4818
4723 4842
4344 4844
3539 4846
4131 4857
4131 4868
4897 4906
2199 4905
4005 4913
4915 4925
4895 4936
4529 4947
4951 4969
4043 4958
4148 4960
4983 4985
968 4270
2836 4604
3055 4627
3233 3980
3275 4352
3317 4536
3506 4275
3774 4612
3847 4615
3933 4234
4007 4174
3510 4233
4240 4249
4324 4399
3857 4333
4342 4434
4439 4696
4446 4838
4511 4961
4530 4997
4636 4998
4666 4930
4634 4671
4709 4833
1224 4818
4796 4842
4516 4846
4925 4932
2677 4951
4765 4958
4439 4845
4200 4530
