1985 4834
2699 4263
2717 4892
2647 4837
3561 3605
4193 4624
3252 4102
96 2979
286 4792
4412 4792
1852 4837
2965 3732
3010 4223
4351 4592
2142 4881
4160 4778
979 4821
1135 4662
4690 4813
2258 4923
1134 3384
3857 4414
3076 4940
682 4361
2370 3062
3290 4587
1572 4792
2531 3463
3689 4761
3099 4064
4015 4940
2955 4318
2813 3966
4275 4752
3196 3811
1126 4246
2464 3721
1845 3916
3165 4036
2961 4879
2679 3396
3463 3502
1962 3857
2845 4969
761 3916
2329 2970
2647 3043
3666 4944
1004 4414
1395 4054
3445 4491
3534 4757
1524 4271
3043 4945
1398 4319
3087 4944
3087 4346
3666 3723
4147 4491
2258 3606
178 4953
3637 4000
862 4488
4083 4088
3787 4247
280 3917
4361 4474
3131 3290
4792 4861
1632 4275
3959 4969
1985 4915
4474 4491
758 4102
492 810
102 4570
1829 4322
3738 4902
3534 4945
2942 3956
3124 3645
1692 4539
3207 3441
4892 4923
2832 4940
2861 3959
3637 4058
4011 4209
621 3290
2646 3561
2383 2813
3568 4565
2881 3463
3689 4690
2106 4752
4238 4945
2646 4834
1512 3298
2955 3787
3131 4494
2327 3964
2961 4746
1135 4318
3606 4760
3896 4039
1410 2935
954 1226
4011 4524
1636 3207
4271 4834
1048 4088
2813 3076
2441 4243
295 3721
4207 4945
751 4290
3598 4126
869 4147
3124 4624
408 3763
4376 4902
329 4598
2983 3207
1829 4539
758 2955
3835 4246
2983 3529
455 4355
742 1769
1692 4834
1172 3964
3748 4163
3298 4986
315 1632
1428 4247
414 3386
828 4746
264 4064
645 4738
2647 4036
1370 4942
55 3775
50 4761
4592 4746
4944 4970
2159 3811
3618 4968
2050 2644
313 4903
375 3529
246 4969
3165 4588
610 1379
4297 4624
1244 4717
1912 4693
3762 4491
4364 4738
3396 4903
828 3280
1395 3396
1895 4944
1934 4821
3605 4587
1410 4986
3887 4364
4126 4622
2741 4054
1395 4364
4163 4902
4351 4778
2143 4969
4414 4622
974 4408
2330 4412
578 2829
2113 3784
1598 4147
2861 4565
3567 4290
1985 3290
2050 3435
3463 4408
888 4322
1808 4570
4223 4761
4263 4662
4263 4488
3749 4778
795 4622
286 4968
375 1934
974 4942
2383 2832
1934 2294
1414 4491
504 3291
1640 4944
3896 4821
357 3165
902 4942
869 4361
772 4881
357 2100
631 4942
3967 4902
3396 3887
1985 3131
2303 4176
3040 3857
3567 3624
1271 3896
864 2145
1797 4969
4011 4160
4761 4813
1244 4879
722 819
3445 4394
1894 4364
3076 4095
3775 4861
4000 4058
542 4054
979 3800
4095 4940
375 4821
1895 3775
2733 3763
751 4624
3775 3935
4148 4151
4243 4247
3384 4624
4412 4757
4746 4879
2143 4376
3500 4945
1524 4915
3821 4275
3967 4761
4058 4394
1188 2815
4095 4414
2346 4903
1512 4970
3502 4290
4275 4968
1398 2329
542 4570
671 4263
1598 4361
1728 4408
214 2383
4160 4717
3362 4662
2030 4355
3707 4355
2878 4539
3829 4892
250 4892
3222 4944
3280 3829
958 4915
3509 4588
1632 4861
2699 3372
3076 4126
1464 4297
3723 4970
2861 4163
1754 4861
4306 4969
3804 4940
1255 4247
2239 4778
450 4892
1004 4571
3040 3571
1239 3811
4565 4969
979 4953
3441 4953
751 2724
888 4915
1829 4587
362 4940
3430 4953
2258 4243
2800 3445
246 4902
3732 3762
1333 4620
2464 4968
664 3637
2970 3763
3637 3762
1379 4761
3637 3875
363 4570
3534 4986
4054 4221
1370 3463
811 3821
3568 4902
4246 4247
1674 4778
3571 4940
1651 4355
4592 4879
1709 4361
2678 4892
2961 4892
682 2800
4271 4587
4238 4986
3804 3917
2303 4011
3804 4414
3605 4539
2370 4319
4243 4570
4151 4968
664 4058
2861 4690
3062 4774
2540 4693
935 4986
3748 4306
3605 4322
281 4524
1636 4953
4176 4879
1230 4238
4494 4587
2351 4662
2258 4054
2871 4970
198 4491
4095 4571
1792 4752
3131 4587
974 3438
3124 3624
4011 4879
4539 4834
2467 3076
4892 4902
362 3593
456 4271
3593 3917
3750 4690
4148 4524
1792 4879
4209 4746
1866 4752
289 4881
2788 4346
295 4752
1490 4147
4738 4837
3571 4414
3887 4620
509 4903
1157 4319
3967 4969
204 4717
3362 4693
3438 4408
3252 3787
3666 4945
178 2940
3043 4944
3222 3723
813 4778
3099 4942
189 4491
1132 4690
2118 4834
1552 3509
3964 4000
363 4760
2015 3637
4209 4892
88 4102
3811 3922
3435 4088
3131 4834
1767 2839
2342 4147
2224 4361
4318 4662
509 4524
204 4592
828 4717
3593 4940
455 3252
450 4176
1640 3534
2467 4940
3445 4474
154 4361
1017 4903
4570 4738
4243 4738
2839 4058
88 3787
731 2050
2441 4903
1292 4533
2794 4319
286 4757
1745 4778
2143 3748
2529 2970
509 4778
3302 4238
1352 3896
652 3099
3529 3732
1135 4693
2467 4414
4160 4209
785 3829
1379 4690
864 4837
4054 4903
2151 4598
1370 4275
4207 4944
3376 4752
2230 2327
3721 3956
811 4968
3362 4533
3196 3567
3707 3787
772 4693
105 3749
2813 4571
621 4834
3280 4778
286 3618
645 4760
3396 3606
4088 4598
20 4622
214 4940
3721 4968
1413 4494
2878 4587
3916 4861
3618 3857
3445 4147
1976 4986
3066 4902
3384 4064
3196 3922
4193 4821
454 4039
4322 4915
2464 4752
2230 4903
1134 4624
1398 3448
72 4662
3372 4263
346 4598
1481 3196
3896 4953
1134 4942
3430 3441
824 4821
4275 4861
133 3441
2283 4738
4064 4494
2191 4970
3040 4940
2845 4163
1792 3721
2514 3787
413 3624
3749 4083
3441 4821
3875 3935
3043 4986
3593 4571
671 4488
785 4778
2370 2794
3435 3835
3298 4207
3964 4058
785 4592
1304 4821
3744 4221
3386 3445
2646 4322
3732 4953
2675 4942
2106 3618
2143 4945
645 4570
2531 4147
1239 4364
522 4000
2138 4813
4414 4940
4821 4953
4662 4881
3800 3896
1640 4945
2118 4915
399 4953
810 4940
742 4355
3165 4598
3606 4243
1852 4986
2741 4570
3131 4539
2145 4945
2813 3917
178 4821
935 2679
2467 4015
3763 4319
3855 4408
4238 4837
2832 3076
3050 4717
2935 3624
1894 3744
4126 4414
2100 3749
1754 4752
1808 4243
3749 4246
4207 4986
1379 4813
2878 4494
2239 4879
3529 3657
1572 4752
3618 3916
4306 4690
2145 4970
2692 3093
1894 4570
3821 4757
1188 2955
315 4246
4148 4717
2905 4944
2224 2800
4223 4902
664 3762
3358 4000
1815 3165
2679 4738
1623 4969
2733 2794
2159 3855
2538 3749
980 3916
1745 4148
3821 4861
280 4940
504 4394
1727 3804
3615 4968
699 4622
2329 4319
1271 4892
1829 4915
3775 4620
631 1059
1226 4064
2717 4879
4221 4570
2186 4892
3829 4148
1261 2030
1395 4903
3164 4565
4351 4923
1226 4193
3302 4207
3800 4821
1490 4394
3750 4969
116 4620
3222 4945
2432 4408
4414 4968
966 2531
4163 4223
888 4834
1591 3386
4761 4969
1410 4945
682 4491
1755 4271
2538 4588
2724 4942
1157 4346
2042 4263
4346 4944
3666 4970
3019 4903
4011 4746
3207 4821
3763 4774
107 1852
349 4970
3164 4163
264 4297
2688 4944
2342 4571
2159 3502
2733 4319
4306 4565
2942 3821
2514 4247
3657 3855
72 4203
3376 4968
4488 4533
96 4774
1738 3637
575 4813
2406 4376
2113 4039
48 811
575 4690
3571 4571
1598 4491
2042 4881
2100 4083
3775 4412
1910 4834
4364 4570
1934 4953
4813 4902
877 3784
214 4011
105 4088
742 3568
902 3438
3050 4351
4246 4598
699 4940
50 3748
3606 4903
4757 4944
578 4774
3222 4986
1004 3571
980 3721
902 4408
1636 2940
2699 4318
1364 4834
722 2372
414 4412
795 810
1598 4394
250 2788
2383 4622
3855 4942
2724 2881
3916 4968
386 4039
1481 4160
315 1601
289 4662
2733 3959
4319 4774
733 4275
4837 4970
4717 4879
1349 4622
4940 4945
1246 3762
2808 4778
1692 4969
549 1817
1287 2538
668 1799
1062 4346
3298 4837
4620 4968
3280 4011
2647 4970
1552 3165
1157 3763
1158 4792
2754 4738
2831 4036
790 1738
1792 4968
1481 4717
786 3811
2258 4760
2724 3855
3362 4318
3875 4151
2979 4319
4408 4942
4620 4752
3164 4376
349 3666
3561 3598
1638 3164
2881 4942
3019 3964
3188 3966
4364 4760
2724 2935
3474 4774
810 3188
980 4968
2383 3593
2691 4752
1410 4837
3386 4394
4322 4539
4376 4565
4223 4969
2675 3887
3593 3966
575 4761
2303 4778
2970 3474
1048 4083
1912 4488
935 4346
1895 4620
542 4738
1755 4915
96 1131
3835 4036
2675 3606
2878 4915
4271 4494
3448 3474
2142 4533
3534 4837
786 3855
1728 4942
4306 4376
3702 3887
456 542
4690 4969
414 4147
2432 3645
3657 4953
4203 4263
2905 4318
3010 4813
2955 3445
2644 4588
3750 4902
1767 3762
824 4953
1601 3749
3748 4376
3875 4752
3966 4126
2138 4761
2138 4306
1524 4834
3750 4565
313 3744
3502 3855
1764 4088
2142 4318
1808 2346
4318 4533
4412 4861
4148 4892
154 4491
3835 4598
869 4491
1895 3821
1636 3529
3811 4064
671 4881
3358 3964
1767 3358
2839 3637
3372 4881
3762 3964
4263 4318
4151 4275
2831 4598
751 2935
1481 2370
1912 4881
813 4923
1132 3896
4148 4746
3702 4903
4083 4588
4243 4364
2159 3567
3605 4271
621 4271
2842 4351
744 1982
2294 4690
1490 3093
3131 4322
4757 4903
2342 2832
3959 4306
829 4243
1815 4319
4176 4778
2861 4761
2717 4351
2329 4774
668 3298
2283 4986
413 4408
2540 4203
55 4792
4837 4945
2030 3707
3376 4620
3076 3804
2538 3435
811 3618
4151 4861
2529 4774
375 399
1572 3618
3935 4757
2940 4953
4757 4792
4944 4945
3618 4412
189 4394
1934 3896
4351 4879
4717 4746
3829 4879
1287 4000
2145 4944
3291 4394
4351 4717
3689 3959
1481 3050
3800 4953
4160 4524
4203 4693
3568 4376
3618 4861
3010 4690
1792 4792
737 3922
2346 3887
504 1709
733 4792
652 1245
1130 4412
4834 4915
3657 4821
42 4524
2351 4203
1464 2432
214 4095
1651 3787
1126 3165
1512 2871
3386 4474
3775 4275
4760 4903
1601 3835
829 4364
1246 1738
1271 4821
186 3207
2800 4147
4209 4592
1428 4622
1709 4491
2678 4148
1354 3358
795 4015
4011 4598
4592 4892
935 4944
4036 4598
1058 4494
4223 4565
3252 3707
3093 4361
1797 4565
3093 4474
1395 4570
280 4622
1414 1591
722 3964
3935 4151
2113 3207
2881 3502
4176 4892
1835 4000
2808 4717
2845 4813
4346 4945
2531 3291
1481 4524
3188 4571
917 2329
862 4693
1894 4221
3561 4271
3561 4834
761 4792
2813 4095
1255 2514
1333 4968
2383 3804
2688 4945
3738 4969
4592 4598
2831 3749
1738 3964
3066 4761
3362 4881
1804 3887
2800 4587
3887 4738
2186 4879
2800 4474
2346 2679
3689 4376
737 4148
3750 4306
246 4376
2733 2970
363 3702
4717 4892
3967 4376
1292 4203
2815 4355
1601 1835
3188 4622
1410 4346
154 216
1464 3624
4351 4622
682 4474
652 2717
761 4968
813 3829
3010 3738
2842 3829
4203 4662
1638 3131
4015 4622
1815 2829
42 4892
1349 3966
2030 3019
4902 4969
1414 1490
1910 4271
733 4757
4221 4364
2351 4263
20 4015
3657 3896
3689 4902
1428 3707
2142 2145
3561 4539
1126 4903
3811 4193
2142 4662
2468 4944
4346 4970
631 4923
2151 4246
1135 4881
3657 4039
980 3618
1398 3763
4376 4813
4160 4351
1172 3762
3164 4902
116 4752
1767 4000
1572 4151
2283 4238
1894 3702
2675 2741
1370 3567
1755 2327
4792 4968
1481 1934
2406 4902
1709 3386
2529 2958
3598 4539
1640 4414
202 4693
1333 3935
2942 3775
4752 4757
2540 4662
1817 3645
1464 3645
3855 4290
3441 4039
3966 4622
3916 4588
1692 1910
3723 4346
699 4414
1764 2151
3188 4940
2965 4821
1004 3917
1738 2540
631 4290
3062 3474
2871 4986
88 3019
2015 3358
2679 4903
1271 4953
4861 4902
1058 4915
3821 3875
3376 3875
2983 3896
3207 3800
349 4620
1349 4571
974 3124
106 4861
3829 4209
4414 4571
1976 3666
3441 3657
3509 4246
4587 4834
2118 4970
3857 3966
4247 4355
877 3207
1738 4000
888 4587
2100 2831
4148 4879
3435 4083
1727 1962
2464 4151
3738 4761
4394 4491
492 4622
1804 4570
3749 4588
795 4940
2679 3744
3124 4942
2441 4570
3500 4263
869 4474
3624 3922
4945 4986
785 4176
1520 4275
3188 3917
1895 4757
357 4588
4163 4690
982 3666
1520 1754
4565 4902
105 4588
4524 4923
2258 4738
2538 3463
1364 4322
4209 4351
758 1769
2050 4246
1623 4902
4565 4813
3784 3800
87 4223
3959 4319
3500 4986
2845 3959
811 3956
2688 4970
4778 4923
1835 3762
3302 4945
1815 3448
2958 3062
349 4945
4126 4940
4297 4942
1552 2538
3568 4969
1817 3463
3438 4942
1638 4915
3689 3738
4054 4738
1059 4193
399 1728
2717 3829
2342 3188
2468 4986
4306 4902
2699 4533
204 4746
1727 1985
1764 2538
1158 3721
2529 2979
2678 4717
3164 4969
3087 4011
1157 2970
2540 4318
3723 4238
1048 4588
2692 3445
3702 3744
2813 3857
3917 4940
4690 4761
3430 4821
2815 3707
2940 3732
2351 4488
4238 4346
1130 1632
3196 3463
2788 4778
813 4717
2258 2754
3066 3959
1797 4376
2106 3935
1352 4039
3567 4624
456 4322
610 4969
954 4193
958 4322
2151 4088
2303 4923
1962 3040
3738 3750
2239 4351
1239 3922
3916 4757
3935 4412
1390 4176
4837 4944
1188 3707
2294 3784
4263 4881
3302 4986
2230 3358
3624 4408
1261 2434
2283 4837
549 3502
1835 2839
2691 3615
1131 2529
4000 4209
4622 4940
2538 4598
2191 4986
3019 4102
3372 4533
982 3298
1354 1767
1164 4986
1017 4760
2647 2871
3087 4238
3019 4746
1674 4746
2432 3124
1158 4412
3043 4970
3165 4246
3935 4620
2871 4207
786 3624
840 1817
2644 4088
2644 3509
1245 4297
2432 3922
1295 3430
2800 3291
2406 4813
413 786
2813 4126
3917 4622
974 3922
454 4953
1524 4774
4290 4524
3362 4271
1239 3099
3529 3800
4011 4592
1985 3605
4163 4813
1866 3376
2688 3534
2794 4774
2940 3657
4147 4474
4624 4942
3087 4207
3966 4015
2675 4903
3087 4970
3875 4968
133 4953
4064 4624
4083 4246
1815 3474
3290 4539
3050 4209
3732 3896
3956 4757
3657 3784
536 3749
4539 4915
2342 4414
3124 4297
4095 4290
2191 4945
3744 4054
2143 4902
864 4986
408 4774
3362 4488
2351 4533
3959 4238
3463 4746
3561 4915
313 363
2145 4986
3448 4774
652 4083
4275 4792
3624 4083
3784 4039
3302 3500
3615 4757
1255 4355
1845 3956
2406 4306
1452 3744
954 3645
1239 3855
3917 4414
3358 3762
3463 4148
1636 2983
3298 3302
1804 4942
3571 4622
450 4746
790 2372
1398 1572
3463 4624
2372 3637
3291 4361
954 3567
106 4968
50 4813
864 3222
1062 4361
3188 3384
2646 4271
2958 4774
3748 3959
2050 4588
2342 4940
4693 4881
216 3093
1769 4102
2741 3763
3593 4622
3280 4351
2468 4837
509 4746
1674 4892
1982 4760
4160 4892
1390 4011
2754 4221
2699 4881
3762 4058
4036 4588
2905 4533
4494 4834
4011 4717
4176 4209
2794 3763
4539 4587
1333 3916
2100 4036
349 4986
4064 4193
2800 4491
3956 4151
1390 4592
2346 3396
2678 4524
4095 4524
3645 4290
1414 3291
1524 4494
3966 4571
1452 4738
281 3280
4223 4690
2239 2788
2468 4945
1797 4813
3376 4412
3438 4064
2905 4693
4738 4760
2692 4491
20 4940
1866 4620
214 4622
3967 4163
4095 4126
3887 4760
2541 3384
3222 3500
1370 3811
1130 4620
1808 4738
3066 4969
3804 4015
2540 4881
3196 3438
329 4036
3615 3956
1912 4662
3618 4792
1815 2733
2832 3857
2815 2955
4565 4761
3606 4738
1333 4757
3835 4588
2468 3534
3050 4148
645 3606
2015 3964
737 4408
2692 3386
1636 2294
2015 2839
2905 4488
2905 4662
408 2794
4207 4346
289 4693
1230 4944
2699 4488
3561 4322
645 4940
3050 4524
1845 4968
1985 4221
3509 4083
2541 4942
2224 3445
621 4915
3689 3750
106 3721
2842 4879
671 3430
3066 3738
2878 3561
3615 4620
2538 3835
2717 4717
1352 2940
578 3448
2961 4592
2138 4902
2464 4861
2733 3062
289 4533
2050 3165
1598 3386
3967 4690
3568 3748
1845 4151
3606 4570
2861 3750
3019 4247
2541 3624
4565 4690
1623 3748
2881 4624
2878 4834
295 4792
3290 4834
1808 4054
737 4193
1623 4690
2717 4592
2754 4903
761 4861
2100 4598
2688 4346
2230 4364
549 3384
2788 4592
2042 4488
869 3386
1808 3887
722 3762
3811 4624
4813 4969
1395 2113
3959 4690
1912 4318
1295 3800
3748 4902
1058 3561
2186 3280
4064 4942
1295 4821
2303 4879
1552 1601
742 4271
1452 2441
1852 4945
3076 4015
3066 4163
621 1413
1769 3787
3441 3857
3605 4915
264 4942
2878 3598
4015 4414
1982 4322
3384 3502
2239 4662
3935 4792
2979 4774
1245 4942
3821 4968
4203 4533
829 3887
2935 3384
3372 4693
3707 4247
1709 4524
3500 4207
2741 4738
2030 4102
88 4355
450 4813
917 4774
1390 4778
824 3430
3196 4297
2113 3529
1728 2724
3723 4207
3376 4792
1640 4346
2815 3787
761 4752
1576 2467
3290 3291
315 3835
386 3657
2106 3721
3474 4319
399 3441
3131 4915
55 3956
2143 4813
4160 4176
1738 2839
42 4160
3529 4953
4064 4290
3430 3657
414 4474
3066 3967
2691 4275
4011 4923
1638 4620
954 4915
2330 4620
4148 4592
877 4953
2678 4176
2842 4361
1769 4247
3750 4761
3362 3372
1164 3723
772 4263
2464 4792
105 4246
492 2342
2467 4126
785 4148
264 1245
4778 4892
3689 4813
3959 3967
862 4533
828 4778
1172 2015
1464 4942
2871 3500
1354 4000
295 4861
829 4570
4662 4693
96 2529
2283 4970
1799 4923
3099 3922
2808 4592
980 4915
731 4351
4322 4494
1651 3019
1962 3804
819 3637
2845 4902
4271 4539
3438 4624
2329 3474
3637 3964
72 4693
966 4223
2142 4488
2541 3099
3571 4126
1745 4879
4015 4571
3571 3804
2441 4738
280 4571
2679 2741
2842 4746
1428 4355
1364 4587
4494 4539
3384 4942
671 4662
877 3657
88 2955
3302 4346
198 2224
2808 4746
2724 4064
3362 4263
1130 4968
3721 4757
1004 4940
4346 4837
281 4879
1058 4834
2191 4837
2191 4944
2741 3744
133 2983
1352 4821
4318 4488
3222 4837
2541 3196
2468 3500
1398 4774
795 3593
3568 4306
2118 4494
456 4834
154 1591
1804 4903
958 4834
3010 4565
3917 4571
106 4757
4690 4902
1638 4539
2283 4945
3702 4738
3618 4757
2788 4923
3804 4533
575 3959
3959 4813
2346 4738
186 4821
1131 2794
3164 3568
2224 2531
1158 3935
4011 4892
2106 3775
2467 4095
4361 4592
2303 4746
4376 4969
4306 4813
202 4881
3568 3689
3567 4193
3430 3732
1764 4598
1413 4539
1017 4054
1452 2965
1804 2741
1452 3887
4376 4690
3835 4879
455 4102
3857 4126
2531 4491
2646 4494
958 4587
1164 4837
2646 4915
3438 4193
2688 4837
1976 4738
3043 3302
4879 4892
3598 4322
1354 3964
772 4203
1623 4761
1808 4757
652 4624
3748 3967
917 2829
3372 4488
2142 3372
2113 4953
2647 4945
1490 3291
3749 4598
2829 4319
2239 4176
888 4271
2283 4346
4394 4474
4488 4881
2106 3376
2788 4351
4533 4693
610 3689
1481 4879
2050 4757
295 4275
2294 2983
357 4598
2541 2881
2831 4088
105 4598
1674 4879
1246 3964
4968 4969
1379 4969
2788 4524
3188 3593
3804 4622
3040 4571
980 4861
4318 4881
414 4394
1894 2754
3040 4095
3087 4837
4148 4923
4738 4903
133 3529
2541 4622
3829 4746
1126 4088
2327 4058
2808 4351
4083 4095
102 2441
3362 4915
3666 4207
4533 4662
2691 2942
4163 4306
3748 4761
4176 4524
1230 4945
3463 4942
116 3956
2829 2970
2691 4757
3298 4970
2692 4474
699 4126
3396 4738
979 3732
3290 4915
1126 4083
2529 3062
2692 4361
3463 3855
4088 4221
4054 4364
1287 2372
3430 3800
4944 4986
4088 4588
2434 4792
3290 4271
671 4903
3062 3448
3124 3811
2330 4968
1745 4209
3615 3775
742 2514
3010 4902
958 4494
1410 4970
1727 3857
2145 4837
2832 3571
2940 4039
3066 4813
2845 3568
1226 4290
2540 4533
664 3358
3280 4524
1591 4361
2794 3474
50 4902
1962 4571
1524 2118
2935 4408
1364 4539
3749 4036
2881 2935
3509 4036
790 1287
3624 3645
413 4942
4209 4778
3702 4364
4243 4903
1601 4036
4620 4792
3500 4837
2042 4203
357 3509
3750 4813
1164 4944
1017 4738
3164 3738
4570 4903
522 2230
4209 4923
1390 2961
2644 4598
3396 4243
42 4778
2961 4148
3857 4095
1852 4207
902 4624
2351 4881
3738 4376
1728 2432
4821 4923
2151 4036
4757 4778
4036 4088
72 4881
877 3732
4306 4318
1651 3252
2979 3448
1845 4757
522 1287
1226 4624
414 4361
4945 4970
4322 4587
204 4351
2942 4275
3821 3956
1244 4524
4592 4717
2467 4622
3040 3804
2983 3732
2138 3707
504 4474
2942 4968
549 4942
3019 3707
542 4903
4011 4176
216 4147
2983 4821
2159 4408
3500 4238
362 3857
4176 4592
4524 4717
2042 4662
3362 4203
3291 4147
2646 3598
2691 4412
3500 4970
186 4953
2239 4892
3605 4494
3956 4620
1188 4102
2688 4986
3744 4243
1130 4792
2955 4247
631 3855
2955 3707
2186 2842
2294 3430
3435 3509
4083 4598
329 4588
450 2961
1572 1866
2514 4355
982 4346
982 4944
864 4944
2464 3775
3804 4571
3857 4940
189 966
2468 4970
3448 3763
1158 4861
3593 4015
4102 4247
4524 4746
1512 4986
1239 3762
1059 4408
1349 4126
1572 4861
4263 4693
3280 4746
1745 4892
1852 4624
1157 4774
3290 4322
2224 4193
408 2733
3396 3702
250 4209
2644 4083
2678 4778
1912 4533
455 4247
2529 4319
3935 4968
1413 1829
1295 4953
3835 4083
1910 4494
4209 4717
3738 4813
3821 3935
1910 3605
2839 3762
3959 4761
3252 4355
2230 4243
3723 4986
3598 4271
3615 4792
1804 4221
2815 3188
1352 4953
4263 4533
2788 4879
2717 4778
1135 4263
216 3445
1134 3645
2294 4821
2370 2970
4879 4923
2406 4690
2370 4774
2294 3800
3435 4036
4571 4622
1062 4491
1745 4160
3302 4970
819 2372
813 4892
1130 4757
1755 4587
1692 4915
1638 4494
3618 4881
542 1804
575 4969
2186 4778
810 2832
4412 4968
1164 4970
2965 4953
3534 4970
2808 4892
2372 3762
3917 4015
1490 3386
1632 4620
4778 4879
3534 4207
2842 4592
1895 4968
2831 4246
20 4414
1226 3967
2717 4209
2042 4693
4238 4970
4151 4412
3922 4942
2342 4126
454 1295
1829 4834
3721 4620
2644 4246
3010 4969
3502 4624
1349 3857
2514 3707
2942 4861
1354 4058
2531 4474
2283 4944
1866 3916
1754 4969
2940 3784
3529 4394
2832 4571
2935 4000
198 4394
198 3093
3744 4903
2733 4774
2538 4088
3732 3784
2191 4238
1172 4058
2845 4690
979 3430
3165 4083
3509 3835
3606 4364
4571 4940
2303 2678
1230 4986
3966 4414
2186 4160
2741 4903
1817 4624
1799 3093
1026 3935
3567 3811
4752 4968
3087 3302
3887 4903
3372 4203
819 2839
1132 3784
1428 3252
742 4247
966 4474
3721 3821
2647 4944
1261 4953
1910 4915
1692 4322
4151 4792
2432 4064
3615 4861
2330 4151
1727 3917
2808 4524
4290 4408
3967 4565
1134 2935
3606 3744
3738 4565
2692 4147
3376 3615
1817 3922
3099 3855
55 4861
1414 4394
3435 4246
2406 4761
3093 4394
1255 2815
2842 4524
3087 4945
2383 4940
2942 3916
3875 4879
3966 4940
2905 4881
2118 4587
2531 4361
1292 4881
1364 4915
102 4364
3087 4083
2861 3967
1727 3040
2678 3829
4163 4761
1131 4319
2351 4693
1638 4834
1764 4588
4271 4915
1792 4861
4587 4915
4588 4598
375 4953
3298 4944
2881 3384
362 4414
3534 4944
4364 4903
2831 3605
2955 4355
2905 4263
3645 4193
3598 3605
2050 4088
4624 4792
3164 4306
1632 4757
2330 3707
1728 2159
1767 4058
2258 4903
2955 3252
1295 4969
250 4717
2724 3463
4238 4944
4494 4915
2961 4160
3019 4355
3099 4624
4102 4355
1390 4058
3164 4813
3917 3966
2699 2905
40 645
1976 4970
1157 2979
198 4361
733 4861
2138 4223
3062 3763
1059 3502
2815 4102
2829 4774
2815 4247
3887 4494
3598 4834
3043 4238
2030 3787
3252 4247
737 1817
1755 4539
1962 4940
454 4821
4015 4095
202 4318
4054 4290
1512 3723
3376 4757
1895 4412
189 4474
1131 4774
2831 4588
2845 3750
824 4039
3188 4095
313 4243
4752 4861
4151 4757
102 1452
2143 4565
1640 4986
1370 3922
2224 4491
3291 4474
363 4738
1524 4587
1413 4915
3598 4587
4290 4624
829 4903
4039 4821
3666 4837
3124 3438
3829 4717
3723 4945
2531 4394
2861 4969
3787 4102
3529 4039
4351 4892
4570 4760
2406 4969
1640 3298
1852 4970
2691 3956
3784 4821
2935 4290
1390 4148
1815 4774
758 4247
2224 4394
1755 4494
1985 3598
3689 4969
3707 4102
3124 4902
1792 3615
3624 4881
1133 4223
2514 3019
790 4000
4054 4760
4207 4970
2691 4968
492 4095
4970 4986
1245 3502
1126 4588
2330 4752
2370 2958
2871 4944
3598 4915
1769 4355
1048 4598
3040 4126
4203 4881
578 3763
2186 3050
982 4945
966 4394
1172 4000
3196 4290
522 4058
3916 4752
4064 4361
917 3474
1230 2871
4746 4892
1845 2330
2699 4203
2754 4243
4861 4968
3732 4821
2647 3723
3050 4592
2113 3441
4376 4761
456 4915
742 1048
772 4662
1255 1428
329 3835
1852 3723
1413 4834
1934 3441
3748 3750
1651 4102
399 4821
2808 4879
3855 4193
4717 4923
1552 4246
4412 4620
2965 3800
3448 4319
3784 4953
1017 3396
386 3784
3956 4223
790 4058
4193 4942
610 4813
935 4837
2015 2230
3196 4193
2464 3935
3568 4690
2540 4488
1674 2239
1132 4039
1058 4587
1132 4953
3666 4986
3702 4243
3534 4346
1520 4757
3500 4944
4752 4792
1292 4662
2441 4364
786 4290
4488 4662
3821 4752
2541 4297
3099 4319
3043 4837
2831 3835
840 1133
3605 4474
2679 4054
1244 4892
862 4881
42 2842
1520 4945
3967 4306
4203 4488
3916 4620
2958 2979
1512 4944
246 4565
2138 4690
3093 4147
3956 4752
4176 4746
819 4058
1976 2831
2329 2829
1287 3358
2118 4322
2754 3702
2970 4774
1292 4693
902 3922
1048 3749
2983 3800
3207 3896
4163 4565
3738 3967
4488 4693
828 4879
2979 3474
4275 4620
3568 4761
4533 4881
3222 4970
509 4592
3624 4290
116 4792
3509 4598
954 1728
3666 4238
3222 4207
3702 4570
4163 4969
386 4953
3010 4761
3645 3811
1866 4412
186 824
1246 4000
1452 4903
4738 4746
4746 4923
3372 4318
4837 4986
1709 4147
3435 4588
315 4598
1591 4147
3567 4408
4318 4693
1797 4902
3615 4275
3571 3966
20 885
40 3269
42 4270
48 4732
50 4744
55 2462
72 4755
87 4642
88 2682
96 1408
102 4631
105 4274
106 941
107 4905
116 3197
133 2655
154 2369
178 1574
186 3880
189 4034
198 3421
202 3570
204 4493
214 4732
216 4873
246 2318
250 968
264 2697
280 4325
281 3036
286 1734
289 1034
295 4518
313 715
315 2780
329 2108
346 3357
349 3771
357 4846
362 955
363 4754
375 415
386 3795
399 4809
408 3954
413 3915
414 4804
450 2607
454 2817
455 3910
456 3460
492 4264
504 3195
509 4753
77 522
536 4831
542 4410
549 3173
575 4212
578 4109
610 4925
621 3850
631 4206
645 4988
652 4264
664 4594
668 4809
671 4273
682 4992
699 2089
722 1474
731 4898
733 735
737 4767
742 1613
744 4348
751 3341
758 3282
761 4536
772 4773
785 2859
786 4213
790 1887
795 2014
810 4919
811 4708
813 4962
819 4819
824 3152
828 4552
829 4768
840 4756
862 4973
864 4702
869 3796
877 1723
888 4604
902 4740
917 3970
935 1393
954 3714
958 2449
966 4922
974 4794
979 4447
980 4315
982 3526
1004 2879
1017 4401
1026 3347
1048 3878
1058 4134
1059 1546
1062 4656
1126 4461
1130 4407
1131 4971
1132 4086
1133 3938
1134 4883
1135 3978
1157 4548
1158 1665
1164 2507
1172 1983
1188 1209
1226 4314
1230 4338
1239 4984
1244 4955
1245 4710
1246 3941
1255 3424
1261 4604
1271 4480
1287 4014
1292 3393
1295 4046
1304 4044
1333 2635
1349 1757
1352 2681
1354 4680
1364 4288
1370 3930
1379 2868
1390 4432
1395 3705
1398 4723
1410 2399
1413 1604
1414 3671
1428 4004
1452 4239
1464 4917
1403 1481
1490 4784
1512 4706
1520 4388
1524 3072
1552 2973
1572 3570
1576 4725
1591 2568
1598 3125
1601 3888
1623 3947
1632 3970
1636 3552
1638 4021
1121 1640
1651 4625
1624 1674
1692 4681
1708 1709
1727 4514
1728 4920
1738 3900
1745 4442
1754 4646
1755 3946
1764 4947
1767 3905
1769 4325
1149 1792
1797 4987
1799 3125
1804 2062
1808 3327
1815 3588
1817 3145
1829 4905
1835 4780
1845 4793
1852 3650
571 1866
1894 2216
1895 3903
1871 1910
1912 3994
1934 4651
1962 3836
1976 4289
1982 4505
1565 1985
2015 2442
384 2030
2040 2042
1541 2050
2100 3496
2106 2295
2113 4547
2118 4347
2138 4679
2142 4874
2143 4900
2145 4748
2151 2453
2159 4502
2186 3345
1051 2191
2224 4971
1514 2230
2239 2885
2258 4201
2283 3283
2120 2294
2303 4697
2327 4974
848 2329
2330 3401
925 2342
2346 3293
939 2351
976 2370
2372 4504
2383 4876
1105 2406
2432 4978
1451 2434
2441 4456
2464 4769
2467 2520
2468 4472
2514 4292
2529 4110
2531 4178
2538 4489
2540 4490
391 2541
2644 3268
1646 2646
2647 4286
2675 3268
2678 4339
2679 3516
419 2688
2691 4556
1947 2692
211 2699
2717 4899
2724 4373
937 2733
2741 3523
2754 4258
1847 2788
2794 2870
2687 2800
2808 4052
2092 2813
2117 2815
2265 2829
2831 4815
2832 4451
2839 3761
1616 2842
2845 3215
2861 4882
2871 3233
2878 4871
2881 3844
1680 2905
2935 4803
1752 2940
2942 4317
2955 4273
2909 2958
2961 4723
2965 4931
2970 3669
2979 3519
2862 2983
3010 4520
2701 3019
3040 4288
3043 3262
35 3050
3062 3433
58 3066
2666 3076
167 3087
2266 3093
3099 3597
211 3124
3126 3131
3164 3704
3165 4663
3188 4374
3196 4535
1176 3207
3222 4469
1274 3252
3280 4890
3290 4812
2210 3291
3298 4427
1093 3302
3358 4826
3362 4634
477 3372
3376 4188
3384 4669
131 3386
3268 3396
3401 3430
3435 4756
2298 3438
3441 4542
3445 3456
3448 3946
3268 3463
2778 3474
2475 3500
3502 3538
3509 4831
3529 4963
3534 4913
3561 3613
1858 3567
3242 3568
3429 3571
3587 3593
3598 4725
2229 3605
2904 3606
3242 3615
3618 4144
3624 4836
3637 4600
1857 3645
1237 3657
3666 4516
3689 4713
3702 4164
3707 3961
3721 4292
1765 3723
2270 3732
3589 3738
3744 3746
1325 3748
2693 3749
3369 3750
3762 4799
3763 4188
3226 3775
3784 4737
3787 4819
3800 4137
3804 3806
278 3811
3821 3905
3829 4061
3835 3838
457 3855
3857 4877
2306 3875
3887 4013
33 3896
3538 3916
2840 3917
3669 3922
3783 3935
1868 3956
3959 4815
3415 3964
596 3966
2875 3967
3064 4000
2089 4011
3947 4015
3587 4036
4039 4279
4054 4454
4058 4360
3947 4064
4083 4977
550 4088
2690 4095
4102 4701
526 4126
689 4147
1399 4148
85 4151
2343 4160
3462 4163
2004 4176
3539 4193
1780 4203
2758 4207
2266 4209
1095 4221
4223 4597
3375 4238
3524 4243
4182 4246
4009 4247
3994 4263
1114 4271
3179 4275
2298 4290
3182 4297
3844 4306
4021 4318
3514 4319
3144 4322
4346 4839
2902 4351
4308 4355
4038 4361
4364 4817
1407 4376
1463 4394
2744 4408
3449 4412
301 4414
3034 4474
4488 4759
2297 4491
4494 4865
667 4524
2136 4533
1069 4539
2403 4565
1167 4570
4536 4571
1421 4587
781 4588
2756 4592
3655 4598
3872 4620
2375 4622
4503 4624
2214 4662
4683 4690
3143 4693
3991 4717
861 4738
1197 4746
4752 4786
4715 4757
4760 4901
2896 4761
4499 4774
4778 4999
2689 4792
4012 4813
3563 4821
2499 4834
1730 4837
4442 4861
3346 4879
4063 4881
4892 4895
4886 4902
4886 4903
1518 4915
4496 4923
4939 4940
4901 4942
607 4944
4945 4947
4734 4953
4052 4968
451 4969
3069 4970
1063 4986
20 4512
40 4949
42 4212
48 4740
50 4033
55 2334
72 3638
87 4287
88 3446
96 4627
102 3480
105 4682
106 4120
107 4943
116 4814
133 4450
154 4257
178 2991
186 4929
189 1504
198 4568
202 4453
204 3138
216 4614
246 4045
250 1999
264 4990
280 4677
281 4559
286 3497
289 4099
295 4917
315 4404
329 4671
346 2263
349 4443
362 4563
363 4389
375 3508
386 4650
399 4817
408 4106
413 4734
450 3774
454 4582
455 4516
456 2494
492 4950
522 4540
536 4156
549 3167
575 4503
578 3172
610 3774
631 4743
652 2051
664 4480
668 4728
682 4674
537 699
722 2337
731 4843
733 4716
737 4889
744 4877
751 2356
761 3904
772 3436
785 3352
786 1642
790 3838
795 2922
810 4875
811 4462
813 4957
819 4372
824 4961
828 2920
829 4890
840 4525
862 4949
864 4559
869 4914
877 1935
888 4936
902 4475
917 4547
905 935
954 4383
958 4252
966 3653
974 4797
980 4249
982 4371
1017 4069
1026 4849
1048 1341
1058 2716
1059 4841
1062 4754
1126 3950
1130 4788
1131 4418
1132 3231
1133 4078
1134 4849
1135 4354
1157 4990
1158 4411
1164 4258
1172 4419
1188 4437
1230 4615
17 1244
1245 4985
1246 3632
1255 4833
1261 4839
1271 2765
1287 4922
1292 4733
1295 3573
1304 4735
1333 4930
1349 4939
1352 4992
1364 3943
922 1370
1390 3888
1395 4560
1398 3090
1410 4248
852 1413
1414 4132
1428 3481
1452 3142
1464 4557
1490 2355
1512 4253
1520 4196
1524 4806
1552 1826
1572 2661
1576 4121
1591 3455
768 1598
1601 3613
1623 3779
1632 4304
1636 4672
1573 1638
1651 3400
1669 1674
1692 4430
1709 3765
1727 4825
1411 1728
1738 3632
1745 2198
1754 4961
1755 4251
1764 4888
1767 2939
1769 4111
1792 4677
1797 3392
1799 4777
1804 1904
1808 4955
852 1815
1817 4076
1829 4425
1835 4272
1845 4190
1852 4469
787 1866
1894 3431
1895 4801
1910 3314
1912 4933
1934 2987
1962 4407
1976 2792
1982 2792
1985 4358
2015 2018
2030 3022
2042 4753
2050 4733
2100 4955
1909 2106
2113 4052
2118 4875
2142 3546
2143 4736
2145 4314
2151 4632
2159 2713
2186 3730
2191 2761
2224 4649
2230 4677
2239 4920
2258 3619
2294 4838
2303 3403
2327 4894
2329 4701
2330 4197
2342 3385
2370 3279
2372 4074
2383 4328
2406 2416
2432 4227
2434 4215
2441 3902
2464 3891
2467 3073
2468 4661
2514 3282
2529 4429
2392 2538
2540 4545
2541 3828
2232 2644
1170 2646
2647 4618
2675 4663
1366 2678
2679 4323
2688 4535
2691 4062
2692 2783
2699 4525
2717 4954
2724 3832
2733 4330
2741 4075
2413 2754
2788 4934
2794 4864
2530 2800
2808 3100
2813 4383
2507 2815
2829 4114
2831 4607
2832 4961
1000 2839
2842 3607
2845 4037
2861 4794
2871 3728
2878 4713
2905 4897
2935 4764
2940 4521
2942 4858
2955 4174
2958 4459
616 2961
2965 4038
1994 2970
2979 4833
2983 4401
61 3010
3019 4844
2291 3040
3043 4190
3050 4950
3062 4192
944 3066
3076 4914
3084 3087
3093 4236
3099 3789
2591 3124
3131 4211
3164 4032
3165 3880
3185 3188
3196 4810
3207 4737
3222 4192
1884 3252
3280 4316
3290 4852
3291 4739
1369 3298
3302 3786
2608 3358
2324 3362
3158 3372
3174 3376
3384 4168
3386 3822
2890 3396
2880 3430
3435 4240
3438 4744
3441 3449
3445 4904
3444 3448
1169 3463
3474 4900
3500 4807
3502 4864
2361 3509
3529 4420
3534 3938
3561 4691
3517 3567
3568 4980
3549 3571
3593 4403
3003 3598
2947 3605
3606 4501
2927 3615
3618 4314
3624 4563
3637 4141
3115 3645
1932 3657
3666 3937
3689 4549
3702 4685
3707 4333
3721 4128
3723 4856
2791 3732
3587 3738
1952 3744
3748 3752
3749 4471
2579 3750
3762 4713
3073 3763
3775 3863
3784 4883
3787 4956
3800 4642
3804 4504
3811 4544
3821 4725
3829 4212
2694 3835
3855 4998
3857 4867
3875 4920
3887 4714
2523 3896
2972 3916
2493 3917
3367 3922
3668 3935
3956 4614
3959 4421
3964 3986
3966 4981
3891 3967
4000 4251
4011 4932
4015 4432
4036 4458
4039 4334
4054 4627
4058 4818
4064 4601
194 4083
4088 4340
4095 4177
4056 4102
4126 4293
4147 4293
1703 4148
4151 4388
2853 4160
3116 4163
3112 4176
3115 4193
2668 4203
4207 4947
3538 4209
4221 4836
2395 4223
3924 4238
1510 4243
4246 4463
2812 4247
4263 4737
4271 4825
3758 4275
2353 4290
446 4297
4306 4683
3642 4318
4319 4934
890 4322
4346 4678
2189 4351
4128 4355
2530 4361
4364 4610
4373 4376
4394 4411
3711 4408
4412 4825
4414 4450
4349 4474
4488 4601
1648 4491
4066 4494
3543 4524
2837 4533
4539 4816
4565 4912
421 4570
4555 4571
3285 4587
3331 4588
3814 4592
3621 4598
4284 4620
4100 4622
2912 4624
4585 4662
2227 4690
3616 4693
4717 4852
3662 4738
3487 4746
4733 4752
4757 4779
957 4760
4745 4761
4768 4774
4689 4778
3126 4792
4591 4813
3798 4821
4155 4834
3803 4837
3491 4861
2343 4879
3576 4881
4892 4912
4902 4999
2065 4903
89 4915
4809 4923
4905 4940
3833 4942
4944 4973
3950 4945
4852 4953
3478 4968
2439 4969
4970 4981
4650 4986
40 4572
48 4822
50 4633
87 4526
106 1807
107 4647
189 3654
202 3883
216 4307
280 4933
281 4841
329 3915
346 4434
362 4458
408 4086
454 4008
455 3969
492 3813
536 4476
549 4810
668 4335
682 4924
731 4215
733 4994
744 3644
751 3115
810 4739
813 3492
824 4554
828 2969
829 4994
840 4250
862 4673
869 4476
888 1537
902 4781
917 3258
935 4438
958 4831
1017 3889
1026 4981
1058 2503
1062 4612
1131 4814
1132 4766
1133 4756
1134 3793
1158 4820
1164 2381
1244 4149
1245 1253
1246 3974
1255 4044
1261 4898
1271 3172
1304 3400
1333 4999
1349 3746
1352 4051
1364 4910
1395 4605
1410 4908
1414 3785
1428 4929
1464 3906
1512 4201
1520 4896
928 1552
1576 4991
835 1591
1601 4059
1632 4647
1651 2455
1674 2440
1745 4853
1754 4478
1799 3909
1815 3144
1817 4279
1829 4769
1835 3809
1845 4165
1894 4771
1895 4636
528 1962
1976 4985
1982 4901
2015 3846
2042 3928
1147 2100
2113 4806
2143 4280
2145 3553
2151 4927
2159 4383
2186 3739
2294 4003
2327 4454
2370 4404
2372 3412
2383 3458
2432 2604
2434 4466
2464 4590
2468 4162
2514 2823
2529 4817
1654 2540
2541 3078
2644 4789
2646 4586
2675 4708
2476 2678
2679 2882
2688 4490
2691 3485
2692 4705
2699 4684
2724 4993
2754 4751
2788 3654
2709 2800
2808 4997
2215 2813
2815 4676
2829 4679
1539 2832
2839 4567
2842 4178
2845 4111
2861 4667
2871 4531
2878 4766
2872 2905
2935 4621
2940 4018
2942 4996
2958 4189
2961 4216
2965 4680
2979 4379
2983 4057
3010 4803
3040 3583
3043 4932
3062 4798
3066 3067
3076 4531
3087 4114
3099 4556
3124 4796
3131 4941
3164 4124
3188 4916
3196 4426
3207 3562
3252 4889
3291 3942
3302 4017
3358 4756
3362 4369
2560 3372
3376 3998
3384 4343
2590 3386
3396 4349
3021 3430
3435 4842
3438 4855
3445 4352
3448 4497
3463 4360
3423 3474
3500 4961
3502 4274
2517 3509
3534 4776
3561 4663
3567 4993
3571 4326
3598 4538
3605 4315
3606 4435
462 3615
3618 4784
2834 3624
3549 3637
3645 4406
2574 3657
3666 4826
3689 4487
3256 3702
2760 3707
3721 4256
3347 3723
3732 4981
3738 4541
3744 4981
3748 4882
3749 4611
3750 4980
3762 4050
3220 3775
3784 4758
3787 4725
3800 4564
3804 4884
3811 3999
3821 4982
3829 4438
3835 4341
3855 4248
3356 3857
3875 4791
2751 3887
3756 3896
3916 4733
2288 3917
3922 4877
1373 3959
3778 3964
3068 3966
3967 4697
4000 4008
4010 4011
4015 4362
3900 4036
2712 4039
4054 4417
4058 4131
3454 4064
4088 4957
3548 4095
2461 4102
4126 4998
3197 4147
4148 4161
4151 4308
4143 4160
3740 4163
4176 4506
4193 4194
4203 4405
3326 4207
4209 4393
765 4221
2157 4223
4231 4238
4233 4243
4246 4782
4247 4490
4263 4811
4271 4280
2570 4275
4297 4770
4306 4707
4318 4669
4132 4319
2318 4322
4346 4519
3919 4351
4355 4896
2576 4361
4135 4364
2413 4376
4386 4394
3273 4408
4412 4822
4414 4425
4053 4474
4481 4488
452 4491
4494 4977
4524 4576
4158 4533
4523 4539
2960 4565
4461 4570
4280 4571
4587 4865
3427 4588
3813 4592
4372 4598
3554 4620
3413 4622
2981 4624
4662 4676
4690 4898
3638 4693
4717 4982
2476 4738
4729 4746
3892 4752
4138 4757
4564 4760
3578 4761
4759 4774
4778 4822
3457 4792
4756 4813
3141 4821
3488 4834
4837 4980
306 4861
4860 4879
3851 4881
4882 4892
4902 4989
3389 4903
4566 4915
4919 4923
4409 4940
2517 4942
4156 4944
4731 4945
4860 4953
2980 4968
1205 4969
2948 4970
4918 4986
40 4803
48 4531
107 4716
202 4451
346 4642
536 4357
668 4777
731 4604
840 3596
1062 4579
1261 4041
1304 2358
1349 4252
1754 4829
1835 3807
1976 4991
2159 4548
2646 4893
2678 4142
2688 3760
2624 2691
2754 3985
2808 4239
2935 4362
2942 3554
2958 4841
2961 4817
2965 4461
2979 4201
3040 4614
3062 4563
3066 4982
3252 4294
3302 4470
2999 3358
3384 3630
3396 4644
3445 4954
3509 4696
2863 3567
3605 4677
3606 3646
3615 4989
3624 4753
3627 3637
3702 4257
3738 3815
3744 4900
3750 4745
3784 4483
3811 4966
3829 4041
3835 4201
3857 4651
3875 4696
3917 4242
4011 4614
2321 4036
4088 4715
4193 4483
3669 4207
4209 4215
4223 4789
3370 4246
4263 4726
4271 4980
4269 4275
4297 4928
4318 4593
4319 4431
4322 4677
4351 4869
2806 4355
2865 4361
4092 4376
4408 4413
3554 4412
3213 4414
4491 4492
4494 4959
1594 4524
3685 4533
3151 4539
4565 4932
4570 4572
4622 4623
4624 4959
3638 4662
1888 4693
4696 4717
4523 4738
4746 4933
3219 4760
4100 4761
4721 4778
4766 4792
4813 4850
4205 4821
4129 4834
4837 4858
3554 4861
2825 4879
4684 4881
2156 4902
3661 4903
4602 4915
4923 4928
3545 4940
4769 4942
4733 4944
4928 4945
4480 4953
4968 4998
4898 4969
4428 4970
3626 4986
48 4873
346 3337
536 4999
1754 4623
1835 3757
2965 4666
3252 4667
3302 4603
3615 4173
3647 3744
3646 3750
3829 4406
3875 4701
4271 4564
4412 4732
4507 4533
4233 4693
4717 4718
3368 4761
4834 4880
4861 4910
4564 4915
4933 4944
