220 4965
1603 4856
3092 4995
2750 2889
2089 2915
2980 4111
3866 4854
4781 4816
271 4865
2236 4879
1326 4655
4274 4979
2703 4018
3454 4997
195 4603
2842 3609
1604 4937
1218 4274
117 4833
2297 4856
2888 4960
3308 3609
3053 4592
747 4352
820 4554
860 4129
2356 2790
3284 4937
378 3306
1409 1696
1434 4781
2188 3702
1605 2216
1360 2277
4398 4697
3789 3899
3308 3903
1020 4398
3133 4781
3884 4779
2709 4550
166 1900
1676 4937
2575 3131
3093 4940
3004 4165
3310 4697
2561 4910
3866 4425
1523 4377
2971 4389
2517 3910
3034 3687
1020 4389
4187 4816
637 4833
606 2879
2124 4523
1128 4591
4291 4910
1898 2888
977 3976
3905 4716
1176 4965
4054 4592
1697 4655
2867 4995
1119 4384
2723 3363
1110 1722
1523 3963
1448 4340
709 2651
335 4910
1603 1850
2943 4960
3759 4077
4379 4603
720 4415
1613 4003
1061 1799
1829 4979
3005 3329
4265 4592
4342 4936
4731 4779
190 4056
4603 4854
1110 3966
728 4979
1616 4997
3445 4864
568 3654
709 1521
2273 4603
2374 3004
3512 3972
2288 4627
3910 4453
42 4799
2759 4960
4061 4274
2791 3308
162 4340
3363 4979
595 4630
4066 4453
1997 4843
1630 3328
181 1346
3330 4107
2236 4832
1531 2655
3053 4779
977 1864
2286 4816
2186 4204
3086 3308
3086 3361
1339 4415
2522 3654
3404 4833
2570 3456
1837 3093
2340 3531
436 4336
4051 4843
2522 3285
663 4581
1613 3767
2299 4725
1180 3319
4352 4984
3905 4910
1604 2971
4377 4960
3397 4896
1181 4090
3469 3850
4554 4995
2750 3916
2982 4937
2277 4056
3178 4896
3205 4001
3454 4856
4420 4779
1756 4965
2573 4001
1353 4896
1864 2915
4554 4965
2273 3609
4467 4816
2284 3308
3829 3976
3404 3512
3767 4340
408 4398
1013 4969
2536 4936
3512 4333
4833 4969
3445 4551
2299 2522
3512 3517
1898 3687
3759 4832
4249 4678
3092 4965
4799 4865
162 4551
1155 4984
2695 4384
517 4581
1137 3337
4112 4425
923 4018
1474 4725
3131 4467
4591 4833
2857 4363
3178 4833
2754 4997
3329 4833
2037 4854
1401 4979
1695 4591
3213 4997
176 4731
263 4581
531 4781
1409 3133
2511 3234
637 4275
158 4995
2071 4265
833 4550
224 3966
2364 3353
3979 4006
3963 4960
1088 4960
4148 4984
1348 4879
3361 3899
4879 4910
529 4997
3976 4910
2655 4018
3044 4389
3472 3932
2522 4107
1463 4111
2709 4816
1171 1640
3166 4257
4592 4799
4655 4725
1676 4550
2842 4969
3397 4979
3910 4384
4077 4731
3306 3866
2119 4843
3759 4592
509 4816
1463 2980
3108 4937
4832 4879
4275 4333
1474 4655
2550 4523
1353 4979
13 4896
1695 4969
2759 3963
2542 4853
3654 4182
2825 4274
4107 4725
2791 4630
1748 3564
995 1401
1731 3609
3284 4725
3044 4879
2573 4603
158 4965
1061 4352
4054 4725
271 4799
571 4550
1357 4165
1696 4523
4960 4995
4090 4111
4716 4731
1571 4960
2299 4655
3916 4940
3602 4393
1325 4467
3531 4056
2673 4936
2843 3578
4731 4910
190 1748
546 4896
4265 4779
933 3131
3759 4265
764 4006
1401 4713
2700 4854
1346 3910
1697 4054
3866 4129
1416 4148
1933 2654
2765 4415
3500 4936
3469 4940
568 1736
3531 4713
3174 4729
1155 3353
2356 3363
607 1882
1931 3517
4006 4725
158 4554
219 3844
2119 4997
1176 4716
1357 4627
3156 4936
1013 4333
2277 2655
219 3790
2230 3866
3984 4936
4054 4655
1218 4257
4077 4592
464 4054
3609 4603
2138 4779
1010 3135
3485 4603
4112 4363
529 4843
3485 4854
257 4965
833 4937
1933 4936
3420 4704
3844 4984
1603 4940
1478 4896
3517 4833
109 3932
2857 4112
3558 4781
293 4603
3093 3916
983 4581
3905 4291
2414 3902
2356 4979
2124 4816
4592 4879
2542 4340
2968 4374
3213 4843
2888 4995
2885 4415
393 4340
3093 4704
860 4425
4187 4523
2759 4554
3020 4713
2968 4148
1776 4969
3456 4377
2561 4592
1061 4984
3943 3972
1630 3966
3702 4960
3093 4856
2522 3905
1325 2288
3456 4716
3174 4342
3006 4249
212 3844
4291 4420
3512 4275
2971 3892
1635 1736
166 4054
2943 4377
553 4056
4342 4384
3006 4603
1953 4729
3053 4910
201 2550
293 2573
3205 3609
335 4420
2938 2983
2573 2666
3910 3984
201 4960
3044 4937
1635 3654
4379 4581
3590 3866
1697 3285
2090 2814
1997 4856
3321 3940
4896 4979
294 4864
4697 4937
4077 4779
3092 4716
181 4936
2542 4781
4003 4393
995 4979
2230 4415
1605 1992
1997 4704
3500 3976
1061 2825
3602 4781
3234 4979
1480 4960
2791 3512
72 4713
2236 4731
675 3174
2870 3531
923 3135
3006 4581
4275 4833
4420 4799
1434 3321
1613 4864
1065 4187
3156 3308
323 2723
1478 1640
1997 3213
2071 4779
2240 4979
372 4107
2240 3020
1302 2983
1171 2240
199 3590
1850 3420
1401 3234
378 4112
568 4725
113 4453
4111 4984
2277 4816
1992 4204
393 4853
3330 4725
3020 4979
1799 3353
745 3903
3034 4716
2602 3979
2284 3086
2666 4678
1326 3654
1021 4833
4592 4731
2037 4581
4377 4879
1630 4018
4129 4363
2831 4630
4265 4910
2286 4165
2517 2654
4112 4854
1439 4854
535 3329
2831 3899
117 4591
2550 4056
2277 2566
3284 3892
3850 4940
3005 4833
421 4340
3093 3850
1771 3285
3984 4453
3094 3213
4843 4997
595 4336
1346 4936
738 3275
3361 3790
3083 4148
121 3829
1990 4997
1346 2695
2843 3361
3133 4551
3038 3310
2297 4940
3275 4896
804 4856
1409 4551
4051 4704
1805 4107
3932 4389
1511 4853
1606 2536
2709 4257
4291 4799
1061 3844
2240 4896
2328 4467
4051 4856
3829 3984
1325 4627
3759 4731
663 1829
606 4832
4204 4716
4879 4896
1882 3932
42 3759
4336 4630
1298 4678
3388 4148
3517 4333
3445 3558
1312 1763
1882 4697
4832 4833
1480 4995
4551 4864
4265 4865
3796 3903
1654 2575
3454 4843
4257 4274
983 4379
2414 4937
2090 4995
2980 3712
3006 4379
2790 4713
162 4257
3083 4352
4061 4697
1521 4274
1155 2188
1676 4398
4716 4960
663 4678
3932 4697
1312 4066
1439 4129
3388 4799
1521 4937
2037 4379
1145 4550
720 3866
1443 4275
1119 4729
3469 4843
3329 3512
3094 4856
1676 4389
4257 4937
2190 4148
2889 4997
323 3353
3285 4655
3234 3531
2429 4704
3445 4393
1997 3420
1531 4066
2651 4937
380 3966
4054 4182
4415 4425
3404 3943
1805 4006
4464 4854
3602 4853
2759 2888
937 4001
1339 3512
3870 4393
220 4995
995 4713
4779 4879
764 1075
4077 4716
2186 4523
3094 4940
3984 4384
4129 4425
3564 4816
2240 2814
2885 4129
3404 4969
446 4984
4001 4249
1490 3866
3425 4165
3984 4729
2071 4731
2346 4352
569 3602
4056 4816
1992 2186
1992 2655
3767 4393
1145 2971
1606 4066
3319 4333
1137 2414
2885 2889
2297 4843
3972 4275
529 4704
3213 4856
1480 4554
3629 4731
2618 4799
569 4781
4340 4551
190 1360
923 1630
3829 3910
4077 4265
2914 2941
1926 3943
517 4678
2484 3733
1864 3337
2186 2328
3034 4965
1021 4333
4090 4781
2484 3844
1604 4257
1400 4554
3733 4879
220 3275
909 4291
1298 4249
2599 4865
2655 4467
4157 4937
3329 4969
553 3306
2124 4165
2700 4112
816 4984
2374 4627
1128 4833
3702 3963
1772 4940
2703 3328
4389 4398
2915 3135
3425 4627
305 3472
4077 4799
1022 2536
4112 4129
446 4997
3884 4592
4854 4865
2843 4630
2186 2314
601 4453
3629 4420
3629 4879
3319 4969
1913 4704
2888 3687
3108 3330
455 4384
121 977
4865 4910
2288 4187
2364 2484
393 3602
2536 3984
3420 3916
1771 3654
641 4377
2980 4374
2879 4832
2618 4832
607 2414
546 2870
2723 3388
3363 4713
3456 4554
3790 4725
4464 4697
1613 4393
1360 2328
4129 4854
1704 3330
3329 4333
2943 4965
42 4865
2205 4729
3629 4865
1240 4581
1075 3790
2618 4843
2676 4678
4107 4655
1171 3178
2723 4984
3512 4969
4056 4165
1012 4704
2759 4965
4716 4879
1603 1997
2188 4960
3905 4731
3759 4799
509 4523
491 4960
1952 4965
1771 4725
1776 4275
728 4352
638 2842
2676 3500
1348 4910
3094 4997
378 4415
2599 4275
1238 4799
372 3790
2297 3420
3899 4630
1326 3979
1722 4984
1770 3976
2791 3310
3445 4853
142 4051
728 816
4363 4854
1722 2914
3234 3363
531 4864
3850 4704
3687 3702
3004 4204
977 4453
491 2943
2119 4051
4274 4550
3932 4257
2186 3425
2943 4995
121 4936
212 4111
2070 4148
675 4066
864 4896
1364 4725
2885 3590
3472 4937
219 1900
1353 4265
3590 4415
1227 4157
3083 3712
2511 4713
814 4936
1654 4056
2070 4374
1736 4725
2651 4781
565 4581
2825 3044
1021 3972
2695 4342
455 4936
4550 4937
2286 4467
3517 4969
1654 2501
764 3330
3844 4374
2216 2374
1463 4984
2943 3654
2700 4129
833 4697
3361 3789
1244 4425
1604 3310
456 4969
1312 4936
3166 4274
663 3623
2561 4865
3531 4979
2765 4129
4393 4864
1434 4864
1164 4940
4940 4997
1913 3469
4340 4937
2765 2857
4389 4937
1171 4979
1155 4374
456 3404
1696 1748
4731 4879
4832 4843
2240 3178
1521 3310
3306 4415
2581 4833
2328 3131
3902 4937
3905 4592
3902 3932
1531 4936
3966 4018
2982 4389
4393 4551
3469 4856
263 4001
1013 4833
595 3578
1992 4523
3166 4937
3558 3870
491 2944
747 3733
1531 2536
1749 4523
2754 4856
3108 3902
2581 4591
3083 3844
1180 4969
1364 4960
2673 4729
1523 4554
3083 4274
3654 4655
3892 4398
3306 4425
1480 3108
3469 4704
1613 4781
876 4551
2570 4377
455 4729
3916 4843
2709 4274
1400 1898
1837 4843
3038 4006
720 4363
2938 4910
4551 4781
2346 3353
2915 3966
3319 4910
3892 4937
4678 4854
832 4393
464 3790
2517 2673
3308 4157
1093 3234
2288 4816
3870 4864
3094 3916
3976 4936
2536 4729
1439 4363
4832 4865
3972 4969
158 4960
305 4937
937 4854
1499 3308
3044 4398
4265 4799
1926 4591
2364 4984
372 4054
3979 4054
2071 4910
2814 4979
3905 4865
571 4061
2765 4363
571 4257
2356 3020
2754 3850
1499 4336
2429 4374
1756 1952
455 675
3940 4393
199 3866
3004 4816
1244 3306
3767 4713
3564 4165
2980 4984
3654 4054
271 4910
3517 3972
220 4249
745 1926
1416 4111
2347 4865
3445 4781
4051 4363
1799 3844
1227 3796
4581 4854
3472 4398
1325 2186
1864 2703
3053 4832
638 4379
3178 3397
3884 4879
3005 4969
3425 4467
1850 4843
2914 2915
294 1933
509 4056
2501 2550
3321 4853
820 4995
3759 4291
3943 4333
3558 4864
2843 3903
3472 4389
263 4379
535 3319
2230 4112
1635 4725
3500 4453
2071 4832
117 3404
995 1829
1605 4523
4291 4832
1511 3558
2070 2980
233 4816
4051 4940
3767 4551
1648 4940
2297 2429
675 3284
1164 4997
3623 3870
2654 4453
472 4833
2750 4051
3485 4379
1448 4864
1521 4779
1997 4997
2655 4165
531 3397
3558 4340
1401 4896
1164 4843
1571 3034
1640 3397
517 3485
1434 4340
2599 4420
4592 4865
2602 4725
220 4960
3789 3903
3733 4984
1088 3034
2230 2765
3135 4018
2340 2799
1805 4655
3330 3979
568 3979
1326 4182
1648 4843
212 4374
2138 4340
2119 4940
110 4551
380 2915
1474 4182
2561 2566
3469 4051
1696 3593
909 4799
2570 3702
3174 4453
3284 4464
3943 4969
2340 4379
2328 3044
3796 4363
2236 4865
2273 4678
2575 4816
3156 3578
3445 4090
383 4713
2831 3156
3903 4630
1443 4969
2750 4997
1088 4995
1749 4204
2700 4425
2814 4731
2599 4832
2843 3796
3578 3899
4001 4603
2236 4265
1603 4843
1012 4843
1010 4018
2765 4425
13 3275
211 4018
2723 4374
2346 4984
446 529
2364 4111
2938 4523
2754 4940
4061 4398
2944 4995
531 4853
1926 4969
3285 4725
3712 4111
3932 4157
4420 4879
601 4729
2983 4165
4249 4603
1443 3517
2938 4816
2791 3796
2618 4910
2889 3094
2700 2885
109 3902
2676 4453
4182 4725
1093 4713
4389 4464
1749 3004
2356 2814
1648 3093
2124 4854
565 3609
607 4550
1312 1531
1913 4843
820 1176
2236 4910
2190 4374
1088 3702
2288 4363
3870 4090
2070 4984
2750 4704
2879 4420
1931 4969
1474 4107
2723 3083
4274 4398
4291 4865
1141 1353
3500 4112
1244 2765
1021 1499
1034 1704
3767 3870
1523 2867
2089 2703
2542 3940
4275 4591
1953 4936
934 4979
142 4856
3321 4551
3321 4781
1952 4554
293 983
233 4204
1837 4940
4003 4781
1736 4107
3564 4204
1898 2188
4187 4627
2561 4879
1850 4997
2799 4678
3687 4965
1020 2414
1523 4995
2971 4937
3790 4107
4265 4731
3178 3275
142 4997
4377 4965
2879 4910
464 4182
2879 4799
1695 4833
4291 4879
2314 4965
3984 4342
1756 4960
4554 4960
1605 3932
1010 3966
2799 4581
2429 4997
219 4054
2286 4157
4523 4816
1605 4816
1227 4630
335 4879
2790 3397
728 4148
2673 4453
3558 3940
641 4995
1837 4856
3092 4960
3866 4363
4856 4940
109 4937
4716 4995
3790 4054
3623 4340
1792 4384
546 4979
3884 4832
4965 4995
2501 3593
3712 4352
2277 4165
637 4969
2240 3512
1128 1695
1416 2484
2982 3284
3388 4984
1499 3086
3275 3388
2340 4249
2983 4816
3963 4965
4843 4940
1434 3854
1409 4204
1339 4591
4001 4379
1806 2511
607 3892
747 4984
509 4591
1603 4997
1630 2703
378 4854
3940 4090
4415 4854
3512 4833
3004 4056
3156 3789
2119 3093
4077 4291
3108 4274
3905 4879
641 4965
2240 4713
2138 4879
1145 4061
2288 3593
3602 4856
1400 4965
764 4655
2570 3092
641 4554
814 2205
1180 4275
4077 4832
3092 4377
3902 4398
3156 3796
720 4129
3319 3943
2314 4554
3166 3310
3609 4581
2662 3712
2216 3593
1806 4713
1806 3234
3094 4704
1137 4389
2070 2484
1463 2346
3789 4336
864 3531
4779 4865
1776 3943
1571 4965
1218 2759
1531 4384
2983 4865
3870 4003
509 3593
1763 2676
1604 4398
1770 4729
816 4352
464 4725
1953 3910
3456 4965
2666 2842
2374 4187
2216 4165
1749 4627
3623 4853
3623 4864
2517 4342
2501 4204
257 3963
436 4157
1772 3850
954 3404
1416 2190
2825 4257
923 2872
3940 4781
3205 4249
2889 4704
456 4833
2790 4896
1771 4182
1110 3337
176 4832
1992 4627
3902 4464
3733 4111
72 4896
4257 4550
1806 4896
257 1756
4006 4056
535 3512
2982 4464
606 4077
937 4379
3361 4630
2347 4779
4716 4910
4832 4910
3854 4853
4843 4856
3940 4551
2570 4554
3910 4843
2581 3329
2915 2941
383 4896
2759 4995
738 1640
1176 3963
954 4969
3590 4854
933 1302
1898 4965
1400 3963
1704 4107
606 2071
2765 4112
3687 4377
1302 4467
4001 4678
1181 4781
3329 4960
4340 4781
2273 4249
3131 4816
3388 4111
1523 3404
1926 4333
2570 4960
3330 3790
3789 4523
1772 4856
2575 3425
1898 3963
13 4979
4591 4969
3892 4464
2347 4592
190 3425
456 706
1021 4969
2599 4731
2857 4425
1722 3966
1990 4940
2414 3932
2872 4018
738 4713
814 2654
1680 4393
4716 4832
820 4960
3759 4779
1748 2983
4420 4865
3454 3469
2599 4910
3796 4630
3654 4107
2550 4165
3092 4554
3593 4816
2673 4342
201 4965
2570 4995
2484 4984
2799 4249
336 1022
2124 4204
2695 4729
294 4729
816 3733
3593 4165
4799 4832
2374 3593
1012 4940
1697 4182
1499 1531
1952 4960
211 2941
4291 4716
1756 4554
3590 4129
4936 4984
876 4591
4467 4713
2190 3353
706 4833
1933 2673
1240 1731
2938 4204
2299 4054
1180 3972
1181 4864
2888 2943
1792 3174
2517 4816
2284 4336
4592 4910
3759 4910
2968 3712
745 3899
2814 4896
3310 4464
3034 4704
4265 4291
201 3702
2982 3166
571 4464
123 4630
4274 4697
704 4979
3086 3789
3404 4275
3866 4415
3310 4157
2831 3903
4678 4896
2186 3829
1119 3966
3829 4896
2662 3388
1731 2666
2542 3602
3086 3796
4781 4864
2602 3330
3984 4066
1913 3916
415 4187
2561 4799
2288 4523
3306 4112
3712 4984
335 4865
2870 4979
3916 4856
601 4384
3972 4333
2842 4678
2872 3135
2944 4960
2825 3892
2090 3687
4393 4853
1654 2277
2655 2938
3854 4781
3363 4799
565 4678
2230 4129
1409 4523
2968 3733
1511 2542
3469 4716
4257 4697
2885 4363
2119 4856
2089 3337
3284 3902
2347 4910
3456 4995
1931 3404
4592 4716
2709 4697
2090 4965
4731 4865
4581 4678
3609 4678
1990 4704
4425 4854
1749 2655
3319 4591
1697 4107
1770 4342
2651 3932
2872 3328
3306 4854
3789 4630
3053 4865
3702 4377
195 4249
3932 4678
3205 4581
1676 2651
3884 4910
2654 4066
1882 3166
569 4853
2825 4697
1137 3108
2666 4581
704 4896
415 1325
2299 3979
1605 3425
3234 3397
4090 4853
4779 4832
3005 4333
2364 4352
3910 4342
4275 4554
3361 3903
1012 3213
2414 4464
860 4363
4603 4678
3899 4336
4415 4960
2575 2938
4111 4187
4265 4879
1499 3789
2754 4704
2885 3866
3330 4655
747 4111
233 4627
2070 2346
4781 4853
2374 2501
2673 3976
738 4979
3454 4704
4148 4374
2550 3564
212 4148
1176 4995
1360 4187
1326 4725
3328 3337
3329 3517
3905 4799
3940 4864
3156 4630
977 4384
263 4249
3005 3404
767 1141
393 4864
3558 3623
201 2484
421 1926
380 2089
2944 3687
1933 2205
1171 4896
4157 4697
1665 2914
421 4393
3712 4374
3590 4363
595 2791
455 2695
4090 4393
3854 4833
706 4591
3454 4051
421 3767
3702 4554
1339 3517
3319 3972
2750 4940
1736 4182
2297 4997
2190 4984
162 4781
1523 4716
3284 4550
2511 4979
3108 4257
1900 4182
1348 4779
2299 4182
3623 3767
1829 4713
804 4937
2857 4129
2124 2938
4363 4425
565 1864
1164 4856
2089 4018
1731 4603
3485 4581
3790 3979
3454 4940
4779 4799
4799 4910
2700 4415
2750 3213
2703 2872
408 1882
3133 4853
3905 4420
2983 4420
2522 3979
1165 3038
323 1799
1648 4856
2870 4896
4090 4340
663 4854
4420 4910
2842 3205
2676 3976
257 4960
4420 4832
2885 4425
1792 4379
2618 4865
934 4896
1665 2703
1696 2288
3020 3363
2889 3469
4464 4937
2124 4056
4204 4816
704 3454
3892 3899
1357 4204
1571 3092
3899 4940
2089 2941
3020 3275
4056 4204
123 3903
3578 4336
728 3712
162 4393
1145 4697
1722 3337
2573 4379
1864 3966
1075 3330
3205 4379
1298 4001
1704 3321
1837 4997
3963 4467
2791 4453
816 4697
3602 3870
2857 3866
3654 4265
983 3205
2791 2843
3133 4864
3578 3593
3850 4856
383 2870
1065 4816
2888 4965
224 2914
1571 3963
1704 4655
380 2941
3916 4997
2857 4415
4090 4551
1065 2328
2581 3943
2573 4854
2879 4879
738 4896
3767 4853
4420 4716
1990 4856
1360 1748
1339 4374
1478 1829
1181 4551
219 3654
2340 4603
3308 4336
2831 4336
3976 4729
2429 4051
1648 2889
4003 4864
2941 3135
110 4853
3979 4725
937 4581
1952 4995
3892 4274
728 3733
3420 4856
1900 4725
3590 4425
1654 4187
876 3943
3578 4630
2870 3397
2944 4554
4389 4550
2879 4731
3609 4001
2561 4779
2581 4333
820 3034
1021 3943
1416 4984
3053 4077
3086 4336
2941 3966
1704 4725
1606 1763
4249 4379
2662 4374
2666 4374
4374 4984
569 3940
1137 4061
4077 4879
1704 3285
4003 4340
1776 4833
4157 4398
220 4377
3133 4090
2575 3564
2666 3205
3733 4148
1010 2872
1799 4984
491 4995
3558 4853
372 2983
814 4384
4716 4865
3733 4374
4006 4107
3306 3590
3006 3485
1448 3870
2980 3353
3044 4697
1218 4697
4006 4655
3590 4112
2889 4940
3174 4936
1480 3702
2190 3844
2938 3004
176 4865
4592 4832
1463 4352
2138 4910
2754 4051
3005 3517
2843 3086
4713 4725
2867 4716
3712 3844
1616 4398
4729 4936
3445 3602
211 3135
4077 4865
1531 3361
4165 4420
3094 4204
909 4879
3174 3829
1093 4896
3844 4003
3213 3850
933 2216
2982 4398
860 4415
4342 4729
3892 4697
1604 4550
4864 4910
3275 4713
3472 4061
4704 4856
3892 4061
1093 3363
233 4187
1065 2216
3829 4066
832 4551
1680 2581
2599 4799
1010 3337
3388 4352
4779 4910
2216 4816
2602 4054
1722 4018
709 3166
1665 3512
3456 3963
1606 3976
176 4420
1806 2814
3083 4374
2346 4111
3234 4896
3905 4779
2364 2662
1141 4979
1448 3940
4112 4415
909 4731
2286 4187
2484 4352
2655 4056
2943 3092
1145 2825
638 4603
909 4865
3943 4591
571 4398
1353 2870
2662 2968
305 2938
3083 4984
4398 4937
1898 3108
201 4995
4003 4853
2347 4832
117 4969
4716 4965
305 4464
2602 4182
1448 4090
3796 3899
3564 4187
3053 4420
3388 4374
1665 1864
1088 4965
816 2799
1348 4799
3310 4937
4265 4716
3629 4779
415 2983
3485 4001
2429 4940
1119 4066
1763 3910
3319 4833
1400 4960
3829 4729
2982 3932
1181 4853
3902 4389
4713 4979
2340 4001
4379 4854
832 4864
706 4969
4856 4997
110 4781
1155 3733
1180 4591
923 3966
294 3500
601 4936
1913 3094
1850 4940
4731 4832
109 4257
3319 4275
2651 2971
1776 3972
876 954
142 4940
1238 4865
3275 4979
2799 4603
4592 4779
3005 3943
2340 4678
3564 4056
335 4779
2889 4843
3558 3767
3353 4148
13 864
3094 3454
3456 4960
3629 4910
3850 3916
3034 4554
3578 3789
934 4713
1128 4333
4061 4937
3972 4591
4340 4864
2602 4655
1141 4713
3321 4864
1240 2666
2347 4799
546 2814
190 2983
1696 3131
2599 4879
3578 3796
3020 4896
72 3275
3178 4979
2511 2790
1110 4018
2867 4377
2968 3083
3517 4591
3213 4940
372 4182
1443 4833
4453 4729
2790 3020
3044 3275
3500 3829
2842 4603
1155 2723
816 2980
2843 3789
876 3005
1756 3034
4464 4550
864 4979
121 2695
814 3910
2429 4856
2676 4936
709 4464
166 4006
3133 4393
1400 4995
224 3337
3178 3363
3759 4879
4157 4336
3306 4363
2205 4936
1792 4729
3844 4111
3034 4995
1654 4627
2968 4984
2346 4148
1240 4854
4832 4936
323 4984
1093 1353
1933 1953
3602 3767
3870 4853
720 4425
3472 4157
3108 4398
2138 4799
2971 3687
2695 3984
937 2340
3133 3940
4291 4731
1736 4655
224 3328
1244 4363
4853 4864
4249 4581
3854 4551
2825 4937
3005 4864
4704 4997
3940 4853
271 4879
2750 4856
3006 4678
1218 4550
3420 4843
1439 4425
977 2205
1020 4937
2037 3485
3321 3623
565 3006
421 4853
421 4864
2517 3984
3972 4833
2971 4003
4393 4781
954 4833
3712 4148
3702 4965
3578 3903
704 1478
2581 4969
110 4864
181 4453
199 4415
2599 4725
271 4291
2842 4854
2814 3531
2575 4523
4061 4257
3285 3979
1357 4816
1521 3284
4377 4716
1695 4333
436 3899
637 1926
2328 4627
3558 4551
2277 4523
2550 4187
4384 4729
2536 4384
2501 4627
4157 4630
2662 4984
3892 4678
1364 3790
1439 4415
3850 4843
293 4678
1913 4997
3285 4182
2971 4697
2759 3687
2941 3328
2188 4965
3905 4265
1141 3531
3083 4111
3654 3979
415 4627
3353 4984
3445 3767
3963 4377
1128 4969
2618 4592
3485 4678
1665 2872
1990 4843
2138 4832
2723 4352
3420 4157
4066 4936
876 4275
4051 4997
3943 4275
1480 4965
2356 2870
1605 1749
933 4187
3420 4997
1837 4729
3870 4340
2522 4054
2328 4165
2879 4592
1772 4997
4704 4843
2230 4363
3285 4006
109 3892
832 4853
212 4984
1302 4627
1640 4979
4257 4265
3564 4523
1499 4630
4627 4816
1882 4061
1772 3916
517 1298
3310 4274
2517 4936
72 4979
3004 4865
1012 4997
933 4816
546 3531
2754 4843
3564 4627
3108 4464
2676 4581
767 3363
4731 4799
1339 4969
4377 4995
294 4453
3310 3932
181 1792
860 4854
2673 4066
2138 4592
3006 3609
1837 3850
3602 4864
42 4779
1164 4896
2314 3687
3404 4940
3854 4864
2314 4960
3899 3903
1792 4936
3108 3892
3420 4940
3361 4336
3623 4781
4077 4420
2867 3963
3328 4018
3329 4591
764 4725
4111 4352
2879 3469
3854 4090
569 4148
2561 4291
3884 4731
2914 3135
606 4265
1478 3363
3131 4523
1302 3425
3397 4713
1013 4591
1606 4936
3623 4090
2790 3531
3903 4336
1635 4107
4799 4879
2347 4731
3472 4697
638 4678
472 4969
3044 4550
1022 2517
833 4464
336 1953
2314 4995
2943 2944
3844 4352
2791 3086
1763 4342
2037 4603
2676 3829
4291 4779
1990 3454
1240 4249
2618 4420
934 3020
1640 2790
211 1665
2872 3337
2872 3006
3472 4550
3844 3850
1648 4997
4257 4856
1926 1990
3205 4678
1850 4704
436 3361
3174 4384
535 4969
464 3093
2651 4389
2867 4960
4051 4725
1165 3854
2314 2867
3131 4627
2662 3733
2286 3425
3361 3796
3044 4061
1443 4591
2799 4854
3321 3870
3044 4274
1238 4879
4389 4697
158 2867
3979 4655
1490 4340
1900 4655
1065 3004
1137 3284
4274 4464
42 3905
2971 3166
3902 4697
767 4896
804 3902
4523 4627
2286 3004
2944 3456
601 2340
1013 4704
2791 3899
1022 4342
517 4879
2700 4363
704 4713
1474 3790
2581 4275
3687 4995
3850 4997
3053 4731
2230 4425
517 2799
3593 4056
1238 4832
995 3397
2888 4377
2914 3337
2914 4018
1926 4833
336 4342
2968 4352
4275 4969
2651 3284
2364 3388
663 2273
1075 2602
2284 4630
4157 4550
2037 4249
2284 3156
1164 3916
1864 3328
224 3687
2914 3328
199 4112
1792 3976
113 3976
305 4061
113 4384
3623 3940
2754 3469
954 3972
113 3500
3093 4051
1020 4464
2542 4551
3767 4864
1434 3623
934 2511
1244 2885
1635 1900
2561 4054
3275 3397
832 3321
2573 2799
1346 1953
3759 4865
3425 3593
1771 4655
166 2522
1776 4333
1613 4853
553 2983
2618 4879
3902 4550
1952 3456
4551 4853
2982 4550
531 4090
4165 4467
2550 4627
4257 4389
2297 4704
937 1771
1829 4896
2501 4187
4781 4799
13 3717
42 4426
72 4245
109 3169
110 4946
113 4792
117 4514
121 3170
123 4782
142 4225
158 4915
162 3945
166 4248
176 3434
181 4462
190 4688
195 4792
199 4073
201 2014
211 4480
212 4808
219 4737
220 3634
224 4048
233 673
257 3239
263 4785
271 4553
293 3028
294 2327
305 3052
323 4963
335 2118
336 4612
372 3519
378 2627
380 4677
383 3202
393 4162
408 417
415 3586
421 4638
436 2668
446 4412
455 4897
456 4752
464 4880
472 4447
306 509
529 4908
531 4889
535 1203
546 1840
553 4869
565 3946
568 3706
569 4806
571 1268
595 4461
601 3887
606 4985
607 3099
637 3874
182 638
641 4784
663 3752
675 2172
704 4268
706 4780
709 4801
720 4892
738 1905
745 4902
747 2959
764 4241
767 895
804 2712
814 2532
816 4987
552 820
832 3769
833 3557
860 3861
864 4561
242 876
828 909
923 4117
933 3934
934 4688
937 4994
954 4422
977 3017
983 4628
995 4825
1010 3341
1012 4562
1013 3589
1020 1575
1021 4589
1022 3887
1034 4825
1061 4834
1065 3953
1075 4087
1088 4873
1093 4509
1110 4451
1119 4084
1128 4341
1137 3788
1141 3978
403 1145
1155 4967
1164 4883
1165 4808
1171 4463
1176 4955
1180 4868
1181 4851
1218 2761
1227 4461
1238 4160
1240 1921
1244 3820
755 1298
1302 4578
1312 4782
1325 2094
1326 3707
1339 4990
1346 4301
1348 4313
1353 4293
1357 3773
1360 3807
1364 1504
1400 4560
1401 4786
1296 1409
1416 4334
1434 2891
1439 4983
1443 1471
939 1448
1463 2900
1474 2797
1478 4684
1480 4476
1490 4826
1499 3922
1511 4456
1521 4238
1523 4417
1531 2258
1571 3635
1603 3427
1604 4561
926 1605
1606 4671
1613 4834
1616 3901
1630 3860
252 1635
1640 4710
1648 4509
1654 4472
283 1665
1475 1676
1680 3909
1695 4988
1696 4577
1697 3541
1704 4946
159 1722
1731 4606
1736 4421
1748 4895
1749 3990
1756 4235
1763 2620
1770 4899
1771 3344
1772 4894
1776 4831
1792 4777
1799 4326
1805 1959
1806 4930
1829 4234
1837 3077
1688 1850
1864 4489
1882 3978
1898 4970
1900 4967
1913 4564
976 1926
1931 4968
1933 4320
1952 4927
1953 4702
1990 2171
1992 4988
1997 2657
2037 4343
2070 4262
1496 2071
2089 3474
2090 3584
2119 3351
2124 4946
2138 4752
2186 4962
1682 2188
2190 4963
2205 4236
2216 4297
2230 4661
2236 3981
2240 2605
2273 4606
2277 3115
2284 3821
2286 3141
1406 2288
2297 3957
2299 3561
2314 3970
2328 4445
2340 2513
2346 4361
2347 2963
2150 2356
2364 4889
2374 4181
2414 2691
2429 2819
2484 4963
2501 3566
2511 4684
756 2517
2160 2522
2362 2536
2542 4466
1524 2550
2561 4946
2566 3432
2570 3942
2573 4422
2575 4805
2581 4547
993 2599
2602 3610
2618 4219
2651 4753
2654 4819
2655 4867
2662 3374
2666 3692
2673 4948
579 2676
2695 4920
732 2700
2703 4912
2709 4876
2723 4411
2750 2961
2754 4451
2759 2950
2765 4840
2790 4957
2791 4461
2799 4439
2667 2814
2825 4922
2831 3986
2842 3447
1591 2843
2857 3514
1205 2867
2870 2953
2872 4423
2085 2879
2883 2885
2888 4567
2889 4891
1787 2914
2915 4105
2938 4256
2941 3631
2943 4503
2944 4773
2968 3506
2837 2971
2980 2987
2982 4452
1202 2983
1073 3004
3005 3619
3006 4989
3020 3023
3034 4144
3038 4691
3044 4259
3053 3661
3083 3685
3086 3527
317 3092
3088 3093
261 3094
3108 3251
3131 3202
3133 3389
3135 3585
3156 4461
3166 4770
3174 4680
3178 4684
3205 4733
3213 4281
2270 3234
3275 4263
3284 4469
3285 4350
3306 4884
3308 4212
3310 4818
3319 3714
3321 4802
3328 4686
1620 3329
3330 4755
3337 4878
1694 3353
3361 3802
3363 4823
3198 3388
3397 3721
3393 3404
2898 3420
922 3425
3445 4250
1730 3454
3050 3456
1084 3469
3225 3472
3485 4624
3500 4462
2745 3512
3517 4174
3531 4607
2342 3558
1934 3564
3414 3578
3590 3808
3593 3821
304 3602
3125 3609
3623 3691
3629 4567
1859 3654
3687 4998
3702 4532
2995 3712
3733 4900
3759 4224
3738 3767
3789 4902
765 3790
3796 4461
3829 4462
3844 4840
3850 4405
3612 3854
3866 4418
3685 3870
3884 4368
3892 4448
3539 3899
3525 3902
3903 4647
3657 3905
2632 3910
3916 4823
3379 3932
3940 4639
3530 3943
3813 3963
2827 3966
3964 3972
3658 3976
3979 4225
3984 4373
4001 4096
3565 4003
2864 4006
101 4018
1956 4051
4054 4810
545 4056
1901 4061
4066 4073
4077 4956
4090 4531
4107 4332
582 4111
318 4112
2578 4129
3689 4148
4157 4902
4165 4964
3810 4182
4187 4522
703 4204
4249 4251
4036 4257
3432 4265
2855 4274
4275 4957
3377 4291
4333 4991
4336 4852
4004 4340
2935 4342
454 4352
4173 4363
768 4374
4377 4982
2266 4379
4174 4384
2352 4389
4393 4573
2232 4398
4382 4415
4420 4667
3894 4425
3887 4453
4464 4817
2963 4467
4081 4523
839 4550
1450 4551
3630 4554
4581 4946
4020 4591
4547 4592
2913 4603
4627 4658
4630 4638
889 4655
3493 4678
4563 4697
4704 4705
4080 4713
4716 4761
4725 4734
4729 4973
2837 4731
4360 4779
4781 4791
1488 4799
4196 4816
4558 4832
4574 4833
4824 4843
1618 4853
2839 4854
4062 4856
3961 4864
3631 4865
3378 4879
4896 4941
4373 4910
4084 4936
2279 4937
4096 4940
4943 4960
4947 4965
484 4969
1514 4979
3351 4984
1451 4995
4222 4997
13 4147
72 4739
109 4673
110 4987
113 4493
117 4715
121 4953
123 4996
158 4912
166 4263
176 185
181 4492
190 4905
195 3582
199 2234
211 4790
212 4924
219 4012
224 4307
233 4788
257 4411
263 4241
293 4224
294 4623
305 4919
323 4790
335 4235
336 2667
372 4987
378 4880
380 4441
383 2593
393 850
408 4933
415 4459
436 4277
446 2493
455 4638
456 4546
464 2645
472 631
509 4127
529 4977
531 3935
535 3726
553 1824
565 2010
568 4388
569 4909
571 4909
595 4875
607 3573
638 2770
641 4119
675 4850
704 3876
709 2946
516 720
745 3804
747 4926
764 4911
767 4684
804 4427
814 3836
820 4616
832 4644
833 3801
860 4982
864 4407
909 4278
923 4207
934 4774
937 4637
954 4240
983 4017
995 4863
1010 3792
1012 2572
1013 4767
1020 4976
9 1021
1022 4632
1034 4036
1061 2918
1065 4811
1075 4301
1088 4980
1093 3914
1110 4334
1128 4559
1137 4767
1141 4926
1145 4081
1155 2075
1164 4076
1165 1588
443 1171
1176 3551
1181 4449
1218 4882
1227 4902
1238 4804
1240 4546
1298 4809
1302 3383
1312 3648
1325 4921
1326 3751
1339 3961
1346 4629
1348 3834
1353 4755
1360 2133
1364 4579
1400 4430
1401 4723
1409 4408
540 1416
1434 4868
1439 3756
221 1443
1448 4120
1463 4915
1478 4263
1480 3711
874 1490
1499 4631
1511 3138
1521 3701
1604 4108
1606 4617
1613 4125
1616 4973
1635 3449
1640 4882
1648 4653
1654 1767
1676 4210
1680 4161
1695 3692
1696 4876
1697 4567
1722 4958
852 1731
1736 3886
1748 3841
1749 4536
1756 4516
1763 4817
1770 4242
1771 4694
1772 2927
1776 4366
1792 4600
1799 3238
1805 4543
1829 3908
1837 4605
1850 4096
1882 4169
1898 2498
1900 2939
1913 4585
1931 3671
1933 4855
1952 4567
136 1953
1992 4521
1997 4996
2037 3035
2070 2876
2071 4687
2089 3023
2090 4565
2119 4673
2124 2633
2138 3986
2186 3965
2188 4311
2190 4539
2205 4850
2216 4977
2230 3974
2236 2554
2240 2244
2273 3596
2277 3277
2284 4902
2288 2572
2297 4701
2299 4792
2314 4750
2328 4923
2346 3243
2347 4913
2356 4684
2364 4767
2374 4845
2414 2627
2429 4501
2484 2848
1092 2501
2511 4266
2517 4060
2522 3710
2536 4897
2542 4668
2550 4840
2561 3315
2104 2566
2570 4907
2573 4871
2575 3705
1922 2581
2599 3768
465 2602
2618 4138
2651 3483
2654 4950
2655 2659
2662 4509
2666 4529
2673 3961
2676 4850
2695 3994
2700 3981
2703 4945
2709 4108
485 2723
961 2750
2754 4076
2759 4988
2765 2769
2790 3675
2791 3725
2308 2799
2814 4367
2825 3987
2831 4789
2842 4606
2843 4769
2608 2857
2715 2867
2870 3519
2872 3656
2879 3229
2885 4915
2888 4722
748 2889
2914 4137
672 2915
2938 4298
1417 2941
2944 4964
2968 4011
1711 2971
2980 4838
2982 4218
2983 4618
3004 4679
10 3005
3006 4229
2443 3020
2901 3034
2894 3038
3044 3059
3053 3872
789 3083
3086 4307
3092 4447
3093 4015
3094 4346
3108 4769
3131 4480
3133 4023
3156 3766
3166 4582
3174 3931
2937 3178
3205 4577
655 3213
3234 3384
3284 4391
3285 3727
3306 4721
3308 4902
3310 4181
2263 3319
3321 3491
3328 4882
3329 4557
3326 3330
3337 4220
3353 3973
2371 3361
3363 4294
3388 4801
3397 4149
3404 4556
3245 3420
3425 3460
3445 4238
3454 4812
3456 3929
3469 3663
3472 4065
511 3485
3500 4598
3512 4905
3515 3517
2556 3531
3558 4740
3564 3799
3007 3578
3590 4242
3593 4346
3602 4042
3196 3609
3623 4994
3629 4174
3654 3690
2416 3687
3702 4702
3712 4978
2258 3733
3759 4652
3001 3767
3789 4926
3790 4718
3796 4358
3829 4850
2359 3844
3847 3850
3854 4801
3866 4662
3870 3939
3884 4794
2463 3892
3899 4902
3902 4357
3903 4417
3905 4325
3772 3910
3916 4943
3820 3932
3940 4999
3943 4754
3963 3967
3966 4574
3972 4476
3976 3981
3383 3979
3984 4433
4001 4891
4003 4008
4006 4808
4018 4549
3827 4051
3874 4054
4056 4991
4061 4455
3639 4066
4077 4705
4090 4689
139 4107
3352 4111
4112 4174
4129 4251
4148 4919
3752 4157
2586 4165
4182 4455
4187 4643
4204 4475
4249 4939
2895 4257
2315 4265
3252 4274
4275 4958
4291 4867
4333 4837
4336 4676
4340 4769
3748 4342
4352 4547
4363 4992
1892 4374
4153 4377
4379 4606
4384 4533
4262 4389
4393 4576
1685 4398
1174 4415
1129 4420
3643 4425
4441 4453
4464 4987
3467 4467
3909 4523
4246 4550
2211 4551
2291 4554
4581 4584
2527 4591
2370 4592
4603 4886
1300 4627
1671 4630
4655 4703
1206 4678
4583 4697
4625 4704
4287 4713
4358 4716
4390 4725
4729 4730
3459 4731
3693 4779
4781 4935
4771 4799
4800 4816
2969 4832
2577 4833
4091 4843
4853 4907
4850 4854
4096 4856
2043 4864
4082 4865
4845 4879
4684 4896
3440 4910
4462 4936
2981 4937
4458 4940
4267 4960
2093 4965
2210 4969
4684 4979
4702 4984
4798 4995
4922 4997
13 3097
72 2711
113 3737
123 3922
166 4964
195 4904
263 4693
293 4703
323 2739
336 4432
380 4572
383 4684
408 4606
446 4091
472 3753
535 3260
607 3088
675 4952
745 4461
747 4807
767 4790
804 4783
833 4660
860 4191
954 4556
983 4606
995 4163
1022 4994
1034 4629
1061 4928
1065 4060
1075 4926
1093 4746
1145 4461
1165 4801
1181 4283
1218 2798
1227 4477
1238 3898
1298 4687
1302 4526
1312 3887
1325 4788
1348 3293
1364 4065
1401 4935
1409 1413
1416 3355
1439 3703
1443 3716
1448 4727
1463 4424
1478 3911
1490 3951
1511 2392
1604 4419
1613 4983
1616 3632
1635 4470
1640 4476
1676 4844
1680 4272
1695 4814
1697 4245
1731 4878
1749 4945
1756 4512
1763 4736
1770 4870
1771 4422
1772 4443
1805 4290
1829 4684
1850 2011
1882 4607
1898 3639
1900 4406
1931 4154
1952 2345
1992 4530
2037 3658
2071 3953
2090 3874
2188 4634
2205 4344
2230 3694
2236 4850
2273 4776
2284 4815
2299 4986
2314 4776
2347 4168
2364 4917
2374 4586
2414 3957
2429 3917
2501 4548
2511 4254
2282 2517
2045 2522
2536 4330
2542 2894
2566 4411
2573 4359
2602 4042
2651 4531
2654 4462
2066 2655
2662 3325
2673 4021
2676 3960
2695 4720
2700 3867
2703 4911
1593 2709
2723 4923
2750 4356
2759 4589
2765 4133
2814 4392
2831 4902
2843 2852
2857 4949
2867 4176
2872 4124
2888 3812
2889 4331
2915 4155
2794 2941
2944 3859
2445 2971
2980 4970
2982 3636
3004 4733
2558 3005
1328 3006
3020 4657
3038 4808
3053 3061
3083 3893
1994 3086
2758 3092
3093 4998
3108 4552
3133 4597
3060 3156
3166 4956
3174 3855
3178 4506
3205 4692
3213 3778
2732 3285
3306 4837
3308 3672
3310 4767
2818 3319
3321 4339
2458 3328
853 3329
3330 3666
3337 4890
2441 3353
2412 3363
3388 4862
148 3397
3404 4479
3420 4055
2133 3445
2417 3454
3456 4802
504 3472
3485 4272
3419 3500
3512 4454
3517 4198
3531 4684
3558 4356
3564 4322
3578 3941
3054 3590
2436 3602
3609 4857
3623 4256
3629 4651
3652 3654
3687 3971
3702 4371
3712 4707
2289 3759
3767 4488
1286 3789
3790 4281
3796 3804
2257 3829
3844 4228
3850 4804
3299 3854
2021 3866
3867 3870
3309 3884
3892 3986
3902 4810
839 3903
3905 4641
262 3910
1690 3916
3932 4441
3940 4396
3026 3943
3851 3963
3966 4714
3370 3972
3950 3976
2247 3979
3984 4670
3948 4001
3912 4003
3935 4006
3242 4018
3935 4051
3546 4056
3270 4061
1284 4066
4077 4580
3774 4090
4107 4127
4111 4944
4112 4813
4129 4540
3682 4148
4157 4400
4182 4900
4187 4930
4204 4217
4246 4249
4257 4670
3644 4265
2017 4274
3339 4275
4291 4874
4333 4695
3922 4336
4340 4959
3385 4342
775 4352
3771 4363
1216 4374
4377 4378
4379 4390
4316 4384
4316 4389
4393 4501
4334 4398
3639 4415
4420 4654
4425 4866
4255 4453
3402 4464
4467 4468
3614 4523
4550 4813
4551 4601
4554 4653
4242 4581
4591 4628
3254 4592
4603 4648
4627 4663
1313 4630
4541 4655
4678 4773
836 4697
4704 4811
3147 4713
4552 4716
4017 4725
4502 4729
4465 4731
4552 4779
4522 4781
4649 4799
3384 4816
4832 4871
4843 4866
4825 4853
4846 4854
4856 4871
4535 4864
3610 4865
3612 4879
3836 4896
2531 4910
4850 4936
4433 4937
2645 4940
1560 4960
4475 4965
3359 4969
4979 4982
3619 4984
4807 4995
3021 4997
383 4296
767 4804
804 2886
1034 3660
1416 4848
1478 4746
1490 4400
1680 4050
2071 4027
2205 4727
2284 4653
2364 3749
2374 4903
2429 3486
2501 2596
2511 4571
2566 4272
2654 4850
2676 4024
1476 2723
2814 4834
3006 4903
3020 4654
3038 4786
3133 4482
3178 3818
3212 3213
2519 3285
3321 3502
3337 4973
3363 3370
3420 4399
3445 4955
3472 4935
3500 3748
3507 3512
3517 4335
3578 4902
3527 3609
3629 4123
3702 4362
3789 4548
3790 4326
3439 3796
3829 4233
3850 3855
3461 3854
3858 3866
3870 4943
3884 4909
3730 3902
3903 4431
3910 4919
3932 4872
3943 4841
3966 4582
3539 3976
3979 4404
2432 3984
4001 4150
3716 4003
3600 4006
4056 4518
4066 4084
4090 4996
4111 4504
3415 4112
3742 4129
4148 4955
4157 4463
3419 4182
2731 4257
4265 4866
4275 4328
3791 4291
4333 4347
4336 4361
3806 4342
4288 4352
3638 4363
4374 4671
4377 4772
4379 4524
4384 4850
4207 4389
1961 4393
4398 4708
4400 4415
4420 4428
4421 4425
4453 4850
4053 4464
4467 4939
4078 4523
4550 4855
4246 4554
3877 4581
4591 4706
4592 4835
4603 4990
4538 4627
4630 4699
1549 4655
4004 4697
3677 4704
4558 4713
4716 4743
3779 4725
4084 4729
4779 4786
3212 4781
4816 4955
4081 4832
4086 4843
4463 4853
4606 4854
4580 4856
4109 4864
4649 4865
3232 4896
4910 4952
3846 4936
3067 4937
4062 4940
4960 4962
2908 4965
4979 4992
4179 4984
4968 4995
4967 4997
1034 4966
1490 4788
1680 4710
2374 4065
2511 4987
3629 3867
3884 4956
3976 4028
3862 4003
3743 4129
3858 4291
4336 4902
4342 4850
4352 4819
4363 4898
4379 4645
4086 4384
3342 4389
3763 4398
3956 4464
4467 4873
4230 4581
4603 4605
4630 4634
4653 4655
3529 4697
4701 4704
4729 4920
4779 4791
4832 4874
4853 4863
4544 4854
4323 4856
4664 4864
4246 4936
4604 4940
4965 4971
4938 4979
4212 4984
4976 4995
3616 4997
4473 4779
4853 4858
3992 4940
4468 4995
