3749 4388
416 4839
2524 4227
4127 4503
3125 3601
2595 4666
3834 4722
3351 3486
423 4710
245 4119
483 3242
1304 4503
3556 4707
3575 4080
319 1321
2602 3847
2259 4773
2259 2553
4557 4691
4912 4920
813 4641
3591 4193
2938 4190
4080 4885
4530 4764
213 4722
2875 4707
2290 4119
2853 2910
1853 2684
4107 4401
477 2889
917 983
2482 4955
530 4689
2999 4802
4119 4180
1209 3348
2440 4764
597 4583
3508 3652
2366 3494
2571 4127
1328 4707
2889 4784
1389 4455
3034 4613
4723 4994
402 2514
2894 4227
1845 2829
1041 4997
1146 2680
1654 4955
1069 1874
2441 4193
3507 4691
4193 4667
1546 4920
929 3432
2697 4939
3003 4839
4784 4790
314 4401
359 1585
1954 3823
314 2061
2017 4917
2360 3176
3366 3708
1209 3842
2888 4037
3325 3601
1499 4180
2621 3432
819 2599
1379 4650
2932 4258
954 4707
2579 3342
1962 4733
2932 3503
1748 4955
1348 2208
2697 4940
3823 4278
794 3131
2785 4763
1378 4705
3429 4920
1045 2462
819 3695
2571 4641
3470 4661
459 3503
3170 4443
1927 3337
1759 2662
3949 4312
423 4763
890 4278
459 3388
3651 4127
1379 4691
844 4912
3749 4790
2208 3651
3473 4912
3432 3470
4868 4986
2071 4079
2621 3651
16 3053
1717 3034
3366 4583
625 3421
3351 4790
110 4583
261 4218
2259 4876
2625 4258
1550 4917
1537 2599
3949 4595
3276 4707
2673 4463
2655 4710
2325 4666
3563 4297
1146 3432
3280 4768
3421 3503
3494 3503
834 3652
3387 4763
2823 4717
752 4723
1984 4733
204 4290
2650 4180
3003 4557
1323 4503
619 4722
2137 4835
4636 4920
4503 4595
3003 4666
3337 4768
1042 3842
948 4583
2875 4529
3946 4955
840 3153
3131 3327
1954 2853
4190 4763
3665 3873
4667 4912
1158 1556
683 3354
2614 4530
2680 3831
517 4994
1703 3432
1287 4258
1420 3426
891 4443
2621 4661
2463 2829
2174 4388
319 459
1178 4917
3594 4037
1420 4826
1370 4803
4410 4764
1122 2625
2910 4278
4650 4691
2330 2662
777 2010
490 4997
152 4272
245 3997
1255 2308
3053 4529
4463 4712
1517 2419
2254 4802
2208 3831
164 1321
3234 3507
3242 4228
3473 4885
3563 4503
3970 4707
2190 4885
679 2653
3888 4717
517 4707
1652 4080
3234 4912
2973 4530
3125 4917
2514 3842
3366 4609
1984 4876
2473 4939
2440 4530
891 4877
2680 4641
448 3235
2956 3272
1628 4773
909 4994
3851 4939
3155 3632
890 2684
3258 3388
3507 4920
1575 4912
3387 4997
1853 3823
2473 4940
576 4636
3563 4455
1209 1872
4080 4368
2366 3342
1395 2087
1321 2888
589 3823
477 4876
1291 4955
2511 2889
2335 4323
2382 3351
606 4940
2087 4707
4218 4443
1977 4614
3851 4314
4190 4614
840 4227
2999 3708
1420 2151
2975 3834
1696 2673
3632 4885
1088 2463
1797 4955
4218 4595
1984 2265
1838 4710
1788 4885
597 2697
3563 4218
319 2861
3436 4228
3851 4307
220 4722
2511 4790
319 3997
2662 4420
743 3823
2888 4940
909 4613
3575 4405
1119 2360
4312 4503
2785 4917
2889 3893
40 2450
2662 4955
2000 2254
2938 4646
2932 3651
2939 4839
2991 3494
1315 4307
632 2999
3002 4368
1712 4940
3325 4614
2975 4722
1296 4228
1962 4876
1119 3153
3426 4955
3153 4420
2000 4940
3388 3652
4290 4646
2579 3421
639 1732
550 2462
3632 4193
3834 4712
2254 2682
682 4609
2991 3503
1942 4503
1668 3823
2511 4661
3436 4614
2151 4420
797 4193
3665 4803
897 2492
220 3053
2682 4722
4366 4939
3834 4723
2000 4306
3336 4218
4557 4650
1964 4405
1853 2492
2956 4955
2811 3823
3336 4297
471 4227
794 4877
4666 4691
770 4691
3875 4503
1696 4723
2975 4463
4768 4803
691 3873
3421 4037
2492 3556
1088 3695
2625 4689
3839 4410
1146 4258
3470 4641
261 3354
4228 4290
1894 4595
4613 4710
1091 3575
3176 3946
2894 4955
2382 4876
1473 4646
2938 4228
245 4401
1774 4297
3131 4297
2190 4247
4119 4723
1083 3258
4768 4826
1788 4912
68 4986
149 201
363 4986
4307 4557
4661 4689
3893 4876
998 2832
1060 4733
65 4997
2098 4733
819 4323
4503 4877
4733 4986
4733 4773
1296 3436
2973 4764
1990 4455
1050 4764
4251 4691
2995 4790
4314 4650
2514 2581
3337 4410
4272 4939
2462 3797
3508 4405
1668 4784
2655 4763
3363 4314
2471 3348
1927 4410
1479 1671
1335 4885
3242 4763
1546 4247
3002 3888
4290 4613
297 4826
691 4764
2190 4368
4614 4646
2382 2995
1409 4717
2602 4583
194 2829
1130 4885
4368 4405
4190 4997
1556 4712
1335 4667
3003 3337
1291 4420
1575 4667
2198 4080
4764 4803
144 2811
4733 4876
4297 4595
1696 3970
477 1468
2825 4641
4290 4297
4258 4661
2190 4717
2137 4455
2463 4986
2376 2450
3708 4366
917 4646
3421 3823
3839 4768
2462 4826
1575 4405
2164 4705
2492 4278
1774 4218
1703 4689
1499 4712
3601 4228
1323 4877
3258 3503
4733 4784
3547 3873
1703 4646
2861 3594
1517 4885
4227 4955
770 4839
819 2335
1543 2581
2823 4885
1183 4773
201 4529
4802 4940
3949 4297
2614 4803
3632 4368
3997 4723
530 4079
4180 4994
2440 4768
422 2910
797 3473
402 3842
3831 4689
3574 4666
3432 4127
477 4790
319 2633
2832 3556
2151 4955
1315 4650
1564 2633
3025 3873
4614 4917
2637 2865
891 3262
2653 4272
2744 3547
3873 4768
4307 4650
2265 4784
2653 4583
897 2969
359 4218
529 4636
1005 4835
2419 3155
2524 3946
2932 4127
4636 4912
1695 4986
2939 4650
813 2621
4885 4912
3632 4366
2969 3235
2360 3946
3053 3276
3242 4710
416 4557
3851 4835
2325 4835
2468 2650
1845 2335
352 4773
1111 4667
4650 4835
840 4826
1505 4885
2174 3893
1184 4595
1348 4689
2482 4420
3851 4666
92 3508
570 4868
3432 4689
2482 3272
601 3176
297 4614
3665 4530
1942 4312
3574 4251
144 1853
1162 4307
778 4885
3176 4955
1315 4835
620 4666
2621 2825
1328 1448
3262 3575
3351 4733
1797 2894
2748 4710
1892 3354
1178 4868
4307 4835
4306 4876
1209 2468
2190 2823
1564 1986
3831 4661
3262 4368
1502 4190
471 4955
607 4917
834 3633
164 2643
2419 2823
3337 4803
1348 3831
821 917
2010 4986
3507 4080
2017 4868
3797 4227
3888 4636
1370 3665
597 4940
4297 4312
422 3823
3591 4247
2748 4997
3354 4312
2299 3695
603 4839
2308 3831
2360 3426
1479 3388
3363 4251
2492 2853
302 4764
802 4614
3242 4868
3002 4193
3486 4733
3053 4722
3997 4463
3325 4763
4388 4773
1178 3645
743 2910
223 4557
1732 4940
1977 4917
4228 4641
73 4218
3831 4079
4180 4712
2208 4258
1323 1894
1874 4802
2419 4368
1872 1896
1667 4530
3325 4613
665 4764
1732 4939
4297 4443
4368 4912
1838 4614
2682 4712
4080 4667
4455 4595
529 4912
363 2928
3025 4530
778 4912
4251 4839
570 4613
683 4443
738 4994
1717 4646
511 1726
954 3823
4710 4868
1183 4986
1287 3652
2682 4723
3168 4768
1335 4912
1962 2995
2040 4986
530 1703
3387 3645
4401 4722
3234 4368
3176 3797
874 3387
1971 4707
2975 4707
570 4917
3547 4530
794 3875
2785 4613
159 4877
1304 4877
1671 4037
1892 4278
3262 3888
359 683
2482 3176
3875 4455
4366 4802
738 2673
213 4180
603 4666
1005 4557
2730 3946
1838 4228
2450 2872
4388 4876
1178 3601
3494 4037
2975 4712
3131 4443
2557 4595
3847 4609
1564 3388
3258 4037
4238 4826
302 4803
2614 4764
2308 2571
4119 4722
1502 4763
576 4885
797 3507
2995 4784
2595 4650
874 4614
2889 4790
529 4193
2823 4912
3272 4955
1219 3652
1550 3325
164 3388
2524 4420
607 4868
4366 4583
2602 4705
201 4306
1238 4917
3563 4877
65 4917
2366 3503
3797 4955
3574 4314
2000 2653
2579 4037
2087 4994
3633 3652
4272 4940
1196 1984
1146 3831
1050 2614
3633 3842
231 3749
1479 4037
2071 4661
4312 4877
743 4278
2684 2969
1409 4917
3003 4314
1184 3949
1219 3348
2254 4366
682 4247
3486 4388
3325 4868
2098 2782
4443 4503
1942 4877
3426 3797
1468 4764
1473 4228
1119 4227
1984 3486
2748 3436
2595 4835
1654 4826
3003 4307
3873 4530
4733 4790
3949 4455
4666 4839
1219 2471
3645 4868
855 2995
2164 4940
1556 4180
1370 4764
844 3507
603 4557
2744 4410
3708 4705
3997 4994
3873 4764
1072 4180
1732 4802
3363 4986
4939 4940
778 4636
3131 4455
1296 4763
2557 4503
873 2471
2164 4939
891 2865
738 2275
1759 4227
3176 4420
1386 1896
2625 4661
2571 4689
4405 4667
1537 4986
2265 4773
3574 4691
1892 4218
2621 4641
1091 4723
3125 4614
4583 4939
897 4278
3997 4722
1838 4997
1130 4717
2482 2894
4773 4876
4790 4986
4646 4917
416 4650
4691 4835
1654 2524
3170 4595
2932 4661
2939 4557
3436 4997
2684 2811
2290 3848
593 4530
1748 3426
2999 4939
4251 4557
4646 4763
3997 4529
352 4986
1696 4463
1146 2621
1502 3601
4839 4997
839 3839
1468 4768
3470 4258
3473 4667
4079 4080
4705 4802
3494 3594
132 4401
2650 3842
1287 2468
302 4410
3848 4722
201 4773
1448 2832
1196 4790
1183 4733
625 1321
1667 4803
2725 4773
3168 4410
2655 4997
1050 4803
879 4127
2017 3601
1337 1517
4613 4763
619 4463
2463 4323
1631 4917
2325 4691
1395 4712
639 3366
2829 4323
1396 3486
620 4691
1759 4826
110 4940
3258 3594
1971 4119
152 4939
2888 3494
1874 4940
2697 4802
132 4722
4297 4503
4247 4410
3946 4826
2511 4773
4258 4689
3563 4717
4666 4920
1323 3563
4557 4835
840 3797
1042 2471
1276 4705
1060 4790
879 2825
1742 4707
3888 4920
3155 3262
3507 4636
1386 3652
1667 4768
1631 4613
4306 4986
1628 4986
3155 4885
839 4803
4307 4691
4717 4920
2440 4193
1162 4839
619 2975
1389 1892
4314 4835
4388 4784
3797 3946
601 3272
2973 4410
1717 4190
228 4986
1060 4876
855 4986
623 4366
2744 3337
1296 4868
1759 4420
1409 4667
601 1420
2290 4401
2999 3508
597 4939
834 4258
1527 4529
1527 2269
909 4763
1654 4420
3351 4835
1695 2335
3547 4803
3168 4764
2599 4323
623 4802
1585 4455
2164 4802
1954 2910
2098 4986
2730 4410
2198 4368
3025 4193
4366 4609
1328 3508
4641 4661
2071 3831
471 3426
152 4705
110 948
743 3420
1703 4258
2473 3847
3847 4802
1379 4835
1942 3336
2932 4710
917 4710
679 4939
797 4667
2832 4401
3547 4768
213 4463
2269 4712
4307 4314
1667 4764
416 4835
2939 4314
2621 4939
1255 4127
4705 4939
897 2910
1726 4877
4251 4314
4312 4455
1575 2785
1130 4368
1291 2524
1219 1896
2468 4503
1894 4877
2040 4876
2419 4717
3168 3337
2889 2995
813 2571
639 4939
1411 4717
2939 4307
2995 4773
3366 4802
844 3473
3847 4912
1158 2061
2861 2888
1924 4885
2468 3842
1396 4388
2662 4826
4717 4885
2275 3276
4705 4940
2360 4955
1395 4529
4251 4307
625 3342
2017 4190
2581 3348
669 3421
813 3875
2595 4557
2137 4691
1337 4986
4107 4180
1519 1671
2725 4733
3426 4826
1139 4306
2655 4614
517 4107
821 4997
144 3823
1984 4388
550 4955
1468 4410
1083 2579
1652 3262
3749 4307
4420 4826
2441 3632
228 4876
4614 4763
2932 4079
3003 4835
3875 4312
2462 4227
802 4190
2602 4940
213 2275
4401 4707
2330 4420
2829 4307
3970 4463
3839 4530
1337 1695
2259 4986
2335 4986
1270 2098
3574 4839
223 4835
2098 3486
3970 4529
1193 2581
2825 4661
4455 4877
4258 4641
2625 4641
683 4877
1990 4530
1556 4707
3665 4764
2875 4722
3556 4529
3327 4877
1042 2684
770 4666
1042 1386
1083 3421
1631 2748
1098 3025
2440 2614
3591 4717
2725 4306
4251 4650
1797 2330
4368 4717
3276 4712
679 2254
2000 4272
738 1971
2894 3946
3354 4443
2137 4314
1196 2174
1872 3348
4218 4877
1072 4722
3131 3875
2174 4986
4306 4773
1448 1556
3327 3949
1585 3949
4037 4803
3327 4712
4314 4666
182 4691
3420 4986
3888 4080
570 4763
3432 4258
1527 4107
2010 4323
2514 3652
2492 3235
2829 2928
1209 4826
3170 4877
3242 4917
577 4705
422 2853
3420 4691
1986 2633
2164 2744
2825 2932
1196 4876
314 4707
1042 3633
3556 3970
182 4650
1519 2991
1328 4940
297 4955
1041 4710
2061 4994
1291 2462
1977 4868
777 1845
3125 4613
4190 4868
3651 4079
2637 3170
3749 4773
3949 4877
2643 4037
3336 4595
3708 4609
2825 4689
3839 4803
4190 4646
1986 3421
1045 4826
1162 4557
3508 4705
2684 4278
2482 4646
4707 4723
3002 4080
4323 4986
2308 4641
577 4802
2625 3831
4193 4247
159 4595
1874 4366
1119 3946
1505 4127
4529 4723
4238 4912
1874 4583
1726 3153
4127 4258
1315 4251
639 4705
1409 4405
2071 4689
669 3594
2999 4366
1585 4877
2956 3426
1986 3388
1505 3831
1396 1628
794 2865
213 4107
2999 4705
3831 4641
4247 4667
92 4940
2269 3834
1111 3888
4193 4912
1519 3594
1499 3053
3388 3503
1098 3547
3363 4691
620 4835
364 4802
1088 4986
132 4723
3327 4595
2973 3839
3797 4420
1091 4912
2684 2706
1550 1631
92 4939
1409 3575
4307 4666
3436 4646
897 1139
3387 4228
2782 4784
4463 4722
3155 4717
669 1519
2939 4666
3970 3997
2861 3342
1139 4986
3651 4641
929 4079
1337 2599
2673 3970
228 4790
1291 3797
691 4768
1986 3342
3262 4717
1703 2932
2330 4955
4773 4784
3363 4557
149 4784
1788 4667
1652 4912
490 4613
1378 3366
3851 4650
3888 4912
2473 4802
1537 2928
1990 3839
2071 3470
3153 4227
3632 4405
3848 4712
1378 4802
1543 3633
3601 4763
2811 4278
1386 3842
606 4802
813 4689
3125 4868
1276 4609
2956 3153
4190 4613
3848 4401
606 4717
4646 4710
4613 4614
1742 4722
2861 3258
3575 4885
2275 4723
4410 4530
2071 2643
1122 4614
1631 4763
4119 4885
2910 4037
2888 3258
2939 4835
2599 2785
1479 3494
511 3970
2782 4773
4710 4763
3002 4912
359 3170
1088 2010
4119 4712
1712 4705
3327 4503
1448 4463
471 4420
803 4079
466 3363
314 4180
1238 3034
4228 4763
3363 4839
1209 1896
3839 3873
1505 3651
1742 2832
1845 4323
3 2888
3034 4997
1927 4764
3337 4530
3507 4405
3823 4940
2382 3486
4366 4705
2061 4722
596 3366
314 3601
4722 4723
3847 4939
231 4790
1337 4323
4247 4717
2650 3348
577 4940
1628 4733
929 4689
1323 3875
3888 4247
1348 4258
3473 3632
2614 3547
1328 3708
2602 4366
665 4803
2744 3168
3262 4405
954 4278
3875 4107
1499 1543
3508 3847
3645 4290
1654 3946
4790 4994
1420 4955
1005 4666
822 3470
3601 4917
2938 4997
3893 4388
1130 4193
954 1354
2650 3633
1276 4986
3034 4614
1335 4455
3875 4877
4079 4661
909 4646
2071 4641
1788 4717
1695 4323
2137 4650
2748 4190
3749 4306
2861 3421
2928 4986
4636 4667
4401 4463
3547 4410
1517 4323
4306 4388
1550 4763
1788 4463
2492 2811
530 4661
1481 4312
1050 4530
834 1872
1971 4723
1255 4641
2888 4278
2725 4876
4306 4784
1196 4420
1238 4939
3170 4218
4463 4529
3946 4420
679 4609
1473 4986
2832 3848
4079 4127
2633 2643
423 4290
448 2684
2462 2662
2973 3665
4228 4710
144 3235
2581 3842
1370 3337
4238 4667
1527 4707
3327 4443
4368 4885
1411 2823
2376 4646
3651 4689
2853 3235
2275 4994
2975 3848
4405 4885
752 4119
73 4503
231 2265
3574 4307
3875 4297
1162 4251
3421 3426
3893 4773
261 4443
3432 4079
423 4614
1183 4784
3131 4595
1448 4723
3262 4080
2308 4661
4609 4705
3276 4994
1986 3494
30 3842
607 4997
402 1543
2366 3594
2730 4826
4180 4401
1971 4306
665 4768
2969 3420
4583 4940
152 3366
1238 2000
3556 3834
201 4784
1894 4312
3034 4722
1395 2975
1468 3025
1193 1896
2653 4705
1411 2441
1652 4636
3280 4885
822 2625
4290 4997
4609 4802
448 4826
2599 4986
2999 4940
3153 4826
1654 4650
3176 4826
2473 4583
1158 4723
2190 4868
576 3507
873 4712
1517 4986
2000 4802
2682 3997
4595 4955
1323 4218
2164 4583
1954 2969
3486 4773
3893 4784
2889 4595
1098 4803
3645 4997
3848 4463
3242 3601
2956 4826
3420 4278
593 3839
2137 4839
1005 4839
1378 4940
4272 4366
3234 4080
1468 3665
2823 3002
593 2744
3387 4613
3002 4717
2325 4839
3601 4868
1072 4401
2511 4876
2682 4463
4529 4722
1255 4079
3342 4037
4650 4839
73 4297
2254 4940
890 2853
2151 3946
3025 3665
3851 4557
110 4939
2730 3272
1196 4641
3234 4636
2785 4997
1872 4667
3888 4763
3997 4119
1196 4784
3363 4666
4707 4994
2748 4868
3337 3873
4238 4920
1990 4803
777 2928
68 4790
2524 4955
261 4297
2299 4986
4530 4768
2875 3276
3420 3823
4835 4839
1479 2633
1060 4388
909 4997
1853 4278
4773 4790
2865 4877
30 1193
1060 4784
4463 4733
3025 4410
149 4306
2991 4986
1050 4768
2040 4773
983 3351
2419 4667
3839 4314
4613 4917
840 4401
2662 2956
3708 3847
1519 3503
2275 4463
4530 4803
1734 3432
3025 3168
1378 3508
1845 2463
1717 4997
3563 4443
2366 2579
802 4763
603 4835
1742 4712
1797 4227
1395 3848
4614 4997
1853 3420
2198 4920
2098 3749
182 4839
874 3325
2514 3348
897 1954
2973 3025
3170 4710
821 4917
3336 4503
2894 4190
3949 4218
2208 4689
1695 2299
601 4955
2744 3839
1537 4323
874 4868
1652 4920
2643 3421
822 4689
803 4641
3003 4691
68 855
3591 4636
802 4613
3 625
1671 2888
2087 3970
2308 4764
2010 2299
998 3848
2259 4733
3125 4763
1990 4764
2308 3470
3387 4646
402 2650
3262 4636
2557 3949
2511 4388
1527 2087
879 4258
1892 4595
3556 4723
596 4705
2939 4691
2366 3388
4388 4986
3387 4868
3429 4667
352 4733
2440 4410
3234 4667
1628 4306
3155 3473
2655 3034
3 3494
3053 4712
1896 3633
4650 4666
4251 4835
363 2829
2697 4583
3470 4127
998 4107
3645 4190
1088 2599
2785 4228
1502 3387
2748 4613
1119 2482
3508 4802
2265 4876
490 4917
1797 4826
2017 4710
1585 4503
4180 4722
3272 4826
1041 4868
448 4278
3131 4119
1045 4955
220 4119
1654 2330
665 3873
4127 4641
1255 4661
1041 4646
2492 2910
620 4314
490 4710
2557 3563
1954 3235
1481 4595
822 3651
1335 2419
1977 4646
3888 4667
3354 3563
1838 4917
2299 4323
3847 4366
3556 4712
2785 2938
3873 4410
3749 4876
1304 1774
1379 4666
3325 4997
2697 3508
2602 4272
2269 4180
879 4661
4272 4802
1575 3507
2441 4912
65 4710
3327 3351
2325 4307
3388 4037
4784 4876
1774 2865
4401 4712
1774 4595
3665 4768
2811 2969
4710 4917
2697 2999
2725 3893
1276 4583
152 2602
1742 4107
4306 4790
917 4917
777 4323
3363 3851
3234 3575
3851 4251
2198 4636
2579 3594
3575 4667
3348 3633
261 3875
4613 4868
149 4733
1971 4463
1892 3327
1964 4636
1122 4868
2198 4405
204 4994
3276 3970
2744 4764
2928 4323
2360 4826
2832 3834
2259 4790
422 2811
3632 4717
1505 4661
1924 3591
1668 3420
607 4712
4790 4876
727 4258
2325 4650
3131 3336
4080 4920
998 4723
3645 4646
1703 2625
132 4868
727 3432
2208 2680
1537 3695
2061 4529
2330 2894
2190 4912
4877 4912
4529 4994
3436 4868
73 4455
3153 3176
550 3486
3003 4650
1990 2040
2865 4218
1990 4410
3547 4764
4193 4405
948 4940
1304 3336
803 3651
743 2811
2335 2928
1276 4278
65 4868
1942 4455
2581 3633
972 1717
2208 4641
1575 4885
1139 4733
3155 4368
3601 4190
803 2571
159 1585
1315 4691
1556 4723
2875 4994
2164 4272
2335 2599
3848 4107
3155 4667
834 1069
4251 4666
3893 4790
596 4802
1695 3695
359 4595
1671 2643
1759 4955
770 4835
3325 4228
3508 4366
4079 4689
3575 3888
159 4455
4251 4885
4107 4994
4290 4917
3053 3834
794 4297
204 2655
364 1732
3708 4583
4272 4583
623 1378
2725 4784
752 4712
517 4723
778 4193
954 2969
855 4388
30 2581
2673 3997
2829 4986
1774 4877
3847 4272
873 1042
3272 4420
2010 3695
2553 4784
182 4666
570 4803
4127 4689
302 3547
2995 4876
2366 4037
4227 4826
844 4405
2440 4803
1411 1546
2040 3749
3847 4583
2087 4723
3848 3997
873 3652
1276 4940
2376 4868
3851 4839
1971 4401
4557 4839
4763 4868
30 3652
3695 4986
3034 4917
1481 4443
1389 4877
1122 4917
802 3563
2463 3695
1667 2440
1111 4885
2637 4595
3176 4912
1874 4939
4107 4723
4368 4650
1276 4939
4193 4717
4410 4768
948 4705
1712 2653
352 4784
363 1537
4529 4707
1348 4661
813 2825
998 4529
1315 4839
1748 3153
4314 4839
550 4420
606 4705
3997 4401
2040 4733
4405 4636
2782 4790
159 4443
954 2853
2782 4876
2673 4712
3797 4826
4107 4712
4307 4839
228 4784
3632 4661
1139 4790
3354 4455
1193 1287
890 3823
517 2673
3327 4312
1050 2086
1502 4646
4410 4803
2680 4079
1546 4885
1962 3893
132 4707
1098 4764
1287 3842
890 3235
245 4712
2889 4733
632 1379
1712 4366
1045 2956
4127 4661
2938 4595
2571 2932
302 4768
73 2706
855 4876
2376 4710
3354 4877
30 2471
2637 3563
803 2872
1370 4768
1136 4323
4557 4666
3834 3970
1178 4997
220 4529
1389 3949
597 4802
2995 4388
2360 4227
2269 3970
1894 4443
822 1409
194 2299
297 2330
2637 4503
2382 4306
1072 4994
3893 4733
2865 3170
4595 4877
3839 4764
3470 4689
2684 3556
3486 3893
3875 3949
3847 4940
144 4707
2269 3946
2290 4529
2875 3053
3125 4997
3153 4955
3851 4691
4826 4955
3436 4763
1473 2938
2553 4306
3888 4193
4314 4691
839 4768
1304 4455
1502 4917
2376 3436
593 4768
1788 4247
1184 4877
834 3348
4079 4641
2190 4667
2308 4127
1321 2991
3429 3473
3556 4463
4366 4940
596 4583
2991 3421
2595 4691
2174 4773
182 2492
2254 2473
3632 4238
1505 4641
2061 3970
1924 4238
623 4939
2473 4272
1543 1872
2865 4503
2269 4529
2655 3645
1696 4180
3131 4877
2017 4614
4405 4920
2557 4455
1183 2511
844 1042
2557 4312
2969 4278
448 3420
1845 3695
2633 4193
459 4037
819 2299
1927 4530
3337 4764
3363 4307
3470 3651
3168 4803
3574 4835
223 4839
691 2973
2259 4784
1564 3503
2680 4258
2441 4920
4609 4939
1041 4228
4388 4733
2602 4939
2888 3594
1668 4790
1420 3797
797 4636
3848 4119
1409 4912
1411 4193
2468 3652
4218 4312
3875 4290
3258 3342
4609 4940
4667 4885
1111 4636
1977 4997
2938 3645
1395 2875
2471 2514
92 4802
2910 3420
529 844
1386 2650
3563 4312
3547 3839
2595 4314
1219 3633
4127 4290
1337 4784
577 4272
2653 4939
297 2730
2137 4666
2861 3388
821 4613
1564 3342
3997 4707
3 2991
4646 4868
3486 4790
4790 4868
3591 4912
3574 4650
3486 4876
4080 4912
576 3002
2151 4826
2595 4839
1838 3645
1546 3234
1550 4997
3749 4784
2441 4802
2511 2782
2829 3695
4666 4835
3632 4636
3708 4272
2744 4803
2673 4876
2969 3823
4764 4768
2290 4712
2482 3946
3847 4705
201 4790
3556 4401
1091 2269
1158 3834
2894 3272
879 4689
802 3325
2865 4839
1130 3591
2553 4773
4583 4705
2198 4455
1389 1481
3053 4107
1448 4707
2290 4707
3574 4557
2579 3258
4312 4443
2265 2553
1083 2633
1386 1654
2637 4877
4463 4994
4119 4401
4691 4839
606 4583
2254 4939
1045 1748
4238 4368
619 4712
4613 4646
1759 2956
840 3272
2973 4803
891 4297
1409 4885
1122 4710
1158 4712
2633 2991
2684 3420
1370 4802
4443 4877
752 3834
1396 4773
1238 4997
4238 4717
194 4323
2471 3633
3574 3851
550 4826
3708 4940
1335 3591
2198 4885
4290 4868
2441 4717
4238 4636
4228 4997
620 4839
1499 4722
3429 4717
4917 4997
1091 3591
1874 3508
1481 2637
3873 4803
3507 4912
231 4306
3503 3594
1942 4595
2730 3797
1479 3594
1499 4119
3242 4997
2875 4180
3003 4251
3708 4939
319 2991
1184 4455
4420 4955
2599 4773
3155 3575
607 4190
4107 4722
149 2511
2643 3494
4614 4710
1139 4784
364 4940
1468 4803
3436 4388
65 4646
2730 4227
3556 4107
2730 3426
110 3366
803 4661
917 4868
4641 4646
3125 4710
4314 4557
2614 4768
1962 4773
2198 4717
1379 4557
3363 4650
1990 4768
2553 4876
364 4939
839 3665
2376 2748
1162 4835
2265 2889
1184 4503
3234 3888
3432 4661
3276 4529
3034 4868
2382 3893
2524 4826
954 2861
1389 3851
477 2553
4227 4420
4710 4997
1927 4803
1892 4455
477 4733
669 2643
3168 4530
164 1083
3429 4405
972 4939
1668 3235
194 3695
891 3336
245 3276
1665 4705
3645 4710
1717 1977
1321 3342
3170 3336
2682 4707
2973 4768
1005 4691
1122 4613
2680 4661
223 4650
2725 2782
3436 4917
3354 3875
1962 2040
1527 3834
1543 3842
1505 4258
1712 4939
3363 4835
1238 4717
3235 4278
3327 4297
2975 4723
3473 4636
1481 2557
3242 3387
2174 3749
2682 4529
873 2514
3473 4080
3366 4272
2557 4443
929 4661
1671 3342
839 3168
1927 4768
2098 4388
2832 4119
68 4876
1894 3170
2785 4710
1379 4839
1396 4306
2151 3426
3507 4885
3591 4405
1296 4997
3834 4247
4641 4689
2853 4278
2376 4614
822 4641
2655 4917
623 4272
3 1887
16 4651
30 3286
40 3837
65 4566
68 2831
73 4113
92 1017
110 3446
132 2567
144 4174
149 4369
152 4914
159 3465
164 4526
182 1910
194 4933
204 4161
213 4988
220 4996
223 4282
228 2011
231 4962
245 4972
261 4907
297 1104
302 2324
314 4624
319 3488
124 352
359 4908
363 4742
364 643
402 3411
416 2967
422 4724
423 4821
448 4476
459 1659
466 2243
471 1801
477 4561
483 4963
490 4520
511 4442
517 4919
529 3397
530 4391
550 4396
570 1472
576 4990
577 1889
589 4364
593 3147
596 4729
597 4975
601 4728
603 4329
606 4850
607 4866
619 4828
623 4765
625 4500
632 4889
639 4203
665 2772
669 4634
679 4672
682 4697
683 3812
691 1213
727 4678
738 4415
743 3998
752 2819
770 4095
777 4902
778 4907
794 3807
797 1363
802 4706
803 4943
813 1514
819 2988
821 3031
822 3219
834 4381
839 3908
844 4828
855 4456
873 3781
874 3663
879 4859
890 3083
796 891
897 4817
909 4058
917 4371
929 3031
948 4914
954 4718
972 3619
983 4825
998 3151
1005 3906
1041 4878
1042 3982
1045 4649
1050 1905
1060 2765
1069 4965
1072 4521
1083 4948
1088 4336
1091 2981
1098 4421
1111 3406
1119 4849
1122 4950
1130 4369
1136 4746
1139 4721
1146 4497
1158 3095
1162 2027
1178 4041
1183 4527
1184 1636
1193 4381
1196 4335
1209 3620
1219 4858
1255 4977
1270 3572
1276 4776
1287 4381
1291 3415
1296 3899
1304 4651
1315 4931
1321 4943
1323 4629
1328 4038
1335 3373
1337 4374
1348 3992
1354 4737
1370 3899
1378 4984
1379 3180
1386 3867
1389 3751
1395 2934
1396 1805
1409 4711
1411 4615
1420 4010
1448 4782
1468 4674
1473 4999
1479 4404
1481 3683
1499 4748
1502 4309
1505 3236
1517 4512
1519 4668
1527 4470
1537 4299
1543 4432
1546 3456
1550 1867
1556 4586
1564 4361
1575 3026
1585 4576
1628 4820
1631 2084
1652 2435
1654 3228
1665 4731
1667 4770
1668 4734
1671 3615
1695 4124
1696 4782
1703 3585
1712 4967
1717 4187
1726 4795
1732 4647
1734 4143
1742 4873
1553 1748
833 1759
1774 4471
1788 4975
1797 2373
1838 3225
1594 1845
1853 4928
1247 1872
1874 3232
1892 2977
1894 3745
1896 4866
1924 3964
1927 4390
1942 4375
1954 4995
1962 4938
1964 4743
1967 1971
1977 4850
1741 1984
1986 4448
1990 4964
2000 4581
2010 4816
2017 3000
2040 4884
2061 3653
2071 3654
2086 4200
1068 2087
345 2098
2027 2137
2151 4770
2164 4865
2174 3430
2190 3795
2198 4415
2208 4348
2254 4903
2259 4345
19 2265
2269 3990
2275 3863
2290 3942
2299 4547
2308 4865
2325 4411
2330 4124
2335 4567
2360 4625
2366 4794
2376 3108
142 2382
2419 4198
2440 3110
1598 2441
2450 4587
2462 3243
1926 2463
2468 4381
1903 2471
2473 4404
2482 3918
2338 2492
2511 3758
1959 2514
2524 3882
2553 4244
2557 4440
2571 4783
2579 4558
2581 4467
2478 2595
2599 4347
2602 3616
1428 2614
2621 4657
2625 2900
2633 4477
2637 4341
468 2643
2523 2650
2653 3672
2655 4851
2662 4854
2673 4419
1074 2680
2682 4983
2684 3876
2697 4815
1868 2706
2725 4793
2730 4502
2744 4452
634 2748
2439 2782
2785 3927
2811 4273
2823 4523
2825 3105
1353 2829
2832 4747
2853 3197
2861 3526
649 2865
2872 3740
2875 3616
2888 3203
2889 4192
2894 3069
2727 2910
2928 4872
2932 4984
2858 2938
2939 4130
2956 3649
2969 4664
2973 4447
924 2975
2991 4416
2995 4843
1404 2999
3002 4788
3003 4501
2838 3025
3023 3034
3053 3186
3113 3125
3131 3382
3153 4419
3155 3884
2050 3168
1798 3170
3176 3385
3234 4396
3235 4797
704 3242
3258 4447
3262 3340
3272 4208
3276 3926
3280 4118
3325 3326
3093 3327
3336 4725
3337 4490
3342 4252
3055 3348
3333 3351
3354 4970
3363 3674
3366 4966
1292 3387
3388 4584
3226 3420
3421 4693
3426 4383
3429 4618
368 3432
3436 4118
3470 4397
3473 4044
3486 4669
3456 3494
3503 3506
3507 4462
3508 4132
3547 4538
3556 4746
3563 4536
3574 4739
1715 3575
3591 4654
3594 3599
2570 3601
3632 4446
3633 4287
3645 4305
3651 3657
3652 4679
3629 3665
137 3695
3708 4068
3749 4549
3189 3797
2989 3823
1483 3831
3834 4731
3839 4071
3842 4919
2263 3847
3065 3848
3851 4392
3873 4937
446 3875
3888 4932
1494 3893
3309 3946
3949 4143
3970 4663
3997 4338
1324 4037
4079 4828
2386 4080
2328 4107
4044 4119
4127 4511
4180 4888
4190 4743
3943 4193
4015 4218
4227 4706
372 4228
4238 4860
1664 4247
4251 4555
4154 4258
4272 4412
654 4278
2590 4290
2277 4297
3679 4306
3992 4307
4312 4982
4314 4806
2312 4323
2074 4366
4368 4852
2642 4388
2733 4401
3205 4405
4407 4410
3664 4420
4443 4809
4455 4467
4295 4463
4435 4503
4293 4529
4470 4530
1358 4557
3536 4583
3216 4595
4609 4623
4613 4901
4614 4642
4116 4636
4494 4641
1492 4646
4004 4650
4659 4661
4311 4666
4565 4667
3960 4689
3216 4691
3790 4705
3967 4707
4710 4958
4712 4990
2804 4717
4158 4722
4540 4723
4733 4752
4359 4763
967 4764
1904 4768
4773 4860
4769 4784
355 4790
4586 4802
179 4803
3441 4826
4808 4835
4825 4839
2934 4868
2859 4876
4397 4877
3474 4885
4704 4912
4904 4917
3368 4920
4911 4939
4054 4940
4832 4955
3218 4986
2860 4994
4966 4997
16 4264
40 4291
68 4167
92 4664
110 4090
149 4458
152 4746
164 4884
194 4909
204 4509
213 3700
220 336
223 2085
228 4911
231 4688
261 4293
297 4474
302 4849
352 4699
359 4893
363 4990
364 4982
402 4927
416 2646
422 4963
423 4699
448 3947
466 4744
471 4697
483 3374
490 4217
511 4761
517 4935
529 3292
530 4497
550 4632
589 2222
593 4759
596 4969
601 4855
603 4944
606 4453
623 4932
625 2380
632 3457
639 988
665 4144
669 3472
679 3876
682 4551
683 4805
691 4169
727 1002
743 3935
752 4526
777 4194
778 4203
794 4353
803 3647
819 3685
834 4941
839 2961
844 4919
855 3998
874 2434
879 3045
890 4651
891 4070
897 2112
909 2721
917 3697
929 3846
948 4865
972 2714
983 3001
998 4659
1005 4936
1041 4060
1045 4914
1050 4518
1069 4887
1072 3941
1083 3862
1088 3037
1091 3716
1098 4684
1111 2096
1119 4104
1122 4239
1136 4346
1139 1770
1146 3912
1158 4741
1162 2869
1178 4593
1183 4673
1184 4438
1193 3881
1219 3355
1270 4152
1291 4716
1304 4910
1315 2733
1321 4858
1323 4631
1328 3916
1335 2737
1337 4468
1348 4391
1354 4317
1370 4586
1378 2996
1389 4922
1395 1934
1396 4963
1420 4780
1448 4187
1468 4698
1473 4863
1479 4945
1481 4628
1499 4732
1502 4501
1505 3674
1517 3377
1527 3683
1543 4977
1546 3110
1550 2031
1066 1556
1564 4728
1575 4774
1585 3206
1628 4752
1631 2919
1652 4736
1665 4819
1667 4579
1668 3830
1695 4822
1696 4495
1712 3023
1717 2721
1726 4357
1732 4653
1734 2435
1742 4965
1748 3841
1759 4116
1774 4685
1788 4659
1797 4617
1838 4834
1845 3979
1853 4821
1872 4700
1874 4578
1892 4857
1894 4693
1896 4637
1924 4948
1927 4836
1760 1942
1954 3995
1962 4184
1964 3476
1977 4010
1984 4686
1281 1986
2000 4682
2017 2496
2040 4919
2061 4431
2071 4563
2086 3924
2087 4067
2137 3411
2151 4975
2164 4965
2174 4901
2190 4511
2198 3994
2208 3560
2254 4966
2259 3107
2265 4513
2275 4475
1593 2290
2299 3019
2308 2661
884 2325
2330 3735
2335 3178
2360 4779
2366 3413
2376 3868
2382 4806
2419 4428
2441 3780
2450 3740
2462 4284
1979 2463
2468 4654
2268 2471
2473 3833
742 2482
1203 2492
2511 4629
2514 4968
2524 4521
2553 4604
2557 4573
2571 2925
2579 4377
2581 4884
1280 2595
2602 4662
1864 2614
2502 2621
2368 2625
2633 3710
2637 3548
1461 2643
2650 4488
2653 2949
2662 4845
2673 3590
1969 2680
2264 2682
2697 3854
2706 4942
2725 2843
2730 4957
2748 4698
2378 2782
2785 4998
2811 4522
2823 4786
2825 4740
2829 3646
2207 2832
2853 4819
2861 2879
2315 2865
2872 2957
2875 3552
2889 3679
2742 2894
2910 4083
2928 3661
2932 4465
2711 2938
2939 4416
2950 2956
1661 2969
2973 4044
2991 4335
2995 3977
2999 4489
3002 4134
3003 4970
3025 4798
3034 3224
1526 3053
3125 3483
3131 3593
2353 3153
3155 4223
3168 4945
3170 3475
3176 3743
3234 3676
1840 3235
3242 3660
3258 4742
3262 4732
3272 4833
3276 4970
3280 4783
2583 3325
2550 3327
3336 4075
3337 4690
3342 4639
3348 4381
3303 3351
3354 3835
3363 4823
1006 3366
2280 3387
3388 3579
3420 3713
3421 4225
3426 4069
3429 3901
3122 3432
3436 4231
3470 4246
3473 4645
3486 4696
3494 4295
1822 3503
3444 3507
3508 4232
3547 4435
3556 4785
3563 3653
3300 3574
1693 3575
2777 3591
3594 4879
3601 4830
3632 4056
3633 4810
3645 4417
3651 4944
3652 3680
2204 3665
1452 3695
3708 4862
3489 3749
3797 4142
3823 4830
3831 4541
3834 4628
3839 4872
2364 3842
3847 4196
3848 4261
3604 3851
3873 4992
3875 4210
3886 3888
3893 4179
3946 4017
188 3949
3970 4774
3997 4941
3550 4037
3230 4079
4080 4751
3940 4107
4119 4894
2379 4127
2770 4180
4190 4555
4193 4465
4218 4303
4227 4509
4228 4385
1533 4238
3758 4247
4007 4251
4258 4586
4267 4272
4278 4945
3878 4290
4297 4895
4306 4414
1943 4307
4312 4829
3650 4314
4323 4332
3736 4366
3920 4368
3445 4388
4401 4813
4405 4973
4360 4410
4420 4441
4229 4443
1227 4455
4463 4467
4503 4582
4527 4529
4530 4933
3870 4557
4583 4746
4595 4761
4549 4609
4606 4613
4614 4623
4257 4636
3472 4641
2951 4646
2762 4650
2554 4661
707 4666
4667 4719
3519 4689
4608 4691
4696 4705
4398 4707
3889 4710
4357 4712
3324 4717
2787 4722
3791 4723
4563 4733
4734 4763
3581 4764
1123 4768
2663 4773
4784 4968
4774 4790
4411 4802
3784 4803
4826 4918
4835 4894
3624 4839
13 4868
4682 4876
4597 4877
4451 4885
4490 4912
2489 4917
4920 4928
3977 4939
4287 4940
4371 4955
4905 4986
3524 4994
4974 4997
16 4856
40 4139
164 2780
194 2549
204 4816
223 3542
364 4474
402 4965
423 3059
466 4737
483 4022
511 4795
529 4466
530 4504
589 4782
632 4761
639 4694
679 3716
682 4438
727 4642
778 4282
794 3513
890 3636
972 4136
983 4749
1069 3963
1083 4915
1111 4599
1136 4685
1184 4439
1193 4893
1270 3966
1315 1844
1321 2540
1328 4886
1335 4948
1348 4510
1354 3712
1389 4451
1396 4924
1479 4809
1502 4006
1517 3570
1550 2968
1556 4597
1564 4382
1585 4621
1665 4978
1667 4902
1695 4632
1696 4724
1726 4818
1732 4599
1734 4416
1742 4329
1759 4728
1838 3535
1872 4381
1894 4554
1896 3714
1924 4130
133 1964
1977 4874
2061 4728
2071 3253
2086 4178
2190 3915
2198 4303
2208 4088
2254 4439
2259 4337
2265 4907
2275 2497
2299 4507
2325 4524
2335 4797
2360 4566
2419 4226
2450 3167
2473 4159
2514 3833
2524 4014
2579 3820
2581 4563
2595 3943
2614 3668
2625 4222
2650 4381
2653 4231
2662 3100
2673 4270
2706 4719
2725 4564
2730 3001
2748 3895
2782 4748
2823 4836
2825 4357
2832 4603
2872 4833
2875 4665
2889 4969
2928 3982
2932 4632
2939 3137
2956 3636
2969 4283
2995 4758
2999 4898
3003 3417
1716 3125
3155 4624
3168 4668
3170 4460
3234 4175
3235 4449
3258 4950
3276 4882
3280 3803
3327 4752
3336 4664
1755 3337
3342 3515
3348 3501
3351 4543
3354 4243
3357 3363
3398 3420
3429 3519
3432 4953
3436 4825
3470 4000
3473 4117
3486 3636
3494 3901
3503 4361
3507 4149
3508 4318
3547 3894
3574 4749
3575 4901
3594 4513
3632 3774
3633 4118
2751 3645
3652 4381
3665 4761
3695 4402
3260 3708
3749 4138
3797 4778
3823 4479
3831 4943
3839 4055
3842 4304
3847 4616
3848 4878
3851 4285
3460 3873
3888 4827
2036 3893
3970 4933
3997 4036
4030 4037
4079 4896
3853 4107
4119 4964
4127 4136
4180 4524
2464 4190
4193 4765
4218 4957
4227 4605
4228 4922
4238 4874
1135 4247
4251 4878
4234 4258
3256 4278
4290 4378
4297 4578
4306 4843
4307 4310
4312 4649
1839 4314
4323 4979
3817 4366
4368 4679
4388 4928
4396 4401
4343 4405
4410 4638
3449 4420
4443 4452
4076 4455
3699 4463
4503 4747
4529 4829
4070 4530
4050 4557
4445 4583
4595 4747
4609 4987
4000 4613
4289 4614
3737 4636
3191 4641
4633 4646
3890 4650
3714 4661
4057 4666
4667 4728
4689 4943
4520 4691
4343 4705
1656 4707
4710 4816
4717 4721
3043 4722
4723 4771
4733 4989
3930 4763
4408 4764
4409 4768
4773 4832
2769 4784
4652 4790
4658 4802
4793 4803
4826 4870
4592 4835
4816 4839
4752 4868
4534 4876
4863 4877
4139 4885
4281 4912
4696 4917
4864 4920
3973 4939
4748 4940
4928 4955
4692 4986
1862 4994
4987 4997
40 4153
204 4812
466 4818
589 4935
727 4018
1069 4751
1111 4992
1136 4979
1270 3793
1348 4944
1354 4819
1517 4880
1550 4322
1665 4974
1667 4695
1896 4279
2299 4616
2450 4457
2473 3546
2138 2514
2524 4852
2625 4913
2782 4528
2872 3167
2956 4393
2995 4991
2685 2999
3155 4313
3168 4993
3258 4896
3276 4213
3336 3605
3363 4394
3429 4450
3470 3807
3473 4635
3632 4781
3695 4848
3708 3929
3749 4378
3797 4956
3848 4812
3873 4695
3888 4454
3997 4002
4180 4446
4068 4193
4218 4439
4238 4816
4240 4251
2411 4258
4290 4779
4306 4754
4144 4323
3911 4368
3510 4388
4401 4715
3918 4410
2994 4420
2960 4443
3323 4455
4503 4635
4529 4884
4557 4776
4583 4960
4603 4609
2983 4636
4666 4725
4689 4700
4691 4892
4682 4705
4209 4707
4710 4760
4647 4722
4723 4762
4730 4733
4593 4763
4765 4768
3297 4784
4089 4790
3217 4802
4835 4875
4518 4839
3735 4868
4876 4980
2451 4877
3968 4885
3241 4912
3832 4917
3771 4920
3647 4939
4828 4940
4073 4955
3362 4994
3959 4997
1354 4569
1665 4621
2450 4880
3276 4981
3797 4752
4290 4812
4323 4771
4156 4388
3361 4503
4240 4609
4768 4819
4901 4917
3443 4920
4948 4955
4093 4994
