1605 4297
2826 4645
3200 3834
29 4958
1818 4482
1858 4205
1833 3531
3 4508
1234 4739
220 4702
3820 4110
4661 4672
3951 4739
4628 4833
3717 4205
4138 4623
2839 4672
1868 2859
84 3855
3774 4891
620 4367
910 4351
1266 4377
2002 4367
3999 4270
3802 4598
872 3999
1296 2652
2331 4749
2467 3450
4377 4739
4382 4614
879 909
772 2372
2859 4598
3855 4614
3951 4744
2846 4848
2764 4764
3177 3571
3248 3271
3751 4076
1343 3856
3939 4606
1838 2267
2490 4869
1273 4239
3720 3996
3956 4891
72 4739
56 4135
1458 2734
117 4541
2026 3513
3874 4997
729 1020
3455 4139
524 4335
1422 4991
3906 4831
1155 3700
991 4652
3680 4614
3366 4886
237 3999
2328 4628
663 4997
3544 4584
3848 4661
3834 3903
4676 4749
2484 3783
3094 3783
3306 4596
3717 4482
2105 4848
896 1497
3513 3685
3698 4869
3323 4039
729 4960
1142 3817
2764 2942
2188 2940
1182 4152
872 4676
2787 4672
4180 4212
4623 4650
3706 4877
1343 4843
2294 4180
2098 4876
4135 4614
3741 4629
456 4212
3470 4661
1277 4110
2026 4087
3016 4848
1749 3085
3874 4870
3 4291
745 4291
856 4602
4606 4744
3939 4629
56 2425
2638 3247
1214 4133
117 4583
4110 4706
3247 3323
3155 4764
2182 2270
361 4702
827 3179
1894 4111
3179 4877
2729 4616
3153 3583
1830 3939
2619 4482
2087 4681
2021 4702
1025 4848
4290 4291
629 4843
4583 4715
1722 4876
393 820
1809 3531
2334 4776
924 4195
856 3680
4199 4776
3787 4877
3227 4629
2467 4960
2490 4896
3430 4960
3856 4482
2940 3714
29 4877
2467 4199
3707 3996
3874 4346
78 4831
2331 4628
1176 3834
1581 3685
640 3372
700 4706
2401 4968
4039 4272
1492 4614
807 3714
909 4672
1466 4367
1132 2619
1830 4960
4354 4896
1655 4943
1894 4749
3153 3820
1142 4715
524 4584
4297 4583
3367 4291
641 4886
4804 4943
3751 3929
3898 4351
134 4628
1053 3660
3167 3169
3455 4616
798 4384
3385 4676
1289 3951
2638 3751
1422 4195
2428 4877
2546 3787
2002 3828
802 2087
4848 4991
3069 4212
3290 4061
975 3008
1315 4596
4205 4804
932 3898
1103 4870
2652 3200
8 4614
1277 4623
3680 3720
367 3290
3506 3658
3085 3169
3354 4629
3354 3956
3379 4346
78 4583
557 4602
1008 4628
772 4831
384 4744
1497 4139
250 4212
2040 3751
570 4541
2838 3450
1289 1830
1266 3956
4161 4596
4623 4749
3956 4629
1008 3016
641 3855
3503 4614
2025 4702
2698 3817
3996 4997
1430 4354
1466 3470
1234 4377
4 4968
2546 4729
3817 4715
1194 4596
155 3996
8 3855
3021 3085
3689 4212
1655 3665
3020 3386
2989 4346
4661 4706
1439 4598
361 4223
4262 4886
1103 4997
3951 4891
3169 4652
3450 3479
4351 4857
2040 4776
3999 4776
3008 4039
570 4715
1868 2222
3599 4212
575 4272
1025 2958
2577 3828
3751 4050
924 4181
3386 4133
570 4583
764 3155
78 4715
3898 4024
1271 2270
841 4744
3658 4239
1493 4138
2450 4702
2061 2199
2334 3221
1825 3802
3968 4014
1825 2480
1271 2025
2021 4943
3200 4804
3712 3714
3460 4896
1351 3660
801 4616
1838 3706
3248 3386
3039 4729
1575 3965
1530 4537
2577 4367
4014 4382
1894 4650
2188 2438
3544 4335
4026 4958
3903 4857
3817 4019
1818 4876
4740 4997
2490 3040
2641 4831
772 4973
1749 4958
4629 4747
4833 4896
653 4351
3926 4628
3379 4870
1879 3965
29 4384
1581 3153
3672 4024
366 4661
1187 3738
3458 4199
575 2859
2322 4652
1430 4877
3290 4489
2393 4960
910 4943
3247 4050
4537 4628
3939 3995
445 4764
1573 4676
3271 3712
2267 4661
2216 3840
2040 4804
2860 4869
1273 4205
1864 4744
2846 4991
407 4367
2729 3367
3820 4111
2989 4973
1025 2199
3366 4545
2924 4652
1008 2487
1958 4661
4139 4896
4545 4614
1530 4848
633 4584
3698 4968
830 2456
873 4537
2559 4870
3372 4596
2860 4973
776 4661
3820 4650
745 3367
134 4676
2641 3933
2740 3306
3951 4747
259 3366
406 2182
3430 4076
197 4508
2740 3372
2116 4776
2450 3834
84 103
3874 4973
3486 4656
975 3379
4223 4702
369 4014
4014 4886
4377 4747
865 4886
1696 4239
3458 4050
1053 4382
2740 4596
3362 3787
453 4896
700 4672
764 3834
1569 4960
663 4973
3167 4139
1322 4199
629 4482
1696 4205
650 4335
4024 4857
2698 4297
1343 4764
2559 4997
2021 2450
3004 3996
4087 4584
3177 4650
3306 3933
1173 4749
2559 4831
2638 4776
2873 3856
1419 4869
1162 3366
3956 4606
3571 4133
2839 3828
3706 4223
371 3787
3672 3965
695 4351
3874 4991
1969 2484
3685 4087
960 4545
2438 3783
3366 4135
196 4584
1231 3956
2503 4870
1831 3271
1967 4545
1864 3741
2480 4181
3385 4212
1749 2546
367 4598
3660 4545
3951 4290
653 4857
1967 4135
1271 2182
3004 3685
2839 3486
1858 4764
3583 4111
2087 2622
640 3306
1686 3069
3039 4354
2040 4050
2501 2641
2331 4848
445 4876
2958 4833
1575 4223
896 4291
700 4870
1749 4877
4019 4715
2641 4596
3323 4848
3362 4729
1823 4067
1831 2734
3016 4501
2768 3968
3519 4973
3234 4623
369 3503
3221 4270
3021 3362
3040 4602
1482 4039
3874 4831
740 4110
2596 4876
3553 4489
3004 3707
2456 4960
740 4650
910 4702
503 4764
2642 3672
4652 4877
453 4199
3519 4869
3817 4067
407 3470
1493 3583
3341 3689
3367 4139
2270 4024
1863 3008
3680 4666
4833 4848
4831 4869
1857 4869
1838 4672
2773 4656
4205 4991
3021 3169
1466 4661
3021 4354
3340 4384
4991 4997
4384 4877
745 4508
1575 4857
2141 4354
2698 4541
3221 3751
4024 4351
3036 4747
1004 4973
1857 4973
1422 2331
1530 4991
2924 3039
53 4749
2792 4739
3855 4886
570 3817
501 1833
2652 4857
1155 2188
2698 4715
1970 4482
1899 4584
84 4382
3460 4848
991 1430
1890 4886
2782 3071
3479 4270
3706 4702
722 3553
3689 4404
620 3820
2989 4997
1315 2622
2428 2787
1899 4087
2792 3741
513 4583
8 337
1818 3856
1894 4623
1809 4614
3366 4614
2619 4239
3227 4377
1458 1831
1696 4843
2132 4508
1679 4968
865 3968
4616 4645
87 4019
4 4262
3506 4876
2630 4508
4061 4489
2734 3783
2619 4205
2873 4583
2842 4740
3278 3968
856 4180
2267 4672
2764 4482
4262 4740
896 3738
3179 4354
3430 3458
4067 4297
464 2040
2782 4960
3036 4606
620 4672
3794 4537
3848 3903
3234 4650
2393 3450
3379 4997
4346 4831
1187 2729
2279 3685
102 4886
3040 4968
3689 4390
1194 4681
2768 2956
1132 4384
683 2792
3169 4877
3036 3956
2240 4138
650 4666
3848 4367
1023 4541
4130 4181
1969 2270
3956 4747
1830 4606
4354 4384
3479 4960
4161 4681
124 3840
2364 4877
3085 4958
3169 3179
2956 4681
761 4489
1271 3187
2155 4583
801 4291
2792 3939
3008 3290
4489 4598
2546 2773
3003 4489
2873 3817
663 4740
1201 4584
924 3460
2956 4596
2630 4776
2372 4869
802 2740
3004 4584
2698 4623
2436 4602
2917 4180
3700 4133
2372 4831
3741 4891
220 4351
503 3856
3712 4623
3343 4212
2438 2940
2294 3599
683 4067
761 1868
2436 3248
1655 4896
366 4672
3685 3707
557 4404
1970 3658
2652 4645
3450 4896
1289 4739
2155 3817
807 3248
2638 4270
3306 4681
2958 3926
357 2942
3906 4968
3366 3956
102 2425
4616 4891
456 4623
3057 3599
3479 3929
361 3200
3182 3571
773 2641
960 1581
2747 3658
3820 4676
1787 4997
4212 4602
246 4133
807 3571
3040 4997
1194 4161
873 1823
2267 3720
2897 4876
1442 3323
464 3751
1679 4346
2734 2940
557 4390
2630 3828
3178 4026
2002 3848
2322 4958
3178 4681
2294 4404
118 4877
2174 4180
4968 4991
2842 4997
1306 3731
4262 4997
3227 3354
3503 4973
3367 3738
2116 4050
1169 4545
3094 4133
2503 4997
4346 4973
2761 4877
3408 4715
4869 4991
2546 2860
2630 4291
1967 3366
640 4681
1482 3008
2501 3933
2025 4199
1384 4739
617 4891
361 4943
1214 3700
2267 4367
1322 3430
4346 4869
3200 3903
0 740
1825 4039
3167 4291
197 4616
1857 4831
1176 4681
1894 4676
2782 4076
4290 4656
3486 4672
2642 3706
3020 4133
2638 3450
3929 4270
3306 4161
252 4223
3707 4666
4195 4537
3479 3999
4968 4973
246 3020
1422 3460
3385 4749
124 4943
1831 4133
3685 4666
695 3898
1655 3834
2105 4628
2842 4870
369 1162
910 2450
827 4652
4346 4991
960 4614
406 4050
3460 4130
2747 4482
3004 3513
2838 3221
2610 4896
3379 4831
2917 4991
3290 3802
3430 3999
2747 3856
2467 3999
3367 3455
3503 3855
2199 4991
4152 4848
801 4645
3341 4180
464 4199
2021 3903
3817 4111
2642 4943
2559 3379
910 1083
3340 3787
3599 3689
932 4351
4740 4968
3553 4272
617 3774
2425 4545
1650 4501
1787 3906
3820 4623
4130 4991
3583 4110
3167 4645
2444 4377
3817 4541
2487 4672
1858 4876
367 4489
197 220
1493 4749
1650 4833
3372 4161
3408 3817
453 4833
1482 4061
3227 3583
3731 4843
524 3720
1864 4377
802 4681
2897 4843
3179 4384
4764 4876
3008 4598
2917 4831
3658 4843
2188 3182
1825 3003
3323 4076
1958 4672
250 3486
2652 3658
740 4676
4139 4180
50 2642
2328 4833
4877 4958
145 3751
3272 3379
3665 4857
879 2729
3460 4501
1169 1809
2182 4804
1530 2487
3817 4297
3672 4804
2425 3855
3343 3689
1581 3531
3386 3700
1575 3898
1605 4715
3354 3774
4181 4848
612 4354
2846 4537
815 3248
4223 4351
4133 4291
53 3386
252 4702
2105 3460
3571 3783
102 641
1679 4831
2577 4661
3738 4645
3999 4960
337 4614
2364 2428
3503 4545
1650 4991
2610 3272
50 4702
3372 4681
3672 4223
3544 3707
3036 4739
914 4272
3503 4135
2222 4739
960 4382
4152 4501
798 4877
2860 3874
1155 4130
4272 4489
3583 4623
3553 4061
776 4367
464 4076
1653 4886
1360 4958
764 1879
3167 3738
3362 4877
618 4833
2444 4747
3906 4869
1830 4747
3828 4706
1322 4076
2860 4831
3783 4133
3408 4583
3599 4026
2897 3506
3926 4130
8 3968
1354 4943
1271 4870
118 4958
3016 4537
1023 4297
2087 4161
2860 4346
3020 3712
2110 4744
632 4676
1538 4672
4960 4997
1217 1482
2110 4891
2792 4606
3731 4482
991 4877
3470 4672
1322 2838
914 2859
587 4390
2787 4367
3553 3672
3774 3951
3069 4404
2842 3874
2401 2917
3278 3503
3071 3479
2773 4715
335 4623
617 4377
1569 3999
1686 4212
2501 4681
3486 4706
1863 4039
1696 2897
3247 4270
4262 4870
3354 3741
1231 4629
1831 3794
2401 4740
3700 3783
393 4223
1970 3506
4050 4776
3939 3951
335 4628
4702 4739
4067 4715
2838 4270
2490 4831
3741 4747
1864 4764
117 4715
653 2270
815 4133
3153 4676
3153 4111
2450 2764
830 4706
1277 3583
4223 4943
3513 4666
1322 3323
3179 4729
4764 4843
3004 3248
1020 3479
3385 3820
740 4749
700 1858
3271 3571
4870 4973
879 4645
2294 4212
975 4598
1864 4739
1573 4650
2334 3450
2630 4616
4110 4650
3848 4843
2729 4291
3021 4891
1289 4747
2480 3290
3021 3787
3519 4262
1234 4886
1970 4876
2846 4628
2734 3271
2487 4501
932 4857
3247 4199
827 4958
3071 3458
339 3840
1538 3470
3271 3714
1173 4623
3354 4891
3995 4891
2897 4764
1037 4997
4239 4764
4297 4541
1231 4270
1864 3939
3751 4270
366 3828
2501 4161
3153 4749
3178 3933
3794 4501
1007 4886
155 4335
1890 4545
2642 3898
4014 4877
2240 4650
3855 4135
1277 4676
1863 4598
3783 3817
1007 3660
4377 4606
2322 4076
924 1963
3021 4877
2240 4110
3290 4598
2501 4596
2141 4877
237 4776
1879 4857
2596 4764
50 4857
197 4139
56 4614
3583 3820
25 4877
2425 3278
3167 4290
513 4541
2087 3933
1650 1963
815 3020
3200 3706
2484 4991
72 4629
3929 4960
1722 2897
2956 3178
1351 4886
3221 4135
3513 4584
2622 4161
2546 4652
4290 4508
2667 4776
4747 4891
4039 4598
3343 3599
633 3996
1007 1809
4205 4843
1360 4676
4290 4616
1605 4583
1969 4833
4239 4843
4857 4943
3571 3700
2393 3479
2773 4270
1384 4270
2846 4833
2061 4130
4702 4943
2372 4968
220 2652
4223 4857
3430 3951
2787 3470
1083 3840
2216 4857
2917 4997
3167 3367
1132 4877
1053 3903
820 4702
2450 3965
2940 3386
2480 4019
1025 4628
1187 4645
2270 3898
1023 4583
0 4623
2989 4740
1719 4061
3460 4537
2897 4205
3874 4869
789 3968
56 2428
612 4656
2116 3450
4297 4715
896 4616
695 4024
2503 4968
2747 4764
798 3169
663 4869
48 4297
3731 4876
3544 3680
2436 3069
2364 4958
3085 4877
3660 4886
975 3290
3714 3783
4239 4876
3430 3751
4139 4645
3379 4740
1969 4628
2480 4598
3531 4545
1020 4960
3658 4482
773 4681
3016 4833
2764 3717
1538 4706
3 3738
1722 4205
3717 4764
4390 4602
3503 4886
728 3783
745 4616
1458 4133
48 4541
1162 3660
1008 4501
2322 2761
1823 4628
1823 4195
3187 3840
3470 4706
3714 4133
3470 3848
3177 3712
2401 4973
3450 4960
618 4152
4537 4833
3039 4958
1201 4335
2279 4110
1466 4672
2747 4239
4656 4958
1053 4886
371 4354
924 4833
2667 3323
3513 4335
1655 4857
629 4239
1719 4598
3341 3599
1655 2216
3057 4212
3247 4776
1201 3707
453 2846
2270 4943
335 4650
2619 2942
213 3366
2086 2188
2842 4973
2182 4943
3506 4843
3016 4195
3939 4739
4139 4616
1430 4652
2328 4848
2425 3968
1569 3430
3234 3820
2792 4377
1970 3906
3802 4061
384 4747
1787 4740
3660 4382
3926 4537
2105 2846
2436 4390
4110 4676
1439 4272
3939 4744
3999 4076
2838 3751
3272 4869
3583 4138
2942 4876
3430 4050
524 3544
4739 4744
4019 4067
4262 4973
2842 4262
722 4672
1830 4744
2484 4181
841 4739
2842 4991
1967 4614
700 1838
789 1509
501 4139
1132 4958
1581 3968
1004 3272
1581 4886
1162 4382
2480 4489
2456 3247
2503 4740
3834 4223
653 3187
1679 4740
1509 4545
1182 4537
1441 4747
1879 4024
2577 2839
2444 4739
2222 4489
2652 3840
1686 4404
3182 3714
3751 4776
3272 3519
4628 4896
1830 4739
3506 3856
909 4508
1890 3855
1838 4706
2040 4960
2155 4019
3167 3455
2110 3951
3956 4377
4482 4764
570 3712
841 4629
2638 3929
2989 4870
2222 3802
3583 4749
1217 4039
1857 4212
124 3672
196 3680
3094 3700
4382 4545
1439 4489
259 3968
4652 4729
2787 4661
1020 3458
3182 3700
4039 4061
4545 4886
2782 3221
3187 3965
1354 3834
2132 3856
3531 4135
2622 4596
2501 3372
3094 3248
2098 3783
2116 4346
339 4857
4335 4584
801 4508
700 2490
2490 4973
3717 4843
3153 4650
1103 4991
200 4831
1958 3828
3278 3660
3069 3341
2596 4482
3153 4110
3003 4061
1458 3020
2331 4501
134 4833
2322 4656
2490 4997
155 196
4270 4960
3680 4584
2061 4501
1497 4508
2764 4239
772 4968
3553 3802
4489 4501
4629 4744
4152 4537
3738 4616
4212 4390
3741 4739
3965 4804
2546 4958
4290 4645
1273 4764
2061 4833
335 4749
87 4715
2401 2989
3707 4335
3385 4623
1838 2839
2267 2787
3003 4598
1037 4973
924 4541
3458 4776
4223 4804
145 2334
3178 3372
1970 4764
3069 3939
3455 4291
773 3933
3450 4050
4050 4076
213 246
2188 3271
4205 4602
407 4706
1719 4489
1187 4616
196 4666
1173 4138
2747 4843
2761 2924
1863 4489
200 4161
3247 4960
728 3386
3544 4666
3787 4384
820 1354
2734 3712
2490 4870
2860 4968
3200 3898
4740 4869
4212 4404
3672 4740
789 4382
2199 4628
118 3965
1868 4489
2619 4764
2873 4297
2240 4111
617 4744
2132 3455
3470 4050
587 4602
914 3741
53 4650
641 3366
4896 4991
557 4212
827 1430
991 3169
914 1719
2438 3571
3706 3834
3820 4749
3874 4968
618 4019
4110 4749
4061 4598
1384 3774
1530 1963
3040 4831
4377 4744
366 4706
3856 4205
612 4958
2025 4857
1722 3506
4039 4489
1493 4623
798 3996
3513 3680
3698 4870
1419 3519
1315 4161
1360 3169
1442 3929
246 2086
371 4384
4152 4896
2596 4843
3153 4623
3177 3271
2641 4681
3840 4729
2098 3182
1823 3227
3706 4804
4501 4848
1719 4039
78 4541
1231 4606
3094 3182
3717 3731
4508 4616
2740 4681
1020 2393
4110 4138
1899 3685
2761 4354
1497 4645
3774 4739
3354 4739
1194 3372
4139 4508
650 4087
557 3689
357 4764
1679 2917
3450 3929
772 3040
4869 4968
4541 4583
3069 3689
3933 4596
4776 4960
3738 4290
2622 3306
2334 4050
337 4014
259 3503
3187 4223
1868 3290
2155 4067
722 4061
2761 4958
909 4968
3248 3700
3227 4744
2002 4661
728 3689
118 4354
3774 4629
237 3247
3951 4377
2577 4672
1182 2199
237 4199
1306 4843
1838 4661
1787 4968
1899 3513
2438 3182
3340 3362
2622 4026
4076 4199
3221 3479
2025 2652
873 4848
1422 4833
1155 3783
4404 4602
1083 4943
0 4749
1492 4135
4135 4886
3926 4501
1273 4843
4367 4706
3057 4404
1509 4886
2428 4652
3169 4958
3367 4616
3519 4870
914 4598
2740 4161
830 2838
1605 4019
729 3458
3343 4602
48 4715
583 4629
2873 4715
4831 4870
1083 4223
3248 3571
932 4596
2667 2782
2199 4195
1538 4367
653 4180
2773 3340
1004 4968
3906 4346
1023 4715
4076 4270
2610 4831
2393 3221
78 4297
1863 4061
2630 3738
3787 4729
2331 3926
4833 4991
3057 4390
2792 4629
4111 4138
3379 3906
1696 3856
56 4886
3057 3341
909 3167
4130 4848
1719 4272
2729 4501
3774 3787
3698 4262
4384 4656
872 4199
4067 4583
252 3187
48 3408
3680 4335
1351 4614
2698 4019
3939 4747
2401 2610
2768 4161
2401 4870
4111 4676
3272 4870
620 4661
4501 4537
4739 4747
2596 4272
4135 4382
1958 4706
641 4614
3995 4747
384 4739
3179 4652
2222 4598
3848 4706
4869 4997
4130 4896
3898 4702
407 4672
513 4715
2559 3455
3599 4602
501 2132
1351 3278
2334 4960
2428 4656
2826 3367
879 3455
200 4596
2132 4616
2761 3039
1958 4367
145 4776
3720 4087
3840 4943
2110 3741
3531 4886
2364 3362
841 4747
879 4616
2859 3553
3354 4606
4973 4991
2630 4645
2838 3323
1492 1894
2619 4843
4482 4876
3926 4833
2086 3386
1296 3660
3513 4087
1217 1360
2105 4152
2768 3933
2860 4997
1162 3968
87 4583
4180 4602
683 4715
3951 3956
2782 3999
2294 4390
4024 4715
4152 4181
633 3004
3386 3712
3660 4614
4130 4628
2638 4960
1970 4843
3016 4152
4870 4968
2768 4681
2467 2667
3802 4489
3379 4869
2740 3178
2216 4943
3658 3856
1142 4297
3712 4133
4039 4223
4346 4740
2132 4645
4702 4857
3834 4943
1653 3855
2501 3178
4367 4661
3828 4672
2216 3187
3155 4857
3583 4650
3939 4377
3227 4891
3689 4180
3965 4351
3341 4602
3658 4876
2026 3544
4152 4195
773 4026
1264 4335
1176 2956
2729 4645
4508 4645
3698 4973
1296 4351
3531 4382
2559 4869
1103 4831
3021 4656
3455 4290
1858 2596
1466 4729
1818 4050
2087 4596
575 4489
1419 4997
2956 3372
1351 4135
1857 4262
3856 4239
2240 4676
1605 4067
3738 4335
3599 4180
3057 3069
2610 4997
2279 3544
4973 4997
2577 4706
975 1863
4377 4629
2873 4067
2826 4508
3234 4676
761 4061
2116 4199
4740 4870
3741 4606
1969 4130
4346 4968
237 4960
583 3956
1653 1722
3278 4135
909 4645
2279 3996
1037 3519
1569 2667
3153 4740
4501 4628
4019 4541
3506 4239
1573 3820
4026 4681
2155 4541
4390 4404
896 4645
3040 4869
4843 4876
4111 4623
1441 4482
2098 3271
2667 4960
2182 3672
213 4614
2331 4833
2279 4335
3828 4661
4606 4739
4138 4749
1686 4602
4354 4958
4596 4896
220 4943
1182 4848
1969 2487
3470 3828
2698 4067
72 4377
2002 4672
3689 4602
3707 4087
3996 4335
695 4943
1162 4960
991 4958
3898 4857
3385 4650
4 4740
632 4623
4024 4943
618 4181
3707 4584
2761 3340
4076 4776
2428 4958
2503 4973
2773 4958
4346 4997
2116 3929
4110 4623
1053 4014
1266 4747
2487 3794
3926 4195
583 3939
3200 4943
2372 4740
3016 4896
3738 4291
4831 4997
1004 4869
3178 4596
3720 4666
3085 3787
2873 4541
2480 4061
134 4501
501 4616
3774 4747
2428 4354
841 4606
1173 4650
3227 4747
3354 4747
3021 4958
2456 4886
3965 4857
1492 2425
4138 4676
2002 4110
3340 4729
3802 4039
3926 4991
2086 3248
2503 3874
3968 4886
4026 4161
2174 4404
4744 4747
3848 4672
4139 4291
4541 4715
4291 4508
2940 3712
4672 4706
3430 4776
2240 4623
2917 4870
3951 4606
728 4602
53 4138
118 2364
2025 3706
1025 4501
807 3712
2322 4729
1007 4382
2503 2989
4384 4652
4652 4656
1963 3855
3085 4384
1530 4501
3221 4960
87 4541
4195 4833
3855 4014
2838 4960
3906 4740
453 4195
4019 4297
2958 4537
3341 3343
1899 3004
2924 4729
2021 4024
1857 4968
4596 4681
3460 3926
3665 3706
2942 4205
2174 4390
1686 4180
3227 3995
4019 4583
3658 4205
722 4039
1442 4960
3408 4019
2436 4212
458 1509
4205 4876
873 4833
1422 4848
4537 4991
2622 4681
4382 4886
3531 3968
3272 4968
776 4706
830 4960
337 4135
4629 4891
2667 3071
1264 4584
3996 4584
3155 4024
3177 4715
4804 4857
4039 4991
2322 4877
3458 3999
3951 4702
72 384
587 4404
445 856
3227 3774
4 4831
1025 3840
1823 4501
3341 4404
3069 4390
873 4896
4262 4968
3706 3965
2873 4019
1343 4239
1273 4876
2740 3933
3071 4130
1890 3278
3544 3996
2372 4997
2924 4877
2747 4876
1857 4740
773 4596
3714 4729
155 4584
1818 4239
772 4489
2428 3179
3455 4645
1818 4843
3340 4958
3531 3855
250 4661
197 4645
124 3965
1083 2642
445 4843
629 2942
2734 3020
1176 1315
3720 4584
4652 4958
3519 3906
2768 4596
3926 3933
4087 4666
2364 4652
1605 4541
1538 2577
2773 4877
3094 3712
4024 4702
4138 4650
2487 3926
3341 4390
2116 3479
3182 3712
3956 4744
4744 4891
3995 4739
3672 4351
2484 4833
2619 4876
4482 4843
1466 4706
4870 4991
1787 4869
1890 4614
1831 3386
2040 4199
1573 4749
4404 4715
103 4869
4087 4335
2086 3020
213 3660
406 4960
3455 4508
789 1007
820 4857
2174 4602
200 3372
2141 4958
102 458
2141 2773
2940 4111
2444 4606
3906 4997
2436 3599
3071 4270
2787 3828
3672 3706
1722 1858
1458 2438
2610 4870
1868 4598
4262 4869
1419 4991
3470 4857
134 4991
3906 4973
1142 4541
2873 3458
2334 2393
2061 4896
3680 4087
2222 2859
4152 4991
3741 4744
2002 4706
4111 4650
367 2859
4205 4764
3506 3731
2859 3003
2141 4729
1696 4764
4606 4629
2182 4857
4110 4367
4130 4195
1441 4764
802 3933
4181 4628
2630 4139
3665 4702
3929 4076
3039 3340
72 4606
1963 4833
4623 4676
1899 4335
2940 3783
3069 4602
250 4367
3503 3660
252 4351
2216 3672
2698 4583
1289 4744
3200 4973
722 3802
2942 4764
932 1879
1833 4382
3227 4606
2270 4804
1749 4652
1419 4973
807 1155
2328 4039
3906 4991
4291 4616
1384 3036
2110 3774
1266 4629
1958 3470
2630 3367
3506 3717
3323 3929
3408 4541
1231 3999
4262 4831
1823 4130
2989 4968
2438 3248
587 2174
2596 3717
1809 4382
2110 4377
4346 4870
1296 2642
2279 4087
3680 3996
3271 3700
2924 4354
458 3531
3408 4067
2924 4958
2021 3840
3460 4152
3999 4223
3968 4545
1963 4195
3020 3544
700 4661
2480 3008
1879 4943
335 4676
4740 4991
3085 4354
1296 3903
3486 4661
3343 4180
633 3685
1538 4661
4384 4729
3 3787
357 4205
250 4706
3040 4870
2141 4652
4180 4390
1037 4869
3 3167
2652 4943
1963 2484
2826 4681
2155 4715
3408 4297
1306 4764
3680 3685
2641 2768
259 1809
4656 4877
2086 3182
3340 4354
1650 3926
4199 4960
4869 4973
3057 4180
3731 4205
4384 4958
1343 3658
3531 4614
1008 4848
53 4666
3020 3700
1132 3021
776 4672
1492 4545
557 3856
4606 4747
612 4161
815 4652
872 4270
1858 3731
4180 4404
3665 3903
1573 4111
2222 3008
1266 4744
3996 4666
1894 4110
246 3714
4111 4749
357 4843
2174 4212
1214 3714
1023 3408
2436 3057
2839 4706
4195 4628
3553 3717
3200 4351
2956 3933
4702 4804
220 4958
3774 4744
3354 4744
2839 4367
2610 4991
3787 4652
4739 4891
2734 3094
2773 4354
2917 4973
1439 3802
2132 4139
761 3802
1169 4886
2450 4351
2546 3039
84 1967
872 3929
815 3094
3794 4130
4139 4290
1277 4749
2267 4706
456 4676
1176 4596
1360 4652
1169 3366
1575 3840
815 3714
2917 4869
3840 4024
3658 3731
50 3187
640 2501
4130 4152
1441 4843
1650 4628
3665 4943
620 4706
1969 4896
1441 4239
3278 4545
503 2764
1831 2940
3177 4133
2436 4404
3685 3996
1439 3553
3272 4740
865 1653
2826 2917
3341 3714
3996 4087
1441 3717
3343 4390
1493 4650
3306 4026
3057 3278
3519 4831
3856 4876
1967 4886
1825 4598
618 4848
856 4390
1969 4061
4650 4749
1004 4262
1482 4489
3155 4223
2787 4706
2267 3828
369 4135
3933 4681
872 4960
3794 4848
1173 4676
3553 4039
2610 4968
3341 4212
3840 4702
1569 3221
3071 4776
3553 4598
2240 4749
632 4111
1864 3774
1315 4681
1686 4390
2105 4130
3057 4602
1306 4876
102 3278
1823 4833
1194 2768
1581 3503
2842 4968
3234 4749
2792 4744
4110 4111
3362 4652
78 4067
1497 4616
4262 4346
4740 4831
1176 3306
456 4110
3856 4843
3179 4958
3343 4404
501 4508
2155 4297
3178 4161
856 4404
2897 3731
3906 4870
2294 4602
339 4943
3458 4960
3039 3362
3995 4606
1234 4629
2652 4702
4650 4676
384 3956
2859 4508
575 4598
3898 4804
103 4886
865 3200
3926 4896
503 3731
3787 4958
1442 4776
2764 4876
802 4596
2729 4508
3039 3665
1890 3968
3599 4390
2846 3794
3840 3965
3685 4584
4870 4997
2322 4384
1825 4272
2222 4857
4367 4672
4537 4896
3834 4702
0 4676
3323 4776
3820 4138
393 3672
1296 3187
3386 3571
3855 4645
117 4019
3995 4629
2842 4598
856 3343
2026 4335
3874 4740
2826 4616
213 1492
2924 4384
3040 4973
2436 4749
3323 4199
29 3362
583 4744
3008 4061
3817 4583
3706 4943
1155 3714
3379 4262
84 4545
4857 4877
2839 4661
3071 3929
3272 4997
3234 4026
1442 4199
4050 4960
2559 4968
197 4997
3965 4702
4629 4739
4831 4973
729 4270
1509 4382
650 4584
3362 4656
1187 4291
4869 4870
456 4138
393 764
612 4877
406 4199
25 2773
3227 3741
2782 4776
2467 4776
2490 4968
53 4676
3458 3929
2792 3951
2484 4848
1142 4067
3531 4870
3951 4629
337 4545
118 4997
3700 4958
103 4382
3039 3177
1234 4891
445 4482
4067 4541
1083 4290
4968 4997
1430 4384
0 2912
3 4993
4 2824
8 543
25 4754
29 4243
48 261
50 4134
56 3190
72 3897
78 1456
84 3066
87 4782
102 3527
103 3777
117 2185
118 3422
124 4194
134 3725
145 4963
155 1481
196 4827
197 4678
200 4405
213 2030
220 4668
237 4578
246 4466
250 4885
252 3896
259 4970
335 4966
337 837
339 777
357 3872
361 4383
366 3307
367 775
369 4737
371 4743
384 4436
393 4852
406 4358
407 2272
445 4716
453 3172
456 4250
458 4511
464 2048
501 2029
503 2902
513 4910
524 4817
557 3043
570 4411
432 575
583 3050
587 4012
612 3974
617 4610
226 618
620 4468
629 4500
632 4418
633 4115
640 4569
641 4412
650 4051
653 4784
663 4104
683 4944
695 4599
722 4647
728 2963
729 3402
740 1536
745 2120
761 4631
764 4208
772 4903
773 4144
776 3978
789 1347
798 4917
801 944
802 2737
807 2763
815 3569
820 3183
827 3259
830 4358
244 841
856 4879
865 4899
872 4872
873 4669
879 4053
896 4096
909 3112
910 3621
914 3835
924 2534
932 2482
960 4836
975 2171
991 4835
1004 4179
1007 1236
1008 3899
1020 4504
1023 3204
1025 2996
1037 4206
1053 3236
1083 3472
1103 2741
1132 3646
1142 4900
1155 2235
1162 4655
153 1169
1173 4055
1176 3973
901 1182
1187 4619
1194 3647
1201 4827
1214 2409
1217 4906
1231 3467
1234 2075
1264 4985
1266 3198
1271 4889
1273 4544
1277 2391
1289 4722
1296 3789
1306 4558
974 1315
1322 1568
1343 2823
1351 4885
1354 4296
1360 1997
1384 2668
1195 1419
1422 4311
1430 2856
1439 3452
1441 4683
1442 4763
1458 4617
1466 4593
1482 2246
1492 4538
1493 4561
1497 2366
1509 4299
140 1530
1538 4721
1569 4358
1573 4907
1575 3894
1581 4521
1605 4830
1650 4871
1653 4015
1655 4929
1679 4016
1209 1686
1696 3441
1719 4017
955 1722
1749 4256
1787 4828
1809 4577
1818 3374
1823 4643
1825 4535
1830 2108
1831 3647
1833 3236
1838 4470
1857 4866
1858 4930
1863 4862
1864 3597
1357 1868
1879 4915
1890 4557
1894 4131
1899 3979
1958 4440
1963 4072
1967 2375
1969 4540
1970 4971
2002 4127
2021 4599
1884 2025
2026 2326
980 2040
2061 4481
2086 4774
2087 4068
2098 4745
2105 3536
2110 4268
2116 3857
2132 3624
2141 4617
2155 4241
1914 2174
2182 3669
526 2188
2199 4546
2216 4889
935 2222
2240 2825
2267 4421
2270 4577
2279 4827
1125 2294
2322 2745
2328 4918
2331 4304
2334 3916
2364 4566
2372 4651
2393 2612
2401 3819
2313 2425
2428 4819
2436 4862
2438 4894
2444 4343
2450 3398
2456 4944
2467 4796
2480 4228
2145 2484
2487 2770
2490 3555
2501 4914
2503 3699
2546 4697
2353 2559
2577 4478
2596 2600
2610 2807
2619 3935
2622 4677
2630 4742
2638 3128
2641 3992
2642 3087
2652 4533
2667 3101
1750 2698
2729 4720
2734 4730
2740 2760
1133 2747
706 2761
2764 4910
2768 4988
2773 2810
2782 4311
2787 4967
2792 3974
2826 4989
1021 2838
2833 2839
2842 4072
2846 3365
2859 3134
2860 4522
2873 4791
2897 4422
627 2917
2924 4756
2940 4954
1680 2942
2956 3548
2958 4746
1845 2989
3003 4630
658 3004
3008 3410
3016 4844
3020 4104
3021 4114
3036 3597
3039 4329
3040 3916
2043 3057
2481 3069
958 3071
2547 3085
3094 4096
2981 3153
3155 4484
2376 3167
561 3169
1595 3177
3178 3773
2390 3179
3182 3448
2677 3187
3200 4810
2588 3221
3227 4797
3234 3805
3247 4557
3248 4564
3271 4806
3272 4450
3278 4693
1232 3290
3197 3306
1564 3323
3340 4727
1609 3341
3343 3345
1399 3354
2302 3362
1865 3366
1487 3367
1382 3372
3379 4525
2215 3385
3386 4655
2974 3408
3430 4358
3450 4741
3030 3455
3413 3458
3460 3683
2670 3470
2797 3479
3486 4978
3503 4875
2899 3506
3513 4311
3519 3763
2673 3531
3544 4884
3553 4386
1926 3571
1901 3583
3599 4836
2039 3658
3660 4060
3665 3669
2688 3672
3526 3680
2208 3685
622 3689
3139 3698
1056 3700
3054 3706
3707 4034
3708 3712
1460 3714
2851 3717
2336 3720
3245 3731
1116 3738
3741 4519
3751 3767
3774 4149
3783 4915
3787 4435
3309 3794
1933 3802
3807 3817
2874 3820
3828 4978
1425 3834
1908 3840
2356 3848
3855 3946
23 3856
2736 3874
3898 4079
3903 4954
3113 3906
1924 3926
1316 3929
2831 3933
3939 4419
3168 3951
3956 4141
3965 4132
1813 3968
712 3995
3996 4075
3999 4961
3907 4014
1577 4019
3604 4024
3510 4026
4039 4164
760 4050
2429 4061
3139 4067
416 4076
3657 4087
1055 4110
4111 4426
3032 4130
4133 4402
4135 4756
4054 4138
2440 4139
1105 4152
3560 4161
4180 4795
4171 4181
4195 4851
1836 4199
4205 4450
4068 4212
4213 4223
478 4239
4262 4800
2594 4270
2818 4272
2896 4290
4291 4511
4297 4444
3889 4335
4346 4970
3940 4351
4354 4710
2836 4367
4154 4377
4352 4382
4384 4683
4154 4390
3409 4404
10 4482
4489 4993
3274 4501
1500 4508
1263 4537
1093 4541
4545 4836
4136 4583
4271 4584
3955 4596
1183 4598
1206 4602
2499 4606
3663 4614
2459 4616
854 4623
4628 4966
496 4629
226 4645
3949 4650
3175 4652
3675 4656
4619 4661
3534 4666
389 4672
2443 4676
4681 4682
4589 4702
1582 4706
2358 4715
3609 4729
1632 4739
3058 4740
4565 4744
4747 4907
4159 4749
4756 4764
3838 4776
1120 4804
4385 4831
4833 4974
499 4843
1843 4848
4657 4857
2539 4869
4394 4870
2447 4876
3416 4877
3236 4886
1123 4891
2405 4896
4943 4961
2845 4958
4405 4960
1508 4968
4970 4973
4069 4991
4955 4997
0 4365
3 2996
4 4292
8 2404
25 1780
29 3824
48 2491
50 4736
72 3887
84 4927
87 4187
102 4147
103 2777
117 2890
124 4889
134 2661
145 2016
155 4156
196 2184
200 4246
213 3466
237 3656
246 4786
250 4766
252 3862
259 1077
335 4233
337 4228
339 4210
357 3569
361 2517
366 3538
367 4780
369 3796
371 4677
384 2658
393 3632
406 4717
407 1737
181 445
453 4663
456 2510
458 2399
464 4856
501 4762
503 2780
513 4924
524 4413
570 4145
575 4662
583 3007
587 1220
612 4005
617 3958
618 2931
620 3859
629 3435
632 4819
640 692
641 4722
650 4554
653 3417
663 4188
683 4155
695 1746
722 4757
728 4347
729 4386
740 4394
761 4708
764 4889
667 773
699 776
789 4511
798 4906
801 4446
802 4988
820 4756
827 999
830 4793
841 3443
865 4980
872 4892
873 4613
879 3870
896 4957
909 4376
910 3500
914 4932
924 3444
932 2749
960 4095
975 3671
991 3976
1004 3191
1007 3586
1008 3859
1020 4825
1023 4277
1025 2709
1037 4113
1053 1229
1083 4942
1103 4995
1132 4560
1142 2932
1155 1367
1162 2798
1169 4824
1173 4540
1176 4383
1182 1213
1187 1909
1194 1998
1201 3931
1214 4148
1217 3514
1231 4905
1234 3055
1264 1557
1266 4313
1271 4017
1273 3732
1277 3387
1289 3011
1296 4940
1306 3241
1315 4957
1322 3988
878 1343
1351 4517
1354 4149
1360 4288
1384 4062
1419 2388
1420 1422
1430 4347
1439 4861
1441 2076
1442 4358
814 1458
1466 3422
1482 4632
1492 1981
1493 4860
1497 3989
1509 4345
1530 2805
1538 3494
1569 4479
1573 4671
1575 3785
1581 3916
1605 4108
961 1650
1653 4994
1655 4536
1313 1679
1686 2457
1696 4945
1719 4689
1722 4589
1749 4686
1787 3879
1802 1809
1818 2201
1823 4800
1825 4946
1830 4808
1831 4478
1590 1833
1838 2310
1857 4790
1863 4897
1400 1864
1868 4020
1879 4197
1890 4772
1894 2947
1676 1899
1958 4873
1963 2772
1967 3338
1969 3782
1970 4669
2021 2606
2025 4889
2026 3126
2040 4413
2061 4085
2086 4523
2087 4647
2098 4913
2105 3263
2110 4813
2113 2116
2132 3746
2141 3771
2155 4011
173 2174
2182 4951
1952 2188
222 2199
2216 4648
2222 3068
2240 4621
2267 4566
2270 3705
2279 4225
2294 3358
2322 2329
2328 4787
1708 2331
2334 4850
2364 2871
2372 4974
2393 2795
2401 4858
2425 4835
2428 4603
2436 3471
2438 4158
2444 3238
2450 4313
2456 3250
2467 4908
2480 4965
2484 4890
2487 4664
2490 4216
2501 3716
2503 4888
1585 2546
2559 4970
2577 4987
2581 2596
2610 4952
2619 4104
2622 2626
2630 4763
2638 3876
2641 3986
2281 2642
2667 3603
2698 4788
2729 4312
2734 4484
2740 4787
2747 4405
2761 4678
2764 4924
2768 4921
1270 2773
2782 3433
2787 4592
2792 4820
2826 3813
2838 3520
2839 2841
2836 2842
2846 4185
2859 4432
2860 4990
2531 2873
2897 4826
2917 4930
2924 4046
2613 2940
2519 2942
2956 3400
2958 4633
2494 2989
3003 4273
3004 4972
2684 3008
3016 3563
3020 3863
1923 3021
3036 4746
1071 3039
2470 3040
3057 4688
1086 3069
3071 4374
3085 4571
3094 4724
1394 3153
3155 4071
3167 4196
3169 4692
3177 3645
3178 4976
3179 4296
3182 4044
3187 3388
3200 4790
2614 3221
1116 3227
3234 4957
3247 4921
3248 3333
3271 4936
3272 4736
3278 3671
2625 3290
3306 3377
855 3323
3096 3340
3341 3535
3343 3501
3354 3606
3362 4854
3366 3901
1777 3367
3372 4475
2781 3379
3076 3385
3386 4983
3408 3478
3430 4308
115 3450
3455 4964
3458 4811
3460 3564
3470 4612
2265 3479
3359 3486
2012 3503
2998 3506
3513 4439
3519 4970
3531 3867
3544 4827
574 3553
3571 4451
3583 4696
3213 3599
3658 4562
3660 4841
3665 3805
105 3672
3680 4827
3685 3686
3689 4791
816 3698
2709 3700
3445 3706
3707 4827
3712 4858
3714 3873
3717 4884
3720 4113
3731 4928
3260 3738
3741 4846
1619 3751
3774 3957
3783 4686
3636 3787
3195 3794
2543 3802
3817 4611
3820 3997
3828 4276
209 3834
3840 4494
3848 4773
3855 4895
3476 3856
3874 4674
3898 4363
1665 3903
1101 3906
3926 4169
3929 3935
3933 4717
3939 4839
3951 4711
3956 4887
3965 4619
253 3968
3995 4774
3876 3996
3670 3999
3957 4014
3616 4019
4024 4918
2219 4026
2911 4039
4050 4982
4061 4842
4067 4068
2016 4076
4087 4827
1507 4110
4111 4386
2887 4130
3320 4133
4135 4494
4138 4950
4139 4424
202 4152
3759 4161
634 4180
4181 4956
4195 4631
4069 4199
4205 4213
348 4212
3881 4223
4233 4239
3045 4262
4270 4345
2194 4272
4290 4317
4291 4684
3622 4297
4335 4961
3772 4346
3293 4351
3847 4354
4367 4434
4377 4789
1893 4382
32 4384
4390 4511
638 4404
4475 4482
3419 4489
4501 4844
1131 4508
4537 4556
3345 4541
3089 4545
3215 4583
4584 4875
3463 4596
4598 4659
4602 4637
154 4606
3924 4614
4609 4616
2163 4623
4628 4963
4629 4969
4645 4691
4650 4717
4652 4908
4036 4656
3084 4661
3676 4666
2118 4672
3391 4676
424 4681
4665 4702
4706 4714
2433 4715
1444 4729
2376 4739
1919 4740
4744 4908
4747 4980
3891 4749
85 4764
4699 4776
3769 4804
4831 4834
4767 4833
2893 4843
1646 4848
4611 4857
4052 4869
4870 4885
3391 4876
1622 4877
481 4886
4853 4891
4896 4979
4943 4954
1071 4958
4811 4960
4956 4968
4101 4973
4991 4996
4728 4997
4 3803
25 4819
29 2735
48 4386
50 1855
145 4990
196 4925
200 3463
252 4371
259 4694
339 4667
357 3966
367 3655
371 3028
393 4867
407 2350
458 1141
503 3154
513 4664
524 4323
575 4788
632 3718
650 4665
683 3793
728 4474
764 4871
776 3744
789 3743
798 4379
801 3438
802 4033
820 4721
827 4945
830 4218
841 4194
865 4528
910 4932
960 4465
1004 4505
1020 3289
1037 4320
1053 4574
1103 3692
1132 3921
1142 4842
1169 3381
1182 4524
1187 4839
1201 4814
1214 4987
1217 4601
1231 3064
1264 4827
1266 4821
1289 2398
1306 4536
1322 4782
1351 4952
1354 4817
1422 4840
1430 4350
1442 3568
1466 2925
1497 3265
1569 4770
1573 4105
1575 4940
1605 4894
1653 4630
1655 4889
1679 4970
1749 4400
1787 3982
1825 4620
1830 4988
1838 4805
1863 3952
1890 3928
1963 2278
2021 4476
2025 4308
2026 4827
2061 3975
2098 4119
2105 4615
2116 4437
2141 4085
2155 4754
2174 4754
2182 4387
2188 4226
2199 4248
2222 4920
2240 2990
2294 3185
2328 3920
2334 4651
2372 4444
2401 2916
2444 3869
2450 3394
2456 4798
2467 4687
2484 4533
2559 4609
2577 4957
2596 4407
2610 3897
2619 3722
2638 2812
2641 3463
1783 2642
2667 4662
2698 4712
2729 4930
2734 3088
2740 2930
2747 3437
2764 4193
2782 4936
2787 4594
2792 4449
2826 4837
2838 4473
2839 3961
2846 4523
2860 4970
2873 4835
2897 4608
2917 4949
2924 4260
2940 4633
2942 3413
2850 2958
2989 4735
3003 4724
3004 4827
3008 3416
3016 4904
3036 4055
3039 3699
3040 3716
3069 4995
3071 4922
3085 4733
2533 3094
2700 3155
3167 4118
3169 3663
2440 3177
3178 4767
3179 3687
3187 4865
3221 3528
3234 4372
3247 3740
2427 3248
3271 4981
3272 4275
3278 4182
3290 4057
3306 4608
3340 4603
3341 3765
3343 4769
3354 4569
2863 3362
2102 3366
3367 4089
3379 4936
3385 4369
3386 4554
3408 4935
3316 3455
3458 4568
3460 4828
3479 3909
3486 4337
3503 4083
2629 3506
3513 4964
3519 3917
3531 4858
3544 4323
3553 3838
3583 4768
2486 3599
3658 3777
2750 3660
3665 4875
3680 4913
3685 4799
3689 4837
3698 4866
3706 4816
2861 3707
3714 4821
1617 3717
3720 4837
3731 3747
2316 3738
2540 3741
3416 3751
3774 4761
3783 4789
3787 4733
3794 4754
3802 4966
3820 4388
2661 3828
3834 4889
3840 4791
3848 4782
2498 3855
3856 4711
3874 4835
3898 4187
3903 4916
3414 3906
3926 4529
3929 4893
3933 4471
3939 4944
3951 3959
3956 4409
3965 4701
3968 4155
3239 3995
3996 4361
3999 4380
4014 4823
4019 4699
55 4024
4026 4475
4039 4179
4050 4358
4061 4824
3478 4067
963 4076
4087 4095
4128 4130
4121 4133
3644 4135
4138 4552
534 4139
4152 4967
3967 4161
4180 4902
2952 4181
3745 4195
2680 4199
4205 4853
4212 4875
4223 4817
4164 4239
4262 4717
2327 4270
4272 4897
4290 4648
4291 4455
4287 4297
3818 4335
4219 4346
4351 4889
4354 4863
3528 4367
3010 4377
3958 4382
3668 4384
4390 4920
3750 4404
4472 4482
4489 4854
3674 4501
886 4508
2829 4537
3974 4541
4545 4731
4583 4926
3992 4584
3529 4596
4255 4598
4190 4602
4401 4606
4387 4614
4610 4616
4623 4988
4319 4628
4629 4642
4645 4945
529 4650
4615 4652
4656 4992
1640 4661
4666 4970
4642 4672
4675 4676
4681 4911
3053 4702
4480 4706
425 4715
4198 4729
883 4739
4740 4970
3809 4744
4747 4930
4373 4749
3644 4764
4776 4841
4804 4942
2970 4831
4833 4841
4832 4843
1102 4848
4826 4857
4869 4935
4870 4879
1421 4876
4877 4881
4886 4983
4631 4891
4497 4896
4658 4943
3696 4958
4807 4960
4968 4970
4933 4973
4970 4991
4971 4997
25 4983
513 4907
632 4386
827 4759
960 2777
1103 4970
1169 3841
1201 4901
1214 4819
1217 4788
1264 4653
1573 4403
1653 4360
1863 4636
1890 4962
2025 4520
2026 3676
2188 4999
264 2199
2372 4970
2401 4453
2450 4452
2467 4534
1906 2596
2638 4620
2667 3892
2734 4689
2740 4880
2747 3569
2764 4296
2782 4873
2826 4730
2958 4625
3003 4447
3040 4964
3071 4166
3085 4829
3155 4366
3177 4670
3178 4576
3221 4090
3247 4882
3278 4682
3340 4693
3343 4229
3385 4875
2125 3408
3460 3627
3486 4811
3503 4201
3513 4827
3531 4955
1542 3660
3665 4449
3680 4326
3689 4909
3698 4939
3717 4642
3738 4637
3741 4599
3774 4314
3787 3843
3794 4777
3828 4211
3834 4449
3829 3848
3898 4526
3903 4801
3933 4798
3956 4381
3968 4761
3995 4500
3301 3999
2852 4014
2230 4019
4024 4496
4026 4904
2947 4039
4050 4663
4076 4566
4124 4130
4135 4842
2981 4138
4139 4800
4161 4164
4180 4327
4199 4941
4205 4873
4212 4336
4239 4839
4262 4284
379 4270
4272 4948
4290 4984
3843 4291
2433 4297
4335 4827
4346 4933
4354 4366
4367 4754
4370 4377
3973 4382
3873 4390
4404 4504
4278 4501
4508 4933
4545 4889
4089 4583
4584 4797
4598 4999
3917 4602
2244 4606
3918 4614
4480 4616
4623 4878
4259 4629
4414 4645
3839 4650
3983 4652
4656 4662
3936 4661
4666 4755
4672 4721
4670 4676
4702 4889
4153 4706
4715 4728
4387 4729
3927 4739
4710 4740
4366 4744
4701 4747
889 4749
4358 4776
3800 4804
4529 4831
4833 4839
1906 4843
4315 4848
2482 4857
4664 4869
4079 4877
4846 4886
4891 4972
3140 4896
4889 4943
4499 4958
3349 4960
4451 4968
4339 4973
2829 4991
4201 4997
2747 4670
3003 4851
3155 4506
3385 4771
3486 4880
3236 3503
3689 4359
3738 4691
3741 4893
3787 3814
3794 4823
3933 4266
3995 4902
4050 4909
4270 4796
4290 4976
4291 4920
3582 4583
4629 4651
4645 4881
4007 4652
4656 4975
4666 4802
4706 4786
4171 4715
4613 4749
4804 4889
4831 4927
4833 4936
4415 4848
4943 4951
4892 4960
4970 4997
4074 4290
4645 4709
