1605 4297
3526 4327
1494 4760
2081 4953
3200 3834
4478 4736
4249 4953
4016 4151
395 3005
1818 4482
1858 4205
3 4508
4625 4633
3490 3727
3580 3628
2944 4285
4633 4803
2123 4976
2765 3276
1282 4006
220 4702
1143 4447
2257 4647
3322 4788
3682 3912
3717 4205
4408 4612
1888 4145
3657 4010
1446 4482
2036 4073
2660 4323
3030 3455
3240 4622
910 4351
1840 3653
3743 3879
2608 4862
4129 4622
500 3339
1001 2652
1296 2652
2171 4304
840 4914
1869 4232
3044 3459
3061 3397
3838 4016
1 4736
3725 4916
1521 1903
879 909
1879 3525
3368 4183
2810 3418
2831 4985
2936 2939
980 1867
605 2731
3061 4323
1751 4117
940 4414
1681 3596
2774 3878
2764 4764
40 3525
2602 4508
1853 4496
1584 4748
1853 3931
1449 4621
1251 4578
1143 4293
3140 4295
3302 4016
1475 4621
1343 3856
1561 4953
3504 3836
73 4779
2525 4183
2698 4788
1273 4239
3752 4806
3915 3980
2239 2785
2447 4876
4408 4916
325 4836
505 2545
4292 4914
21 4412
3677 4319
117 4541
1219 4651
2478 4056
2993 3682
1474 2765
1299 4633
1584 4985
328 4806
2502 3194
2330 4819
2257 4625
1976 3743
3895 4836
3455 4139
778 4709
2972 3780
3921 4518
2257 4073
3937 4408
3960 4743
755 2247
3760 4862
2572 4792
2075 4976
2006 4292
3736 3822
2006 4914
1912 2007
4500 4914
3849 4408
3760 4408
3760 4941
3815 4232
3171 3877
2835 3743
2831 3446
2572 4436
3603 4361
3839 4701
1420 4941
2461 4478
2533 4998
1500 4956
4496 4649
4467 4709
3834 3903
2175 3446
2022 4183
3581 4323
64 3657
886 3644
2721 3677
3717 4482
4151 4376
565 4339
3427 4760
2693 3593
2965 4340
2161 4083
2545 4979
870 1992
2247 3311
1774 2878
896 1497
3140 4979
3563 4322
1474 4862
4861 4862
1108 3563
1142 3817
1940 4999
3194 3710
2764 2942
3978 4347
3520 4836
32 3209
2878 4307
980 3311
4228 4279
1667 3044
2576 4402
2972 3032
1397 3541
269 4344
2936 4923
1948 4956
3657 4470
3876 4686
2663 4370
2944 3303
3073 3656
4295 4709
3517 4953
1343 4843
578 4637
3682 4252
2938 3642
3053 4238
1299 4647
3822 3838
786 3857
880 4279
3337 4412
648 4691
444 2676
3240 3656
3752 4391
1474 2520
4480 4616
2252 2646
2930 4906
3743 4518
3 4291
3677 4360
1279 2825
3642 4736
2958 4633
745 4291
2011 4249
2281 4803
4193 4804
2502 4286
4633 4998
4145 4953
3240 3942
117 4583
1533 4806
3761 4361
2525 4307
1675 4392
3656 4129
1579 1667
2182 2270
1287 2660
3276 4370
361 4702
929 4326
915 4736
2069 4230
306 2699
318 2214
61 4433
500 4279
1666 2608
2831 2939
4238 4412
1140 2232
2447 4340
2715 3640
622 4985
2729 4616
2931 3524
2660 4238
3337 3624
3600 4322
3657 4503
3727 4906
3942 4193
4339 4826
2011 4651
3648 4105
2619 4482
775 1533
2394 4646
2930 4788
3925 4691
2021 4702
443 4088
2831 4917
1397 3746
3902 4503
21 1192
2568 3455
4817 4862
826 4651
1640 4701
2316 2699
629 4843
4290 4291
2994 4392
2117 4956
2315 4985
1116 4985
1722 4876
2663 2742
359 4649
4583 4715
306 4621
1358 4906
54 4376
3189 3648
1216 4340
3533 3960
689 2400
4625 4736
4814 4902
2742 4612
430 4698
3339 3649
3902 4618
61 4709
981 4788
2232 4412
197 4678
2175 3461
4326 4447
94 4168
3856 4482
27 4522
4279 4410
3869 4953
1940 3760
1591 2931
2568 4649
510 4412
565 3849
2168 4760
3540 4327
4286 4779
4326 4724
1205 2763
3677 3876
1377 2081
2980 4414
2822 3822
4414 4449
4433 4691
2715 4340
3339 4228
1287 2936
1903 4522
819 4293
1082 4447
32 4806
4480 4935
3081 4779
1655 4943
1142 4715
2736 4979
2721 4651
2097 3921
3879 4503
4297 4583
3238 4467
2831 4923
3367 4291
3799 4080
3872 4090
4804 4943
338 4935
3898 4351
4304 4436
3172 4917
1602 4920
880 4307
911 3621
3137 3872
2736 4295
4826 4857
2170 4920
3455 4616
2831 4279
3238 4232
1287 4033
4048 4356
3980 4326
1853 2731
3461 4285
306 2048
3005 4764
3250 4736
3504 4752
2993 4871
3626 4391
3915 4293
4205 4804
1777 4862
4088 4292
549 4601
932 3898
1230 3596
4033 4805
2652 3200
2281 2642
3895 4347
3506 3658
2219 2385
1119 3624
3302 4935
3942 4274
4179 4956
2564 2693
4503 4618
78 4583
2299 3980
2646 4976
3032 4612
2447 4637
3223 4917
3723 4056
1579 1990
2295 4370
4204 4309
1808 4006
2721 3925
1497 4139
47 1598
430 2994
570 4541
3710 4701
3677 4651
3030 4743
43 2709
1753 2831
2765 3648
4637 4976
2126 4779
3053 4033
1388 4621
3194 3644
3172 4923
2786 4503
3890 4999
2025 4702
4347 4836
1990 3446
2170 4016
2351 4339
2698 3817
786 4192
4433 4678
1803 4779
2847 4979
1992 4277
1840 3489
4779 4826
181 3135
3817 4715
3838 4292
1001 3960
811 4601
797 3525
840 4984
71 4033
1655 3665
3061 4412
2048 4088
186 4412
1867 4003
613 4339
3030 3987
3073 4274
47 4861
2663 3621
4536 4984
361 4223
4503 4518
1883 3489
2502 4779
3727 3764
2485 4503
2587 4979
1602 4449
1968 4956
3263 4698
2170 4292
4351 4857
4279 4923
1905 4496
3368 4923
1446 3492
2215 4323
1841 4956
3876 4179
922 3648
142 4204
1337 4621
3723 4698
570 4715
3600 4117
4361 4612
4292 4984
3756 4309
1189 4804
3849 4480
4249 4651
3575 4412
2345 4917
2330 4637
2556 3895
1025 2958
1734 4192
3380 4414
2717 3980
2564 4760
570 4583
1263 3653
3523 4228
2717 4293
1446 1477
1753 4279
78 4715
3898 4024
1271 2270
1299 4998
2841 4979
3658 4239
2866 4326
1807 4168
209 4633
1420 4862
2315 4923
2496 3839
3053 4286
3062 3494
2450 4702
3527 3653
3879 4618
4016 4920
1621 4953
3656 4622
811 4356
1205 3610
2257 4998
1116 4906
3171 4724
3570 4612
142 4326
1271 2025
1702 2036
808 4179
2021 4943
3250 4998
3303 4752
3494 4056
2774 4518
3200 4804
2993 4621
4232 4979
3349 4914
3480 4724
1940 4941
3849 4935
2214 4274
3980 4724
3764 4470
3965 4701
4230 4647
325 1990
1976 4006
2007 3490
3626 4633
492 2866
801 4616
3243 4474
2123 4340
2564 3427
3657 4408
1575 3965
4435 4522
651 3878
3915 4326
4649 4935
4536 4819
565 4826
3322 3764
3321 3492
3137 4343
1909 4956
3723 3746
2847 4748
2993 4322
3492 4077
4006 4601
3494 4376
547 4285
940 1808
3903 4857
4410 4906
3817 4019
4634 4743
1818 4876
2608 4999
4578 4836
1883 2784
777 4033
4554 4906
3570 4408
2693 4248
2542 4646
3446 4814
4748 4979
3937 4999
1683 4343
1994 4285
653 4351
3092 4402
4277 4817
3263 4806
3077 3135
3523 4985
1205 3072
2938 4641
3276 3648
45 3321
3879 4518
1879 3965
2478 4914
4006 4449
4625 4647
3672 4024
2252 4702
1187 3738
3397 4412
500 4923
4724 4976
1515 4976
1976 4862
4410 4917
1009 4083
4467 4979
3653 4678
4914 4920
2736 4232
4274 4622
910 4943
1192 4412
4230 4625
3838 4914
4252 4646
4917 4985
445 4764
3955 4252
1584 2628
2519 4764
2216 3840
3427 4449
4435 4814
1273 4205
4327 4862
2994 4806
3092 3209
1070 2048
2478 4917
2351 4649
3053 4702
3754 4724
4048 4953
1638 3077
2729 3367
3760 4999
388 4979
682 3980
419 4979
3061 4805
2572 4304
3625 4805
2081 4651
3368 4410
3238 4709
1062 4979
1742 3710
2698 4295
3603 4935
280 4752
181 445
4151 4500
922 1669
241 3459
1449 3185
2938 4998
3931 4649
4080 4999
745 3367
3492 4637
4361 4649
2972 4803
4309 4392
2993 4117
2774 3879
3494 4984
1299 4736
1803 3736
197 4508
2620 4391
1655 4536
878 4808
4446 4979
578 4819
2006 4920
2007 4010
3644 3710
598 4748
2420 3746
4191 4622
270 4792
328 4436
2450 3834
3780 4941
4056 4984
3524 4985
4641 4819
2993 3600
4223 4702
719 1521
3872 4033
3799 4862
1358 4554
844 4814
1696 4239
4309 4347
2705 4286
3418 4003
1515 4637
4228 4410
4285 4876
4248 4760
26 75
487 4976
2784 3337
3222 3723
1777 4080
2281 3032
3493 3895
3642 4307
2774 3902
4151 4292
3167 4139
639 4701
1189 4842
485 4906
3024 4414
2880 4760
629 4482
981 3746
1696 4205
2445 4090
3895 4578
1883 4935
2442 4408
1495 4117
3238 4290
3849 4817
2345 3524
3322 4010
3575 4033
4024 4857
4408 4941
3723 3865
2936 4917
2219 4819
2698 4297
1343 4764
4006 4402
2461 4914
3368 4279
3240 4748
2429 4649
1282 4414
2021 2450
4743 4920
2771 4248
2627 4274
703 4343
1681 2810
1939 4736
3580 3642
4083 4618
4412 4678
2822 3525
1602 4743
2873 3856
3249 4691
2972 4817
4361 4480
4292 4307
209 4736
1774 4601
1305 3879
3706 4223
3978 4344
777 4805
3752 4646
1628 4678
3849 4826
819 4447
915 4073
3669 4826
695 4351
753 4361
1448 3575
2692 3955
2771 4861
3672 3965
4339 4361
3492 4976
2316 4293
1134 4748
1449 2315
2036 4998
931 4998
2627 4622
2903 4004
2576 4006
3822 3839
3533 4984
3321 3640
3044 4814
836 4803
3144 3815
893 4356
2965 3949
2542 4701
754 4503
1282 3024
629 4500
3397 4191
2239 4168
225 4633
3931 4826
653 4857
430 4792
2252 3640
4691 4709
73 4701
2232 3053
3267 4956
1287 4906
1093 4470
4238 4323
1271 2182
2226 4917
3524 3937
1777 4817
4410 4857
1858 4764
4056 4743
2810 4634
3144 4748
3489 4634
2226 4228
1254 3925
1621 3876
2931 4985
18 4105
3081 3839
976 2097
1254 3876
3493 4836
1080 4392
505 4446
2445 4343
1465 4228
2146 4446
445 4876
3527 4478
1575 4223
2519 4876
896 4291
1023 4277
2342 3761
4019 4715
4474 4760
2299 4724
4408 4817
2252 3321
4033 4238
2161 2786
1191 1488
1420 2897
2420 2629
4976 4985
1903 4814
1337 4252
2659 4376
3761 3877
1745 2835
4077 4536
3822 4286
3237 3761
3322 3490
2587 3815
3815 4446
4090 4478
73 4862
880 4917
3321 4641
3743 4503
3857 4474
226 4645
2349 4842
2572 3752
1667 4376
177 4293
1909 3925
2931 4307
986 4090
487 2252
3669 3931
2771 4474
3912 4139
3526 3838
4295 4691
1777 4803
819 4204
2596 4876
1374 4805
2525 4985
3081 3736
3267 4145
4307 4788
1841 4145
1938 3092
836 3360
2699 4621
3756 4347
910 4702
503 4764
2642 3672
1119 3621
3817 4067
2765 3621
931 2942
767 2993
1840 4343
4788 4906
4803 4916
523 4814
1001 4274
3367 4139
2771 3489
1598 4935
2270 4024
3743 4618
2930 4010
3978 4252
1742 3644
3222 3865
3303 4814
1994 4902
3570 4817
2822 3710
2965 3492
1669 4105
2709 3418
3005 4168
318 1326
3140 4467
3540 4803
2717 4724
745 4508
1575 4857
1840 3872
1119 4183
2485 3878
2698 4541
2520 3648
2629 4168
4024 4351
3526 3987
719 3446
662 4088
1566 3541
2786 3743
3524 4923
1807 2785
2007 4788
3879 4083
1185 4435
1591 4917
2903 4309
3072 3312
4151 4634
3459 4752
4612 4803
2345 2931
4304 4792
754 4618
505 4691
570 3817
2930 3322
4344 4836
2692 2935
981 4010
1696 2121
2444 4343
2652 4857
4151 4920
1374 4678
2698 4715
1488 4618
2835 4083
1970 4482
2316 3738
2533 4391
1702 4736
2394 4578
1299 4792
1397 2239
3706 4702
1140 4819
359 3761
3780 4803
3360 4803
3915 4204
2204 4678
43 1937
3570 4803
1566 2848
3137 4985
3760 4554
430 3865
3764 4788
2847 4433
1219 3240
2533 4633
2944 4752
3640 4077
513 4583
1230 4003
1818 3856
251 3267
2445 3872
3931 4480
2619 4239
3517 4351
1671 4248
1282 3380
3517 3925
3044 4752
4286 4701
1374 1628
1696 4843
2132 4508
546 2627
3625 4862
1116 4410
1477 4641
1903 4435
3240 4646
4616 4645
4179 4360
54 4500
87 4019
911 2070
2075 4340
2434 4496
540 4779
3506 4876
3878 4518
2630 4508
1420 4999
219 1977
1629 4340
1912 2276
2619 4205
419 2847
2873 4583
71 4805
1191 2608
2587 4433
2699 4117
1515 3640
1475 4871
2847 4446
1494 4842
1667 4814
2938 3250
2764 4482
1566 2785
4634 4920
15 4248
896 3738
2107 4347
689 1607
2786 4412
3725 4408
3640 4976
2206 4861
3865 4698
4067 4297
970 2715
2321 4470
1780 4819
1783 4347
2659 4743
648 4709
2183 4616
3581 4678
359 4826
3504 4322
3727 4554
1187 2729
631 3727
2442 4916
1108 3912
3838 3987
2519 4902
1416 4601
4004 4646
43 3550
64 4788
797 4286
2442 4999
3110 4861
2587 4295
3575 4238
3876 4953
3053 3581
4861 4984
3563 4117
1361 1840
3949 3978
1225 4601
1515 4819
1783 4004
1023 4541
2786 4518
3311 4003
2958 4647
26 2825
419 3144
1082 4293
1671 4842
124 3840
523 1903
1768 4806
2736 4467
1403 4956
1093 4541
2935 4621
226 4090
1271 3187
2155 4583
801 4291
2070 2295
927 4743
181 3072
3137 4090
1282 3624
844 4985
1608 4500
226 4343
3032 4803
4010 4788
177 4204
419 3238
3517 4249
1337 3459
3302 4826
590 4808
2873 3817
2461 3527
4340 4724
1780 4641
2232 4805
3942 4191
3600 4252
4522 4902
3144 4691
3915 4724
3092 4006
3624 4370
3625 4817
922 2125
1675 2214
220 4351
3249 4232
503 3856
4343 4478
3955 3965
1420 3725
4080 4612
4496 4808
1888 4876
1867 4088
2938 4647
3642 4998
1970 3658
2652 4645
3194 3822
755 4752
1811 3857
2155 3817
3754 3980
120 4836
2980 4601
3533 4914
2659 3526
3137 3869
3154 3925
357 2942
1994 2175
226 3869
280 3955
3570 4290
1219 1888
2139 4792
3942 4129
2066 2318
3135 3312
792 4814
3665 3669
2939 3524
3526 3960
2835 4503
1783 3949
1448 4805
1817 4361
2036 4625
361 3200
3504 4779
4057 4304
2903 3978
3032 4817
979 4647
290 3754
4232 4446
2747 3658
4344 4622
2685 4814
886 4508
4223 4414
1337 4752
3857 4861
3937 4817
1666 4522
3876 4048
3849 4976
1230 3311
3520 3626
2897 4876
2252 4976
2763 3320
4290 4984
3682 4871
836 4999
3484 3838
1521 4522
662 4826
2692 2993
45 1477
4307 4923
4402 4752
1185 4902
2385 2646
2790 3320
3267 3581
3459 4541
1663 4701
3526 4914
191 4612
2935 3836
1005 4016
878 4806
3869 3872
2671 3878
1629 4077
3955 4736
2299 4447
47 4622
1306 3731
2545 4709
917 4826
3367 3738
3987 4327
3563 3836
2411 4803
3053 4805
2123 4641
3912 4871
1883 3849
3955 4117
976 3921
3408 4715
269 4578
2434 3603
4691 4979
2200 4518
3303 4902
1977 4083
980 2880
2630 4291
3960 4151
3427 4861
1909 4145
1584 4307
1707 3890
4080 4817
280 3912
361 4943
3263 4304
1867 3418
3752 4808
2903 3872
2629 3541
3200 3903
4920 4984
3167 4291
3839 4003
1521 4814
197 4616
3890 4279
4806 4808
280 4871
3525 4779
2533 4230
578 2123
3960 4634
130 3489
1216 3303
1009 2786
1640 3839
2642 3706
3669 4649
1693 4322
4232 4467
2520 3276
4292 4376
1638 2276
252 4223
1579 3044
124 4943
4500 4743
2822 3736
695 3898
1655 3834
2841 4322
3760 4943
3925 4048
32 3752
338 2731
3580 4230
4057 4808
3030 3838
1607 4003
651 4618
976 3077
2935 3600
325 4902
1929 2965
3154 4984
910 2450
1304 4304
2935 4322
1325 4678
4003 4392
3493 4309
881 4048
1638 3921
2747 4482
4016 4376
3484 4536
1125 4446
3030 4056
1740 4410
2295 2742
3628 4647
3799 3895
2747 3856
3980 4293
3540 4999
3140 4748
3367 3455
1951 4985
1808 4601
438 1948
444 4410
4651 4953
1742 4701
2822 3731
844 4923
2226 4923
878 2171
801 4645
1768 3337
15 4861
3369 4701
2894 4192
4191 4748
981 2930
4277 4408
2021 3903
2125 2295
2642 4943
2602 3600
3890 4408
4327 4376
3053 3525
3877 4339
631 4788
298 3960
910 1083
2485 4518
932 4351
2107 4578
470 2485
4327 4916
578 4976
395 4808
4192 4686
980 1675
1584 4183
3267 4360
3657 4906
1080 4003
1325 4647
3062 4914
4916 4999
3955 4621
3865 4917
1533 4804
3593 4248
3189 4370
4016 4743
494 4191
3062 4151
811 4414
4327 4634
2705 4701
1794 4862
3167 4645
1903 4223
4048 4482
1416 3380
328 3337
3817 4541
2107 4836
1858 4876
510 4805
3154 3987
1992 2790
197 220
2170 3987
2866 3915
1693 3185
2200 4083
4319 4651
3263 3752
4500 4503
4090 4826
3408 3817
1777 3360
3524 4228
225 4625
470 4518
3725 4862
2214 4748
3731 4843
1777 3780
2206 2349
1745 4618
3154 4376
2897 4843
1374 3575
1370 3135
648 4446
3621 3648
1134 4622
3799 3949
3780 3937
4764 4876
2627 4748
3658 4843
1475 2935
4048 4360
438 3504
2731 4826
1370 3921
3610 3857
4004 4344
3092 4356
359 4361
1888 4956
1304 4808
547 3459
1119 2663
1968 4447
1254 4651
546 3240
2652 3658
2006 4634
2629 3506
26 2239
976 1370
50 2642
169 4760
2351 3898
2226 4279
211 4319
4376 4743
3760 4612
4344 4347
3243 3593
3540 4916
2572 4806
1555 2126
2705 3839
3987 4920
4645 4691
4736 4998
2944 4522
3665 4857
879 2729
1869 4979
3799 4941
4016 4056
2717 4326
2182 4804
979 4073
3527 3872
3649 4923
4285 4618
3817 4297
2841 4295
2771 4760
3672 4804
3640 4536
494 2627
719 3044
2171 4808
4277 4625
2247 4392
4117 4621
1192 2232
2318 4048
1575 3898
1605 4715
1794 3849
1808 4414
3397 4805
1794 4916
1805 3653
927 4145
3665 4449
3925 4319
660 4105
3024 4474
2200 4503
130 4482
4179 4953
3624 4347
2496 4701
755 1867
4223 4351
252 4702
753 3849
1521 3303
2520 4080
1287 2931
1675 1751
3738 4645
877 4414
915 3520
4447 4724
1161 4979
3092 4601
3921 4252
2542 4391
1522 4612
1621 4360
3250 4625
2385 4482
1828 2810
3656 4191
3761 4094
4309 4836
2939 3339
3493 4347
50 4702
3672 4223
1986 4752
1224 2050
61 4467
2944 4536
2036 4736
2676 4010
1977 2485
3185 3504
2629 3746
75 998
2628 3339
927 4956
50 4736
736 4917
1205 1370
3657 4788
3656 4748
3550 4003
3593 4842
2742 4804
3369 4779
2765 4370
1666 3780
4646 4836
2411 4625
2699 3185
1140 3480
3024 3209
1522 4408
808 4651
1566 4168
3167 3738
4056 4634
2496 4779
1002 4410
3459 4285
1598 4274
3869 4090
1968 4145
3524 4906
4792 4808
1093 4554
2006 4984
2226 4985
2685 4285
3030 3960
3223 4285
1009 3902
4622 4748
4056 4920
811 4916
1841 4953
298 3062
546 4622
3408 4583
786 4842
2897 3506
2930 4554
3302 4649
328 4792
2351 2434
2972 4843
2994 4792
2663 2765
778 4691
75 3072
1834 4277
1 4998
3194 4779
719 4435
1326 4916
2944 3459
3073 4129
893 4402
2764 4193
1023 4297
931 3072
1140 4536
3110 3427
4204 4293
4279 4917
547 4435
19 4651
2646 4340
743 4480
703 3527
2715 3480
505 4709
290 3915
4743 4984
808 4319
590 4806
1125 4979
169 4861
186 4805
1134 3194
1768 4436
1734 4760
2313 3140
3644 3822
3731 4482
565 4935
4803 4805
3081 3194
3925 4953
4179 4319
1768 4792
1977 3902
2257 4230
631 4554
836 4612
3603 3761
3061 3581
2429 4480
1219 1909
1304 3865
2676 4554
219 4618
3815 4467
1494 1671
1002 3649
4077 4819
1805 4478
3640 4641
2903 4344
2276 3072
3540 3725
3222 4724
4033 4291
325 4522
54 4984
2660 4678
4522 4702
3077 3921
1696 2897
3349 4292
4088 4322
3024 3380
3024 4985
2659 4647
3154 4914
4232 4433
2060 2646
1325 4736
579 3077
4752 4871
878 1343
2097 2790
3533 4920
270 4057
3397 4238
1219 4319
1970 3506
395 4792
767 4117
1990 4285
4295 4748
736 1774
2944 4814
4067 4715
2692 4752
3669 3849
1326 4309
117 4715
209 3834
653 2270
887 4806
2576 4601
1062 4709
3799 4004
510 2572
2252 4641
2450 2764
2841 4446
3628 3642
226 4478
3754 4204
4223 4943
598 4622
4088 4621
1669 3189
2411 3890
186 4678
27 4285
2318 4956
1 1496
1397 2848
4764 4843
1448 4033
3912 4117
818 2810
2316 4088
651 4503
794 3240
2576 4449
1667 4435
238 3541
4029 4803
3302 3931
3427 4474
879 4645
2835 3902
4307 4917
4916 4941
523 4651
2630 4616
1702 4998
2729 4291
970 4019
3978 4646
4285 4522
2822 4286
2980 3024
3250 4647
494 4129
2442 3937
45 4819
2011 4360
2627 3024
1082 4204
1189 4861
4016 4999
2342 4649
2519 2942
1970 4876
2847 4179
4647 4998
2938 3580
3628 4998
912 4129
1834 4408
932 4857
2253 4402
2447 2504
2835 3725
339 3840
3135 3320
3360 4862
3656 4274
1937 4145
2520 4105
2810 3311
3570 4941
2036 4633
986 3137
2897 4764
2939 4307
3072 3921
4239 4764
1794 4941
191 4941
1994 4814
2504 4637
4297 4541
1358 4788
3171 3492
1224 3194
1287 4183
2705 3525
2663 3648
304 4554
1948 4048
3760 4803
2602 3955
2894 4760
1488 4503
2628 4410
2556 2676
64 4554
2447 4686
1082 4326
1598 4871
4290 4976
2502 3369
3222 4057
4625 4998
388 3877
1388 4871
3738 4637
2642 3898
3369 3710
211 3267
357 3872
598 3942
2445 3869
2627 4467
4474 4842
1108 2673
2556 4646
2790 3312
2070 3321
2894 3857
492 4641
3207 4238
3840 4633
1533 4073
3878 4618
2299 4326
1190 4343
1986 2316
2520 3189
1879 4857
3752 3865
1663 2822
2596 4764
50 4857
197 4139
2602 3504
19 4145
2878 4279
4057 4806
1388 3955
226 3523
2385 3321
3167 4290
1461 4806
142 4724
513 4541
3600 4621
510 4678
21 4238
3185 3955
3200 3706
979 4998
2345 3368
251 4249
4192 4760
4340 4641
4522 4979
1722 2897
2721 4956
3626 3642
598 4193
881 1403
117 2226
1343 3648
4151 4984
1465 4906
3925 4249
1337 3600
2894 4842
1009 4518
1615 2903
2980 4006
4290 4508
2576 4414
2007 4470
2349 3610
3092 4449
2139 4304
3570 4327
2602 4117
2215 3397
2125 4370
1082 3754
2608 4916
3061 4678
4077 4340
1734 4474
2081 4319
4205 4843
2629 2825
588 2351
4088 4871
1840 4478
4290 4616
1605 4583
605 1642
2168 4474
4239 4843
1702 4633
940 2321
2587 2763
2784 4842
4857 4943
2676 3727
3517 3876
241 4814
1667 3461
1905 3250
1807 4760
4702 4943
2247 4204
94 2825
220 2652
1817 4307
3207 4678
1522 4817
3427 4842
3710 4779
2006 4743
2349 4861
1948 2011
3878 4503
4223 4857
3238 4748
4029 4292
808 2117
4073 4647
1083 3840
2216 4857
3267 4953
3062 4920
3167 3367
3877 4496
1869 4709
1461 4808
2048 4871
2450 3965
1062 2146
40 4701
648 4433
3603 4480
1187 4645
1579 4752
1621 3865
1192 4323
2270 3898
2556 4344
1 4633
1023 4583
4339 4649
1009 4618
2394 3895
2183 4230
3073 4622
3312 4956
795 2247
1134 4129
4906 4923
4637 4686
2897 4205
1142 4842
3144 4709
2721 4319
3526 4467
629 4090
1561 4319
2693 3857
4339 4935
3418 4392
2478 4410
3418 3550
4297 4715
4351 4792
896 4616
695 4024
2747 4764
3137 4478
3872 4343
3541 4500
4474 4622
3237 3877
48 4297
3240 4193
3171 4641
3731 4876
4436 4806
1699 4861
3642 4647
4010 4470
840 4292
1707 4999
4073 4736
1777 3367
2081 4814
3754 4979
238 998
1477 4819
4033 4678
290 4204
3725 4861
3931 4361
2994 4436
21 2232
1628 4805
2903 4836
3754 4447
305 4819
2673 4646
2771 3593
4239 4876
4139 4645
1449 4322
3360 4999
298 4914
1003 4686
3250 4073
3427 3610
1615 3493
3761 3931
4470 4480
2572 4808
3658 4482
388 4935
3987 4914
4004 4391
2183 3642
3628 4621
2980 4402
1304 4698
2764 3717
3223 3523
2257 2938
3 3738
1722 4205
1940 4817
430 4808
3717 4764
4764 4819
3172 3517
2069 4633
2765 4033
3267 4857
2146 4979
2206 2880
980 2709
745 4616
48 4541
777 3062
2321 4788
2715 4077
2790 3135
1070 1388
4228 4923
54 4914
3154 3494
4057 4436
2972 4941
3187 3840
1370 2790
4649 4998
795 2400
2175 4902
4248 4861
3872 4634
3337 4436
3799 4618
1937 2400
3949 4836
338 4826
3237 4339
826 3876
3815 4433
4105 4370
1602 4376
2880 4861
1938 3380
305 1477
1608 4056
1001 4622
2206 4474
2295 3621
2994 3222
2747 4239
1834 4941
3743 4083
1461 3752
3369 3644
4145 4319
1325 4625
2810 4392
4621 4752
2315 4436
3110 4248
304 4788
505 4117
1189 4956
605 4698
3517 4048
1655 4857
2602 3682
3044 4522
629 4239
3949 4578
2171 4792
1457 3005
3949 4004
1666 4862
1655 2216
2121 4649
3725 3760
818 1607
3980 4447
2204 3207
1642 2646
2629 3005
2097 2276
2822 3369
2545 4691
2270 4943
887 3222
1683 4090
3937 4080
1834 4916
1446 4077
2619 2942
1486 4788
3657 4376
896 1640
2182 4943
3506 4843
3626 4073
3525 3710
3895 4004
2927 4503
3669 4480
4139 4616
736 4307
1774 2936
2994 4304
3682 4621
443 3185
1794 4803
4803 4817
2568 4826
3746 4145
3621 4105
4698 4792
797 4701
2576 2980
932 3044
1669 4370
2215 3207
3890 4817
2786 4618
3339 4279
1929 4976
1629 3480
2204 2215
3570 4916
1488 3879
487 3171
361 2496
3321 4976
3484 4292
4056 4914
298 4743
3754 4326
755 795
3570 4999
2107 3978
4056 4151
2831 3172
648 4902
1116 3738
1702 2938
3312 3320
4347 4578
2442 4649
4402 4414
2942 4876
2121 4480
18 2742
1486 4010
1602 3987
2253 4984
2429 4935
3746 4168
1119 1669
1642 4819
2717 4447
1457 3746
1968 3925
3171 4819
4019 4067
3540 4612
3822 4701
1976 4999
2934 4805
2934 4238
501 4139
1905 4826
3303 3446
3504 4088
3710 3890
186 4238
3876 4956
1807 4340
4923 4985
3005 3541
3550 4392
4906 4985
3154 4743
970 4536
1584 4923
3834 4223
3504 4117
653 3187
2652 3840
3380 4402
3895 4646
1879 4024
1495 3563
2742 3276
2204 4412
3987 4292
4953 4984
4277 4803
3506 3856
909 4508
754 4083
4230 4470
4360 4956
3764 4370
2878 4985
3575 4678
1001 3942
2155 4019
3167 3455
3580 4633
3250 3628
4482 4764
1598 4622
1374 4323
792 2022
3154 4920
3780 4612
3140 4433
682 4204
2671 3743
3869 4478
4724 4819
485 4470
487 4637
1358 3490
3669 4935
124 3672
1745 2927
2206 3610
4293 4447
743 4826
1745 3743
2036 3581
689 3596
2496 3369
2461 4953
579 4634
2903 4646
4391 4578
15 3638
3890 4941
4433 4979
1929 4641
3140 4691
3187 3965
3110 4842
887 4808
2299 4204
917 4094
1629 4976
2132 3856
4090 4343
2520 3621
304 3490
2316 3955
3822 4408
3311 4230
339 4857
598 4274
2660 2934
801 4508
3955 4322
4285 4814
2400 4392
4145 4817
2692 2699
4094 4902
778 3144
238 1279
3717 4843
2878 3523
169 1494
549 4402
2931 4228
648 4979
3949 4391
4792 4941
1494 4861
1774 4917
2315 4917
2596 4482
3682 4322
2784 4808
3879 4522
18 3540
1446 4976
4016 4914
1783 4836
219 4503
2021 4836
3575 4805
4192 4861
2972 4286
61 4979
3955 4871
3648 4370
177 3980
1080 3596
1628 3207
2533 3580
4080 4408
1751 2247
1497 4508
1805 3872
1976 4916
2764 4239
2321 4010
622 2628
2183 4998
2663 4902
2533 3250
797 4779
3738 4616
3760 4916
3965 4804
4290 4645
45 2965
1273 4764
540 4920
27 3872
1937 3311
1951 3339
2315 4906
3312 3921
3494 4743
3754 4293
87 4715
2676 3764
970 4819
3144 4446
1116 4923
4817 4941
3550 4953
3799 4999
3596 4003
3061 4238
1306 4536
3185 4871
4223 4804
1621 3677
3849 4361
3520 3628
2542 4347
1671 4819
2731 4480
3339 4410
1970 4764
120 3756
3110 3638
3455 4291
3493 4578
2318 4360
4191 4193
4412 4805
2342 4935
2693 4842
929 3980
3263 4808
1187 4616
94 3836
929 4293
2784 4806
2107 4004
2747 4843
3172 4985
3207 4805
3209 4414
4698 4806
3349 4500
2204 2660
3322 4470
3838 4151
3987 4984
2411 4916
2880 3593
3761 4496
2568 4496
4073 4230
3484 4920
2866 3980
3200 3898
3493 4646
1143 3915
40 4286
2385 4536
3764 4906
2204 4238
3626 4736
3349 4327
251 4956
801 4446
2619 4764
2873 4297
304 4010
4293 4326
2132 3455
4295 4941
1740 4985
492 1446
1699 2206
1805 4090
754 3879
2447 4641
3815 4979
881 4249
2219 4686
2556 3949
2351 4826
3368 4985
1461 4436
3520 3642
3706 3834
2627 4129
1807 2848
3490 4788
3490 4193
4006 4414
3207 4412
2841 4232
3856 4205
2025 4857
3580 4998
1722 3506
3638 4192
4309 4344
1397 2785
3243 3638
4480 4826
4698 4808
3144 4467
2060 3857
887 4698
940 2576
2239 3746
1794 4408
1929 3480
3172 3339
2214 4622
546 3942
388 4339
2132 3746
1361 3137
2659 3189
3725 4817
4232 4691
1869 3815
438 4871
2139 3723
1205 3312
2478 3523
2596 4843
2880 4033
1521 4435
870 2763
3756 3949
2171 2994
1496 4048
870 3135
2685 4522
4474 4861
3053 4678
4356 4601
2200 2786
2125 3624
470 3878
3706 4804
1251 4698
3523 4410
78 4541
3644 3736
2671 4503
2784 4698
3533 4376
4637 4724
1805 4976
3717 3731
4508 4616
2721 4360
1093 3727
2295 3648
893 4601
503 3154
1305 4503
682 4447
844 4917
980 3418
3752 4792
1905 2342
886 3736
1497 4645
1500 4508
4139 4508
695 3575
4248 4474
4743 4914
2253 4518
3764 4554
1325 4391
4094 4496
3625 4612
357 4764
4760 4779
4541 4583
4578 4646
2330 4641
4436 4792
2847 4691
338 3237
2420 2785
2182 3669
3738 4290
269 4252
1465 4923
3172 4183
3764 4645
3677 4953
3756 3978
3073 4193
1951 3649
3187 4223
3756 4578
4029 4743
4248 4999
3725 4803
2146 4232
2155 4067
2411 2429
4941 4999
1515 4724
1230 2400
4339 4480
18 3624
1783 4646
979 2069
1108 4621
1025 2709
2316 3682
1638 1992
1938 4601
3628 4736
438 2673
1 4625
1638 4277
2219 4637
2587 4691
613 3931
2685 3459
1811 4842
2342 3877
2965 4536
2659 4920
2785 3541
4304 4935
4145 4179
2168 4861
4252 4836
775 4698
2685 4435
4433 4709
4917 4923
4612 4817
2671 4618
3960 4292
877 4433
878 4698
1306 4843
419 4691
1669 2170
3480 4077
225 4736
2330 2790
1745 4518
1190 3869
870 1638
241 4522
4862 4916
2025 2652
2903 4578
3872 4478
2170 4914
2204 4805
3030 4500
2520 4370
2673 4871
3815 4748
1083 4943
4360 4651
3780 4817
2927 3743
1325 4998
3380 4006
777 2660
1001 4191
2247 4508
3171 4976
3320 4277
4073 4633
579 1912
1273 4843
388 4649
2315 3524
3237 4496
3490 3657
2576 3209
3492 4819
3480 4976
4192 4248
4376 4634
844 4191
579 2790
2444 3915
2866 4447
71 1448
2313 2841
1783 2642
3367 4616
4285 4902
3207 4323
4248 4862
2175 3303
3987 4743
1699 4842
1605 4019
4376 4920
1742 2126
1216 4478
3525 4701
1403 3677
2736 3238
48 4715
2873 4715
3865 4304
3902 4410
878 3397
1615 4578
1853 4094
2253 4601
40 4779
2542 4836
4029 4327
1751 3311
3222 4806
2894 3427
1083 4223
3761 4826
3172 3649
3523 4923
3640 4340
3822 4779
3677 4145
1905 2568
4752 4902
3878 3879
1740 4923
3360 3540
2429 4361
1263 4478
1615 4309
3925 4360
881 4319
1416 4414
3570 4080
1951 4279
2313 4433
3526 4984
3653 4478
1023 4715
2602 3912
19 4956
3110 3243
3644 4764
3263 4792
130 4876
3677 4249
78 4297
2630 3738
3752 4304
1663 1803
4228 4906
1853 4935
4467 4691
2784 3865
3838 4500
2318 4057
4094 4649
4435 4752
1461 1533
1496 4249
2774 4083
2742 4105
211 4953
1696 3856
2394 4836
4633 4736
2125 4105
909 3167
1161 4691
2318 3517
794 4274
1699 4760
3877 4649
909 4376
4817 4999
893 4414
2965 4641
61 4748
1494 3593
979 3628
1416 4006
4067 4583
3570 4862
3337 4057
252 3187
1449 4871
2123 4077
4470 4788
2936 4307
48 3408
3727 4470
651 3902
1555 4701
917 1883
2496 3822
2698 4019
94 3005
986 3653
2048 3504
1279 3746
1403 4319
1753 4917
3185 4752
492 1929
4151 4914
660 2765
4249 4701
1598 4129
1190 3527
910 3621
622 2878
940 4601
444 4470
3525 3736
2504 4819
3725 3890
2542 4309
1909 4651
3849 3877
3073 4191
927 4360
2139 4436
912 4191
3723 4808
2693 4748
40 4309
2121 3849
794 4191
3624 4105
2461 4343
3898 4702
304 4698
4319 4953
3942 4748
2568 3931
513 4715
1841 2011
2930 3764
4073 4998
501 2132
2442 4817
1994 4522
2420 3541
4010 4554
879 3455
306 3185
1080 1828
2066 3312
2519 3459
1495 3189
3339 4183
1740 2878
1883 4094
2132 4616
443 3912
4252 4322
1465 4279
3669 4339
71 4323
1598 3073
2545 4232
3840 4943
1093 1486
767 4621
879 4616
2630 4645
1977 4618
3367 4323
3610 4760
4010 4808
3135 4808
4408 4862
1707 4862
3207 4033
3520 4633
1216 4814
1640 4779
3723 3752
4295 4979
1666 4803
2619 4843
4482 4876
1615 4836
3799 4646
1828 2400
1628 3397
1977 3575
3937 4803
1488 3369
2200 3878
3649 4410
2627 4191
3857 4760
4292 4634
3110 4760
3937 4327
87 4583
1465 3223
1707 4080
2525 4923
682 4293
3249 4979
3337 4698
3062 4984
3580 4625
2717 3754
3461 4435
2930 4999
3081 4701
1683 2445
2444 3869
3360 4612
4004 4578
4024 4715
2442 4803
4760 4842
3603 4094
4088 4179
492 4686
3978 4004
241 4743
1938 2980
45 4976
2420 2848
4223 4817
2556 4578
3238 4724
1003 4340
18 4370
808 4956
880 4985
2253 4414
1970 4843
2226 3649
4819 4976
1326 4646
443 4871
3110 4279
120 4578
2411 4277
3610 4842
3135 4277
2216 4943
2321 3727
2219 4496
2075 4641
3240 4129
3658 3856
2784 4792
3446 4435
1142 4297
2628 4985
1591 3738
2132 4645
4702 4857
1681 1828
2121 4935
2429 4496
3723 4304
3834 4943
4322 4871
4056 4402
1937 2247
1446 1515
3987 4647
3311 3550
47 4129
2216 3187
270 4698
1377 4956
4323 4678
2671 4083
3580 4647
3756 3799
4449 4601
2660 4805
588 4826
251 3321
3965 4351
3658 4876
4327 4999
1976 4941
1579 4814
485 4923
2729 4645
753 4496
3780 4916
588 4649
1912 4277
826 4953
4508 4645
1608 4920
3490 4518
1296 4351
1699 2349
2825 3746
4083 4518
2050 4286
1912 3077
2542 4344
2081 4956
2316 4752
3455 4290
1377 1888
2276 3135
1858 2596
4249 4956
3596 4392
142 3915
2434 4935
3799 4836
2519 3717
2927 4618
4817 4916
3194 3839
3725 4999
3856 4239
2420 4168
3349 3494
2206 4248
1605 4067
1474 2663
639 4779
1500 4319
2930 4470
3044 3303
2564 3110
1817 3172
3640 3849
1161 3249
877 4467
2771 4842
2873 4067
4678 4805
3625 4999
4953 4956
4006 4356
2939 3649
4151 4496
2835 4518
2126 3710
269 4836
2602 4621
1937 2709
470 4618
73 4999
2485 4083
2721 4953
1734 4861
1457 1566
18 2692
909 4645
2070 3621
1642 4641
3638 4861
209 3642
1883 4361
1642 3171
4612 4862
1561 4956
3223 4985
2763 4976
3408 4935
3540 4080
4433 4467
2321 3657
4019 4541
1807 2420
792 4902
3053 3321
3506 4239
3677 4862
4004 4836
2155 4541
3238 4446
4633 4647
986 4478
896 4645
3321 4340
3760 3764
3925 4651
4843 4876
3311 3418
1441 4482
2394 4347
1005 4984
1119 4105
1834 4999
4344 4646
2444 3238
940 4402
2182 3672
736 2628
177 2299
328 4698
3024 4402
3780 4862
549 1225
2699 4871
1555 3081
1420 3937
3644 4286
27 4814
120 4391
1607 3418
3610 4474
590 4057
1579 4105
32 4792
818 1681
220 4943
2673 4088
1629 4686
3397 3575
1500 4953
2698 4067
2771 3243
2965 4819
4340 4976
4361 4814
4129 4748
3030 3062
1003 1608
3237 3302
3895 4252
1070 4077
2785 4168
1912 3320
4323 4412
695 4943
3369 3839
1607 4392
1555 4286
3898 4857
1805 3137
3494 4292
1251 4057
2671 3902
494 4274
4327 4920
4024 4943
3237 3603
3490 4554
3223 4410
4029 4920
3723 4792
660 4370
917 4935
1948 4953
4129 4191
3525 4286
3526 4292
976 2763
3563 4871
4183 4228
4686 4976
186 4033
1477 4976
1533 4808
786 4760
605 4724
3649 4183
4230 4736
689 4003
120 4183
1751 3596
818 4392
325 4285
2620 4998
4248 4842
1474 4105
3200 4943
4402 4601
1811 4474
811 3209
3738 4291
1189 4760
1780 4637
270 3980
2659 4914
2070 4370
2880 4842
54 1002
2935 3032
2121 4826
2873 4541
1561 3876
3077 3312
4145 4956
1326 4836
4024 4496
501 4616
631 3657
703 4090
2117 4179
395 4698
251 4145
1108 1449
2126 2496
3921 4277
2069 4998
3024 4601
3965 4857
2060 3427
4402 4449
795 2810
2066 4953
2841 4709
487 4077
3267 4651
4077 4976
1116 3368
4129 4274
2060 3903
2295 3189
886 1803
130 2478
1522 4916
2894 4861
1621 4179
755 4392
3223 3524
1937 3625
778 4433
1591 4906
2022 2525
3032 3890
4391 4998
3222 4698
3504 3912
588 3302
4139 4291
4541 4715
1522 4999
4307 4985
4291 4508
3877 4480
2935 4088
3838 4056
3459 4814
3550 4621
4193 4340
565 2351
3960 4029
3603 4496
4902 4906
2168 3610
3756 4344
4391 4836
2232 4323
2011 3267
2025 3706
4612 4999
1305 3902
2934 3575
4376 4914
2620 3626
4057 4792
1125 4295
3053 3397
4004 4347
3032 3780
1388 4804
1140 1929
2742 4370
4117 4752
2771 2880
2069 4647
3838 4376
639 1803
3030 4920
3053 4323
2434 3669
87 4541
1640 2496
1888 2066
3520 4647
2502 3710
3144 4979
64 4010
2525 3717
15 4474
1693 4871
792 4285
4019 4297
3625 4916
3682 4117
1939 4625
2021 4024
2485 3743
4029 4056
3580 4736
21 4678
2171 3263
1699 4474
2313 4979
2646 4641
3527 3869
2942 4205
3349 4984
3665 3706
510 4033
753 2568
4344 4391
3249 4295
4019 4583
2699 4322
3658 4205
998 2239
1883 4496
3593 4861
3533 4743
2897 4826
2671 2835
3408 4019
929 3915
792 4117
4179 4183
4842 4861
540 4984
26 3541
3494 4914
4205 4876
191 4999
1143 3754
1305 3743
2215 4678
911 3189
1134 3942
1977 3879
2183 4633
3490 4470
3312 4277
3898 3902
1667 4902
1734 2349
4183 4917
912 4622
639 4286
3223 4923
1230 4392
2866 4204
998 3005
3626 4647
2935 3563
1224 4779
2944 4435
219 3878
1282 4449
3799 4916
3520 4998
1189 3610
4804 4857
1591 3649
1475 2692
3738 4691
2880 4474
2385 4637
2685 4191
2299 4748
2478 4984
1495 4322
3032 4080
1811 4760
3493 4344
3849 4496
4151 4916
3446 4902
1025 3840
1326 4578
1939 3626
3480 4637
1263 4343
3249 4073
3517 4179
4285 4435
986 3872
3706 3965
2673 3563
2873 4019
1343 4239
1273 4876
1420 3890
1938 3024
2980 4792
2139 4808
2253 3092
931 3921
3653 4343
3838 4984
4232 4709
1161 4295
3484 4984
4361 4935
794 4622
1093 4010
4647 4736
981 4470
1986 3912
3669 4503
2747 4876
1909 4360
1745 2786
2763 3072
3312 3322
3915 4923
2628 2936
3563 4088
912 4274
1707 4941
1818 4239
339 777
2519 3461
2709 2810
3455 4645
3626 4998
3865 4806
177 4447
2715 3600
2825 3005
1602 3533
2215 4805
1818 4843
3243 4861
32 3263
4391 4633
4826 4935
2958 4073
1951 4917
2848 4168
4048 4145
4446 4748
2215 2485
197 4645
429 1976
915 4998
124 3965
2692 3912
1083 2642
2835 3879
3360 4941
3621 4370
4183 4279
445 4843
629 2942
4192 4842
3669 4496
4033 4412
4248 4343
4803 4999
2345 4307
1216 4285
1605 4541
2318 2699
4024 4702
1937 4392
3525 3839
429 4941
4048 4447
1948 3517
970 4077
2731 4361
2841 4691
605 2219
1224 3710
225 4998
3877 4826
2445 4478
1062 4748
4048 4249
4117 4871
270 4360
3209 4601
1140 4976
1358 4470
3653 3869
3672 4351
4323 4805
3640 4637
444 4906
2619 4876
1675 4003
1940 4862
2139 4806
1817 4410
4193 4622
4482 4843
590 4698
2938 4625
4277 4999
1219 3876
3902 4518
1768 3865
3171 4536
2161 3878
743 4935
3492 4686
836 4941
1768 3752
1005 4914
1254 1496
4803 4806
1143 4326
2330 4307
2866 4724
2685 4752
3752 4698
3455 4508
660 2070
915 4647
3337 4808
1251 4436
1305 4518
1828 3418
4554 4788
75 3541
1361 4090
1869 4691
3656 3942
818 1867
2693 4861
1263 4090
3302 4496
4634 4984
1663 3081
2253 2980
4518 4522
3672 3706
2200 2927
1722 1858
2342 3669
3520 4625
485 3764
27 3044
4183 4410
917 2022
3493 4252
547 4814
2931 4917
2564 4861
3760 4817
3942 4622
2545 4467
3520 4736
1888 4806
1449 3915
1142 4541
3322 4554
870 2097
1683 3540
2060 3593
2939 3523
3527 4343
1388 4322
251 4826
1671 2880
605 4637
3834 4449
3799 4817
2502 3644
3480 3878
1774 4923
2007 3764
2097 3320
3756 4836
3506 3731
4205 4764
3209 4402
2253 3209
3836 4871
1002 3523
2200 4618
3349 4056
1696 4764
169 4474
3397 4323
3644 3839
4291 4920
3682 4179
1939 4230
2214 4191
3657 4554
2182 4857
1608 4914
1441 4764
1808 3380
1803 3890
1675 3596
2066 4651
2620 4230
2659 4984
2763 3921
1001 3073
1753 4228
3603 4339
2630 4139
3638 4760
588 743
4238 4805
2774 2927
3222 4304
3322 3657
3541 3746
3665 4702
2069 4073
2161 2774
1161 4433
4309 4646
2994 4808
1742 4779
252 4351
2216 3672
2620 4625
3171 4077
2698 4583
2942 4764
932 1879
2270 4804
3738 4083
3960 4914
4291 4616
47 2214
4204 4447
3937 4105
3903 4916
2673 4621
3764 3890
4446 4691
2934 4323
4361 4826
1805 4343
2630 3367
3380 4601
1828 4392
1841 3517
3506 3717
3610 4861
1840 3869
3408 4541
4518 4618
3302 4803
3154 4016
2257 4633
1070 3912
1495 4871
1125 2313
2564 4842
3263 3723
2715 4686
2596 3717
3857 4842
209 3520
1326 2200
2685 2944
3525 3949
305 4536
4376 4984
2822 4920
2502 3931
2934 4412
1296 2642
2276 2763
1279 4518
840 4920
970 4976
3408 4067
3865 4057
2022 4917
3490 4906
2646 4819
4295 4467
94 1457
3754 4277
840 4743
2021 3840
1192 4678
4249 4360
2542 4578
998 1807
238 4168
3856 4914
3736 4701
613 3877
3890 4612
4057 4698
4252 4309
3857 4248
4842 4943
1879 4943
181 3320
2731 4935
3249 4467
1296 3903
120 4646
1474 3189
2572 3865
357 4205
3267 4179
1251 4806
3238 4979
2394 4344
219 2170
3222 4436
3360 3937
2822 4701
75 4168
1125 4433
1992 2848
211 3876
981 3490
3 3167
429 4817
1666 4941
1681 2709
1751 4003
2652 4943
2168 4842
613 4649
2958 4625
3238 4295
2155 4715
819 4326
4500 4920
2321 4554
3408 4297
4522 4752
2568 4480
4709 4748
1306 4764
3533 4016
3524 4410
1951 3223
4016 4984
1853 4826
2123 4819
1986 4871
2247 4003
1994 3461
3223 4183
2125 3408
3520 4230
1817 2939
2219 4641
767 1495
3593 3857
3731 4205
1753 3368
4151 4743
1343 3658
2048 4641
2126 2705
3540 4408
4252 4752
4080 4803
3877 4935
19 1403
1693 3489
1002 4917
639 4205
2519 4814
2673 4117
1251 4304
3189 3276
4080 4327
2385 2447
1990 4435
1858 3731
3761 4935
3960 4016
3665 3903
922 3717
4295 4446
1533 4792
2556 4347
3760 3890
1416 4356
2022 4307
2281 4916
357 4843
438 662
1023 3408
1187 1909
3200 4351
4702 4804
1500 4179
3836 4088
893 1225
1774 4985
3626 4230
2790 3072
3756 4646
3172 4279
3869 4343
1500 2721
811 4402
1555 4779
2848 3746
2394 4309
1615 4344
2214 3656
2676 4470
3461 4522
1561 2066
4914 4984
2825 4168
2081 2318
2132 4139
1939 2533
3581 4779
3628 4625
877 4979
1780 4709
2450 4351
3337 4792
2345 4985
3349 3960
3640 4724
1681 4392
778 4446
4906 4917
191 4327
304 4906
917 3931
1888 4953
1488 3902
4139 4290
4304 4808
2587 4467
3077 3320
3480 3492
912 3073
3931 4935
2022 4985
3526 4151
2132 3624
1 3649
2125 3648
3603 4649
1254 4743
1575 3840
1994 2257
4094 4480
3840 4024
3658 3731
4760 4976
3302 4094
3517 4651
50 3187
1416 4402
494 4622
886 4779
2170 4743
703 4478
1441 4843
1663 4286
2281 3570
4436 4808
3665 4943
94 2785
880 4906
1005 3533
2736 4446
578 4340
4204 4326
1441 4239
395 4436
503 2764
4129 4193
2556 4836
1279 4168
4191 4274
2545 3815
4339 4496
3321 4819
1361 4478
523 2944
1441 3717
4293 4724
3494 4920
3931 4094
2313 2847
1304 3723
2731 4339
2161 2927
3856 4876
1185 3446
3682 3955
3754 3915
2183 3628
3523 3649
2048 4621
1817 4985
2965 4637
2434 4480
3857 4470
1591 4923
1938 4414
3349 4743
1461 4792
2894 3243
4304 4806
588 4916
494 4979
2866 4293
2705 4779
1185 4814
3815 4709
2587 3140
1669 2742
3840 4702
3839 4286
3895 4344
191 2847
1808 4402
1403 3517
1740 4917
1990 4814
2281 4999
3581 4805
3937 4916
3761 4649
3978 4836
290 4447
1834 4080
1299 3642
1905 4094
4309 4578
1683 3653
1224 4701
3446 4129
1671 4861
1306 4876
3625 4941
1608 4984
1254 3677
1939 4998
2321 4618
2411 4862
419 3978
2434 4094
2050 4779
2676 4788
2693 4760
2715 4976
2717 4204
492 1003
3237 4480
78 4067
1497 4616
2429 4826
4356 4414
3978 4578
3856 4843
241 4435
3677 4701
689 4701
501 4508
2155 4297
3937 4941
4536 4976
1189 4248
4340 4637
3189 3621
2183 4625
2478 4151
922 3276
4277 4941
395 4752
1003 4976
1986 3600
2897 3731
4230 4998
4327 4941
775 4792
4953 4979
4277 4862
339 4943
3960 4984
1486 3727
3005 3746
792 4522
1134 3656
1225 4449
2502 4701
2652 4702
1912 3921
2070 3276
2161 4618
881 4651
2232 4678
662 4752
2784 4436
1225 4010
3621 4601
1477 2927
1753 4923
2351 4935
3898 4804
3062 3526
3540 4941
503 3731
3249 4709
2774 4503
3756 4391
2764 4876
3061 3575
2709 4392
931 4277
2107 3949
2729 4508
840 3987
3446 3461
4641 4646
500 3368
1992 3921
3276 4105
3840 3965
2175 4522
549 4356
775 4806
43 4003
1475 3563
4612 4941
485 4788
2927 4518
1598 4191
3653 4090
570 4145
3137 3527
3834 4702
4414 4645
1296 3187
3756 3895
117 4019
2226 4183
4391 4736
1005 4920
3925 4956
142 2866
590 4391
4641 4686
4238 4678
444 4788
1449 2175
1869 4446
1448 4678
1986 3682
3890 4862
3337 4806
4088 4715
4391 4625
4446 4467
1457 3625
2993 3836
3032 4999
1940 4916
4339 4923
2936 4985
2972 4916
3489 4691
4637 4819
777 3397
1397 1457
4612 4916
3817 4583
3706 4943
2620 3250
2146 4691
1905 3849
2972 4862
2081 2295
4274 4748
3237 4935
2504 4724
662 2692
3669 4361
3978 4309
4252 4347
786 1663
4752 4814
1992 3312
3642 4819
523 4435
1683 4478
2117 4360
2411 4941
4496 4935
3243 4842
4232 4748
2784 4057
3727 4788
3965 4702
1939 3172
4327 4984
1811 2894
2168 2564
443 4016
887 4436
1496 4953
2117 4249
3368 4307
4228 4985
2504 4327
4029 4984
819 3915
1187 4291
4356 4370
1190 3872
169 4842
3949 4646
305 4976
754 3902
2934 4033
4412 4633
3600 4871
3302 4339
1488 4518
4094 4826
4645 4709
2007 4906
2022 2315
1457 2848
2121 4361
2121 4956
2400 3596
844 4228
1216 4522
429 2281
3736 4779
2239 3541
929 4447
1142 4067
1361 3653
1486 2321
2825 2848
3550 4326
579 931
1377 4953
1948 4651
1279 2629
2587 4709
2927 4083
2146 4709
911 1477
1070 4322
3369 3736
3628 4073
922 4370
4183 4985
4252 4871
1377 1496
4309 4391
4228 4307
2659 3533
2066 2117
826 4956
3949 4347
445 4482
2281 4862
3240 4274
4067 4541
826 4048
1083 4290
3209 4006
622 2525
1 4812
3 4993
15 152
18 4887
19 2370
21 4946
26 939
27 572
32 4384
40 4858
43 4832
45 3700
47 1194
48 261
50 4134
54 4427
61 3067
64 4852
71 4037
73 4311
75 3119
78 4831
87 4782
94 4822
117 2185
120 4520
124 4194
130 4924
142 2553
169 3212
177 4352
181 4837
186 4954
191 4575
197 4997
209 4844
211 4567
219 4256
220 4668
225 3415
226 618
238 4602
241 4755
251 1551
252 3896
269 4688
270 3808
280 4617
290 2329
298 4007
304 4604
305 4142
306 3634
318 3795
325 4112
328 4403
338 4910
339 4210
357 3569
359 3252
361 4383
388 3696
395 1276
419 3274
429 4970
430 4630
438 4115
443 4654
444 3616
445 4716
470 4891
485 4196
487 4924
439 492
494 4477
500 2150
501 2029
503 2902
505 1491
510 1088
513 4910
523 3042
540 2881
546 3820
547 4921
549 4913
565 4948
570 3712
578 2624
579 2871
588 4898
590 3113
598 4913
605 771
613 4605
622 3689
629 3435
631 4741
639 4900
648 988
651 1479
653 4180
660 4555
662 3441
682 3713
689 3732
695 4599
703 2704
719 1750
736 4926
743 2728
745 2578
753 4313
754 4872
755 2862
767 3067
367 775
777 4901
778 4320
786 1528
792 4911
794 4837
795 3636
797 4515
801 944
808 4184
811 2948
818 2754
819 2713
826 4610
836 3327
840 3927
844 4980
870 4368
877 4096
878 4933
879 4053
880 4802
881 1123
617 886
887 4303
893 4704
896 4096
909 3112
910 3500
911 4866
912 4863
915 4380
917 4750
922 4457
927 2552
929 1150
931 4229
932 2482
940 4533
970 4659
976 3957
979 3886
980 2040
981 3972
986 3037
998 4556
1001 2140
1002 1804
1003 4121
1005 4828
1009 2356
1023 3204
1025 2199
1062 2541
1070 4915
1080 2518
1082 4683
1083 3472
1093 4955
1108 1565
1116 4775
1119 4061
1125 2294
1134 3835
1140 4379
1142 4900
1143 4628
1161 2486
1185 4275
1187 4619
1189 4288
1087 1190
1191 4035
1085 1192
1205 4772
1216 1674
1219 4790
1224 3848
1225 4418
1230 2074
1251 4809
1254 4501
1263 4537
1271 4889
1273 1558
1279 4448
1282 4561
1287 4905
1296 3789
1012 1299
1304 2858
1305 2289
1306 4558
1325 3127
1326 4942
1337 4510
1343 2823
1358 3019
1361 4352
1370 4937
923 1374
1377 4921
1388 3557
1397 3357
1060 1403
1416 2988
1420 3589
1441 2028
1446 4913
799 1448
1449 1454
1457 4968
1461 1736
1465 3139
1474 3184
1475 2743
1477 4452
1486 4373
1488 4106
1494 2569
1495 1498
1496 4925
1497 2366
1500 2946
1515 3440
399 1521
1405 1522
1533 4818
1555 3547
1561 1670
1566 4424
1575 4712
1579 3607
1584 3734
918 1591
1021 1598
1602 1604
1605 4830
1607 4729
1608 3832
1615 4781
1621 2406
1628 3667
1629 4461
1638 3986
1640 3192
1642 4630
1655 4929
1663 4673
1666 3935
1667 4855
1669 3981
1671 2998
1019 1675
1681 4613
1683 3469
1693 3111
1696 3441
1699 2824
1697 1702
1707 4184
215 1722
1734 2432
1728 1740
1742 1825
1745 4530
1750 1751
1753 4671
1285 1768
1774 1987
1777 4713
1780 4716
1783 4750
1794 2274
1803 3740
1805 3946
1807 4870
202 1808
1811 2377
1817 3491
1818 4050
1828 4865
1204 1834
1731 1840
1841 4388
1853 3262
1858 4930
317 1867
1869 4405
1879 4915
1883 4521
1432 1888
1903 4357
1905 2314
1909 4116
1912 4930
1836 1929
1682 1937
1938 3729
1939 2268
1940 4568
1948 4684
1634 1951
1968 4514
1970 4971
1976 4965
1977 2412
1986 4271
1228 1990
1992 4267
315 1994
2006 4732
2007 4276
2011 3696
2021 4599
2022 4684
1884 2025
2036 4632
464 2048
2050 2370
2060 4782
2066 4156
2069 3113
2070 4015
2075 4574
2081 4770
2097 2888
2107 4418
2117 4440
2121 4565
2123 3016
2125 4824
1498 2126
2132 3409
1244 2139
2146 4389
2155 4241
2161 3772
2168 4824
1868 2170
2171 4930
2175 4938
406 2182
2183 2280
862 2200
2204 3193
2206 4960
2214 2808
2215 3385
1784 2216
2219 2243
2226 3463
2232 3217
2239 2501
2247 2778
550 2252
2253 2962
2257 2258
2270 4577
2276 3539
2281 4825
1836 2295
2299 3606
2313 2425
2315 3326
2316 2995
2312 2318
2321 2863
2330 4675
2342 4588
2345 3812
2289 2349
2351 3734
2385 3539
366 2394
2400 2423
2411 3947
2420 3436
2429 4468
1884 2434
2442 4055
2444 4747
2445 4259
1074 2447
2450 3398
2461 4441
2478 4972
2485 4881
621 2496
2502 4900
2504 4614
2519 4762
1767 2520
1414 2525
2533 4931
2542 4363
2545 4349
2556 4961
2564 4066
2568 4462
2572 3457
2576 2650
2587 4074
2596 2600
2602 4844
2608 4878
2619 3935
2620 3102
2627 4873
2628 4261
2629 4062
2630 4742
2642 3087
2594 2646
2652 4533
2659 2962
812 2660
2663 4552
1165 2671
2673 3531
2676 4570
2685 4120
2692 4997
1072 2693
1750 2698
2699 4847
2705 4283
2709 4350
2715 4749
2717 3377
2721 4575
2729 4720
2731 3100
2736 3874
2742 2748
1133 2747
2763 3612
2764 4910
2765 3316
2771 3347
2774 4215
2784 2788
2506 2785
2786 3793
2388 2790
2773 2810
2822 4794
2825 4053
2831 3146
2835 3442
2841 3435
2847 2850
2848 3034
1861 2866
2873 4791
2878 2898
2880 4037
2894 3893
2897 3412
2903 4385
2927 3971
2930 4262
2931 4378
2934 4636
2935 3571
1141 2936
2938 3266
2437 2939
1680 2942
1710 2944
2958 4746
2965 4964
1603 2972
2980 3991
2963 2993
2994 3051
3005 4406
447 3024
3030 3886
3032 3424
3044 4769
3053 3549
3061 3078
2275 3062
3072 4925
3073 4086
3077 4365
3081 4858
3092 4913
3110 4638
3135 3265
3137 3852
1617 3140
3144 4428
3154 4502
2376 3167
2312 3171
453 3172
3185 4593
2677 3187
3189 4499
3194 3324
3200 3202
3207 4973
3209 4582
3222 4316
2913 3223
3237 4674
2088 3238
1508 3240
2348 3243
3249 4896
1815 3250
3074 3263
3267 4011
1881 3276
2883 3302
3303 4868
3311 4564
3312 4176
3320 4133
3321 4888
1048 3322
2272 3337
2648 3339
2853 3349
2655 3360
1487 3367
3050 3368
2530 3369
3380 4661
2585 3397
2974 3408
3418 3827
746 3427
3446 4439
2559 3455
3459 4685
3461 4337
3480 4587
3484 4754
3489 4553
3490 4131
3492 4063
3493 4512
3494 4893
1121 3504
2899 3506
1648 3517
3520 4895
3523 4154
2559 3524
3525 4171
3526 4406
3527 3866
1654 3533
3540 4685
2968 3541
3550 4063
2819 3563
3570 4897
1519 3575
3580 4182
3581 4396
3593 4652
3596 3739
3600 4210
3603 4141
1925 3610
3621 4787
3624 4058
2755 3625
713 3626
3628 4847
3638 3709
3640 4883
678 3642
3644 4693
247 3648
3649 4428
3653 4773
3379 3656
3657 4264
2039 3658
3665 4948
3542 3669
2688 3672
3677 4394
875 3682
3706 4877
1942 3710
2851 3717
3515 3723
1645 3725
3001 3727
3245 3731
3736 4858
3738 4335
37 3743
3746 4102
3752 4400
3754 4972
2881 3756
2357 3760
1711 3761
3326 3764
3148 3780
3799 4950
3815 4419
3817 4111
3576 3822
1425 3834
3836 4882
3838 4751
3839 4749
1908 3840
3849 4102
23 3856
2507 3857
3334 3865
3869 4890
2891 3872
70 3876
3877 4045
497 3878
3879 4571
3808 3890
3887 3895
3898 4079
3902 4166
3903 4782
3634 3912
3915 4747
3888 3921
2272 3925
3931 4441
3142 3937
2801 3942
3949 4650
2384 3955
3960 4856
118 3965
1544 3978
3980 4994
3987 4783
716 4003
331 4004
4006 4630
4010 4951
4016 4599
1577 4019
3604 4024
4029 4841
4033 4491
2957 4048
3766 4056
3491 4057
1577 4067
3636 4073
3382 4077
1835 4080
4083 4140
2922 4088
1524 4090
1785 4094
4105 4116
4117 4708
4042 4129
2440 4139
2197 4145
4151 4169
4168 4586
1004 4179
4183 4190
4013 4191
869 4192
4193 4750
4204 4547
4205 4450
393 4223
2480 4228
1781 4230
4232 4236
1307 4238
478 4239
4212 4248
2228 4249
608 4252
2163 4274
4226 4277
161 4279
4285 4754
1935 4286
2896 4290
4291 4511
4292 4619
4293 4802
4295 4878
4297 4444
4304 4515
34 4307
4284 4309
4319 4388
4322 4588
2271 4323
644 4326
3561 4327
4339 4980
1199 4340
4343 4699
4344 4358
3507 4347
3940 4351
1058 4356
4360 4371
3814 4361
4370 4960
516 4376
264 4391
4392 4865
2688 4402
4408 4481
1484 4410
1913 4412
672 4414
1064 4433
2258 4435
4436 4996
4446 4972
2751 4447
3017 4449
4461 4467
2399 4470
1364 4474
4478 4483
3874 4480
10 4482
2543 4496
4500 4727
4503 4735
2826 4508
4518 4821
4120 4522
3776 4536
3686 4541
1625 4554
41 4578
4227 4583
4601 4605
4612 4690
4616 4891
4608 4618
4169 4621
849 4622
351 4625
4159 4633
2722 4634
4635 4637
4157 4641
4255 4645
1856 4646
3930 4647
3128 4649
3622 4651
462 4678
4686 4825
4691 4896
948 4698
4701 4794
4589 4702
108 4709
2358 4715
1921 4724
4650 4736
371 4743
4748 4936
3052 4752
4760 4864
4756 4764
4629 4779
4788 4950
2350 4792
947 4803
2149 4804
2234 4805
3830 4806
2263 4808
4768 4814
3855 4817
4084 4819
4294 4826
4545 4836
3143 4842
3848 4843
4013 4857
3384 4861
2217 4862
1649 4871
3777 4876
793 4902
4668 4906
2501 4914
2238 4916
402 4917
4845 4920
360 4923
16 4935
4941 4989
4943 4961
3981 4953
1390 4956
3208 4976
4896 4979
1846 4984
1264 4985
2851 4998
2617 4999
3 3787
15 4559
19 3093
26 1104
27 4767
32 4349
40 4684
43 4900
47 4973
48 2491
50 1855
61 3842
64 4328
71 4638
73 2457
75 4831
78 1456
87 4187
117 2890
124 4889
130 4564
142 3436
169 3127
177 4901
181 4345
191 3771
209 4828
211 4348
220 4958
225 4855
238 1597
241 4854
252 3862
269 4543
270 3578
280 4378
290 4991
298 4757
305 3088
306 2849
318 4311
328 4421
338 4784
339 4278
357 3966
359 609
388 4374
429 4196
430 4460
443 4928
444 4977
485 3362
487 4658
500 861
501 1833
451 505
510 4989
513 4924
540 3134
546 713
547 4847
549 4218
565 4852
570 4411
579 4318
598 3126
613 4688
622 4513
631 1991
639 4791
653 4784
660 4790
662 4349
682 4954
689 1792
695 1746
719 4883
736 1989
743 4685
745 3572
753 4214
754 4974
767 4640
778 4823
794 4750
795 3151
797 3705
801 2728
808 4869
811 3826
818 4527
819 3382
826 4398
373 836
840 4473
844 2311
870 4827
877 3229
878 4694
879 3870
880 4251
881 4775
886 2002
236 887
893 1714
896 4957
909 4968
910 4932
911 1732
912 3376
915 4114
917 3843
922 3771
440 927
929 4523
931 4605
932 2749
940 4506
976 4710
979 4744
980 4755
981 3428
986 4664
998 4469
1002 3204
1003 4679
1005 2004
1009 2286
1025 2996
1062 4421
1070 3904
1080 4775
1082 4811
1083 4942
1093 4186
1108 4350
1116 3227
1125 2827
1134 3433
1140 4744
1142 2932
1143 3661
1185 1290
1187 4839
1190 4310
1191 4362
1192 4901
1205 3033
1216 4458
1219 1467
1224 3219
1225 4011
1230 2549
1251 4400
1254 3806
1263 1512
1271 3166
1273 4544
1279 3000
1282 3674
1287 4745
1296 4940
1299 1614
1304 3347
1305 2546
1306 3241
1325 4728
1337 4593
1358 4739
1361 4421
1370 4952
1374 4732
1377 4388
1388 2521
1397 3996
1403 3720
1416 4353
1441 4683
1446 4477
1448 4908
1457 3660
1461 4828
33 1465
295 1474
1475 1885
1486 3289
1488 4564
1494 4565
1495 1989
1496 2957
1497 3989
1500 4754
1515 4334
1521 4841
1522 1672
1533 3255
162 1555
1561 4596
1566 3132
1575 3894
1579 4584
1584 4942
1591 4577
1602 4186
1605 4108
1607 4693
1608 2280
1615 3681
1419 1621
1628 2913
1629 4346
1638 3282
1640 4661
1642 2059
1655 4896
1663 4825
1666 4345
1669 4959
1671 3532
1675 4780
1681 3131
1683 3617
1693 4553
1696 4945
1699 4018
1702 4930
1707 4627
955 1722
1734 3667
1740 4693
1742 4771
1745 4907
1751 4867
1753 4244
1768 4919
1777 4030
1780 4557
1783 3507
1794 4442
1803 4194
1805 4761
816 1807
1808 4407
1811 4387
1817 3572
1818 3374
1828 3294
1834 4783
1840 4873
1841 2404
1853 3827
69 1858
5 1867
1869 4949
764 1879
1883 4973
1888 4349
1648 1903
1905 3953
1909 4203
1912 2877
1929 3483
839 1937
1938 2397
1939 4017
1940 4689
1948 3532
1951 2997
1968 4150
452 1970
1976 2013
1977 4751
1986 4632
1990 4932
1992 2333
1994 4221
2006 4380
2007 4968
2011 4124
2021 2606
2022 4502
2025 4889
2048 4835
2050 4000
2060 4970
2066 2592
2069 4882
2070 2441
2075 3481
2081 4041
2097 3788
2107 2282
1423 2117
2121 4741
2123 4488
2125 4328
2126 4706
2139 4650
2146 4431
2155 4011
2161 4744
2168 4222
2170 4989
2171 3748
2175 3948
2182 4951
1242 2183
2200 2617
2204 4993
2206 4465
2214 2906
2215 4800
2216 4889
2219 4483
2226 3885
2232 4884
2239 4059
2247 4719
2252 4377
2253 2303
2257 4948
2270 3705
959 2276
2281 3437
2295 3997
2299 4068
2313 2648
2315 4668
2316 4882
2318 4136
99 2321
2330 4631
2342 2929
2345 4628
1799 2349
945 2351
2385 2753
2394 4991
2400 3916
2411 3497
2420 4682
2353 2429
2434 2636
2442 2617
2444 4739
1316 2445
2447 4124
2450 4313
2461 4975
2478 4895
2485 2977
2496 4863
2499 2502
2504 4615
1327 2519
2520 4576
584 2525
2533 4387
2542 3191
2545 4540
2556 3884
2564 4734
2568 3441
2572 2794
2576 3466
2587 3634
2596 4407
2602 3845
2608 4667
2619 4104
2620 4840
2627 3774
2628 4852
2629 4936
2630 4763
2642 3578
2646 3908
2659 4551
2660 3496
2038 2663
1030 2671
2673 4035
2676 3989
2685 3827
1634 2692
2558 2693
2698 4623
2699 4498
2705 4858
2709 3700
2715 4092
2376 2717
2338 2721
2729 4501
1556 2731
2736 4786
2742 3711
2747 4405
807 2763
2764 4924
2765 3498
2771 4671
1637 2774
2784 4945
2785 4849
2786 3880
2790 3883
2810 4697
2822 4927
2511 2825
2831 4137
2835 4511
2841 4896
2847 2997
2848 4594
2866 3219
2531 2873
2878 3156
2880 4809
2894 4860
2897 4422
707 2903
2927 4058
2930 4721
2460 2931
2934 3378
2935 4675
2762 2936
2360 2938
2090 2939
2942 4824
2944 3712
2958 4853
2965 2966
2972 2983
2980 3663
2993 3225
2977 2994
3005 3166
3024 4081
3030 3230
3032 4727
3044 4596
2403 3061
3062 3407
2287 3072
3073 3204
1425 3077
3081 4510
3092 4305
3110 4975
3135 3630
3137 4911
3140 3811
1588 3144
3154 4091
3167 4196
3171 3402
3172 3639
473 3185
2957 3187
3189 4929
3194 4911
3200 4810
3207 3615
3209 4585
3222 3228
955 3223
3237 4707
3238 4852
3233 3240
1392 3243
57 3249
2456 3250
2105 3263
3267 4187
3276 4799
2882 3302
3303 4790
3311 4109
3309 3312
3320 4281
3321 4013
3322 4471
3337 3899
3339 3923
3349 4140
3360 4924
3367 3964
23 3368
1527 3369
302 3380
3397 4856
3408 3415
449 3418
3427 4413
3446 4777
2817 3455
3459 4543
2190 3461
2758 3480
3484 4679
3489 3668
3490 4944
3492 4589
3493 3966
3494 4281
2064 3504
2998 3506
3517 4000
3520 3590
3523 3683
3524 4506
3525 4955
3526 3680
2891 3527
3533 4197
3540 3759
2668 3541
3550 4475
913 3563
3570 4606
3575 3809
3580 4628
3581 4051
3593 4375
3596 4091
3600 4658
3603 3910
3610 4422
3621 4532
3624 4511
3625 4110
3626 4961
3628 3910
3134 3638
3640 4800
3642 4889
3644 4858
3331 3648
1567 3649
3653 4045
3656 4366
3657 4987
3658 4562
3665 3805
3669 3972
3672 4712
3677 4962
3682 4869
3445 3706
60 3710
3717 4884
3723 3985
3725 4700
3727 4558
3731 4928
3736 3863
3260 3738
3743 3932
3746 4880
3752 3767
2973 3754
3756 4300
3760 4548
3761 4207
1788 3764
1364 3780
3799 4465
3815 4254
3783 3817
3822 4858
3834 4785
3836 4986
3675 3838
3839 4164
3840 4494
3849 4919
3476 3856
3853 3857
1880 3865
3869 4966
3532 3872
3876 4795
3877 4337
3878 4720
3871 3879
1926 3890
3895 3983
3898 4363
3057 3902
3848 3903
3912 3967
3915 4898
3921 4459
417 3925
1407 3931
3529 3937
3942 4401
3949 4266
2961 3955
3960 4485
3965 4619
3975 3978
2879 3980
3256 3987
4003 4662
3507 4004
2306 4006
4010 4189
4016 4932
4019 4699
1633 4024
4029 4829
104 4033
4048 4484
4056 4468
3334 4057
4067 4068
2912 4073
4077 4653
4080 4281
2339 4083
4088 4533
3212 4090
4094 4703
638 4105
4117 4411
4129 4565
4139 4424
720 4145
3747 4151
2858 4168
2589 4179
2137 4183
2169 4191
3327 4192
4034 4193
3003 4204
4205 4991
3881 4223
3629 4228
4230 4944
4232 4912
4238 4767
4233 4239
3825 4248
4249 4997
4252 4682
4274 4531
3471 4277
4279 4774
4250 4285
4286 4858
4290 4317
4291 4684
2679 4292
3745 4293
1044 4295
3773 4297
3478 4304
4307 4965
4269 4309
3837 4319
4322 4611
4318 4323
3003 4326
3995 4327
4339 4699
4340 4990
1445 4343
3018 4344
3740 4347
3125 4351
4356 4514
4360 4866
3996 4361
2177 4370
3831 4376
4391 4775
3472 4392
3111 4402
4408 4969
1721 4410
4412 4720
2818 4414
4433 4726
4435 4459
3990 4436
4446 4947
937 4447
2830 4449
418 4467
4470 4602
4474 4703
4478 4485
2361 4480
4475 4482
3837 4496
4500 4573
4503 4516
1131 4508
4071 4518
4516 4522
3055 4536
3345 4541
3289 4554
4578 4982
3215 4583
4137 4601
4142 4612
4401 4616
1545 4618
2240 4621
3739 4622
2887 4625
765 4633
4634 4759
4602 4637
4058 4641
3370 4645
3900 4646
3714 4647
4649 4653
4651 4707
4666 4678
4263 4686
4031 4691
502 4698
3125 4701
4665 4702
3676 4709
2433 4715
3288 4724
1327 4736
4516 4743
3565 4748
4752 4858
4760 4823
85 4764
1438 4779
3295 4788
4791 4792
4075 4803
2801 4804
4805 4812
4432 4806
4401 4808
4814 4905
2924 4817
4819 4882
4229 4826
4836 4840
3882 4842
2893 4843
4657 4857
4027 4861
4844 4862
3365 4871
3391 4876
3784 4902
4906 4922
4828 4914
4555 4916
4917 4944
296 4920
4854 4923
4869 4935
2306 4941
1623 4943
4047 4953
4889 4956
4807 4976
4640 4979
2344 4984
3737 4985
1975 4998
4606 4999
15 2288
24 26
43 4974
48 4386
64 4905
73 4978
124 4670
252 4371
280 3720
290 4102
298 4443
318 2969
338 4756
339 4667
429 4559
500 3074
501 4762
513 4664
540 4422
549 3721
660 4957
682 2571
719 3164
736 4313
767 4501
794 4940
795 4967
797 3909
801 3438
808 2469
818 4903
819 4755
826 4733
836 4100
877 4989
879 4114
880 4675
886 4939
909 4672
911 4619
912 3927
915 4477
927 2751
929 4548
932 4596
979 3364
2 986
998 4889
1003 1292
1025 4848
1062 4782
1080 4515
1190 4937
1191 4922
1192 1826
1224 2653
1225 3747
1263 4963
1271 4870
1296 3660
1305 4163
1358 4699
1361 4692
1377 4591
1397 4553
1416 4662
1441 4747
1461 4712
1465 3297
1475 1819
1486 2409
1494 1623
1497 3265
1515 4696
1522 4785
1555 4858
1575 4940
1579 4695
1584 3959
1591 3559
1602 3758
1615 2969
1628 3591
1629 4620
1638 4479
1640 4858
1642 4348
1655 4889
1663 4068
1666 3591
1675 4739
1681 3568
1683 4909
1693 4663
1699 4146
1702 4353
1707 3348
1653 1722
1734 4856
1742 4710
1751 3101
1753 4132
1768 4950
1780 3794
1794 4325
1828 4389
1840 4159
1841 3557
1853 4853
1867 4189
1869 4921
1879 4197
1903 2190
1912 4789
1940 4762
1951 4354
1968 4818
1970 3906
1977 3652
1990 4960
935 1994
2006 4940
2021 4476
2025 4199
2048 4848
2050 3388
2060 4727
2069 4978
2070 4540
2075 4378
2097 4987
2117 4546
2125 4809
2139 4630
2155 4754
2145 2161
2168 3819
2171 4264
2175 4234
2182 4387
2183 4899
2176 2214
2216 2990
2219 4026
2239 2979
1926 2252
2253 4958
2276 3585
1269 2313
2315 4849
2330 4186
2342 4082
2345 2678
2349 3170
2385 3620
2400 4650
2411 4865
2434 3334
2442 4874
2444 2891
2445 3330
2447 2595
2450 3394
2461 4794
2485 4765
2134 2502
2504 4733
2520 4294
2525 4751
2533 4947
2278 2545
2564 4988
2568 4758
2576 4362
1906 2596
2608 3547
2619 3722
2620 4615
2627 4629
2628 4975
2629 3486
2630 4776
2642 3967
2646 3981
2659 3551
2660 4898
2663 3162
2673 3634
2676 4600
2685 2712
934 2693
2699 4820
2705 4566
2715 4786
2717 4495
2721 4944
2729 4312
2731 4574
2662 2736
2747 3569
2763 3233
2764 4296
2765 4874
2771 4766
2784 4280
2786 4878
2790 4086
2822 4399
2825 3792
2831 4463
2635 2835
2841 4870
2847 4853
2873 3458
1790 2894
2897 4608
2903 4866
2930 4931
2931 3730
2934 4457
2935 4489
2936 4878
2938 4079
2939 4346
2942 3413
2944 4573
2958 4833
2338 2965
2972 4245
2980 4891
2994 4699
3005 4620
3024 4720
3030 4494
3044 3254
2836 3061
1078 3062
3073 4855
3077 4882
3081 4222
3092 4879
3110 4146
3135 4772
2393 3140
3144 4163
3149 3154
3167 4042
3171 4592
3172 4928
3185 4333
3187 4118
1221 3189
2815 3194
3200 4973
3152 3207
3209 4652
3222 4037
3223 4850
3243 4221
1771 3249
3250 4712
3263 4255
2549 3267
1563 3276
2996 3302
2971 3303
2975 3311
1047 3312
3320 3740
3307 3322
3337 4790
3339 3826
3349 4957
2225 3360
3367 4089
3369 3377
2510 3380
3408 4070
3427 4036
3446 4655
3455 4964
3459 4313
3461 4122
3480 4946
3484 4164
3489 4388
3490 3862
3492 4571
93 3493
3494 3650
3504 4313
3506 4546
3520 4527
3390 3524
3295 3525
3526 4572
1849 3527
355 3533
2337 3540
3541 4497
3550 4793
3563 4493
3216 3570
3575 4526
3580 4875
3581 4520
3593 4579
3596 4768
3600 4648
3603 4711
3610 4576
3624 4329
3625 4967
3626 4011
3335 3628
3638 4671
3642 4665
3644 4135
3647 3648
3649 4545
3653 4420
3656 4868
3510 3657
3665 4875
3669 4218
3553 3672
3677 4335
1338 3682
3706 4816
3717 4108
3723 4181
3725 4852
3727 4407
3731 3747
3604 3736
3743 4680
3752 4987
3754 4932
3756 4879
3760 4966
3761 3798
3295 3764
3650 3780
3799 4123
3815 4896
3822 4811
2245 3834
3534 3836
3838 4620
3839 4858
3840 4729
3856 4711
1665 3857
3049 3865
3872 4830
3876 4594
3877 3924
3586 3878
3766 3879
3895 4989
3898 4889
3902 4975
1053 3903
422 3912
3915 3998
3921 3933
3925 4823
3931 3941
3942 4977
3949 4142
3960 4263
3965 4494
3978 4272
3980 4964
3987 4726
4003 4377
4004 4141
2992 4006
4010 4737
2230 4019
4029 4187
4033 4957
4048 4388
4056 4927
4057 4557
3478 4067
2605 4073
4077 4886
4083 4830
4088 4092
4090 4483
4094 4683
4117 4670
4008 4129
4139 4180
4145 4885
4151 4514
4168 4958
4179 4668
892 4191
4192 4729
3800 4193
4204 4208
4205 4213
3999 4223
4228 4398
4230 4666
4222 4232
4238 4247
892 4239
2837 4248
4249 4255
4252 4799
4218 4274
4279 4423
4285 4707
4286 4892
4290 4648
4032 4291
3843 4292
3253 4293
4295 4896
3797 4297
3789 4304
4069 4307
4309 4913
4319 4896
3414 4322
4323 4490
3102 4326
4327 4397
4103 4339
4340 4958
4343 4681
4344 4778
2845 4347
3246 4351
3945 4356
4360 4493
4361 4526
4370 4377
2027 4376
4380 4391
4392 4700
3521 4402
2647 4408
3634 4412
4414 4685
1443 4433
4365 4435
4215 4436
4446 4462
4447 4938
4449 4570
4467 4896
3289 4470
4474 4650
4478 4903
4480 4875
4472 4482
4496 4515
4240 4500
715 4503
4508 4933
4518 4638
3257 4522
3832 4536
4554 4589
4578 4688
4583 4926
3801 4601
2760 4612
4610 4616
3914 4618
4621 4731
4622 4884
4122 4625
4624 4633
1133 4634
4637 4799
3476 4641
4645 4951
4626 4646
2096 4647
2918 4649
4321 4651
3124 4678
4557 4686
4539 4691
4698 4735
4701 4858
4591 4702
57 4709
425 4715
3003 4724
4504 4736
4629 4743
4748 4963
3338 4752
4325 4760
4764 4768
4563 4779
4753 4788
3824 4792
2760 4803
4804 4942
4607 4805
4565 4806
2654 4808
4688 4814
3083 4817
4819 4832
4826 4863
1856 4836
4135 4842
4832 4843
3155 4857
1439 4861
39 4862
2947 4871
4409 4876
1107 4902
3036 4906
2781 4914
3138 4916
4451 4917
4495 4920
4921 4923
4409 4935
3630 4941
4658 4943
4388 4953
803 4956
2092 4976
4472 4979
4564 4984
2986 4985
4654 4998
4991 4999
513 4907
540 4858
911 4726
1062 4896
1191 4692
1441 2076
1486 4927
1722 4589
1734 4640
1742 1746
1828 4907
1841 4886
1903 4542
1968 3721
1970 4669
2025 4308
2050 4887
2060 4163
2219 4109
2330 4841
176 2345
2442 2760
2444 4606
2525 4211
2545 4177
2568 4761
2620 4609
2628 4922
2729 4930
2747 4670
2835 3707
2847 4596
2873 4835
2935 4901
2939 4924
2994 4899
3073 4030
3110 4989
3022 3144
1442 3189
3194 4951
3209 4990
3243 4623
3249 4615
3302 4762
3303 4741
3311 4964
3320 4762
3322 4497
3349 4960
2826 3367
3369 4725
3380 4785
3484 4900
3492 4532
3524 4775
3526 4800
3533 3810
3541 3835
3550 4590
3575 4639
3593 4676
3610 3614
3624 4636
3625 4812
3626 4951
3628 4580
1284 3638
1997 3644
3656 4099
3665 4897
3677 4081
3717 4642
3727 4959
3743 4001
3756 4707
3409 3761
3799 4793
3815 4593
3834 4889
3836 4173
3839 4650
3857 4562
3876 4730
3879 4946
3898 4526
3903 4801
3912 4562
1132 3921
3942 4472
3960 3968
3507 3978
3987 4745
4003 4873
3860 4004
4029 4939
4057 4948
3821 4077
4083 4666
3221 4090
4060 4094
4139 4896
4151 4925
4168 4773
4179 4388
4191 4801
3451 4192
4204 4209
4228 4929
4230 4426
4232 4440
4238 4887
4239 4839
1445 4274
4285 4980
3440 4290
4304 4919
4309 4830
4326 4983
4327 4921
4340 4596
4343 4895
4351 4889
4356 4922
4360 4388
4082 4361
4188 4370
4391 4899
4392 4969
4435 4553
3932 4436
4447 4751
4197 4449
4467 4595
4491 4500
4201 4518
4536 4801
4554 4948
4089 4583
4601 4607
4612 4614
2826 4616
4317 4621
4604 4622
4369 4625
4112 4633
1852 4634
4637 4915
3975 4641
4540 4649
4629 4651
3612 4678
4686 4722
4691 4705
4698 4850
3882 4701
4434 4702
4638 4709
4715 4728
4724 4884
4736 4890
4609 4743
4155 4760
3155 4764
4050 4779
4788 4896
4419 4792
3071 4803
4282 4804
4814 4983
4807 4817
4532 4819
4737 4826
4836 4950
4830 4843
4857 4878
3718 4861
4768 4862
3959 4871
4902 4904
4906 4918
3920 4914
4916 4989
4520 4917
4409 4920
3118 4923
3310 4935
4941 4965
4574 4956
4979 4986
4924 4984
4636 4998
4951 4999
2525 4562
3484 4955
3638 4950
3905 3942
4074 4290
2350 4817
4857 4877
4524 4917
4866 4941
