3579 4215
4126 4673
2686 4047
1112 4007
1246 4296
2657 4401
2282 3483
1617 2009
3070 4031
3421 4045
1593 4994
1775 4816
292 4011
1639 2499
1030 4969
1674 4126
1871 4283
3205 3786
2439 4742
3183 4853
744 4885
3663 4714
853 4867
2293 3875
3900 4872
4445 4993
1229 4551
88 2605
1102 4640
1799 4490
2948 4854
1743 2756
2964 4700
3597 4765
3762 4243
2497 4766
3112 3845
3309 4000
3548 4787
2549 3886
3637 4047
4011 4561
3079 3457
882 4165
2668 3014
2686 4086
4044 4613
2099 4719
2136 4579
1587 3225
3091 4994
3093 4714
3739 4926
1692 4000
1229 4766
1101 4777
1543 3606
4765 4879
3268 4299
4241 4873
3295 4626
1612 4800
413 4137
3778 4766
1269 4579
3127 4186
2538 4951
4264 4597
1197 3647
3150 4514
2603 4947
1981 4742
2157 2753
3485 4551
1241 4063
3825 4714
426 3309
2152 3371
2588 3606
1558 4974
2823 3481
164 4951
3424 3588
4364 4624
890 3888
2245 2497
3510 4810
973 3755
3095 4947
3260 4882
2588 4221
3927 4892
1333 2557
858 4395
1802 3611
2491 3268
2144 4585
3797 3814
2807 4710
2879 4766
1319 1527
2933 3552
3097 4324
3298 4466
2603 4383
491 4969
3083 4572
1280 3346
2807 4162
3374 4167
2591 4283
1716 4828
2136 4418
4531 4867
1619 2304
1668 4098
1467 2466
2249 4626
2003 2772
4031 4608
1026 3079
4259 4800
2464 4302
1295 4318
3259 4594
1960 4885
2356 4737
2018 4737
2603 4157
1067 4951
1660 4302
3457 3561
871 4264
1975 4167
3498 4386
2585 4240
4505 4798
3522 4969
1643 4296
3663 3971
3755 3848
377 4455
4225 4879
3006 4947
2807 4187
3268 4098
4766 4868
281 4060
3364 3755
2421 3769
2996 4282
1534 4186
4452 4516
3205 3474
1677 4368
2120 3487
4383 4401
1959 4401
2998 4742
3426 4514
2416 4243
3800 4885
2491 4771
133 4868
2996 4885
4157 4597
4072 4383
1596 3285
1636 2458
1310 4624
2538 2708
3880 4690
4539 4854
1871 4561
3928 4873
413 3943
517 4927
2998 3426
3485 4562
1827 3213
1117 1982
2099 4241
2209 4689
2165 3880
2959 4927
3149 3785
965 3089
1789 4640
3149 4561
4264 4445
1692 3552
2892 4816
4086 4710
68 2783
312 4885
2282 4171
2688 4879
1724 4816
2419 3197
4171 4798
3797 4604
2180 4561
1583 4993
791 4259
2535 3635
1921 2099
4348 4756
4009 4657
1310 2910
2535 4668
3424 4585
3522 3694
1982 4007
2158 2845
1662 4885
3253 3483
3131 4761
3204 4324
2753 3089
3123 3547
3483 3981
2052 4922
243 4759
1900 3786
1739 4300
3845 4514
1524 2362
2655 4710
3814 4873
2144 4922
393 820
2996 3618
1352 3691
375 2909
925 3860
3606 4613
2869 4515
4225 4882
4281 4282
4867 4872
2033 4995
4031 4120
4141 4680
2472 4241
1700 2196
4044 4386
2065 4563
2933 4000
913 4810
2013 2249
1215 2134
1186 4259
3031 4448
2978 4889
3498 4922
2052 3650
179 4737
2655 3424
491 4723
2766 4098
3301 4162
2293 4302
2455 4516
1131 4171
4259 4579
3079 4504
2068 4126
2601 2807
3690 4466
3225 4045
3632 4086
3561 4798
4007 4732
167 3798
4840 4995
690 1846
1059 1612
1405 1959
3298 3356
3215 4990
974 2535
720 770
1758 4573
2363 3309
4011 4189
164 3607
1428 4604
1319 3888
1871 4189
2585 4187
713 2655
1639 4572
42 4608
1090 4613
2152 4816
1371 1724
2458 4787
3402 4700
4054 4742
674 4573
1506 3485
3298 4765
1543 4815
2324 3811
3547 4368
3091 4719
3585 3622
3719 4682
2052 3093
2657 3392
2588 4889
1215 4673
480 3552
426 3371
1184 3157
3023 3971
4926 4994
2324 4990
257 4879
2419 4165
3562 4664
3402 4993
3149 4318
1596 4519
2292 3204
2998 4810
785 3215
3104 4800
3424 3637
2554 4951
2830 4531
2754 2837
3739 4531
3740 4387
1870 4454
1426 2909
2030 3701
3487 4761
2830 4386
119 4504
4187 4585
3296 4700
3848 4782
1926 4455
2858 4516
1733 4396
1739 2249
1576 4798
2145 4009
2286 3534
398 4756
2218 4445
2986 4608
2293 4594
3618 4216
2458 4626
2753 3511
2766 3346
3089 4162
1846 4455
302 4853
599 4922
2827 3694
3900 4539
3691 3762
2783 4608
255 4671
1411 4571
4563 4885
3713 4885
281 2448
2974 4719
3217 3719
2030 4723
4208 4995
2339 4993
882 3739
1658 3971
1413 2904
3150 4466
3632 4573
4086 4240
3107 4531
3860 4947
3900 4761
718 3613
2084 4448
1743 4300
3152 4551
119 4680
4386 4395
4756 4766
902 3006
1744 4993
2678 3027
658 4723
1870 4719
1079 3724
4418 4974
3163 4995
3606 4867
4208 4454
1021 4903
2708 4396
2196 4216
2068 3426
784 3811
2475 4732
3579 4364
3663 4042
133 4947
232 2772
837 2030
1660 2959
1827 4690
4604 4840
3611 4171
1383 1610
2122 4673
3463 4189
1410 3579
1724 3590
3225 4009
3561 4167
3163 4407
68 1596
3474 3510
2904 3474
4386 4531
4682 4766
4245 4630
2122 4816
2909 4969
610 3070
257 4882
2148 4215
810 4782
4005 4245
3364 3811
1532 4640
1053 3236
1739 4626
3205 4098
3370 4854
3719 4951
3635 3829
4407 4454
4858 4879
2189 3928
4060 4368
3217 4682
42 2832
3936 4947
3219 4689
3547 4729
4042 4903
3498 4889
4245 4840
1450 4315
4240 4504
292 1950
3811 4782
4571 4608
2781 4668
2286 4490
3402 4044
686 3981
2497 4324
902 3971
3435 3927
2207 4630
2346 3694
3260 4225
4551 4766
1243 3971
3565 4759
3701 4218
3647 4777
4264 4993
4466 4514
1999 4640
340 3936
482 4761
2959 4137
68 4418
1153 4573
2144 3112
1411 3748
287 4671
2601 4504
1068 4296
1371 2845
3635 4318
3204 4007
3655 4756
2046 3936
2534 4742
42 2535
3435 4031
4187 4597
963 4673
1153 4657
4157 4800
1819 4816
3282 3984
109 4828
3981 4167
4363 4974
2686 3588
3769 4885
3219 4737
4879 4882
1739 4787
4324 4732
1407 3346
3197 4222
1292 3814
2055 3097
4045 4742
1596 4418
3260 4879
1408 4624
3618 3619
3176 4903
3371 3701
2463 3797
317 2650
1827 3547
3896 4245
3419 4608
1827 4879
1975 4798
2245 4324
610 3635
1618 4761
568 4828
4302 4549
375 3767
1716 4682
3402 4853
3457 4198
3370 3426
3474 4054
4042 4222
3701 4571
1450 2605
3079 4216
1215 1775
4141 4187
3875 4585
4531 4951
2030 4969
4761 4777
2600 4879
307 4885
1544 4324
2766 4299
3690 4063
2575 4885
1255 2055
1733 3128
3579 3590
3534 4300
1870 4858
2657 4947
2605 4296
829 4974
1042 3701
205 2997
482 4516
2497 2879
2189 4630
2735 3579
3749 3971
3634 4995
1758 1845
1067 4165
4395 4872
735 4782
2065 4011
4186 4828
4828 4867
3091 4005
1243 4714
1295 4189
1314 4854
3886 4302
179 4640
4396 4682
1144 4490
3767 4723
974 3984
4063 4690
4903 4922
2003 3984
4302 4516
1524 2772
2950 4597
1469 4299
2801 3618
1571 4892
1059 4947
3788 4561
2464 4137
3798 4126
2858 4927
3713 4406
377 3217
2832 4031
2152 4364
2696 4766
571 4490
1101 4060
1413 4186
1708 3268
526 3637
2261 4690
830 2456
4264 4505
837 4969
965 4585
2412 4514
2948 4742
2456 4732
2801 3079
2134 2892
4714 4903
670 2647
2134 4624
46 4539
2708 4455
3150 4225
3922 4445
4318 4561
787 4141
4215 4364
3488 4157
810 4892
2668 3107
3639 4551
3875 4452
1921 4995
2158 4816
2471 3151
2964 4853
3301 3825
571 4626
3158 4879
694 1413
1059 3006
1943 2018
3273 4368
3183 4264
2708 4165
2892 4215
2601 3655
1921 3829
2046 3488
3091 4454
4282 4406
1030 4000
2634 3163
2554 4903
1658 3801
2 2554
1708 4098
4561 4563
1802 4171
2879 4551
920 4519
3043 4364
2591 4563
2904 4539
2534 4810
3091 4241
3588 4657
2997 4872
1771 2845
1444 4186
2801 4885
2552 4885
4221 4613
471 4828
1743 3619
2437 4562
3296 3922
4186 4777
1202 4455
4315 4490
787 2733
768 4873
2529 4926
2823 4514
4608 4668
3217 4165
1532 4689
4386 4892
764 4208
3097 4562
3289 3295
3585 3927
3633 4299
3285 4579
748 3301
3785 4189
3204 3639
1295 3421
1827 4765
3785 3896
4120 4608
1090 4892
4454 4840
4240 4585
1792 4974
2113 3739
411 4531
829 3285
2529 3151
1371 2122
642 4771
3215 4782
1792 4418
2634 4994
2772 3984
3268 3786
4573 4710
161 4515
1067 4926
1506 4840
1400 4187
179 859
3880 4063
1221 4243
2724 4759
2470 2978
2600 4765
1727 3639
3618 4472
2995 3051
1012 4315
1716 4176
3639 4562
2244 4455
2538 4926
508 2710
1100 3718
1758 4086
3452 4149
3875 4927
1309 4300
860 4723
1668 3786
3585 4867
1184 2067
1758 4585
1960 4810
3356 4514
768 2603
394 4091
1885 4045
4167 4171
3424 4162
4031 4742
4765 4882
3511 3755
3748 4626
829 2986
466 4282
1030 1411
1042 4218
2033 4664
2412 4882
2634 4719
1407 2263
860 4571
3295 4300
4225 4690
3027 4993
3031 3943
482 4186
4044 4872
4189 4561
2827 3370
3204 4551
1229 4579
2950 4671
2365 4597
2030 3309
3127 3273
4221 4395
4668 4974
4137 4452
4137 4927
2448 4729
718 2772
2018 4664
3922 4671
1506 4858
3896 4318
2650 3694
3031 4927
3750 4072
1732 3176
4208 4873
4759 4854
1692 4264
393 3632
632 4418
720 1876
2534 4854
2554 4455
3860 4072
4044 4221
3740 4761
1026 4868
1283 3896
2531 4867
1438 2933
3880 4673
4368 4387
293 2452
1926 4951
3268 4771
493 4787
1975 3483
1737 3128
3107 4455
3163 4873
4045 4854
3928 4604
992 4761
874 3219
3750 4800
4363 4668
3565 4539
1452 2013
3149 3573
2 1926
3749 4042
3829 4858
3814 4604
545 1371
512 2733
3724 4044
2823 4882
1612 3333
2531 4872
3014 3107
2120 2557
1294 4800
3419 4363
1295 4563
2207 4995
1959 4157
2678 4163
3095 3219
2403 4889
2115 4867
1789 4840
1309 4787
2902 3739
901 1038
2948 4045
3392 4241
3158 4690
2304 2986
2892 2910
3023 4903
3811 4070
1662 4868
3031 4742
599 4903
3204 4766
1428 4858
292 4563
4054 4854
3900 3927
3750 4383
4137 4208
2452 4872
4091 4296
455 4630
4165 4951
3131 4060
686 4828
1593 4573
2766 4798
2089 4872
93 4853
2964 2974
3424 3655
2115 4872
3452 4296
1437 4364
1643 4091
397 4756
1065 4723
890 1426
2933 4723
686 4176
3548 4176
4189 4318
4445 4671
3079 4472
1587 4505
3183 3922
2115 4221
1900 4682
1775 4624
4122 4882
2052 4714
3943 4302
3481 3691
4969 4993
2475 4766
1732 2052
3814 4994
1246 3888
201 4516
3562 4640
3511 4070
3880 4122
2575 4282
1111 4889
377 4682
829 3590
1639 3694
2950 3922
471 2832
1107 4903
2196 2527
368 4296
3043 4673
3364 3579
3183 4700
2136 4515
1068 1233
397 4947
2189 3104
4771 4974
974 4363
2437 4766
3749 4222
3474 4854
2134 4215
901 3845
874 4689
2998 4539
3797 4407
1100 3800
1107 4613
3217 3607
1068 1450
3922 4597
3138 4816
1535 4070
3552 4000
4364 4673
520 4994
1346 4626
2134 3579
890 4640
393 4867
4300 4454
312 2137
1999 4011
2964 4445
3618 4406
293 4922
4364 4816
3163 4994
2136 4608
3419 4668
4259 4401
3632 4657
926 3785
2099 4974
2186 3481
2120 4777
3900 4386
733 3565
4302 4448
2964 3922
804 2655
2136 3561
2499 4815
2186 4005
2964 4597
4671 4723
3618 4885
1021 2463
4063 4514
1100 2710
2145 4993
4395 4531
1426 3552
3488 4800
690 2668
904 4044
3370 4742
1744 4445
480 780
2821 4302
2055 4927
4363 4782
1917 3268
3051 4594
3755 4300
4386 4613
4515 4516
1463 4947
785 4070
2363 4571
2588 4395
3635 4668
3927 4682
4063 4122
853 4771
874 4562
1543 4613
3282 4243
2292 4562
1532 4664
3031 4516
3936 4348
2781 4519
2089 2830
1232 3748
1583 4853
3655 4504
46 4045
2668 3128
1346 4759
4613 4922
770 4974
1151 4060
2668 3151
1122 2472
2452 2978
4853 4993
913 4990
1409 4782
3690 4882
2003 4815
2588 4386
2220 4868
2933 4969
4005 4858
4126 4810
2554 4682
2455 3387
1660 3943
1487 3888
3158 4063
508 4472
3356 4466
440 4947
1408 3579
1876 4759
3236 4872
923 4889
2978 4395
2997 4221
488 4671
340 4800
1583 3900
2466 4737
3152 4993
4098 4299
1317 2458
1178 4810
2356 3848
499 4714
2554 4396
4009 4505
4630 4995
3498 4872
3797 4245
694 3798
4363 4418
1387 4448
1934 3579
3079 3452
1637 4668
167 4759
1215 4714
3031 4549
3829 4245
1534 4995
1428 4994
1636 4626
2585 4504
3157 3713
179 2363
1294 2779
926 4563
4300 4490
1469 3268
1943 4664
2983 4840
2472 4719
2603 3750
1124 4573
1426 3767
93 4700
699 4858
1487 4315
2463 3112
3431 4387
4084 4671
3740 4777
4448 4594
860 3075
1743 4490
1101 3740
1658 4222
1387 4882
2983 4995
4215 4624
2781 3635
3639 4732
2959 3875
2481 4000
3075 3767
2869 4579
853 4798
720 4054
57 3296
2466 4640
1674 3611
3718 4798
859 2466
2419 4714
4198 4689
674 1444
2186 4873
2259 4766
1587 3913
3488 3936
3561 3611
4086 4141
4198 4640
4732 4854
3585 4815
3346 4947
1870 4873
4454 4873
2499 4867
2601 4680
2588 3356
3150 4882
2603 4387
3387 4594
3613 3691
4245 4407
2157 3089
2549 4927
1845 4657
1102 4689
3481 3984
4732 4766
1438 2165
1333 3547
1408 1934
1310 4009
1532 3562
1832 4810
3097 4551
4086 4585
2986 4315
3158 4765
780 784
1059 3825
2186 4995
3419 4259
3547 4387
2686 4710
1921 4994
2220 3618
2003 3282
2724 4810
3579 3607
2710 4216
1674 4810
3481 3762
2557 3273
3511 3848
3755 3811
1724 1731
1848 3204
3767 4969
4126 4759
2870 4873
1042 4723
2600 4466
2655 4756
293 4221
3152 3922
3786 4098
307 744
3749 3845
4120 4892
4690 4879
3634 4613
1029 4007
1059 2046
3285 4259
451 3176
133 4186
3112 4903
109 4171
1232 4300
1637 4259
837 3748
1658 4120
1981 4539
1999 4561
3510 4045
4165 4682
1955 4800
4009 4597
428 4889
1344 3762
1352 4853
3298 4225
1151 1677
2491 4299
3607 3739
4044 4892
920 4031
3330 4922
2419 3176
2324 3511
2196 3542
2456 4828
2030 3748
1848 4324
858 4171
1981 3565
2466 2754
2416 3481
93 4505
257 4765
1178 4742
411 3900
2861 4873
3282 3762
3346 3786
832 3457
2575 4364
3655 4573
674 4969
4455 4882
3070 3435
2165 4723
875 3888
882 4951
1660 4927
2554 3739
686 4798
3051 4549
853 4892
1175 2845
454 3093
1463 4994
838 3769
2827 4539
3163 4840
1294 4756
1126 2801
2634 4995
4045 4810
2346 3522
3691 3984
2821 4452
1523 4585
1636 3548
1959 3936
2821 4927
2988 4571
3387 3886
1832 2870
2481 3552
3131 3487
1716 3579
206 4086
1333 4761
2997 4889
1178 4091
768 4858
1317 4490
1354 4299
3356 4765
3798 4045
2403 4756
2245 2259
2136 4974
3750 3860
4167 4798
1658 4042
2527 2996
1871 4563
2766 4771
4165 4867
871 4993
201 3875
454 4042
3481 4243
2421 4868
2870 2983
3588 4504
3219 4640
610 920
526 4585
2245 4732
3107 3719
3633 4401
397 4800
1708 4771
1544 3097
3573 4664
1144 4787
1802 4798
4798 4882
1387 4514
1438 4969
2419 3845
733 3510
2089 3498
2470 4889
3614 4348
76 4798
1845 3655
2245 4766
3123 3647
3886 4927
1232 4490
3411 4198
1619 4765
965 4070
4505 4671
3183 4993
1258 4879
2789 3285
4282 4868
1544 4732
4000 4969
1689 3701
1265 3984
2823 4157
330 4515
560 3814
3547 4186
2190 4927
860 4969
2096 4640
2904 4504
4445 4505
1428 4241
3597 3786
1587 4700
1934 4816
4514 4882
1662 2324
2013 4490
3618 3713
2472 4873
3943 4452
4072 4947
4198 4759
232 3762
1309 2458
2065 4561
2466 4689
1523 2421
3457 4737
3647 4737
3411 4777
3913 4853
2458 3548
4044 4531
3149 4283
3829 4995
4047 4710
4120 4515
3888 4149
3798 4742
2779 3900
243 4766
871 4302
3131 4186
4723 4969
1943 4561
3798 4054
2766 3289
2588 4892
3253 4515
1955 4072
2830 4922
3590 4215
3075 4723
3296 4671
488 4561
748 4573
161 4608
1982 3097
2802 4084
3097 3639
4126 4539
1900 3151
4682 4926
3419 4974
3943 4594
1069 4604
3880 4882
4241 4858
119 4187
3131 4777
610 3611
674 4571
2033 4689
4122 4690
876 3426
532 4951
3374 4828
2746 3259
4324 4551
1435 4597
1258 3431
3606 4044
4084 4993
900 3374
1613 4176
3650 4714
2158 2575
3487 4387
4060 4761
4315 4995
2869 4974
2259 2879
3296 4993
2696 4045
454 3176
694 4054
2356 2837
3928 4241
1197 4324
46 3474
1215 4816
4452 4594
545 2735
1955 4383
1613 4828
4689 4761
1981 2904
3006 3333
568 4993
4283 4318
1229 2879
455 4840
4472 4885
2137 3548
832 4000
763 4974
97 599
1144 3804
2033 4682
2909 4723
2988 3309
3225 4671
1634 3585
3197 3801
1122 3748
127 4700
3095 3123
2013 3804
1660 4516
1832 3928
3786 4299
2974 4853
1241 4882
1202 3128
307 4216
491 4000
1799 4787
1643 4149
4454 4630
1848 4245
3639 4007
1620 4406
2789 4363
4240 4680
3607 4951
564 4765
2189 4454
368 4091
2013 4300
3424 4657
1708 4299
201 4927
287 2339
820 3183
1317 3548
3402 3913
1771 2122
3542 3769
2189 4994
1319 4091
2696 4854
3138 4798
3411 4561
1583 4671
2363 4723
4241 4630
4719 4840
876 4828
1067 4396
1283 4561
1428 3387
159 2497
3079 3778
3431 4777
3613 3984
1610 4682
2648 3900
312 774
1426 4571
491 4221
2452 4221
2678 4782
3426 3565
992 4368
4216 4868
133 4800
763 2789
2497 4551
1792 4515
2439 2696
2600 4122
2249 4300
2983 4873
159 4732
2416 3691
3804 4445
1387 3298
2365 3296
2475 3485
3426 4759
3811 4990
4539 4810
1506 2870
2974 3597
3510 4126
68 4519
3848 4163
674 4723
2158 2910
1064 2209
1359 4318
2475 4892
832 4689
1827 3880
1792 4363
1202 3014
4011 4283
3298 4514
4386 4867
1743 4787
3023 4922
1151 3740
1112 4766
2735 4364
3346 4771
4281 4868
2362 3613
2605 4315
1317 3534
2157 4070
1975 3374
520 4840
1623 4597
3880 4765
520 2439
4007 4561
1339 1407
3590 4364
1409 3522
3128 4892
4009 4853
3091 4858
2245 4551
3421 4810
398 4922
785 3619
2416 3392
3127 3131
923 4867
1849 4892
3739 4951
2527 2845
3618 3622
2858 4452
4519 4608
488 3788
4597 4853
3107 4682
1440 4689
874 4664
1398 3364
3719 4165
4047 4680
4176 4719
4072 4401
2089 4613
3356 4122
4216 4406
832 4737
2196 4885
1999 4318
4395 4892
2789 4120
4604 4719
1950 2096
1467 2600
3498 4221
1047 4519
455 4995
2464 3259
3289 4299
4005 4682
3880 4514
1848 4732
2244 4165
356 4466
780 4218
2759 4673
3632 4680
3749 3825
2305 4868
3797 4840
1126 4216
764 4889
3635 4031
1636 3804
3928 4840
1444 3123
2261 4514
1294 4472
4007 4551
1333 4387
46 4742
1175 3043
493 3804
3488 3633
1229 4562
3611 4176
3635 4579
3739 4682
621 3614
542 1444
3183 4364
179 4198
3655 4710
2754 4673
1662 4406
2096 4737
4007 4766
4241 4995
4208 4858
4137 4516
3573 4689
3597 4084
2362 4243
1732 4714
482 4777
4516 4549
1153 4141
88 4315
1534 4777
3268 3634
3552 4723
3886 4594
1634 3639
3197 4951
3364 3619
1700 4472
4167 4828
4368 4761
2978 4613
3213 4063
3457 4640
413 4549
2983 4994
2362 3282
2821 3875
4867 4922
2549 4448
1846 3739
466 4868
3457 4689
1487 3452
3095 4756
1999 4189
2861 4840
3152 4084
997 2902
4714 4922
2455 2456
3112 4922
1716 3611
394 4296
713 4187
1122 4626
1141 4539
2293 4994
3788 4563
2220 2552
2591 3788
3075 4969
3083 3694
715 3829
1799 3548
658 3701
1232 4787
340 3633
2067 2305
2421 4216
1398 4990
1202 4951
2647 3301
3259 4302
1117 4766
1583 4084
1658 2144
3632 4585
2655 3632
3724 4922
2218 4505
4395 4867
1849 4815
4551 4732
3801 3971
571 3804
1398 1535
2324 3089
1359 4283
2263 3205
3107 4396
3748 4969
4401 4947
3510 4854
4719 4995
3435 3778
4208 4840
3498 4947
4445 4853
1692 3285
3597 4070
2065 3788
1012 4296
3562 4737
2481 4571
1921 4993
2115 2779
2361 3197
4519 4974
2998 3565
2165 4571
4060 4777
2409 4572
1314 4759
2158 4673
1408 4816
2753 4072
1053 1229
733 4472
1943 3457
735 4766
3370 3421
3984 4243
1383 4951
1832 4472
1524 3481
2282 4798
112 4031
829 1619
1799 2458
3800 3825
3633 3936
4157 4947
4176 4969
4573 4626
2099 4994
3767 4000
571 1739
2189 4840
2207 4407
1744 4505
2783 4515
713 4504
2304 4515
2324 3215
3483 3561
3632 3655
4363 4714
830 4218
1662 4282
1437 2910
4516 4594
2933 3767
2910 4215
2324 3755
720 4854
2356 3562
1090 4867
4514 4879
3896 4011
1999 4283
1124 4710
4585 4853
1900 4889
1405 4800
2746 4927
3104 3750
3981 4798
3547 4060
4585 4742
413 4700
973 1090
1981 3421
3374 4798
1727 4324
3157 4406
3104 4947
901 4903
3435 4668
545 2148
763 2733
1934 4091
1527 3619
302 4993
1677 4007
3474 4208
875 4315
3431 3647
892 2471
4396 4951
2988 4969
2455 4594
4126 4742
2832 3435
3719 4396
804 4516
3534 4626
397 3333
3431 4761
1255 4549
3788 4318
2733 4031
1207 4504
2158 4215
255 4993
307 3701
2678 4990
610 4454
1960 3800
1232 3548
3724 4613
787 4162
1623 4993
2261 4882
2475 3635
4613 4872
858 4815
1354 4296
2544 3083
3633 4947
1410 4060
2470 4221
2733 4974
1677 4761
3107 4951
2634 3814
1221 3282
2902 4176
3825 4222
4401 4765
1153 4710
3463 4561
1692 4218
2585 3253
307 1620
2152 4719
2244 4682
2832 4363
2870 4994
2207 4840
2535 4608
1026 4690
2554 4926
2759 4624
900 2902
3611 4798
3431 4060
1207 4187
804 4927
1407 4771
4137 4594
1359 4561
1506 4903
2759 3043
2827 4810
3694 4572
3748 4490
3364 4070
1344 1524
1732 3663
3296 4787
4120 4624
2068 3370
2531 4892
3183 4009
317 3694
1038 3971
560 3091
2869 4519
780 4969
901 3330
4383 4756
2585 4573
3431 4186
1587 4445
4572 4867
398 3663
1619 4515
2983 4208
1021 3971
2218 4282
3655 4657
3928 4994
2403 4401
3112 4868
3424 4187
1064 4664
2346 3083
1636 4787
3633 4348
1593 3655
499 3330
3647 4729
4448 4516
1352 1435
2244 3719
1802 3981
3888 4296
4873 4995
2033 2209
512 3825
3421 3607
2115 4892
4009 4671
1845 4710
564 4882
2346 3606
3158 3690
3927 3928
1469 2491
1870 4630
1117 4007
3748 4787
4664 4689
1440 4664
3829 4994
2870 4208
837 4723
112 4719
3364 4990
97 3330
690 4951
2196 4505
2305 3769
853 1280
1153 2647
2452 4867
3798 4854
4054 4539
4091 4149
2647 4680
2009 4761
4782 4990
1576 4872
3785 4011
2746 4516
2657 3936
610 4974
2527 4885
1955 2286
902 4947
1207 1523
2209 2837
3565 4054
3607 4165
4549 4927
2861 3928
1021 4563
2157 4782
2656 4505
2998 4854
3260 4765
3392 4243
4573 4680
2363 4742
2845 4630
4259 4947
963 4816
4872 4922
1534 4761
3778 4868
901 4868
1435 4993
3027 4700
3639 4766
3346 4098
670 4585
810 4070
1576 4395
2190 4594
4070 4163
2481 3309
4044 4348
2209 4737
3197 3845
3875 3886
127 4445
1467 4737
3138 4828
4000 4218
1975 2902
1186 4756
4187 4710
2412 4690
1354 4149
1409 4969
2220 4348
3785 4563
3622 4613
1846 4926
1934 2122
2293 4047
2113 4868
2827 4854
1610 3151
3829 3848
3236 3927
93 568
3755 4782
2657 4157
2802 4264
1067 4505
876 3561
2470 4815
2305 2964
3176 4624
1292 4756
1309 4626
1593 4657
4084 4597
3123 4007
4407 4604
4515 4608
623 4673
804 2746
2292 4551
3128 4396
3622 4044
763 4418
1849 4872
4368 4974
4571 4969
2657 4383
3724 4245
3301 4585
4872 4889
599 4042
1700 2067
1038 4903
3755 4163
780 4723
3333 4947
3797 4873
623 3590
4063 4882
205 4777
1832 3163
4657 4710
1771 3590
4063 4225
963 4120
1295 4539
1100 4815
3713 3778
2789 2986
2656 2964
2950 4993
1452 4300
517 1934
4531 4815
3213 3260
413 4504
2529 2538
3301 4086
4240 4657
2421 3023
1917 3346
1339 3346
2286 4626
2416 3613
3301 3655
2823 4690
3637 4680
2950 4771
1921 4005
774 4281
3091 4630
375 4571
1463 3006
2113 4771
2455 4549
1221 3691
632 3718
1571 3927
925 4383
1733 3719
2065 4318
2724 4657
3797 4995
1409 4690
2656 3402
4562 4732
2902 4828
281 4387
2437 3485
3131 4387
2656 4700
1960 4281
2656 4993
471 4176
1175 4624
402 4994
1069 4995
2879 4324
2933 4571
3031 3051
3488 4947
2403 3006
774 3811
791 3860
4047 4198
2363 4969
4562 4766
1437 4624
3880 4879
3204 4732
2113 3542
3296 4853
1047 2986
3023 3650
3205 4240
3534 4787
1926 4682
1876 4126
428 3123
2600 3690
542 4714
2259 3097
3452 4091
585 4549
1876 3474
1068 3452
2165 2988
2304 4259
859 3510
3981 4171
257 4514
402 4407
4363 4519
2779 4815
413 4927
2165 3767
167 1202
1233 4149
2033 3285
3158 4466
3236 4867
4348 4800
2552 3713
2575 4243
2904 3798
1067 1900
491 2701
2948 3421
1320 4782
4858 4885
2421 4406
2259 4551
686 3769
4585 4680
2686 4680
1775 2735
4241 4719
1411 2988
127 3922
1692 3371
1792 2733
3622 4867
4700 4853
3259 4452
1175 2735
1634 4889
2339 4445
164 3797
2544 3694
3619 4782
2113 4098
1383 4995
4060 4466
4221 4892
3127 4368
735 3364
1658 3095
4245 4604
4466 4879
569 4198
3392 3762
3635 4974
744 2067
4454 4994
4585 4657
1038 4867
874 4640
2481 4218
3014 4396
4281 4885
2657 4756
4640 4737
654 3217
1233 4296
2356 3095
4162 4573
466 3769
2261 2688
4418 4668
1294 4868
428 4729
4063 4879
4572 4585
1543 4531
1283 3785
3356 4225
2471 4682
1292 4348
1426 1438
3622 4922
2421 3800
3634 4630
2527 4777
2733 4515
2286 2756
3788 3800
926 4561
1100 4868
913 4759
1283 4189
1689 3522
2292 4324
3253 4974
2756 3804
2997 4922
3740 4368
257 2189
3083 3522
2084 3259
3611 3981
3511 3811
2959 4594
1832 4604
1619 4363
4324 4766
1265 3762
2499 4044
3128 4455
2497 3639
1258 4903
3788 4283
2827 3426
2529 3217
1302 3205
3123 3131
1708 3346
1689 2363
3253 4363
3611 4828
2282 4828
2455 3943
1463 4243
2305 4885
1400 4710
3804 4490
1532 4873
2997 4867
4245 4873
4120 4579
4798 4828
1523 4141
455 4604
4054 4668
4563 4800
2113 4299
3804 4300
2009 4777
4454 4858
3474 4810
4187 4573
3457 4664
925 4903
1202 1955
3619 3811
4047 4504
127 3913
568 4700
2986 4519
3205 3346
3253 4579
820 1354
4187 4657
585 4927
1227 4472
3552 4969
4690 4882
3411 4737
858 4044
4163 4782
1124 4800
2735 4283
923 3585
1848 4626
2027 3755
829 3635
1504 1524
2218 3152
1012 1246
3690 4690
3800 4868
898 4640
3330 3971
632 4386
3785 4926
205 3027
4386 4815
4516 4927
4613 4892
2823 3880
3176 3663
2821 4137
4657 4680
3123 4777
1623 4671
3163 4719
1885 4810
1750 3984
2869 4418
2491 3981
4245 4995
1504 3691
3138 3981
97 4714
2754 4664
902 4401
4531 4926
1398 3619
3260 4466
3498 4613
532 4664
468 1131
2974 4445
167 2948
3788 3896
2207 4406
3860 3936
468 4777
3778 4281
2529 2759
1999 4563
2823 4765
2789 4418
926 3896
3370 3798
4514 4765
1344 1504
2261 4879
4515 4579
1029 2475
4673 4816
642 4299
715 4995
4418 4608
2902 4167
1955 4947
810 2753
295 3083
545 4765
3632 4504
454 3663
3374 4171
699 4215
569 2096
3785 4283
1440 2837
1898 2759
3845 4903
4300 4787
1871 4011
4455 4682
4005 4630
732 4927
732 4452
4215 4816
2220 4282
3896 4283
3112 4714
690 4455
871 4723
2263 4771
3333 4756
4283 4561
2802 4700
1269 2832
1743 4626
4215 4673
735 4990
3289 4771
3585 4395
1440 3095
2499 3694
744 4281
3402 4264
4063 4765
3845 4714
4867 4889
255 4009
1101 4387
3613 4243
1352 2974
1536 4454
2830 4815
2157 4990
3387 4927
517 2455
3104 4348
1610 1727
791 4947
3225 3402
4009 4993
4084 4853
2978 4872
3150 4690
3633 4756
1122 4490
1637 4974
2544 4572
42 4974
3585 4531
3093 3845
4418 4579
1727 2879
2801 4868
3498 4828
4815 4922
2858 4549
3296 4084
1739 3880
2464 4594
4299 4771
517 3886
2527 3579
3888 4315
3483 4171
3943 4927
2018 2754
3043 4816
4810 4854
545 2910
2701 3371
2120 4729
1295 4283
4137 4448
2879 3485
2656 4597
4122 4225
3006 4756
281 2003
1112 4324
281 4186
1917 4299
2552 3769
4386 4448
2978 4867
2346 2650
733 3769
3875 4302
1346 4368
4387 4729
2647 2655
4063 4466
2207 4873
1534 4387
4815 4867
1674 4045
2144 4903
3913 4445
428 3647
2549 4516
3128 4514
1467 1672
1029 4766
699 4673
4162 4710
2455 4927
1848 4007
1207 4585
2603 4800
2605 4091
3411 3896
182 4466
3928 4995
875 4091
973 4990
428 4387
3701 4723
4504 4680
2861 4995
3801 4690
3913 4597
1410 1534
3511 4782
3426 4854
112 3829
488 4189
4815 4872
2789 4668
1042 3371
900 4798
2735 4816
2902 4798
2995 4927
3829 4719
4084 4505
3333 4624
3095 4689
4873 4994
4176 4798
2472 4245
4562 4657
1112 4163
2779 4613
3724 4700
508 4281
3138 3611
3411 4318
293 4867
3647 3740
1065 2701
1689 2909
3814 4719
1314 2588
920 2535
1438 4000
2538 4141
1064 4640
2869 4668
3829 4604
4264 4853
287 4689
642 3786
1126 1662
4640 4689
1197 4551
1207 3157
2904 4054
2668 4951
1677 3647
4531 4682
4122 4879
4072 4259
2305 3542
2823 4879
1269 4608
1435 4853
3027 4445
2439 4539
3157 4282
3273 4387
3542 4630
3474 4324
2552 2575
1314 4810
3825 4573
838 3739
4348 4947
1692 2481
1047 2783
3079 4282
3650 4348
2157 3364
3487 4186
774 2996
791 3936
2491 3205
1668 2196
3552 3767
1255 4302
2293 3387
654 4761
1026 4885
1668 4879
1689 4742
2033 4640
3150 3788
599 3093
2439 4810
1241 4879
2830 4867
1317 4951
1870 2186
4218 4571
1950 4640
3701 4000
3051 4137
2870 4719
2688 4690
2286 4300
182 4882
390 471
2983 4005
3333 3488
76 4176
1038 3650
3936 4072
2148 2910
3333 4969
2708 4951
2696 3426
3814 4840
2997 3927
560 4994
2009 4729
4368 4673
3070 4668
4407 4995
1613 4167
378 4299
2218 4084
2807 4504
425 4519
3089 4070
1269 3419
2601 4162
2783 4974
159 3632
1960 2869
1320 2708
1750 4243
1437 3043
2978 4815
2419 4042
4120 4363
4579 4974
517 4452
3785 4974
4514 4690
1186 4383
904 3606
2655 4657
2292 4732
1469 4098
585 804
1898 4673
1900 3421
997 4828
3091 4737
4296 4315
3075 4571
4519 4579
2678 4994
2452 4889
3411 4563
4091 4315
926 3971
3860 4756
2650 4572
2995 4302
3421 4854
3739 4455
2603 4756
1283 4563
4452 4927
3585 4990
3128 4682
1302 4300
3463 4283
3597 4505
2148 4624
378 1407
1383 4531
2591 3896
2870 4840
3149 4189
2557 4387
1227 4216
1047 3419
2783 4579
3213 3880
2448 3431
569 1789
926 3788
2113 4885
2244 4531
312 508
1975 4828
1620 2196
1982 3607
3797 4994
1799 4626
1618 2557
3561 4171
2499 3622
426 3767
2861 3829
787 2686
201 3943
1450 3778
4000 4571
402 4995
898 4563
1069 4994
3701 4221
526 4141
1612 4947
1371 4624
770 3510
1504 3984
2120 3547
2437 4732
3522 4218
1383 2708
88 4296
1079 4613
1617 4777
3333 4383
1215 4624
1012 4126
1739 3804
3112 4222
4084 4700
2801 4281
3225 4993
2879 4800
3150 3880
205 4395
3149 4011
4005 4873
3295 4562
3298 4690
4122 4765
2710 4282
1026 2996
2988 4723
1124 4240
4163 4990
2845 4673
560 4245
1917 4098
1126 2157
1197 1544
1845 4240
2099 4630
3023 3749
1618 3127
2964 3597
3927 4990
1536 4719
1610 4455
2832 4579
858 4892
1544 4766
1280 3205
1280 3786
3750 4401
4005 4604
3364 4993
3260 4690
4141 4504
2998 3510
2481 2909
2974 4264
1737 4951
4756 4800
2696 4732
3690 4122
330 4608
2802 2974
302 3767
426 4969
2096 4011
810 3755
3152 4671
4031 4723
2466 2837
875 3452
1870 2471
4454 4995
1527 4782
2499 4572
1151 4761
3718 4406
2527 4673
3104 4604
1732 4903
3896 4563
1846 3607
3128 4594
1310 3043
3296 4505
206 2585
378 4771
454 2463
4729 4761
1102 4198
1221 3392
480 4969
2832 4974
963 4401
2688 4765
1065 4218
3724 4386
164 4604
2557 2983
2933 4218
973 4782
3860 4383
2668 4396
2832 4418
4208 4407
2466 4759
1413 4539
1960 3718
3127 4761
2412 4225
3176 3650
2089 3860
3483 3611
1141 4854
1065 3701
3614 4800
2807 4573
2688 3213
3435 4579
4031 4974
4579 4608
2186 4719
3333 4800
858 3724
4162 4657
152 4872
2261 4122
973 3619
493 3534
2067 4868
2821 3762
2293 4516
4241 4407
1241 4514
3387 4137
88 4149
2470 3749
1639 2409
1523 4680
3463 3785
3485 4732
3150 3690
1731 4364
2996 3542
2046 4756
3606 4922
4171 4348
882 3217
2356 4640
2067 4216
2472 4840
3637 4240
3289 4098
2186 4630
1012 4091
3330 4903
1065 4571
1672 4664
2950 4700
4401 4800
4165 4455
1934 3590
654 4186
1344 3984
3150 4122
3387 4452
4395 4815
3498 3606
1771 4624
2027 3943
4047 4162
859 4664
4504 4710
4800 4947
4640 4664
1069 4208
2220 4472
2735 4673
4771 4840
1716 4167
904 4872
1934 4673
310 1832
4259 4572
1280 4771
768 4840
568 4853
2361 4951
2339 3183
900 4828
4149 4315
2282 4176
1527 2678
3900 4892
3647 4368
4245 4994
1819 3590
3888 4407
4141 4710
532 4682
859 3562
330 4974
368 4149
4176 4828
1294 2421
1437 4771
2552 4406
1634 4922
1408 4673
3301 3588
1122 4787
4141 4162
3104 4756
2534 2827
2148 4690
3402 4505
2259 2437
1428 4873
1178 2724
2821 3637
1352 3152
243 4798
3091 4245
2437 3204
4798 4815
1413 2827
770 3282
2286 4787
715 4994
837 2988
1409 2363
2261 2365
3023 4640
3561 4828
3614 3860
4714 4723
1452 2756
1660 3886
2529 3719
2456 2902
4031 4579
623 4624
2416 3282
4396 4406
1398 4163
4126 4187
2136 3635
3253 3285
1960 4406
2084 4516
2603 4259
4198 4729
3748 4300
3213 4882
1737 3217
3606 4395
2554 4240
167 3421
2634 4630
3197 3663
3750 4348
2974 4009
1131 4777
2207 4208
76 243
2772 3691
3619 3848
1339 3786
1141 4810
1144 4300
670 3588
1617 1677
2475 4562
3330 3845
3127 4519
3936 4162
1637 2783
1654 4951
3411 4189
1344 4243
3749 4903
3051 3875
2701 4571
1255 2821
1917 2263
2346 4572
2861 4245
2996 4406
3370 4810
3614 4756
2448 4060
4700 4993
3542 3718
1535 4990
2084 4927
3104 4072
2068 4539
1302 4771
2456 4798
3014 3719
1885 3421
3542 4472
1059 4800
4868 4879
4281 4454
2753 3364
3463 4563
3888 4091
1411 4969
97 4732
1536 4873
1352 2950
2647 4187
390 4858
2575 4624
2959 2995
3565 4810
832 1532
1246 2190
1413 4742
1898 4816
3309 4218
1111 4215
1111 4514
3183 4671
3619 4009
2362 3691
2472 4668
1359 4563
3089 4782
997 4798
925 4348
2996 4889
3151 4951
2470 4892
3634 3928
4597 4700
1654 2416
4401 4756
4126 4854
4165 4531
4490 4626
1333 4368
1576 4892
735 3811
1407 4995
1339 4771
2089 4889
287 2145
3647 4060
2534 2724
3804 4626
1302 1339
4816 4873
898 4011
2218 4853
3213 4466
205 4221
3295 3800
4608 4613
3922 4993
3690 3880
398 4714
1124 4585
2861 4994
1012 4149
2995 3943
3498 4815
2601 4573
1409 4723
1227 2772
3597 4445
4396 4926
853 3724
3253 4519
3330 3749
1221 3613
4044 4867
4208 4241
1731 3043
1898 4364
1038 3213
621 1371
1255 4594
3419 4519
2554 4165
3215 4070
2361 3023
3597 4009
255 4597
3597 4671
1802 4828
2471 4951
2733 4608
3123 4126
875 1319
3637 4141
3637 4504
152 3421
4240 4710
4387 4761
1405 4947
1409 4571
161 4974
3614 4072
402 4858
3632 4141
3614 3750
2145 4597
493 4300
310 4994
3157 4281
3913 4993
1314 4126
480 2701
2220 3718
2688 4882
3330 4222
3356 3637
502 904
3487 4729
1435 4264
2263 2491
1739 2802
4005 4407
542 4903
992 1410
1662 3800
2475 3213
340 4951
1117 4732
1504 3392
1672 3618
287 3922
2529 4951
2365 4671
1309 4490
2995 3259
3253 4418
3127 4777
3219 4664
3511 4163
232 4243
1026 4406
2282 4885
3485 3639
3748 3767
4086 4573
2412 3260
2869 3346
3786 4771
440 2046
1241 4765
1233 3452
3205 4299
1102 3219
4815 4889
4604 4994
923 3498
2409 3083
1700 4281
2096 3573
1634 4815
3647 4387
785 4782
1504 3613
3333 3614
3093 3663
890 4091
1184 4282
3565 4045
2575 4281
3510 4539
2263 4299
3295 4787
820 4756
4259 4608
1819 4624
3634 4007
2448 3547
2802 3027
3785 4561
1900 2827
1917 4771
411 4892
2 2471
2910 4364
3798 4759
1639 4815
784 1320
1955 4756
502 4613
2724 4539
4208 4604
4407 4994
3511 4990
1620 4885
621 2180
1124 4657
3075 3371
1126 4885
1452 4787
2552 4281
902 4756
1827 4466
1030 2701
292 3896
4448 4452
2470 3724
2948 3426
1409 3371
4448 4927
1571 4386
1186 4947
699 1819
3588 4710
1029 3762
4926 4951
2983 3634
1637 4787
2361 4903
2065 3896
1612 3633
1117 1229
1845 3632
3253 3435
1700 4885
3259 4927
3093 4903
1731 3579
488 3149
1112 4732
560 4873
3622 4892
1982 2475
4264 4873
3800 4472
1227 2196
1876 4742
4000 4549
1849 2115
4189 4283
356 4765
57 3888
2950 3913
3483 4084
1523 4710
1021 2419
2471 4396
1410 2120
76 4167
4395 4613
3273 4777
1737 4682
3051 4448
3273 3485
1750 3762
1444 4729
898 3788
1596 4974
1618 4777
2600 4690
3289 4000
3928 4630
1233 4315
4742 4759
3913 4505
4455 4951
317 4572
1437 2845
1775 4215
1596 4240
2190 4549
1450 3888
2346 3431
2448 4777
2464 4218
1943 3095
3298 4882
3801 4903
3488 4401
1452 4626
2046 3633
1064 1832
2648 4163
3561 4765
3225 4853
3176 3845
642 4922
451 3663
4162 4240
4198 4777
2421 4282
2475 4324
2152 4215
4042 4714
4221 4872
2909 4245
4689 4737
698 3487
1487 4296
2772 4243
3236 4386
2724 4126
4515 4974
748 4680
2134 4816
3128 3151
2772 3392
4007 4562
3611 4167
2529 3014
876 4798
3690 4225
201 4594
1444 3487
3197 4922
243 4171
3273 4729
1079 1849
2830 4892
3027 4009
2304 3635
902 4579
1487 1885
1737 4926
1536 2634
1042 4969
1243 4222
1921 4873
2781 4515
2781 4974
3886 4137
4466 4882
4742 4854
2365 4700
3713 4216
243 4828
2259 4732
356 4882
1535 4782
1319 4551
3225 3597
1243 3825
3027 4505
2686 3301
3075 4218
532 2033
2779 4892
3097 4732
3356 4882
1576 3724
2904 4742
3253 4668
1732 2148
377 4396
2781 4363
3104 4383
997 3138
2244 4926
2009 3740
3622 4815
502 4867
2220 3157
3632 4240
3097 4766
159 4551
3719 4853
4086 4504
2781 3070
2995 3886
1387 4122
3402 4597
4098 4771
512 4714
1534 4368
876 4176
3797 4454
2837 4689
1613 1620
3798 4810
4218 4723
4594 4927
3804 4787
1536 4630
2463 4903
925 4947
1689 4723
3801 4922
2409 2544
2549 4452
3364 4163
2293 3051
2959 4452
4719 4873
2145 4671
1733 4682
3542 4216
2261 4225
2439 2904
2356 4222
623 2634
2861 4005
3633 4383
4264 4671
1668 2263
112 4245
1265 3481
2909 3309
97 4903
1243 3845
2463 3801
4149 4626
1532 4198
965 4990
2068 4054
3123 4368
2190 3588
2207 4005
1758 2807
4149 4296
1885 4854
4225 4466
4630 4873
1383 1637
1789 2018
3150 4879
3886 4448
1982 4766
4072 4348
1463 1959
1437 4816
2009 4892
4005 4840
1848 4766
718 3984
1269 3285
2988 3552
1319 4315
2304 4974
2362 3392
2837 4737
133 4761
1898 3713
4318 4563
3079 4406
161 4363
4054 4126
1950 4737
2591 3785
3588 4680
356 4879
718 3762
2218 4597
3619 4969
1643 4315
2549 4549
1184 4868
3788 4189
1387 4879
2959 4549
1576 4922
2998 4045
2209 3095
499 4903
2759 3590
3769 4472
3330 4714
3579 4045
913 4854
1469 4771
2304 3070
4222 4903
152 4810
3031 4889
2789 4031
3104 3488
2710 4406
733 4126
3089 4990
119 2647
3213 4122
2591 4561
1571 4872
2650 3522
2869 3070
698 1444
860 3309
1943 4198
1674 4854
770 4539
2282 3138
232 3481
1042 4719
1079 4395
4098 4671
1672 4640
4624 4673
295 4926
4671 4993
3534 3804
1440 1467
4624 4816
2249 3534
3913 4225
838 1926
585 3051
512 4042
3457 3562
3639 4571
1885 2948
674 2030
4613 4867
88 4990
1487 4091
2356 3573
3333 3750
4198 4892
3487 4240
997 3981
4604 4630
3152 4597
1674 2068
2588 2779
2783 4418
3411 4640
1320 4070
2472 4454
4892 4922
2209 2754
3273 4186
2996 4281
3387 4302
1079 4892
2292 4766
2471 4455
4218 4969
1613 3718
2403 4383
4167 4176
206 3637
4386 4889
2823 3158
1689 4969
4070 4782
2724 3463
3127 3487
1038 4222
466 4472
1849 4613
2055 3387
2997 4892
2084 4302
2601 4585
2964 4171
3392 4903
4283 4563
4407 4630
3158 4882
1506 4995
2531 4221
3913 4671
4571 4572
3590 4816
3718 4176
623 2892
3151 4396
770 4742
2710 3618
159 4007
1122 4892
1727 4551
3896 4454
1310 4215
3217 4926
4120 4974
2948 4054
3483 4798
4302 4452
502 4386
1090 3622
2033 4198
1943 4689
898 4318
1731 4673
3637 4162
2148 4816
1309 4993
3825 3971
4407 4719
2657 4800
1724 2892
3392 3613
2686 2988
3215 3511
2099 4454
4189 4563
3718 4171
2585 4710
698 4777
508 3157
2055 4549
2065 3971
1571 4531
3014 3607
564 4879
732 4549
4031 4668
3562 4689
859 1333
3488 4756
1950 2754
471 3374
1643 3888
3561 3981
2412 4879
2986 3435
1677 4186
2365 4853
3014 4951
4994 4995
992 3487
1668 4771
2988 3371
411 1090
3690 4765
3474 3565
182 4879
2084 2801
1317 3411
1359 4828
4472 4868
2464 2821
735 1527
2189 4873
451 4922
1543 4872
2144 3197
2165 2701
3411 4011
1410 3431
4396 4597
3713 4281
902 4157
4187 4504
3548 4490
4171 4828
3006 4072
2746 4137
1750 2003
4141 4657
3392 3691
1654 3282
838 3607
4216 4472
3435 4974
830 4324
3295 4490
787 2655
3724 4815
2361 4222
3943 4448
3282 3481
4840 4994
3435 4418
1716 4798
810 3215
1314 4640
1832 4873
4690 4765
3370 4539
569 4737
732 2746
3485 4324
3370 3510
2137 3542
3875 4516
3622 4165
686 4171
3548 4626
890 4149
699 2735
3928 4208
292 4561
2018 2356
2753 4782
3713 4868
1587 4664
3579 4816
2591 3149
3474 4742
4225 4348
3298 4879
1069 3273
4671 4853
658 3371
1634 2779
2986 4579
310 4995
974 4668
3213 4225
1265 2003
3713 4472
4348 4401
2365 3027
1660 3485
564 4514
2249 4406
3483 4176
4626 4787
3971 4903
3424 4680
3457 4395
2472 4995
2710 3769
3801 4222
1400 4657
3215 4163
871 2950
1202 4165
3606 4815
3718 4885
965 4782
1069 3814
2696 4551
920 4608
1885 4742
302 4700
2753 3875
3485 4007
1411 3075
2122 2759
112 4840
4604 4995
3860 4157
4084 4585
1727 4766
3225 3913
913 2724
3875 4549
3588 3655
3588 4585
426 3236
4241 4454
973 3811
2412 4122
3522 3701
2892 4364
732 2293
3637 4585
1400 4664
3089 4163
1112 3639
425 4031
3607 4300
3936 4383
2249 4787
3597 4993
4208 4994
1302 2766
1435 1744
1535 2678
2339 2802
2452 4892
378 3268
2696 4445
3356 4879
3296 4009
4221 4815
2830 4872
1926 2244
2003 3762
3534 4490
2892 4673
3797 4719
4282 4472
2089 4815
512 3801
2527 4868
2950 4299
4162 4680
4604 4873
871 2802
2688 2823
3749 3801
340 4348
2600 4882
4872 4892
715 4719
520 4719
1771 4816
482 4368
317 4892
4241 4840
4011 4318
2013 4787
109 3374
1672 4737
1871 4318
1029 4551
1618 3547
3023 4714
2534 4759
1733 3739
2779 4872
3922 4264
3724 4892
468 2448
2464 3387
1544 1848
2207 3613
3197 4903
2756 4787
2759 4364
3562 3984
3718 4828
3225 4505
3619 3755
3452 4315
4664 4737
4682 4951
1387 4690
281 4867
1955 4401
965 4163
1524 3984
2218 3778
3801 4042
451 3971
2003 4531
2165 4885
2656 3183
3151 3607
3522 4572
1792 4519
375 4969
3163 3814
3260 4514
182 4765
397 3070
1731 4624
499 4222
2535 4259
2491 2766
1452 1536
1428 3829
1467 4664
3138 3561
1064 3573
1558 4047
4363 4515
4626 4868
4466 4690
2802 4853
2605 4149
898 4561
1126 4868
3236 3622
853 4630
307 4868
1506 4407
440 4259
3273 3647
890 4519
973 2686
167 4054
3607 4396
1021 4922
3498 4867
4854 4926
2361 4042
2471 2708
1314 1981
3356 4690
3534 3548
1613 3981
4216 4990
2756 4626
3971 4714
4624 4719
2591 4318
206 4162
3259 4448
4573 4657
109 3138
109 3981
1620 3769
804 2821
3285 4668
874 3411
1623 4264
3845 3922
4490 4787
4187 4240
1623 2339
1950 3562
394 4315
748 4657
2339 4700
3023 3176
4519 4668
1029 4732
1950 4198
1310 4364
330 1637
1610 4926
713 4680
3371 4969
4086 4657
1672 3562
393 764
4858 4995
2055 4452
1700 3769
1527 3215
1398 3755
2137 4885
2678 2753
3095 4198
4225 4765
1450 3452
2585 4585
733 4742
1100 3778
2754 4198
205 4386
3845 4042
3719 4455
413 4448
658 4218
768 4241
1047 4515
1982 4732
2084 2746
2733 4519
310 4840
2909 3767
3573 4771
3927 4815
1469 1668
3205 4771
1320 4163
3613 4572
451 599
1898 4624
1186 3614
2995 4549
4466 4765
3814 4407
4086 4167
1408 2148
232 1265
1535 2324
4765 4782
2549 4594
1438 4571
520 3928
3093 4922
654 4368
3585 3606
3634 4994
2055 4594
3031 3875
302 4597
3260 4448
3152 4505
4208 4719
1302 3786
3483 4828
3691 4243
440 4756
2 4721
42 2562
46 2607
57 4896
68 2675
76 4648
88 4437
93 4966
97 3372
109 1284
112 4980
119 2391
127 4918
133 4770
152 3979
159 4788
161 3580
164 4502
59 167
179 4932
182 4150
201 458
205 544
206 4992
232 4843
172 243
255 3976
257 4294
287 4032
293 1239
295 4175
302 4842
307 4914
310 4638
312 4461
317 3566
330 4118
21 340
356 4659
368 1938
375 3500
377 3530
378 4681
390 4116
393 4852
394 4971
223 397
398 2981
402 4205
411 4576
425 4902
426 3524
428 4473
440 4817
451 3793
454 1165
455 4928
466 3038
468 3917
471 930
480 4939
126 488
13 491
493 2761
499 4843
502 4612
508 1218
512 4654
517 4928
520 4043
526 2188
532 4905
542 1205
545 4803
560 3495
564 3997
568 3799
569 4411
571 4309
585 4915
599 2814
610 4674
621 3335
623 4292
632 4676
642 4542
654 2238
658 2901
670 2511
674 4736
686 4809
690 4846
694 2729
698 3839
699 4423
713 4908
715 4890
274 718
720 1967
732 3815
733 4698
735 2533
744 3020
748 4517
763 4907
764 3834
768 4775
770 4836
774 4973
780 4258
784 4651
785 4978
787 4820
791 4950
804 3683
810 2036
820 4857
602 829
830 4358
832 4731
837 4806
838 4752
853 4981
858 2862
859 2941
860 4820
871 3986
347 874
875 1667
876 4904
882 1158
890 4772
892 4481
898 956
900 4023
901 1182
902 2556
904 4172
913 3704
920 4607
923 4393
925 3538
926 4929
963 4314
965 4958
139 973
974 4760
992 4654
997 1958
1012 1447
1026 1182
1029 4884
1030 3998
1038 3897
1042 4456
1047 4078
1053 4886
1059 4963
1064 4971
1065 3317
1067 4204
1068 2000
665 1069
204 1079
1090 4004
1100 4499
1101 4421
1102 4550
1107 4394
1111 4550
1112 4746
1117 4257
1122 4570
1124 2510
1126 3381
1131 3192
1141 4614
1144 3096
1151 4138
1153 4943
1175 3791
1178 4859
1184 2071
1186 4963
1197 3414
1202 2804
1207 3318
153 1215
1221 4906
1052 1227
1229 4862
1232 4053
1233 4588
1241 3840
350 1243
835 1246
1255 3640
1258 4328
1265 4350
1269 4547
1280 4510
1283 4470
1292 4797
1294 4818
905 1295
1302 4620
1309 3305
1310 1650
976 1317
1319 4938
1320 3883
1333 4609
1339 3430
1344 4970
1346 4200
1352 4510
1354 4943
1359 4802
1371 4421
1383 3325
1387 3945
1398 4931
1400 3190
1405 3782
1407 4055
894 1408
1409 2745
1410 4757
1411 4332
1413 4910
1426 3243
1428 3327
1435 4962
1437 4058
1438 4362
1440 3171
1444 4906
1450 4962
1452 4003
1463 4998
1467 3148
1469 3506
1487 4971
1504 4449
1506 2888
1523 4688
1524 4509
1527 3400
1532 2817
1534 3970
1535 2834
740 1536
1543 3627
1544 4071
1558 4025
1571 4437
1576 4805
1583 1736
1587 4713
1593 3415
1596 4762
1610 4584
1612 3555
1613 2451
1617 2181
362 1618
956 1619
1620 4430
1623 3862
1634 4147
1636 3918
968 1637
1639 4610
1643 4319
1654 4101
1658 4394
1660 4024
679 1662
1668 2229
1672 4835
1674 3754
1677 4532
1509 1689
1692 1897
1700 3975
1708 4902
1716 3850
1724 4306
1727 4639
1119 1731
1732 4415
1733 4017
1737 3994
1739 4923
1743 4482
1744 3986
1750 4509
1758 3809
1771 4021
1775 4347
1789 3339
1792 4651
1799 2441
1802 4775
1819 4954
1827 3757
1832 4702
1845 3898
1846 4074
1848 4018
1849 4322
1870 4695
1871 4841
1876 4446
1885 4686
1898 2038
1900 4230
1917 4492
1921 2594
1926 3571
1934 4811
1943 4878
1950 2614
1955 4026
1959 4464
1960 4193
1395 1975
1981 4217
1982 2762
1999 3774
2003 4803
2009 4998
1914 2013
2018 4957
2027 4920
2030 2215
2033 4462
2046 4256
619 2052
2055 3792
137 2065
2067 3851
2068 4916
2084 4856
2089 4961
2096 4744
2099 2370
1252 2113
2115 4906
745 2120
2122 4536
2134 4978
2136 4731
2137 4705
2143 2144
2145 2484
2148 2844
2152 4955
2157 4848
2158 4605
2165 2394
2180 3335
2186 2890
2189 4528
2190 4814
2196 4823
2207 4972
2209 3007
2218 3978
2220 3477
2244 3365
2245 4829
2249 2265
2259 4796
2261 2767
2263 4773
2282 4996
2286 2381
2292 4897
2293 4687
2304 2952
2305 4846
2302 2324
1139 2339
2346 4239
2356 4214
106 2361
2362 3728
2363 4269
2365 2375
2403 3991
2409 4936
2107 2412
2415 2416
2419 4537
2421 3871
2437 2576
2439 3783
2448 4901
2452 4525
2455 4497
2456 4944
2458 2459
2463 3795
2464 2976
2466 3695
2470 4842
1143 2471
2472 4046
2475 3906
2481 3069
2491 4628
1607 2497
2499 4606
2527 4333
2529 4074
479 2531
2534 3108
2535 2981
2538 3950
2544 4634
2549 4697
2552 3846
2554 3413
2557 3410
2575 4991
217 2585
2500 2588
2591 4026
2600 4621
2601 4902
2603 3851
2605 3658
1061 2634
2647 3294
2192 2648
2650 4936
2655 4492
2656 2682
2657 4908
2668 2864
680 2678
2686 4741
2688 4078
2696 3669
2701 4453
2708 2773
2710 3877
2724 2727
2733 3231
2735 4104
2746 4609
1725 2753
2754 4648
2756 4909
2759 4849
2204 2766
2772 3729
2211 2779
2781 4785
2783 3923
2789 4818
2522 2801
1547 2802
2807 3274
1260 2821
743 2823
2827 4679
2830 4177
638 2832
2837 3833
2845 4830
2858 4316
2861 2866
1391 2869
2870 4602
2790 2879
2808 2892
2902 4696
547 2904
2909 4322
2910 4692
2933 3673
2948 4825
1390 2950
1433 2959
2964 4251
2118 2974
2978 3813
2983 4107
2986 4973
2988 4647
1949 2995
2996 4876
2997 4417
2998 3111
2905 3006
216 3014
3023 3866
3027 3813
3031 3445
3043 4660
3051 3802
3070 4888
3075 4305
3079 3464
3083 4600
163 3089
3091 3930
3093 3723
3095 4919
3097 3692
2829 3104
3107 4841
3029 3112
3123 4820
3127 4753
2364 3128
3131 3917
3138 3359
3149 4103
3150 4305
1833 3151
1954 3152
2149 3157
1545 3158
3163 4298
3176 4735
1061 3183
3197 4915
3204 3997
2530 3205
3213 4975
3215 4890
3217 4133
2689 3219
2803 3225
1833 3236
3253 4148
3259 4434
3260 3263
3268 4172
3273 3979
3282 4382
3285 4066
3289 3322
3295 4554
3296 4834
3298 3571
3301 4024
3309 3794
523 3330
3333 3342
3346 4876
3356 3815
2727 3364
3370 3884
3371 4108
3374 3907
3387 4012
2550 3392
1971 3402
3411 4305
3419 4428
3421 4482
3424 3861
3426 4744
3431 3805
3435 4791
3452 3977
3148 3457
3463 4596
1966 3474
2432 3481
3483 4590
3485 4789
3487 4258
3488 4258
3498 4587
3178 3510
2050 3511
3522 4767
3534 4631
2197 3542
2444 3547
1526 3548
3552 3842
703 3561
3562 3568
3565 3979
3466 3573
3579 4575
1163 3585
3588 4500
3590 4911
3597 4199
3513 3606
3607 4355
1705 3611
3613 4359
1622 3614
3618 4846
3619 3887
3622 4297
3632 4257
2882 3633
3634 4897
2952 3635
3637 4770
3218 3639
1831 3647
2727 3650
3655 4156
1286 3663
3690 4985
3691 4065
3694 4987
3701 4217
3375 3713
3718 4821
3719 3726
3724 4546
3739 4617
3740 4599
365 3748
3501 3749
3750 4794
3755 4998
1455 3762
2396 3767
3769 4382
2907 3778
3785 4071
3187 3786
3788 4862
3417 3797
3493 3798
305 3800
387 3801
3804 4306
3811 4818
2709 3814
3825 4949
2853 3829
3845 4651
3848 4661
2969 3860
3875 4928
3880 4632
3886 4965
3168 3888
1262 3896
3420 3900
3913 4910
3922 4232
1859 3927
3928 4728
3936 4422
3943 3958
3971 4593
1308 3981
3984 4443
4000 4593
2386 4005
4007 4933
4008 4009
3661 4011
414 4031
4042 4996
3727 4044
2613 4045
4047 4059
4027 4054
4060 4089
181 4063
4070 4904
1963 4072
1641 4084
1365 4086
4091 4105
4098 4397
2803 4120
4122 4715
4077 4126
1024 4137
1489 4141
3164 4149
2741 4157
4162 4898
3261 4163
2102 4165
4167 4894
4171 4181
2797 4176
4182 4186
4187 4526
349 4189
4198 4580
470 4208
4215 4998
4216 4846
4218 4845
4221 4263
3121 4222
4225 4857
2793 4240
2300 4241
3495 4243
3751 4245
2649 4259
4264 4644
596 4281
2608 4282
619 4283
4296 4912
4298 4299
4026 4300
4302 4518
930 4315
4206 4318
4156 4324
2905 4348
2473 4363
4364 4484
4368 4646
1824 4383
4386 4865
4387 4820
2757 4395
3998 4396
2032 4401
4406 4730
3500 4407
2407 4418
2796 4445
4347 4448
2278 4452
4131 4454
3679 4455
4381 4466
4472 4968
3870 4490
4250 4504
2396 4505
1425 4514
2728 4515
2865 4516
4519 4558
4470 4531
3396 4539
3041 4549
2371 4551
3314 4561
3998 4562
3545 4563
742 4571
4415 4572
4573 4577
2405 4579
4585 4812
1842 4594
692 4597
4604 4750
3869 4608
4129 4613
4589 4624
3000 4626
775 4630
4622 4640
4657 4713
2487 4664
602 4668
17 4671
3319 4673
2999 4680
4265 4682
1275 4689
964 4690
4700 4823
4710 4959
4706 4714
1773 4719
4723 4989
3609 4729
3758 4732
4661 4737
3438 4742
1495 4756
4745 4759
3917 4761
1160 4765
4040 4766
4424 4771
4698 4777
4096 4782
2762 4787
1892 4798
4330 4800
4147 4810
1418 4815
4441 4816
1787 4828
3556 4840
823 4853
1113 4854
4103 4858
2834 4867
4846 4868
2550 4872
439 4873
4871 4879
4553 4882
4461 4885
2300 4889
3186 4892
2465 4903
1460 4922
2507 4926
4470 4927
1520 4947
3384 4951
409 4969
543 4974
3668 4990
2162 4993
1511 4994
4362 4995
2 4214
42 4746
46 4685
57 3833
68 4599
76 4178
88 4971
93 4400
112 3591
119 4201
133 4528
152 4699
159 4417
164 4886
179 4195
182 4936
201 4397
206 4943
232 4824
255 4564
257 2564
287 3752
293 4424
295 3581
310 4934
312 3836
330 3494
340 4566
356 4359
368 4599
375 4718
377 3857
378 4793
390 4274
393 3672
394 4781
398 4285
402 4583
411 4113
425 4583
428 4377
455 4952
466 3222
468 4936
471 4590
480 4992
488 2007
493 4238
499 4461
502 2528
512 4964
0 520
526 4500
531 532
542 4394
545 1180
560 3266
564 4326
569 4267
571 4497
585 4632
621 3916
623 4404
632 4819
642 2229
654 4820
658 1360
670 4584
694 3932
698 4350
715 4220
718 4544
720 4183
744 4943
748 4611
724 763
764 3155
768 4780
774 2613
784 4953
785 2547
791 4764
810 4948
820 4702
829 2119
830 4960
832 2498
837 4770
838 4522
859 3002
860 4304
871 4635
875 4249
876 4590
882 4148
890 4944
892 4707
900 4590
901 1673
904 4914
920 4528
923 4683
925 4330
926 4825
963 4076
965 4745
974 4248
992 4741
997 4298
1030 4577
1047 4056
1053 4382
1064 4525
1065 4566
1067 3303
1068 4971
1079 4618
1090 3523
1100 4667
1101 4820
1102 3699
1107 4538
1111 4724
1112 3420
1117 4326
1122 4975
1124 3711
1131 2714
1141 4708
1144 4940
1151 4724
1153 4724
1175 4192
1178 4827
1184 4760
1186 4839
1197 4553
1207 4335
1215 4369
1221 4925
1227 1330
1233 4220
1241 4915
1243 1820
1246 4971
1255 1834
1258 4214
1269 4980
1283 4881
1292 4724
1294 4346
1309 3947
1310 4999
1319 4971
1320 1485
1333 3692
1344 4976
1346 4819
1352 4107
1354 3834
1359 4978
1383 4074
1398 1509
1400 4099
1405 4916
1408 4916
1410 4507
1411 4584
1413 2138
1426 4627
1435 4647
1440 4501
1444 4975
1450 4971
1452 4554
1463 2620
1469 3563
1487 2761
1504 3689
1523 3854
1524 4275
1532 2787
1534 4518
1535 4351
1543 4589
1544 4287
1558 4773
1445 1571
1576 3949
1583 4343
113 1587
1593 3412
1596 4367
1578 1610
1612 2433
1613 3444
1617 4876
1618 2937
1619 4791
1623 4288
1636 4293
289 1639
1643 2771
1654 4965
1658 4319
1475 1660
1662 4768
1672 3813
1674 4653
1677 3899
1689 3475
1501 1692
77 1700
1708 2331
1724 4652
1731 4829
1732 4660
1627 1733
1737 4928
1743 2703
1744 4274
1758 4080
1771 4284
1775 4989
1789 4295
1799 4726
1802 1809
1819 3337
1827 3422
1845 4694
1846 3331
1848 4785
1849 4277
1870 3747
1871 3805
1876 4747
1885 4731
1898 4692
1900 4625
1917 2235
1921 4352
1926 4857
1934 4946
381 1943
1959 4925
141 1960
1975 4644
1492 1981
831 1982
1999 3234
2009 3360
2018 4609
2027 4553
2030 4979
2046 3135
2052 2494
2055 4676
2065 4633
2067 4146
2068 3939
2084 2615
2089 4928
2096 4525
2099 4545
2113 3953
2115 4307
2120 4909
2122 4999
2134 4788
2136 4675
2137 4963
2144 4794
2145 4501
2152 3920
2157 3793
2158 4823
2165 4847
2180 3916
2189 4227
2190 4780
2196 2198
2209 2748
2218 3986
2244 4592
2245 4964
2261 4277
2263 4279
2282 4855
2286 2619
2292 2573
2293 4751
2304 4693
2305 4193
2324 4752
2339 4755
2346 4936
2361 4526
2362 4128
2363 4683
2365 4575
2403 4412
2409 4480
2412 4323
2416 3837
2419 4394
2437 3938
1745 2439
2448 4223
2452 4874
2455 4370
2456 4960
2458 2567
2463 4209
2464 4982
2466 4320
2470 4688
2472 4691
2481 3995
2491 4843
2497 4503
2499 4370
2527 4629
2529 3665
2531 2866
2534 4468
2535 4982
2538 4734
1115 2544
2547 2549
2552 4751
2557 4820
2575 4535
2585 3393
2393 2591
2600 3277
2601 4804
2603 3504
2605 4971
2634 3601
2166 2647
2648 4444
2650 4440
2656 4983
2657 4582
2668 4312
2678 3310
2686 4483
2688 3627
2701 4105
2708 4376
2710 4846
2724 4677
2735 4093
2746 4050
2753 4495
2756 4410
2759 4038
2766 4295
2772 3567
1933 2779
2781 4638
2783 3267
2789 4567
2801 4327
2802 4851
2807 3920
2821 3254
2823 4658
2827 3623
2830 4769
2832 4914
2476 2837
2845 4958
2858 3167
2861 4943
2869 4694
2870 4600
2879 4064
2892 4323
2168 2902
2904 4231
2909 3429
2910 4308
2933 4827
2948 4025
2950 4080
2959 4238
2964 3476
2974 4985
1482 2978
2983 4623
2986 3868
2988 4397
2995 3865
3 2996
2997 4905
2998 3684
3006 4234
3014 3965
3023 4931
3027 4684
3031 3698
3043 4643
3051 3464
3070 4982
2684 3075
3079 4804
3083 3566
3089 4129
3091 3581
3093 4976
3095 4525
3097 4451
3104 4328
3107 4860
3127 4898
2956 3131
3138 4711
3149 4708
3150 4467
3151 3907
3152 4028
3157 3868
3158 4857
2774 3163
3176 4912
3183 4901
3197 4774
3204 3816
3213 4534
3215 4917
3217 4219
3219 3428
3225 4734
3236 4924
3253 4547
3259 4397
3260 3306
3268 3304
3273 3917
3282 4612
1945 3285
3289 4891
3295 4470
3296 4712
3298 4678
3301 4151
3309 4778
3330 4008
3248 3333
3346 4699
3356 4953
3364 4569
3370 4929
3371 4870
3374 4590
3387 3492
3402 4552
3411 4792
3419 4615
1200 3421
3424 4500
3426 4508
3431 3917
3452 4586
3457 4619
1513 3463
3474 4350
2882 3481
372 3483
3485 4768
3487 4884
3488 4727
3498 4426
1332 3510
3511 4020
3522 4686
3534 4105
3542 4866
3547 4611
3548 4093
3552 4703
3561 4590
3565 4575
3492 3573
3307 3579
3313 3585
3588 4694
3590 3990
3611 3630
3613 4078
3614 4330
2727 3618
3619 3903
3622 4699
3390 3632
3633 3836
3634 4088
3078 3635
3603 3637
3639 4688
3461 3647
3650 4920
3655 4073
3663 4760
3690 4674
3558 3691
3694 4747
3504 3701
3713 4550
3718 4691
3719 4190
3724 4906
3739 4391
2328 3740
3748 4050
3749 4722
3750 4330
3755 4322
3762 4277
2543 3767
3769 4804
3778 4822
1575 3785
3786 4712
269 3788
3797 4851
3798 4586
1399 3800
3801 4270
3804 4708
3811 4953
3814 4834
3825 4637
3829 4182
3845 4949
3848 4367
3860 4537
3875 3945
3880 4650
2873 3886
3888 3895
3896 3935
3900 4992
2712 3913
3922 4116
3927 4938
3928 4449
3936 4399
3943 4257
3971 4986
3981 4487
3321 3984
4000 4861
4005 4253
4007 4856
2225 4009
4011 4846
4031 4034
4042 4965
4043 4044
4045 4768
4047 4838
4054 4651
2614 4060
3181 4063
3813 4070
4072 4257
2332 4084
3692 4086
4091 4939
3484 4098
4120 4388
4122 4991
4126 4135
4137 4703
4141 4500
4149 4971
4157 4369
4162 4446
4163 4272
4150 4165
4167 4590
4171 4833
4176 4291
4186 4820
3898 4187
4189 4914
4198 4525
1773 4208
4040 4215
4216 4552
4218 4665
4125 4221
4222 4333
4225 4735
4240 4496
4241 4688
4048 4243
2843 4245
4259 4852
4264 4517
4281 4421
3570 4282
4283 4287
3190 4296
4299 4308
3509 4300
3716 4302
3960 4315
3967 4318
3920 4324
4118 4348
4353 4363
4105 4364
4359 4368
4383 4713
3754 4386
4143 4387
2266 4395
4396 4991
4399 4401
4406 4641
4407 4792
4418 4837
4440 4445
4448 4904
157 4452
3698 4454
4032 4455
3675 4466
4193 4472
1051 4490
4429 4504
2584 4505
1384 4514
2160 4515
4433 4516
2489 4519
3347 4531
4539 4678
4549 4797
2224 4551
1259 4561
2449 4562
3595 4563
3938 4571
4572 4936
2163 4573
4579 4590
4129 4585
4583 4594
4597 4615
3912 4604
4608 4609
4378 4613
4624 4681
3509 4626
2114 4630
4438 4640
4498 4657
4664 4674
4668 4791
4270 4671
3911 4673
4680 4707
4246 4682
332 4689
4341 4690
4700 4712
2163 4710
4714 4976
4691 4719
3823 4723
2546 4729
4728 4732
4525 4737
4040 4742
525 4756
1561 4759
4360 4761
4408 4765
2166 4766
4010 4771
4459 4777
4508 4782
4787 4999
4478 4798
4788 4800
4810 4834
4173 4815
3319 4816
4590 4828
2695 4840
4853 4891
4496 4854
3194 4858
3536 4867
4193 4868
4870 4872
4873 4956
4843 4879
4882 4940
4885 4935
4537 4889
4834 4892
4774 4903
3766 4922
3816 4926
3549 4927
4655 4947
4951 4952
4884 4969
4974 4998
4953 4990
3672 4993
4653 4994
4965 4995
57 4479
68 3059
119 4616
152 4423
164 1424
206 4982
255 4980
295 4143
312 3092
330 4758
368 4971
375 4997
377 4843
390 4378
394 4901
455 4950
466 4487
493 4789
499 4652
542 4753
564 3527
621 2255
632 4111
654 4542
670 4500
694 4897
698 4820
748 2932
764 4871
774 4831
784 4850
830 2838
832 3908
876 4672
882 4530
892 4796
900 2323
904 4650
923 4950
963 4481
974 3458
1053 4014
1068 4601
1079 4847
1102 4848
1111 4857
1117 4863
1131 4645
458 1141
1144 4999
1151 4355
1153 4821
1175 4365
1178 4468
1184 4846
1197 4434
1227 4942
1233 4087
1241 3506
1246 4581
1255 4133
1258 3349
1283 4547
1292 4502
1320 4425
821 1346
1354 4817
1359 4683
1383 2780
1400 4431
1405 4956
1410 4938
1411 3257
1413 3932
1426 4832
1440 4967
1450 2731
1463 4736
1523 3781
406 1535
1543 2176
1558 2333
1571 4598
1576 4148
1583 3036
1587 4697
1593 4440
1610 4145
1613 4362
1617 4482
1618 4170
1636 4043
1639 4936
1643 4971
1654 4568
1724 4952
1733 3865
1737 4377
1743 4767
1744 4953
1758 4492
1771 4850
1789 4888
1799 4621
1802 3844
1827 4202
1849 2372
1876 3932
1898 2824
1900 4998
1959 4399
1975 4647
2009 4933
2018 4506
2027 4984
2052 4986
2065 3697
2067 3559
2068 4224
2089 4850
2099 4639
2115 4653
2120 4002
2122 4185
2134 4694
2137 4046
2144 3751
2145 2396
2152 4404
2180 4814
2190 3030
2218 2342
2244 4606
1145 2245
2261 4886
2292 4497
2305 4958
2346 3566
2361 4394
2362 2704
2363 2826
2365 4447
2403 4805
2409 4471
2416 4246
2437 4786
2439 4888
2448 4711
2452 4940
2455 4683
2456 4886
2458 3725
2463 4544
2464 4932
2466 3308
2470 4764
2497 4570
2499 2694
2527 4287
2445 2529
2531 4431
2534 3932
2307 2535
2538 4482
2544 4917
2575 4546
2591 2876
2600 4679
2601 4818
2603 4474
2605 4847
2648 4992
2650 4705
2657 4911
1375 2668
2678 3903
2686 3692
2688 3271
2582 2701
2708 4918
2710 4506
2746 4910
2756 3509
2759 4670
2779 4656
2781 4984
1891 2789
2801 4649
2807 4792
2821 3948
2830 4944
2832 4511
2504 2837
2845 2854
2858 4807
2861 4615
2869 4934
2870 3707
2892 4716
2904 4467
2909 4770
2910 4977
2933 3234
2959 3679
2964 2976
2978 4908
2986 4987
3006 4160
2016 3014
2664 3027
3051 4956
3070 4791
3075 3451
3091 3756
3093 4439
3095 4558
3097 4669
3104 4356
3107 4085
3138 4655
3149 4507
3157 4804
3158 4981
3163 3866
3176 4725
1389 3215
3217 4542
3219 4076
3225 4575
2383 3236
3253 3991
3259 4851
3260 4726
3268 4188
3281 3282
3285 4791
2398 3289
3295 3453
3296 3856
2037 3298
3301 4908
3330 4648
3333 4989
3356 4495
3371 4907
3411 4954
3419 4791
3424 4408
3452 3805
941 3457
3463 4548
3485 3704
3487 4820
3488 3963
3511 4453
3522 4530
3534 3838
3542 3550
3548 3954
3552 3775
3565 4734
3573 4468
2757 3585
3588 4979
3590 4893
3613 4735
3614 3809
3618 4964
1404 3619
3622 4326
3632 4778
3633 3679
3634 4871
3635 4481
3637 4920
3647 4881
3650 4061
3655 3863
3169 3663
3690 4439
3691 4977
3694 4936
3701 4601
3713 4193
3718 4838
3719 4869
3740 3933
3748 4876
3509 3749
3750 4717
3755 4274
3454 3769
3778 4477
3372 3785
3786 4915
3482 3788
3797 4355
3798 3932
3800 4804
3673 3801
3682 3804
3541 3811
3814 4336
3829 4770
3845 4580
3848 4242
3860 4430
3875 4518
3880 4619
3068 3886
2334 3888
3896 4718
3900 4884
3338 3913
2396 3922
3927 4590
3928 3934
3936 4865
3698 3943
3971 4988
3981 4590
3984 4062
1611 4000
4005 4874
4007 4652
4011 4267
4031 4384
4038 4042
4044 4920
4045 4489
4047 4989
4054 4827
942 4060
4063 4763
1665 4070
4072 4755
4084 4293
4086 4739
3241 4091
4098 4109
4120 4935
3363 4122
4126 4145
3698 4137
260 4141
4149 4188
4157 4172
4161 4162
4058 4163
4167 4493
4171 4715
3751 4176
3626 4186
4189 4941
4215 4217
2800 4216
4218 4532
4065 4221
2494 4222
3876 4225
4240 4953
4241 4242
4243 4352
4032 4245
2355 4259
3986 4264
2016 4281
3944 4282
3649 4283
4296 4971
249 4299
4133 4300
4302 4312
4315 4848
3742 4324
4363 4833
4368 4820
1622 4383
4386 4790
4271 4387
3924 4395
4334 4396
4401 4421
4406 4735
4407 4855
4418 4615
4445 4844
1040 4448
4061 4452
3850 4454
4291 4455
2955 4466
4472 4804
4489 4490
4504 4916
4505 4711
4515 4791
4095 4516
4519 4795
4267 4531
4446 4539
4549 4887
2461 4551
4561 4718
2507 4562
4563 4754
4430 4571
3945 4572
4390 4573
4579 4791
3692 4585
4594 4596
3336 4597
3142 4604
3593 4608
3867 4613
4624 4931
4626 4806
4542 4630
4503 4640
4566 4657
3949 4664
92 4668
4671 4805
2780 4680
3278 4682
4525 4689
4498 4690
4139 4700
4710 4740
4029 4714
4719 4992
3612 4723
2322 4729
2330 4732
4416 4737
4701 4742
592 4756
4759 4772
4753 4761
4765 4906
4766 4799
4771 4826
1097 4777
4780 4782
2328 4787
1726 4798
4399 4800
1856 4810
4802 4815
4431 4816
2319 4828
4703 4840
4343 4853
1129 4854
3531 4858
3987 4867
4804 4868
2683 4872
4205 4873
4838 4879
4882 4920
4193 4885
4889 4943
4890 4892
4903 4919
4909 4922
4210 4926
4843 4927
4399 4947
4869 4951
3233 4969
4754 4974
4769 4990
4988 4993
4971 4994
1092 4995
368 4696
698 4275
892 4913
1053 4574
1227 4804
1246 3678
1258 4820
1292 4686
1558 3879
1571 4909
1617 3717
1643 3447
1876 3249
2018 4962
2068 4871
2180 4702
2292 4075
2362 4792
2448 4526
2452 4269
2458 4634
2529 4411
2538 4173
2591 4471
2605 4674
2650 4923
2746 3772
2756 4583
2909 4702
2580 2978
3014 4707
3027 4996
3075 4374
3047 3138
3157 4846
3158 3461
2777 3176
3215 3395
3219 4525
3236 3962
3254 3260
3268 4094
3285 3914
3295 4983
3296 4861
3301 4500
3330 4523
3463 4681
3511 3653
3522 3527
3534 4960
3542 4846
3548 4992
3573 4679
3588 3595
2882 3613
3614 4904
3622 4924
3633 4987
3634 4621
3345 3635
3650 4403
877 3691
3694 3839
3718 4970
3427 3719
3740 4772
3748 3836
3148 3749
3750 3758
3778 4804
3788 4559
3800 3835
3801 4077
2938 3811
3845 4590
3860 4330
3875 4289
3888 4971
3484 3896
3900 3920
3922 4350
3928 4340
3925 3936
3943 4440
4031 4040
4044 4587
4045 4423
4047 4998
4054 4905
4060 4402
4063 4591
3891 4072
4098 4495
4126 4203
4141 4677
4149 4949
4157 4460
4163 4667
4089 4167
4186 4192
2520 4215
4216 4924
4225 4937
4240 4781
4241 4841
4243 4397
4264 4806
4282 4583
4283 4470
4278 4296
4138 4299
4315 4971
4383 4921
4406 4970
4418 4791
4055 4445
4448 4984
2450 4452
4261 4454
4439 4466
4472 4836
4490 4652
4500 4504
4073 4505
4519 4791
3132 4531
4083 4549
4121 4551
4562 4823
4369 4563
4571 4985
2202 4572
4573 4821
4204 4579
4594 4607
4604 4874
4608 4874
4613 4749
4109 4624
4252 4626
4525 4640
4664 4869
3819 4668
4427 4680
4689 4919
4700 4704
4710 4712
4714 4724
4717 4719
4172 4723
4384 4729
4737 4778
4742 4778
4030 4756
4200 4759
3461 4761
4765 4791
4771 4786
2307 4777
4467 4782
3509 4787
3933 4798
4800 4906
4779 4810
4805 4815
4718 4816
4819 4840
4205 4853
3932 4854
4858 4917
4534 4867
3496 4868
3303 4873
4857 4879
4882 4934
4804 4889
4500 4892
4903 4909
3427 4922
4491 4926
4927 4987
4939 4947
4943 4951
4261 4969
2934 4990
4985 4993
4707 4994
2538 4875
3694 4029
3788 4971
3800 4846
3936 4792
4157 4874
4274 4299
4315 4392
4406 4804
4229 4562
4668 4708
4689 4720
4714 4964
3995 4719
3320 4729
4777 4795
4787 4930
4139 4800
4317 4810
4816 4865
3986 4853
3380 4882
4702 4889
4394 4903
4718 4926
4950 4990
4964 4994
