1341 4742
386 4944
2959 3926
3664 3792
2460 3825
1364 2485
212 4578
1684 4898
4373 4567
2400 3917
4891 4947
2171 4863
3566 4578
4537 4924
3868 4869
3927 4528
2256 4938
1243 3790
2741 3617
977 4608
3068 4905
2303 4652
1674 4891
398 4960
1304 4503
1855 4130
438 4555
2672 3790
828 4679
1861 4279
3322 4903
910 1224
1716 4814
2226 4993
1795 4313
3093 3709
3953 4415
3202 4983
4644 4720
157 4354
3976 4999
2503 4337
1046 4540
3485 4261
1472 3700
86 4300
4069 4716
1104 4578
3872 4423
2031 3644
2091 4864
2136 4759
2627 3943
3685 4770
272 4998
981 4759
1915 3353
1890 4800
1581 4679
3412 4265
899 4947
2359 4709
3246 4042
15 3522
2291 4656
4254 4660
2685 4714
3825 4865
652 4947
3489 3685
2169 2848
1329 1795
1389 4455
3702 4612
4074 4091
615 956
1856 4862
1907 3818
2588 4903
2168 4725
4842 4925
2632 4206
3108 3239
1279 4925
1694 3631
518 3880
2246 4200
2818 4969
4157 4862
3814 3914
4230 4714
2870 3982
561 2946
3644 3700
1646 4271
4476 4532
4729 4899
1102 3895
1428 4561
1819 4643
937 4999
3229 3322
3054 3548
612 4615
1733 4644
2627 4729
1418 4644
4312 4328
3239 4891
3054 4850
808 2453
3781 3949
2566 3381
2485 4899
2658 4865
3157 4862
4060 4908
2799 4061
810 4865
359 1585
1224 3943
1403 3935
2997 3536
4095 4473
446 4455
1102 1431
451 4846
1851 4189
2674 4993
4334 4648
90 4373
2502 3197
3522 4969
673 3322
4862 4974
1015 4086
3678 4770
870 4192
2278 3552
2502 4916
3757 4145
2506 4974
435 4163
584 2695
1653 3952
2086 3832
3157 4560
1035 4850
4860 4877
1606 4656
3624 4057
1795 4473
1373 4552
970 4880
451 4042
1766 4863
3240 3370
4057 4230
1369 3943
4294 4990
979 4130
1035 3066
2169 3488
3530 4725
693 4880
3558 3821
4757 4869
2312 4676
3858 4983
544 3552
794 3131
1513 4206
1976 4423
2189 4974
2935 4206
1587 4684
1242 4998
3170 4443
3296 4648
2805 3608
951 4932
3207 3796
2583 3294
3762 4279
3949 4312
1680 4990
2632 3926
4112 4862
3960 4356
3322 4164
3412 4294
135 3702
2295 4518
3950 4105
1733 2717
3397 3582
698 4993
1873 2826
627 4743
1676 4538
3322 4279
1811 3054
3868 4960
3370 3926
3694 4424
2169 4586
2278 4851
3068 4932
3295 4487
2986 3917
1819 4300
910 3821
3654 4533
1331 3257
261 4218
3624 4925
2561 4423
3493 4155
254 4998
544 4916
1243 4537
1983 3536
2945 4846
162 4842
2251 4925
1709 4337
2163 4578
2237 4578
3566 4046
2672 2905
2080 4094
2883 4743
3949 4595
187 3868
1415 3496
1770 3401
2189 4960
2805 3252
3228 4095
3709 4850
2798 2802
3563 4297
977 4084
2905 4972
749 4594
971 3796
3685 3804
3821 4682
616 3631
1288 2009
910 4261
3757 4728
4086 4891
274 4334
2848 4230
1329 4067
274 1811
339 4899
1442 4972
1680 3861
2460 4865
3455 4984
1568 2216
2678 4863
3461 4759
2446 3862
2735 4716
3084 4648
4425 4532
4444 4720
272 1513
1327 2627
1630 4131
2114 2303
2676 4993
3093 4865
4555 4905
4676 4720
1189 2734
1323 4503
2027 4814
2635 2798
2781 4720
215 4313
392 942
1761 2104
1819 4759
4503 4595
3685 3781
3914 4656
116 4863
3862 4698
1915 3942
842 2575
1104 2998
1907 4143
2503 4478
2503 3088
2306 4684
4328 4540
3131 3327
187 4130
1240 4864
117 4594
3027 4842
1961 4960
1819 2145
1871 4759
2658 4924
2913 4729
1573 4846
961 4869
683 3354
2627 2847
4298 4891
1373 4814
162 3864
3961 4898
2141 3631
1568 4578
157 3952
1733 4387
2929 3505
2955 3505
2704 4709
891 4443
3032 4552
4316 4880
98 1960
184 4889
186 4552
24 4579
2717 4908
4254 4924
2848 4586
1630 4932
2286 2698
1694 4864
2026 4561
2460 3147
2905 4594
1680 3774
3293 4990
1225 4899
2283 4444
1744 4898
2249 4316
2726 4800
3120 3361
3552 4114
571 4842
3093 3435
3804 4864
856 4938
1225 4729
1477 4189
3702 4158
4355 4728
4944 4998
3353 3505
2588 4880
3918 3961
2027 4969
3402 4051
501 3229
1404 4899
1418 4908
3714 4478
2112 3814
862 3402
2248 4989
3926 4998
3522 4814
1915 4316
3952 4908
1168 3409
2531 2575
3435 3825
1444 4424
1763 4864
3281 4989
4069 4998
1320 3904
2216 4800
2987 4188
1245 3296
2735 4476
3563 4503
116 4999
3293 4983
3792 3862
3108 3542
3496 4615
3861 4677
4060 4354
4905 4932
1568 2237
508 3814
842 4476
4677 4990
2798 3964
4643 4729
3346 4012
652 4891
2135 4523
461 2500
1689 4185
2141 4373
2729 4105
3555 3656
2141 3617
4578 4800
3542 4328
3028 4552
214 1035
971 3027
2237 2726
2485 4729
1946 4206
968 3821
4560 4869
1415 4972
558 4612
1279 3027
3790 4615
891 4877
2104 4334
3461 4271
4145 4983
75 4984
238 4756
2835 3872
387 3960
157 4316
1224 4899
4555 4932
3485 4660
4415 4869
2500 4046
1472 4743
2735 4586
3790 4972
1861 3700
2997 4938
2688 4938
2946 4271
3709 3982
1928 4677
1710 4424
3774 3942
3361 4130
3199 4555
2723 3714
3185 3976
3563 4455
3896 3943
4265 4552
698 4086
3964 4533
3036 3714
1415 4254
1058 4130
575 4084
2887 4203
20 3185
1161 3321
1873 3762
1928 4974
2529 4387
1371 4084
1670 2024
3188 3833
4145 4294
4218 4443
3790 4537
2997 4898
3694 3832
20 3296
516 3792
2837 4676
3410 4157
1444 3702
3656 4615
4677 4960
4528 4846
1404 3943
1883 4860
2027 4012
4114 4916
1911 4094
4356 4540
1992 3381
3953 4990
1861 4984
3861 4990
526 4684
1811 4527
2674 4947
4265 4990
4354 4387
4373 4682
1890 3439
1761 2141
75 4652
4218 4595
2734 3792
3904 4399
3960 4999
4373 4864
2698 4473
3412 4960
4144 4924
4916 4989
3563 4218
2561 2835
2202 2379
3066 3435
3346 4969
810 3895
4265 4677
838 4497
3832 4907
4121 4355
119 217
184 4265
1269 4729
2561 3606
2935 4944
546 4725
2485 4643
1907 3032
4312 4503
3953 4983
1719 4679
3568 4850
431 4300
4121 4189
4356 4999
1240 4528
3257 4742
4644 4676
1369 4300
3027 3864
1362 3952
1709 3068
1851 4615
1449 3102
1766 2295
2726 4578
3259 4560
3845 4974
239 4206
3599 4814
979 4533
186 3982
3918 4714
2695 3599
1501 4147
2231 3350
3821 4261
2866 4903
2477 4497
1442 4537
1924 4130
451 2993
2433 4203
2433 4993
4019 4990
4143 4561
3790 4261
1662 2350
4265 4757
4355 4842
4074 4399
4538 4947
3084 3606
1855 3324
2930 3917
4660 4972
1189 4074
1109 4704
3397 4523
4271 4889
4425 4579
3293 4298
3296 4178
3548 4105
4157 4567
1102 4527
4158 4880
1960 3463
2945 3804
1369 2485
2717 4644
3917 3935
4704 4770
870 4165
1331 4158
2551 4850
446 4972
2685 3536
3493 4969
1942 4503
3536 4714
2249 2580
159 3465
842 4586
2256 4254
3558 4924
3489 4891
780 4057
392 4074
157 4908
2303 4984
3084 3185
3685 4538
4889 4993
4051 4800
2982 3500
1306 4742
900 4555
2548 4944
3066 4527
3032 3774
326 583
1526 3864
4279 4298
971 4355
937 4924
1676 4947
1893 4974
4487 4676
4203 4660
1294 4960
1992 4903
2112 4094
1761 4864
4869 4983
930 4644
3336 4218
984 3102
3952 4644
4337 4555
3070 4567
3976 4863
3336 4297
2359 4067
3246 4684
3709 4865
212 4051
2500 3256
794 4877
615 4989
2723 4164
1245 4891
516 4074
3409 4328
2529 4908
4860 4944
3821 4537
612 4527
3875 4503
4060 4444
3256 4495
4188 4328
4298 4728
4728 4983
1418 3295
134 4676
976 3493
1710 3781
3138 3410
3757 3845
685 4860
749 956
261 3354
339 4643
1477 4704
4046 4800
4425 4478
3350 4860
1710 4907
1894 4595
2989 4652
1364 4300
3054 3435
3678 4538
3821 4716
1882 3322
672 4185
3185 4423
3370 4998
3281 4916
1225 1687
1912 4473
3429 4334
3964 4130
1920 3935
1436 4800
2171 4328
4478 4932
1774 4297
3131 4297
2959 4944
3199 3678
3644 4679
4444 4908
4728 4990
4230 4425
775 4891
1861 4652
2867 3463
4612 4880
2805 3295
842 4532
1011 4938
117 4850
615 3976
3259 4960
3792 4399
3995 4814
3781 4907
434 3608
2529 4720
1481 3683
1242 3039
3381 4254
3528 4265
1512 2109
2805 4652
4503 4877
4560 4728
214 3093
3896 4756
3093 3982
3678 4993
1237 3439
3088 3199
2839 3606
3926 4656
4200 4756
2147 4424
780 3410
2022 4898
4147 4313
1946 2291
472 4714
3197 4989
2632 2935
3628 4046
1327 4756
4424 4907
775 2637
1225 4643
3865 4537
1596 4163
1795 4725
2877 4086
2256 2902
670 3294
1473 4999
1587 4864
2531 4989
4313 4725
2171 4540
2502 4851
289 4899
4891 4993
697 4612
4682 4972
1404 4643
1329 4095
2117 4206
3402 4495
2678 3976
2799 4069
4608 4989
3678 4891
3790 4924
697 3781
2506 4560
2799 3914
1015 3381
4298 4983
1558 4993
1596 4743
1871 4709
54 4608
2163 2474
2583 3943
3088 4555
1418 4676
968 4660
3763 4527
2109 4684
2531 4851
2723 4337
2283 4908
4279 4984
340 4155
1043 4725
3281 4114
4297 4595
749 4972
4851 4916
2566 4615
3084 4334
2954 4999
3401 4387
1331 4612
212 4800
3804 3880
4757 4990
2248 4851
434 3548
3832 3926
339 3073
2959 4069
870 3461
2865 4932
3895 4850
3259 4983
1224 4643
1740 4399
2717 4060
4298 4990
3982 4850
4679 4743
2848 4716
1774 4218
2688 4682
2361 3880
3465 4230
1323 4877
186 4527
3489 4770
1608 4163
1609 4608
2477 3714
3290 4846
2826 2929
4144 4972
670 4899
2031 4163
3070 4355
3246 3634
1997 2278
3027 4121
2774 4989
1918 4158
1587 3617
2436 3102
4594 4938
2141 3804
1766 4999
3185 4074
1992 3702
3290 4864
4704 4947
2474 3247
3868 4130
1890 3628
2623 4354
4860 4891
518 4684
3949 4297
4060 4487
4095 4725
117 3821
1331 4907
3293 4112
3134 3790
4677 4684
4294 4960
4185 4652
4206 4998
870 4899
2477 3036
2293 4095
984 1449
4203 4615
1476 4743
1312 4704
3066 3950
2027 2731
3864 4157
431 4729
195 4608
1079 4497
2361 2802
2750 2798
4178 4334
2839 4471
2529 4644
3654 4373
3792 4091
1789 4471
1633 2022
2905 3790
2993 4131
1630 4478
2548 4069
1477 4993
2887 4924
3028 4969
3046 4578
3240 4998
3465 4716
1449 4999
4298 4960
3493 3551
1684 3961
1680 4298
2080 3796
4334 4537
140 4537
3599 3818
2658 4938
3536 4476
2637 2865
3927 4373
4969 4990
4042 4864
1055 3774
796 4908
942 4279
187 3683
1918 4903
1992 4880
2136 4192
1669 4105
3976 4356
4974 4983
2249 4880
3054 4865
3555 4924
321 1063
3536 3961
3558 4972
4019 4298
3804 4684
4163 4679
2993 4497
4415 4990
2477 4555
4473 4725
359 4218
984 4999
2086 4998
1871 4067
2252 4903
2750 4130
3485 4938
1028 1915
2100 3872
4114 4851
1587 1761
1298 2580
2231 2674
1341 4891
3551 3818
392 2734
4112 4560
2867 3644
1364 3896
2350 3134
598 4908
1568 4051
1851 4121
3845 4294
3781 4206
4164 4185
4316 4364
2959 4656
558 1992
4121 4567
2749 4497
3763 4850
1924 3964
2987 4356
4677 4869
24 4476
4165 4523
1184 4595
1418 3430
1756 4105
1883 4889
3070 4189
1464 4932
3862 4399
2541 4316
2541 4903
254 4944
1855 4194
2729 3825
238 4643
2731 4814
3439 4046
4143 4969
598 2623
979 4084
4863 4960
3270 3763
3568 4497
86 4729
2781 4444
3865 4970
1942 4312
2913 4300
3522 4552
1911 4925
3240 3914
1649 4387
4046 4495
15 4969
3709 4644
239 4944
3377 4814
1399 4889
115 4424
1187 3832
578 4157
1403 4759
2024 4889
2280 4846
4742 4907
3430 4060
2506 4019
72 3914
4560 4983
98 4355
672 2826
1369 4756
3381 4261
3825 3895
1306 3942
434 4865
1268 4656
3694 4880
4271 4759
3548 4682
810 3763
185 3833
2870 4527
3614 4907
1892 3354
1581 4743
961 4990
4187 4924
515 2223
4354 4720
876 4993
398 4677
4487 4908
3088 4478
900 4932
3093 3895
1015 4770
1630 4555
1608 2867
2109 3927
1614 4399
2091 2427
2566 4972
4560 4974
4415 4757
451 1573
1846 3774
2502 4989
1431 3825
2930 4271
2731 4969
3868 3964
1341 4704
1915 4880
2168 4313
3402 3566
4899 4905
1436 4046
2223 4903
321 4903
3070 4869
1373 3493
18 4865
217 3228
3814 4069
3792 3845
2596 2726
2993 4905
810 3568
856 4187
2635 4194
4067 4916
1501 4725
1463 4898
3120 3868
3505 4984
3528 4145
3402 4800
1573 4316
4297 4312
3354 4312
2588 4990
1189 3792
3489 4538
2136 3654
4042 4528
2826 3762
2105 4155
796 891
4131 4932
26 4185
3046 3566
3845 4265
356 4743
1907 4969
3865 4989
3904 4698
3761 4924
4298 4677
2982 4060
757 4989
1187 3614
80 4476
546 2698
922 4898
1915 4742
3197 4608
3895 3982
2734 3904
1568 4095
3134 4147
4084 4709
2379 4972
4471 4615
627 3463
2359 4989
697 4903
2635 3361
2959 4061
2478 3296
2757 4757
2081 4615
2818 4814
3188 4356
15 4561
73 4218
3157 4974
1568 4800
1614 4074
2118 3293
261 4907
977 4970
1309 4595
2902 3761
1312 4984
3935 4165
2135 4759
4337 4862
838 4478
2179 2632
2436 3248
14 4993
2802 4528
1976 3606
4203 4594
1680 4728
1404 4729
2439 4989
1323 1894
1606 4069
1770 3455
2112 2935
2478 4471
289 4643
3530 4540
627 4679
1733 4908
3736 4676
3774 4561
1710 3439
1104 3247
3228 3451
4729 4756
3229 4164
628 4676
1633 3563
212 4046
3781 4316
4200 4944
4704 4891
135 4533
900 3068
2954 3108
3036 4555
3054 4709
3551 4969
4297 4443
2179 3914
3324 4533
4455 4595
4112 4960
1015 4704
2551 4527
4863 4877
3702 4742
1242 4743
2189 4862
2837 4487
2252 3702
2982 4720
3207 4567
3814 4656
4158 4742
1341 4860
3412 4983
2226 4770
3700 4373
2596 4495
1298 4612
2913 4527
2145 4552
683 4443
2116 2518
1952 4164
4770 4889
387 4999
2280 4230
1369 4355
4188 4999
1976 4938
3694 3709
3942 4612
4579 4716
3246 4528
3952 4387
3953 4960
1512 4373
1513 3926
4130 4533
2548 4061
4192 4523
1444 4364
1046 4999
2252 3614
1449 4356
2837 4298
757 4114
979 3435
1630 2989
2026 4969
4704 4993
3202 4112
3683 4130
981 4271
4518 4999
3796 4355
1653 2717
3412 4990
2518 3566
3451 4147
1055 4155
4487 4679
3757 4990
3631 4846
474 4851
2676 3761
1983 4586
2839 4423
3295 4060
4716 4898
443 4993
672 2997
1789 4423
1988 4540
856 4924
800 4121
2887 4972
3073 4643
2319 4373
3401 4334
4157 4842
1674 4889
3248 4188
4846 4864
2350 4725
688 4084
2757 3606
2632 4998
1912 1995
2997 4716
4424 4742
4814 4969
2930 4759
3248 3409
4523 4743
2453 4399
4144 4938
277 4800
3027 4925
1573 4684
2955 3401
794 3875
1739 4579
2688 4615
3293 4916
3324 3683
3496 4682
3654 3683
159 4877
1304 4877
3599 4969
359 683
187 4194
2935 4998
3381 4594
3875 4455
3402 4578
1303 3781
3552 4608
3757 4983
3410 4121
1601 4471
1079 3068
1766 4188
2726 3868
2834 3790
2548 4993
2596 4046
3346 3377
3500 3995
1630 4497
3027 4057
1960 4679
2163 2518
3135 4729
2485 3943
2695 4552
2818 3995
4947 4993
24 4532
1073 4495
4203 4938
3131 4443
2557 4595
2674 4770
947 4487
1861 1873
4487 4644
3792 3904
2226 4860
3664 4698
561 4759
340 4143
1687 4423
3942 4880
947 2837
3904 4091
942 2826
2627 4300
2798 3120
3624 4567
3346 4143
1753 3685
2594 3528
3455 4164
649 2678
2145 3599
2658 4682
3796 4925
3796 4842
4230 4898
583 3952
4860 4993
4364 4907
579 2704
2477 4905
1649 4676
2246 4206
2688 4924
2945 4373
2541 4364
2986 4523
2291 4944
2993 4555
2171 4518
1294 4294
3381 3656
4084 4989
4012 4561
968 4615
2147 4903
1117 3599
4294 4869
3563 4877
4012 4814
1063 4364
3761 4938
3485 4682
1952 4337
2168 4473
2081 3496
1404 4756
186 2699
2883 3644
3197 3405
3606 4178
693 4742
2216 2726
3134 4313
41 1907
808 4698
1674 4860
3102 4518
438 4131
2866 4364
4960 4974
1406 4425
2997 4476
2141 4864
2566 4254
90 3327
1485 4497
3818 4143
2717 4354
1995 3451
775 4714
4312 4877
1015 4891
3346 4552
2802 4864
2249 3694
2246 3814
4094 4355
2866 3694
1184 3949
3935 4271
3246 3617
2676 4860
4051 4578
1046 3976
3027 4567
501 4984
2114 3505
1442 4615
808 1614
578 2141
1288 3960
2283 4720
4443 4503
1942 4877
3895 4105
2044 3202
1513 4656
277 4095
2223 4742
3702 4487
4189 4567
1855 4533
1371 3862
3488 4476
1512 4846
3953 4869
2226 3350
3068 4337
688 4970
3439 4578
4060 4644
947 4720
3832 4998
1761 4528
876 4889
3321 3814
274 4423
592 4993
3430 4387
3949 4455
4294 4983
1015 4993
1058 4194
598 4444
2478 4334
3294 4729
2248 4709
4265 4294
2081 2902
2518 2998
1716 3522
2887 4615
1907 4814
4757 4989
2359 4916
3554 4567
3868 4533
1447 4656
4716 4989
2756 4094
4188 4518
3774 4155
1674 3678
951 4337
3485 4990
2531 4970
3624 4842
1632 2439
704 3500
2848 3377
3131 4455
4131 4555
2557 4503
443 1028
4155 4561
4192 4677
4354 4908
2837 3430
1709 4905
2237 4495
4294 4974
2044 4869
2439 4916
3028 4012
2026 2596
2506 4720
1689 4984
3551 3599
3542 4356
891 2865
643 796
1073 2998
356 4163
2635 4757
2699 3608
2902 4594
3961 4579
435 3700
3157 4728
1011 4594
1381 4612
1526 4567
98 4476
3270 4905
1294 4862
672 4984
3324 3964
3465 4714
1242 1608
1892 4218
2993 3088
2575 4709
3914 3926
1719 4743
4537 4682
2231 4947
4086 4889
3548 3895
1608 4608
2478 4423
1705 4656
2583 3073
2998 3046
3361 4704
2080 3138
4704 4860
3240 4206
3170 4595
876 4704
1305 2623
2216 3628
2623 4720
2561 2757
3702 4903
2394 4743
72 4998
254 4057
2987 4518
3790 4656
1865 4756
1503 1609
431 4899
910 4473
1744 4579
1 4932
961 1893
369 4131
4254 4938
1312 4164
1766 1883
2798 4194
3240 4944
3961 4476
54 4916
2306 4528
2379 4938
1893 4842
4158 4364
4261 4594
472 3832
1952 4905
3435 4527
2632 4069
1444 4903
3350 4770
3796 4121
3762 4185
184 4891
800 3864
2169 4716
2171 4999
1237 2116
828 3700
1766 3960
2453 3792
1725 4814
3039 4163
3377 4561
3381 4537
516 3240
3995 4969
3995 4143
1670 4993
398 4728
910 3558
2627 4424
2022 4532
1063 1918
3054 3270
3858 4944
4271 4523
1476 4163
2672 4660
2105 4969
3709 4944
2781 4060
4770 4947
2117 4069
3792 4074
1716 3157
2293 2561
2867 4679
3485 3818
2580 4907
2877 4993
4158 4316
1886 2826
4677 4757
1526 4925
926 3582
1865 2847
2883 4679
1662 4729
2848 4579
1646 4759
1756 4537
2100 4334
2223 4880
3066 4487
3935 4192
1944 4147
1924 3654
3500 4814
2436 4328
4145 4298
2594 4990
3880 4864
4297 4503
1303 4742
2756 4203
2478 3606
2427 4864
4261 4682
1323 3563
571 4121
815 4060
3953 4757
2866 3942
386 2179
2756 4057
3239 4863
20 3656
2145 2695
4355 4925
3134 4473
3207 3624
693 2541
1371 3904
3694 4316
3073 4899
4112 4869
3953 4265
796 4720
3488 3918
3551 4814
4012 4615
1464 4261
3818 4012
3964 4194
348 4532
2136 4523
3257 4424
3914 4061
1689 4279
2147 2223
3138 4189
2400 4192
3763 4105
4144 4682
1389 1892
3736 4720
3582 4759
3496 4938
1873 4984
2678 4999
910 2688
2145 4969
937 4863
876 2877
3927 4684
1944 1995
1237 4455
1609 4851
2774 4608
3046 4495
3401 4185
2009 2954
3862 4074
838 4905
947 4444
3551 4552
4157 4925
1886 3401
3239 3960
443 4742
189 4555
561 3935
2741 3880
2905 4800
4187 4682
3188 4518
4373 4528
2929 4279
1501 4473
3188 3409
4145 4974
3505 4164
1473 4863
1243 3552
2026 4552
942 3505
4203 4682
2704 4970
115 3942
3608 4850
451 4864
3377 3818
3628 4800
3960 4518
3631 4864
4518 4540
214 3950
2446 4091
815 2955
2117 2548
4677 4974
3950 4527
2460 3982
4095 4983
2627 3207
369 4905
2278 4989
2009 4863
1309 4862
1861 3505
3953 4298
4532 4898
3036 4131
1079 4905
3832 4612
3202 4974
815 4720
3070 4877
2596 4800
2987 3248
583 4163
3493 4552
2913 4643
910 2672
1585 4455
4019 4112
4608 4851
3950 4728
1312 4652
3552 4709
1503 4916
472 3542
612 4865
3825 4850
119 4478
4444 4644
2231 4860
3617 4846
3678 4714
3861 4298
1596 4679
750 2699
2726 4051
3322 4984
1290 4158
3296 3872
1882 4532
2024 2231
652 4704
579 4608
870 4523
1630 4905
1702 4924
3757 4677
3617 3631
4709 4851
2566 4660
2756 3796
3322 3762
1856 4757
3188 3542
1740 3904
41 4898
3088 4905
3694 4612
1756 3548
4608 4916
3917 4165
1567 3825
1942 3336
4144 4537
968 2566
3568 3608
3953 4974
2672 4203
4069 4944
435 4679
4091 4399
2729 2870
2009 4999
616 4158
1436 3439
4532 4714
2293 3530
461 2237
1744 4532
3135 4756
3135 4899
1997 4916
3555 3761
1 4478
1928 4869
2350 4095
1573 4528
3259 4757
3294 4643
1371 4399
2251 4355
3536 4898
205 4924
652 3678
1756 3950
3070 4121
289 4756
1320 4399
1687 4178
3463 4163
3536 4716
4356 4523
1303 4880
3485 4594
3489 4889
4312 4455
984 4356
1558 4947
3868 4194
1431 4527
1288 4999
1894 4877
1952 4478
1365 4716
2551 3270
2723 4932
2295 3239
1436 4051
3199 4478
3401 4984
4061 4944
4012 4143
4478 4743
1485 4984
1381 4903
1403 3917
4425 4586
2031 4679
1911 2202
2580 4742
2676 4947
932 4354
2986 4192
628 4644
2726 3247
1920 2946
369 4932
2118 3664
4271 4698
3608 3614
2283 4644
4316 4907
3781 4903
41 4586
4112 4757
2799 4206
2998 4938
3246 3927
3270 4850
2116 4051
3455 3762
1871 4970
3617 3634
4086 4947
2839 4334
2453 4938
24 4898
3102 4863
3804 4846
3927 4864
2081 3485
1883 4770
4527 4850
4608 4970
4612 4907
4537 4938
4869 4990
1871 3832
2588 4907
1882 3401
4425 4476
2538 4399
3493 4814
1485 3036
4067 4114
659 4972
3814 3926
733 4846
3405 4084
3552 4067
922 4716
3401 4652
2118 2446
4294 4677
2350 3228
3066 3608
254 1946
2109 3634
899 3350
15 4729
1117 3028
3781 4364
4579 4586
4387 4444
546 4473
2798 4533
858 4487
3763 3895
659 4682
3875 4312
1399 4947
2312 4387
3496 3790
2117 3370
1606 3240
4206 4944
4495 4578
3832 4944
1997 4709
4714 4725
3093 3327
3259 3953
2867 2883
4254 4682
2704 4084
2866 3935
3381 4203
2870 4865
3918 4425
4478 4905
2818 4561
3370 4425
4300 4643
2379 4682
3138 4925
862 4495
2446 3664
1740 4091
3073 4112
688 4989
2575 4608
3833 4999
1298 4880
1670 4889
4328 4999
1161 4863
1846 2145
2955 4185
3293 4869
2294 2805
3046 4046
3073 3135
4424 4612
2750 2913
3409 4518
1944 3228
2251 4069
1725 3028
4455 4877
3256 3439
4294 4757
321 4742
348 3918
3281 4279
2729 4850
1063 4907
2231 3405
926 3917
683 4877
3093 3763
2531 4067
981 4192
157 4147
3281 4084
1431 4105
2998 4051
3324 4194
3327 4877
1716 4969
117 4261
725 4656
3185 4471
2561 4925
2799 4656
3405 4970
3465 3961
3552 4989
1669 3774
2433 4770
3197 4114
2202 4660
2955 3455
2518 4495
3207 4094
3157 4415
3825 3982
3804 3814
1279 4842
86 4899
862 3628
976 977
1886 4652
3354 4443
3961 4560
956 4540
558 4903
80 4898
922 4476
1761 1966
1811 3825
2954 4518
3953 4862
4261 4660
4313 4473
2502 2774
4218 4877
3131 3875
3488 4898
2044 4677
2291 4061
1944 3451
2930 3397
1961 4086
3377 4532
3327 3949
3736 4354
3361 3868
2114 2594
3865 4916
1585 3949
3656 3814
4084 4851
970 4316
1596 2867
4019 4757
800 3606
757 4916
3804 4850
979 3324
2044 4990
2741 4864
1918 4814
1976 4230
2283 4354
2635 4130
4889 4947
1601 3185
3353 4652
951 4905
1763 3880
2163 4495
2698 4725
4178 4423
1399 4704
1240 4684
2169 4898
3028 3346
2580 4880
2167 4444
2902 4972
942 3353
3401 4552
2427 4684
672 4652
1327 2913
3170 4877
205 4660
1472 4163
1662 4423
3252 4164
4061 4998
3865 4925
1966 4042
289 4729
369 4478
2635 3964
4364 4742
4294 4862
578 4567
4187 4938
3240 4200
2959 4200
3566 4495
2252 4316
4158 4903
185 4188
1109 4947
3485 4144
2500 3530
3361 4533
3952 4720
4538 4704
3995 4473
971 4157
3248 4540
3736 4908
4187 4261
2083 4903
2637 3170
3949 4877
4880 4938
1988 4328
3199 4932
544 4851
3202 4757
186 4060
239 3914
2189 4869
2982 4387
2506 4728
239 2086
2216 4051
2400 4165
3336 4595
3410 4189
4652 4984
1662 4313
1512 4528
1512 3290
1082 4533
1028 3336
3858 4334
3949 4143
2202 3496
3093 4105
810 3982
1694 4042
516 3862
1104 3439
3555 4742
1687 3084
4067 4851
4298 4974
2998 3402
1011 4203
3070 3864
2169 4714
2756 4842
3257 4880
1929 3188
1710 3614
2945 4684
159 4595
2676 4770
2394 2883
3054 3608
627 4846
937 4540
339 3896
166 4916
1269 4899
1739 3488
870 4759
2112 4998
2756 4567
2946 2986
1320 4698
842 4425
1428 3995
3818 4969
205 4972
386 4998
115 4476
321 3702
2294 4279
348 1744
3324 3868
3761 4660
3763 3982
1689 3322
4230 4532
135 3964
3270 3568
4337 4497
1851 4925
3247 4578
2538 3568
2171 3833
2136 3461
1294 4728
2757 4423
757 4067
3530 4313
3950 4850
1966 3290
2394 3463
20 4178
1341 4889
1585 4877
1689 2805
4328 4518
1952 3036
2575 4908
3185 4178
4057 4094
2104 4178
1725 4552
3709 3763
14 4947
4538 4891
1911 4157
3247 4800
1789 3084
575 3821
526 4864
794 2865
340 4552
1055 2839
1283 4999
1581 1960
2361 4131
3135 4643
3614 4612
3763 4865
3872 4648
2954 4863
4057 4567
578 4925
2741 3290
1883 4891
2866 3257
3861 4960
3294 4899
4756 4899
438 4932
4660 4682
981 3935
116 4518
443 4158
2427 3582
3548 3950
134 4908
4851 4970
3845 4983
1795 4891
1269 3896
2998 4800
1371 4091
1381 4880
1168 2436
1846 3995
685 4889
2237 4189
3327 4595
2704 4989
2474 3439
3350 4947
1581 3644
4051 4495
3120 4533
3281 3865
1431 4865
2529 4487
1399 4891
1290 2588
3792 4487
3259 4925
3252 3322
2835 4178
659 4924
1362 2883
3410 4057
4594 4972
4091 4312
1893 4716
1918 3862
3617 4864
4200 4656
1929 4518
4880 4903
685 4993
98 4925
80 3536
1447 1946
2400 4594
1886 3229
434 3066
4916 4970
4131 4905
3256 3821
544 4970
2741 4528
1313 4487
3455 4279
3814 4944
1290 4907
575 4594
518 2091
1733 2982
1709 4497
4560 4960
2202 4938
1789 4334
3290 4528
2168 2293
1035 3763
1744 4230
2379 3761
1298 3257
1676 4704
3451 4725
2022 4476
1237 4567
2870 3066
616 4042
1309 4757
2278 3134
4960 4998
1298 4742
340 4969
3614 4880
2930 3935
1744 3982
1893 4983
1646 2135
3714 4497
4185 4188
1646 4523
3832 4903
3942 4742
1373 4969
3845 4019
775 4947
3664 3862
20 947
3259 4862
1633 4586
3864 4567
659 4938
1710 2249
2105 4552
4677 4862
1846 3028
1632 3131
3678 4704
1716 2818
2256 3555
2216 3402
3614 4189
3084 4178
438 4905
2734 4399
3295 3736
3861 4145
2312 3952
1477 4770
2566 2757
4067 4709
4300 4899
1669 4969
598 1305
932 4487
431 3896
862 4800
1632 1883
2291 4998
2982 4676
2551 3435
3185 3296
796 4444
2136 4165
2997 4579
2105 4814
3634 3804
274 4178
4094 4121
1309 4677
1512 3108
1633 4579
3135 4679
4105 4527
3781 4742
3762 4984
516 4399
1189 1614
2757 4334
4478 4497
2306 2361
195 4989
3247 4495
359 3170
1225 3943
166 4851
1882 4984
1983 4714
3694 4907
3606 4471
2723 4131
4532 4716
2531 3405
4684 4846
750 4850
3634 4846
2145 4164
2834 3558
2902 4615
693 1381
1329 4313
2756 3864
3327 4503
4165 4271
2503 4905
4178 4471
3084 4271
186 4865
2989 4984
1082 4194
1944 4473
2248 4916
4676 4684
3134 4095
3656 4594
1952 4932
2080 4189
3296 4471
86 4643
1447 2179
4709 4970
2750 4533
1689 2303
1109 4860
2427 2802
1920 3917
3714 4555
1313 4676
3861 4862
1035 3895
515 4880
4178 4648
41 4716
3528 3950
2717 3036
526 4528
926 4192
2474 3402
3960 4540
4086 4187
2946 3582
1928 4757
4230 4586
1161 4540
1952 4497
3664 4091
947 1305
1753 4891
3108 3833
3548 4865
1653 4487
4728 4757
4057 4157
3240 3832
2847 4615
1364 4899
4112 4298
4518 4863
1323 3875
1283 3976
3157 4990
3617 4594
3430 4354
3927 4800
1415 4938
800 4925
3566 4471
3500 3522
3656 4972
2594 4757
3346 4155
3918 4230
4084 4608
4316 4424
3709 3895
2750 3120
18 4850
1449 4863
3488 4579
26 4652
1023 1035
356 4679
1415 3555
1526 3554
4046 4860
4560 4862
2835 3185
1710 4903
1811 3982
3199 4497
3952 4444
3714 4800
4770 4993
2997 4714
1279 4567
3566 4800
2394 4679
4860 4947
1929 4999
4714 4898
277 4473
4532 4579
4903 4908
2474 3046
2946 4523
3961 4230
932 4720
3032 3522
1608 4679
1294 4974
2439 4970
157 4676
4012 4969
4354 4644
1763 4846
184 2676
4862 4960
3361 4503
3548 3709
3875 4877
3914 4944
3845 4728
4709 4916
1447 4944
1243 3656
3381 4972
2757 4471
3346 3774
3270 3950
140 4578
3465 3918
4069 4938
2699 4297
3354 4970
3463 3644
2818 3032
3656 4144
1705 3814
1740 3862
780 3624
977 4114
3073 3896
386 2086
4757 4960
862 3566
3757 4974
1670 4860
1966 2361
3281 4608
2031 3039
2109 4864
2145 4561
1428 1725
3465 4425
2024 4947
2774 4114
3582 3935
458 1684
4424 4903
1242 4679
2500 4578
1481 4312
527 4709
2997 4230
2877 4944
162 3354
2485 3763
1976 3496
1327 4729
1606 4998
2848 4532
864 984
1886 4279
1028 4880
4594 4615
348 4993
1961 3678
2735 4425
3239 3409
1992 3942
3170 4218
3247 3628
2529 2837
1855 3654
2400 4538
3039 4679
1341 4947
1381 4742
115 4903
3762 4652
3880 4373
2026 3500
2575 4970
1477 4889
2837 4720
1601 4423
2986 4759
4105 4850
4145 4560
2954 4540
3147 3270
1606 4974
3714 4337
3202 4560
4155 4814
1856 4728
1929 4905
3327 4443
3950 4865
134 4354
800 4842
2135 4271
3228 4473
571 4355
1043 3134
2293 4537
4254 4972
1237 4495
1632 4889
2688 4537
272 2179
3336 4725
73 4503
3763 4709
4660 4938
3875 4297
261 4443
2044 4960
4387 4720
3405 4608
749 4203
3757 4960
2805 3353
2986 4165
272 4944
75 4164
2145 4579
4192 4759
446 3875
2735 4532
2350 4313
3131 4595
971 1526
2699 3709
1104 2529
2474 3256
3070 4157
1447 4069
135 2635
1670 1676
1740 4074
4476 4716
4061 4069
1920 4759
2081 4660
3461 4165
1886 3252
4144 4254
4677 4679
1109 4770
977 3736
1513 4944
1740 4676
1890 4578
1558 2433
1687 2104
4147 4725
1415 4660
2100 2839
2870 4984
4355 4567
1601 4334
3465 4476
4019 4869
2112 4944
1329 4473
3702 4907
4960 4990
4189 4676
4444 4487
217 4905
4091 4925
3370 4069
2436 4540
1992 2541
3397 4165
3528 4983
4203 4254
4337 4478
4155 4998
3377 3551
2750 3324
1907 4012
1894 4312
2870 3147
2847 4899
3953 4560
2167 2989
1403 3644
2167 3762
162 4925
2251 4842
3157 4757
3617 4684
1073 4800
2116 2596
1365 4157
1187 4424
1606 2548
3496 4969
2453 4074
474 4970
643 4720
3084 4471
2167 4984
2202 4972
3294 3896
1399 3685
1632 4538
3845 4677
3960 4188
3961 4178
1161 4188
4074 4729
1329 4725
2278 4916
2439 4709
2226 4947
3528 4990
1789 2104
3197 4067
3606 3858
3606 4423
3685 4993
1997 4970
2987 4999
1224 3896
2955 4164
1168 4863
3068 4555
4061 4200
4297 4578
3496 4203
3353 4185
1689 4364
3554 4842
2986 4271
951 4131
1323 4218
628 4444
2551 3066
4165 4192
2083 4612
1961 4423
3961 4586
3229 3505
3281 4709
1503 4989
1601 4387
4121 4925
4846 4932
1243 2834
4294 4298
2887 4594
166 4067
2734 4091
4265 4560
2400 3461
2503 3199
2179 4998
2252 4907
4091 4698
1705 4069
3435 4850
3290 4684
3714 4932
209 4527
3736 4916
4682 4924
1739 4714
1028 4424
2658 4594
435 4743
508 3370
2731 4552
2749 4478
2118 3904
979 2798
2749 4905
1739 4532
3845 4757
1855 3683
4086 4993
3500 4969
2997 3918
1290 4424
1649 2312
1995 2698
3093 3865
3582 4271
4067 4970
73 4297
693 2083
3397 4271
443 4612
98 3554
526 4265
670 4729
2913 4756
3943 4899
3321 4656
899 4889
2453 4698
1327 4643
4476 4586
18 750
501 4279
3757 4560
1653 4644
2303 2989
2729 3147
3818 4814
1161 4356
2256 4660
4660 4998
3542 4540
3108 4863
922 4230
134 4720
4423 4471
2729 4865
899 4704
2987 4328
2635 3324
4586 4716
119 4905
2427 4528
1684 4586
2446 4704
2163 4800
1117 2169
2251 3410
1305 4387
3410 3624
4415 4960
4185 4279
4586 4898
261 4297
2734 3664
1104 2500
4800 4851
842 4230
1373 3818
1819 4729
1929 4540
2319 2741
3321 4998
3463 4679
4042 4373
3256 4578
3664 4399
3935 4759
2835 4471
2291 2548
1802 4869
3377 4552
3252 4185
1756 3147
1753 3634
2575 4916
2935 4061
3054 4312
3551 4143
2503 4932
4660 4924
1725 2818
2189 4019
2847 4756
2865 4877
3256 4800
4334 4471
4424 4880
3554 4925
970 4612
3412 4728
116 3102
3683 4533
2839 3872
3229 4984
1306 4880
1725 2105
2623 4387
2171 2588
3862 3904
4200 4998
4415 4862
2935 3582
518 3634
1431 3568
3036 4497
3281 4970
4230 4476
215 2583
3656 4938
3202 4877
2834 4924
2107 3551
1912 4725
3228 4313
4019 4862
2256 4972
3774 3995
3528 4728
685 4770
1606 4903
4497 4905
2246 4998
3295 4676
348 4898
1966 4684
2583 2627
3683 3964
3563 4443
3102 3239
2529 2623
1063 4660
3814 4206
628 4908
968 2658
209 3709
977 4989
4112 4990
1189 4091
392 3792
1861 3229
4061 4656
1055 1117
3036 4932
3336 4503
2946 3935
675 3530
2460 2729
3949 4218
1055 4561
1365 4579
3361 3558
2695 3551
3138 3554
3617 4042
1856 4163
1320 3664
1442 3761
3256 4051
910 4990
431 4756
4924 4938
2802 4846
326 4960
3872 4178
1983 4716
2226 4969
2551 4865
1055 3028
4187 4254
214 4865
2580 4612
3736 3880
140 1243
2117 4998
119 4555
1404 4567
2867 4743
4114 4709
4189 4842
4538 4924
1463 4425
3599 4552
2557 3949
1073 3247
4354 4487
4373 4846
3796 4567
4086 4770
1892 4595
3465 4532
3197 4916
2278 4970
1365 4898
3073 4145
2834 4615
2929 4984
1674 3489
1873 2989
461 4800
775 4770
3952 4487
2083 4364
2453 3904
3536 4425
1485 4932
4155 4969
937 4188
41 4714
1240 4846
937 1995
2723 4905
1944 4725
1918 2252
1995 3530
4684 4864
2500 4495
1558 4538
527 4608
2749 4555
4145 4728
1331 2083
3199 4578
1865 3135
443 3935
2202 3558
3093 4850
4728 4862
2913 3896
2104 3858
2223 3614
2226 4891
1381 2541
3070 4925
4938 4972
3995 4561
1268 4998
1585 4503
1288 4518
3430 4908
3028 4814
3858 3872
4612 4903
3134 4725
3709 4105
3656 4203
3451 4473
4862 4983
2847 4300
780 4356
2989 3762
2929 4652
2506 4983
1890 4046
458 4860
2202 4594
2293 4147
2905 3485
796 3295
3068 3199
3108 4540
3624 4355
1225 4756
673 4279
359 4908
4060 4676
195 4970
3599 3774
1856 3757
3120 4194
2557 3563
1365 4714
1403 4523
725 4944
3624 4189
3792 4660
956 3239
1481 4595
4261 4924
508 4998
1428 4814
2379 3558
3617 4194
166 4989
2080 4057
1865 4643
926 4759
2147 3614
3247 3402
3685 4947
3134 3530
3354 3563
937 4356
4862 4990
425 4851
4387 4644
2506 4990
474 4916
4561 4969
1997 4067
1303 4907
1304 1774
4084 4970
75 3252
3405 4989
4157 4355
1756 4850
1920 4192
2026 3774
4612 4742
3781 3942
3409 4800
2022 4579
2294 4164
1436 4495
2685 4716
2312 2781
3896 4729
4756 4998
2189 4990
1373 4143
1032 3429
2805 4984
1501 3451
3228 4147
1774 2865
900 4905
80 4586
98 4444
3664 4074
1774 4595
4261 4615
2674 4891
3926 4069
598 1540
2091 4756
3397 4192
4254 4261
1309 4974
1633 4898
1369 4998
1918 4424
1442 4938
3239 4889
4757 4862
1669 4143
1871 4989
3138 4121
162 3554
1851 3624
1983 4532
2848 4898
1753 4860
261 3875
2993 4932
3290 3631
673 4984
2699 3825
3664 4145
1766 3976
4984 4999
434 1444
3628 4051
3488 4716
1753 4538
2439 4851
4094 4157
2704 4608
1882 2955
649 2865
1915 3614
3976 4188
3757 4862
2506 4960
1892 3327
2837 4908
398 4983
4091 4905
461 4578
1680 4869
2561 4471
2835 4423
3370 4656
3832 4656
2678 3248
4594 4612
3927 4846
4364 4612
815 4644
1995 4313
4121 4842
1513 2959
2295 4188
704 4814
1327 4899
2594 3861
3346 4846
3397 3917
4334 4423
277 675
675 4725
1568 3628
1674 2674
1269 2847
3500 4561
3926 4200
1929 4356
4869 4974
3131 3336
3555 4972
2566 3656
1283 3926
3430 4444
238 4729
277 4983
2246 3914
2116 3566
961 4677
2168 2350
2446 4399
2031 4743
2104 4471
2503 4497
2987 3188
3377 3500
4265 4862
4537 4660
1770 4969
2531 4814
4528 4684
2672 4938
2834 4537
2954 3409
2930 4165
3555 4682
3796 4094
1288 4863
3664 3904
526 4846
856 4972
3259 4869
2945 4864
140 4924
1928 3397
1028 4158
3702 4316
73 4455
3500 4552
3599 4155
2799 3926
4086 4704
3493 3818
4770 4860
3952 4676
1364 2913
1306 4907
2865 4218
616 4528
2246 4944
864 2107
1304 3336
3554 4157
643 4387
4105 4865
2009 4518
2905 4615
2114 2167
1303 2080
1942 4455
1573 1761
185 4328
2359 2502
3239 3976
2136 3935
1418 4770
119 4932
2278 4709
2460 4850
3073 4756
1633 4716
2731 3493
3461 4523
1406 1684
1082 3683
3248 4999
2826 4185
159 1585
340 704
1609 4989
3804 4373
3858 4423
2905 4974
3864 4057
4714 4716
2802 4373
876 4860
3761 4187
1646 4165
670 4756
627 3825
195 4916
3961 4716
2637 3548
1596 3700
2485 2847
3293 4974
2883 3463
3147 4850
2118 4399
3833 4540
3614 4742
2179 3631
1117 3346
1406 3918
561 4523
1403 3500
518 3296
2688 4972
359 4595
1581 3228
2091 3927
3858 4648
828 4743
1865 4300
4114 4970
1811 4850
159 4455
1581 4163
794 4297
98 4842
2226 3761
3070 4842
3493 4143
864 3935
733 3246
976 4561
26 4984
1526 4355
3917 4759
500 4185
4387 4908
1653 4444
2286 4473
2749 3199
750 3608
1362 4487
2474 4495
3896 4643
3714 4131
2114 4652
2086 4656
1102 3709
2189 3202
1976 3858
2627 4899
775 4993
4476 4898
3865 4851
4084 4916
3757 4112
1669 3599
3631 3880
2091 4846
2319 4684
3370 4200
1558 4889
4656 4944
1709 3714
2986 4356
1928 4983
1983 4425
3412 4757
976 4552
1058 2750
2993 4478
1774 4877
3046 4800
1918 4907
3293 4960
3761 4972
2249 2866
4970 4989
4677 4983
544 2877
4399 4698
2538 2658
3361 3683
4444 4676
4121 4869
2930 3461
1501 4095
1911 4567
1893 4728
24 4473
4042 4846
1882 2929
3435 3950
4615 4924
4265 4869
1929 3960
2781 4676
3685 4860
4880 4907
1662 4725
3108 3976
187 3599
3197 4084
3350 4538
214 4527
3493 4561
4261 4972
3409 4863
3138 4567
1245 2433
1928 4990
2678 4356
3552 3792
3982 4865
1473 4188
2223 2930
575 4660
2116 4578
3678 4947
2632 4944
4487 4720
2502 4709
4538 4889
215 4147
3465 3488
1428 4012
1362 4908
3488 4532
115 4880
41 4757
1290 4903
2735 4579
652 4889
3568 4865
4356 4889
4019 4960
4095 4155
1976 3872
3528 4869
1882 4652
2905 4938
3861 4974
1481 4443
451 4684
1389 4877
2306 3634
3814 4998
4842 4998
2698 4147
1952 4423
979 4194
3700 4743
4615 4938
2637 4595
3405 4851
1871 4851
54 4970
2251 4057
2027 4561
2439 3552
1740 4704
3761 4254
1341 4993
3240 4061
3381 4144
3073 3943
981 1646
2286 3228
4983 4990
1846 3032
3032 3377
1865 4899
3861 4983
4265 4983
159 4443
2583 4643
4676 4908
2286 2293
3505 4652
2798 3683
3542 4188
4074 4698
4131 4497
3845 4990
838 4932
1117 4561
3960 4328
4643 4756
3259 4145
3207 4842
3354 4455
1485 4905
1946 4944
3281 3405
3832 3861
3489 4993
673 3455
725 2291
1719 2867
2756 4189
3489 4086
3542 3960
2935 3914
984 4540
2303 4164
2695 4012
1912 3451
3762 4334
3554 3796
2237 4800
1960 3700
4019 4974
2704 2774
3566 3628
3880 4648
3327 4312
1305 1313
4328 4863
4189 4355
780 4925
3904 4648
4709 4989
733 4528
2935 4656
3714 4905
1632 4947
1601 4648
3409 3960
615 2954
3202 4869
1587 2945
3634 4864
2433 4889
2594 4862
1242 2883
3346 3995
4057 4842
1442 4682
4297 4316
1684 4714
14 4704
1023 4537
4019 4983
2112 4200
2283 3084
2117 4061
2741 4846
4298 4862
698 4704
3558 4682
4094 4925
2246 2548
1846 4969
3608 3950
3845 4960
3354 4877
4728 4960
1268 4206
3522 4561
2637 3563
438 4355
1893 4990
2293 4473
3377 4143
3346 4300
3582 4192
2026 3818
3295 4644
4567 4842
1463 4424
1011 4972
3683 3868
1811 4865
3918 4898
18 3895
3039 3644
215 3134
697 4907
2877 4860
1389 3949
3631 4684
3088 4932
3862 4091
3702 4880
72 4200
2319 3634
688 2009
1894 4443
3412 4869
4425 4716
3917 4523
1444 4316
2637 4503
3614 4864
3353 3762
2695 4155
2436 4356
2283 4060
2865 3170
3032 4814
1364 3943
2870 4850
4552 4969
4595 4877
3599 4560
4364 4424
3858 4471
3875 3949
3654 3868
3555 4938
1320 4960
2107 3865
675 2731
3694 4364
1753 4993
2083 4880
3918 4579
2319 4528
3961 4105
1428 4155
571 4925
326 4947
4057 4925
4145 4869
1649 3430
4643 4899
527 4970
643 3295
4728 4974
3904 4074
1893 4960
1988 4863
1369 4899
1774 4471
2080 4925
4615 4660
2986 3461
3555 4537
1304 4455
1184 4877
2295 4328
2902 4144
3108 3248
1043 4473
2249 4907
4889 4891
3229 4185
1558 3489
2588 4364
2781 3599
575 4924
1403 4192
134 4969
828 3039
41 3918
885 2223
2588 3614
3252 3353
3256 4947
3918 4586
1362 4644
2698 4313
4677 4728
2518 2596
579 4851
1073 3628
2635 4533
3361 3964
3568 4527
808 4091
72 4944
1601 3296
1856 4983
1161 4999
1043 4095
2135 3582
3548 3825
4863 4999
2294 2989
3257 4612
2989 3353
369 926
1911 3624
3036 4905
508 4200
932 3952
1856 4145
2945 3880
4230 4579
2548 4998
2312 4487
2847 4729
1976 2561
2848 4425
688 4851
2118 4698
2865 4503
2168 3530
2147 3694
2695 3522
3147 4527
2676 4538
3120 3654
3500 4143
2319 3927
1109 4891
2477 4932
4495 4800
1224 4756
3131 4877
14 4538
2251 4993
3555 3558
2135 3917
649 4518
1309 4869
3046 4051
1268 1946
2557 4455
1705 4846
2781 4487
3465 4898
951 4555
2541 3865
3872 4334
900 4337
377 3833
205 4144
1472 4679
1920 4523
2826 3451
2557 4312
2982 4908
3138 3864
2303 2805
2913 3294
1477 3678
3296 3606
3361 4194
2594 4294
2741 4373
3259 4974
3845 4560
2502 4924
704 1811
1687 4648
1886 2216
2658 4203
3138 4842
3896 4899
2112 4656
2699 4865
1028 4907
3461 3582
1303 4158
2561 4334
1283 4863
515 4316
2361 4846
2081 2887
2118 4091
3028 4399
2774 4970
4387 4676
4567 4743
3350 4889
3248 4356
2987 4863
2998 3628
2022 4714
2518 3439
2627 4756
4364 4903
1719 4163
2959 4998
4261 4537
808 2685
1245 4770
3961 4532
2678 4540
2835 2839
1558 4095
3102 4999
2756 4925
2295 3102
2167 3455
1431 3530
4189 4925
2987 3976
4538 4993
474 3197
3353 4984
2147 4907
2319 4042
1766 4862
2955 3252
2905 4660
3678 3685
4200 4206
4218 4312
3293 3528
2167 2929
3202 4415
3865 4709
3804 3927
4757 4983
14 4891
2237 4759
1187 3942
1662 4147
3563 4312
1404 4300
1694 2802
1702 4144
2723 4497
4648 4656
3405 4067
3552 4084
2478 3858
922 4579
1883 4947
725 4200
4203 4924
926 4523
2781 4908
2799 4998
3451 3530
1997 4989
3761 4537
4164 4984
75 4271
4163 4743
4165 4759
1035 4364
3381 3790
1632 4891
3353 4164
1709 4932
1911 4189
4145 4478
1770 4652
500 3229
2575 4989
3147 4865
3361 3654
1649 4908
4012 4944
1633 4714
1581 3700
1653 4908
3410 4094
3634 4373
86 3294
3608 3709
815 4354
3294 4756
1912 4313
15 2731
238 4300
1362 4720
3228 4725
4094 4842
1608 4743
3608 3895
815 4676
4145 4757
1966 3927
1329 1444
2583 4729
3961 4714
3321 4944
2446 3792
2735 4898
2283 3429
3054 3568
2632 3606
1058 4533
4145 4265
3530 4147
1684 4254
2583 4899
2805 3455
3239 3542
2902 4682
4254 4537
2704 4114
2982 4487
2802 4684
4157 4189
1371 2453
2439 4114
3401 4279
2306 3631
3634 3880
4860 4889
2295 4356
3530 4095
4337 4905
2009 2436
1079 4337
527 4916
4194 4533
2623 4908
2866 4742
649 3409
3290 4042
592 3763
4265 4728
1046 4863
2930 4523
1472 1719
2658 2672
1269 4756
3108 4328
3199 4905
4538 4860
2837 4387
2163 3256
1856 4518
3135 4300
2433 4947
546 675
184 4770
1312 1770
2024 4860
4415 4983
1389 1481
2834 4660
612 3435
3027 4094
4960 4983
1851 4567
3554 4189
2086 4178
474 4891
215 4095
1819 4756
1476 1960
2400 4271
2294 4652
2676 3350
3039 4743
3528 4960
3818 4561
3644 4163
4312 4443
3370 4206
2286 4725
2306 4057
3246 4846
649 4999
1313 3295
704 3995
1694 2945
3864 4925
2529 4057
2637 4877
3927 4042
3942 4907
3321 3685
1763 4042
1676 4889
3412 4862
2735 4714
1662 4095
584 4561
1819 4899
3872 4471
1614 3862
1476 3644
2044 4862
2427 4846
500 4984
3568 4105
3624 3628
1739 4898
4444 4503
2091 3804
4648 4652
254 4061
970 4728
2306 4864
3542 4999
3821 4594
4608 4709
2955 4984
828 2394
3644 4743
891 4297
627 3039
2583 4147
2982 4644
1676 4993
1851 3796
2929 3401
2312 4908
2024 4993
961 4974
2883 3700
698 1961
4443 4877
3551 4155
750 4865
3685 4889
749 3485
3246 4373
976 4814
2699 4527
1739 3961
501 3762
3528 4677
1312 4279
4497 4932
4298 4869
2580 4364
3943 4300
4560 4990
2531 4916
578 4842
2774 4851
3825 4770
4567 4579
2248 4114
2104 4983
3377 4012
1819 3135
899 4891
2818 3505
3528 4974
1753 3953
1649 4444
3522 3551
140 4615
4086 4538
3120 4130
2105 4012
3157 4925
387 4188
2757 3872
579 4989
3861 4560
1702 4972
1406 4537
1961 4947
1245 4538
2588 3257
1481 2637
4019 4265
277 4725
2460 3568
26 4279
4586 4714
956 3542
1961 4860
1942 4595
2485 3455
2226 2674
2594 4677
4337 4932
3832 4158
3088 4131
3147 3548
1184 4455
2774 4709
4478 4555
1873 4652
1102 3950
184 4704
4057 4355
1187 3694
185 1168
4192 4271
2104 4188
1463 4476
1871 4916
3942 4316
3084 4230
616 3880
3861 4869
1976 4471
2672 4537
20 3858
2781 4644
1503 4970
1485 4555
1795 2286
2031 2394
956 4863
2400 4759
2717 4444
2500 3046
1237 4800
1240 3804
3073 4729
3430 4644
3825 4105
4094 4218
2248 4970
970 3257
3942 4158
239 4998
1464 3832
516 4889
3864 4842
1079 4932
54 4084
970 3781
2286 4095
4560 4677
239 4185
976 4969
2734 4932
135 3654
2757 3858
3188 4999
2400 3397
2877 4728
274 4648
3821 4938
2114 4164
1184 4503
2993 4337
1684 4716
4742 4903
1463 4586
2359 4970
3868 4944
558 4364
1365 4425
3256 4046
3188 4328
2231 4891
2503 4555
2256 4594
3700 4163
4851 4989
3270 3435
2731 2818
1946 2518
3552 4851
2877 4555
516 4698
3558 4537
1512 3804
3608 4865
2575 4851
3496 4144
4046 4578
4354 4676
3463 3700
2749 4337
1892 4455
1912 4147
3485 4615
2294 4984
3032 4155
1011 3790
2726 4990
838 4131
1463 4579
2433 2866
2750 3868
4538 4770
891 3336
3488 4425
4095 4533
446 2887
4060 4729
392 4399
1632 4860
1716 3995
3293 4560
1245 4860
675 4313
1961 4704
2086 4200
3157 4960
4265 4960
1063 2252
3170 3336
4300 4756
4112 4983
3582 4523
2223 4907
4425 4714
808 1320
1960 4743
2231 4993
3685 4704
515 4903
2749 4932
4676 4770
1763 2427
1890 2596
3412 4974
4112 4145
1476 4679
3185 4648
1789 3858
970 3568
3354 3875
2541 3781
3463 4743
3821 4924
4864 4880
1313 3430
615 4863
1365 4586
2027 3995
3496 4924
780 4842
1268 4944
3327 4297
4060 4720
3774 4969
1669 4814
1481 2557
2946 4759
3654 4130
4523 4759
3489 4860
2114 4984
4112 4974
856 4682
2557 4443
3350 4086
612 4850
2500 3439
500 3252
2551 2870
942 4984
2723 4478
1894 3170
3412 3644
2361 3617
4594 4924
1670 4086
3397 4759
3270 4527
4770 4891
1573 3880
377 4880
546 4147
1503 4851
2306 4373
4579 4714
2109 4373
3821 4144
2477 2685
3960 4908
733 3631
1503 4608
2502 3950
1 4882
14 2559
15 4885
18 3755
20 4675
24 4772
26 1249
54 4536
72 4781
73 4113
75 4872
80 4626
86 4568
90 4978
115 4296
116 4446
117 4920
119 3483
134 3313
135 4360
140 1776
157 4855
162 4236
166 4747
184 4894
185 3986
186 3892
187 2240
189 2549
195 4758
205 797
209 792
212 4053
214 1560
215 1622
217 2219
238 3454
239 3021
254 4955
261 4293
272 4730
274 4077
277 4514
289 2973
321 4571
326 3863
339 1641
340 4806
348 3786
356 4041
359 4893
369 4787
377 4449
386 2733
387 4978
392 3951
398 4804
425 4469
431 3146
434 3936
435 1677
438 4724
443 2864
446 4492
451 4077
458 1026
461 4607
472 4326
474 1024
500 4237
501 4277
508 1941
515 1849
518 3481
526 2771
527 4438
544 3925
546 4461
558 4109
561 3876
571 4482
575 3641
578 2165
579 4245
583 2631
584 4793
592 4968
598 4047
252 612
615 4407
616 4811
627 4216
628 4514
643 4902
649 4798
652 4141
659 3366
670 3209
672 4665
673 4122
675 4041
683 4805
685 4726
688 4857
693 3794
697 4858
698 4556
704 3242
723 725
733 3007
749 4710
750 4927
757 4557
775 3879
780 4668
794 3807
796 4543
800 1456
808 3738
810 3596
815 3776
828 4637
838 4967
842 2037
856 1201
858 3384
862 2992
864 4655
870 4576
876 2041
885 3471
891 4070
899 3211
900 4233
922 4901
926 2495
930 4508
932 4796
942 4361
947 4517
951 4760
956 1386
961 3454
968 4493
970 3962
971 3990
845 976
977 4412
979 4967
981 4450
984 4389
1011 4804
1015 3933
1023 4240
1028 4453
1032 3424
1043 3793
327 1046
1055 4861
1058 4817
1063 4625
1073 3742
1079 3765
1082 2522
1102 4693
1104 4820
1109 1625
1117 4146
1161 4807
1168 4472
1184 4438
1187 4633
1189 4734
1224 4979
1225 4987
1237 4385
1240 4436
240 1242
1243 4808
1245 3640
1268 2075
1269 4642
1279 2760
720 1283
1288 3154
1290 4575
1294 3920
1298 3924
1303 3564
1304 4651
1305 3458
1306 4288
1312 4591
1313 4778
1320 3360
1323 4629
1327 4348
1329 4618
1331 4439
1341 4917
1362 1495
1364 3022
1365 2255
1369 4778
1371 4793
1373 1438
1381 4744
1389 3751
1399 4618
1403 4780
1406 4921
1292 1415
1418 3581
1428 4461
1436 4950
298 1442
1444 4867
1447 3291
1449 4776
1463 4590
1464 3800
1472 4563
1473 4228
1476 4348
1477 4338
1481 4628
1485 1489
1247 1501
1503 4760
1512 4931
1513 3418
918 1526
1540 4786
1558 4951
1567 4942
1568 2791
1573 4662
1581 4201
1585 4576
1587 4921
1596 4808
1601 4755
1606 3540
1608 1610
1577 1609
1614 3450
1630 4550
1632 4887
1633 2587
1646 4775
1649 4592
1653 4744
1662 4902
1669 1859
1670 3730
1674 4474
1676 4827
1680 3782
1684 4939
1687 4789
1689 4837
1078 1694
1702 3901
1705 4140
1709 4556
1710 4048
1716 4886
1719 4549
1725 4547
1733 4395
1739 3375
1740 4182
1744 4428
1753 3479
1756 3556
1761 3770
123 1763
1766 4917
1770 4795
1774 3329
1789 2501
1795 4935
344 1802
1811 4320
1819 2751
1846 4926
1851 4950
1855 4148
1856 4995
1861 4678
1865 4630
1871 2761
1873 4957
1882 2568
1883 4697
1886 4813
1890 2082
1892 4278
1893 2013
1894 3745
1565 1907
1911 2904
1912 3968
1038 1915
1207 1918
1920 2895
1924 4238
1928 4876
1929 4808
990 1942
1944 4547
1946 3595
1952 4601
1960 3962
1961 4481
1966 2354
1474 1976
1983 3440
1988 4242
611 1992
1995 4149
1997 4806
2009 4509
2022 4997
2024 4943
2026 4724
2027 4820
2031 3778
2044 4856
2080 3860
2081 3575
2083 4350
2086 3924
2091 4274
2100 4812
2104 2820
2105 4021
1714 2107
2109 2301
2112 4574
2114 3352
2116 4589
2117 3956
2118 2727
2135 4428
2136 3737
2141 4724
1598 2145
2147 4110
2163 2166
1913 2167
2168 3506
2169 4791
2171 4299
2179 3490
2189 4791
2202 2964
2216 3460
2223 4162
2226 4824
69 2231
2237 4151
2246 4584
2248 3103
2249 3928
2251 4981
563 2252
2256 2468
23 2278
2280 4919
2283 4893
2286 4374
2291 4505
2293 4636
2294 3615
2295 4062
1870 2303
2306 3692
2312 4753
1251 2319
2350 4892
2359 2752
2361 4159
2379 2553
2394 4694
2400 3374
2427 4204
2433 2813
2436 4858
2439 2782
2446 3956
2453 2654
1377 2460
2474 3601
2477 4735
2478 2595
1779 2485
2500 4892
2502 4662
2503 4836
483 2506
2518 3769
2529 3013
2531 4270
2538 4651
2541 4717
2548 4435
2551 3900
2557 4440
2561 3099
2566 4917
2575 4431
2578 2580
2583 3653
2588 4445
2594 2601
2596 3490
2623 4477
2627 4968
2632 4556
2635 3277
2637 4341
1895 2658
2672 4549
2674 3543
2676 4797
2678 4032
2685 4987
1837 2688
2695 4590
2698 4558
2699 3980
2704 4096
322 2717
2723 4896
2726 3289
599 2729
69 2731
2734 3237
2735 4201
2741 3335
2749 4214
2750 4034
1267 2756
2757 3905
2774 4825
2781 2787
2032 2798
1345 2799
2802 4182
2805 4868
2818 3458
1645 2826
2834 4674
2835 4645
2837 4852
74 2839
2847 4792
2471 2848
2865 4839
2866 4888
2867 4504
2870 4419
2877 4751
2883 4732
2887 4331
2902 3594
2905 3752
2913 4771
2929 4486
2930 4975
1432 2935
2859 2945
2946 4617
2954 3591
2955 4614
2959 4395
2982 4870
2986 4934
1842 2987
2989 4798
2993 4593
2997 4505
2998 4914
2049 3027
3028 4128
2196 3032
3036 4353
892 3039
914 3046
3054 4882
3066 4755
2384 3068
320 3070
3073 4631
3084 3697
3088 4838
3093 3095
1830 3102
3007 3108
3120 4129
3131 3382
1752 3134
3135 4195
61 3138
3147 4505
1394 3157
809 3170
3012 3185
3188 4486
3197 4589
3199 4336
2103 3202
3207 3579
1654 3228
3229 3958
1866 3239
3240 4604
3246 4976
3247 4308
3248 4901
3252 4601
3256 3733
3257 4557
3259 4588
2262 3270
3281 3541
3290 3292
2526 3293
3294 4786
3295 4837
3296 4511
3314 3321
3322 3776
2326 3324
3327 3373
3050 3336
3123 3346
1519 3350
3353 4470
3354 3835
3361 4034
713 3370
3377 4680
1114 3381
3397 4793
352 3401
3402 4740
3405 3670
3409 3472
3410 4857
2916 3412
3429 4618
3430 4359
3435 4868
3439 4466
557 3451
1274 3455
3461 4835
915 3463
3465 4961
3485 4961
3488 4630
3489 4338
3493 4572
3496 4491
3500 4665
3505 4610
3522 4310
3528 4150
802 3530
3536 4583
2507 3542
3548 4128
2831 3551
2084 3552
3554 4833
3555 4833
2830 3558
3563 4536
3097 3566
3568 4689
3582 4737
3599 4369
3606 4935
113 3608
3614 4928
2649 3617
3624 4226
3628 3638
3125 3631
3634 4146
3274 3644
3654 4402
3164 3656
3664 4044
1620 3678
3683 4796
3685 4669
3601 3694
3700 4033
505 3702
3709 4798
3714 4305
3561 3736
3757 3765
3761 4749
2820 3762
2199 3763
3774 3805
873 3781
3790 4735
2973 3792
3796 3963
3804 4278
3814 4539
3818 4895
96 3821
3825 4664
3832 3893
1142 3833
3845 4817
3858 4467
3119 3861
2922 3862
3864 4281
774 3865
3868 4182
3872 4468
3875 4107
2943 3880
3895 4629
3727 3896
2490 3904
3914 4477
452 3917
3918 4122
2545 3926
2885 3927
413 3935
2151 3942
3758 3943
3949 4785
1940 3950
2258 3952
342 3953
3462 3960
568 3961
2375 3964
1093 3976
3982 4712
3984 3995
4012 4434
861 4019
4042 4753
3518 4046
4051 4872
3655 4057
1230 4060
4055 4061
2018 4067
4069 4099
1762 4074
4083 4084
2391 4086
200 4091
4094 4753
4095 4875
4105 4141
3499 4112
4114 4585
4121 4422
4130 4485
1026 4131
3828 4143
958 4144
4145 4310
2720 4147
4155 4792
3791 4157
4158 4745
1955 4163
4164 4706
4165 4465
4178 4912
591 4185
2728 4187
4188 4997
3539 4189
2889 4192
2862 4194
4196 4200
1644 4203
4190 4206
4015 4218
4224 4230
3911 4254
4261 4427
4265 4600
3755 4271
2152 4279
3144 4294
2277 4297
1618 4298
4044 4300
4312 4982
3971 4313
2536 4316
2663 4328
4334 4959
3437 4337
4354 4627
4355 4427
1049 4356
4364 4371
4373 4719
1212 4387
3733 4399
4415 4861
4167 4423
3989 4424
4425 4456
4443 4809
4038 4444
163 4455
3759 4471
1696 4473
4476 4526
2017 4478
863 4487
4495 4829
2912 4497
3562 4503
4518 4731
4523 4524
4514 4527
4085 4528
4532 4690
4530 4533
957 4537
4021 4538
4534 4540
4440 4552
2489 4555
4477 4560
4559 4561
4567 4789
4281 4578
957 4579
4586 4735
3480 4594
3216 4595
4608 4730
4612 4735
4207 4615
3870 4643
4644 4654
3477 4648
3591 4652
4149 4656
3829 4660
4362 4676
4501 4677
1964 4679
4682 4956
1417 4684
452 4698
1169 4704
4695 4709
4714 4942
4623 4716
3097 4720
4725 4785
4728 4774
4237 4729
4742 4803
2610 4743
4395 4756
4757 4839
4101 4759
2151 4770
2526 4800
3186 4814
1497 4842
2320 4846
1977 4850
2655 4851
1842 4860
4385 4862
3908 4863
4864 4882
4072 4865
3724 4869
4397 4877
4880 4928
4873 4889
3704 4891
4761 4898
3773 4899
2254 4903
3308 4905
4110 4907
4908 4911
4916 4952
1648 4924
4918 4925
1625 4932
3711 4938
3884 4944
2804 4947
2121 4960
4969 4975
3524 4970
4956 4972
3813 4974
4926 4983
1650 4984
4599 4989
1641 4990
4870 4993
4303 4998
126 4999
1 4256
18 1982
26 4893
54 4926
72 4896
73 2706
75 2235
80 901
86 4778
90 4776
115 4551
117 4022
119 4796
134 4626
135 4171
140 4919
162 4441
166 2003
185 4853
187 4417
189 4795
205 4233
209 3856
212 4852
215 4751
217 4883
238 3835
272 4082
289 4515
321 2576
326 3674
339 3954
356 1148
377 4412
386 4367
387 4154
392 4438
398 3287
425 4703
308 434
435 3577
446 2868
458 2824
461 4043
472 4825
474 4840
500 3742
501 4272
508 4959
515 637
518 4253
526 2843
544 3879
558 4365
561 4622
571 4659
575 2077
578 4315
579 4331
583 4797
584 4849
592 4706
598 4778
628 4879
649 4352
652 3180
659 4788
670 3706
673 4765
685 2707
693 4597
697 4464
698 1962
725 3184
733 4436
749 4834
750 3764
757 4135
780 4496
794 4353
796 1750
800 3510
810 4873
828 4361
838 3732
858 2977
862 3394
864 4832
870 1560
876 4617
885 4699
899 4934
900 4576
922 1544
930 4280
932 3773
942 3567
947 4378
951 4707
956 4491
961 4992
968 1658
971 4761
976 4766
981 3855
1011 3607
1015 4675
1023 4525
1032 4347
1043 4651
1046 4070
1055 3196
1058 4281
1063 4386
1073 4557
1079 4212
1082 4598
1102 4963
1109 3892
1117 4110
1161 3268
1168 4375
1184 4439
1187 3843
1189 4868
1225 4661
1237 4242
1240 2111
1242 4430
1243 4733
1268 4637
449 1269
1279 4566
1283 4985
1288 1515
1290 4071
1298 2508
1304 4910
1305 4236
1306 3104
1312 3314
1313 3681
1124 1320
1323 4631
1327 2077
1331 4286
1341 4611
388 1362
1364 4136
1369 4670
1371 4434
1373 4480
1381 1470
1389 4922
1403 4839
1406 4767
1415 4539
1418 3518
1436 4581
1442 3846
1444 1939
1447 3221
1449 4543
1124 1464
1472 4805
1473 4986
1476 4848
1477 3215
1485 3360
1501 4706
1512 3535
1513 1543
1526 3053
1540 4011
1558 1602
1567 4412
1568 4866
1573 4508
1581 4911
1585 3206
1587 4281
1596 4701
1601 4878
1384 1606
1608 3613
1609 4400
1614 4599
1630 3671
1633 4978
1649 4785
849 1653
1669 2978
1670 1996
1674 4736
1676 3556
1680 4781
933 1687
1689 3471
1694 4918
1702 4554
1705 4893
1701 1709
1716 2840
1719 4011
1725 4928
1733 3920
1739 4835
1744 3940
1753 3022
1407 1756
1763 4946
1139 1770
1774 4685
1789 1845
1795 4308
1802 3876
1811 3058
1819 4168
1846 4789
1851 4671
1855 4269
1861 4370
1865 4113
1871 4986
1873 4915
1883 4832
1886 4975
1890 3601
1892 4857
1894 4693
1084 1907
1911 4616
1912 2087
1915 4651
1920 4461
1924 4948
1928 3726
1692 1942
1944 4640
1946 3531
1952 4854
1960 4072
1966 4100
1982 1983
1988 4613
1992 3494
1995 2957
1997 3968
2009 4953
2022 4909
2024 4659
2026 4871
2027 4005
2031 4818
2044 4620
2081 2204
2083 3313
2091 4565
2100 4881
2107 4655
2109 3660
2112 4407
2114 4033
2116 3991
2117 3182
2135 4687
2136 2274
2141 4502
1821 2147
2163 2392
2167 2494
2168 3948
2169 3468
2171 4558
2179 3947
2189 4897
2124 2202
2216 4705
1125 2231
841 2237
2246 4576
2248 4941
2249 4588
2252 4900
2256 4138
2280 4621
2283 4640
2286 3745
2291 4014
2197 2294
2295 3718
2303 3625
2306 4177
2312 2481
2319 2568
2359 3897
2361 3822
2379 3983
2394 2923
2427 3038
2433 2670
2436 4483
2439 4469
2446 3237
2453 3171
1241 2460
2474 4272
2477 4004
2478 4626
2485 4755
2403 2500
2502 2621
2503 3306
2506 4151
2518 3934
1999 2529
2531 4689
2374 2538
2541 4633
1699 2548
2551 4161
2557 4573
2561 4745
2566 3651
2570 2575
2580 4071
2583 4933
2588 3916
2594 3860
2596 4346
2623 4951
2496 2627
2632 3585
2635 3308
2672 4050
2674 2947
2678 4288
2685 4479
2688 4753
2695 4059
2698 3936
2699 4694
2717 4804
2723 3643
2726 4827
2729 3446
2734 4621
2735 4779
2741 4259
2749 4385
2750 4890
2756 2771
2757 4896
2774 4372
2781 3230
2798 3504
2799 3708
2802 4563
2805 4494
2818 4149
2826 4372
2834 4542
2823 2835
2837 4900
2839 3827
2078 2847
2848 3249
2315 2865
2866 4639
2867 4799
2877 4927
2883 4529
2887 4953
2902 3733
2905 4576
2913 3731
523 2929
2935 4749
2945 3905
2946 4142
2954 4937
2636 2955
2959 4032
1098 2982
2986 4597
895 2987
2989 3280
2196 2993
2997 3846
1434 2998
3027 4597
3005 3028
2677 3032
3036 4372
3039 3408
3046 3898
3054 4981
3066 3828
3068 4722
3070 4879
3073 4767
2317 3084
3088 4632
3093 4762
3102 4895
3108 3621
3109 3120
3131 3593
3117 3135
2786 3138
3147 4442
2662 3157
3170 4710
3185 3794
3188 4807
3197 4624
3199 4199
2292 3202
3207 4446
2748 3228
3229 3930
3239 4683
3240 4474
3246 4357
136 3247
819 3248
3252 4570
3256 4930
3257 4593
2661 3259
3270 4733
3281 4647
3290 4470
2849 3293
2745 3294
3295 3934
3296 3302
3321 3725
3322 4068
3324 4689
2550 3327
3336 4075
3346 4826
943 3350
3353 4838
3354 3908
3361 4686
3370 4429
3376 3377
3381 4168
3397 4317
823 3401
3402 4638
3405 4546
3409 4845
3410 4600
3412 3413
3429 3901
3430 4765
2927 3435
2621 3439
3451 4559
2065 3455
3461 4732
1807 3463
3465 4915
3485 4290
3488 4909
3489 4284
1584 3493
3496 3965
3500 3766
3447 3505
3522 4068
3528 4783
3530 4418
3536 4405
3542 4445
3548 4572
3551 3794
3552 4870
3048 3554
3555 4379
3558 4625
3563 4367
3566 4700
3568 4982
1350 3582
3599 4884
3442 3606
3608 4350
3614 4638
234 3617
1576 3624
2372 3628
3631 4930
2606 3634
3644 4852
368 3654
3359 3656
1584 3664
3593 3678
3683 4556
3685 3855
3694 3802
3700 4911
2089 3702
3709 4358
2513 3714
3012 3736
3757 4620
3761 4769
3762 4381
3763 3877
3204 3774
2019 3781
3790 4718
3792 4982
3755 3796
3804 4511
3659 3814
3818 4221
3540 3821
1152 3825
3564 3832
3833 4449
3845 4923
3019 3858
484 3861
3862 4553
3864 4398
3865 4781
3868 4817
3872 4239
3875 4921
3874 3880
3894 3895
2730 3896
3101 3904
3914 3987
3917 4601
2482 3918
3643 3926
2563 3927
3935 4315
2985 3942
3943 4651
3949 4491
3950 4623
3952 4909
3953 4137
3960 4618
3710 3961
3638 3964
3976 4640
3970 3982
3995 4030
4012 4183
4019 4766
3434 4042
4046 4703
4051 4310
4057 4229
4060 4831
2414 4061
4067 4672
4069 4876
4074 4884
3887 4084
3886 4086
455 4091
3083 4094
1248 4095
3307 4105
4111 4112
4114 4894
4121 4613
4102 4130
3094 4131
4143 4782
3724 4144
3916 4145
4147 4500
1793 4155
3092 4157
4158 4651
4163 4922
4164 4397
2564 4165
4178 4205
4185 4611
4187 4949
1266 4188
3834 4189
1525 4192
4194 4836
2555 4200
0 4203
3329 4206
2972 4218
3627 4230
4254 4275
1859 4261
1999 4265
4271 4459
3146 4279
4024 4294
2132 4297
4298 4737
269 4300
4312 4829
4313 4934
2921 4316
4328 4931
4253 4334
4337 4640
4354 4787
4003 4355
4356 4359
3471 4364
1438 4373
740 4387
3467 4399
3090 4415
972 4423
4424 4598
4425 4741
4229 4443
4096 4444
4455 4467
3822 4471
4129 4473
4476 4480
3990 4478
4475 4487
4495 4949
4420 4497
4435 4503
4351 4518
4486 4523
3850 4527
3745 4528
4289 4532
4533 4710
3196 4537
4538 4685
1901 4540
2067 4552
4190 4555
2770 4560
4397 4561
4567 4727
4578 4748
4255 4579
4586 4802
3338 4594
4371 4595
2948 4608
3805 4612
3711 4615
3989 4643
4644 4849
4604 4648
3812 4652
4543 4656
4660 4893
4289 4676
4677 4681
4368 4679
4620 4682
4043 4684
4698 4956
3808 4704
2908 4709
3510 4714
4427 4716
4720 4786
3990 4725
4395 4728
4729 4741
4742 4751
4743 4968
4275 4756
4757 4778
4738 4759
4639 4770
4765 4800
3560 4814
4812 4842
4111 4846
4847 4850
2607 4851
3779 4860
3708 4862
4848 4863
4767 4864
2985 4865
200 4869
4597 4877
4045 4880
4550 4889
4293 4891
4884 4898
1590 4899
3306 4903
4892 4905
4907 4937
4813 4908
208 4916
4416 4924
2447 4925
4751 4932
3720 4938
4162 4944
2624 4947
3938 4960
3316 4969
4962 4970
4954 4972
4420 4974
3223 4983
2166 4984
4897 4989
3379 4990
2358 4993
4651 4998
2199 4999
1 4371
72 4683
117 4368
189 4442
209 4825
212 4830
217 4861
272 4785
289 1737
321 4747
377 4269
398 3870
425 4286
446 4696
458 4092
472 4437
558 2282
561 4870
571 3006
584 4308
592 4952
733 4881
794 3513
800 4885
858 4340
864 4058
876 4940
885 3589
930 3143
951 4879
1023 4634
1032 3676
1102 4769
1109 4991
1189 4494
1298 4749
1306 4949
1313 4001
1320 4802
1331 4926
1362 4370
1364 4317
1371 4835
1389 4451
1406 4872
1436 4054
1442 4957
1447 3187
1464 4745
1473 4646
1485 4440
1501 4964
1540 3431
1585 4621
1587 3891
1609 4703
1653 2039
1687 4510
1694 4598
1705 4726
1709 4591
1719 4680
1739 4982
1763 4127
1770 4870
1802 4823
1846 4039
1883 4139
1890 4627
1894 4554
1911 3635
1915 4045
1924 4885
1946 4764
1960 2287
1966 3647
1983 4640
1988 4731
1992 4081
1995 4680
1997 3994
2022 4805
2024 4875
2081 3923
2100 4829
2107 4750
2109 2697
2114 4562
2136 4788
2168 4831
2169 4273
2179 3973
2202 4062
2216 3421
2231 3944
2246 4281
2248 4894
2249 4638
2256 3743
2280 4311
2291 4928
2294 4153
2319 4202
2361 4838
2474 4137
2477 4621
2503 4794
2529 4460
2538 4801
2541 4811
2561 4763
2594 4176
2596 3537
2632 3217
2672 4371
2674 4405
2678 4243
2685 3017
2688 4699
2695 4149
2723 4242
2729 4831
2734 4906
2735 4825
2749 4693
2750 4817
2756 4882
2774 3043
1424 2798
2799 4221
2818 4933
2422 2826
2835 4992
2866 4726
2867 4544
2887 3100
2929 4706
2935 4196
2945 4635
2946 3716
2957 2959
2982 4956
2986 4958
2987 4315
2993 4822
2426 2998
3027 4954
3028 4554
2891 3036
3039 3367
2972 3046
3066 3504
3068 4711
3070 4554
3088 4731
3102 4870
3120 4341
3135 4977
3138 4454
3157 3853
3170 3475
3185 4784
1921 3197
3207 4722
3228 4758
3229 4590
3239 4241
3247 4277
3160 3248
3252 3966
3256 4278
3257 4760
2013 3281
3290 4227
3294 3543
3295 3403
3296 3521
3321 4616
3324 4717
3327 4752
3336 4664
3350 3352
3353 4623
3354 4243
3361 4817
3370 4472
3397 4574
3405 4342
3409 3783
3412 3951
3429 4717
3439 4779
3451 4242
2879 3461
3463 4867
3465 4357
3482 3488
3489 3492
3493 4806
3496 4941
1949 3500
3505 4760
3522 4681
3542 4366
1826 3552
3554 4815
3219 3555
3558 4948
3563 4717
3566 4681
3545 3568
3582 4171
3606 4828
3608 4120
3624 3758
3628 4589
3631 4035
3644 4219
3654 4817
3656 4269
3678 4580
3694 3836
3519 3702
3532 3709
3714 4661
3736 4702
3757 4025
3761 4592
3763 4124
3774 4834
3781 4148
3453 3790
3792 4033
3796 4184
3804 3811
3814 4765
3818 4582
3821 4687
3832 4917
3833 4668
3845 4489
3858 4776
3855 3861
3862 4788
3865 4750
2257 3872
3875 4290
2972 3880
3895 4583
3896 4407
3904 4930
3914 3925
1793 3917
3132 3918
3910 3926
3942 4822
3943 4841
3950 4673
3952 4451
3953 4835
3960 4631
3961 4299
3964 4715
3976 4315
3982 4785
2493 3995
4012 4501
1376 4019
3538 4042
4046 4550
2915 4051
4057 4666
4060 4092
2403 4061
4074 4795
3934 4084
4086 4921
4091 4101
4094 4824
4105 4666
4112 4609
2484 4121
4130 4817
4131 4839
3304 4143
4144 4323
3837 4147
4155 4678
4157 4968
3458 4158
3888 4163
4164 4331
4165 4269
4178 4465
4187 4985
4188 4326
4189 4979
4192 4439
4194 4512
4200 4510
4203 4665
4206 4599
4218 4957
4230 4288
3673 4254
1831 4261
4265 4868
3971 4271
4279 4783
265 4294
4297 4895
4298 4309
4300 4810
4312 4649
4313 4635
4195 4316
4328 4651
3045 4334
4337 4772
4354 4575
4355 4490
4346 4356
4387 4841
4392 4399
4415 4437
4151 4423
4063 4424
3987 4425
3015 4443
4444 4822
4076 4455
4465 4471
2555 4473
4476 4479
4478 4879
4022 4487
4495 4892
2712 4497
4503 4582
4518 4839
4039 4523
4527 4748
4528 4680
4532 4914
4533 4769
4534 4537
4538 4539
4384 4540
4172 4552
3129 4555
4255 4560
4561 4921
4567 4673
4575 4578
3887 4579
4484 4586
4594 4833
4595 4761
4607 4608
4529 4612
4615 4623
4643 4806
4263 4644
4648 4741
4326 4652
4656 4713
4660 4943
2317 4676
3241 4677
3998 4679
4682 4909
4088 4684
4698 4943
4590 4704
2828 4709
2712 4714
1624 4716
3977 4720
3824 4725
2061 4728
2343 4729
4108 4742
4593 4743
3820 4756
4441 4757
2176 4759
4374 4770
3867 4800
4785 4814
4842 4951
4823 4846
4837 4850
4848 4851
982 4860
4862 4910
4863 4982
4745 4864
4865 4879
4847 4869
4877 4912
4880 4909
4750 4889
3253 4891
4885 4898
2967 4899
4847 4903
4905 4986
4761 4907
2827 4908
4872 4916
949 4924
2131 4925
4398 4932
4680 4938
4878 4944
4028 4947
4583 4960
4952 4969
4673 4970
4493 4972
4634 4974
4205 4983
4448 4984
4912 4989
3884 4990
3996 4993
4031 4998
4048 4999
1 4995
425 4452
858 4184
1023 4789
1032 4752
1389 3851
1705 4040
1988 4621
2538 4886
2685 4868
2798 4426
2887 4940
2982 4996
3088 4951
3135 4830
3222 3228
3321 4838
3429 4450
3451 4378
3407 3522
3554 4817
3582 3924
3656 4882
3736 4658
3800 3804
3821 4713
3832 4489
3865 4301
3895 4385
3896 4691
3964 4817
3976 4169
4042 4690
3490 4046
4057 4985
4074 4767
3299 4094
4144 4520
4194 4817
4294 4858
4313 4900
4129 4328
4415 4883
4423 4948
3342 4424
4443 4452
3323 4455
4503 4635
4518 4995
4523 4930
4561 4633
3909 4578
4595 4747
4644 4946
4660 4948
4684 4697
4701 4704
4062 4743
4814 4941
4851 4868
4862 4913
4864 4920
4869 4900
3910 4880
4884 4889
4888 4899
4817 4903
4902 4905
4352 4907
4902 4908
4906 4916
4932 4963
4485 4938
4949 4972
4946 4974
4984 4988
4981 4998
4549 4999
1988 4818
3865 4655
4591 4999
