1786 4495
2617 3645
1860 4167
260 4572
2441 3585
851 4925
2410 4231
4167 4865
2980 4111
2988 3815
2145 3889
271 4865
2251 2647
2236 4879
4347 4395
3255 3898
4387 4688
778 4925
1734 3665
2646 4065
2772 3665
3347 4330
586 4808
593 4775
3839 4740
3345 3723
4007 4600
3053 4592
2766 4929
94 2410
2525 3255
1 4521
2356 2790
3799 4559
1434 4781
3290 4499
1611 4173
2208 4508
2684 3608
4499 4892
3746 4392
4273 4574
3365 4761
1753 2766
3133 4781
3387 4139
3797 4742
4252 4409
944 3467
2721 4120
3589 4234
4148 4919
522 2698
2165 4574
1587 4559
2869 3839
2718 3269
83 4589
4279 4684
1934 2420
2009 2357
4338 4395
508 4966
3409 3589
3141 4740
918 4503
2760 3671
500 4290
2561 4910
2674 4772
4160 4203
2200 4919
2699 4760
23 4966
3050 4374
541 4538
2668 4329
477 3856
955 3837
3129 4387
1601 4569
2488 3495
4600 4636
1070 4409
2383 4629
3161 4376
1965 3495
606 2879
2016 4101
2402 3798
3019 4372
2820 3797
2125 4745
2874 3856
1397 4263
3207 4234
3209 4388
2137 3964
4212 4883
1934 4139
1587 2399
667 4058
2795 4231
1478 4263
3169 4835
2809 3652
3905 4716
4207 4717
18 3864
14 3826
1232 4669
2863 4444
689 3797
1131 4500
2060 4990
4424 4786
1264 4569
2326 3132
549 4919
2821 3746
842 4713
1194 4745
4234 4808
2723 3363
83 4966
1169 4608
582 4234
1242 4765
1398 3665
2363 3129
1448 4340
4746 4761
94 4945
1380 4185
3754 4058
335 4910
673 4990
2482 4203
3573 4569
3759 4077
1578 3172
582 3837
1396 4835
1061 1799
2410 4569
1829 4979
2410 4719
2515 2990
3122 3280
4265 4592
1043 2147
4731 4779
3128 4298
1624 2324
728 4979
2718 2721
3445 4864
2988 4569
2646 4302
4736 4753
2204 3458
2260 3882
2659 3738
3323 4835
42 4799
2149 4329
3089 4786
956 3659
2220 3264
3645 4990
1504 2542
1231 2366
2821 3367
1672 4245
162 4340
3761 4449
3864 4508
1299 3608
3864 4945
1399 4309
4128 4912
3363 4979
1169 4891
842 3305
2766 4957
440 4808
3019 3665
3089 4572
120 3089
260 4786
3147 4713
3235 3681
2874 4392
3409 4760
3409 3894
1869 3880
2211 3837
2236 4832
4220 4717
1386 3894
3589 4957
1570 2065
3053 4779
708 4669
4279 4388
2488 4765
3961 4254
3671 4273
2353 3019
1330 4615
3217 3746
708 4684
3662 4865
1396 4356
3290 4559
3112 4152
2617 4990
1115 4891
2246 4189
1112 2044
3793 4572
2766 4772
3725 4719
1782 4879
2910 3880
3194 4444
3290 4734
1430 2844
1869 4745
3495 4765
1797 4765
2471 4372
1034 4648
1433 4688
2698 4325
4424 4503
955 3410
3882 4966
3905 4910
2770 3588
4352 4984
3725 4945
3495 3557
3397 4896
753 955
1181 4090
3169 4929
2907 3538
2434 3939
3191 3994
3178 4896
2399 4734
4420 4779
315 4957
2902 4318
3129 4669
1353 4896
3660 3746
3793 4808
534 3853
4338 4569
1797 4742
2018 3541
1858 4734
3269 4120
3417 4812
3767 4340
3050 4024
4608 4615
1077 4912
1081 4559
2248 4753
1870 4372
1870 4297
3393 3659
3445 4551
1954 2512
3259 3799
669 3239
1918 3546
2515 4745
3546 4052
3940 4864
4047 4574
879 2549
452 4753
143 3839
1784 4058
3537 4449
3538 4465
3759 4832
4380 4559
799 4990
1734 2353
4409 4521
217 4919
162 4551
1155 4984
232 1411
2307 4354
94 4719
2323 4629
1714 4569
2402 4252
1934 4883
2900 4152
2515 4122
3280 3754
1330 4891
3660 4589
3882 4825
4799 4865
3671 4046
3209 4139
2851 3495
830 4530
3029 4775
2646 3573
882 1578
2483 4338
3815 4719
2307 4717
3711 4883
1401 4979
994 4990
630 2500
176 4731
673 4840
2137 4224
3435 4058
1444 4195
531 4781
4409 4852
3573 3628
4075 4684
596 3417
2511 3234
1003 4808
1338 4957
3815 3864
2071 4265
1611 2647
4329 4912
1861 4239
315 4772
596 4198
3380 3443
4508 4719
1077 4753
2364 3353
3890 4052
4354 4923
3380 4099
4148 4984
1348 4879
28 4444
3003 4007
3208 4990
3155 3161
1625 4354
3660 4298
4879 4910
1860 3742
2990 3880
2505 3406
1429 4309
1429 4736
2125 4696
2307 4835
3082 3588
3290 4892
130 1601
389 4120
1372 4719
1463 4111
1965 4372
2880 4808
1171 1640
2152 4569
3129 4688
4120 4359
4592 4799
2599 3768
3397 4979
4077 4731
541 3788
3184 4629
3681 4742
3759 4592
3573 3725
3521 4212
1463 2980
683 4359
2832 3019
849 4115
1458 3788
4832 4879
3124 3541
4615 4717
3038 4808
3723 4387
4356 4891
3210 4239
91 4775
1319 3155
4160 4465
95 4760
3541 4330
1114 3882
1530 4231
3826 4392
1386 4957
1353 4979
4060 4128
4173 4565
13 4896
4372 4430
2323 4648
470 3266
2434 4499
94 4245
3769 4101
2684 4919
3029 4220
942 4775
963 4350
2348 3128
2211 4392
2308 2617
3229 3234
2542 4853
1196 4957
2218 4896
2990 4745
4608 4835
1129 4825
3290 4812
1589 3123
2772 2832
3312 3890
995 1401
3554 4380
1504 3791
838 4065
1007 4629
3896 4207
4297 4765
3772 4559
2761 4203
1644 2718
1061 4352
1799 2353
2823 3946
3305 3839
2323 3882
3605 4761
2369 4152
1998 4167
271 4799
2820 3387
2323 2821
2697 4375
3521 4388
630 4745
2392 4024
2699 4929
3360 4395
3896 4835
689 4919
1863 4636
1667 4775
2902 3750
3149 4297
124 4326
3797 4115
3207 4020
4090 4111
2697 4923
3541 4565
2065 3132
4716 4731
2044 4925
1735 3558
4409 4775
587 4864
1672 4745
549 4500
1519 4422
1672 4318
2251 4736
2820 4279
3602 4393
3798 4775
4547 4592
133 4375
4297 4742
3255 4263
2609 3364
3493 4387
3019 4743
4731 4910
3281 4007
3140 4786
3662 4966
546 4896
3124 3402
4265 4779
2323 4589
3759 4265
506 3853
1401 4713
443 4765
963 3000
2441 4743
1869 4696
2483 4637
1906 4719
3761 4925
1416 4148
495 4892
2549 4734
4234 4786
3282 4203
3244 4790
401 4740
2275 4290
2276 4743
2555 3828
3254 4760
3839 4840
4608 4923
1847 4637
3531 4713
783 4330
2147 3038
3210 4853
4075 4212
2369 4106
2902 3082
3956 4753
994 3364
3693 3755
4338 4503
2434 3229
1155 3353
2356 3363
3140 4808
598 3387
3693 4099
2259 4753
3492 4753
669 4736
1570 3754
1242 4799
2512 2967
2761 4746
3186 4538
4245 4745
3190 4808
587 3662
3889 3961
2254 4387
2580 3269
240 4723
3000 3755
3345 3493
2609 3208
3387 4212
3704 4786
196 4036
2869 3880
2246 3198
3347 3704
3880 4745
3608 4547
1883 4273
2138 4779
3880 4318
1666 4825
4077 4592
240 3769
2697 4615
1589 4538
2647 3402
4615 4891
2525 4736
1135 2145
3616 4007
3387 3399
884 4892
3844 4984
1242 4742
2326 3423
1372 4134
1785 2441
2056 3354
3190 3961
2527 4669
1196 4929
2254 4688
3287 4753
3548 3837
3606 4273
3184 4648
1478 4896
3161 3385
3558 4781
2699 4600
4309 4945
1825 4990
2151 3880
2204 3891
1570 4058
2902 2910
3323 3898
3905 4291
4231 4364
2698 4173
3746 4629
3626 4143
3402 4376
21 3839
2356 4979
587 4629
4592 4879
2542 4340
2968 4374
884 4891
3588 3626
393 4340
1786 3738
2410 4945
3645 4840
2505 3190
3600 4637
3799 4375
4075 4224
4 4375
2044 4929
3897 4302
1397 3239
3020 4713
3207 4808
696 4052
2968 4148
1535 3755
3210 4290
4753 4755
2561 4592
1061 4984
643 4530
4359 4432
2248 3890
232 3388
247 4065
2869 4011
1989 4572
3659 4565
3229 3772
3082 4318
3964 4139
374 3665
4167 4530
2823 3742
1231 3623
91 4101
212 3844
2772 4273
4291 4420
2331 4669
2684 3839
582 4392
4099 4387
783 4185
3172 4392
3281 4167
3891 4635
2065 3423
83 3791
3458 4217
3354 4102
4375 4615
3132 3423
3365 3754
775 4495
851 4957
3053 4910
3406 4231
3244 4723
2324 4925
3891 4239
875 3681
1881 4372
3254 4957
335 4420
1353 4755
2996 4753
143 2063
3186 4574
4669 4688
3060 3693
4058 4449
1399 4945
1399 4508
3628 3725
2151 4696
708 4688
1503 2988
3208 4840
753 4217
2324 4326
2821 4832
2609 4912
3839 4990
1131 4102
3287 3492
1108 3994
1444 4521
769 3161
2357 4122
3321 3940
3725 4569
4896 4979
2761 3050
3186 4166
3035 4388
4036 4574
2254 4669
702 4742
3423 3754
4077 4779
1847 3038
2684 3364
3147 3882
702 3733
884 3939
18 4945
2542 4781
1684 3772
995 4979
4203 4635
1287 3132
3828 4370
2820 4224
3602 4781
582 3826
3234 4979
3272 4929
3291 4600
1388 4684
72 4713
1797 4430
1194 4245
2236 4731
4152 4500
2870 3531
3112 3750
3546 4912
4420 4799
3772 4198
1434 3321
1974 4734
2200 3305
3495 4372
1194 4075
323 2723
1478 1640
2659 4547
1869 3886
1965 4430
2071 4779
2240 4979
2900 4500
3897 4217
3589 4760
2240 3020
3994 4055
116 2154
3652 4152
1171 2240
2326 4449
1974 3360
2260 4589
3791 4589
2063 4760
4740 4742
1057 1644
1117 4979
470 4465
3538 4635
3345 4387
1624 3095
1624 3660
1401 3234
3282 4990
14 3837
146 4330
1535 4060
2108 4120
1133 4055
4111 4984
3257 4530
393 4853
2173 4521
2556 4375
2761 4808
3385 4325
3020 4979
1799 3353
3616 4140
4207 4835
851 1465
4290 4355
2184 4530
1256 4263
830 3257
1458 4734
3601 4892
3769 4723
4060 4892
1287 3122
2869 4392
929 4325
4592 4731
3208 3282
1465 3124
3272 3332
3606 4574
598 4212
2844 3410
2173 4775
4265 4910
3725 3864
2357 2902
143 4990
2260 4298
2353 4387
1735 2832
2580 4115
3746 3791
1570 1784
549 4476
1954 2832
879 3011
1535 4755
3761 4779
3723 4220
4195 4852
4592 4835
3891 4120
421 4340
3365 3605
4167 4636
4134 4945
4173 4330
196 4574
642 3898
3208 4740
3022 4892
2165 4538
2556 3531
738 3275
3537 4600
3155 3897
3022 4239
3083 4148
3521 4883
3554 3939
2137 2248
1935 4143
3589 4925
2512 3665
1578 4392
3198 3387
506 4302
3133 4551
3354 4500
3573 4309
2108 4432
2256 4521
4775 4852
130 4309
2483 3994
1458 3332
3029 4765
1644 3269
3275 4896
2410 4309
4046 4538
1322 3994
1433 4387
2357 3410
3141 4919
567 1906
4 4576
2500 4075
1511 4853
4189 4530
1115 4347
3000 4220
1397 3222
3190 4364
2399 2926
3693 4688
4291 4799
31 1782
1753 3828
1974 4198
3169 4615
2549 3089
2165 3788
2326 3754
2412 4444
2525 3898
1061 3844
95 4925
1587 4892
2240 4896
4781 4799
3665 4160
1081 4812
364 4024
1193 4919
3410 3856
3042 4589
3585 4743
1455 3312
1341 2353
3759 4731
606 4832
4128 4755
425 4790
4879 4896
3380 3723
2900 3744
42 3759
943 4252
3388 4148
1430 4742
3244 3248
3445 3558
2761 4635
4551 4864
4265 4865
3870 3939
2214 4252
943 1918
3554 3774
2056 4106
1072 4636
2699 4957
4329 4919
1863 3742
3022 3554
4106 4476
2926 3229
2980 3712
2809 4106
3458 3856
2790 4713
3128 4648
3606 3671
4143 4364
1611 4325
4152 4476
2269 4224
3083 4352
3467 4122
1131 4152
1098 4925
1115 4354
2366 3961
3531 4684
696 4852
3742 4140
2149 4912
851 4772
4134 4309
1264 4508
3423 4236
3601 3605
4298 4825
4106 4500
3264 3551
1003 3797
3671 4538
852 4891
2060 4547
1072 3537
2669 4139
3259 4608
3171 4409
3388 4799
1785 3665
3541 3833
3681 4372
3886 3891
4521 4852
1319 2502
3123 4538
2646 3588
3402 4565
2366 3626
3443 4355
3815 4508
2108 3194
2108 4775
4101 4790
3557 4765
1114 3573
120 4808
1054 3194
3259 4923
2926 4499
3266 3605
3003 4140
2412 3269
3333 3406
2190 4148
3890 3956
2766 3894
643 4600
3248 4812
323 3353
2056 4152
2085 2879
830 4565
2259 4912
2420 2434
4239 4355
3234 3531
2659 3208
3445 4393
3410 3837
1869 2151
1965 4765
3280 4058
462 4290
688 4152
2275 2907
2145 3382
3282 4547
584 3585
3161 4325
3557 4742
21 4919
462 4024
1274 4892
1863 4530
3273 3287
3406 4143
567 4719
1535 2996
3602 4853
1028 1054
3235 4430
3769 4252
3402 4325
1034 4036
3409 4957
3870 4393
4559 4734
4055 4808
4252 4521
3287 4329
995 4713
2064 4143
1735 2353
4779 4879
2967 4743
2880 4572
1795 3864
1433 4669
2399 4892
2137 4075
4077 4716
2280 4354
1735 3994
4239 4290
143 4572
2910 3467
1003 3994
3746 4589
648 4765
1386 2555
884 4499
3798 4772
906 4736
1198 2772
1386 4925
1133 4234
2240 2814
4047 4538
3171 4101
4430 4444
643 4140
3946 4139
4530 4600
2366 3382
2580 4189
609 4231
2071 4731
1070 4521
2346 4352
2331 4220
2549 4812
2918 4036
3243 4356
4465 4966
4195 4790
569 3602
2218 4883
2348 4966
3767 4393
2331 4688
2407 3492
2258 2470
963 4220
3149 4765
3136 4297
3742 4530
91 4636
2044 3409
673 4919
943 4852
2463 4745
4263 4422
3060 3956
3870 4189
3557 4430
1003 3191
3000 3662
3894 4370
2721 4444
4 2421
4115 4279
1083 3360
2505 3853
2471 4430
2988 4719
755 4380
3605 4635
2647 3659
2357 4318
569 4781
2618 4799
825 4891
4340 4551
1786 4740
2287 2823
2996 3890
4077 4265
830 2246
425 942
3798 4790
2484 3733
1198 4551
741 4717
1735 4743
1954 3019
3417 4198
3385 4173
4099 4883
1429 4422
2287 4036
4090 4781
2484 3844
2512 4743
3733 4879
2500 4745
909 4291
2599 4865
3704 4572
1618 3662
3744 4152
1578 3826
2211 4551
2254 3380
4395 4717
3141 4990
1530 2134
2251 4790
4432 4444
3264 3435
816 4984
2863 3194
3280 4236
3833 4330
1338 4760
3886 4444
3191 3600
2275 4160
1644 4359
2353 3616
2295 4808
1330 4356
3272 4576
4203 4290
374 1734
825 4207
2256 4723
4077 4799
830 4600
886 4608
1131 3750
1198 3019
1589 3417
3184 4966
3546 4409
3828 4684
3136 4372
4375 4395
1799 4326
4370 4380
3222 4422
4576 4835
2434 4388
2363 4669
683 4432
775 4352
1734 4743
2407 4538
3011 4812
955 3608
3259 4376
3287 4060
3333 4231
4115 4189
2018 3402
593 4195
3273 3890
582 4111
1795 4356
3122 3435
4231 4302
2643 4252
910 3312
4254 4302
4508 4688
4755 4912
4865 4910
3755 4099
1295 4298
2926 4198
3281 4600
2364 2484
2821 3791
3248 3360
393 3602
3548 3788
669 3898
4772 4929
3147 4966
2407 4329
1858 2643
2254 2527
3208 4919
3269 4359
1406 3255
495 3229
1133 4786
2980 4374
3791 4648
1504 4254
2324 4370
2505 3333
2879 4832
3671 4166
561 3410
4185 4330
1372 1503
2327 2832
4297 4430
2496 2991
3493 4688
2618 4832
3316 4354
1998 4530
2258 4912
546 2870
2723 3388
3363 4713
3112 4476
1322 1847
1795 4945
141 4106
14 4392
31 840
3124 4185
4060 4912
561 4957
1015 4139
2280 3147
1847 4808
1906 4945
2659 3839
2397 4364
2698 4500
42 4865
3964 4115
2151 3467
944 4696
3898 4422
1406 4422
508 4388
1766 4134
3112 3744
2258 3312
582 4217
1444 4409
4195 4723
2018 4185
401 4919
3537 4140
3723 3864
1171 3178
2844 4217
2549 3022
2723 4984
1883 4538
4572 4772
2991 3000
3022 3774
4102 4476
4052 4852
1169 3316
2761 3164
4330 4376
264 4808
1555 4761
4207 4615
2324 3761
4376 4565
3193 4892
3035 4055
4716 4879
1860 4444
3257 3537
4684 4896
1974 4812
3435 3551
3905 4731
4370 4760
3282 4740
3759 4799
2324 4957
1558 2820
2258 4755
728 4352
1558 4224
2056 3759
2525 4263
2624 4128
440 4786
2147 4835
1287 4449
2348 4589
2391 3601
35 426
389 4359
778 4326
1348 4910
2421 4923
2721 3886
3626 3853
3755 4669
4259 4449
2085 4495
2323 4825
840 2770
4195 4252
4753 4912
1238 4799
2718 4359
1589 3768
3257 4636
1072 3281
3365 4355
2211 4217
22 23
2346 3243
3445 4853
3939 4812
3022 4883
728 816
1198 4743
1419 4925
3291 4007
2063 4957
374 4743
3234 3363
3704 4503
531 4864
1083 3554
1322 4637
3229 4559
1396 4891
549 1278
741 4356
315 4929
2496 4923
124 4957
1268 4734
1503 4719
3193 4812
2990 4122
3662 4629
1287 3435
212 4111
2331 3042
4291 4910
2070 4148
2085 2276
864 4896
1379 4217
2220 4449
2366 4736
3746 4966
2044 4055
1353 4265
2363 3693
1503 3628
3083 3712
4140 4530
2511 4713
3659 4376
1602 4338
2070 4374
3210 4746
3896 4923
2851 3681
3254 4592
560 4375
2327 2441
4354 4835
1196 3774
3243 4347
4338 4572
1784 4449
4372 4742
4465 4761
1043 4020
1072 4530
2643 4852
2880 4637
260 3207
4207 4375
311 3946
323 4790
4120 4444
3136 4430
3671 4011
3333 3853
1162 4239
775 4990
2154 4635
3255 4736
2220 3435
212 4808
3645 4547
3844 4374
3207 4637
1463 4984
2307 4923
2420 4279
3385 3659
849 4166
3458 3837
4508 4945
1278 4500
1070 3769
1098 4326
3791 4629
4298 4966
364 3891
4101 4723
2214 4195
3742 4636
4134 4719
2561 4865
3531 4979
4245 4696
1797 4297
2506 4840
3797 4212
4122 4245
4393 4864
1795 3725
2698 4330
1434 4864
852 4395
2668 4755
598 4883
3050 4761
2248 4755
2698 3541
3259 4717
4234 4503
1242 3149
2220 4252
3269 4444
3894 4929
3147 4589
3235 3557
598 4569
1372 4945
1171 4979
1155 4374
4212 4984
2214 4572
1231 4254
3209 3797
4731 4879
3583 3665
3399 4115
944 4731
1398 2441
1860 2967
2060 4740
2065 4236
2240 3178
2016 4521
2275 2482
2287 4755
3259 4350
3266 4024
1869 2357
886 3896
4297 4372
1295 4825
1152 4185
1847 4892
3332 4370
3332 4772
3190 4143
3038 4424
3793 4234
3905 4592
765 3222
3693 4465
906 1429
1935 2269
2113 2397
3290 3774
2874 4217
3761 4772
4393 4551
2366 4302
1162 3443
3628 4569
3169 4356
3558 3870
3628 4134
1108 1322
4302 4364
15 3239
2065 4058
477 4217
587 1295
598 4254
1860 3616
2113 3711
3083 3844
3029 4669
4166 4574
3089 3704
1766 3725
2967 3585
3799 4923
3123 4203
2699 4326
1399 4569
3367 3746
4236 4259
2383 3095
3244 4812
598 2823
3588 3961
1268 3601
2287 4912
1860 4636
2204 4203
4551 4781
2346 3353
3744 4102
2184 4636
264 3793
832 4393
1278 2809
1093 3234
440 586
2258 3956
2369 2900
3332 4957
3815 4309
1785 4465
2505 4065
3601 4380
3870 4864
4052 4790
4326 4925
1667 4808
232 4254
1974 4499
1117 4919
2856 4883
4207 4395
417 4220
3209 3711
1625 4835
425 4775
4832 4865
1398 2772
2348 3791
3275 4263
546 4115
1782 4364
3248 4734
2323 3217
4503 4637
3128 4825
3583 3660
1015 4224
1625 3316
2366 3333
2851 4742
426 1152
4265 4799
696 3082
2364 4984
23 4912
886 3003
3886 4120
3616 4167
1602 4503
2071 4910
3583 3746
2814 4979
2844 2874
3681 4765
3645 4495
3905 4865
2125 3467
3652 4106
2356 3020
2016 3605
3291 4530
3345 3755
1341 3585
1858 3360
3905 4325
1173 3626
3248 4559
1640 4476
2308 4152
2918 4273
3290 3417
760 3956
2990 4011
3882 4648
3495 4430
3000 4669
3940 4393
1820 3019
3190 3382
3537 4007
1666 3147
443 4742
3312 4060
3767 4713
1278 4106
3956 4329
4189 4279
2980 4984
3193 3554
3332 4760
271 4910
753 4891
1416 4111
4290 4465
1458 3360
2137 4388
2065 4167
2617 4740
2988 3725
1193 4840
4101 4775
383 4684
4347 4615
2383 4966
2347 4865
443 4395
2152 3815
1611 4565
2064 4302
3445 4781
4122 4569
3798 4195
1117 2609
4236 4449
423 4812
1644 3194
3290 3360
2421 3799
1162 3891
2402 4052
1799 3844
3060 3402
4326 4760
3305 4740
4812 4892
3053 4832
583 4852
3178 3397
3136 4352
3194 3886
3652 3750
3742 4853
3305 4495
2643 4775
3360 4499
3186 4046
2556 2697
3273 4329
4060 4329
3768 4046
1667 4338
4134 4569
3082 4122
1870 3235
3321 4853
3799 4347
2301 3269
708 3723
2500 3467
1530 4143
443 3799
1570 3132
1396 3896
3409 4925
2624 4755
3600 4808
3759 4291
3558 4864
3797 3964
2060 2200
4020 4637
2795 4065
4476 4500
4495 4840
3956 4755
2412 4637
4779 4786
1784 3264
3600 3704
2259 4755
3257 3281
3492 4755
3147 4648
3791 4291
4007 4140
3443 4465
22 143
3994 4572
2165 2760
4036 4046
4840 4990
1766 4569
3891 4761
1458 1587
2071 4832
995 1829
4576 4891
929 3385
1444 3123
2134 2646
3095 3583
1667 3191
1511 3558
2009 4696
4291 4832
673 4740
2070 2980
4359 4444
4198 4812
3767 4551
2902 4245
4326 4929
3891 4465
1570 4449
2369 3112
2044 3828
3291 3537
3623 3870
440 4055
3521 3946
4195 4775
2910 3538
2363 4099
838 3333
2502 3406
4055 4338
3287 4755
4347 4375
4734 4812
3583 4648
3128 3367
1448 4864
1256 1429
3616 4984
531 3397
3248 4380
3558 4340
1401 4896
1935 2502
3029 3755
2760 4273
4387 4669
760 2624
1169 4923
1640 3397
1784 3423
1795 3628
1434 4340
508 1291
1458 3554
3312 3492
906 4422
2599 4420
4592 4865
2505 4688
1256 4422
3254 4929
4203 4761
3733 4984
2918 3123
3207 4559
4160 4495
1825 4740
2420 3964
2907 4465
1299 4547
3939 4380
4388 4684
1558 3711
1881 4765
3588 4231
2009 3467
3312 4912
212 4374
2138 4340
3853 3961
110 4551
1601 4945
2324 4929
3551 4058
1181 4449
4024 4355
3347 3833
4734 4892
1847 4449
2259 2624
1299 4919
2918 3606
899 3345
909 4799
146 3124
3316 4356
3287 4912
3127 4273
944 4745
944 4318
2184 3616
4102 4853
2236 4865
1108 4840
3255 3323
1555 4746
3089 3793
1043 4808
1264 4945
4984 4990
3445 4090
383 4713
2208 3864
3616 4636
2063 4929
3360 3601
2246 4212
700 3791
755 3417
315 4925
2814 4731
3660 4648
2556 4356
2599 4832
534 3035
3305 4547
2236 4265
4380 4892
4 4923
702 4765
1861 4761
4424 4637
247 4143
2204 2907
2996 4755
4011 4245
4011 4696
4099 4688
1411 3889
4338 4786
13 3275
3660 4929
4495 4919
2723 4374
3364 4840
2538 4743
2463 4115
3886 4359
2346 4984
2364 4111
3149 3495
1398 4743
3011 4198
4835 4891
531 4853
2643 4723
3712 4111
702 4430
2918 4166
426 4173
3606 4538
4420 4879
22 3141
4354 4375
141 4476
2269 4684
3890 4755
838 3853
4290 4761
2926 3939
1388 3946
3711 4212
3273 4755
918 4020
3239 4259
2618 4910
4207 4347
4891 4923
3410 4217
3815 4122
4143 4254
1511 2392
4058 4259
1198 3585
3244 4592
3600 4020
4160 4355
1093 4713
3029 4372
1330 4835
4388 4808
35 4020
2356 2814
3210 4761
1379 4392
3161 4173
2907 3210
4020 4234
4530 4636
781 4990
2200 2506
3191 4338
799 1825
3409 4772
3410 3882
3198 4224
4350 4387
2698 3385
3939 4734
3264 3280
2236 4910
3198 4115
2064 4231
2190 4374
3870 4090
1388 1934
2070 4984
1766 4166
2879 4420
3704 3793
4291 4865
2280 4629
2723 3083
2646 3333
2134 4302
3257 4167
1141 1353
1624 3662
2500 4122
2145 2502
2556 4207
3042 3660
3060 3347
3652 4790
3194 4432
4370 4957
2152 4719
3767 3870
1133 4503
648 3149
4925 4957
587 4648
753 3837
2542 3940
2108 4444
2580 4075
1989 3994
3382 4231
4101 4252
4140 4636
3742 4007
3601 4559
934 4979
3541 4185
1625 4395
1112 4957
760 4060
2392 4465
3738 4919
1666 4629
875 4297
2392 4635
1602 4020
4356 4923
825 4615
3321 4551
3321 4781
4589 4629
3316 4923
2319 4465
2470 3492
500 2392
1152 3161
1714 4719
2184 4140
2991 4387
1131 4476
4167 4600
1589 2760
2561 4879
1530 3897
4572 4786
1860 3495
4265 4731
3178 3275
35 4173
1965 2851
1372 2410
2618 2624
2879 4910
1714 4945
1291 4189
2063 4925
918 3207
2856 4380
2506 4919
2018 4376
2879 4799
2609 4495
4291 4879
1274 2618
2844 3856
3665 4743
3828 4760
3759 4224
4160 4743
2256 4790
3217 4825
3235 4742
2407 4753
1478 4684
1444 4852
35 4325
3194 4120
3208 3662
2697 4891
4347 4923
4508 4574
4755 4957
1881 3557
4224 4883
3122 4058
2488 3149
4325 4565
3551 3754
2301 3886
389 2721
3750 4945
4128 4329
335 4879
2790 3397
1530 2770
728 4148
3243 4615
3364 4990
3558 3940
696 2214
2260 4865
452 910
3769 4409
688 4476
851 4760
2698 3124
1504 3588
3282 3839
3711 4224
955 4355
3417 4380
3623 4340
3147 4298
546 4979
1043 4637
584 4929
1618 4984
508 4279
2145 3853
3281 3742
4395 4636
2674 3217
4465 4746
3035 3207
260 4503
264 4637
1458 4499
4338 4808
1 4852
3323 4736
3035 3994
3712 4352
2902 4696
781 2200
3793 4637
1416 2484
1785 4160
3725 4508
3541 4325
4060 4576
3546 4775
500 4239
4370 4929
3388 4984
2085 4740
3193 4734
14 3856
83 1766
1433 4799
2506 2609
3554 3772
3275 3388
1861 4024
3345 3380
3367 4825
2218 3797
1338 3761
2214 4790
3000 3723
1434 3854
2699 3761
2809 3409
4263 4736
567 4945
1429 3323
3042 4648
4055 4637
3149 3557
2044 4309
3606 4036
2151 4318
3548 4500
1806 2511
23 2287
3826 3856
3573 4945
4929 4957
1295 1455
477 4742
2511 4684
4060 4753
3772 4734
2391 4380
1428 3659
3172 3856
2659 4840
3798 4723
3940 4090
2392 4203
2617 4547
3123 4052
1135 4143
3837 3856
3210 3266
3264 4449
3082 3880
781 3608
4077 4291
3788 4538
3880 4011
2556 4259
3905 4879
2240 4713
1129 4966
2991 4688
852 4347
28 4120
2138 4879
2549 3193
2617 4919
2502 4530
2879 3229
2900 3354
4160 4239
374 1398
2326 4236
849 4574
2353 3585
2538 2809
3380 4350
3605 4355
2220 3551
2907 4746
4372 4765
3704 3946
102 3269
4075 4115
4077 4832
3399 3797
3548 4273
3626 4318
2463 4530
417 4688
2018 3659
1625 4576
1112 4760
596 4393
3608 4919
2063 4772
943 4723
2391 4812
4099 4753
1870 4765
1503 4508
3558 4740
838 882
495 3774
2470 2624
2662 3712
2251 3898
1419 4370
1398 2538
522 3222
830 4007
247 4551
1007 3217
1806 4713
1806 3234
2070 2484
2412 2721
1463 2346
3332 3589
522 4422
423 4775
3546 4252
3112 4500
116 3050
486 4825
864 3531
4779 4865
3410 3826
3891 4746
3272 4772
882 3897
879 4734
2527 4688
2718 4444
816 4352
3788 4036
3828 4326
3360 3583
3793 4503
217 4840
1380 4330
3548 4036
2260 4825
3623 4853
3623 4864
2331 3605
3402 4330
899 3380
2766 4760
1034 4629
778 2555
2369 4476
1057 4359
3255 4422
3704 4234
1416 2190
401 4840
2412 2863
2697 4852
3123 4166
3186 4047
4717 4835
1753 4760
3768 4047
3940 4781
648 4742
2134 4254
3886 4432
840 2988
1998 3742
7 667
3003 4600
3123 4273
3140 4772
2790 4896
2407 3890
23 4329
3856 4392
176 4832
1667 4572
1444 4790
2348 3217
2674 4370
3169 4326
3243 4891
1193 3608
4375 4717
2851 3557
1003 1322
2259 3273
2795 3626
3733 4111
1847 4234
4036 4047
72 4896
4318 4745
506 2505
3799 4354
1965 4742
1806 4896
3788 4574
1863 4945
2512 2772
3364 4853
4409 4790
606 4077
2347 4779
4716 4910
741 4134
4832 4910
1734 2538
1231 1504
1684 4734
311 3209
1998 4140
1338 3589
3266 4355
3854 4853
2668 3287
3147 3833
2441 3353
2555 4925
2926 4380
1379 3458
3939 4559
2145 3190
1618 3660
3940 4551
4615 4835
232 609
700 4298
3095 3723
3645 3839
3128 3791
778 4370
1256 3742
4499 4812
3797 4139
2488 3681
1117 3364
3964 4684
383 4896
765 3898
4 4395
2276 4990
2204 3538
1198 2538
2512 2832
4760 4925
1535 4329
738 1640
4503 4808
2399 4559
3178 4684
4717 4891
648 4297
2902 4745
560 4576
1098 4929
1117 4740
22 1578
1083 4892
2770 2795
3788 4166
2326 4259
3186 3606
1291 4388
389 3269
832 3769
606 2071
3833 4185
417 3493
2251 3255
3171 3890
1181 4781
120 2295
1714 4508
1589 4166
3127 3788
2260 3791
3345 3693
3493 4669
4340 4781
3521 3797
1028 4359
4356 4615
3467 4318
4055 4234
4290 4329
1863 4600
2814 4392
3149 4742
3388 4111
3042 4825
130 4719
2527 4099
1847 3704
2366 4231
2869 3826
630 2910
775 2659
1054 2721
1274 3022
2301 4359
4503 4572
486 3882
3839 4495
116 4746
3164 4290
13 4979
2880 3140
2363 2527
700 4966
2347 4592
1399 2410
2599 4731
3600 4572
561 2211
1587 4812
4020 4572
264 3207
3583 4825
3606 4166
4352 4547
3222 4736
1135 3853
2823 4224
2851 3235
738 4713
4716 4832
886 4923
22 2609
3129 4600
3662 4825
4370 4772
3759 4779
1028 3193
3946 4212
1070 4195
741 4375
2647 4173
4420 4865
3493 4099
3387 4279
910 4753
2397 2823
217 4990
401 3305
1870 3557
2248 2668
2599 4910
3229 4499
2147 4234
3393 3833
3409 4326
3410 3458
2208 4945
1795 4508
3281 4140
3521 3964
783 3347
146 4565
1173 3889
2555 3645
133 4329
1714 2125
1098 4772
3417 3601
2484 4984
3038 4055
91 4723
1034 4825
2056 4500
3305 4919
3235 4297
816 3733
3272 4957
3217 3660
2538 4375
2220 3754
3799 3896
2910 4696
4139 4883
1428 3280
2269 3387
2308 4106
4799 4832
4291 4716
3345 4220
3312 4329
1007 3882
767 4684
3029 4742
2173 4101
3738 4716
4393 4576
3244 4852
4052 4409
1602 4572
3280 3423
1007 4825
3693 4387
2190 3353
2152 4309
3402 4185
4760 4772
1858 3853
3443 4290
2173 2256
2295 4338
2515 4245
3164 3538
929 4185
1820 2512
3042 3583
3282 3608
3445 3585
1181 4864
2258 4753
2668 3890
3788 4370
4476 4559
2502 4364
3759 4910
2968 3712
3889 4302
4592 4910
130 4945
160 3964
3122 4449
4825 4912
1861 4746
2814 4896
2327 2538
1054 3886
1419 3333
4134 4508
4120 4432
4265 4291
2346 2988
3761 4929
1785 4743
3248 4892
4409 4723
1129 4420
2795 3406
2902 4011
3548 4538
1684 4559
2699 3161
2392 4629
4185 4500
1433 4350
781 2617
704 4979
3128 4966
240 3798
1519 3239
1428 3347
2251 3323
1444 3541
1274 4198
3127 3768
1238 4160
3129 4220
4024 4746
3141 3583
240 4195
3269 4717
2684 4547
4134 4503
2910 4318
1322 4925
3089 4338
2208 4309
1406 4736
3259 4891
4046 4574
2662 3388
14 4217
1465 4376
2542 3602
2363 4688
2900 4476
1458 3772
3127 4047
799 4547
2147 3140
4195 4635
2085 4840
4781 4864
3750 4102
1587 3409
1152 4173
3244 4101
1624 4929
2280 4966
3382 4065
4166 4273
3184 4589
2760 4538
3548 4166
2561 4799
696 4723
3712 4984
3127 3671
3660 4966
335 4865
2870 4979
3738 4840
4065 4370
4370 4925
4629 4648
3127 4036
4919 4990
3259 4347
3171 4790
4393 4853
3854 4781
2149 4755
1624 4825
3363 4799
426 4565
3399 4883
4350 4688
3124 3347
3551 4259
3833 4565
417 4350
2968 3733
534 4254
1511 2542
4309 4719
3050 4465
1735 3585
1829 4684
1396 3316
3239 4422
586 4786
1870 4742
3209 4279
3406 4065
864 4912
1108 4521
3723 4669
2347 4910
2990 4245
4395 4576
22 2684
667 3551
1399 3896
4592 4716
3409 4370
3798 4052
4731 4865
1406 1519
2319 3266
3458 3826
3589 3761
2407 3750
3548 3671
4185 4376
1015 4279
2173 4790
2392 4761
3264 3754
3744 4106
2506 3194
2254 4099
2056 4102
2295 4786
2137 4189
3053 4865
765 4263
3704 4637
2308 3750
1193 4495
549 3750
2287 3956
416 2515
3406 3961
2809 4102
3332 3761
1954 4160
2527 3129
569 4853
3891 4203
3123 4574
3768 4574
4185 4592
704 4896
133 3141
3364 4966
4569 4945
1455 2260
3042 4298
83 1455
1152 3659
3605 4746
851 3894
3198 3844
477 3172
3234 3397
609 4065
3248 4198
4090 4853
3123 4046
2412 4120
1558 4883
3082 4696
1319 4254
3082 4245
3210 3605
3746 3882
4101 4409
2364 4352
1380 4565
1108 4786
875 1881
2483 4786
1906 3864
4220 4919
2220 4236
4716 4761
3897 4364
4347 4835
1274 4559
1753 4957
3583 4966
3662 4298
4265 4879
1429 4060
2483 3035
4547 4840
2684 4495
2246 2434
2697 3896
2070 2346
4781 4853
3573 3864
2874 3826
738 4979
4148 4374
7 4449
2327 3019
4298 4589
212 4148
443 1171
3961 4364
4140 4600
3890 4912
3305 4990
2152 4945
3583 4309
3259 4835
3243 4717
1135 4364
1998 4636
2254 3755
28 1028
642 4422
143 4919
3042 4966
3905 4799
1077 3222
1287 4236
3583 3662
3546 4790
2496 4781
1863 4167
3774 3939
4007 4530
4684 4979
2674 4957
3443 4761
3190 4231
1504 3626
767 1141
1072 4600
425 4409
2063 3589
2761 3443
393 4864
3558 3623
3964 4075
2669 4892
232 4231
1379 3837
1171 4896
1465 4565
2968 4011
3282 4648
3601 4058
4521 4723
495 4812
421 4393
2151 2990
3712 4374
3608 3645
3184 4298
3280 4259
3000 4688
2397 4224
1503 4945
4090 4393
3693 4220
2060 2609
3548 4046
120 4055
3380 3493
3112 4102
23 2470
421 3767
3493 4220
3141 3645
3141 3208
4007 4636
2308 4476
2402 4723
1883 3768
1934 4388
1330 4923
2190 4984
3551 4236
2505 3897
162 4781
2399 2669
35 3347
2056 4476
1858 4559
2511 4979
3704 4065
2723 4923
1348 4779
3623 3767
1829 4713
1043 4338
2356 4684
2580 4279
1061 2918
1173 3382
1555 3365
2699 3169
3122 3132
3171 4723
1232 3380
3815 4945
4325 4637
2549 4499
1242 2488
2154 3365
2760 4046
1398 2647
3880 4195
4779 4799
3248 3939
3616 4600
2016 2669
3946 4883
4102 4106
4395 4835
4799 4910
2668 3492
1114 4945
2669 4115
2674 4629
4354 4891
2820 4139
3136 3681
3799 4356
1672 1869
133 4912
2496 4143
2471 3495
882 3889
3133 4853
2506 4495
3905 4420
3222 3239
323 1799
4185 4565
2870 4896
2483 4424
2016 2874
4090 4340
2246 3964
2511 4254
4547 4919
667 4236
4420 4910
3316 4743
1766 3799
3210 4919
929 3659
3239 3255
4420 4832
884 2391
1858 3772
2618 4865
3833 4945
3537 3616
4036 4273
934 4896
1555 2392
2154 4024
1379 3856
2147 3600
4099 4743
3652 4500
3600 4786
364 4355
3020 3363
2856 3417
2988 4309
3132 3551
3281 3844
1093 4746
584 1954
596 3939
1530 4065
2208 4719
3184 3882
2173 4852
4635 4761
3095 4648
4559 4892
2900 4102
3129 3380
541 4046
1112 3894
3312 4755
3035 4572
2674 4929
3282 4919
2269 3399
3122 4236
3601 4265
3768 4273
1129 4648
3382 3889
3681 4430
2699 3254
3791 4298
3280 4449
4046 4166
3761 4760
1430 3826
3020 3275
899 4669
2211 3856
728 3712
2918 4538
3546 4723
4329 4755
2482 4160
102 4745
3141 3839
162 4393
1428 4376
3229 4734
3281 4636
196 4047
683 4444
2113 4388
2668 3589
3257 4128
3738 4990
3259 4356
1411 2502
2402 3769
2412 3363
3964 4883
124 4925
4521 4790
1465 3385
4290 4746
886 4615
3399 3946
688 4500
4775 4790
3602 3870
2821 3042
2470 3856
753 3172
567 4569
3798 4259
4430 4765
1858 4198
4326 4370
2044 4957
1578 4217
3133 4864
1428 4330
383 2870
767 4790
364 4465
2624 4912
130 4569
3136 4742
3744 3750
3382 3626
2506 4990
1428 4185
2910 4122
2397 4883
3222 3387
3746 4648
3896 4891
4309 4508
3235 4372
4203 4355
3791 4966
4298 4629
4090 4551
1433 4099
4380 4812
2060 4495
799 4808
2869 4122
3287 3312
2488 4742
3761 4957
879 4576
2879 4879
2844 4392
738 4896
942 3546
389 4538
2331 3755
1883 4574
3767 4853
3774 4734
4420 4716
3521 4075
3136 4765
1478 1829
4 4615
1181 4551
2863 4120
3546 4852
2463 4883
1299 4740
4120 4122
3193 3244
3264 4236
2287 4060
2402 4790
311 4224
3259 4075
2009 4245
1935 4302
1 1918
4740 4990
3711 4075
1618 4589
3837 4392
942 2643
1624 4966
1399 2760
2856 4499
15 4263
110 4853
586 2880
2996 3492
728 3733
3435 4236
3164 3365
4011 4388
3282 4495
3393 4173
2214 4929
2870 3397
4220 4387
2515 4696
830 4636
1291 2420
4589 4648
1135 2064
2307 4347
3003 4636
2772 4589
1198 4252
3605 4239
116 4761
1735 4160
1433 3493
2967 3019
1465 4761
3890 4753
2879 4731
2211 3826
3273 4753
3769 4852
4629 4966
4648 4966
2561 4779
3316 4302
2488 4297
825 4925
3761 4370
1416 4984
4075 4388
3053 4077
1587 4198
3360 4559
1753 4370
3364 4495
2809 3354
4245 4318
3961 4864
4101 4852
643 4636
4052 4521
4430 4449
2662 4374
3198 4883
1611 3833
1291 4684
2647 4376
849 4047
196 4775
4374 4984
569 3940
4052 4195
18 4719
2697 4648
4077 4879
3089 4574
423 4359
3626 3961
3880 4148
3164 3605
500 4746
2149 3956
4099 4220
2363 3723
3961 4143
3172 3458
1372 3628
3133 4090
3541 4376
116 4589
561 4392
3626 4254
3733 4148
4372 4600
2125 2990
2397 3209
1799 4984
3558 4853
2327 4547
2772 4743
3894 4772
3011 4892
1825 3305
3628 4746
1083 4380
91 3798
2926 3601
2383 4589
4716 4865
15 642
3733 4374
3898 4736
1108 4020
3367 4589
1034 3660
3828 4929
452 4912
1448 3870
3022 4812
4231 4254
1558 3399
2980 3353
4020 4808
2152 4134
374 4160
3239 4290
3423 4449
4047 4273
2200 3870
3243 4231
1028 4444
3946 4388
160 3385
2190 3844
702 4297
3089 4637
1989 4338
3291 4140
3608 4740
176 4865
4592 4832
1463 4352
4356 4835
2926 3011
3837 4217
3853 4254
963 2254
669 4422
2138 4910
3367 4629
2319 4290
1504 4302
3003 4530
3172 3410
3354 3744
4547 4990
2246 2580
3127 4046
3546 4101
3712 3844
4719 4945
3445 3602
2505 3961
3266 4465
840 3588
2471 4297
3742 4167
4077 4865
2134 3095
2869 2874
3164 4465
3365 4203
2319 4734
909 4879
1093 4896
4007 4892
942 4852
3589 4929
1430 1578
416 2357
1299 3443
1624 4167
2991 4099
4864 4910
1238 3898
3275 4713
3243 4608
1003 4503
1797 4372
4354 4608
3264 3423
918 4572
4020 4338
1054 4359
1974 2399
1093 3363
3347 4565
3793 4786
943 4790
124 4772
1666 4765
1 3769
4355 4761
2766 3140
2357 3191
4696 4912
3493 3693
832 4551
3769 4775
4024 4761
2327 3744
2599 4799
584 4743
2698 3393
3132 4449
1083 4799
3388 4352
416 3880
4779 4910
95 4929
2718 3194
3129 4350
176 4420
1806 2814
1196 4090
4740 4840
783 4565
1028 3886
3083 4374
583 3769
1463 2900
2346 4111
2276 4919
3234 4896
1291 4635
2795 4302
3588 4291
2348 3882
3385 4565
3905 4779
2364 2662
1141 4979
642 4263
1448 3940
3742 4134
3798 4852
3050 3210
3585 3665
875 4765
909 4731
2484 4352
3891 4355
4203 4239
778 3894
1989 4503
1077 4755
909 4865
3123 3186
3761 4883
3410 3417
2820 2856
4637 4808
1353 2870
1883 3788
1934 2113
3035 4234
2662 2968
3083 4984
4375 4891
1264 3864
4058 4236
3548 3768
3029 4430
1829 4234
160 4212
769 2647
2402 4852
2347 4832
2134 3588
741 4207
2991 4669
2556 4891
2851 4765
3171 4775
3443 4746
1448 4090
3538 4746
3558 4356
593 4723
3844 4840
2208 4569
3053 4420
3388 4374
2766 4326
3759 3772
1194 4696
1348 4799
2280 3184
146 1611
2907 4355
4265 4716
4122 4696
1401 4786
2391 3772
775 4966
3754 4236
3169 4772
3186 4273
1601 1906
3828 4925
4499 4559
2874 3172
2331 4387
4060 4755
196 4166
3171 4195
3537 4636
1181 4853
2907 3891
689 4547
3939 4198
3573 3815
4713 4979
4075 4883
944 4011
832 4864
1455 4589
2647 4325
2065 4615
72 4245
2659 3755
110 4781
1155 3733
1388 3711
2113 4883
3029 3723
2617 4840
2125 4011
3003 4128
4559 4812
3671 4574
3744 4891
4731 4832
1918 4521
1935 4254
3161 3833
4052 4252
2211 2844
683 4120
955 4392
1238 4865
4020 4786
4273 4538
3275 4979
4825 4853
2918 4046
3793 4338
3956 4912
4592 4779
3354 4923
3060 4376
840 4065
2823 4684
2471 4742
4825 4966
1015 4212
335 4779
849 2165
2991 3723
875 4372
3222 4263
3353 4148
3558 3767
18 3711
3573 4134
2308 4500
2770 4254
2880 4424
13 864
2280 4825
1753 4925
3788 4047
4790 4852
4760 4765
2308 3112
1820 2538
2874 4669
2910 4745
3573 4508
1341 4160
1455 4966
1419 4929
3548 4047
1386 4929
3089 4055
470 3605
2820 4075
934 4713
2184 4600
541 4574
3035 4786
3171 4395
4212 4224
18 3815
1141 4713
3321 4864
4340 4864
4430 4742
1860 4600
389 4444
2821 4298
3723 3755
1397 4736
2347 4799
3768 4166
546 2814
1881 4742
4716 4743
4684 4883
955 3149
2790 3235
2809 3744
3095 4629
4635 4746
3266 4761
2434 4559
4252 4775
2718 4120
2760 4047
2599 4879
3020 4896
72 3275
3467 4745
3178 4979
3628 3864
2511 2790
2761 4465
2218 2397
2968 3083
1077 3956
3662 3882
1666 4648
2331 2991
3280 4355
1463 4424
3458 4392
4011 4745
1786 4840
593 4790
3898 4263
2790 3020
2149 4060
3828 4772
1231 3889
3537 4530
1429 4409
1601 4309
1232 4688
2856 3022
1155 2723
3393 4565
816 2980
3217 4298
3493 3755
1419 4354
3290 3939
1860 3291
842 2511
3443 4152
3833 4173
799 994
3896 4395
1935 3333
3662 4648
852 4923
1735 2772
3628 4309
3191 4234
3744 4500
864 4979
2697 4835
3244 4957
2397 4388
2470 4753
3521 4139
2496 4635
2165 3606
2319 4355
3133 4393
3833 4325
2269 3797
470 3365
3946 4684
2823 4388
2369 4102
2420 2856
4220 4688
486 4559
2527 3360
3178 3363
3193 3772
2214 4723
2016 3798
3759 4879
1341 4743
1162 4203
4234 4424
1256 2251
3257 4600
3738 4547
3844 4111
765 4736
4046 4167
133 910
879 3772
2214 4409
2968 4984
3229 4812
2346 4148
3332 3894
4102 4500
3659 4152
1918 4775
2851 4430
2482 4746
323 4984
1093 1353
2996 4912
3210 3365
3266 3443
3602 3767
3870 4853
4195 4409
2275 4746
2138 4799
1338 4772
2108 3886
3282 4329
102 1644
3133 3940
4217 4392
217 1193
1883 3606
1861 4355
423 4852
2327 4743
4166 4499
4291 4731
4853 4864
2218 3946
3854 4551
21 4547
1587 4325
443 4775
2280 3122
708 4099
1989 2880
3940 4853
1618 4853
1380 1428
882 2795
271 4879
3711 4139
4239 4761
4099 4852
3321 3623
3060 4330
3557 4372
2348 4753
421 4853
421 4864
3367 3583
3754 4608
3628 4508
4723 4852
1115 4835
2357 4696
1232 3345
3354 4152
4393 4781
94 4309
3712 4148
4185 4325
2259 3492
4007 4167
700 3746
704 1478
4140 4772
110 4864
1465 3393
4052 4723
2527 4387
4779 4832
416 1672
560 4717
3291 4636
689 4740
3546 3961
2991 3788
4207 4923
4239 4465
4279 4883
3537 4167
2307 4608
271 4291
3557 4236
1133 3600
3257 4007
2814 3531
3380 4669
1602 1667
1785 2772
4011 4853
3671 3788
840 3738
2809 4476
4380 4499
3035 3191
995 4825
2795 3889
2555 4760
929 4173
4173 4185
2821 4589
2018 3393
3155 3406
240 4790
2580 3946
3435 4449
440 918
1388 4279
3082 4745
3191 4786
4521 4775
3890 4128
3443 3538
3558 4551
4347 4891
582 1611
3364 4740
3755 4220
3239 4263
2319 4746
141 4102
825 4923
2662 4984
2809 4500
593 4279
2512 4340
4024 4203
3755 4688
2483 3815
4198 4892
3417 4499
1406 2525
1278 4476
2065 4259
3305 3761
3905 4265
1141 3531
1397 2251
1152 1278
3083 4111
3354 4106
1766 4719
3198 4984
849 4388
3127 4574
2991 3693
102 4359
477 3826
2254 3557
2482 4355
2674 4825
3124 3385
3239 4736
3316 4835
3353 4984
2326 4592
3445 3767
3890 3896
3994 4503
2407 4912
120 4503
3754 4449
2463 4212
2618 4592
3095 4966
7 4058
2353 4743
2723 4352
2138 4832
3589 4326
956 3388
1194 2515
3864 4134
3815 4569
2821 3662
899 4220
522 4736
1015 3387
3259 4387
3495 4297
1268 4812
2356 2870
956 4330
4273 4669
2647 4189
3750 4106
4350 4669
4589 4966
4925 4929
3890 3891
3889 3897
2218 4279
1820 4743
1077 3890
1419 4326
3435 3754
1684 4812
141 4152
1618 4825
2967 3665
3870 4340
1034 4966
2879 4592
3291 4167
1380 3161
1081 4143
3282 4840
364 3191
3354 3750
567 1171
3880 4696
832 4853
1863 3616
212 4984
160 4883
3616 4530
3209 3964
3761 3828
4036 4538
1640 4979
1714 4134
2260 4966
1057 4444
2721 4359
2760 3548
3011 4499
2258 3733
2863 3886
3235 4765
506 4364
2624 4060
2085 4990
3190 3897
3853 4364
2256 4101
3122 4259
4325 4330
3132 3280
2204 3164
1535 4753
72 4979
3136 3557
906 2525
2795 3385
102 2863
1861 2275
3360 3521
4139 4388
769 3833
3554 4892
3538 4290
452 2287
546 3531
3768 4538
2154 3538
2580 4883
767 3363
4731 4799
934 4688
2463 3521
2669 3244
3011 3193
500 4761
4372 4376
2502 4476
3136 3149
1397 4648
3681 4297
4152 4919
4350 4432
2138 4592
583 4790
879 3022
2659 3364
2251 4422
910 4060
910 3345
3602 4864
42 4779
3417 4734
3774 4090
3828 3894
4325 4521
1782 2064
609 2770
3521 4115
2988 4945
3854 4864
2184 4167
1419 4760
1795 4719
1430 3458
1430 4919
2397 4765
3082 4011
3538 4355
3652 4476
2149 4753
4077 4420
3623 4781
4111 4352
3198 3388
3000 4387
3854 4090
4538 4574
569 4148
1194 4122
1766 4945
2471 4765
4143 4302
4508 4569
4547 4740
2348 2383
2561 4291
3124 3833
2269 4883
4376 4636
606 4265
3171 4052
1108 4637
1478 3363
28 2863
3254 4772
2900 3750
2823 3964
3244 4892
3742 4600
3799 4615
3140 4957
2463 4075
3397 4713
486 1618
667 4449
4696 4745
3273 3956
3623 4090
2790 3531
3826 4409
4723 4775
4799 4879
3725 4134
642 4736
2147 4786
1519 2525
2555 3140
2347 4731
2863 4359
3423 3693
3897 4143
4106 4152
2369 3744
4252 4852
1081 4892
583 4521
3095 4825
3281 4530
3229 4892
3244 4052
160 3797
3393 4376
2319 3554
2421 4891
3551 4449
3671 4036
3772 4892
4422 4736
2556 4835
425 1386
1397 3305
1858 2669
160 2463
1555 3050
2832 4743
3844 4352
2301 4444
2770 3382
3628 4719
3704 4424
2483 3793
2869 3458
4291 4779
3750 4629
1419 4957
1825 4495
3588 3853
1906 4508
2618 4420
2412 4432
3243 4923
934 3020
1558 2113
1640 2790
3410 4392
2256 4775
1455 3095
4189 4883
884 4380
1881 4430
3011 4380
2668 4912
2391 4198
2643 4052
426 956
1411 3406
2506 3208
2064 3333
630 4696
760 4753
1295 4629
1478 4746
2662 3733
3798 4521
3693 4669
4166 4538
3321 3870
1238 4879
3492 4912
4740 4919
477 1379
882 2770
3393 4330
630 4245
688 4102
1341 1820
3608 4840
4629 4825
1411 2134
4011 4318
4742 4765
3815 4134
1117 3445
3273 4912
42 3905
849 3671
963 4688
3038 4786
767 4896
2307 4891
2470 4912
3257 3742
1734 4669
906 4263
2420 3711
4354 4395
4122 4745
3896 4375
704 4713
1918 4409
2331 2556
2761 4761
1299 4990
2218 3209
2918 4047
7 2220
2617 3141
3738 3767
1057 3886
2441 2967
3053 4731
3768 4036
3994 4808
2248 2407
899 4688
1081 3554
1238 4832
2515 4318
995 3397
1954 4743
3050 3164
247 4254
1274 2549
673 1786
1173 4065
3601 4734
21 4840
3750 4500
133 3956
1734 2327
2968 4352
196 541
728 3273
2009 4318
3399 4224
2482 4290
31 4302
2364 3388
15 4736
1319 4231
1998 4600
3243 4354
2823 4115
1007 4966
1625 4923
2383 4648
4347 4356
560 4207
2669 4883
3365 4923
994 2200
2319 4239
769 4565
31 2502
1430 4217
2643 4521
1319 1935
561 2844
1242 3681
2383 4825
2204 4746
2790 4957
3127 3548
3601 4499
3659 4325
4495 4990
3891 4024
3155 3961
4375 4576
4395 4891
1795 3645
95 4852
1070 4852
2137 3797
2256 4852
3588 4065
783 4376
534 4364
1256 4736
1401 4723
3623 3940
1684 4892
1264 4719
3798 4252
508 3399
2108 4359
2500 4011
956 4376
689 4840
462 4746
4629 4852
2482 4761
416 4696
2542 4551
3659 4864
3128 4589
264 4786
1129 3217
2280 3367
1434 3623
1057 2301
3272 4925
2248 4912
934 2511
3767 4864
4465 4731
3744 4476
3172 3837
3095 3155
462 2154
3184 3583
3275 3397
832 3321
3367 4966
3759 4865
669 3406
2538 2967
2009 3880
2618 4879
3332 4925
1448 4120
1 4790
994 4840
4503 4786
3626 4364
4239 4746
3347 4325
3171 4521
1519 4263
2421 4615
1054 3628
1666 4966
2555 4929
4551 4853
1231 3897
3410 4024
531 4090
1232 4099
311 4279
2880 4786
3198 4374
2832 3585
4252 4790
2301 2412
799 4919
1829 4896
2820 4212
2085 3645
755 4734
3693 4779
1 4524
4 4261
7 3838
13 3717
14 4509
15 3025
18 4406
21 4881
22 4539
28 744
31 2740
35 4552
42 4294
72 4739
83 797
91 4184
94 4763
95 1621
102 1951
110 4946
116 4741
120 2201
124 4153
130 3572
133 2034
141 4613
143 4842
146 4936
160 4902
162 4257
176 3434
196 4597
212 4924
217 1384
232 4536
240 4371
247 2351
260 3313
264 4948
271 4553
311 4708
315 568
323 4963
335 2118
364 2741
374 742
383 3202
389 2001
393 850
401 4994
416 4965
417 4479
421 4638
423 4715
425 4578
426 4555
443 4240
452 4308
462 2680
470 4557
477 4399
486 4334
495 4548
500 3676
506 1804
508 4136
522 4429
531 4889
534 2117
541 3842
546 1840
549 4836
560 2189
561 4771
567 4888
569 4806
583 4280
584 4157
586 4689
587 4887
593 4784
596 4962
598 4032
606 2927
609 4930
630 4649
642 4208
643 2291
648 4791
667 4026
669 3895
248 683
90 688
689 1197
696 4496
700 4145
702 4562
704 4268
437 708
738 4980
741 2062
753 4826
755 4854
760 4544
765 3790
767 895
769 4005
775 1150
778 2767
781 3097
783 4132
799 801
816 4987
825 3684
830 4901
832 4644
838 4579
840 4784
842 3075
849 4348
851 4965
852 4129
864 4561
875 4754
879 4497
882 3863
884 4357
886 4811
899 4972
906 4403
909 1752
910 1104
918 2862
929 1627
934 4774
942 1943
943 3550
944 4967
955 2212
468 956
963 4949
994 1868
995 4863
1003 3542
1007 4663
1015 3872
1028 4987
1034 1704
1043 4807
1054 4516
640 1057
1061 2825
1070 4767
1072 4904
1077 2956
1081 4963
1083 3865
1093 4509
1098 4014
1108 4664
1112 4645
1114 4971
1115 2681
1117 4621
1129 3714
1131 4863
1133 4954
326 1135
1141 3978
1152 4762
1155 2188
444 1162
1169 3976
1171 4463
1173 4982
1181 4851
1193 3523
1194 2961
1196 3422
1198 4584
1231 4607
1232 4594
1238 4804
719 1242
198 1256
1264 4560
438 1268
1274 4893
1278 4116
1287 2427
1291 1692
1295 3666
1188 1299
1319 3821
1322 1336
1330 4048
1338 4005
1341 4550
1348 3834
1353 4293
1372 3173
1379 4300
1380 4114
948 1386
1388 3176
1396 4394
1397 3785
1398 4652
1399 4450
1401 4598
1406 2288
1411 3664
1416 4334
1419 4824
1428 4911
1429 2293
1430 4506
1433 2041
1434 2891
1444 4830
939 1448
1455 3930
1458 4472
1463 4915
1465 1471
1478 3911
1503 2043
1504 3352
1511 4456
1519 4707
1530 2619
1535 4175
1555 4698
1558 4480
1570 3922
1578 4506
1587 4961
1589 4601
1601 4682
1602 4571
1611 2076
1618 4916
1624 1637
978 1625
1640 4710
1644 4029
1666 4445
1667 4407
1672 2887
1684 3260
1714 4483
1734 4601
1735 2853
1753 3513
1087 1766
1782 2376
1784 2292
1785 4578
1119 1786
1795 2661
1797 3203
1799 3238
1806 4930
1820 4683
1825 3320
1829 3908
1847 3975
1858 1894
1860 3716
1861 4737
1863 4554
1869 4904
1870 4728
1881 4752
1883 4639
1906 4337
1918 4652
1934 4655
1126 1935
1954 4517
1965 4223
1974 4295
1989 4948
1998 4247
2009 4272
2016 3553
1234 2018
2044 3007
2056 3773
2060 3878
1629 2063
2064 4437
2065 4769
2070 4262
1496 2071
2085 4930
2108 2109
2113 4792
2125 2961
2134 4219
2137 4705
2138 4752
2145 3604
496 2147
2149 4383
2151 3037
2152 4854
2154 4269
213 2165
2173 4342
155 2184
2190 4963
2200 4463
2204 2574
2208 3996
2211 2829
2214 4261
962 2218
342 2220
2236 4974
2240 3392
1813 2246
2248 4691
2251 4527
2254 4881
2256 2619
2258 4035
2163 2259
2260 4985
2269 3441
2275 4900
2276 3473
2280 4221
2287 3808
1272 2295
2301 4869
2307 4965
2308 4782
2319 3959
2323 2336
2324 4941
2326 3238
2327 4625
2331 4165
2346 4361
2347 2963
2348 2405
2353 4849
182 2356
2357 4838
2363 4433
2364 4889
2366 4794
2369 3657
2383 4308
2177 2391
1394 2392
2397 4271
2399 4107
371 2402
2407 4897
2410 4938
2412 4859
511 2420
1651 2421
1664 2434
280 2441
2463 4385
1761 2470
2471 4595
2482 4952
2483 3330
2484 4963
2488 3915
2496 4451
2500 3250
2502 4482
2505 4828
2506 4606
2511 4266
2512 4454
2515 4809
2525 3348
2527 4324
1219 2538
2542 4093
2549 2817
2555 3514
2556 4455
2561 4054
2580 4621
993 2599
742 2609
2617 3497
2618 4219
2624 4188
2643 4900
1941 2646
2647 4473
2659 4591
2662 3914
2047 2668
2582 2669
2674 4757
2684 3713
649 2697
2698 2833
2699 4324
1502 2718
1980 2721
2723 4411
2760 4510
1218 2761
2766 4481
2770 4942
2772 3802
2790 3675
2795 4882
2809 4831
2667 2814
2820 3618
2821 4681
1005 2823
1371 2832
2844 3438
2851 4208
2856 4899
2863 3999
2869 4580
2870 4027
2874 3999
2879 2896
2880 4778
2900 4843
665 2902
1052 2907
2910 4216
1092 2918
2926 4368
2737 2967
2968 3506
2980 2987
2988 3075
2990 4956
2991 4049
2996 4690
3000 4797
1400 3003
823 3011
1266 3019
3020 3023
3022 4876
3029 3846
3035 4954
3038 3436
989 3042
3050 3456
3053 4571
3060 4973
3082 4936
3083 4274
3089 3494
3095 4754
3112 4766
3122 4256
202 3123
3124 4159
3127 4511
1414 3128
632 3129
3132 4603
3133 4475
3136 4191
3010 3140
3141 3528
3147 4680
3149 4378
3155 4898
3161 3938
2730 3164
3169 4232
1767 3171
3172 4866
2937 3178
3184 4607
3186 4964
3190 4902
2575 3191
3193 4994
1132 3194
3198 4807
3207 4584
3208 4527
1839 3209
3210 4453
1356 3217
3222 4787
1909 3229
2270 3234
3045 3235
2704 3239
3243 4777
1249 3244
3248 3544
3254 3477
1646 3255
3257 4926
3259 3604
1290 3264
3266 4258
2061 3269
2709 3272
1761 3273
978 3275
3280 4644
3281 4267
3282 4334
844 3287
3290 3468
3291 4768
3305 4497
3312 4018
3316 3737
3321 4802
3323 4577
3332 4278
3333 3338
3345 4618
2603 3347
3353 3460
3354 4683
2924 3360
3363 4823
3364 3519
3365 4544
727 3367
3380 3627
1373 3382
3238 3385
3387 3871
3388 4801
1547 3393
3397 3721
3399 4541
3402 4619
2352 3406
3409 4898
1582 3410
3417 3785
3423 4599
3427 3435
835 3443
3445 4250
3458 4739
1252 3467
3492 4658
3493 4678
3495 4487
3521 4482
3531 4607
3537 4429
3538 4905
3541 4257
3546 4767
748 3548
3551 4221
3554 3562
2588 3557
2342 3558
3573 4493
3583 4441
3585 4282
1850 3588
3589 4518
3598 3600
3601 3955
3602 4233
3605 4655
3606 3869
19 3608
1868 3616
3623 3691
3626 3883
1364 3628
1277 3645
1244 3652
3659 4911
3660 3945
2492 3662
3545 3665
2212 3671
3578 3681
1627 3693
2638 3704
3711 4595
3712 4149
3723 4650
3216 3725
3733 4900
3738 4590
3649 3742
2864 3744
2866 3746
3750 4581
3754 3937
3565 3755
3759 4652
3761 4646
3767 3773
3768 4073
3769 4849
1450 3772
3774 4434
2992 3788
3791 4564
3584 3793
3211 3797
2467 3798
3334 3799
2800 3815
1895 3826
2864 3828
3833 4667
3837 4620
1980 3839
219 3844
329 3853
3612 3854
3856 4875
3864 4223
3685 3870
1394 3880
3882 4044
2705 3886
3889 4579
3890 4940
3891 4826
3894 4460
3896 4553
3508 3897
2689 3898
3657 3905
3939 4348
3940 4639
3946 4119
2751 3956
3961 4532
1252 3964
3994 4006
3873 4007
3998 4011
3973 4020
4024 4083
4036 4257
4041 4046
4047 4579
2589 4052
3555 4055
4058 4585
4060 4726
4065 4079
2543 4075
4077 4705
4090 4531
2382 4099
2394 4101
980 4102
2444 4106
180 4111
4115 4668
1209 4120
4122 4858
3068 4128
4134 4566
4137 4139
4140 4737
2664 4143
3689 4148
4152 4484
3135 4160
3477 4166
2583 4167
4173 4363
790 4185
3739 4189
4195 4656
4198 4767
4203 4295
868 4207
794 4212
4217 4337
1915 4220
2603 4224
3213 4231
4234 4590
4236 4515
3887 4239
4245 4267
3253 4252
2933 4254
3044 4259
3582 4263
3654 4265
4273 4844
1942 4279
1261 4290
3104 4291
4123 4297
329 4298
1488 4302
880 4309
4318 4796
3452 4325
4319 4326
4264 4329
1927 4330
789 4338
4340 4937
3195 4347
3463 4350
454 4352
4354 4360
4355 4485
4356 4400
4359 4862
4364 4579
1075 4370
2263 4372
4374 4766
4375 4695
349 4376
3611 4380
4387 4780
1739 4388
3804 4392
1613 4393
2740 4395
1648 4409
3629 4420
4422 4575
1369 4424
3542 4430
1646 4432
1059 4444
4449 4570
1563 4465
4282 4476
3715 4495
3168 4499
4489 4500
3150 4503
3464 4508
3683 4521
4438 4530
1420 4538
4547 4932
1450 4551
2822 4559
1431 4565
4569 4937
4006 4572
4574 4833
4346 4576
2314 4589
4054 4592
4600 4899
1492 4608
2893 4615
4555 4629
2059 4635
3284 4636
4630 4637
266 4648
1382 4669
4684 4806
4688 4791
3070 4696
2946 4713
3456 4716
779 4717
1588 4719
1590 4723
3629 4731
2616 4734
4736 4820
1598 4740
3355 4742
1212 4743
4428 4745
4746 4750
3787 4753
4755 4794
4760 4818
2282 4761
3358 4765
3937 4772
4367 4775
3054 4779
4781 4791
3926 4786
2830 4790
1488 4799
4149 4808
408 4812
4512 4825
4558 4832
4835 4861
4458 4840
3181 4852
4607 4853
3005 4864
3631 4865
3044 4879
4883 4961
3919 4891
2950 4892
4896 4897
890 4910
4043 4912
636 4919
2827 4923
4916 4925
2948 4929
4945 4951
4275 4957
4966 4971
1514 4979
3840 4984
3928 4990
7 4174
13 4147
14 4918
15 3978
21 4824
28 4859
31 2088
42 4426
72 2711
83 4121
91 1069
94 97
95 2570
102 4022
110 4987
124 4095
130 1571
141 142
146 3313
162 3945
176 4222
217 3378
232 317
240 3775
247 4579
260 4764
264 4839
311 4091
315 3466
323 2739
335 4235
383 2593
401 4335
416 4967
417 2771
423 4884
426 3223
452 2226
462 4700
470 4901
495 3778
506 3206
522 2544
531 3935
534 4579
541 4509
560 2854
561 4172
567 3730
569 4909
583 3771
584 4777
586 4711
587 3298
593 4998
596 3865
606 4985
609 4549
643 4899
648 4222
669 4622
683 3872
688 4328
689 3489
696 1692
700 4346
702 3674
704 3876
708 4863
738 1905
741 3988
753 4856
755 4756
760 4450
528 765
767 4804
769 4667
778 4033
781 4682
783 4817
799 4061
816 4697
825 4351
658 832
838 3906
842 4451
851 2666
852 4715
864 3706
879 4821
882 1810
899 4416
828 909
918 3454
929 3790
221 934
942 4969
943 4103
944 2078
956 4451
963 3278
994 3869
995 4163
1003 4756
1028 4067
1034 1035
1043 4031
1054 2895
1057 4141
1061 4928
1070 4545
1072 4954
1081 2459
1093 3914
1098 4319
1112 4518
1114 3944
1115 3796
1129 4412
1131 4992
1133 4334
1135 1389
1141 4926
1155 4967
1162 4271
528 1169
1173 4579
1181 4283
1193 3319
1194 2279
1196 4250
1232 1819
1256 3263
1264 3962
1268 4985
1287 1524
1295 3757
1319 3535
1322 1544
1330 3757
96 1338
1341 4818
1348 3293
1372 3960
1379 4478
1380 4423
1386 4970
1388 4893
154 1396
1397 4798
1398 4980
1399 4659
1401 4935
1023 1406
1411 2876
540 1416
1428 3502
1433 3869
444 1434
1448 4727
1465 4937
1503 3771
1511 3957
1519 4666
1530 3294
1535 4806
1555 3102
1558 3931
1570 4873
1601 4943
1602 4747
1640 4882
1644 4631
1284 1667
1672 3595
1684 4123
1714 3648
1753 4855
1782 4201
1784 4653
1786 2687
1797 4975
1263 1799
1820 3966
1825 4938
663 1829
1863 4177
1869 3024
1881 4814
1883 4784
1906 4909
1918 4305
1935 4378
1954 3092
1965 4948
1974 4053
1989 4006
1998 4146
2009 4924
2016 4367
2018 3474
2044 3593
2056 4100
2060 3969
2063 4647
2064 4583
2070 2876
2071 4687
2085 4566
2108 4856
2113 3045
1956 2125
2134 3900
2137 4744
2138 3986
2145 3293
2147 3732
438 2149
2151 2927
2152 4850
2165 3881
2173 4886
1059 2184
2190 4539
2204 4394
2208 2510
2211 3485
2214 3987
1545 2218
1425 2220
2236 2554
2240 3512
2246 4132
2248 3432
2254 4095
2258 2836
1607 2259
2260 4841
2269 4676
2275 4216
2276 4534
2280 4901
1917 2287
2295 4670
2301 4578
2307 4594
2308 2799
2319 4749
2323 4980
2324 4850
2326 4147
2331 3857
2347 4261
2348 3869
2150 2356
2357 2776
2363 4981
2364 4767
2369 4344
2383 4698
2391 4703
2399 4237
2402 3356
2407 3814
2410 2532
2412 4445
2420 4908
2421 4545
2434 3624
2441 3724
2463 3892
2470 2895
2471 4983
2482 4916
1581 2483
2484 4893
2488 4271
2496 4973
2500 4903
2502 4125
2506 2545
2511 4571
2512 3642
1106 2515
2525 3938
2527 4956
2542 4466
2555 4728
1362 2556
2561 4946
2580 4076
2599 4725
2609 3829
2618 4843
2624 4174
2643 4517
2646 3942
2655 2659
2662 4509
2668 4727
2669 4125
2674 4028
2684 3466
2693 2697
2698 4789
2699 4319
2718 4877
2721 2957
1476 2723
2761 4575
2766 3307
2770 4987
2795 4960
2814 4367
2820 4872
2821 3771
2394 2823
2832 3565
2844 4638
2851 4845
2856 3913
2863 4493
2869 4428
2870 2953
2879 3469
2011 2880
1096 2902
2907 2909
2910 4841
2918 4880
1773 2926
2967 4681
2980 3187
2988 4661
2990 3825
1726 2991
2996 3855
3000 4686
3003 3154
3011 4981
2428 3019
1030 3020
2903 3022
3029 3283
723 3035
3038 4006
3042 3553
3050 4704
3053 3872
3060 4783
2241 3082
3083 3685
2629 3089
3095 4814
3112 4882
533 3122
3123 4492
3124 4728
2528 3127
3128 3560
3129 4785
3132 4394
3133 4023
2703 3136
3140 4014
1882 3141
3147 4916
806 3149
3155 4907
3161 4586
3164 3615
3169 3909
2571 3171
3172 4970
3178 4833
3184 3958
3186 4488
1349 3190
3191 3685
3193 4932
3194 4894
3207 4502
2489 3208
3209 4709
3210 4677
3217 4839
3222 4791
3229 4031
3234 3384
3235 3855
3239 4860
3243 4491
2976 3248
3254 4873
3255 4303
2686 3257
2774 3259
3264 4177
3266 4706
3269 3524
3272 4992
3273 3610
3044 3275
3280 4213
3281 4061
3115 3282
3287 4978
3233 3290
3291 4902
1775 3305
3312 4288
3316 4593
3321 3491
3323 4314
3332 4933
2250 3333
3345 4884
3347 4927
3353 3973
3354 4895
3363 3370
3364 4591
3365 4021
3367 3577
3380 4783
2934 3382
3387 3587
2235 3388
3393 4357
2625 3397
3399 4791
3396 3402
3406 4953
1565 3409
2859 3410
2092 3423
3435 3459
3445 4238
2846 3458
3467 4950
3492 4941
3493 3850
2552 3495
2340 3531
3537 4998
3538 4874
3541 4820
3546 4433
3548 4535
3177 3551
3554 4780
3557 4479
3573 4063
3585 4512
3588 3748
1013 3589
3600 4738
3602 4856
3605 4691
3606 4280
3608 4092
3616 4002
3623 4994
3626 3970
2899 3628
3295 3645
3652 4680
3659 4982
3134 3660
3175 3662
3080 3665
3519 3671
3681 4150
1037 3693
2615 3711
3712 4707
3723 4961
3725 4427
747 3733
3738 4718
3742 4129
2729 3744
3450 3746
3750 4333
3754 4710
3755 4248
2289 3759
3761 4566
3767 4191
2635 3768
2853 3769
3581 3772
3774 4678
3782 3788
3791 4763
3793 4360
3798 4828
3815 4975
3826 4501
3828 4697
3833 4763
3837 4068
3839 4714
2359 3844
2825 3853
3854 4801
2177 3856
3864 4897
3870 4003
2299 3880
44 3882
3886 4922
3889 4549
3890 4097
3891 4631
3894 4952
3162 3896
3897 4676
3898 4466
2522 3905
3937 3939
3940 4999
3946 4994
3956 4151
3961 4428
3964 4906
3994 4621
3980 4007
4011 4022
2158 4020
3507 4024
3008 4036
3339 4046
3904 4047
4052 4560
4055 4059
927 4058
1065 4060
3667 4065
928 4075
4077 4588
4090 4689
2228 4099
3090 4101
4102 4681
3484 4106
747 4111
2181 4115
4120 4381
4122 4428
4089 4128
1227 4134
4139 4685
4140 4725
4143 4674
3682 4148
3463 4152
3580 4160
4166 4564
4167 4757
4173 4244
4185 4447
3439 4189
4179 4195
3517 4198
3080 4203
3653 4207
4201 4212
4217 4836
4220 4782
4216 4224
3687 4231
4234 4727
4236 4237
4239 4976
4162 4245
4252 4999
3959 4254
4259 4802
166 4263
3432 4265
4025 4273
3618 4279
4255 4290
4291 4867
3813 4297
4298 4878
3689 4302
4309 4927
4318 4998
3547 4325
1995 4326
4110 4329
4330 4712
3215 4338
4340 4769
2486 4347
4350 4415
4288 4352
3811 4354
3862 4355
4221 4356
4359 4698
3156 4364
4370 4458
1923 4372
1892 4374
4375 4416
4376 4456
1392 4380
3224 4387
950 4388
3743 4392
4393 4933
3929 4395
4038 4409
4420 4667
4361 4422
4411 4424
3414 4430
4253 4432
3860 4444
4449 4459
4465 4915
3807 4476
4495 4908
938 4499
2729 4500
4503 4505
1346 4508
4097 4521
2857 4530
4307 4538
4547 4942
4348 4551
4540 4559
4565 4848
3868 4569
2158 4572
3474 4574
4576 4888
4589 4887
4235 4592
4600 4958
4049 4608
3714 4615
4629 4634
4440 4635
4577 4636
4631 4637
4648 4667
3666 4669
4684 4977
4269 4688
218 4696
4287 4713
4716 4965
4717 4848
3016 4719
4466 4723
2763 4731
3872 4734
4501 4736
1675 4740
4739 4742
4631 4743
1367 4745
4746 4956
316 4753
4741 4755
4319 4760
1470 4761
4765 4830
1621 4772
4775 4811
2350 4779
4781 4935
4773 4786
4074 4790
4771 4799
4006 4808
4804 4812
4825 4845
4832 4843
3766 4835
1675 4840
4852 4931
4003 4853
3212 4864
4854 4865
4368 4879
4883 4889
4415 4891
4823 4892
3836 4896
2531 4910
823 4912
305 4919
4923 4989
4768 4925
4319 4929
2385 4945
3416 4957
4782 4966
3501 4979
4702 4984
1675 4990
13 3097
141 3334
162 4693
217 4396
383 4296
423 4922
462 4658
506 4156
583 4826
648 4949
704 3454
755 3729
760 4513
769 4903
778 4909
838 4514
842 4798
852 3139
899 4965
909 4278
963 4788
1070 4934
1098 4253
1112 4343
1114 4431
1129 4917
1169 4303
1268 4874
1319 4211
1330 3188
1341 4949
1372 4412
1379 4951
1386 3836
1411 4804
1416 4848
1434 4868
1390 1448
1644 4907
1684 3910
1753 4965
1784 4299
1786 4331
1797 4939
1820 3867
1825 2775
1863 4699
1954 4750
2060 3466
2064 4818
2071 4027
2125 4869
2145 3018
2149 4306
2151 4844
2184 3966
2211 4428
2218 4400
2236 4850
2248 4562
2259 4183
2260 4560
2275 4949
2276 4353
2295 4798
2301 4486
2319 4016
2323 4954
2324 4145
2347 4913
2363 4739
2364 4917
2369 2430
2391 4933
2420 4811
2421 4517
2441 3872
2463 4596
2488 4554
2496 4859
2500 4428
2506 4841
2511 4987
2512 4733
2515 4110
2525 4448
2542 2894
2555 4228
2561 3315
2609 4441
2618 4138
2624 4857
2662 3325
2669 2694
2674 4774
2684 4483
1461 2718
2721 4645
2761 4554
2770 4379
2814 4834
2832 4316
2856 4358
2863 4791
2870 3519
2918 3214
2926 3924
2967 4187
2980 3530
2996 4851
3000 4803
3003 3439
3011 4243
3020 4657
3035 4931
2894 3038
3042 4834
3053 3061
3060 4859
3082 4213
3083 4262
3089 3376
3095 4487
3112 4756
1727 3124
3127 3781
3128 4690
3133 4597
2896 3141
3147 4649
3149 4248
3161 4469
3164 4693
3171 4968
3172 3349
3178 3818
1272 3191
3193 4264
1857 3194
3208 4553
3217 4537
2544 3222
3235 3893
3243 4421
3254 4811
3255 4933
3257 4154
3259 4946
3264 3692
3266 3647
3272 3277
3273 4522
3282 3534
3287 4035
3291 4960
3312 4738
3316 4888
3321 4339
3323 4683
3332 3478
3333 4780
3345 4042
3347 4596
3354 4947
3218 3364
3367 4662
3382 4579
3387 4992
3388 4862
349 3393
3399 4776
912 3402
3349 3409
3435 4876
3445 4955
3467 3936
3492 4971
3493 4983
3495 4938
3531 4773
1726 3537
3538 4348
3541 4466
3546 4056
3548 4860
3554 4906
2451 3573
3585 4900
3588 4803
3589 4172
3600 4566
3606 4818
3616 3625
3623 4256
3626 4383
3628 4890
1675 3645
3652 4568
3659 4931
3660 4647
3665 4595
3671 4967
3693 4959
3712 4181
3725 4949
3738 4188
1507 3742
3754 4751
3755 3893
3767 4488
3768 4895
3769 4700
3774 4567
3788 4888
3793 4821
3798 4724
3815 4026
2239 3826
2855 3828
3833 4043
3837 4949
3844 4228
3853 4890
3854 4711
3856 3874
3864 4216
3870 4943
3882 4882
3886 4949
3889 4773
3890 4999
3891 4328
3894 4319
1727 3896
3897 4553
618 3898
3905 4641
2845 3939
3540 3940
3956 4653
3961 4456
3964 4369
1902 4007
4011 4428
2894 4020
427 4024
4035 4036
3689 4046
4047 4403
4052 4660
3749 4055
2192 4058
4060 4981
1214 4065
2390 4075
4077 4580
4090 4996
4099 4728
4102 4603
4106 4504
4111 4944
4082 4115
4120 4767
4122 4887
3439 4128
4139 4304
2583 4140
4143 4524
1187 4148
4152 4795
4156 4166
4167 4956
4173 4575
4185 4700
4189 4862
4195 4750
3885 4198
4190 4203
1802 4207
4204 4217
4220 4947
3315 4231
1272 4234
4236 4663
4239 4487
4029 4245
4254 4548
4259 4622
4263 4469
2315 4265
4279 4665
4131 4290
4291 4874
1866 4297
4298 4311
4302 4529
3370 4309
4318 4963
4326 4612
957 4329
4330 4331
4338 4822
4340 4959
4347 4886
4350 4369
4352 4819
4354 4453
4158 4355
4356 4630
2573 4359
3794 4364
4370 4944
4374 4829
2359 4375
3748 4376
3300 4380
2885 4388
4105 4392
1961 4393
410 4395
3327 4409
2983 4420
4422 4934
4161 4424
3507 4432
3696 4444
3836 4449
4465 4773
4476 4998
4293 4495
3865 4499
4500 4511
4503 4819
2377 4508
4521 4703
3701 4530
4538 4737
4551 4601
3967 4569
3400 4572
4574 4924
3653 4576
4589 4604
4600 4989
4540 4608
4615 4623
4462 4629
4635 4820
2583 4636
4637 4651
3489 4648
4669 4906
4613 4684
3831 4688
3989 4696
4467 4713
4552 4716
4717 4868
4719 4724
896 4723
3459 4731
4734 4822
3775 4736
4228 4740
4742 4831
4743 4802
3954 4746
2842 4753
4755 4868
4464 4760
4744 4761
4643 4765
4756 4772
4775 4777
1144 4779
4003 4781
4790 4901
3843 4799
4299 4808
4312 4812
4825 4862
4832 4833
3737 4835
3037 4840
4463 4852
4463 4853
4003 4864
4806 4865
3612 4879
4518 4883
4698 4891
4678 4896
3884 4910
1912 4912
2850 4919
4923 4935
4925 4977
3677 4929
4945 4961
3741 4957
4175 4966
4979 4982
3683 4984
4989 4990
1825 4289
1954 4332
2364 3749
2770 4664
3020 4654
2565 3082
2807 3161
3164 4396
3235 3500
3243 3327
3254 3777
2752 3257
3272 4943
3323 4564
3332 4249
2360 3435
3537 4995
3616 4997
3652 4307
3738 4934
3268 3768
3826 4973
3837 3887
3853 4568
3461 3854
3897 4861
3898 4981
3956 4464
4020 4544
4024 4413
3308 4046
4047 4885
4055 4708
3444 4075
3924 4090
4106 4845
4111 4187
4115 4633
4120 4366
4139 4972
4000 4140
4152 4654
4189 4720
4202 4203
4245 4528
4297 4758
4000 4326
4329 4877
4330 4920
4277 4347
1733 4354
1733 4356
3974 4359
3865 4364
4374 4671
3741 4393
4420 4428
4424 4528
4022 4432
4449 4971
4499 4548
4524 4538
4017 4574
4576 4642
4277 4600
4608 4882
4230 4615
4580 4635
4637 4849
4669 4673
4684 4698
4716 4995
4564 4719
3884 4731
4734 4863
4489 4736
4699 4740
4542 4742
4378 4743
4753 4803
4610 4755
4760 4885
4552 4779
4812 4992
4832 4874
4835 4875
4733 4852
4853 4858
3629 4879
4883 4898
4891 4967
4623 4912
4919 4977
4845 4923
2948 4925
4715 4929
2519 4945
2749 4957
3261 4966
4936 4984
4973 4990
3652 4916
4615 4888
4473 4779
3884 4832
4552 4883
