4641 4802
3106 4272
3435 4807
2949 3890
1339 4070
2000 4060
132 4697
1841 4534
1164 4880
1808 4340
2045 3577
2238 3186
2882 3982
1443 4443
1124 4075
3334 4644
1917 4468
2206 4802
2573 3642
2993 3435
110 3418
1021 3310
115 4663
487 1558
2801 3834
4663 4952
2684 4774
674 4326
1339 2836
2159 4354
3525 4312
3769 4839
1164 3525
2813 4353
1964 3696
1339 4514
4037 4488
1071 4977
4043 4807
138 2949
173 4919
2367 4008
115 2323
518 3421
706 4956
3434 4479
4156 4829
2130 4829
3842 4524
2238 2341
3010 4047
4317 4942
3186 4949
888 1664
3352 4373
1673 3577
3481 4361
2217 4839
2342 4644
2709 4025
3982 4625
4037 4868
4075 4177
427 4037
3897 3941
458 1165
796 4663
230 4575
1116 4585
2502 4736
3132 4892
237 4006
3283 4047
2821 4468
1445 3759
3614 3697
517 4384
2862 4302
918 4683
2666 4096
4006 4303
3456 4706
4115 4853
947 4744
4656 4811
3814 4647
2464 3470
2827 4201
3587 4331
2814 4331
3529 4778
4778 4952
3280 4917
342 4488
1105 4890
2217 4581
865 4736
412 3692
4365 4822
1458 4384
2957 4577
1116 4868
3901 4370
4262 4509
2836 4216
2949 4038
3190 3569
1989 3866
1739 4693
2158 4995
686 3696
1458 4601
2651 4853
4026 4577
1931 3551
1264 4392
512 4365
3553 4462
3555 4117
3814 4830
2762 3553
1185 4736
4778 4854
2887 4631
2286 4988
3978 4517
1928 4216
41 4866
439 4811
3326 4233
3507 4977
1971 2638
4353 4804
1518 3982
1071 4654
4581 4791
3771 3843
173 4811
2795 4365
3512 4201
3844 4608
2175 4509
551 4026
3319 3697
1446 4043
3890 3897
38 4415
4259 4479
2706 4211
1336 4471
2217 3941
1769 4524
3333 3560
2851 3352
3216 4977
3639 4793
1494 4312
2702 4656
1350 4683
3085 4025
4264 4779
3814 4895
3523 4415
3106 4365
1163 4513
2827 4340
4164 4697
1955 3334
4565 4581
3666 4744
1105 2862
1851 4892
1337 4048
2908 3921
461 4505
4479 4687
3946 4974
3503 4329
3714 4517
3311 3333
3734 4735
3144 3481
2237 2983
1446 4807
3190 4664
110 4741
3759 4717
3946 4849
4034 4156
4819 4892
2045 4853
2369 4305
3311 3434
2389 4254
349 3436
4631 4814
527 4104
1584 4531
412 3468
2502 3994
4513 4514
2276 4384
1292 4853
209 4392
685 2957
1115 4814
3683 4854
822 4716
163 4074
1320 4939
2822 4575
2418 4164
3625 4395
2827 3512
158 4708
511 3587
1336 4608
2217 4038
948 4942
3246 3368
4179 4565
2770 4480
3106 4326
976 4581
62 3797
2351 4601
2281 4693
1194 3289
1446 4917
1319 4164
1501 4534
2696 3892
3004 4866
3022 4513
3892 4700
872 2236
4164 4664
1989 3804
1114 4230
1905 4942
3840 4002
3865 4380
478 1350
4480 4759
3554 4560
786 3843
2418 4332
2821 4106
2367 4133
2369 4750
4085 4164
3926 4331
4395 4952
1222 2319
1238 4190
4006 4644
4477 4977
1288 4608
1695 4890
41 4631
615 3780
701 4779
2849 4104
1882 3614
2594 3107
1975 4687
891 4830
2308 3512
4631 4719
4742 4790
1912 4693
3555 3780
3638 4532
2082 4616
126 4919
3040 4717
2234 4297
1782 4334
3745 4804
2628 4601
3198 4575
1144 1825
2882 3182
1124 3326
322 4977
1869 4480
3319 4741
2308 4329
3375 4759
4254 4917
1515 4037
2684 4477
4329 4340
4560 4880
2082 4468
4208 4791
1578 4370
237 2278
1619 4524
4106 4468
4202 4509
3215 4656
3456 4514
4532 4654
3382 4830
3512 4340
4631 4708
2484 4791
2307 4717
128 4601
637 905
1443 3626
2484 2872
3190 3771
4198 4380
1492 4939
4474 4534
209 4693
1331 4303
3382 4868
4406 4839
4354 4524
1596 2636
2464 4060
1810 3767
3289 3551
2709 4380
4216 4741
2822 4117
3268 4205
651 3553
2278 4471
1164 4670
1882 3697
2849 4572
1849 4866
3215 4744
129 3392
3268 3348
3696 3865
3854 4034
3707 4598
3190 3843
314 4468
1496 3591
3091 3302
2081 4890
4532 4661
3714 3797
3901 4735
4209 4907
4389 4647
3283 4514
2753 4774
446 592
799 4034
1570 4706
3468 4331
3346 3560
3662 3956
3606 4106
3382 4895
3769 4565
2062 4413
904 2628
3897 4949
3905 4373
4190 4198
2233 3921
234 4017
2696 4866
2391 4075
1570 4565
4002 4693
3625 4854
2077 4373
3030 4517
1459 4719
3519 3639
3434 4259
3769 4791
4664 4905
4477 4892
4115 4361
1912 2343
4017 4907
1005 2970
2547 4868
4361 4956
4312 4708
615 4575
2872 4791
4209 4471
2696 3429
2402 4890
1769 4474
2909 3707
2281 3246
1291 3941
2447 4853
3004 3107
1558 2286
4272 4891
3289 4750
3859 4736
4814 4866
4317 4474
2175 4202
3834 4312
2412 3982
1494 4560
1842 2308
4211 4303
158 4561
2856 4115
4759 4974
1288 4209
905 3302
3844 4907
2239 4060
1697 4021
3421 4561
2450 4716
2949 3941
2341 4331
3334 3804
965 3756
2412 3244
4070 4988
1807 4774
1905 4790
375 4431
1932 3454
2917 3893
2159 4804
1211 4479
2307 4890
3518 3748
4117 4560
3182 4625
2186 4830
4043 4177
446 4750
947 4656
3518 3639
2636 3027
1287 2908
2265 4917
2734 3348
3865 4264
3745 3924
2418 4384
517 4804
947 3666
2541 2594
2220 4334
3348 3587
562 4002
4513 4919
1825 3117
799 4303
3085 3696
1871 3144
4415 4866
4021 4262
1557 3377
3434 4608
3697 4400
3771 4995
4353 4354
237 3639
1005 4919
660 4598
254 4750
3216 3606
4720 4942
2034 4819
3260 4814
3352 4514
1672 4156
2730 3671
1354 3613
4198 4561
420 4577
1810 2964
3525 4670
1291 4839
4647 4974
2082 4956
3268 4942
3430 4853
2909 3403
349 4406
4509 4513
4830 4895
3844 4259
4026 4625
1492 1778
1027 4644
1139 4395
2965 3704
3560 4697
4472 4585
4474 4565
3294 4233
1932 3436
2376 4341
2872 4208
2985 3978
3054 3866
1331 2262
3625 4895
3715 3834
1440 4744
1538 4334
3844 4671
2307 2862
2822 3780
2964 4663
4179 4380
257 4793
1034 4625
4892 4977
2814 3977
1772 4332
3897 4179
1810 4868
3311 4671
666 936
1578 4917
105 4656
693 4905
1489 4021
1584 4116
4037 4854
3577 4853
4598 4779
1841 4942
2900 4561
1882 2677
3397 3519
2103 4988
53 4513
948 2753
2845 4917
918 4750
3561 4919
2849 3941
4790 4804
1976 4365
873 4804
1299 4717
1994 4641
3319 4070
4413 4431
2000 2983
2048 3708
3071 3905
2851 3759
577 4312
872 3800
2009 4880
1369 4849
62 4949
1114 4577
2426 3182
3144 4697
3697 4531
2876 2908
4096 4719
1743 4895
2413 4741
4719 4866
1489 4853
32 3723
3085 4380
1903 3560
889 3553
3892 4455
1112 3692
4332 4477
4471 4608
1336 4671
4047 4890
2233 2238
908 3456
4585 4661
1059 4577
1861 2413
701 1964
1505 3368
2031 3186
2770 4233
442 4560
2185 4312
3897 4406
427 4819
524 4790
2481 4977
4297 4793
2734 4028
486 4905
4647 4663
2343 3840
2876 4400
657 4822
3523 4060
1303 3994
4117 4880
3518 4793
4230 4625
3071 3456
2718 4716
2351 4109
889 4670
375 4106
4443 4814
2802 3387
2983 3704
3260 3523
1233 4735
2148 4663
2663 4028
3696 4025
3756 4829
4085 4332
1089 2718
4389 4854
984 2985
3534 4075
3289 4683
3010 4531
3893 4853
3326 4654
4209 4608
3435 3561
873 4790
843 4631
1534 2140
3117 3697
96 4804
1496 3403
4096 4104
3686 4164
3319 4895
1331 1917
1931 4575
2978 3400
119 4201
3436 3512
2101 4735
3905 4531
4354 4790
2269 3587
2101 3249
3854 4468
637 3834
4177 4807
4230 4577
2753 4974
3249 4641
3487 4890
1739 3840
192 4006
3382 3625
4664 4995
1354 4384
3686 4332
678 4687
1981 4741
3429 4802
3798 4575
882 4791
3842 4774
1832 2573
1555 3507
3587 3926
4480 4974
4392 4693
3117 4400
3893 4202
1508 4822
2535 2801
2499 4647
4477 4505
1434 3430
457 3577
1281 4340
3519 3804
2432 3840
3377 4742
3638 4205
3555 4220
4038 4565
1664 4002
3046 4880
2651 4509
2573 2892
2237 3591
875 4804
3591 4334
4034 4956
163 4365
3319 4988
3745 4365
4406 4793
1272 4272
2918 4671
3144 4106
3046 4117
4468 4661
3368 4392
442 3403
657 4793
3352 4706
3434 3438
2677 3697
2040 4895
1917 4156
1611 4977
2923 3978
3897 4208
4572 4779
3260 4605
3994 4759
4037 4819
3106 4480
2130 4413
265 4075
1695 4365
3010 4717
4474 4488
3400 4060
3529 4895
780 4663
2175 4341
1928 3418
242 4601
1367 4683
2872 4581
3132 4585
1534 4509
4048 4317
1320 4361
53 4671
4505 4654
2081 3392
2535 2909
1369 4233
3454 3512
3956 4272
41 1115
234 4907
1979 2101
2175 3561
457 4853
3844 4017
461 4133
2957 4400
2185 2186
2956 3397
2957 4742
4443 4455
2341 4736
2233 4034
3518 4644
4106 4759
3692 4956
1310 3553
2390 4354
230 4839
442 3707
1578 4177
3554 4575
2730 4365
3429 3436
678 4479
4302 4697
3198 4220
3696 4598
1496 3512
615 4880
3842 4534
4741 4988
1445 4706
1981 3642
4104 4581
4017 4687
3249 4370
3602 4663
1434 4750
2296 4392
2498 4028
3771 4664
2464 4462
163 2795
2235 3117
4395 4663
1233 4216
1976 3106
4202 4513
1291 4565
4424 4656
3780 4220
4220 4880
3880 4811
4565 4791
2702 4664
4389 4952
1459 4581
2556 4341
420 4026
3638 3859
4631 4866
4731 4811
163 4326
1835 3854
1851 4008
1120 2718
3994 4233
4716 4988
2009 4220
1861 3555
1110 3267
2846 3238
3756 4431
4096 4220
4514 4890
2484 4406
2069 4956
2339 3905
4115 4332
4616 4956
3242 4919
2164 4462
2851 4047
562 3542
3326 3375
2389 4917
651 4670
1903 4697
3756 4205
4115 4880
2269 4895
3190 4656
1174 4942
1598 2795
3435 4641
4509 4919
254 446
3470 3843
4477 4654
4774 4790
2239 2965
2101 4370
2801 4334
3553 4670
1101 3756
3708 4735
191 3666
3421 3923
1182 4995
3842 4488
4109 4312
1440 4952
2495 3525
1769 2813
843 4641
1249 4211
1089 4988
2547 4854
1059 4026
1292 4919
2350 4514
1538 4708
2153 4601
1895 3561
2900 3696
3625 4952
4585 4819
52 4822
3248 3434
2915 4631
1269 4956
577 4708
4791 4995
817 4472
3866 4644
3319 3418
948 4488
458 2103
2821 3606
231 3421
4474 4524
1367 3507
1116 4977
1697 3865
4353 4790
1482 4455
1105 3613
2877 4895
3004 4700
1584 4514
3020 3430
3040 3800
2537 3178
3249 4735
3892 4096
3507 4505
4037 4952
1832 4988
1503 2846
1851 4585
2003 3745
1835 4211
1249 4671
3534 3734
3523 4719
4329 4942
2279 3567
1808 3454
3542 3697
3468 3692
2636 4601
3225 4742
2447 4202
2323 4741
4104 4201
1724 2978
2185 4708
1071 4585
3529 4037
616 4656
1164 4060
2278 3311
2296 2432
2351 4720
4654 4977
588 4750
2862 4531
2917 4262
231 518
796 3625
2851 4341
2005 3529
2943 4443
819 4697
2164 4060
3924 4326
3248 4687
2956 4822
2081 4706
642 4949
2451 4977
2040 4389
4074 4716
1527 4116
2573 4988
3310 3745
1611 4116
3326 4849
1034 4026
3800 4373
2950 4974
2367 4477
336 4581
1832 2413
3215 4664
230 4220
4133 4977
1596 4956
4334 4708
3244 4230
1105 4514
2000 3553
2898 4400
3027 4601
3982 4577
2130 4956
4415 4443
562 4392
919 4006
3397 3804
2158 4744
3377 3921
2965 4462
2696 4814
3708 4370
1101 3671
985 3614
384 4890
1503 4413
2206 4866
4332 4697
981 4104
2528 4006
2159 4317
1546 4443
1546 4641
1619 4790
1772 3560
512 4891
3260 4415
1233 4070
2412 4577
2970 4598
2075 4819
2978 3892
4790 4942
154 4479
1496 4334
1917 3606
1110 2343
1467 3519
737 4830
2882 4625
891 4693
904 2636
2450 4741
3941 4839
678 4671
1354 3020
1163 4919
4585 4977
3606 4605
2390 4956
241 4048
819 3346
2526 4890
1508 4297
1931 4683
4697 4880
2426 4026
3216 4008
1782 2821
3302 4697
4038 4406
1112 3189
738 3377
1319 4565
2432 4693
3022 3242
3283 4531
4198 4939
2278 4671
2010 3708
3091 4302
855 4117
1482 4814
1958 4631
4117 4575
1518 3182
4354 4534
1518 2882
228 2238
2077 4720
2762 4670
322 4585
124 4208
1958 4317
3249 4254
2276 4109
2010 3560
231 4380
257 3392
1813 4716
3246 4002
808 4431
3189 3859
3007 4230
4509 4988
2846 4431
2477 4109
2426 4577
389 4907
2628 3027
1653 4413
949 4264
1139 4389
2821 4302
3481 4647
1252 4663
4254 4735
2734 4608
3859 4205
3384 4939
1931 3289
4297 4312
257 3519
2770 3946
3443 4853
3555 4952
3686 4302
535 4106
3054 3397
2537 3714
2923 3551
3046 4220
3697 4480
3767 4598
3311 4479
947 4664
2528 3334
4303 4829
880 4085
3542 4202
154 4687
495 2540
1905 4488
2206 4443
1725 4819
4560 4585
3244 4026
882 4581
3625 4663
1369 4480
809 3780
2985 4517
3798 4106
1918 4026
3662 4272
1584 1695
1994 4202
3865 4644
1503 3027
3280 4254
4354 4488
1337 4742
1890 4939
4742 4892
4017 4671
985 3117
3375 4811
594 4230
336 4949
1557 2917
1903 2856
1492 3333
1443 4209
1022 4326
2565 2943
2182 4424
2651 4021
1350 2923
2281 4002
2402 3905
2269 3554
4561 4598
1034 4577
809 4575
3085 4264
4514 4731
2131 2206
3551 4683
3577 3696
1191 4661
1743 4663
551 4577
880 4644
1863 2342
3893 4919
1421 2266
3216 4477
4202 4262
228 4656
1903 4939
1958 4664
4104 4572
2541 3518
2898 4254
4038 4208
593 4804
3132 3507
3893 4952
349 2556
706 4605
1555 4361
2153 4384
2905 4779
3132 4977
3268 3859
1211 4687
2040 4431
3567 4028
3107 4415
478 4305
3382 3529
4008 4477
4647 4895
2077 3352
613 2235
2923 4750
4631 4641
105 4664
2450 4670
3040 4514
3708 4115
4181 4942
2845 4807
2412 4230
1120 4716
2770 2983
2917 4341
1903 3346
1931 4750
2476 4605
2956 3639
1570 2350
3642 4070
2915 3429
1725 4892
2233 3377
524 3577
1453 3707
3435 3901
4133 4654
4370 4807
143 2877
1059 1114
2950 4849
385 4830
4025 4572
1810 4778
1918 4230
3767 3923
1808 2827
3567 4205
855 4560
2950 3880
4373 4890
2323 4208
2341 3468
2447 3893
2970 4572
4201 4572
4415 4719
62 4305
2237 3715
2730 4736
2069 3756
2892 4988
3022 4919
1652 2158
3429 4866
4109 4854
3487 4262
3507 4892
3418 3905
81 2791
2265 4735
3561 3893
4534 4790
487 4216
2234 4233
3518 4822
1546 4719
1856 4625
1772 4939
2045 4664
4373 4717
110 4988
4488 4974
4471 4479
3587 4736
3454 4340
4517 4750
1211 4209
808 4829
2949 4565
4340 4572
3436 4329
2628 3613
3901 4177
2323 4988
2964 4854
3759 4514
3941 4038
2502 4028
4037 4977
2075 4505
4075 4735
3182 4230
3800 3905
303 3248
3091 3144
666 2638
80 3941
1369 4811
1508 3334
2279 4736
592 3977
2873 4517
1653 4156
3994 4480
4211 4829
4656 4995
3430 4341
3686 4085
2849 4201
2862 3267
2319 4750
2159 4474
2069 4531
3054 3804
2734 4106
1496 2909
1281 1932
1310 4462
192 4793
2849 3436
4905 4995
2446 4216
2540 4774
2822 3523
2164 2762
2234 3880
1724 3470
1739 3246
2900 4264
3625 4216
2426 4230
4849 4974
672 4956
517 2628
3481 4939
3534 4177
2308 4104
535 4156
1570 4373
4370 4656
3280 3534
2237 4708
2801 3707
3567 4048
1238 4917
1430 3926
640 4974
3617 4208
4804 4974
2628 4720
461 4977
1832 2323
2265 4641
2369 2537
1477 4891
2319 4868
3443 4919
737 4895
1895 4853
2276 3027
1611 4581
1975 4956
2077 3283
2499 4854
2663 3692
3639 3804
452 4814
2802 3591
880 4822
3361 4329
1494 3403
2943 4661
1304 2666
1975 3132
2077 4116
2495 4462
3454 4329
2594 2753
984 4750
1124 4917
1813 4070
3587 4868
2666 4700
2795 4326
873 4474
3289 3626
1932 3503
2836 4716
3361 4085
4133 4585
2217 4565
1144 4891
2862 4717
613 3225
2795 4471
981 4671
2391 4917
3384 4302
693 4656
4048 4736
4205 4209
822 4572
2447 3022
3671 4205
4317 4354
2376 3759
3007 4577
738 4839
562 3840
3525 4708
3854 4829
4008 4109
4661 4819
3487 3561
1443 4096
1596 4509
2101 4641
3084 3085
1469 4811
3249 4917
2220 4708
3198 3780
785 4177
296 1071
52 2956
96 4181
3198 4117
739 3924
385 3921
693 4744
2003 3310
4353 4974
3555 4575
1598 4074
4431 4616
2005 4811
3639 4332
4532 4977
4791 4839
2217 2528
2269 4647
1743 4952
3267 4002
1087 4868
129 4717
1350 3978
2956 4793
985 1337
4830 4854
3771 4656
1034 3982
2236 3905
822 2849
594 4577
3487 4202
2367 4892
559 4406
402 1430
191 4424
2887 4719
4424 4664
4479 4488
948 4181
2402 3071
1505 3216
4759 4849
1234 4804
3602 4868
1772 4164
2498 3926
3346 4115
2791 3978
1336 4907
3084 3767
701 4380
1059 2882
2185 4334
4663 4895
977 4700
2814 3189
985 4742
105 4905
785 4468
3481 4332
3890 4208
38 4866
3503 4104
2393 3745
2814 3268
2222 3977
3769 4949
666 3468
905 3715
1611 4892
3091 4164
4480 4849
2236 4047
1901 4811
3346 4106
864 3189
4431 4468
2892 3418
1234 4942
4201 4329
977 4415
2957 3697
2791 3178
1652 4744
4116 4531
2696 4038
4264 4572
3429 4631
2323 2718
2813 3260
888 4392
3897 4720
685 3117
4663 4830
4462 4670
3132 4477
1354 4720
1354 4109
809 3555
2269 4778
218 4233
1319 3890
1652 2432
2286 4070
738 4406
1471 4717
1918 3007
2276 4601
3182 3982
4008 4977
2262 4156
2918 4017
1842 3454
2009 2038
19 3723
1139 4830
1505 4693
1234 4790
2402 4531
1114 2426
2045 3519
3525 3591
4048 4471
1264 2432
3946 4731
640 3946
1769 4804
2528 4644
2265 3189
2208 3715
1534 1895
1186 4644
1291 4038
2702 4424
3542 3614
3683 4952
4479 4907
2877 3602
2876 3614
453 4683
1578 3280
4415 4814
192 2872
2845 4735
605 981
2993 4735
2476 3890
2537 4683
1724 4462
1910 4700
1871 3534
616 4664
2446 4070
1492 4361
2795 3956
905 4708
1163 4021
2222 3189
4868 4952
32 4616
3283 4373
1288 4259
4038 4839
2481 4477
2495 2958
3377 3614
3430 4021
1673 4509
3004 4802
588 4708
1518 4026
347 4939
908 4043
3923 4025
3311 3844
2923 4047
543 2846
3310 3956
2175 4513
2451 4220
4472 4892
3435 4735
616 2827
904 4384
888 4517
977 3892
1863 4793
1501 4706
3814 4952
2659 4656
2905 3767
2795 4272
3384 4361
3723 4389
2040 2801
3639 4297
1555 4332
3375 3763
3020 4919
2432 4002
2876 4742
3043 4133
984 3977
3085 4598
3268 4736
4220 4575
3626 4305
1331 4605
1459 4839
3260 4988
2237 3178
3759 3905
2307 4488
1089 4741
2040 4952
3107 4700
4581 4949
3714 4505
706 4303
1238 4075
1512 3238
3280 4370
1124 4043
809 2663
1443 4814
2307 3941
4671 4907
2753 4790
4037 4778
889 2239
3027 4720
1185 4048
3683 4395
80 1910
843 2391
1191 4133
1445 4116
1467 4644
2446 4716
1501 2915
905 1810
2005 4849
891 4002
2950 4731
3715 4708
3418 4716
4233 4849
524 4264
1221 4995
2495 3553
2451 3507
3554 4220
4198 4572
3403 3715
2846 4413
2278 4259
2481 4661
4905 4907
930 4952
3890 4949
4106 4829
3400 4462
2573 3319
81 2876
191 4905
2130 4034
1558 4716
2943 4585
1430 4656
3248 4471
3397 4793
3397 4340
461 4477
1110 4392
976 3769
3804 3866
4317 4974
716 2684
817 1071
1503 4956
4693 4697
4164 4361
389 4209
2965 4670
888 3840
2389 4807
2813 4474
2791 3714
2956 3804
1851 4608
3132 4819
3333 4164
571 3617
52 4793
3392 4608
3704 4670
1494 1782
129 4890
1288 4534
2296 3267
875 4353
3613 4109
384 3071
1778 2856
1027 1124
2734 4616
3561 4262
4109 4384
2845 2993
1807 4790
4389 4895
4208 4581
2943 4455
3865 4561
2856 4332
4211 4605
2164 2978
4389 4778
3924 3956
4106 4211
1469 4480
3901 4043
4037 4472
2498 3638
3403 4334
453 3714
2343 3368
512 3745
593 4488
1434 4814
3487 4509
2045 4509
3587 3638
4474 4974
4264 4661
303 4671
1467 4006
4779 4988
231 3696
3430 4919
1292 4509
3529 4389
4830 4868
3956 4462
4115 4939
2343 4693
457 4513
4415 4455
2556 4048
2239 4462
2351 4384
780 4952
3294 4811
3421 4779
3978 4750
910 2709
2103 3418
3617 4839
4179 4790
4802 4866
965 1512
2477 4384
3215 3569
81 2565
1471 3430
977 1299
3085 3767
3602 3683
3843 4664
3865 4829
4774 4942
4488 4534
535 4829
1252 4868
1664 1901
4074 4326
687 4683
389 4687
1975 4608
4791 4949
4942 4974
3977 4517
1445 2851
919 4644
2734 4956
1917 4956
3436 4340
3577 4919
2993 3708
3901 4190
786 4814
4177 4254
2235 4742
3421 3767
2208 4708
1440 4905
2237 3834
2970 3923
2342 3397
2432 4988
3567 3671
2238 4949
4384 4601
2499 4778
873 4534
2140 4744
822 4201
1211 4017
2413 4988
4455 4700
3311 4687
1855 2502
4560 4575
2958 3704
1496 4708
487 4988
1910 4577
2103 4070
2770 4811
518 3901
2730 4205
1871 3893
3617 4942
110 4216
4028 4736
799 4468
3368 4977
4354 4942
930 4868
2696 4719
4353 4524
1124 4807
1611 4744
1989 4006
442 1538
1600 4561
2541 4742
1981 4716
2677 3614
2915 4700
3692 4977
1841 4524
1882 4400
3346 4939
1467 1955
2239 2495
1652 4656
126 4513
2983 4462
588 4814
1494 2220
2391 3435
2045 3893
3346 4164
4868 4880
1697 3333
3686 4697
1022 4272
674 2393
2677 4400
1503 4468
2877 4952
2915 4455
314 4774
2081 2526
2718 4216
3022 4853
3246 4693
3377 4400
2846 3756
4259 4687
2900 3084
4735 4917
2158 4656
3248 3844
3977 4431
3071 4047
3007 4625
3696 4380
2045 4513
2153 3613
1186 4822
4532 4585
128 2628
1725 4505
3283 3905
3551 3626
3443 4021
3107 4719
2148 4647
905 3387
4025 4779
4585 4654
375 4956
2159 4736
2233 2957
1557 3242
3186 3763
4329 4625
402 1855
1508 3519
4868 4895
478 1869
3280 4807
4395 4778
128 4384
4524 4942
1440 2836
2389 3734
686 4025
1695 3759
1482 4719
2357 4830
2983 4670
4211 4431
3671 4736
143 4647
2307 4531
3551 3714
3797 3978
4661 4977
4830 4952
3040 4890
3429 4198
1144 4774
854 3866
559 3617
2367 4977
4008 4585
446 4305
2502 4205
3555 4560
1835 4431
4361 4697
4524 4790
3091 4361
1664 4693
1557 4853
888 2343
2636 4109
1958 4700
2233 3225
3842 4790
1112 4205
2718 4671
891 4392
1459 4791
4208 4750
1319 4791
1022 4365
2965 3470
124 3890
265 3534
1513 4373
1810 4952
2269 4854
1430 3268
1186 1955
3854 4431
3840 4735
3027 4109
4895 4952
4793 4822
1116 4819
1459 4949
2476 2499
3302 3346
3926 4205
2391 4043
342 1841
2827 4329
3893 4513
2537 2985
3662 4326
981 4201
4317 4353
4216 4716
4254 4807
1832 3418
1110 4693
1842 4340
1611 3216
1976 4074
2279 3977
2062 4106
191 4744
3507 4661
865 3468
4259 4706
2528 3054
2965 4060
3375 4480
2038 4560
2827 2849
2269 4868
1005 4202
4505 4892
4472 4532
1269 4750
1319 2484
4455 4814
3507 4819
780 4647
4177 4641
2217 4791
2450 3642
2286 2970
3216 4661
2182 4664
3198 4560
3683 3814
173 3294
4719 4814
2296 3840
551 2882
693 4664
605 4774
880 4006
1211 4608
1912 4392
2970 4025
1233 4988
303 1557
3311 4608
3606 4431
3010 3905
4647 4952
2908 4706
3004 3892
218 4849
2418 4361
2753 4647
4075 4917
2062 4034
173 3946
4474 4774
1221 4424
3512 4329
780 4687
1931 3978
2391 4190
2565 4741
347 4697
3865 4025
1310 4854
3311 4907
2663 4048
780 4830
4208 4565
1461 4683
3692 4048
2877 4868
3481 3560
1272 4778
2915 4814
2075 4477
2666 2887
3280 4190
4017 4735
3602 4647
517 4601
3085 4561
230 3554
1512 4829
2131 4601
666 2730
3289 3797
674 4891
1120 4988
4395 4647
2236 4849
4455 4719
1279 3186
1440 4664
2594 2795
1835 4736
53 4479
4164 4181
3030 3978
3438 4264
4096 4866
1910 1918
4706 4890
930 3529
2418 4697
314 4829
1367 3030
1182 4663
2148 4868
1807 4353
2762 4462
3022 4021
2983 4060
237 4297
1782 4892
2898 4190
3946 4480
4070 4716
3361 4340
2684 4472
4272 4365
4455 4631
1807 4534
3512 4104
3387 4334
1743 4830
2446 2450
1653 4034
2350 4047
2481 4505
4811 4974
3560 3686
2659 3771
3560 4302
4641 4917
2887 4443
3302 4085
382 4956
808 4211
1087 4216
3470 4462
2220 3715
1430 2814
678 3844
1350 2369
1808 4104
1221 4664
2319 4683
1782 2802
1958 4802
1928 4988
3283 4717
2978 3470
3487 4853
1329 4849
80 4839
889 4060
2388 3182
4488 4790
2286 2450
3804 4822
2978 3553
1291 4631
2350 3905
3326 3946
2062 4303
385 3529
3027 3107
527 4201
3132 4654
1337 3542
1120 4034
1964 4598
2873 3030
3523 4814
3144 4302
3551 3978
3507 4585
1059 3244
3554 3780
3346 4697
3662 4074
3714 3977
124 4791
4262 4513
2528 2541
4671 4687
1249 4687
4060 4462
3842 4354
1810 4895
4354 4804
2908 3697
3225 3377
158 949
786 1849
3106 3745
4230 4952
1116 4952
2185 3834
3683 4389
322 4477
984 4531
4778 4895
2821 4037
4854 4952
2547 4647
336 4791
1527 4514
3662 4891
4706 4717
780 4868
1652 4905
1191 4977
163 4890
3107 4814
3144 4164
2279 3348
2993 4370
3487 4513
2130 2390
1975 4671
1288 4671
2502 3797
209 3267
2045 4919
2956 4644
3606 4829
4644 4793
543 4468
2158 4905
1672 4741
2876 3225
1249 4479
2638 3926
2659 4664
1089 4216
4774 4811
1976 4272
1697 3438
3368 4693
1518 4230
234 4687
3617 3890
4177 4735
1165 3529
1861 4988
4026 4230
1337 4400
1584 4075
3759 3800
412 2814
2451 4819
3834 4334
4198 4779
518 4572
4002 4392
651 4060
3071 4717
1101 4744
3319 3642
1234 4181
2389 2898
672 4034
872 4047
3438 4779
1778 4332
3707 4312
1835 4034
1303 4759
976 4791
637 3403
1489 4513
4716 4741
4017 4209
3534 3901
3625 4891
904 4109
2813 4488
4853 4919
3723 4259
2451 4133
843 4096
2541 4006
2184 4605
2900 4198
1971 4205
1222 4305
4479 4608
1851 4477
2339 3010
3022 4202
257 4822
4472 4477
4075 4254
3216 4585
1165 3748
1807 4181
3346 4302
796 4854
2343 3525
1445 4890
2822 3554
382 4517
3043 4477
3642 4716
687 4305
2887 4814
3756 4303
4395 4895
241 4736
2770 4974
2184 4778
2849 3503
209 4002
1112 4601
2393 4891
132 3481
737 3625
1928 1981
1191 4892
1101 4905
4802 4814
4524 4534
919 4793
3880 4974
4008 4472
2872 4839
3238 4413
3686 4939
4759 4811
3534 4370
4819 4977
4037 4505
1813 1861
4297 4644
4647 4778
2702 4995
4133 4892
2357 4647
2003 3956
3613 4720
3040 3905
3523 4866
3892 4631
3294 3375
2005 4480
2495 3470
439 3880
3865 4198
864 3692
1619 4354
1489 4697
3577 4513
3435 4917
385 4778
4641 4700
1513 3352
706 3854
3697 3921
3352 4531
4395 4830
512 3956
3333 3686
4661 4892
3368 3840
4581 4839
3642 4892
4096 4455
2276 2477
2573 4070
865 3859
3923 4598
3780 4117
2964 3602
3892 4719
2153 4109
796 4895
3400 3704
3814 4395
2541 4644
2964 4895
2950 4480
115 4741
1917 4471
3091 4332
1434 3626
1069 3348
4656 4664
3242 3487
369 4488
3397 4644
2958 4670
3666 4664
2140 4956
4373 4706
452 4400
3890 4839
2262 4106
4190 4807
1163 3443
936 3567
158 4198
4479 4671
660 3767
2343 3246
2877 4647
2368 4302
4109 4601
1292 3430
1508 3054
2943 4977
4534 4942
716 3326
1482 2266
2342 4822
3216 4819
230 3215
322 4892
3941 4208
822 3436
3890 4581
2663 4807
2918 4608
2814 3926
1955 4008
1291 4791
2813 4524
3400 4670
4424 4744
2882 3244
4616 4849
452 4415
322 3569
2909 3387
96 4353
2184 4654
905 3707
2540 4890
2677 2876
1964 4025
2802 3834
4472 4505
1508 4793
2153 2846
918 3626
3814 4389
3924 4272
3555 4216
2638 4028
4305 4517
4181 4474
439 4849
2075 4661
2148 4744
2367 4819
2477 4601
1380 3662
3683 4830
4572 4598
1596 4853
3248 4608
808 4605
2234 4811
3503 4201
3027 4384
1772 1871
4488 4524
517 4742
3892 4866
2222 4205
3046 3198
4647 4868
4209 4259
3866 4804
1139 4854
3020 4509
2821 4956
2239 4811
1653 4956
2877 4778
1320 1555
3638 4028
128 3613
129 2526
678 3248
4303 4431
3434 4907
154 4608
115 3642
2368 3384
2140 4905
1110 1445
3797 3977
2730 3189
3178 4750
4608 4671
4647 4854
4208 4839
880 3334
4104 4312
2269 3602
3244 3982
3249 4807
192 3054
314 4413
1918 2388
2281 3267
2813 4181
3107 4631
3880 3946
3007 3244
1558 4585
700 2235
3519 4793
1895 4509
1932 4329
2208 2237
336 4839
2535 4334
543 4829
1895 3893
4406 4791
4341 4919
3242 3443
2038 4880
2970 4380
3384 3481
2186 4952
1458 3613
616 4424
3642 4741
4532 4892
231 4561
1558 4988
2159 4974
1446 4047
2418 4939
2038 4117
3348 3671
4750 4977
2684 4977
4043 4075
228 4424
4631 4700
4793 4895
2856 4939
2031 4853
3866 4822
1890 4116
453 4750
4272 4854
4468 4829
2887 3429
2594 4793
1115 4700
865 2498
384 4341
936 4205
2308 4201
854 3382
1163 4517
2845 4254
4043 4735
4201 4340
2262 4431
3361 3503
1252 4952
2265 3797
2918 4209
977 4443
3734 4917
3438 4598
3767 3865
375 4211
254 2369
1069 3692
2526 4047
4096 4700
930 4905
571 4949
592 4995
3560 4939
1697 4561
2477 4720
154 4002
4365 4891
4790 4974
4006 4793
3569 4995
4008 4819
215 4577
2000 4462
3797 4305
936 4890
4455 4866
2351 2636
3642 4216
2009 4560
2281 3840
2573 4716
855 4220
457 4021
2164 2495
2484 4949
1652 2849
2069 4413
660 4779
3020 3443
3361 4104
4202 4341
1778 4939
1005 4853
1269 4468
2917 4202
1555 3686
4531 4890
1851 4819
1652 4395
2339 4373
2286 4716
3216 4505
81 4717
1440 3843
3662 4706
3046 3503
524 4598
3769 4616
2547 4008
2876 3921
3708 4190
4413 4616
2528 4793
2872 4070
3144 4939
4181 4534
4472 4977
2368 3686
3294 4849
4133 4505
3387 4708
1912 4002
2638 4736
3043 4977
3326 4731
686 4380
3715 4312
873 4942
2369 3030
3403 4708
1570 1695
384 2862
3182 4577
1185 3859
3587 4028
3436 3454
1813 2413
2822 4880
1832 3715
1329 4233
3769 3890
1778 4302
2964 4395
4034 4106
4104 4340
3117 3377
389 4956
3468 3926
2319 4305
1005 4513
3554 4880
2069 4431
786 3523
1021 3368
1975 4017
518 4779
427 4892
2499 4395
4406 4581
1994 4719
41 592
3004 4814
2323 3382
3438 3767
1558 1813
389 4259
1931 3626
737 3683
2909 4477
1339 4216
2696 4641
2892 3642
3117 3225
3519 4531
2734 4472
4164 4302
3897 4839
2153 4720
3844 4471
1071 4008
3994 4849
1856 3587
2892 4919
559 976
559 4791
1310 2965
854 4822
2481 4585
3901 4254
105 4744
1596 4919
3534 4807
4400 4406
192 4297
1807 4804
1981 4988
4735 4807
3897 4581
2140 4424
3280 4641
4177 4917
2659 3666
3334 4793
218 4811
1174 4839
231 3978
2101 4075
3429 4719
4202 4919
4202 4480
4565 4839
2905 4598
2075 3043
2706 4631
1443 4802
716 4731
2918 4479
4008 4532
2813 4790
1813 4741
4654 4661
1871 4361
1546 4096
984 2923
3890 4565
1186 3866
1367 4517
1164 2958
3780 4814
2319 3978
2499 3529
577 2535
1461 4305
4211 4759
2528 4822
2836 3418
4472 4819
2958 3525
228 4744
3007 3182
981 4471
819 4164
19 2565
785 4735
571 4839
2269 4395
3924 4074
3043 4892
3487 4919
4104 4329
1905 4974
1578 4735
3430 4509
1303 4849
2182 2709
495 651
1501 4866
1598 4272
3481 4302
3797 4517
3626 3714
4115 4370
799 4413
817 4819
657 4297
1958 4455
2446 4741
1782 3707
2402 4116
1459 3941
2368 4332
2993 4917
4331 4736
3843 4905
615 4560
4514 4717
592 3289
420 2388
3246 4392
3854 4413
375 3748
1918 2412
817 4008
2393 4074
1310 2958
1739 4392
265 4917
2706 4303
3260 4700
1855 3567
2659 4744
3368 3400
1434 4683
478 4517
3215 4905
594 3007
3382 3814
4683 4750
3020 4341
3617 4565
3302 4361
3043 4505
4302 4939
4413 4956
4488 4942
4220 4560
4560 4779
4608 4687
2235 2957
1518 4577
1855 3638
1842 4373
1222 4517
2718 4070
4389 4830
1115 4631
2266 4814
4656 4741
2286 4741
1174 4406
1249 4471
2031 3614
3542 4400
1222 3797
4774 4804
1855 3348
640 3294
1769 4774
132 4939
904 4601
1527 4531
4060 4735
427 4977
2005 2234
2481 4819
527 4340
2357 4854
1890 4341
4708 4741
2069 4829
1672 2836
882 4839
1182 4778
2279 4048
2350 4890
2388 4230
2185 3525
3994 4198
1598 4365
4488 4804
1469 4849
2547 4895
3443 3487
115 4988
3091 4208
2077 3071
2185 3715
2393 4326
3375 3946
1835 4829
640 4849
342 4804
1871 3814
2412 3007
2502 3671
2822 3555
314 4625
2148 4952
3010 4514
3040 4305
2278 4209
3046 4977
3238 3606
2706 4468
4025 4264
2753 3842
2802 3107
2638 4048
2964 3382
3246 4517
4230 4488
1841 4317
4341 4373
1222 3978
2078 4605
119 4329
2734 3692
2376 4531
2450 4988
3941 4565
808 4956
3560 4774
2547 4778
3638 4736
855 4575
2447 4919
700 3248
2802 3333
2696 4096
2909 3626
439 4233
2220 4312
1512 4211
2266 4455
3941 4791
3926 4736
3022 4509
3946 4233
592 4305
701 4561
1513 4116
439 2993
4477 4819
3591 4230
3683 4778
1534 4919
3926 4048
3334 3518
2451 4472
1512 4956
4513 4647
1695 2851
3487 4021
2827 3436
4443 4700
218 3375
1598 4891
2905 4198
3897 4038
4133 4472
158 4779
3260 4866
1600 4779
3814 4663
2502 3638
738 4581
2278 4687
1971 4331
2905 4572
1513 4890
2082 4829
947 4905
3707 4334
215 4625
4717 4890
2882 4577
685 4742
1494 4708
2499 4895
2684 4661
577 637
1596 3020
314 4303
872 4717
4605 4829
1477 4272
2184 3756
984 4305
4190 4917
1584 4706
2376 3071
1337 2957
2390 4156
2770 3294
3745 3956
3977 4524
1538 2185
3435 4254
1808 4329
2350 3844
4854 4868
1304 3523
739 4272
3880 4731
1112 4384
2499 4868
3977 4750
785 3708
2003 4272
4181 4790
1453 4708
2872 2949
154 4671
616 4905
3666 4656
2836 4988
3260 4468
4317 4524
2762 4060
3567 4047
3897 4791
4164 4939
3400 3470
686 4561
1458 4109
2900 4025
3384 4115
1652 4995
3921 4742
2451 3216
4006 4297
949 4572
3040 4531
1339 4716
809 4220
908 3800
4384 4395
2795 3745
3734 4807
4332 4939
2238 3763
2402 3800
4854 4895
1174 4565
2709 3923
1233 4741
3854 4956
2594 4297
2206 4814
4043 4254
930 4778
2659 4424
3429 4814
1461 3978
3238 4303
230 4560
4190 4472
4085 4115
1281 4354
3671 3859
1743 4854
4839 4949
96 4942
4021 4513
3880 4480
2651 4262
594 4026
2535 4708
3767 4002
1446 4866
1724 2464
3602 4895
96 4488
854 4793
2342 4006
4179 4839
1234 4974
1672 2069
2208 2802
3216 4802
4181 4354
2718 4988
3454 4572
241 3671
2357 4779
3246 4706
2983 3400
3375 4849
4038 4179
2131 4575
3030 3289
2426 3982
3030 3714
4641 4735
1695 1808
2547 4952
4164 4332
1863 3519
3606 4956
1380 3924
3692 3926
1871 4332
808 4814
3924 4365
2308 4572
2909 3591
1496 2802
3434 4209
3591 3834
2762 2983
442 2909
1664 4211
2077 2666
2208 4312
3438 4697
875 4317
124 4565
1191 4819
1619 3842
2031 4513
3567 4736
3842 4942
1110 3840
1165 4373
908 4341
3248 4671
3392 4047
2412 4026
4074 4272
3507 4654
2813 4534
3569 4664
819 4332
1964 3421
2038 4575
4038 4581
2498 4048
4096 4443
3512 4317
2220 3707
1851 4661
1469 3326
2266 4631
2339 4717
2235 3225
2636 4384
3800 4890
2753 4804
4341 4514
3956 4074
2477 3613
3529 4868
976 3897
1492 2418
2034 4661
843 2233
4177 4654
2915 4802
1570 4531
2993 4807
2222 3859
613 3921
1895 3430
2978 4670
3470 4670
1021 4693
3071 4890
1287 1337
2821 3854
3591 4312
3084 4561
369 4524
1163 4974
2393 3924
2958 2965
487 854
3310 3924
1971 3348
3625 4389
2266 4719
4085 4697
4034 4829
143 4663
819 3302
2659 4995
2950 4811
3503 4340
4505 4977
1329 4811
3769 4179
2206 4616
4513 4891
1164 3704
1861 3923
2846 3606
3591 4708
3534 4917
3319 4716
4075 4370
1415 4509
2296 4693
2148 4830
4181 4524
1221 4905
3901 4807
3010 3283
458 3748
1534 4853
2342 3334
3084 3438
4354 4572
4671 4804
1120 2413
2003 4891
2753 4942
4380 4598
2182 4995
3434 4687
2684 4719
535 3756
2770 3880
4264 4561
2638 3671
2822 4560
4074 4735
3132 3890
4601 4720
2464 2965
2950 3946
3260 4956
2233 4524
3780 4560
4017 4479
2082 3756
3382 4395
1238 3708
1863 4822
2978 4462
3771 4424
4389 4663
2234 3375
2877 3814
2342 4297
1105 4531
1769 4942
1461 3797
2908 3614
1453 3387
303 4907
1503 3606
3977 4683
1912 4802
1534 2917
674 3106
2148 4895
3769 4406
3734 4254
2943 4700
4443 4631
3708 4043
642 4744
2078 3734
3326 4811
2651 4202
486 4664
3268 3926
3283 3392
2341 4028
3780 4575
3387 3715
2279 2281
1810 4854
228 4905
2923 4683
3771 4340
600 4988
2391 4177
1725 4532
2709 3421
241 4895
2900 4380
1238 3901
1882 3921
2130 2706
4008 4892
2573 2836
4370 4917
4373 4807
4177 4625
3302 3333
4731 4829
855 3198
2502 3977
919 4880
872 2402
4663 4778
2186 4647
4791 4854
2556 4892
2266 4866
1600 4198
2659 4905
2484 4038
3551 3554
4415 4802
2239 4670
3714 4750
3091 4939
3132 4472
2446 4988
3225 4400
4474 4790
52 257
2684 4585
3310 4365
3030 4750
3382 4389
3238 4468
3418 4988
3454 4104
3843 4744
3982 4026
3814 4854
215 3244
4380 4524
3542 4373
4829 4956
4778 4830
3518 4297
1619 4804
1269 4616
2276 4720
3382 3602
2350 3759
919 3866
1194 2368
4106 4956
3107 4802
4474 4942
4259 4608
1329 2845
1505 2350
218 3561
1835 4605
382 4156
1087 4854
2000 2357
1471 4759
2666 4631
1440 4995
3529 4952
1832 4741
657 4644
910 4598
2031 4625
2159 4534
2451 4585
4233 4731
4471 4671
2390 3756
4259 4907
4477 4661
2447 4262
4156 4303
4070 4216
716 4811
1421 1513
2993 4177
402 3638
1174 2872
132 1320
1443 3892
4471 4488
2262 3854
3734 4370
4605 4759
3956 4326
3613 4601
4106 4822
173 2005
3982 4477
242 4384
2845 4177
3310 4074
2206 4719
3587 3692
3769 4208
2265 4370
4656 4744
237 3397
1725 4661
3481 4697
1958 3523
2970 4264
3387 3591
4608 4907
2918 4471
1112 4866
1287 3542
4317 4804
2158 4759
3189 4205
713 4332
2565 4616
2341 3268
3602 4854
1453 4312
2535 3834
2666 4455
3844 4687
1905 4353
1975 4471
4156 4616
1005 4380
4431 4605
1538 3941
977 4814
2081 4116
3671 4048
3392 3759
1430 4598
402 4581
2236 4759
3892 4415
4021 4919
685 3697
3144 3859
981 4479
1249 2278
3994 4811
908 1527
2801 3387
3602 4395
4717 4917
1825 4949
3626 4517
2651 4513
2900 3769
3569 4905
1515 4830
2140 4656
2908 4400
1139 4647
2000 4670
3859 3977
4778 4868
985 2233
3215 3666
2222 2734
2339 4890
1782 2730
2319 4517
3923 4779
4354 4974
385 4854
3326 4480
4021 4028
2266 4700
1354 4601
4074 4891
3880 4849
3734 4641
3771 4905
2389 4370
2391 4807
1272 3956
3834 4117
3518 3866
3946 4811
347 4302
3561 4853
2368 4115
2537 3030
3714 4683
1415 3577
3132 4661
3397 3763
1034 2388
1304 4631
2484 3890
2547 4663
2958 2978
3842 4804
908 2376
1367 3289
3842 4474
2663 3189
3280 4735
1871 4697
453 4305
559 3723
2957 3921
3046 3554
3625 3723
4647 4830
3577 3893
1855 4736
3319 4216
1252 4779
2970 4697
1538 2237
2182 4905
2905 4561
4744 4905
2651 4341
3238 4956
3054 4793
4117 4220
4233 4759
3560 4115
1458 3027
1975 3311
3734 3901
4038 4791
1596 4262
241 3268
4616 4687
3798 3843
2234 4974
2484 3897
687 1367
1303 4895
2908 3377
3429 4415
4524 4974
1329 4480
3844 4209
1882 2908
1350 4949
2943 4719
3267 3368
3554 3555
2636 3613
2898 4735
2917 4513
3435 4370
3436 4201
4354 4774
3046 4025
382 1503
1461 4517
875 4942
4208 4949
4017 4026
2821 4156
3523 4443
1440 3771
1955 4793
1890 4373
382 4413
3144 4115
62 3178
3215 4424
3625 4830
2262 4829
2958 4661
4211 4468
2677 3117
2182 4744
600 4741
2222 2279
1558 4741
1673 3242
2970 4561
4201 4575
4683 4687
3642 3756
1905 4804
1912 3368
642 3763
452 4006
1304 4455
2103 4741
2949 4208
593 4317
3708 4254
4034 4211
3046 4575
2684 4008
3438 4198
3683 4895
854 4297
4317 4332
3377 3382
3190 4424
660 3923
4262 4919
2949 4406
4037 4892
737 4395
1415 4919
3107 4443
3438 4561
3865 4779
1515 4868
2265 4190
2376 3040
1596 3561
3043 4532
738 4791
1269 4211
4641 4866
1955 4822
2481 4892
1976 4326
2357 4663
2339 4116
1501 4096
3800 4047
2985 3626
1782 4708
3798 4115
1863 1989
4181 4804
3403 3707
4524 4804
1310 4670
1331 4106
3683 4868
1994 4700
3923 4264
4395 4868
4075 4190
2131 4560
864 1069
3470 3704
237 1584
4115 4302
4133 4819
3333 4697
4179 4406
786 2706
657 3866
1469 4974
4198 4598
1932 4572
613 3614
2048 4917
3519 4644
1272 4891
41 4700
2666 4719
2702 3771
3734 4804
936 4028
3555 4880
234 4608
1928 4070
2677 3921
678 4431
1124 4190
1928 4741
2233 3542
2762 3400
2081 3800
2923 3178
4719 4791
4353 4474
4264 4598
2802 4334
1430 3567
143 4778
1619 4942
2307 4341
4472 4654
2368 4939
2075 4977
2862 4890
637 2296
1611 4661
3921 4400
3759 4890
2376 2393
4179 4415
4697 4939
1489 4262
4259 4471
1234 1518
3106 3956
3551 4305
4017 4259
2964 3625
1087 4663
1233 4716
41 4415
3542 4742
1027 1863
2495 4670
1264 1912
4326 4365
4471 4687
1221 4744
4205 4736
191 4988
3686 4361
716 3361
1303 3071
3617 3769
1303 4811
3639 4822
4181 4353
4424 4905
2357 4778
1672 4220
2709 4779
3708 4807
2308 4340
3225 3542
1320 1903
3639 3696
3403 4811
1578 4807
948 4354
347 4115
1653 2184
2175 3697
1114 3007
1380 4365
3043 4661
3084 4198
889 4462
3352 4047
1808 3503
2426 4625
4312 4334
4384 4720
342 4736
3577 4202
4181 4974
342 4942
110 4716
3198 4880
1494 2237
1842 4201
562 4693
1611 4505
2009 3555
4354 4474
4413 4829
4380 4779
2684 4892
1808 4605
2077 3392
2265 4807
4317 4534
3242 4853
2323 4716
3190 4744
949 3696
1964 4779
4326 4891
2222 3638
2985 4719
3723 4616
3248 4259
1739 3267
3756 3763
4509 4853
1186 3639
2846 4956
3091 3384
3091 4697
4353 4774
600 1120
1778 2078
3242 3561
1069 4331
3443 3893
3569 3666
918 4793
3639 4644
3859 4700
524 4942
1842 3512
4116 4514
2447 4341
3249 4043
1445 4717
1673 4919
2985 3178
3780 4880
1841 4790
1538 4312
3569 4656
2950 3375
2801 4708
2541 4822
3004 3429
4233 4480
2341 2730
891 3246
3767 4779
864 3468
254 2923
919 1955
1835 4759
1871 4939
843 4443
891 1739
2140 2158
369 4474
2535 3403
2791 4683
3189 4048
3397 4822
4209 4687
2943 4892
3430 3561
3244 4577
1194 3748
2319 2388
2279 2663
4096 4209
2827 3361
949 4198
2103 4716
3246 3267
3454 3503
3294 4480
3626 4683
4317 4488
1981 2718
2103 2836
3560 4361
888 3244
2909 4708
3692 4028
3387 3834
1185 3468
478 4750
2009 4575
2010 3994
2208 4334
1989 2983
4262 4853
3519 4822
4468 4956
2856 3346
600 3319
2862 4373
2814 3859
4406 4949
672 4988
2856 4697
3430 3443
3617 4406
4233 4974
1489 4202
215 1910
1287 4742
3010 4373
1527 3554
3178 3797
910 4474
303 4616
1264 4693
1673 2827
1958 4866
3020 4395
2038 4220
3377 3542
4017 4471
242 2477
4353 4534
2034 4505
3534 4254
3671 4028
4656 4905
3249 4190
3892 4641
2900 4779
4329 4572
3144 4361
80 4406
4700 4719
2389 4735
2239 3704
1512 2706
1849 4641
2296 4002
2537 4305
3666 4905
4302 4361
2266 2476
2770 4759
62 4750
2062 4211
96 813
2876 3542
3190 4272
53 4259
2235 4400
3708 4917
4577 4625
2801 3715
593 4534
1287 4400
2898 4774
3443 3769
651 3704
2495 3715
2702 4905
3525 3553
486 4656
1272 4074
1856 2498
3377 3697
3866 4793
254 4577
420 4230
2753 4524
687 2873
2845 4190
4209 4479
588 3551
2985 4683
3190 4585
2236 4480
2917 4919
888 4693
2388 3982
2849 4340
2905 4380
3182 4759
2918 3844
1304 1459
1546 2206
3421 4230
3503 3512
3994 4974
4480 4731
880 4297
4233 4802
4380 4572
3294 3880
2034 4892
3745 4074
672 1917
1339 4988
1600 3421
3020 3561
3842 4317
1664 3840
1292 2651
2851 4717
875 4488
3260 4413
3923 4561
2034 2481
4892 4995
209 1570
1434 4517
2367 4472
2702 3215
4096 4415
2958 4462
3525 3707
4443 4866
2003 3924
1600 4380
2709 3865
3840 4693
739 3956
4353 4942
511 3866
3004 4719
2418 4115
3800 4717
3084 4779
1185 2730
2702 4744
265 4807
936 3587
2339 4514
3534 4735
1477 1931
3617 4791
1415 4262
2238 4866
3294 4002
3642 4988
3767 4264
3310 4326
4585 4892
1505 2281
3020 3242
739 4891
1163 4262
4424 4995
2887 4096
1842 3436
3666 4995
4517 4683
2323 2446
2770 4849
3333 3384
265 3901
1369 4974
4047 4531
4670 4868
1743 4389
2432 4392
2821 4034
2964 3310
3302 4302
2182 4297
4043 4190
1976 4891
2856 4661
3613 3617
2048 3435
412 3348
1471 4663
965 4616
2357 4952
3352 4116
4373 4531
452 4455
2234 4731
2873 3551
3704 4060
4254 4468
543 2062
1165 3759
4259 4939
4804 4942
80 1174
1281 4104
1069 2663
2235 3921
3941 4949
486 3771
3523 4455
303 965
1182 4952
1538 4455
817 4133
2101 4917
2565 4720
2217 4949
4017 4608
4802 4917
1825 3763
4209 4854
4133 4661
527 4329
452 4866
1319 4406
2541 4297
965 2082
1252 4830
2547 4830
2005 4974
2389 3054
4664 4744
1489 1673
4575 4880
3333 3481
809 4560
2706 3238
2393 3310
4514 4706
2182 3569
2034 4532
4021 4853
3215 4995
2281 4392
1453 3834
2390 4431
2164 2983
1022 3626
716 4849
3190 4905
3555 4370
4731 4849
3434 4471
1555 4939
672 4156
2985 4750
3248 3941
126 3893
571 4565
4471 4907
3865 3923
4259 4671
1281 4329
4034 4303
2131 4117
4811 4849
3333 4939
3392 4531
3671 4471
3267 4693
1434 3178
4534 4774
2464 4670
3666 4424
2175 4853
1467 3804
4400 4742
809 4384
3178 4517
2845 4370
3804 4644
4807 4917
3198 3554
1336 4687
3617 4581
1469 4759
3443 3577
4415 4631
1971 4736
1989 4822
1664 4392
3468 3587
1482 4866
1869 4683
3054 4822
822 3512
2949 4581
3468 4474
686 2905
3507 4037
1989 3054
2368 3302
2801 4312
4317 4790
62 478
2851 3249
126 1415
369 4942
3569 3771
1513 4717
3046 3780
1415 4021
3569 4744
1724 4670
882 3769
4389 4868
4303 4468
4443 4641
785 4043
2000 3400
2140 3190
2164 4670
4181 4317
3626 3797
2993 3734
2862 3392
1288 4687
19 3585
32 3536
38 4954
41 4699
52 4533
53 4405
62 4076
80 4338
81 4858
105 3706
110 4593
115 4957
119 4549
124 4219
126 1209
128 3879
129 1627
132 2662
138 4636
143 4799
154 3803
158 4419
163 4915
173 4591
191 4279
192 4665
209 1484
215 4743
218 2763
228 3347
230 4552
231 371
234 4587
237 2431
241 4521
242 4433
254 2708
257 4023
265 4857
296 4420
303 3546
314 367
322 4941
336 4679
342 4885
347 4410
349 4817
369 2199
375 4691
382 386
384 2832
385 3789
389 4818
402 1154
412 4934
420 4042
427 3281
439 4781
365 442
446 3517
452 1305
453 4082
457 3938
458 4042
461 4526
478 1814
486 3366
487 4420
495 4980
511 4665
512 4732
517 4433
416 518
524 4366
527 2758
535 1162
543 3037
551 4502
559 4589
562 4768
571 4760
577 2014
588 3916
592 3129
593 4817
594 3961
600 3266
605 4954
613 3821
615 1924
616 2205
637 4039
109 640
642 4993
651 2111
657 4516
660 1417
666 1759
672 3265
674 4544
678 3857
685 3365
686 4987
687 4933
693 4806
700 4602
701 4660
706 4300
713 4751
716 3774
737 4879
738 4945
739 4657
780 4394
785 4300
786 4704
796 4713
799 3318
808 4715
574 809
813 4613
817 4766
819 4320
822 4666
843 4688
854 4686
855 3951
864 3867
865 4375
872 1588
619 873
875 3192
880 4308
882 4888
888 3108
889 4335
765 891
904 4821
818 905
908 2955
910 3918
918 3306
919 1548
930 1117
936 4366
947 4792
948 4314
949 4281
965 4563
976 1293
977 4516
631 981
984 4214
985 4366
1005 4568
1021 2807
1022 4187
1027 4999
1034 3695
1059 3104
1069 2511
862 1071
1087 4757
1089 2754
1101 1205
1105 4503
1110 3584
93 1112
1114 4924
1115 4906
1116 4624
1120 2885
1124 3461
1139 4797
1144 3528
271 1164
1165 4068
1174 3787
1182 3019
1185 3433
1186 4546
1191 4914
1194 3521
1211 3597
1221 2688
1222 1747
1233 4981
1234 4874
1238 4761
1249 4538
1252 4940
1264 4579
1269 4882
1102 1272
358 1279
1281 4059
835 1287
1288 3459
1141 1291
1292 4991
1299 3618
1303 2668
1304 4666
1310 4639
1319 3954
1320 4971
1329 2053
1220 1331
1336 2777
1337 2064
1339 4946
1350 4110
1354 3909
1367 1646
1369 2180
1380 3316
1415 4438
1421 2998
1430 4617
1434 3499
1440 4798
1443 3644
477 1445
1446 4766
1453 3284
1458 2302
1459 4958
300 1461
1467 2719
1469 4383
1471 4873
1477 4965
1482 3711
1489 2914
1492 3101
1494 3703
1496 4063
1501 3137
1503 3716
1505 4889
1508 3809
1512 4044
1513 2168
1515 2187
1518 2425
1527 4529
1534 4352
1538 2995
1546 4959
1314 1555
1557 4985
1558 3793
1570 3969
1578 4287
1584 4922
1596 1812
1598 4520
1600 3841
1611 4874
1619 3635
1652 2189
1653 4992
1664 4969
1672 4703
1673 2150
1695 4476
1697 4580
1724 4503
1725 4567
1739 3331
698 1743
1769 4557
1772 2670
1778 4409
1782 3486
1807 4095
1808 4699
1810 4857
1813 4945
1825 4809
1832 4280
1835 4789
1841 3398
733 1842
1849 4519
1851 2215
1855 4516
1856 4665
1861 4820
1340 1863
1869 4806
1871 3593
1254 1882
1890 3466
1895 4772
1055 1901
1903 4539
1905 4536
1910 4997
1912 3779
1640 1917
1918 4515
1928 4743
1400 1931
1932 3972
1955 2926
345 1958
1964 4902
1971 4226
1975 2589
1976 4439
1979 4997
1981 3950
1989 3700
1994 2597
2000 4348
2003 2720
2005 4754
2009 3018
653 2010
435 2031
2034 4453
2038 4441
2040 4382
2045 4915
2048 4958
2062 3102
2069 2071
2075 4976
2077 4309
2078 4884
2081 3073
2082 4964
2101 4062
2103 4512
2130 4339
2131 4500
2140 4478
2148 3680
2093 2153
2158 3821
2159 4769
2164 3210
2175 3097
2182 4752
2184 2539
2185 4921
2186 4319
2206 3918
2208 3070
2217 3685
2220 4899
86 2222
2233 4998
2234 2768
2083 2235
2236 2756
1013 2237
2238 3739
2239 4245
2262 3474
2265 4118
2266 2790
2269 4933
2276 4433
2151 2278
2279 4510
2281 4676
2286 2979
2296 4270
2307 3809
1886 2308
2319 4758
2323 3760
2339 4898
2341 3508
2342 4787
2343 4815
89 2350
2351 3975
2357 2982
2248 2367
2368 2604
5 2369
820 2376
2388 2758
1965 2389
2390 3388
2391 4484
997 2393
2402 4810
2408 2412
2413 4776
617 2418
2426 2616
2432 4934
261 2446
2447 4410
2450 2579
2364 2451
2464 3381
2476 4768
2477 2480
1340 2481
2484 4315
2495 4763
2498 4095
2499 3278
2502 3693
2526 4900
2528 4484
2535 4841
1698 2537
2540 4874
2541 3347
2547 4680
2556 3024
2565 4886
2573 4986
2594 3846
2628 4901
1048 2636
2638 2816
856 2651
2659 4629
2373 2663
2666 3911
2677 4959
2684 4911
2696 3422
2702 4785
2706 2850
2709 3790
2718 4294
2730 3836
2734 3706
2753 3393
2762 4732
1883 2770
2791 3247
2013 2795
2801 3131
2802 2999
2813 4938
2204 2814
2821 4345
2822 2885
2827 3967
1227 2836
1969 2845
941 2846
2849 3393
2851 4831
200 2856
2862 4397
2872 3129
2873 4655
2771 2876
2877 2881
2882 4755
2887 4970
2892 4848
2898 3545
2900 4492
2905 4556
2908 3541
2909 4612
2915 3676
2917 4732
2371 2918
2046 2923
2943 4114
2224 2949
663 2950
2956 3678
2957 4738
1898 2958
539 2964
2965 4600
1498 2970
2978 4823
2983 3995
556 2985
2993 4610
624 3004
2124 3007
3010 3017
3020 4486
3022 4222
3027 4984
2861 3030
3040 4402
3043 4186
3046 4192
3054 4283
3071 4659
1290 3084
1798 3085
2324 3091
3106 4544
3107 3970
3117 3987
3132 4452
3144 4606
3178 3179
3182 3739
3186 4667
3116 3189
1648 3190
3198 3527
1950 3215
3216 3640
3225 3793
3238 4862
3130 3242
3244 4398
3246 4850
1088 3248
3249 3657
2986 3260
3267 4659
3268 3661
3280 4725
71 3283
3289 4069
3294 4486
434 3302
3295 3310
3308 3311
1349 3319
1840 3326
3333 3621
3334 4766
3346 4385
3348 4680
3290 3352
3361 3753
3110 3368
3375 3632
3322 3377
3382 4410
694 3384
578 3387
3376 3392
2858 3397
3400 4676
3403 3636
3418 4635
3421 4964
3429 4831
3430 4800
3434 4595
3435 4555
2847 3436
3438 3455
3443 4699
3454 3698
3456 4999
3468 4962
3470 3742
3481 4051
2411 3487
3503 3963
850 3507
2860 3512
381 3518
3519 4724
1123 3523
94 3525
3529 4966
3534 3879
1952 3542
2596 3551
3114 3553
3554 4243
13 3555
3560 4764
3111 3561
1957 3567
3247 3569
3577 3584
3587 4466
3591 4042
3480 3602
2700 3606
3613 4732
3245 3614
488 3617
823 3625
812 3626
3638 3823
3639 4989
3642 4805
2632 3662
3666 4574
3671 4102
3683 4876
3686 4937
829 3692
1762 3696
3697 3885
3704 3991
3707 4193
1641 3708
2826 3714
3715 4928
3723 4618
3734 3764
3745 4684
3748 4925
1343 3756
3759 4961
47 3763
3767 3871
3599 3769
2787 3771
3328 3780
560 3797
3432 3798
1509 3800
3804 4280
3149 3814
3834 4710
3840 4295
3842 4079
3643 3843
3844 4007
3110 3854
2311 3859
282 3865
381 3866
3880 4483
3111 3890
3892 4082
3893 4049
3074 3897
3901 4076
3905 4696
3921 4080
3923 3989
1906 3924
3926 4816
3941 4446
3946 4646
3956 4685
3867 3977
3978 4281
3982 4076
3181 3994
4002 4906
4006 4816
3850 4008
3404 4017
4021 4922
3092 4025
4026 4898
4028 4035
4034 4945
4037 4863
4038 4040
515 4043
383 4047
2695 4048
4060 4972
3774 4070
4074 4665
4075 4970
413 4085
4096 4615
2816 4104
3545 4106
806 4109
4100 4115
4105 4116
3823 4117
3203 4133
3541 4156
3473 4164
4177 4547
4179 4840
746 4181
4190 4442
546 4198
4044 4201
3276 4202
3776 4205
2838 4208
3944 4209
3640 4211
916 4216
4191 4220
4230 4425
4233 4896
3066 4254
4259 4966
1547 4262
1756 4264
2767 4272
4297 4304
1196 4302
4303 4875
3145 4305
4110 4312
1576 4317
3075 4326
121 4329
2467 4331
4332 4440
1844 4334
4340 4921
1199 4341
1514 4353
4354 4421
3447 4361
607 4365
3922 4370
2934 4373
3987 4380
2170 4384
84 4389
3719 4392
1862 4395
2251 4400
4337 4406
4323 4413
1357 4415
3017 4424
3064 4431
3833 4443
2861 4455
708 4462
4468 4653
3877 4471
3016 4472
3110 4474
225 4477
139 4479
3712 4480
4488 4979
4505 4938
1404 4509
4316 4513
3264 4514
4517 4857
2452 4524
4531 4875
4064 4532
3476 4534
1973 4560
4439 4561
3637 4565
353 4572
1379 4575
3731 4577
3200 4581
2897 4585
1256 4598
923 4601
3925 4605
4608 4855
4308 4616
3883 4625
4631 4903
2271 4641
2843 4644
4645 4647
3281 4654
2090 4656
4293 4661
4663 4872
2442 4664
4670 4845
4671 4682
4683 4894
2356 4687
4684 4693
1479 4697
4700 4954
1113 4706
801 4708
4456 4716
4717 4998
4719 4877
2471 4720
2458 4731
654 4735
3719 4736
633 4741
2763 4742
4744 4836
1777 4750
3728 4759
3552 4774
4475 4778
3802 4779
1950 4790
2411 4791
4024 4793
3174 4802
4368 4804
1109 4807
2531 4811
4430 4814
1298 4819
3162 4822
1085 4829
317 4830
4839 4844
1517 4849
2833 4853
4138 4854
4846 4866
4850 4868
3710 4880
4789 4890
3909 4891
449 4892
1119 4895
2145 4905
4432 4907
1587 4917
1625 4919
694 4939
1818 4942
4161 4949
1042 4952
4680 4956
824 4974
4789 4977
2963 4988
4108 4995
19 4275
32 2558
38 1977
52 3846
53 3818
81 4295
105 4494
110 2355
115 4588
119 4937
124 4282
126 4870
128 663
129 4421
132 3089
138 4450
143 4054
158 4856
163 4083
173 4597
191 3576
192 4678
209 2973
215 4023
241 4642
242 4948
254 2928
265 3219
296 4931
322 2582
336 2750
342 3256
347 4638
349 4979
369 4492
375 994
382 4850
384 4809
385 3788
402 3719
412 4926
420 4238
427 2669
439 4548
442 4842
446 4908
453 3078
457 4596
458 3742
461 2442
486 4234
487 3943
495 4603
511 4444
512 1548
518 4906
527 4869
535 4896
543 4845
551 4770
559 2819
562 2765
571 4863
577 4937
588 3891
594 3705
600 3405
605 2660
613 4852
615 1198
616 4294
637 4815
640 4108
642 4766
651 3475
657 4247
660 4627
666 1409
672 3380
674 4386
685 2704
686 4773
687 4171
249 693
700 4983
706 4147
713 4824
737 3669
738 4984
739 4874
785 4996
786 3274
796 1037
799 4729
808 4161
813 4077
817 4089
819 4681
822 3113
843 4852
855 4049
864 4301
865 4335
872 4678
873 4805
880 4856
882 3681
889 3705
891 2200
904 3579
908 2134
910 4728
918 4168
919 3983
930 4850
936 3914
947 4878
948 4900
949 2510
965 4994
976 2486
720 977
981 3014
984 4909
985 4727
1021 2181
1022 4555
1027 4767
387 1034
1059 4527
1069 3181
1071 4796
489 1087
1089 4563
1101 4946
1105 4296
1110 3548
1112 1879
1114 2046
1115 4923
1116 2858
1120 4813
1139 4872
1144 4311
1164 4800
1165 2264
1174 4128
1182 4482
1185 4583
1191 4414
1194 4528
1211 4979
1221 4935
1222 4501
1233 4848
1238 2293
1249 1704
1252 4290
1264 2990
1269 3672
1272 4967
1279 1426
836 1281
1287 4825
1292 3072
1299 4456
1304 3442
1310 3918
1319 4899
1320 3601
1329 4902
1331 4862
1336 2620
1337 4356
1339 3496
1350 4102
1354 3500
1367 3916
1369 4602
1380 4579
1415 2383
1421 4863
1443 3176
1446 4265
1453 4723
1458 2590
1459 2998
1461 4763
1467 2287
1469 4940
1471 4882
1477 3939
1482 3631
277 1489
1492 4875
1494 4903
1501 4695
1503 4847
1505 4549
1508 4803
1512 4611
1513 3948
1515 4694
1518 4950
1527 1595
1534 3855
1546 3213
1555 4727
1557 4923
1558 3937
1567 1578
1584 4984
1598 4587
1600 4113
1619 4856
1653 2410
1664 3098
1672 4882
1673 4896
1695 4296
1697 4325
1725 4167
1739 3997
1772 4877
1778 4134
1807 3149
1808 2668
1810 3833
1813 4991
1417 1825
1832 4817
1841 2711
1842 4954
1849 4688
1851 1980
1855 4607
1856 4882
1861 4145
1099 1863
1594 1869
1882 4463
1890 4197
1895 3908
1901 2092
1903 3162
1905 4657
1910 4079
1912 3491
1917 4901
1918 4280
1928 4567
1931 3206
1932 4137
1955 3441
1964 3943
1971 4325
1975 3193
1976 4228
1979 3461
1981 4309
1989 4445
1994 2879
2000 4864
2003 3861
2005 4388
2009 4787
2010 3444
1100 2031
2038 2823
2040 4885
2045 4909
1685 2048
2062 4904
2069 2401
2075 3852
2077 3057
2078 3621
414 2081
2082 3413
2101 2345
2103 4423
2130 4797
2131 3136
2140 4775
806 2153
2158 4955
2159 4766
2164 3611
2175 3098
2182 3772
2184 4393
2185 4051
2186 4638
2206 4556
2208 4754
2217 4204
801 2220
2222 4283
2234 4669
2235 4225
754 2236
1202 2237
2238 4860
2239 4255
2262 4850
2265 4812
1858 2266
2269 4206
2276 4812
2270 2278
2279 4786
2281 4764
2286 4362
2296 3576
2307 4364
2323 2799
1429 2339
2341 2979
2342 4511
2343 3653
2350 4609
2351 4984
548 2357
2367 4064
2215 2368
2369 3896
1854 2376
2388 4280
2389 4882
2390 4850
2391 4441
2393 4550
2402 2472
470 2412
1200 2413
2418 4972
2025 2426
2432 2440
2446 4733
2447 3883
2450 4321
2451 4421
2464 4666
2476 4884
2477 3411
2481 4139
2484 4728
1824 2495
1633 2498
2499 4929
388 2502
2526 4121
2528 4838
2535 4349
2537 4013
2540 4786
2541 4751
2547 4603
2556 4374
2565 4979
2267 2573
2594 4339
2628 3351
2636 4554
2638 4189
2651 4945
2659 4080
2663 4743
2666 4356
2677 4066
1726 2696
2702 4049
2706 2823
1948 2709
2718 4590
2730 4408
1770 2734
2753 4426
2762 3001
2770 3986
2791 4023
1167 2795
2548 2801
2802 3492
2813 4879
2814 3135
2821 3314
2822 4246
2827 4723
2836 4871
2561 2845
319 2846
1586 2849
2851 4584
2856 3899
2862 4932
2872 4967
2873 3651
1660 2876
2877 3938
2882 4195
2887 4387
2892 4997
2898 4033
2900 4846
2905 4900
2908 4971
2552 2909
2915 4906
2917 4402
2918 4921
2923 4985
2943 3668
2950 3234
2956 4650
2957 4523
2958 3766
2964 3484
2965 4619
2970 4643
2652 2978
2983 4951
2985 3971
2993 3474
273 3004
2478 3007
3009 3010
3020 4960
2664 3022
3027 3270
3030 4364
3040 4669
3043 4983
944 3046
3054 4981
3071 4776
3084 4968
3085 3262
3091 4436
3102 3106
3107 4263
2542 3117
3132 4775
3144 4280
2414 3178
3182 4504
3186 4971
3189 4439
2997 3190
3198 4818
3215 4976
3216 4508
3225 4495
3238 3395
2971 3242
3244 4773
3246 3494
2207 3248
3249 4913
3260 4624
3267 3971
3263 3268
3280 4773
3279 3283
3289 4840
3234 3294
3302 3457
404 3310
3311 4255
3056 3319
112 3326
72 3333
3334 4835
3262 3346
3348 4860
3352 4858
506 3361
764 3368
3375 4458
3377 4456
2794 3382
3133 3384
3387 4994
3392 4090
3397 4594
3400 4535
3403 4786
1705 3418
3421 3515
3429 4993
3430 4727
3434 4944
3435 3953
3436 3570
2936 3438
1904 3443
3359 3454
3456 4650
1935 3468
3080 3470
1916 3481
1176 3487
2392 3503
3507 3877
3512 3995
3518 3981
582 3519
3523 3990
3525 3556
3024 3529
2203 3534
3542 3785
3551 4684
3553 3783
3554 4857
3560 3913
3561 4808
3567 4430
2056 3569
459 3577
3587 4961
3591 3598
3602 4487
1179 3606
2260 3613
1949 3614
3465 3617
3625 4883
3626 4111
3638 4884
3639 3646
3642 4810
3662 4908
3666 4592
3671 4925
3683 4999
3686 4743
3692 4896
3696 3750
3704 4704
3707 4899
3708 4500
3714 4346
3715 4357
2096 3723
2271 3734
3745 4530
3748 4947
3756 4850
3759 3862
3763 4860
3094 3767
3769 4482
3771 4153
3780 4242
3797 4111
3630 3798
3800 4643
3804 3971
3648 3814
3834 4232
3570 3840
3465 3842
3743 3843
3844 4998
3854 4982
3859 4930
3733 3865
3866 4989
3880 4045
3890 4659
1767 3892
3893 4489
1424 3897
3901 4729
3905 4893
3921 4377
564 3923
3125 3924
3926 4134
3941 4589
3806 3946
3956 4999
2002 3977
3978 4071
3073 3982
3994 4173
564 4002
2297 4006
4008 4876
911 4017
3548 4021
4025 4960
3969 4026
1136 4028
4034 4473
4037 4993
3125 4038
1260 4043
4047 4773
2972 4048
4060 4586
3274 4070
2287 4074
4075 4754
3693 4085
4096 4393
1967 4104
4106 4824
4109 4756
3961 4115
1970 4116
13 4117
1455 4133
3009 4156
2733 4164
2895 4177
4066 4179
4181 4268
4108 4190
4198 4324
4201 4792
3416 4202
4205 4422
2759 4208
1867 4209
4211 4422
1123 4216
4173 4220
4230 4912
4233 4417
2735 4254
4253 4259
4262 4653
2883 4264
4049 4272
3981 4297
3710 4302
4303 4689
4305 4556
2267 4312
830 4317
4326 4388
4329 4552
3583 4331
4332 4728
4334 4626
4327 4340
3831 4341
4353 4629
4354 4812
2604 4361
4365 4478
4370 4877
4373 4862
4380 4562
4110 4384
1642 4389
2760 4392
2088 4395
3679 4400
4388 4406
3824 4413
4415 4420
4039 4424
4333 4431
4443 4543
879 4455
4362 4462
1387 4468
2042 4471
4472 4540
4319 4474
70 4477
3615 4479
1064 4480
916 4488
4244 4505
3068 4509
3673 4513
4503 4514
4517 4993
4524 4931
4090 4531
3339 4532
4213 4534
3282 4560
4561 4976
4565 4569
4572 4612
4571 4575
2748 4577
4581 4584
4458 4585
3841 4598
4550 4601
4605 4851
4252 4608
4616 4632
4293 4625
2679 4631
3159 4641
1998 4644
4604 4647
4654 4972
718 4656
4626 4661
4643 4663
4451 4664
4670 4999
2785 4671
4487 4683
3251 4687
4686 4693
4678 4697
4700 4780
2194 4706
2997 4708
4646 4716
1970 4717
4228 4719
2240 4720
4112 4731
4460 4735
4736 4964
4447 4741
2637 4742
4649 4744
4163 4750
4629 4759
3094 4774
3079 4778
3871 4779
501 4790
4785 4791
2635 4793
456 4802
4804 4821
4174 4807
4450 4811
4091 4814
4801 4819
3142 4822
3930 4829
4684 4830
4839 4874
4847 4849
3374 4853
1904 4854
4841 4866
4868 4878
4530 4880
4879 4890
990 4891
4892 4904
3538 4895
4535 4905
4850 4907
2271 4917
4918 4919
3581 4939
2169 4942
3547 4949
1003 4952
3416 4956
155 4974
2820 4977
4497 4988
4886 4995
19 4694
32 4771
52 2637
119 4649
124 4978
128 4433
138 3356
143 4785
215 4178
242 4838
296 4485
349 4688
384 4364
420 4711
427 4485
453 3509
487 4966
495 4224
511 4512
527 3980
551 4749
577 4127
605 4495
615 4900
640 4599
687 4884
700 4768
713 4375
739 4634
786 4913
799 4003
813 4653
855 4150
865 4918
882 4055
889 4566
918 4372
930 4600
947 4801
948 4521
985 1771
1021 4430
1022 4893
1027 3533
1087 4429
1114 4412
1115 4367
1116 3835
1144 4564
1165 4646
1182 4798
1185 4967
1191 4752
1194 4930
1211 4970
1221 4538
1272 4544
1279 4057
1299 4438
1329 4453
1354 4763
1369 4578
1380 4475
1415 4841
1421 4871
1446 3966
1453 4377
1461 4557
1467 4828
1471 3995
1477 4649
1492 4986
1505 3256
1515 4966
1527 4296
1534 4843
1546 4673
1555 3863
1557 4603
1578 4267
1653 4444
1672 4755
1673 3636
1697 2259
1725 4372
1739 4979
1772 2913
1778 2818
1813 4961
1825 4860
1832 4146
1841 4327
1849 4610
1851 4171
1855 4872
1856 3867
1861 4127
1863 3786
1869 4653
1882 2989
1890 4909
1895 4586
1901 3828
1903 3740
1905 4526
1910 3477
1917 4295
1928 2614
1932 3724
1955 4660
1964 4920
1971 4467
1976 4673
1979 3824
1981 4686
1989 3272
1994 4481
2009 3508
2010 2650
2031 4022
2040 4972
2048 4620
2062 4454
2069 4619
2078 4709
2081 4335
2082 3820
2101 4887
2130 4257
2131 4946
2153 2616
2159 3305
2175 4715
2184 4180
2185 4916
2186 4702
2220 4943
2222 4841
2236 4090
2238 4449
2262 4938
2296 3765
2307 4296
2342 4901
2350 4090
2351 4602
2367 4084
2376 3013
2388 3855
2389 4938
2390 4606
2391 4843
2412 2864
2426 4225
2432 3966
2447 2449
2450 4308
2451 4953
2464 4031
2476 4904
2477 4701
2481 3954
2484 4978
2498 3867
2499 4398
2526 4997
2537 4733
2540 4960
2556 3574
2565 3929
2594 4851
2636 4502
2638 4953
2651 4436
2663 3867
2666 2907
2677 4321
2706 4850
2718 4362
2762 4712
2791 2808
2795 4544
2821 4981
2822 3984
2479 2836
2846 4245
2851 4090
2856 3586
2862 4542
2873 3568
2877 4594
759 2887
2892 4609
2178 2898
2900 4784
2905 4571
2908 4183
2915 4084
2918 4815
2831 2943
2950 4808
2956 4093
2964 4642
2327 2965
2970 3743
2985 4990
2993 3358
3010 4296
3020 4878
3022 3243
3040 4998
3054 4295
3071 4945
3084 3743
3085 4966
3091 4861
3107 4083
3117 4725
3042 3178
3182 4279
2536 3186
3198 3207
3215 3991
2746 3216
3225 4669
3238 3533
3242 3650
3244 4803
3246 4076
3248 4588
3249 4725
3260 4544
2610 3268
3280 4924
3289 4158
3310 4739
3311 3959
3333 4167
3334 3805
3346 3871
3352 4800
3361 4215
3377 4764
3382 4492
3387 4628
3392 3604
1096 3400
3403 4286
2879 3418
3430 3444
3434 4278
2774 3435
3438 3871
3443 4770
3454 4052
3456 3594
3468 4975
3470 4593
3031 3481
3487 3967
3503 4869
2445 3507
3518 4660
3523 4551
3525 3822
3534 4930
3271 3542
3551 4655
3553 3717
3560 4040
3577 3891
3589 3591
3139 3602
3613 4235
3614 4677
3617 4784
3638 4570
3639 4408
3642 4600
3662 4162
2523 3666
3265 3671
3692 4512
3696 4126
3420 3704
3708 4850
2074 3714
3715 4286
3369 3723
3303 3734
3748 4817
3756 4721
3759 4999
2013 3763
3767 4762
851 3771
3797 4619
3798 4971
3800 4496
3834 4963
3840 4817
3842 4611
3843 4971
3658 3854
3859 4881
3053 3865
3866 4769
2053 3880
3214 3890
3893 4881
3897 3947
1798 3901
3921 4838
3923 4678
3924 4544
2931 3926
3941 4173
3946 4253
1864 3956
3978 4969
3982 4090
3929 3994
4006 4771
1962 4008
4017 4061
4021 4255
4025 4828
4026 4349
4028 4453
4034 4730
4037 4765
1719 4043
3878 4047
4048 4754
4060 4985
4070 4648
4074 4709
4075 4090
4085 4489
3175 4096
3960 4104
3965 4106
3746 4109
4019 4116
4117 4536
4064 4133
4156 4850
3775 4164
4177 4382
4179 4193
4181 4658
4190 4310
4198 4747
4202 4206
4205 4799
4208 4946
4088 4211
4216 4503
4220 4445
3630 4230
4233 4855
4254 4501
3631 4262
3761 4264
4272 4357
4297 4386
1137 4302
4303 4850
4305 4447
4312 4690
4317 4409
3785 4326
3440 4329
4331 4835
4334 4769
4340 4437
4341 4359
4353 4745
4354 4990
3979 4361
1100 4365
3090 4373
4369 4380
4384 4769
3424 4389
4203 4392
2513 4395
27 4400
4406 4948
4413 4414
4168 4415
2362 4424
4443 4458
4336 4455
4462 4931
4012 4468
4471 4701
3194 4472
4126 4474
4477 4753
2777 4479
4003 4480
4054 4488
4407 4505
4509 4516
4504 4513
3276 4514
2427 4524
2674 4531
4532 4645
4534 4803
4560 4569
3652 4561
2156 4565
4572 4766
3778 4575
4577 4987
3038 4581
3749 4585
4355 4598
4433 4601
4428 4605
4616 4850
2333 4625
4114 4641
2558 4644
4647 4852
1839 4654
4347 4656
4661 4961
3717 4663
4660 4664
4670 4976
3568 4671
5 4683
2825 4687
4693 4909
4697 4876
4700 4704
2520 4706
4030 4708
4717 4723
4539 4720
4681 4731
4704 4735
4482 4736
2606 4741
4457 4742
4458 4744
4162 4750
4748 4759
2748 4774
3240 4778
4457 4779
4298 4790
3404 4791
4438 4793
4711 4802
4798 4804
4014 4807
4547 4811
2392 4814
4798 4819
4359 4822
3378 4829
4372 4830
3750 4839
4849 4920
4846 4853
1490 4854
4685 4866
4868 4883
4780 4880
4296 4890
4556 4891
4627 4892
4895 4934
4894 4905
4335 4907
4917 4971
4919 4926
4469 4939
3895 4942
3378 4949
4952 4961
4850 4956
2169 4974
4552 4977
3513 4988
3772 4995
19 4559
119 4973
138 4762
296 3742
511 4633
551 4801
713 4896
813 4020
1021 3953
1087 4268
1115 4745
1194 4702
1279 4904
1299 4937
1421 3740
1446 3825
1471 4703
1477 4234
1653 4283
1849 4979
1856 4703
1863 4967
1890 2945
1905 4869
1971 3719
1979 4982
2010 3694
2031 3739
2078 4240
2131 4856
2186 4199
2220 4591
2236 4936
2262 2268
2307 4508
2351 4433
2390 3796
2412 4898
2476 4667
2484 4180
2498 4172
2526 4609
2537 3919
2540 3991
2556 4295
2565 4966
2636 2658
2558 2651
2762 4948
2791 3306
2873 3935
2887 4722
2898 3223
2900 4593
2905 4869
2908 4528
2918 4636
2985 4841
3022 3494
3040 3276
3084 4842
3091 4618
3178 3822
3186 4860
3225 4930
3149 3238
2377 3242
3260 4626
3289 3812
3334 4972
1644 3387
3392 4338
3418 4583
2513 3434
3456 4090
3468 4876
3470 3543
3481 4926
3518 4912
3523 4827
3525 3985
3534 4777
3217 3542
3602 4931
3613 4381
2311 3638
3639 3981
3642 3947
3662 4665
3671 4996
3704 4803
3708 4937
3715 4951
3723 3747
3734 4846
3475 3748
3759 3766
3763 4761
3798 4969
3834 4808
3842 4278
3854 4850
3859 4910
2793 3865
3864 3866
3880 4730
3897 4367
3901 4420
3921 4375
3924 4984
3941 4080
3858 3982
3994 4381
4006 4267
4017 4291
4021 4258
2812 4025
1067 4037
2524 4075
3736 4085
3049 4117
3412 4156
2848 4164
1487 4179
3855 4181
4190 4235
3743 4198
4205 4957
3129 4208
2545 4211
4216 4781
3282 4220
2760 4230
4233 4628
4264 4623
4269 4272
4297 4615
3635 4302
4303 4374
4093 4305
3615 4312
4195 4317
4326 4627
4329 4767
4331 4453
2825 4334
4344 4353
4354 4568
3194 4361
4125 4365
4373 4615
3221 4380
4384 4813
4392 4705
4395 4410
4400 4965
4413 4850
3764 4424
4335 4443
3984 4455
2820 4472
3505 4474
2855 4477
4463 4479
4480 4485
4485 4488
4505 4932
3234 4532
4453 4534
4560 4727
3674 4561
4572 4707
4563 4575
3979 4577
4585 4594
4598 4761
4601 4611
4592 4605
4616 4955
4625 4963
4641 4649
3194 4644
2840 4647
4307 4654
4292 4656
3940 4661
726 4663
4670 4901
4269 4683
4687 4761
3047 4693
3453 4700
860 4706
2305 4717
4720 4808
4556 4731
4733 4735
4337 4736
1960 4741
2577 4742
2566 4750
4753 4759
4774 4955
3927 4778
4779 4903
3881 4790
4743 4791
3239 4802
4804 4901
2567 4807
2404 4811
3650 4819
4237 4822
2855 4829
4235 4830
4839 4898
4412 4849
4682 4853
4854 4934
4844 4866
4171 4880
2086 4890
2383 4891
4887 4892
4653 4895
4905 4910
4279 4907
2490 4917
4900 4919
4939 4958
4618 4942
4860 4949
1490 4952
4570 4956
4154 4974
4963 4977
4948 4988
4995 4999
138 4794
1979 4566
2078 4904
2351 4669
2540 4295
2556 4858
2791 4935
3022 4489
3456 4951
3662 4152
3723 4966
3734 4965
3798 4540
3854 4703
3994 4929
4075 4295
3404 4179
4198 4913
4216 4951
3516 4305
4334 4875
4373 4879
3713 4400
3531 4413
4281 4455
4560 4566
4561 4578
4577 4594
3913 4598
3213 4605
3943 4616
4654 4940
3003 4656
3986 4683
4693 4967
4127 4706
3621 4717
4281 4720
4256 4731
2563 4735
4742 4776
4774 4960
3997 4779
4751 4802
4811 4915
4322 4829
2313 4830
4849 4859
4853 4861
4854 4978
4225 4866
4001 4880
4891 4965
4892 4932
4905 4913
4896 4907
1634 4917
4630 4919
4939 4950
4685 4942
4952 4975
4936 4956
4912 4977
4931 4995
4455 4924
3760 4802
4604 4905
4989 4995
