0 0 0
1 0 0
2 0 0
3 0 0
4 0 0
5 0 0
6 0 0
7 0 0
8 0 0
9 0 0
10 0 0
11 0 0
12 0 0
13 0 0
14 0 1
15 0 1
16 0 1
17 0 1
18 0 1
19 0 0
20 0 1
21 0 1
22 0 1
23 0 1
24 0 1
25 0 1
26 0 1
27 0 1
28 0 0
29 0 1
30 0 1
31 0 1
32 0 0
33 0 0
34 0 0
35 0 0
36 0 1
37 0 1
38 0 1
39 0 1
40 0 0
41 0 1
42 0 1
43 0 1
44 0 1
45 0 1
46 0 1
47 0 1
48 0 1
49 0 1
50 0 1
51 0 1
52 0 1
53 0 1
54 0 1
55 0 1
56 0 1
57 0 1
58 0 0
59 0 0
60 0 0
61 0 0
62 0 0
63 0 0
64 0 0
65 0 0
66 0 0
67 0 0
68 0 0
69 0 0
70 0 0
71 0 0
72 0 0
73 0 0
74 0 0
75 0 1
76 0 0
77 0 1
78 0 1
79 0 0
80 0 0
81 0 0
82 0 0
83 0 0
84 0 0
85 0 0
86 0 0
87 0 0
88 0 0
89 0 0
90 0 0
91 0 0
92 0 0
93 0 0
94 0 1
95 0 0
96 0 0
97 0 0
98 0 0
99 0 1
100 0 0
101 0 0
102 0 1
103 0 0
104 1 1
105 1 0
106 1 0
107 1 0
108 1 0
109 1 1
110 1 1
111 1 0
112 1 1
113 1 1
114 1 1
115 1 1
116 1 1
117 1 1
118 1 1
119 1 1
120 0 0
121 0 0
122 0 1
123 0 1
124 0 1
125 0 1
126 0 0
127 0 0
128 0 0
129 0 1
130 0 1
131 0 1
132 0 1
133 0 1
134 0 1
135 0 1
136 0 1
137 0 1
138 0 1
139 0 1
140 0 0
141 0 0
142 0 0
143 0 0
144 0 0
145 0 0
146 0 0
147 0 0
148 0 0
149 0 0
150 0 0
151 0 0
152 0 0
153 0 0
154 0 1
155 0 0
156 0 1
157 0 1
158 0 1
159 0 1
160 0 0
161 0 0
162 0 0
163 0 0
164 0 1
165 0 1
166 0 0
167 0 0
168 0 0
169 0 0
170 0 0
171 0 0
172 0 0
173 0 0
174 0 0
175 0 1
176 0 1
177 0 1
178 0 1
179 0 0
180 0 0
181 0 0
182 0 0
183 0 1
184 0 1
185 0 1
186 0 1
187 0 0
188 0 0
189 0 0
190 0 0
191 0 0
192 0 0
193 0 0
194 0 1
195 0 1
196 0 1
197 0 1
198 0 0
199 0 1
200 0 1
201 0 0
202 0 0
203 0 1
204 0 0
205 0 1
206 0 1
207 0 1
208 0 1
209 0 1
210 0 1
211 0 1
212 0 1
213 0 0
214 0 0
215 0 0
216 0 1
217 0 1
218 0 0
219 0 0
220 0 0
221 0 0
222 0 1
223 0 1
224 0 1
225 0 1
226 0 0
227 0 0
228 0 0
229 0 0
230 0 1
231 0 0
232 0 1
233 0 0
234 0 1
235 0 1
236 0 1
237 0 0
238 0 0
239 0 0
240 0 1
241 0 1
242 0 1
243 0 0
244 0 0
245 0 0
246 0 1
247 0 1
248 0 1
249 0 0
250 0 0
251 0 1
252 0 1
253 0 0
254 0 0
255 0 0
256 0 1
257 0 1
258 0 0
259 0 0
260 0 0
261 0 1
262 0 1
263 0 0
264 0 0
265 0 0
266 0 0
267 0 1
268 0 0
269 0 1
270 0 0
271 0 0
272 0 0
273 0 0
