2310 92 2207 2274 1659 781 1651 219 1416 572 145 902 2043 1920 1203 2248 1974 1134 2426 358 858 1543 1095 36 314 1441 1391 406 2014 116 1855 1803 2258 2054 2219 182 1094 719 2220 1592 838 1 
2447 1692 1025 2011 1169 1370 900 224 1088 101 1248 676 1517 1677 1235 1263 2283 1043 1868 148 1606 2431 1223 2384 1863 2299 2270 2318 276 212 1816 1934 1109 481 2226 2117 
277 704 580 760 529 2355 397 215 581 1685 
2 150 1322 2465 595 2025 1802 878 520 1814 2337 1251 1675 554 1723 1959 1975 1748 1176 2149 1764 1424 2371 1936 2086 855 1308 401 1925 
1759 1788 998 1228 1236 378 1119 88 1818 1070 51 2183 2320 2249 1641 2471 1246 1483 1395 2468 1001 850 1310 573 218 292 1018 625 1084 972 1766 1602 2204 568 
1396 3 1226 1214 2272 813 1696 688 175 1870 560 2182 1984 1490 1093 631 1365 1427 1878 2436 2273 904 1862 1500 1116 1069 2010 1426 2417 1372 941 2454 1388 1786 482 467 205 2176 1514 404 2300 1480 
338 1595 1264 22 1721 1847 1903 4 1983 727 1672 640 1345 1612 1812 982 
1376 1841 1476 2438 1449 1438 2366 1732 2354 764 2289 1421 759 42 1019 2424 1174 2051 2432 2165 541 1276 979 442 1845 
1534 655 448 739 2144 81 2256 846 1319 286 157 309 5 2441 343 1051 2073 271 1004 1824 1794 85 2316 2278 1450 1288 2430 450 783 
1492 1931 1725 394 2341 2034 439 2302 120 2400 774 1846 2122 1103 553 706 1941 1324 1832 884 1919 
2305 6 2109 2262 2231 30 2108 210 1957 173 155 1909 1611 262 67 2375 1287 1379 2349 1044 435 
283 1700 1318 1686 1861 1817 1484 576 1488 33 2476 2160 2491 2358 2365 2362 1714 462 2356 2293 223 2105 1665 1410 2133 1244 2335 870 1874 2033 2173 2500 473 776 124 1003 2379 
1267 234 1753 621 2339 1510 980 2009 63 615 1277 402 856 476 2060 7 1178 508 687 693 
1186 1373 1409 2298 1086 472 2442 2068 2340 1079 2392 377 1891 221 209 634 1892 1274 1045 1964 282 854 2112 
2394 2313 2240 1135 1347 967 2269 2380 390 2327 484 475 337 921 2419 1195 1292 160 2373 1952 932 1197 863 1355 1856 1215 1851 1780 1853 1850 1706 604 1680 113 2205 2080 
1354 2158 1418 1063 2464 1821 2359 746 1465 2145 1279 728 2485 583 1189 8 2155 312 438 1653 118 2016 2120 2004 1658 1224 493 1131 1156 1980 270 1991 183 
154 351 2255 2407 2100 887 2193 1629 659 1956 1691 2459 865 1078 1455 1789 737 2484 1804 1911 2161 1929 896 2481 440 1083 1926 1792 527 1309 297 2186 1343 2050 993 2307 823 1971 2463 
1762 2275 532 1278 1482 2396 805 130 9 1515 416 1511 1253 1124 2081 542 361 2374 1661 176 1553 1026 55 385 2460 981 1315 1877 
108 749 409 1212 159 10 2106 486 1790 1398 49 677 1805 238 2280 2345 1230 1705 945 
480 1397 1380 1770 1473 1143 2187 2209 1286 620 994 1938 2495 1550 530 2488 226 818 330 1299 2119 708 2338 1609 849 1533 336 2388 1447 11 618 1650 266 579 1797 2451 1994 1783 616 1046 2387 
16 2039 1404 369 449 142 198 2287 1927 506 1321 692 2126 1457 301 664 1605 
38 2395 1029 964 275 12 639 528 584 1260 1262 689 
2095 1213 586 2398 97 2179 289 1160 557 2185 1589 2386 2292 1875 230 13 1758 1066 1751 1888 1734 104 2452 429 2315 853 784 474 112 1993 2496 1378 636 1041 434 1860 2036 988 95 1967 2069 2443 1275 2461 1105 414 
149 1496 929 68 1289 953 21 2228 349 1642 1325 469 1896 1081 2203 158 2213 1466 514 
144 765 206 1399 114 1740 612 845 714 860 14 
1171 15 1526 901 
551 1028 106 424 629 
23 2062 1825 2233 935 1820 2423 1889 319 45 566 1761 2085 1338 742 768 117 31 383 592 2169 48 471 1384 192 259 17 1330 952 2071 2367 2439 437 2314 1091 2252 2378 
353 2178 331 1854 2021 1569 93 1904 1883 1772 861 1838 1127 939 375 359 1107 2290 25 1989 847 1249 1290 89 1164 487 1035 2288 1800 2083 928 2177 531 1670 696 269 1640 1024 1008 2210 1222 1075 1233 498 2470 
188 18 2271 2175 591 2164 2296 1739 66 24 1647 291 548 2135 1033 62 1459 1731 
1168 501 1360 2422 619 1166 398 2321 29 1456 19 2224 1690 2041 1782 1630 310 1603 942 601 1389 2494 1220 1857 
533 2266 1610 490 1835 1375 2301 2084 1978 1221 2049 875 1560 1965 229 906 497 2411 2435 1950 1250 1344 2243 251 1145 868 1979 2110 27 1002 1634 2215 2363 1799 1702 1597 600 
2022 825 1146 2127 2223 1958 915 1187 2440 2401 2208 1208 788 515 709 630 20 2168 1730 1947 2405 1900 
1118 2146 370 2241 2196 280 2330 1339 2015 425 496 240 2032 2351 26 907 1887 1270 608 1451 2480 738 1968 1750 2456 2332 607 1031 2123 565 327 1917 2364 2174 679 
540 2087 254 1701 195 509 2376 405 74 1810 826 2171 2420 613 1106 1626 1689 60 2077 247 1614 56 1738 479 
1982 524 1509 28 71 1206 943 1392 245 1516 559 1052 905 
598 1834 2180 2202 2238 851 1987 1431 325 807 890 1807 1765 2206 2121 99 1944 1358 1568 718 1849 1074 770 1196 1225 1906 997 519 2486 1013 1366 255 2162 1285 447 791 
883 735 829 880 1305 610 387 1635 1300 1348 2191 1671 1796 895 2427 2450 569 1886 1521 582 2104 1939 32 848 1122 973 
1769 2198 2194 365 139 1660 555 2163 2348 779 1362 1717 2055 1485 1848 512 1293 1504 1549 138 913 344 992 1508 2466 2361 984 1337 2347 726 1681 1996 495 1532 922 96 2028 596 1234 657 1096 732 47 
2406 1949 2225 1430 2409 670 458 1479 1865 1724 34 400 1394 2159 1953 281 2097 1132 546 231 1649 1207 54 
822 1108 1951 128 2066 105 2479 263 2061 1652 242 1618 1995 833 2007 1005 2304 1117 126 399 2218 35 2453 2260 1383 983 525 1582 316 1499 2115 1237 740 632 64 
69 1027 1502 933 1503 642 37 491 459 809 
701 2295 1036 1286 1830 417 1899 1245 1756 1323 2130 1240 1232 355 1037 2264 747 46 1518 1913 1374 2242 2333 1676 2058 837 2148 443 333 862 2291 151 2046 1022 881 1513 2156 302 1301 2157 2098 589 1667 2346 
1152 2013 1138 840 685 1161 1423 2181 1110 2350 1350 2414 1313 2237 1577 39 2023 1594 411 288 1433 1840 590 2139 1192 2075 408 577 1918 2477 2408 909 213 2416 311 2026 2397 516 84 828 167 1295 
1912 2297 2153 470 40 381 989 1351 999 638 2284 836 2229 2141 930 1099 537 2329 643 1340 98 1489 
1806 780 1271 1760 914 179 680 278 661 58 744 1998 348 1678 731 1593 1522 2490 2048 2385 1613 194 2410 1023 362 2017 368 815 1712 1073 285 78 41 
50 2078 1859 1185 734 2342 1273 1332 2458 374 360 2434 908 1573 2020 1219 646 814 2154 2389 235 539 1823 1505 2239 1302 2137 418 824 2487 43 1718 90 1382 1895 2111 1735 1205 2462 444 2008 250 959 1986 1619 
755 1976 79 1128 789 2053 146 1216 1747 2217 698 603 376 716 44 1297 753 1571 2222 2131 455 1633 1100 1120 1781 1924 1173 268 237 1481 2079 710 2286 356 249 1557 1368 1202 273 936 2449 76 
1180 852 517 1966 831 2399 2403 147 2211 1688 898 2200 315 666 2312 754 1032 2368 602 1815 892 1544 924 284 713 927 1306 985 
938 1266 52 407 1954 1061 1955 1722 1737 1334 1537 2024 201 
1726 2325 460 523 1937 2425 1826 1320 1591 1644 2001 1501 1121 1471 1349 2489 1554 695 769 1432 2328 2493 975 934 1541 500 274 2306 1948 1744 1364 
683 135 650 626 127 203 1000 1272 575 637 53 
1102 1115 2199 1576 1191 1412 61 1719 2167 1779 352 2074 1346 100 1882 773 2096 
925 1281 2140 256 322 1785 2067 2268 2469 1453 1527 1252 916 2352 393 672 354 721 2383 987 658 841 635 864 549 2076 1531 1624 897 185 2124 550 87 819 1092 944 720 304 
627 1741 2029 82 654 57 1716 2063 1440 1683 367 1787 2094 2189 758 2030 675 136 174 1442 606 794 1111 842 697 1238 1089 2457 1727 388 2445 2166 1050 790 59 1201 609 102 593 1506 1669 1163 1467 2099 
1054 453 1444 912 969 1257 2324 1562 1158 461 1077 1774 617 
1448 2317 1755 1555 178 1572 1125 614 691 1062 2381 1791 248 2413 1910 1017 1992 1969 1547 2251 
1129 1916 882 745 1843 866 1329 1414 1183 1113 724 65 1193 1331 1973 
894 129 70 1291 1616 243 1583 1434 83 748 
1923 705 2418 1356 961 763 1335 1623 1463 1097 633 1798 2005 623 2192 857 2277 2044 511 1897 505 72 859 1328 886 1170 2259 346 1429 
1914 2475 1793 949 1408 1890 483 1420 1970 1578 801 2311 556 2038 1999 403 1519 1884 1733 328 1056 73 1729 492 1090 1282 1150 395 463 
107 1828 1833 1631 75 1417 1258 1908 1460 879 1255 324 430 2147 
123 1942 2428 931 1231 2263 804 2072 232 246 1768 1601 1014 293 918 1809 771 810 743 2000 2322 2279 2444 2343 574 1021 1637 1587 
2107 421 2246 1435 1752 752 957 544 77 477 1570 1907 413 1059 189 1167 214 
1458 1664 1184 216 1227 521 668 733 2455 2253 1393 1879 2052 1153 1157 1784 1298 976 2308 624 441 538 1829 373 2002 1012 1831 296 1584 2331 869 431 2042 812 2027 1586 1461 1047 
1474 485 1600 1487 499 1357 80 1239 1575 599 
140 225 445 1314 2326 91 1071 2125 1871 1495 1679 2483 1269 2467 1663 2102 1372 2390 2393 1284 1040 1905 2473 1038 1872 1475 
1711 1801 1493 1181 2421 1194 757 1933 305 1101 1997 2499 1894 782 2319 1574 1525 1749 1486 2065 332 839 1053 645 2482 673 
2336 1387 2234 380 339 1728 2446 2090 191 2309 241 1523 190 2369 1381 2244 1981 717 2216 2448 1599 341 2037 2372 227 1839 264 86 1494 
1742 141 1162 1422 1229 562 94 966 682 965 1477 
169 518 1367 1713 1454 2088 1542 547 578 478 1268 1342 946 806 1866 588 1898 299 2019 1155 2261 1682 715 729 2391 396 1402 186 2382 371 799 2091 488 
1963 1411 1200 2152 1188 1852 1530 2170 1988 1545 1104 161 1704 2412 1695 1693 2018 665 767 526 103 110 1858 1867 
1808 1006 917 872 628 1646 1141 109 911 827 382 166 1068 1352 
1763 347 427 2142 468 694 1666 1620 1055 257 2247 177 279 800 111 
1361 1546 1977 340 1565 1699 876 1359 2190 2059 115 303 1881 910 379 690 
543 1590 991 1715 937 1080 948 2012 164 1371 2232 564 1472 793 1294 1369 208 891 1777 
1885 1211 1673 1697 1607 1009 1265 536 1468 2092 2070 1114 2172 667 1628 2201 239 119 611 
372 844 466 287 181 669 121 873 817 366 345 
2151 1771 2057 244 2188 2294 2103 
1645 1844 1901 265 1058 940 1622 420 686 1945 1039 1428 2134 1243 647 122 
1535 267 808 1464 1217 1687 1632 253 313 2257 960 1656 2285 329 452 772 125 433 1985 2377 2360 1720 795 
165 1636 962 1204 1655 1961 1439 2031 1445 1778 597 364 
798 920 703 2254 1643 1512 2227 1353 1452 1256 678 1165 605 320 1317 535 1708 522 1497 1819 1280 318 2429 1112 1694 510 2230 656 1990 830 1921 1159 1539 1210 386 2402 1326 168 2474 391 357 131 2357 2143 
1133 1087 803 1401 1558 684 207 1067 132 775 
1596 1042 786 816 300 978 1151 792 1400 1638 2492 2093 1524 585 1588 2323 787 567 2472 2437 919 152 1149 1303 200 1254 2404 1130 1304 1147 653 877 489 2281 1745 1757 204 2497 133 
422 2245 1754 2197 1580 1608 2128 2150 1559 2334 820 2114 1182 2132 326 1065 1932 1703 457 1902 
1946 1520 963 503 1437 308 432 1139 741 1057 446 1960 1604 652 134 2047 
1283 295 843 974 834 950 317 649 137 955 1413 
1625 290 785 1060 1034 1943 252 1528 2235 751 1579 1869 1406 545 1415 1710 1684 143 258 197 1876 1873 2035 1598 2276 1615 1419 1648 
777 1538 956 2212 1140 1336 2265 570 2056 2138 903 811 2478 1561 2344 651 423 153 644 2303 681 1548 571 
970 156 211 885 1072 428 1076 1218 1179 1341 893 
725 1657 464 162 1443 342 1177 1478 712 561 
163 1536 711 1707 996 867 172 1010 415 384 
699 222 662 951 641 1030 1175 958 170 594 
171 1556 1405 1199 504 1259 1148 1142 552 1316 
1172 1241 1915 412 1698 1123 1327 1627 180 888 1962 465 1390 1307 1190 
236 1668 1333 674 1639 1296 1773 187 1836 507 1552 1922 
2433 261 1743 2370 871 334 1795 797 2236 1491 802 990 1136 1585 1377 1775 622 2282 323 1385 184 1469 2195 
456 1016 1311 889 193 
899 1811 660 1386 995 298 
1209 363 977 671 1767 1662 1567 1198 1462 196 454 707 1893 
389 1425 199 1020 307 1007 1581 1407 1137 
835 2082 587 736 2353 513 926 1049 2116 1940 923 202 2250 2006 730 2089 1827 2045 1011 1930 1972 563 
1880 494 761 558 762 1015 2184 217 971 1242 260 1498 700 451 1709 
335 1064 1621 350 2064 1813 233 1261 702 874 220 722 321 832 1822 648 
778 766 1563 1776 502 534 294 426 1085 723 1746 392 228 
2214 2113 1566 1507 1126 1098 1082 2221 2415 986 1144 1842 2267 2101 1363 1540 2040 272 2498 1928 1551 1048 750 1312 1470 2118 
968 306 1617 1529 436 1864 756 1403 410 1247 1564 2129 
2136 1654 1674 1446 821 796 663 1736 954 947 1154 419 1837 1436 1935 2003 
2937 3255 2501 3156 3332 2908 2737 3663 3405 4688 3616 3159 2914 4642 4348 4192 
4288 2682 2892 3964 4169 2502 4560 3251 3859 4568 3595 2919 3455 3045 
3150 3033 2767 3899 2598 4259 3819 3347 2503 2900 3432 
2508 2504 2949 4635 3039 3751 4399 4938 3971 4490 3252 4723 4271 3906 3008 4276 4689 3334 2697 3244 3277 3375 4171 3565 2541 4471 3198 4996 2740 3254 4842 3185 4088 3311 4526 2575 3226 4408 3044 3118 4616 2801 2930 3314 3201 2959 3634 2786 3954 4884 2618 2560 4504 4385 4745 3095 4445 3548 4003 2694 4405 4829 2926 2727 3155 4325 2672 4680 4985 4633 2971 4663 4181 4628 3869 3725 3516 4919 4992 
4705 2907 3534 3697 4647 4886 3410 3996 4598 2784 2893 3918 4430 4069 2593 3915 4120 4822 4121 3556 4758 3287 3868 4749 
3125 2918 3848 2952 3969 3728 3415 3168 4787 4838 4809 3791 4367 2505 4577 3540 3017 4982 2547 4762 2512 
2506 3831 4901 2922 2611 3328 4716 2999 3979 4904 2921 3863 3028 2645 3196 2811 4914 3283 2650 3055 4534 4892 4237 4349 3986 2564 4028 
3293 4668 4293 2626 3010 3292 2507 4595 2886 2549 3467 3383 4226 3903 3976 4625 3818 3247 4744 3121 2790 4575 4700 2994 3879 4881 3532 4547 3376 
3814 3439 2585 3731 3404 3997 3689 4149 3514 3149 3566 
4517 4219 4627 4090 3878 2726 4230 3051 4746 4858 2516 2847 3036 3757 3603 2662 3581 3241 3316 4310 3942 2556 4035 3717 2904 3369 3108 4162 3801 3224 3488 3541 4973 3394 4262 3931 4331 4413 4683 4885 2852 3436 
3447 2805 3318 3417 3978 2579 2509 3086 3569 2945 4359 3752 
4393 2950 4903 4067 2580 4468 4285 2851 2889 4112 3656 3911 4922 4915 3652 3020 2654 4321 2868 3005 4108 2668 3505 4449 2807 4725 4147 2946 3835 2573 4984 2535 2684 4960 
2998 3734 4095 4358 4591 4999 2604 4092 3847 3776 4830 4307 2794 2510 4446 3307 4043 2969 3714 3132 4240 3067 3554 4418 3937 4578 4971 4613 3442 3025 2687 
3742 2867 3322 3553 4005 3562 3408 4360 3774 3628 3187 2846 4990 3379 4274 2965 4773 3557 3928 3718 4818 2534 4383 4509 
4186 3393 4593 4484 3750 2982 4497 3650 3682 4152 3186 3476 2511 2639 
3890 4666 4557 2776 3806 4031 2989 2522 4734 4837 2630 4123 2976 4907 3985 3104 2822 4658 4765 3854 4712 3737 4778 4906 4703 4840 2895 4082 4810 3653 4544 3883 2797 2513 2538 
4337 4774 3638 3483 2770 4502 4355 4246 4803 4696 4280 3782 4281 2850 3320 2779 2728 
2734 2514 3344 2624 3945 2997 3161 2649 3399 3396 
3754 2515 3866 3338 3917 
3183 3242 3189 2520 
4515 2688 3381 4001 4164 3260 4491 4501 2656 3686 2730 4294 
3011 4309 2517 3366 3876 2775 2992 2679 2584 4212 3733 
4050 3154 3158 2518 3027 4346 2993 4415 4428 3329 3983 4536 3905 3645 3364 
3024 4674 2783 3961 3740 3956 4980 3232 3012 4710 4607 4820 2857 4323 3829 2519 3636 3625 4273 3959 2651 2686 4786 4728 4215 3459 3685 4089 4550 4788 4202 4682 4698 4793 2777 3223 3507 2709 2855 3076 
3451 2986 4046 3715 3454 3658 2860 4831 4507 3668 4148 3461 2828 2632 4926 4437 3833 3294 2640 3839 3785 4340 4976 4070 4841 4320 4103 4444 3655 4927 5000 3547 
3088 4009 3249 3867 2521 
3457 3500 3624 3098 3034 
4160 3800 4394 4338 3486 3115 3117 3568 2523 3669 4372 2636 3163 
4206 3273 2899 3756 3593 3424 2763 3699 2943 2722 3691 3555 
3412 4890 4760 3609 2781 3022 4278 2524 4298 3631 3875 4106 3200 4827 3641 4073 3661 4183 2818 3070 3103 
4855 3194 4229 3142 3129 3573 4832 3670 3651 3572 4929 4416 4410 3120 3664 4292 2602 2567 4033 3268 4511 2865 2613 2749 4718 4427 4537 4939 2705 2671 4653 2856 4814 2525 3642 3681 
2951 4439 3790 4721 2700 2780 2526 3349 3676 3621 3662 4062 3509 3589 3416 2845 4124 3735 
4275 2711 4808 3758 4485 4523 4614 4475 4000 2941 4356 4209 3543 2693 2833 3300 4898 4766 4790 3770 2527 4424 4170 4006 3354 3615 4353 3448 3902 4155 3152 4127 
2792 4665 4589 2699 4316 3061 3267 3382 4530 4784 3112 4924 3190 3018 2563 4472 4991 4978 4649 4853 4373 4228 3781 3646 4412 2617 4731 3910 2528 4189 2861 4118 4395 4137 4646 3217 4989 4370 4489 3744 4951 4921 4093 
3214 3967 3518 3582 2529 3999 2572 4065 4187 2866 
2956 2840 2675 4247 3337 2724 3755 4142 3588 3748 3870 3422 
3235 3462 2597 2829 3635 3460 4145 2548 4375 3696 3105 2530 
3356 4014 2773 3279 4495 2826 3085 3577 3720 2932 4333 4406 3657 4859 3240 3672 2685 4546 4102 4487 4664 4461 4324 2720 3881 3133 4443 4902 3109 4525 
3596 2559 2879 3227 4434 2696 4715 3943 3050 4466 4402 2765 2825 2531 4768 4257 2545 2708 3124 3207 2743 4740 4659 4897 3487 4156 
3809 4494 4692 4586 4198 4747 3195 4529 4301 3796 3082 3433 3779 2707 4029 4879 4946 2944 3513 3259 4300 4891 4450 4498 4909 4166 4795 4576 4585 3209 2873 2990 4624 4967 4270 4704 4777 2940 3497 4315 4361 4632 3768 2974 4456 3560 
3053 2774 4207 4789 4949 4556 4975 4640 4261 4987 3471 2692 4441 3192 2839 4983 2532 4510 3667 4702 4815 3888 3622 4798 4195 3040 3659 2813 2849 3792 3278 3674 4887 3982 4648 2539 3037 3401 3387 4968 4101 3769 3220 
4769 3860 3052 3643 3173 3947 2615 4619 2887 3256 4252 4950 4563 4308 3825 3269 2533 3280 4606 4732 4417 2738 4538 2589 4912 4932 3440 3480 4961 4609 2800 4862 3575 4233 4467 3678 4895 3762 3145 3427 
3336 2537 2931 4133 2664 2936 4037 4072 3058 2732 
3177 3452 2820 2905 2582 2536 3713 3525 3843 2558 
3003 2540 4611 4722 4630 3526 3832 3123 3490 2827 2787 3262 3597 3304 3760 3987 4396 4601 4266 
3363 2924 4459 3493 2704 4241 4265 4447 2542 3561 4817 2594 2652 4087 3602 4291 3074 4542 
3803 4821 4024 2885 2577 3722 3948 2659 3607 3423 2911 4044 3250 2568 2760 4524 3107 4027 3852 3426 4737 3950 4131 4930 4363 4719 2830 3826 3673 4220 4631 
2803 4730 3503 4977 4942 2799 4218 4753 3972 3248 3146 3780 4382 3234 4122 4876 4038 3857 3941 3043 4866 3239 4283 3864 2543 3323 2853 3216 4454 3816 4541 4824 3578 3856 3777 4339 3325 3126 2586 3990 
3784 4727 4583 4993 3144 3788 3965 4804 4185 4403 4679 4581 3358 2643 4962 3390 4582 4877 3042 3612 4026 4916 3333 2544 2739 4756 2716 3353 3683 3225 
4496 3830 4588 2713 2843 4256 4426 3841 4295 4258 4260 2809 2872 4748 2648 4407 3711 2566 
3236 4318 3533 2962 3406 2621 3549 3889 2758 4042 3716 3169 3073 2954 3443 4851 4681 2674 2778 4387 4913 3551 4442 3640 4048 3935 4460 
2934 3373 2658 2972 4775 3097 3844 4714 4053 4296 4794 2546 2698 3087 2925 2603 4599 
4419 2557 4115 2609 3166 4925 4941 2920 2637 3365 4482 3362 4178 4852 4211 4845 4052 4520 4856 3407 3175 2844 
4672 3660 3521 3341 3846 2752 2663 3510 3858 3944 2715 4799 3193 4669 4754 4354 4626 4334 3496 4200 4667 2883 4677 
4549 4362 3771 2583 4091 3724 2985 4436 3069 3466 4020 2550 2958 4392 4528 4328 4687 3312 4871 
2870 2815 4272 4010 3851 2551 4573 4404 4452 3060 4503 2690 3812 4638 4917 4874 3211 4049 4720 4944 4994 3288 3583 2858 4196 4521 3374 
4567 3402 4058 2689 3849 2848 2552 3995 4012 3065 3038 4411 4104 3767 4499 3231 3335 
3141 3539 3703 4741 3501 4644 3649 3153 2619 2633 3873 3056 4825 3991 4277 2553 4823 2933 
3759 2599 4227 2595 3397 3138 3119 4750 4094 4139 4205 3994 3019 3481 3023 3892 2554 
4964 2581 3377 4969 4857 3872 4314 3041 4016 3887 4956 3485 4284 2977 4708 3122 4465 4566 3285 2555 4365 4297 4558 
3761 3182 4835 4204 3712 3746 4889 4470 4807 3089 2571 4057 4570 4401 2948 4931 4184 3988 4693 4306 3026 3795 4190 4867 4963 2819 3611 3599 3100 4833 3113 3162 4540 4255 2601 4651 4685 4381 4391 2810 3093 3840 
4660 3933 3441 4733 4603 4486 2725 4267 3096 4068 3709 2695 3620 2804 4739 2961 4508 2881 3014 3172 3206 2634 4776 2968 
4707 3772 4813 4357 4464 4656 3594 3730 2863 4451 2587 4500 4899 3064 4911 4717 4826 3473 4834 3275 4676 4151 2606 4455 2842 3491 2981 3824 4311 
4303 3130 2754 3470 2561 2665 4201 3590 4208 3974 3957 3204 4755 3418 3719 4506 3579 
4955 2923 4248 4514 4505 4177 3680 3083 3538 2733 3537 4836 4055 4519 4469 4935 3949 4997 4098 3898 4812 3007 4336 3420 
3355 3630 4948 2608 3850 2562 2896 4002 3110 3738 3502 4880 4735 4957 3845 2973 2953 4119 2628 4767 3464 4369 
4173 4243 3822 4236 4011 3587 4554 3907 4928 4657 4612 3297 4175 4231 3299 2680 4802 4602 3861 3099 2802 3102 2766 3346 4918 4634 4690 3753 4697 3321 3690 3821 2638 3482 3743 4641 2666 
3131 2789 2565 3237 3458 2793 3799 2712 3345 3721 3075 4163 
4738 4397 4545 3885 4972 2841 3271 3925 2569 4981 4816 2592 4074 3127 4713 3708 4167 2703 4872 4908 3900 2721 3912 
4770 2832 3726 4796 4934 4036 2706 3340 4801 4959 4571 3953 4565 4639 4203 3701 4232 4552 4269 3695 3029 4729 2877 3916 3392 4894 3604 3281 3613 3111 3512 3004 2657 2816 4953 2570 4007 3191 3633 3084 4025 3101 3327 3479 
4130 3523 4743 4304 3006 3884 3331 4559 4850 3960 3071 4021 4757 3266 2915 3499 3258 3747 3031 3398 2967 2942 4483 4979 3270 3388 4174 3810 3137 2669 3571 3904 3274 4645 4379 2929 2574 3820 3456 4097 4533 4366 
2661 2710 2576 3970 3808 4172 3828 3046 4109 4368 3764 3021 4342 2995 
2764 4860 2757 4863 4952 4592 4882 4854 4763 
3090 3946 4579 4141 2578 2978 4751 3348 3552 4966 2812 4695 3729 2667 3580 4041 3692 3522 4940 3135 4161 4965 3564 3047 
4150 4539 3766 3419 4126 2960 3431 2768 3614 4662 4555 3871 3295 2882 3290 
4400 3913 4045 4998 4132 2890 3317 2835 3180 3000 4063 4900 3048 2891 3265 2588 2821 3702 2614 2756 2782 4225 2947 4694 4364 2677 4479 3143 3391 3199 3032 3927 
2814 2772 2590 4785 2796 2996 4114 4157 2824 4488 4623 4322 4377 3644 3693 4562 4263 2916 3797 3626 2681 4883 3629 4414 4453 3544 3063 
4811 4244 3385 2591 4059 4988 4654 4974 4846 2935 4636 4684 3827 4905 4125 3936 3395 2897 2875 3245 3078 3675 3980 3446 3164 4462 3813 4389 
3963 4870 4347 4250 3062 4079 2717 3775 4478 3853 2871 4341 3160 4512 4251 2596 4129 3567 4759 2912 3504 2909 4783 4286 2691 3786 3617 3992 4637 4330 2642 2901 2735 3428 3148 4081 
4463 4019 4146 4332 4327 3618 3409 3515 3472 2600 3688 3741 2874 
2605 3384 3210 3598 3218 3787 3092 3243 
2627 4282 4351 3601 
3301 2607 3080 2975 3836 3450 2791 3079 2955 
3309 3723 3136 3973 4726 4761 3632 4849 4869 2701 2878 2610 4847 3151 3272 3114 4622 3789 4352 
4596 2612 2869 4128 4736 4113 4493 3386 3049 2823 4217 2736 3679 4435 4047 4481 4661 3370 4431 3834 2910 4071 3610 3001 4054 4764 2927 2906 3922 4806 3176 
3574 4937 2759 3896 4075 3469 4138 4780 3732 4386 2753 4878 4299 3600 3842 4477 3171 3308 4420 4800 4709 4458 
3178 4099 3778 3877 4819 4084 3077 2747 2616 2898 3951 4629 4947 3264 3535 3981 3530 2702 4839 4724 3324 
4040 4345 4380 4034 2620 2771 2678 2838 3257 4409 3793 4574 4239 
3253 3684 3520 3203 4134 2963 3677 4221 2622 3705 3623 3939 4268 4569 
3837 4513 2769 2623 3072 4893 4180 3302 3188 3977 3874 3296 3506 3891 
4779 4594 3962 3351 3763 2625 4543 4107 3494 4238 3706 3619 3444 3559 4691 2655 3289 2983 4828 4933 
4429 3492 4199 3342 3015 4945 2837 3174 4344 4317 3710 3167 2884 4423 4572 3545 2928 3608 3343 3400 3558 4742 4621 4100 3202 4843 2964 4096 3306 4643 4224 3989 
4390 3498 4111 3576 2629 4135 3550 4176 4140 2755 3313 2641 
4587 3468 3639 2902 2938 4492 4116 3811 3054 2859 3570 4085 2745 4670 2631 4551 3330 3213 3923 3736 3276 3517 
2795 4706 4182 3197 3862 3184 3920 3372 4165 4022 3804 2939 4752 4675 3357 4015 4797 3508 4432 2635 2836 4302 2731 4159 3895 4995 3368 4158 4771 4421 4153 3411 3013 4032 4791 4673 2729 4620 4080 3140 3449 4590 3745 
3139 3773 3429 4168 2644 4312 4086 2718 4329 3291 3465 2831 
3434 3094 3901 3802 3817 3421 3371 3749 2808 3219 3215 3637 4335 3524 3221 
3855 2683 3694 3147 3929 4191 3591 4531 3437 4608 3478 2966 3009 2723 4875 4060 2970 3998 3700 2646 3091 4678 4553 4008 3179 3727 4936 3403 
3921 4920 3765 4194 4105 2806 2864 4896 2987 2746 3284 4433 4223 4422 
3157 3303 4473 2984 2647 4319 4235 4264 4711 4197 3425 4448 3894 3838 3261 3815 2917 
4861 4943 4425 4970 4686 2670 4518 4522 
4848 3529 4388 4923 3453 4078 2653 3030 4597 4535 4701 4440 3378 3536 4378 3059 4242 4600 4532 4384 4652 4958 4076 
3783 4864 3909 4144 2742 4781 3908 3546 3592 2798 3605 2988 3707 4287 4188 3519 2980 3914 2888 3474 
3315 2854 3897 3528 3865 4350 3993 4564 2750 3924 2913 3134 3246 4844 3968 4480 2660 3932 3698 3704 3229 4371 3938 4013 
4398 4615 4792 4671 3794 4873 3489 2876 4888 4516 4580 4222 4986 3886 4910 2903 4136 4051 3893 3339 4474 4868 4865 4289 
3563 3926 4476 4618 4343 3495 3475 3958 3057 4457 2979 2748 3116 3585 2673 
3798 2676 4143 3081 3665 2751 3647 2762 3233 3966 
2785 3739 4245 4313 4117 3584 4605 4290 4699 4154 4305 4249 3263 3066 4216 
2714 3807 2834 4253 4617 4004 3413 4561 3435 4023 4548 3984 3350 3882 2862 4030 4438 3181 
3035 3230 4954 3445 4772 4782 3687 4610 4056 3955 3463 3282 3805 3238 3606 4655 3222 4376 4604 3205 4374 3940 2817 
4110 3002 3360 3380 3305 2719 2991 3016 3952 
3367 4193 3654 2741 4279 3326 4064 4017 3359 3823 3228 3919 3648 
3477 4039 3542 3361 4061 3586 3170 2761 4650 2957 4584 3128 3310 4213 4805 2744 2788 
3165 3068 3212 4066 3414 3531 3880 3389 4018 
4234 3430 2880 3319 3298 3934 3627 3975 4210 3208 4214 
3438 4527 3527 3352 3511 4179 4326 4077 4083 3286 3484 3671 2894 4254 3106 3930 3666 
7076 5001 6154 5306 5027 5489 5902 7103 5303 7473 5211 6464 6379 6823 6073 6674 7022 5140 5775 6524 5743 5330 7292 6202 5612 
6804 5219 5066 7493 5716 7347 7293 5283 7191 5826 6367 5002 5695 7378 5779 5857 7367 7287 5855 5461 5071 6650 6529 6294 5253 6931 6496 7075 5285 5078 
5003 5694 7129 6811 5877 6925 6276 7074 6932 6866 6133 7035 6140 6302 6074 5600 
5491 5646 6783 6375 5531 7322 5630 6752 7415 7268 5307 6168 7401 5329 7435 6037 7275 7442 7377 5159 6744 5268 5516 5706 6619 6775 7230 6665 6298 6118 6853 7457 5004 5667 5705 6578 6458 5777 7372 6849 5997 6824 5472 7029 
5116 5545 5707 5748 5605 6061 5486 5243 6945 5005 5846 5758 
6157 6465 5276 7413 5339 5430 6421 5818 6618 5950 5935 6539 6509 5226 7498 6564 5193 6792 6108 5853 6555 5538 6911 5643 7281 7151 5390 6471 5980 5449 7471 6887 6882 6743 6209 5292 6363 7338 5287 
6179 6916 6487 5805 5006 7224 5152 6055 6817 5280 6598 7174 5733 6430 6746 5317 6676 6193 5090 6967 5595 6924 6521 6960 5154 5661 5466 5757 6682 6319 7414 7205 5336 6197 5544 6260 7404 5008 7366 6175 6441 5238 5314 7339 
5712 6614 6462 6556 5007 6281 5105 5822 5354 7036 5249 5769 5982 7197 7052 
5422 5009 7186 5110 7337 7215 7348 7350 7455 6466 6206 7460 7370 6844 6690 5956 7044 5899 5264 7042 5340 6617 6006 6584 6641 5112 6760 6269 7060 6167 5325 6246 5117 6123 5789 6855 6144 6627 6707 6353 6248 7437 6233 5536 7111 7399 
7297 5488 7147 5084 6635 7336 5324 6831 6984 7198 7272 5068 5529 6977 6642 6011 5201 5722 7143 6113 6653 5085 7496 6666 7357 5145 6230 7010 5475 
6807 7058 5858 6254 5517 5834 6424 5028 7094 5473 5010 6394 7417 6569 5971 6450 6395 5909 6688 5114 6832 5657 7325 5871 5876 5182 7193 6337 6871 5383 6442 7127 5606 6327 7262 6349 6938 5133 6455 7102 6031 5782 6097 
7256 6289 6484 7212 5174 7425 6155 5376 5519 7038 6874 6139 6275 6425 7447 5109 6024 5508 7043 6312 5582 6111 7373 6722 5520 7488 7158 7267 7433 5213 5535 7252 5011 6917 6064 6794 6951 7225 6231 6035 5788 6663 5776 5754 6696 5676 6541 6966 
5015 5033 5428 5622 6022 5013 6053 7412 7072 7019 6516 6868 6596 6072 5289 7220 6369 6403 7040 6318 5403 7485 7137 6460 5831 6238 6846 7307 5740 7394 6781 5821 5070 6568 7482 
6796 6495 5012 6387 6819 6143 5239 6105 5979 6905 5810 
5421 6151 6710 7248 6408 5570 7025 6256 6284 5868 5014 6171 5043 6330 5164 7149 6675 6229 6372 7477 5744 6305 5674 
5500 6570 5549 7049 5368 6307 5897 5293 6426 5965 6401 6445 5996 5091 5891 6586 5741 6137 5143 6875 
7319 5278 5138 7258 5554 6920 6491 6081 5124 7013 7308 5083 7055 5139 6210 7067 7328 5396 7056 7312 7005 5540 6845 5341 6457 6921 6453 5485 7500 5640 6094 5016 
7216 5017 6910 6056 7406 7141 6296 5353 7301 5180 5121 7104 7136 6448 5718 7167 5652 6633 5236 7065 6107 6390 5122 
5196 6329 5632 5094 5335 5041 5261 5204 6923 5534 6414 
6183 6545 5501 7403 5721 5723 7291 7465 6850 6023 5601 5456 6961 6162 6295 7315 5952 7444 6030 7327 5812 6808 5018 7389 5836 5514 5984 7156 7476 
6321 5532 6867 5042 6976 7410 7211 6436 5302 7120 6044 5887 7250 7346 5586 6719 5849 5664 5019 5588 7202 6797 6374 6350 6943 5893 5194 5312 5388 5621 6290 5650 
7116 7131 7079 7382 6357 7330 5199 6900 6405 5228 7210 6731 5892 6647 7128 6580 6946 6727 5424 5967 5119 6736 6826 6822 5817 6239 7089 6904 5207 5772 6479 7494 5020 5654 5937 6358 5820 6644 7165 5934 7244 
5637 5828 5564 5525 5696 6129 
6761 5806 5408 5426 5932 6110 6770 6406 5510 7246 6135 6525 5107 7227 5063 7183 5277 6322 5665 5230 5470 6141 5025 6263 5021 6316 
5165 5348 5584 6514 5392 7016 7286 5802 5819 7491 5678 6004 7479 6660 6313 6158 5761 6668 5386 5698 7260 5395 6320 5355 7273 5783 7439 7037 6755 5022 6847 5669 6201 6728 6825 
5023 6818 6533 6987 7334 5467 5910 5888 5047 5537 5217 6043 5309 5602 6080 7105 5939 7124 6515 5579 7113 7392 7316 5323 7007 6499 6964 5405 6473 
6991 5730 5379 6616 6236 7259 6452 6671 5371 7081 6757 5704 5863 5455 5804 7012 6691 6077 7423 7232 7288 7182 6599 7157 6252 6380 5454 5416 5129 5830 6389 5046 5703 6805 5568 6625 7481 5734 5670 
6213 6711 6693 5401 5024 7011 6583 5134 6461 6861 5801 6857 7309 7041 6370 5065 7235 6724 5267 6409 
5505 5651 7320 6789 6009 5373 5363 5925 5245 6777 5106 7101 5356 5026 6184 5970 6646 7146 
6782 6881 6020 5507 5311 5527 6240 7140 7242 7274 7300 6356 5546 5745 6308 7352 7026 6253 5333 5235 6815 5346 5297 5305 6821 5274 5768 7057 5629 7449 6007 5136 5282 5905 6922 5029 7428 6848 5572 6540 
5115 5030 5839 6214 7289 6705 7381 5913 5739 5244 7283 7229 5433 5957 5617 5252 5578 5364 6717 
6873 6636 7130 6749 7298 5345 7269 5031 5663 6779 5948 6333 5608 5866 7223 7486 6373 7478 5035 6764 5555 6579 6612 6377 6343 6259 6593 
6637 5497 6176 6066 6088 6753 5135 5972 6745 5032 6573 6419 7006 
6365 6207 6324 5512 7441 7175 7195 5728 7023 5255 5875 5923 5867 5784 5992 5053 5781 6045 7109 7192 6332 5715 7421 5034 6830 6995 5756 5859 6354 5524 7003 7051 6519 7365 6692 7048 
5941 5964 7153 6741 5885 6591 7177 6185 6629 6223 6608 6776 6224 5443 6952 
6463 5547 5418 7431 6670 6138 6982 5036 5056 5479 6433 7201 5976 6382 7217 7440 5662 5835 5792 6565 6974 6116 7386 7254 5809 6005 6615 6266 7329 
7429 6173 6057 6774 6079 7383 6058 5198 5389 7122 6999 6518 5322 6742 5128 5197 6814 5907 5969 6549 6572 6697 6494 7070 5290 6908 5271 6934 6888 5493 5847 5944 5101 5037 7222 7407 6258 6446 5842 
5093 6101 5838 5526 5851 6747 6415 5092 5038 6348 5453 7110 5753 
6190 5763 6762 5222 5328 5732 7294 6242 7430 5321 7468 6027 5210 7255 5939 7194 6000 6188 5103 6396 5215 6986 6980 
5039 6939 7314 6536 7290 6806 7063 6371 7160 6630 6355 6737 5949 6078 6507 5179 6813 5752 6485 
7226 7169 6147 5080 5237 6575 6039 7436 7446 5332 6186 6687 5347 5973 7499 6439 6997 7313 6314 5943 6099 5162 6309 6412 5125 5221 7420 7487 5616 5978 5374 5108 5050 5794 7106 6712 7196 7359 7285 6929 6475 5811 6595 6431 5365 6605 7385 
5609 6474 6489 6708 5560 5813 5040 6526 5921 5246 
7061 6368 7184 6658 
6791 7326 5911 5659 5598 7155 6501 7432 5327 5833 6622 6432 6029 5316 7333 5089 6400 6602 7163 7245 7185 5981 5827 7434 7380 7453 5183 7208 6423 5061 5628 5901 7356 
6851 5974 5132 5300 6953 6975 6067 5452 5889 7469 7391 5713 6304 7261 6589 5442 7078 5931 5044 7397 5928 5279 6571 7303 7233 
5413 6958 5933 5894 7162 7418 5946 6893 7355 5558 5191 5843 6095 7459 5700 7376 5521 6520 6339 5415 7218 5045 6150 5441 5431 
5541 5048 5148 6661 6919 6152 6385 6935 5625 5816 6112 6287 
6534 6065 6729 7168 6990 6927 6949 5625 
6106 5224 6299 7108 6799 6883 7096 6093 6892 5749 5049 6554 6255 6620 5391 5377 
7050 7000 6283 6567 5845 6361 5187 6899 6153 6047 6780 6234 7125 5686 5296 5903 5052 
5375 5397 6890 6146 6331 7398 5623 5460 7452 5157 7204 6667 6288 5113 5051 6968 6657 5685 5205 6505 5648 5750 6172 6548 5968 5618 
5815 5294 5882 6626 6767 5262 5960 5054 6784 6895 7321 6778 5619 5862 6878 5111 5735 6723 6051 6640 5149 6969 5151 7340 6280 6785 
5945 6469 5701 6523 5799 7451 7466 5725 6854 6562 5511 6628 7114 5724 5067 7424 7082 7324 5055 7203 
7251 5457 5990 6954 5242 5635 7265 6718 5709 7400 6315 6560 5915 5474 6159 6522 6437 7189 
6611 7448 5592 5542 7360 7341 5774 5178 6328 6941 7164 5565 6100 6590 7305 5795 6163 7144 5337 
5057 5773 6082 6613 6623 7033 6124 7118 6970 6443 5175 6631 6149 6071 
5206 6145 6798 6181 6109 6114 5058 6827 6076 6470 6680 6537 5272 6087 
6886 6985 5059 6606 6019 6758 7088 6273 6915 6897 7066 7475 6132 6639 7239 6772 6532 5869 5561 5719 5212 6957 5551 6204 6588 6732 5917 6604 5498 7454 7332 5155 7349 5807 5953 7093 6220 5398 6025 6828 6393 5218 6561 7463 6084 5281 
7032 7470 6049 7395 6165 6472 5203 6528 7253 5883 7467 5168 5919 5873 6787 6838 6948 6788 5954 5518 5163 5653 5916 5247 5072 5060 
5780 6872 7228 6177 7059 6955 6478 6511 7443 6054 5720 6323 7484 7462 6245 6870 6607 7234 7362 5747 7209 5658 5273 5118 6174 7154 6477 5419 6119 5153 
7270 7363 6812 5372 6089 7054 6342 7077 7091 5240 5593 6891 5930 7133 5656 5854 6122 6001 5062 5611 7236 6689 6730 5412 5731 5687 5829 6015 5683 5318 6277 6841 7247 5358 5202 5764 6480 7277 7369 
6906 6959 6748 7371 5599 7472 6360 5958 5251 6018 6947 5528 6434 5778 6907 5495 7364 5313 5668 5102 5604 5233 5367 6482 5852 6559 5760 6270 5369 5169 6226 6542 6803 6429 6476 7004 6672 6326 7031 6802 5492 5864 6291 
5924 6352 7243 5872 6930 5929 5171 7134 7219 6865 6032 6399 6677 7408 5223 6859 6942 6125 5468 7241 6142 6075 7490 6833 5123 
5634 5225 6215 6645 5566 5438 6265 6940 5766 7464 6546 7207 7311 5069 7170 5476 6346 6130 7396 6235 5539 5064 6709 5411 
5717 6715 5550 6740 6902 7115 7263 7257 6550 5590 5878 6914 5483 6225 5073 6933 5559 5626 7142 6200 6392 5227 5522 5999 7296 6404 5362 5959 7351 5553 7068 
6038 6338 7097 5074 6773 6587 6449 6413 
6338 5170 6010 5580 5077 7034 6686 5881 5548 
6918 6502 6090 5189 6835 5823 5591 5671 6756 6695 5075 5825 
5076 5259 6334 5231 5494 7073 5530 6685 6008 5208 6652 7152 5446 5095 7080 5104 
6679 7179 5711 5856 5523 6903 6282 7030 6120 5906 7086 6973 5478 6673 7046 6837 6979 6538 5209 6344 5890 6203 7221 5079 6279 5393 7379 5220 6052 6340 5120 7458 5820 6310 7358 5256 6131 6059 6192 6884 7138 6702 5690 6754 
7087 5384 5641 5786 7008 6858 6963 7295 6418 6086 7419 6771 6274 6928 5785 7497 7302 7206 6504 5359 6834 5927 6040 6391 6836 7018 6706 7317 5951 5385 7002 5158 6909 
6016 5100 6311 6885 5081 5552 6699 5420 5410 5334 5666 6250 
6017 6092 6703 5620 6981 6965 6156 5275 5087 5649 5955 
6422 5082 6267 6669 6751 5127 6388 5250 6733 5808 
5086 5790 6293 5832 6577 6734 5567 5463 5458 5504 6447 5914 6869 5963 6880 6594 
6713 6701 5803 6983 5918 5423 5770 5870 6272 6610 6576 5088 
7139 6863 7172 7343 7099 6901 7427 7426 6364 7390 5195 
7178 5986 6244 5904 5260 5692 5824 5381 5738 7053 6820 6189 5257 6512 7345 6621 7090 7282 6840 5751 6198 7064 5137 6251 7361 6102 5533 5615 6638 7159 6257 5465 7231 5451 7284 6889 
5150 6609 5562 7271 5848 5425 6994 6261 6860 5796 5099 5627 5096 6498 5131 6050 6527 6456 6098 5908 6582 5912 6286 5338 6126 5399 6971 5684 5295 5742 5583 6211 6962 
7126 5477 5631 5484 6427 7388 7001 7280 5097 7384 6552 5898 5689 5160 6115 5726 6944 5471 6134 6632 7121 7264 
6381 6407 6531 6228 5633 6219 5987 5098 5557 5234 5173 
7344 5581 6643 5349 6513 7393 7310 6347 6800 6738 5791 5378 6998 6036 6989 6585 6877 5691 5400 6581 7095 5793 6103 6768 5444 7249 5427 6486 5636 6809 7342 7375 7411 7354 6002 6543 6085 6497 5344 6856 5573 
5482 6739 7024 5462 6683 5693 6335 5702 5729 6763 5624 5126 6336 
7422 6063 6698 6121 7180 5414 5248 5380 6483 7279 5351 7009 5936 5681 5320 6438 5746 7402 7119 7438 7331 6993 5241 7238 6301 5161 6170 5682 6597 5844 
7483 6212 6694 5167 5922 5402 7190 5266 6021 6420 6894 6285 6182 5232 5459 7276 6070 5697 7318 7181 6842 6492 7374 6662 5966 5900 6104 5787 6383 6972 5556 6766 6790 6297 6384 6042 5920 6720 6243 6271 6378 5642 6913 7492 5597 7173 
6517 6278 6268 7015 5985 7020 5645 7045 6041 6169 6508 7028 6503 
5569 5407 7021 5509 5315 5587 5614 5962 5680 5417 5675 5352 6435 6864 7085 5130 6795 5298 
5464 7069 5144 7071 6341 5141 6034 5263 5270 5991 7148 5186 7489 6876 5874 7266 5439 5710 7368 5596 5765 6603 5983 6012 7299 7083 6601 5879 
5865 7145 5895 5142 5896 5166 6033 5176 
6208 5382 5896 5310 6725 6810 5284 5370 
5291 6659 6196 6444 5644 5672 7188 5679 6026 6714 5610 7387 7306 5563 6386 5755 5884 5172 5736 7017 6217 6600 6180 6721 5361 6506 5146 7161 6416 6829 5607 5360 6117 5850 7416 6222 6237 7039 5366 
5254 6046 6624 5147 6091 5409 6488 5988 6216 5436 
6700 5938 5639 6950 5487 6247 5860 6547 6191 
5188 5840 6262 5435 5977 5594 6912 6634 7405 5513 6681 5156 6300 7027 7409 7176 6553 6232 7132 6069 5994 7098 7135 6510 5613 5387 6303 7461 6178 6839 
6013 5432 6048 6028 6366 5177 6563 5258 5708 5480 
5762 5699 5975 6060 5331 5515 6654 6956 5185 5575 5576 6651 5181 5800 
5574 5837 5571 6128 5184 6249 5447 6345 5406 5543 5886 
6574 5880 7112 5445 6136 5357 6459 5677 6397 6062 7445 7335 6664 7107 6816 7240 5288 6292 7495 6194 6199 6402 7474 5993 6786 7200 6264 
6765 5947 6735 6926 6793 6750 6996 6410 5490 6716 6068 6127 
5502 6769 5269 6161 6451 6648 6481 6417 5190 5942 
6096 5940 6557 5265 6544 6879 5759 5192 5496 6317 6351 6898 7480 6937 7062 5214 6684 6362 6852 7187 6843 7092 5350 7166 
6592 6558 7117 6164 7278 7084 6490 7450 5767 6083 6862 5299 6704 6398 7353 5647 5200 7214 7456 7237 6936 6896 5998 6205 6187 6428 
5714 6160 6166 5469 5440 5216 6551 6014 6411 5589 
7213 6978 5798 6195 5404 6221 6148 7323 6656 5727 5771 5429 5655 5841 5229 6988 6325 5342 5301 5995 6454 7304 
5926 5961 5286 7171 5499 6759 5450 5660 6359 6500 5737 5673 5861 6468 6655 
5688 5503 5448 6726 5434 
6535 7199 6649 5304 6467 5585 7150 7100 6992 5506 6003 6306 5814 5638 6530 
6218 5343 6227 5394 5481 5797 6241 6376 5319 5308 
6493 5603 5437 7123 7014 5989 6440 5577 6801 5326 6678 6566 7047 
7515 9064 7653 7771 9564 8209 9645 7501 9866 9745 9692 8796 8399 8825 8093 9115 8876 9890 8746 9198 8830 7993 7614 8121 8529 8284 9663 8649 7753 8134 8981 8324 9742 8137 8253 9719 9412 
7597 8850 9155 7582 8199 9682 9530 8822 7823 8667 7502 7807 8889 9140 8727 8307 8935 
8004 8379 7744 8362 7503 
8372 9175 9001 8538 9354 8941 
8206 9621 9832 9178 8939 8036 7504 8741 9660 8961 9075 9014 7508 9614 7937 7522 
9439 9708 9428 8263 7764 8375 9128 7852 9740 9887 9901 8268 8730 9016 9558 9491 9959 9756 8572 9069 7939 8158 9851 7505 8661 9240 8874 9763 7549 9941 9600 9232 9462 9405 7660 9344 7637 7591 9589 
7533 8095 8846 7686 8277 8205 8713 8101 8678 7698 9039 8980 
7690 7506 8435 8774 7630 7971 7824 9054 7759 8179 8499 
9233 8259 8219 8357 8283 9403 7843 8817 8112 9087 7814 8410 9520 
7667 9194 8705 9725 9231 8210 7635 9565 8659 8956 7507 7603 9068 7567 8454 8860 9091 7620 
7610 8396 7972 8099 8755 7746 7884 
8843 8898 9385 8642 8569 8872 9575 8148 9173 8732 9956 8926 8743 7509 7959 9865 9643 7573 8461 9497 8812 8028 9371 8808 8135 7931 7769 7913 9699 9357 9396 9845 9950 7650 7864 9298 8861 7683 7776 9957 9352 
9200 7956 9849 9880 9716 7632 9469 9824 8936 8683 9850 9648 
9839 7516 9773 7510 9531 9167 8397 9874 7786 8880 9889 8675 8613 8518 9830 8141 9227 7943 9640 7634 8726 9378 8927 8721 9715 8479 8174 9847 9778 9632 8195 9642 7669 8366 8217 8505 9447 7978 7964 8192 9547 9023 
8430 8695 7723 8509 9322 9841 9035 8720 9784 8532 
8188 7659 7916 8526 9242 9542 8971 8421 7511 8081 7704 9580 7862 8950 7854 
9776 9733 8942 8411 7770 7536 7725 8580 9241 9154 9792 9303 9806 8063 9156 7512 8331 8630 7727 8900 8586 7899 
9842 7601 8697 9467 7851 9451 9860 9074 9939 9052 7695 7949 8938 9055 9235 8058 9179 8865 9044 9125 9652 8496 9835 9658 7589 7554 9720 9526 8599 9895 8824 9916 9750 9625 8134 9480 9414 9751 7754 9273 9986 
8559 8857 8991 8325 8962 8638 7513 8739 7947 9236 9596 8903 9518 9768 9864 9000 8784 9010 9834 9398 9110 8970 9988 8227 9721 9829 9872 9418 
8549 9098 7813 7808 7845 7968 8937 8864 9381 9812 8525 9919 9496 7787 9775 8823 8201 8639 9274 7517 9944 7644 7850 9679 8337 9122 9365 8000 9924 9629 8008 8923 8321 9940 8225 7749 9935 9666 
8012 7654 7525 9394 7898 8383 8866 7514 7958 9571 8068 8686 8041 8995 9969 9567 9176 7741 8009 9380 8163 7841 8271 9350 8466 8561 9338 8280 7911 8944 9053 9510 7564 9582 8109 
8119 8794 8758 7643 7855 7518 8685 7524 8235 8298 8118 
9586 8212 7519 9072 8221 8816 9591 9406 9186 7829 8635 8248 8827 7860 9474 7700 9150 9754 7763 
9662 9585 9606 9411 9513 9694 
9946 8204 8731 8269 8303 7752 9876 8753 7520 8120 8153 9903 9921 7556 9540 8018 
9814 8693 9254 7892 8977 7866 9688 8795 8541 8837 9121 9079 8750 9644 8207 9902 9943 8034 8593 8006 8925 9206 8497 7986 9490 8344 9770 9453 8802 9318 9148 7611 7575 8694 8487 
8405 9293 9852 9779 9436 7743 9511 8246 8471 9664 8351 8617 8428 8597 
8761 9342 7521 7920 7934 8854 8851 8964 9013 8459 8996 
9578 8464 8267 7980 9073 7523 9036 8622 8966 9287 9279 9563 8254 9253 
9429 8198 8669 7740 9583 9634 9796 9146 8835 9579 8139 8833 8829 7987 9702 8276 8517 8814 8568 9408 
9210 9997 8852 7750 8103 8896 8026 8356 8536 7816 7998 9635 9905 7553 9099 9040 8788 9152 9948 8412 7679 9952 9826 8717 8223 8787 8172 8275 8849 
8180 9592 9794 9101 9668 8820 9899 9667 9104 8115 7585 8317 9356 9246 7577 8386 9445 7710 9102 9309 9196 7526 
8790 7640 8309 8582 7840 7527 9337 7876 8042 8354 8330 
9300 8571 9538 8377 8097 9968 9886 8333 9275 8250 8724 9712 8462 7616 9686 8037 8560 9576 8010 8619 9785 9611 8917 9525 7563 9981 8133 9932 9294 9670 7994 9689 8863 8191 9825 9927 9972 9045 8455 8070 9588 8714 8239 9522 8330 7633 9114 7818 
8951 7989 8515 8082 9278 9501 9237 9401 8094 9133 9216 8628 9677 9675 7528 9570 
8438 8129 9330 9537 8680 9857 8390 7893 7593 7694 9285 8764 8912 7529 8290 9139 8668 7726 7765 
8367 9984 7747 8138 8623 7576 8286 9987 7906 9017 9440 8581 9875 8358 9947 8229 8608 9731 7853 9457 8584 9603 8251 7815 9604 8433 9928 9983 8603 7762 7811 9620 8810 8453 9502 8534 
7546 9452 7531 9908 8578 9923 9755 9900 8092 8976 8066 7927 8524 9157 7638 7682 9975 8591 9226 9949 8427 9532 7530 9914 9878 8489 9307 8994 9700 8394 9772 8032 9637 8059 9315 9955 8171 7608 9915 9041 9739 8974 8167 
8711 9135 9029 7900 8030 7543 8596 8300 8640 7895 7847 
9533 7532 9757 7800 9358 8984 9353 8232 9174 7833 8658 9366 9998 7623 8071 9665 8592 8881 8049 8637 8915 8472 8033 8091 8785 9612 7612 7751 8369 9375 8940 8320 
8539 9292 8932 8615 7882 9413 7734 9192 8350 8490 7534 
7535 7538 8703 7738 8076 8488 9726 8535 8791 7798 8805 8376 9066 7953 9160 8607 
7561 8776 8985 7692 8798 9798 7761 8512 8260 7905 9561 9243 9593 9103 8921 9288 8733 8319 7820 
9420 9960 8124 9377 7720 9602 9867 9203 9523 7974 9268 7830 9964 9701 8601 7848 7783 9132 8736 9359 9671 7537 9549 7714 9868 
7873 9930 9266 9862 8220 9761 9269 9089 8446 9822 9283 9598 9021 8247 8979 9553 7774 8266 9617 9248 9205 9690 9624 8305 8020 9871 8738 8355 9030 8477 7712 9164 9724 9856 7732 9870 9994 8948 7902 9229 9286 9861 9788 8481 9284 
8867 8316 8834 8142 7539 7758 
9187 9093 9211 9124 
8583 8698 9262 8594 9384 9821 9963 9199 8326 8231 9623 9258 9697 8157 8289 7540 8050 7674 8869 9881 9942 8299 9569 9771 8105 8196 9271 8296 8897 9143 7872 8579 9587 7547 
9992 7930 8144 7940 8621 8381 8983 8162 9472 8318 8181 9535 8348 9713 9088 9220 7954 9737 8368 8122 8553 8618 8061 9685 9183 7928 8238 9656 8486 8757 9954 8104 7952 9063 8335 8783 9181 
8797 8029 7680 7663 8014 7592 9061 8604 9332 9485 9006 9673 7979 9925 8689 8815 8748 7645 8073 9922 9630 8595 9306 8083 7826 9789 9025 8176 9270 7541 9171 9990 9929 9749 9844 9081 9556 7684 9272 8364 8226 9454 8914 8519 
7681 7812 8804 9189 8361 8631 8382 7977 9760 8775 9846 8052 9933 8531 9333 8629 8078 9488 7588 9431 7656 9951 9195 9372 7728 9659 9514 8393 9816 9654 7604 9364 9442 8360 8665 8793 8677 8998 8388 
9131 8440 9818 8450 9218 7542 8302 7982 7806 9118 8654 8102 7748 8304 9619 8763 8069 8458 
9019 7711 9758 7832 9215 7918 9070 9815 8444 9092 9320 9655 
8502 8922 9340 8766 9438 7914 8152 8022 8997 8779 9348 7613 8106 
8279 8982 9388 9123 7544 8469 8708 9605 8498 8258 8065 8111 7721 9184 9217 9478 8270 
9638 7586 8877 8902 9843 8457 9324 8072 9953 8056 9435 9884 9729 9883 8064 9296 8606 9610 8449 8508 9743 8460 7717 9782 9631 7691 8256 7703 7834 7672 9744 8222 7921 8701 7944 9261 8473 9813 8096 7782 9172 7718 8155 9161 
8370 7957 7990 8146 9328 8965 7617 9738 9225 8886 7696 7880 9392 9799 8792 9695 9245 8127 7922 7545 9319 7991 9323 7804 8305 7784 8166 9071 7662 8482 8848 9230 8327 9080 9597 9869 9684 9765 9317 9295 9858 7795 9341 9723 7781 9056 9836 8332 9838 8048 
9419 8908 9704 9996 7548 8577 9221 9448 9581 7887 8079 7731 9051 7590 8906 9022 8530 9018 9970 9848 8887 9397 8147 9657 9892 8483 9995 8514 8154 9803 9653 9728 9407 8773 9802 8086 8339 8150 8566 9057 7879 9134 9991 8634 8264 8089 7701 8765 
8494 8656 9111 9336 7605 8143 8149 8145 9807 9978 8868 8883 7550 9138 9934 9464 9011 7917 9764 8744 9048 9489 9974 9050 9730 9422 8311 10000 7946 
8402 9450 7551 8786 7733 7910 8087 8968 8770 8194 8807 9077 8895 
8500 7552 7837 8740 9247 9299 
7735 8707 8193 7961 7766 7648 7609 
7736 7555 9141 9691 9252 8395 7907 8441 8590 9808 7661 7755 7706 7785 7797 9647 9706 9455 
7619 8170 9746 9259 7942 8660 9437 7981 7627 8422 9417 9204 8340 8001 9885 8728 7739 7579 
9058 9672 9197 9395 9509 8567 7874 8398 8445 9105 9389 8414 8341 7557 8905 8893 
8352 9722 9190 7976 7600 8934 9289 8434 7665 8418 7655 9083 9766 8548 8545 8627 9681 8407 
9153 8177 7558 8920 8371 8990 8892 9649 7984 7912 9182 8287 8818 
8062 7693 9425 9651 7639 8419 9360 7559 7587 8573 8373 8652 9783 8550 8856 7583 8671 
7722 7805 8475 7888 8301 7685 8813 8904 9222 7560 7969 8537 
8987 9223 9470 8353 8426 9627 9193 9339 8491 9142 9238 7562 8240 7821 9748 
9031 9780 9465 9917 9577 8723 8681 7904 8470 9362 8417 9774 9896 9308 8756 9097 9566 8521 9613 9166 9144 7883 7668 8130 9594 8885 7779 8117 
9459 8719 8989 9676 9622 9781 9911 7565 9379 9047 8803 7631 7924 9302 9383 9521 7671 9404 8636 8047 9741 9484 
9024 9387 8651 8992 7566 8322 8855 8511 8186 9482 
9560 8687 9249 8409 9568 9615 7909 7999 7835 8291 
8476 7568 9399 9993 7836 8782 8722 8832 7702 9976 8013 9552 8696 8203 8589 9277 7578 7666 7960 8858 8598 8734 9962 9705 8946 8159 9032 9027 8600 8969 9316 9369 8190 8429 7878 8840 8947 7571 8602 
9545 7649 8314 9033 8576 9267 9082 9982 9918 8281 7831 9120 9059 8666 9550 9698 9213 7598 7569 9791 9476 9256 8679 9335 9516 8544 
8645 9367 9002 8963 9810 7925 9382 9443 8216 8648 7715 9752 9345 9426 9759 8228 9130 7570 9468 9747 8528 9709 7802 7863 8164 9573 9219 9078 8873 8084 9487 9966 8389 8839 9492 9971 
9343 9636 8507 7881 9423 8054 7803 9427 8899 9106 8378 7859 8967 8127 7760 9819 8777 7903 8533 9906 8742 7673 9777 9432 8692 8197 8249 9158 7915 7719 8735 7828 9879 9616 8522 8044 7729 9065 9177 9251 
8241 7572 9326 8918 8575 9410 
9255 8894 7678 9129 8273 8218 8116 9416 8261 8789 7789 8312 8387 9108 7757 9718 8310 8140 8088 7574 9265 9363 9162 8513 8184 
8650 9368 8233 9076 8297 8002 8347 8110 7629 7992 7675 9290 
9260 8242 9212 8113 8972 8647 8463 7580 8230 9504 7780 8704 8884 
8329 9424 8131 8415 7870 8439 9539 9937 8684 8762 7705 8611 7988 8562 8282 9361 8484 9449 8385 9505 9727 8200 9517 8243 9920 8809 8346 7581 9608 8025 9912 
9508 8313 9506 7857 7607 9913 7793 8986 8706 7985 9833 8023 8673 8336 9544 9347 9159 9646 7817 8403 9572 8610 7877 9909 8890 7938 9893 8655 8949 8570 9863 9280 8392 9145 9989 7687 7801 9527 8543 7929 9107 7896 9618 8504 9703 9973 8292 9809 8085 
7641 9376 9042 9325 7885 7967 7584 8609 9524 9898 8657 7858 7768 9466 9136 9769 9717 9554 8690 8620 
8751 9804 9714 9827 9734 7688 9026 7697 7664 8380 9311 8160 7689 8682 9795 7622 7897 8806 8523 8128 
9628 7596 9038 9458 9967 9276 9009 9891 8625 8760 9674 8245 9479 9434 8800 9958 8456 9113 9999 9787 9961 9020 7707 7773 9797 
8958 7995 8841 9012 8555 8021 7932 9257 9349 7724 8911 
8878 7997 7713 8516 7615 8913 8859 7794 7594 8224 
8274 8236 9060 8670 8017 8641 9004 7595 8007 8664 7708 
7865 8831 7599 8003 7809 9085 7966 8875 7646 8769 7849 
8716 9430 9831 8503 8257 9641 7975 9977 9687 9823 9446 9301 9281 7602 8173 7636 8688 8046 8988 8151 8077 8653 9828 
9304 8345 9536 7970 9493 9507 7923 8931 8888 8540 7861 8019 8288 9421 
9008 9005 9090 8919 7955 9264 7606 9736 9043 9503 9873 9483 8202 9151 8443 9607 8067 8401 9475 9855 9543 8712 9595 8015 8035 7926 
8244 9109 9609 7625 9661 9263 9574 8957 9732 9477 8821 9936 9633 9127 8907 8752 9926 9329 8819 7839 8165 8587 9390 9169 8672 8432 7618 9980 7945 9650 
9415 8043 8778 9291 8114 8255 8527 8663 8182 7621 9119 8495 9168 8480 8978 8374 
7647 9945 8182 9907 9805 9910 9888 
8999 9562 9498 8045 9314 9313 8132 7867 9762 9094 7894 8040 8700 9800 8342 8442 9250 7624 9234 9095 
8993 7950 9599 9495 8759 9786 9820 7652 7846 9735 8588 9370 9793 8168 8928 9904 8674 7626 8252 9282 7709 9965 8699 9297 9938 8812 9859 7730 8234 
8842 9486 8214 8424 8953 8437 7745 9305 9696 8643 8178 8862 9461 9228 7890 8836 8754 9790 9391 8265 8557 8565 8943 9180 9882 7628 8272 8051 
8060 8930 7642 8546 9034 8136 9312 9170 9003 8039 9117 
9163 7889 9116 8547 9707 8501 9473 7963 8768 8400 9191 8038 7651 9559 9441 8644 9028 
7869 8323 9202 7658 9244 8916 8125 9355 8016 9007 8090 8510 9460 
8215 8100 8187 7716 8031 7657 
8315 9100 8955 8676 
9639 8189 9471 8343 9463 9767 8632 8929 8328 8384 8169 8563 8691 8506 7973 7908 7670 
8959 9400 9346 9877 8749 9209 8474 9711 9515 9433 7699 9680 8844 8552 8910 9894 7676 9494 9096 9126 8542 8633 
8108 9512 9499 7919 8901 7983 7838 8408 7796 8933 9351 8662 
8781 9112 8574 8420 8870 8055 8845 7792 8616 8436 7936 8406 7799 9185 8285 8359 8909 7790 7677 
9853 9753 9854 9817 9931 9985 9897 
8278 9062 9678 7901 8080 8612 9500 8365 9557 7996 7827 8293 9590 7767 8853 
7756 8213 8423 7737 7788 9402 9147 7822 8468 
8646 9519 7875 9840 8107 9811 8448 9386 9837 9310 9086 8416 9669 9321 7742 8191 8737 8879 8882 
7871 8799 8485 8871 8924 9374 7791 8478 8431 9546 8295 8492 9049 8175 7772 
8891 9015 8811 8391 8404 8467 9626 9224 9037 8161 9534 8564 9979 7842 8237 8710 8074 8308 7775 8605 9541 9551 
8715 8493 7777 7962 8334 7825 8183 8363 8156 8451 8306 
8349 9693 9584 8725 9601 9149 9710 
7941 7891 8208 8702 8828 8554 9137 9334 8098 8975 7778 
8960 8005 7886 8614 8075 8185 8745 7948 7810 8626 
7933 9239 8767 8452 8413 8973 9046 9529 8558 8952 8057 9528 7819 8624 8945 
8709 8425 7844 9067 8211 7868 9555 8747 8338 8772 8826 9801 8011 9207 8126 9214 9327 
9165 7951 9373 8053 8729 9188 8780 9201 8520 9409 9481 
9208 8954 8447 9548 8123 8024 8585 7856 9683 8465 7965 9084 8771 9331 8551 8718 
8262 8838 9456 9393 7935 8801 8847 9444 8556 8027 8294 
