2060 2402
1044 1049
1309 2953
1031 2360
1363 1604
2092 2195
964 2797
119 1891
1572 2489
740 2945
1179 2845
706 1564
2686 2958
713 2930
120 2187
1957 2711
1497 2697
2055 2146
758 1719
1894 2952
638 2930
962 1851
2360 2954
827 1537
2571 2596
26 1719
1172 2187
2712 2980
869 2297
2202 2954
967 2958
304 2596
1891 2558
1604 2797
2195 2582
2099 2797
956 2969
1841 2510
117 2648
2125 2945
2901 2980
1254 2980
1844 1891
2092 2829
2336 2571
593 2969
740 1173
562 1898
232 2829
2638 2689
343 1856
921 2933
1565 1572
2187 2969
1963 2797
1565 2278
644 2567
872 1570
1356 2958
1702 2945
593 1016
827 2084
1897 2055
1247 2958
1562 1705
102 2334
1719 2281
201 2788
1565 2489
1972 2160
1387 2608
482 2608
1792 2326
185 2246
125 2945
1008 2829
1959 2190
1908 2988
343 2160
562 2988
869 2608
921 2712
1490 2638
1891 2984
2712 2903
757 2829
2183 2903
1843 2984
1192 2582
2160 2686
1165 2970
1416 1908
1660 2472
758 2281
2648 2840
1692 2608
1226 2278
1228 2195
392 1172
1465 2060
1755 2567
1792 2246
1660 2190
2492 2510
1735 2396
2092 2697
1247 2635
230 2952
92 2326
1564 2840
1959 2901
1110 2099
2648 2958
1604 2745
2589 2897
1583 2489
1031 2572
2491 2933
2623 2980
2558 2984
2745 2953
872 2841
445 2897
1792 2555
428 2689
1686 2958
39 2571
1110 2689
1782 1898
1299 2281
850 2897
1416 2643
784 2202
1330 2933
2009 2109
408 1907
347 2958
1172 2712
2697 2930
2580 2686
2495 2580
2009 2453
1226 2146
1299 2472
1897 2933
2953 2984
1073 1205
1363 2689
922 2572
644 2972
2656 2970
1465 2930
493 1232
2326 2845
1062 2267
1353 2988
2202 2788
1605 1944
470 2162
185 547
1963 2099
70 2952
671 967
2969 2970
1844 2970
1286 2472
1163 2903
2021 2774
208 2980
1008 2697
1967 2281
1363 2336
1309 2980
2064 2953
2336 2745
2933 2980
1356 2686
1792 2596
1562 1959
706 2840
1179 1980
1980 2845
1972 2580
912 2841
2334 2712
1181 2183
1062 2954
107 2774
209 2933
26 2279
2349 2686
1286 2608
31 2954
967 2580
1156 2845
1049 1747
1907 2492
2055 2183
2711 2933
547 2845
1286 1422
1490 2903
1465 1497
1537 2402
667 2840
1537 2195
1702 2125
1163 2648
1605 2689
2589 2841
743 1813
482 2281
850 1863
1462 2472
872 2897
1353 2643
293 2954
1491 2712
1967 2635
117 2980
1231 2567
1654 2954
2183 2933
667 2958
1309 2952
1073 2969
2021 2658
119 1231
392 2396
2635 2840
39 1422
1894 2953
1898 2988
1179 1702
304 1337
1959 2492
2901 2970
1416 2988
1470 1844
285 1580
1604 1747
2109 2901
2092 2291
1959 2969
2623 2970
2555 2558
3 2064
535 1755
956 2970
2572 2954
535 2841
1998 2623
125 2845
1841 2187
1963 2336
1863 1980
338 2952
1572 2146
230 2064
2648 2686
2334 2903
2267 2658
2021 2572
1147 1564
493 2571
730 2360
1986 2903
232 2491
2202 2572
1231 2988
85 1813
1348 1349
304 2845
1254 2933
3 2984
1416 2567
1894 2829
2162 2489
535 2972
1173 2845
2510 2656
1747 2903
1692 2279
730 2169
2745 2903
1462 1719
2190 2623
1894 2558
1337 2555
1172 1349
493 1044
702 2162
2054 2658
1890 2840
1735 2510
2840 2930
1490 1986
1907 1925
2510 2970
2829 2930
1387 2279
958 1556
977 1856
76 2988
1782 2897
1228 2930
1363 2797
1915 2984
2712 2952
445 2589
11 2984
291 2933
1907 2969
675 1156
2109 2930
713 2195
1816 2272
1309 2418
221 2953
2402 2453
1792 1863
2555 2596
2009 2402
1692 2252
1894 2064
2267 2774
827 2829
1719 2252
1891 2712
1702 1863
2152 2580
740 1580
1915 2272
2903 2953
1497 2829
2567 2897
1856 2686
470 2206
1604 2638
1179 2246
92 1863
2190 2980
2689 2797
2169 2572
1796 2952
967 2349
2396 2492
2589 2988
92 2555
1570 1986
2 2648
1980 2246
2558 2712
201 1972
2658 2954
470 1572
667 1564
70 2953
282 1393
204 2774
210 2510
408 2969
1583 2055
2160 2840
1353 2567
1735 2901
547 2945
1537 2930
958 1337
2162 2933
2788 2945
2635 2980
1565 2656
1076 2643
11 2933
2489 2711
2064 2334
702 2711
2162 2183
2643 2988
2396 2656
107 2360
128 2656
2788 2952
757 2697
1432 2903
547 2788
1029 2988
1705 2396
1654 2658
1572 1897
1497 2930
1565 2055
2980 2984
1119 2195
869 2252
746 2472
2897 2972
730 2774
1756 1782
1254 2903
76 2972
591 1980
450 2797
482 1462
1337 1556
2246 2945
1957 2418
1490 2084
148 2246
108 2845
1330 2334
204 2658
304 2326
148 1863
2623 2933
1254 2984
1044 2571
1356 2495
2190 2510
1008 2930
2206 2933
1863 2945
185 2555
1556 1702
1247 1972
2572 2774
2901 2969
2084 2952
1813 2774
1998 2980
869 2279
1570 2336
1782 2589
136 784
1908 2897
1580 2774
1967 2648
964 2638
1247 2970
1562 2623
959 2582
1128 2492
1008 2009
2272 2984
2160 2635
1792 2656
2635 2686
1702 2246
1286 1387
338 2953
1843 2933
1172 2969
482 2472
120 2901
1490 2797
758 1432
562 2897
1299 1692
1422 2608
1049 2291
1432 2608
1692 2281
2169 2774
2841 2972
398 2774
2064 2558
593 2187
1660 2281
1898 2643
2334 2980
1393 1755
2152 2958
1363 1747
2092 2491
392 2901
1556 2845
1073 1562
1076 1755
1963 2152
2054 2954
1462 2608
872 2643
2183 2278
2272 2279
2582 2589
1792 2788
1330 2984
117 2840
1393 2589
1294 2841
1173 1207
2146 2489
1719 2297
386 2060
2712 2953
1076 2988
386 2930
31 2267
1226 2933
1393 2582
1944 2797
408 2901
1925 2187
1792 2841
2064 2984
2954 2988
1156 1556
1491 2933
1843 2418
588 1556
1013 1813
185 2596
1228 2092
1031 2021
1309 2712
2349 2958
323 348
2495 2686
1027 2297
210 2969
1915 2418
2152 2495
226 1207
291 2489
1049 2571
148 2326
1286 2279
1654 2572
1890 2152
2903 2952
1605 2745
1841 2901
2571 2903
827 2930
1583 2933
2638 2797
398 2658
1562 2901
2195 2930
2495 2958
1299 2297
1898 2582
702 2183
1796 2953
1027 2279
1925 2492
1957 2952
2146 2162
2402 2930
304 2582
1353 2589
2187 2510
1497 1756
1205 2970
1192 2643
2246 2326
562 2841
408 2970
2402 2829
2952 2984
1572 1813
2571 2797
1110 1986
291 2278
1156 2945
1967 2349
1583 2206
450 2689
2582 2643
1294 2988
671 2840
1232 2797
1686 2686
2195 2697
2841 2988
1894 2930
1957 2558
39 2638
1843 2396
450 2571
836 2903
1205 2623
1490 2099
277 1735
746 1692
102 2952
2697 2829
1844 2272
958 1980
1008 2491
230 1816
2360 2774
1181 2278
2402 2697
959 1294
1890 2635
282 2972
591 2845
482 2279
2555 2945
291 2980
1891 2952
706 2648
593 2901
1008 1851
226 2326
208 2623
70 2901
2190 2970
2555 2788
76 1163
2272 2558
2418 2984
1816 2558
1076 2841
347 1967
1286 1660
784 2267
962 2988
26 2297
2084 2953
11 2953
1735 2969
2558 2952
1570 1944
1073 2396
2933 2952
1686 2580
1462 2297
1029 2841
2840 2958
1898 2972
2183 2711
1537 2491
209 2558
1497 2060
2187 2970
2246 2596
2349 2840
1851 2195
1356 2840
1891 2980
959 2567
1843 2980
2272 2418
2084 2903
1925 2970
1890 2988
743 2954
1470 2162
1843 2334
2349 2635
784 2954
1686 2349
85 2658
850 2589
2109 2829
1031 2954
1207 2555
1856 2580
348 2845
1580 2054
1363 2988
1897 2206
1205 2901
702 2933
39 2689
1645 2745
757 2092
1967 2958
1044 1570
1570 2571
2558 2980
706 2958
1897 2183
2495 2635
210 2980
2278 2711
535 2988
702 2146
758 2608
1299 2060
1756 2829
1348 2788
1986 2745
2021 2267
282 2988
1016 2623
1755 2582
2281 2297
1564 2635
1156 2555
2060 2930
2901 2903
1119 2829
638 2656
2160 2495
1330 2712
1348 2945
1387 2252
117 2580
1843 2953
472 2608
2099 2638
2099 2745
2009 2060
2195 2829
119 2988
210 2623
1349 2396
2267 2360
2162 2396
1062 2572
2267 2623
2206 2278
1205 2969
1309 2984
1029 2897
90 2697
1816 1891
2453 2829
1705 2970
209 2953
964 1363
588 2246
922 2169
1654 2267
872 2582
1179 1792
1491 2984
2278 2840
872 2589
588 2326
1044 2903
2060 2829
293 2202
1228 1756
1645 2689
282 1462
921 2272
1013 2954
1894 2092
2206 2267
102 2953
757 2453
2567 2988
1119 2060
1944 2638
1165 2492
26 2608
148 2845
1564 2495
1363 2638
1605 2099
2278 2489
221 2712
2291 2829
1890 2958
2160 2648
2492 2980
1562 2396
1580 2021
730 2021
1029 2972
746 1660
1337 2845
2745 2797
1173 2596
1337 2958
1073 1128
1173 2555
1294 2643
221 2903
644 2582
1165 2623
1016 2901
3 2712
2608 2623
1796 2418
1570 2797
1147 2635
2054 2988
967 1972
1353 2491
1163 2635
591 2596
1915 2952
2643 2933
2712 2984
962 2162
11 2952
1462 2279
1813 2954
1959 2970
2558 2953
2582 2897
1755 2988
2064 2903
204 2360
282 2841
2349 2648
2109 2697
1165 1755
1076 2567
1465 2491
1247 2648
2360 2658
2252 2472
1231 2897
2336 2797
1181 2933
408 2980
1972 2958
1128 2190
1110 1944
1432 2279
1580 2169
304 2945
836 2797
1181 2711
1816 2953
1163 2686
1570 1963
1925 2969
107 1915
2190 2901
1181 2489
2291 2402
2099 2903
1477 2658
117 2958
1432 2472
1796 2984
1890 2686
1016 2970
1963 2638
2054 2774
1967 2840
1755 2897
125 226
1013 2572
1692 2297
70 2418
136 2658
1967 2686
922 2774
2510 2969
671 1686
1562 2980
1660 2297
2055 2711
2125 2326
2418 2903
1686 2840
1898 2841
347 2686
1907 2970
1813 2658
2160 2903
959 2988
31 2988
343 2958
872 2988
1387 2472
850 2567
2582 2972
1756 2092
2334 2418
1477 2984
60 2648
588 2945
836 1605
1844 2953
347 2152
1432 1660
1349 1998
836 2745
784 2054
562 1782
90 2491
2689 2903
2360 2572
827 1756
1645 2571
1843 2952
348 2596
1851 2453
2334 2953
757 2206
2009 2829
208 2656
850 2988
962 1226
850 1416
2109 2970
1654 2169
2582 2841
230 2984
2169 2360
1027 2281
967 2160
1119 2930
1205 2492
1497 2291
922 2021
125 2596
2099 2689
2060 2697
1856 2970
1963 2571
2623 2901
675 2596
1705 2969
392 2969
277 2901
1387 1719
136 2572
1796 2021
2336 2638
472 2252
445 2841
921 2953
338 1816
912 2643
1465 2697
1925 2109
221 1490
2267 2572
2272 2952
964 2336
2945 2984
1705 2190
2183 2489
1073 1625
1247 2686
2555 2845
2152 2840
1147 2580
1863 2596
1782 2972
1898 2897
184 1756
2009 2930
366 2125
470 2711
740 2555
2272 2933
1756 2697
1972 2686
2845 2945
1645 2418
2252 2608
1062 2202
959 2972
2797 2903
1119 2491
1841 2970
1925 2980
277 2492
2202 2774
538 1605
1330 2952
1422 2281
740 2845
2169 2954
1179 2945
962 2933
1348 2596
1660 2152
2492 2901
2623 2969
1228 2697
2202 2360
1416 2582
1207 2845
285 2954
2510 2901
922 2954
2491 2697
2689 2745
1147 1356
343 1967
1470 2489
2291 2930
706 2984
398 1062
746 2281
221 2984
1972 2635
743 2169
2054 2572
2580 2958
291 2711
1565 2933
1908 2589
232 2930
148 2125
31 2054
1972 2840
2092 2930
2580 2648
1173 2945
2009 2491
2396 2969
102 2980
956 2980
2 2686
1660 1692
2571 2638
76 912
1735 2187
2567 2582
1897 2146
2152 2635
740 2788
1625 1959
2491 2829
1562 2788
958 2125
2162 2711
1356 2349
2686 2697
90 1843
713 2009
1580 1654
2841 2897
959 2897
1422 2252
90 2930
1719 2608
1841 1844
428 964
1349 2970
210 2396
1537 2697
2635 2958
1625 2901
1747 2571
366 2396
108 2945
226 2945
644 2988
2643 2841
2297 2608
644 2278
1705 2901
76 2589
293 2774
1247 2495
1491 2953
2202 2267
1782 2988
1580 2360
2472 2608
912 2988
2797 2958
1891 2933
428 1604
1119 2402
757 2930
1228 2829
962 2206
3 2952
1605 2638
1232 2336
1583 2183
2084 2933
2279 2472
1908 1998
209 2980
291 1181
1231 2643
445 2972
1967 2580
107 2202
1477 2774
1110 2336
2146 2183
201 2845
128 2901
1172 2901
1226 2055
2055 2206
201 2596
2109 2969
1490 2745
667 2648
2146 2206
125 1207
1393 1782
208 2510
2952 2980
784 1470
1232 2689
1207 1702
1128 2970
1782 2841
2021 2954
92 2945
392 2970
743 2658
293 2658
1604 2689
1890 2160
90 2453
107 2954
293 588
2635 2648
921 2952
386 2491
2492 2969
136 2774
922 2658
1110 2638
1891 2418
76 2897
730 2954
1796 2712
201 2945
1625 2510
1756 2930
1029 2567
1856 2840
2933 2984
1416 1841
204 2954
2774 2954
827 2009
1564 1686
1844 2187
2567 2841
1049 2797
1128 1907
1565 2711
1986 2797
136 2954
535 1908
2054 2267
128 2969
1907 2980
1944 2745
1572 2711
1907 2901
1816 2984
2558 2970
1163 2952
2267 2954
408 2623
472 869
1422 2279
26 2472
1226 2711
2686 2840
956 2510
1841 2969
2567 2972
869 1027
232 2402
2589 2643
1330 2953
2195 2291
1756 2608
671 2958
2190 2969
1128 2901
758 1299
1890 2648
2160 2958
1163 2064
1299 2608
2638 2745
1416 2897
827 2402
1735 2970
1147 2840
644 2897
2580 2635
85 2954
593 2970
667 2495
1491 2272
2252 2281
2055 2278
1972 2152
1841 2190
2580 2840
977 2840
1796 2980
1844 2984
1572 2055
977 2635
912 2582
108 2596
2510 2658
1537 2829
1556 2945
588 2596
1705 2623
2396 2970
1944 2571
1353 2841
1422 2472
1470 2278
958 2945
977 2152
2334 2984
2495 2840
1735 2623
1851 2697
1844 2712
2272 2712
1959 2510
2623 2829
2206 2489
398 2954
1583 2711
2084 2984
956 2901
1564 2958
1755 2589
2190 2571
2491 2930
1349 2969
60 2958
185 1908
1583 1897
1963 2745
2745 2954
1013 2658
2146 2711
2952 2953
1562 2187
1156 2326
1349 2656
2334 2558
2970 2980
1792 2845
1491 2952
2152 2349
1147 2334
11 2980
1702 2555
1031 1654
977 2958
450 2745
2656 2969
1998 2969
2206 2711
1898 2712
1432 2252
1686 2495
1908 2958
1856 2958
472 2297
706 2349
675 1980
2064 2970
1232 1747
2349 2580
201 2246
2109 2491
31 2774
1796 2903
1393 2988
675 1863
85 2572
2643 2972
675 2326
2582 2988
2162 2278
1049 2689
1556 2797
1490 2336
1013 2202
1844 2969
1645 1944
2453 2930
1294 2897
1986 2689
70 1816
1856 1890
277 1016
1049 2903
2109 2396
1192 2988
2054 2360
1465 2402
338 2558
1016 1925
1856 2495
2418 2953
2897 2988
912 2840
1959 1998
1477 2954
1705 2492
2492 2970
2291 2984
2788 2845
1925 2656
2596 2945
2903 2984
1894 2491
107 2169
1254 2418
1147 2958
1231 2841
2510 2980
1031 2169
2658 2774
1980 2945
1337 2945
1660 2252
1841 1907
1813 2202
1027 1898
428 2745
1897 2711
1963 2689
1294 1353
1062 2021
1957 2984
128 2970
1172 2623
1851 2930
2060 2195
1747 2797
2 1893
3 1766
11 2973
26 2098
31 2890
39 2813
60 1906
70 369
76 336
85 2854
90 1507
92 2864
102 1378
107 2342
108 2736
117 583
119 2588
120 1129
125 2836
128 2559
136 1822
148 2471
184 2470
122 185
201 2781
204 2915
208 2018
209 2416
210 2780
221 2793
226 2905
230 2837
232 2777
277 2355
282 1281
285 2776
291 2645
293 756
304 2892
323 2642
338 2369
343 2294
347 2873
348 2914
366 1633
386 2747
392 2878
398 2271
406 408
428 2494
445 2761
450 2775
470 2520
472 2719
482 2717
493 2103
535 2782
538 2471
547 1241
562 2459
588 2991
591 1731
593 2569
638 2390
644 961
667 2213
671 2976
675 1845
702 2983
706 2384
713 2746
730 2907
740 1539
743 2341
746 2775
757 2507
758 1906
784 2019
827 2000
836 2578
850 2479
869 2513
872 2722
912 2560
921 2836
922 2956
59 956
958 1878
959 2485
962 2303
964 2918
967 2657
977 2837
1008 1037
1013 2243
1016 2809
75 1027
1029 2421
1031 2793
1044 2449
1049 2998
1062 2789
1073 2960
1076 2978
1110 2519
1119 2520
1128 2757
1147 1788
1156 2563
103 1163
1165 2662
1172 2441
1173 2968
1179 2680
47 1181
1043 1192
1205 1380
1207 1807
788 1226
1100 1228
1231 2475
1232 2813
1247 2550
1254 2038
1286 2853
1294 2463
1299 2363
1309 1352
818 1330
1337 2192
1348 2401
1349 2856
1353 1628
1356 2503
824 1363
1387 2537
1393 2550
1416 2808
1422 2298
1432 1923
1462 2052
1465 2778
1470 1790
1477 2770
1490 2955
769 1491
1497 2173
1537 2879
1556 2619
1562 2543
849 1564
1565 2458
1570 2339
491 1572
1580 2136
215 1583
1604 2893
1605 2475
1625 2270
1645 2880
1654 2955
1660 2398
1686 2786
1692 2784
1702 1968
1469 1705
1719 2229
1735 1738
507 1747
1755 2563
1246 1756
403 1782
1792 2617
1796 2351
1813 2767
1816 2328
1841 2565
1843 2881
1844 2905
1851 2858
864 1856
567 1863
1885 1890
1891 2598
1894 2757
1897 2273
1445 1898
1656 1907
1908 2239
1915 2244
1925 1936
1944 2813
1957 2728
905 1959
1963 2882
1967 1970
1452 1972
751 1980
1986 2813
1998 2894
2009 2280
1328 2021
1720 2054
2055 2439
2057 2060
1775 2064
2084 2511
2092 2234
2099 2687
2109 2986
2067 2125
1000 2146
1392 2152
2032 2160
2162 2817
2094 2169
2183 2944
2187 2947
2159 2190
1414 2195
346 2202
848 2206
1835 2246
2252 2798
2267 2856
2223 2272
2278 2926
2279 2831
2281 2922
2291 2942
33 2297
1549 2326
368 2334
2336 2599
72 2349
2360 2659
2396 2820
1616 2402
349 2418
2023 2453
1640 2472
2339 2489
1644 2491
1193 2492
1808 2495
2510 2557
1057 2555
2558 2566
2567 2600
2273 2571
2086 2572
1571 2580
2582 2937
1476 2589
2426 2596
1186 2608
418 2623
2276 2635
1302 2638
2643 2672
2057 2648
2315 2656
2658 2678
2686 2983
1191 2689
1307 2697
2303 2711
2712 2773
2528 2745
2774 2789
2256 2788
2591 2797
2818 2829
2280 2840
2841 2892
1081 2845
2897 2919
2901 2902
1288 2903
2024 2930
2764 2933
603 2945
306 2952
2872 2953
1365 2954
2382 2958
2078 2969
2331 2970
1238 2972
1428 2980
1375 2984
796 2988
2 2966
26 2778
31 1775
39 2955
60 2866
70 2093
85 2801
90 2912
92 2401
102 994
108 860
117 1568
119 2974
120 2975
125 560
128 2951
136 2893
148 2214
184 2611
185 2592
204 2026
208 2763
209 893
210 2748
221 2824
226 1845
230 1643
232 1055
277 1689
282 2900
285 2978
293 1101
323 2965
338 2309
343 2605
347 2853
366 1614
386 2876
392 2098
398 2881
428 2456
445 2716
450 2867
470 2883
472 2091
479 482
493 2024
535 2271
538 1781
547 860
562 2504
591 2886
593 2778
638 1778
667 2377
671 2749
675 2666
702 2756
706 2824
713 2653
730 2874
743 2498
746 1772
757 820
758 2613
784 2870
827 2990
836 2923
850 2716
869 2729
872 1732
912 2683
921 1691
922 2770
956 2893
958 2821
959 2875
964 2929
967 2298
977 2603
1008 2938
1013 2944
1016 2594
1027 2694
1029 1683
1031 2809
1044 2191
1049 2406
1062 2811
1076 2610
1110 2466
1119 1869
1128 1763
98 1147
1156 2820
1163 1603
1165 2888
1161 1172
1173 1253
1179 2962
1181 2752
1192 1737
1205 2979
1207 2629
1226 2426
1228 2678
1232 2611
1254 2357
1286 2726
1294 2618
1299 2713
1309 2772
1330 2621
1348 2937
1349 2700
1353 2716
1356 1506
1363 2979
1387 2674
1393 2776
1416 2338
1422 2736
711 1432
1462 2716
1465 2089
1470 2814
1477 1768
1490 2104
1491 1828
1388 1497
1213 1537
1556 2778
1564 2735
1565 2303
1011 1570
1572 2943
1580 2823
1583 2857
1604 2786
1605 2977
1625 2496
491 1645
1654 2298
1686 2706
838 1692
1702 2476
1705 2839
1719 2830
1735 2448
1747 2089
1755 2781
360 1756
1782 2598
1792 2874
1787 1796
1813 2946
1816 2500
1841 1880
1843 2947
1844 2703
1851 2772
1856 2699
692 1863
1890 2077
1894 2404
1897 2967
1898 2633
1907 2639
1908 2214
1014 1915
1925 2865
1944 2504
1750 1957
1143 1959
1555 1963
1967 2824
1972 2512
1986 2497
1998 2705
2009 2817
2021 2679
2054 2618
2055 2529
2060 2151
2064 2173
2084 2789
2092 2777
1866 2099
2109 2255
2125 2820
2146 2910
2152 2155
335 2160
2162 2535
2169 2631
4 2183
1464 2187
1534 2190
1322 2195
1239 2202
2206 2687
1675 2246
2252 2920
2267 2359
2272 2289
2278 2849
2279 2959
2281 2522
1527 2291
279 2297
2326 2732
2334 2739
1832 2336
2349 2971
2360 2369
2396 2804
2184 2402
1149 2418
2440 2453
2300 2472
2489 2877
1573 2491
2482 2492
2495 2915
2302 2510
2555 2886
1288 2558
2567 2716
1732 2571
2572 2637
1971 2580
1676 2582
2589 2994
1741 2596
1691 2608
2619 2623
2635 2978
2017 2638
2643 2716
2045 2648
2461 2656
2658 2808
2686 2898
172 2689
2645 2697
686 2711
2179 2712
1109 2745
2750 2774
2788 2816
2797 2860
2811 2829
2164 2840
2465 2841
1225 2845
2897 2931
2901 2935
2884 2903
2440 2930
2933 2971
2813 2945
2340 2952
2613 2953
67 2954
2860 2958
2612 2969
2403 2970
2949 2972
2717 2980
2950 2984
2716 2988
2 2277
60 2956
85 2916
119 2662
120 1871
184 2553
204 2008
208 2292
209 2215
226 2913
230 2995
232 2793
277 2529
285 2610
323 2937
338 2887
343 2967
366 2606
386 2873
428 2863
472 2654
482 1366
493 2863
535 2645
538 2804
547 2934
562 2386
591 2844
638 2471
667 2500
671 2296
675 2674
702 2908
713 1704
730 777
75 746
836 2017
921 2106
956 2573
958 2860
964 2852
967 1444
977 2994
1008 2223
1027 1296
1031 1494
1044 2655
1076 2842
1110 2050
1119 2551
621 1128
1147 1389
1156 2923
1163 2210
1165 2906
1173 2887
1179 1689
1181 2584
1192 2450
1226 2761
1228 2617
1232 2799
1294 2894
1299 1703
1330 2238
1348 2282
1353 2507
1356 1365
1363 2493
1387 2753
1393 1904
205 1422
75 1432
1462 2977
1465 2888
1470 1912
1477 2425
1491 2926
1497 2222
1537 1726
1556 1575
1564 2801
1565 2094
1570 2939
1580 2541
1583 2986
1604 2759
1605 2793
1625 2883
1645 2433
1654 1874
1686 2904
1692 2587
1500 1702
1705 2963
1719 2444
1735 2807
1747 2637
1563 1755
1756 2709
1782 2996
1792 2947
1796 1982
1813 1992
159 1816
1841 2025
227 1843
1844 2741
1851 2844
1856 2805
1412 1863
1737 1890
1741 1894
1897 2777
1898 2727
1907 2879
1908 2764
1915 2035
1925 2946
1957 2761
1959 2880
1967 2904
1972 2331
1998 2932
2009 2880
2021 2944
2054 2937
2055 2234
2060 2838
2064 2904
2084 2842
2092 2796
2099 2813
2109 2706
2125 2742
2152 2524
2160 2935
2061 2162
2023 2169
2187 2397
1485 2190
2195 2232
2202 2708
2206 2303
2246 2688
2252 2851
2267 2346
1877 2272
2278 2872
2279 2905
2205 2281
2291 2787
2297 2818
2326 2535
2334 2965
2336 2338
2193 2349
1785 2360
2396 2624
2402 2856
2409 2418
2453 2906
2472 2819
2468 2489
2492 2493
2340 2495
2265 2510
2482 2555
2558 2892
2366 2567
2571 2813
2568 2572
1111 2580
2582 2905
2589 2931
2488 2596
2608 2820
2461 2623
2635 2859
2638 2811
846 2643
2562 2648
2308 2656
2417 2658
2539 2686
1492 2689
1681 2697
1259 2711
2170 2712
2745 2851
2027 2774
2068 2788
2017 2797
2814 2829
2603 2840
2841 2864
2198 2845
2716 2897
2886 2901
2771 2903
1518 2930
2141 2933
2500 2945
2927 2952
2038 2953
2954 2996
2455 2958
2033 2969
2965 2970
2403 2972
2980 2999
2494 2984
1444 2988
119 2803
184 2956
323 2939
366 2975
386 2035
538 2390
638 2909
956 2870
1027 2469
1044 2999
1110 2995
1165 2715
1179 2753
1192 2983
1226 2123
1232 2543
1348 2996
1470 1858
1477 2748
1583 2488
1605 2017
1625 2886
1645 2672
1747 2813
1755 2663
1816 2802
1843 2837
1851 2389
1890 2346
1915 2350
1558 1925
1957 2500
1967 2790
1998 2729
2021 2327
2054 2931
2055 2799
2064 2687
2084 2602
2099 2376
2109 2663
1974 2125
2160 2213
2162 2806
2185 2202
2206 2213
2246 2975
2252 2731
2267 2499
2272 2824
2141 2278
2279 2450
2291 2375
2334 2437
2336 2787
2360 2576
2329 2396
2402 2995
2418 2466
2452 2453
2489 2987
2150 2492
639 2495
2510 2993
2542 2555
2567 2939
1672 2571
1419 2572
1361 2580
2412 2596
1590 2608
2123 2623
2638 2688
2621 2643
2384 2648
1131 2656
2201 2658
2689 2708
2562 2697
2711 2977
2712 2995
2745 2754
2774 2974
2788 2804
2797 2810
2812 2829
2840 2860
2841 2910
2845 2981
2867 2897
1698 2901
2832 2903
1346 2930
2388 2933
2088 2945
2936 2952
2464 2953
1532 2954
2958 2966
2583 2969
2763 2970
2870 2972
2795 2980
2559 2984
2467 2988
184 2710
323 2733
366 2554
1165 2973
1192 2422
1625 2208
1890 2728
1915 2839
1952 1957
2125 2887
2162 2846
2202 2539
2396 2718
2402 2937
2453 2714
2303 2489
2571 2671
2638 2890
521 2643
2656 2676
2218 2658
2697 2976
2711 2731
2038 2712
2710 2745
2452 2774
2659 2788
2836 2841
2740 2897
2903 2977
2194 2930
2933 2999
2525 2945
2952 2961
2957 2958
2263 2969
2361 2970
2502 2972
2980 2982
2695 2984
2125 2968
2745 2813
2049 2952
2970 2990
