712 3481
1977 2859
1986 3893
202 3782
584 3795
786 2301
327 1020
23 3814
2348 3497
234 3966
786 2060
2984 3010
3421 3966
2886 3073
1536 3992
1070 3910
1528 3396
3416 3748
308 3708
2452 3164
2584 3437
2597 3713
447 3486
2348 2979
2045 2481
1872 3524
3000 3227
2301 2656
456 1533
3759 3950
3570 3809
3957 3992
24 2984
2025 2305
2234 2519
1439 2843
966 1016
1124 3284
1250 3748
452 3680
673 3606
3101 3894
2144 3910
713 2481
2269 2765
2300 3981
1536 3298
308 3372
324 3462
893 3795
1561 3378
2529 3603
825 3713
321 3486
1789 2770
2026 2859
2051 3735
133 3349
3291 3467
3467 3800
2789 3809
1005 3893
1371 3101
1070 2835
1606 1631
716 3795
1912 3791
3613 3713
3411 3784
2749 3708
234 3486
1027 3481
2618 3969
2903 3613
1453 3681
3088 3558
3536 3710
343 2749
1162 3099
3088 3189
644 3992
56 3809
1671 3894
640 3613
281 2167
3713 3735
1986 3445
1357 3738
1194 3852
2908 3445
3189 3710
3189 3497
2668 2820
3607 3759
2592 3966
1128 3099
114 3966
6 3969
387 3969
54 2597
2401 3983
3909 3918
966 3639
1606 3536
67 1590
1977 3992
114 3421
1567 3981
2820 3957
1579 3737
3488 3573
2026 2820
1577 2896
2244 3372
3681 3910
3125 3856
550 2705
1104 3000
2731 3603
2504 3822
2519 3966
2618 3829
2061 3096
2260 3829
2791 3782
1436 3788
2899 3467
2860 3605
2344 3438
3372 3470
1371 3829
84 3349
3096 3291
2973 3573
1567 3788
2452 2460
680 3852
1119 3795
644 3957
2244 3708
560 2398
711 3795
523 3099
248 3639
2042 3910
1896 3738
2037 3886
2144 3713
1634 2301
1368 3910
1836 2789
1220 3966
1112 3999
718 2053
2984 3681
2062 3282
447 3824
3010 3981
3524 3607
593 3894
478 3759
2523 3372
2558 3223
740 3992
1517 3639
1962 2622
2904 3291
2908 3822
172 2781
1162 3209
808 1124
480 1590
2401 3957
1432 2584
338 447
2485 3814
640 1533
2979 3227
2460 3283
2406 3822
1131 3856
560 3910
2425 3088
1855 3283
2820 3983
785 2078
2481 3957
2348 3536
2860 3101
480 712
1020 3416
603 3488
1533 2781
315 3829
478 3598
1896 3680
3372 3800
1406 1867
3261 3788
2078 3454
1368 3809
2592 2622
2903 3788
2968 3209
3421 3710
2974 3735
2607 3530
1954 3748
700 1368
3283 3782
1608 3603
1709 3454
2537 3738
2425 3710
1189 2968
1368 3735
3445 3950
1118 3969
1561 3856
1925 2884
8 3894
1606 3164
1860 2770
2305 3462
3073 3966
3291 3708
2545 3603
1836 3713
2392 3856
1977 2649
1954 3969
2061 3909
1844 3101
2968 3223
2835 2903
1538 3088
308 343
2649 3856
1947 3992
219 3570
1533 3713
169 3570
3000 3497
24 2481
2023 2060
277 3708
2592 3918
3330 3737
2061 3966
3437 3486
2400 2903
3909 3966
1466 3950
2504 3000
3227 3710
1406 2968
2974 3910
3573 3681
1098 3282
2042 2974
2398 2974
2418 3349
2406 3378
1052 3677
2529 2545
3445 3784
2519 3918
2300 3681
3438 3680
721 3856
1860 3999
1140 2481
3378 3445
2398 3910
2519 3824
2340 2790
1957 3467
2903 3164
1189 1809
2344 3486
1438 2852
3735 3910
95 3681
1536 2401
1986 3805
2765 3822
2062 3122
1439 3738
906 3570
1162 3886
825 2452
3282 3784
2854 3088
2062 3606
425 3488
2607 3000
1453 3981
56 3782
2968 3099
2217 3523
1045 3677
1837 3349
1709 3680
2558 3462
2731 3814
1844 3605
1761 2045
555 3981
343 2705
59 2118
8 3284
1588 3805
1011 3983
3010 3735
2051 3910
785 3738
1119 3284
1631 3710
84 2896
425 3981
1709 3523
2979 3189
2668 2789
3032 3438
315 2885
1144 3969
430 2749
2537 3680
1809 3462
1894 3809
2622 3421
430 3372
906 3809
3032 3159
3437 3603
740 3330
2899 3329
2644 3886
2770 3284
2843 3254
510 2523
2144 3894
1189 2276
2400 3713
321 3738
2366 3010
716 3999
1194 3189
1005 3677
2287 3282
2597 3010
1528 3411
2791 3909
711 3607
2790 3101
357 1144
603 3981
2283 3329
2816 2885
2885 3605
2904 3372
3378 3893
2816 3605
3605 3969
3396 3950
1179 3814
1194 2425
1286 2307
2398 3164
1439 3454
2903 3910
2276 2558
1567 3681
1517 1925
3032 3738
721 3957
3284 3795
224 3189
2749 2899
1538 3254
3822 3893
2344 3909
3573 3981
2406 3784
3824 3966
1567 3488
2217 3738
2324 3437
697 3856
2984 3981
2301 3795
3829 3894
2790 2816
2 2979
2852 3999
95 2300
941 3291
851 3983
1011 2649
439 3983
3748 3894
1894 2545
2340 3969
2727 3784
1631 3530
3209 3462
1609 3822
351 2153
644 3983
2904 3329
3159 3462
1011 3809
1986 3396
2558 3099
234 3909
2908 3396
2315 2789
1695 3824
114 3748
2366 3261
2860 3416
1836 3570
3298 3330
321 2622
1681 3524
1694 2829
2883 3918
2401 3992
3598 3999
523 1096
2060 3795
3437 3824
3784 3805
114 1855
1634 3598
1112 3795
59 3598
2042 3713
54 3788
786 3524
1140 2628
1045 3950
2618 3605
1577 3470
3378 3822
2400 3788
3613 3788
508 2433
1867 3886
2979 3680
2979 3530
3330 3957
2045 3957
718 3809
1204 3950
1357 3523
2622 3918
2023 3999
1588 3411
2656 3607
743 3957
439 2705
1608 2529
59 3759
3981 3983
1466 1579
1957 2523
2399 2908
339 3814
3918 3966
3677 3893
808 3795
716 3524
3759 3784
584 2770
357 3969
3791 3886
338 3966
2244 3329
2625 3894
415 3524
2781 2974
560 3713
2324 3909
234 3421
2460 3570
3396 3411
3713 3788
1250 3829
3759 3999
175 3329
2189 3708
3416 3894
644 2859
2144 3735
2705 3708
740 3983
387 3748
1052 3411
1855 2315
3710 3852
8 3999
2984 3814
2300 3814
2276 3209
1487 3481
523 3223
2315 3809
2973 3981
681 3122
3164 3261
681 3606
555 3814
2622 2829
95 3738
2344 2537
2731 3073
3298 3983
338 3073
1805 3713
2344 3159
234 3824
2485 3681
970 3677
2983 3805
1517 3349
941 2283
3349 3470
2829 3032
3445 3677
801 3909
1011 1118
2584 3966
1248 2523
966 2418
2191 3437
1533 2974
3481 3886
357 3894
1131 2392
84 2884
3784 3822
1836 3809
2401 2649
2558 3886
1645 3558
2023 3795
3378 3677
2592 3248
2051 2835
2859 3125
2269 3950
2189 3680
315 3969
3122 3791
786 3598
2584 3909
603 3814
3416 3969
2163 3809
2344 3738
1761 3125
2705 2899
324 2025
2884 3784
351 3795
808 3999
713 3856
1298 3603
357 3829
2406 2765
318 3795
1045 3893
2094 2118
1579 3992
3298 3992
893 3524
560 3788
3159 3454
2025 3099
1691 3438
1026 3454
3000 3536
2727 2983
2884 3639
208 3605
644 1561
2234 3248
2983 3784
600 3710
3454 3680
3603 3677
1432 3909
2504 3710
2045 2820
2343 3284
1809 2025
1609 3784
3291 3372
1144 3748
308 2749
3000 3852
172 3164
510 3329
2163 3283
1579 3330
1957 2904
795 3969
2094 3999
2045 2845
1590 3282
3681 3814
24 3681
3677 3822
2343 3607
966 3470
2153 3759
3605 3606
3421 3918
1645 3530
1671 3605
2307 3481
1190 2406
3606 3791
2829 3824
1805 3910
673 1098
1579 3983
2392 3125
1860 2343
3010 3814
2398 3822
1104 3497
2545 3421
3411 3677
31 2053
1957 3800
2063 3809
740 3737
2400 3261
1119 3999
1112 2118
114 3909
2820 3856
2983 3396
2885 3894
1894 3438
1962 3966
3096 3708
1694 2519
351 3759
2366 3613
3603 3918
510 3708
2649 2845
2731 3966
2523 3096
84 3329
1590 2287
2315 2460
3159 3680
2001 3981
2523 3708
3524 3795
1709 3738
3227 3558
2781 3713
2148 2232
2884 3349
1986 3950
1027 3791
202 2063
1761 2406
3735 3788
2063 3283
2845 3856
1837 3639
536 1561
823 3713
3291 3329
681 3791
3282 3886
2232 2607
743 2628
1098 3791
23 3488
2144 3613
1190 3950
224 2260
2904 3708
2217 2537
823 1368
550 2899
2189 2244
2026 3737
1052 3893
2418 2896
343 1709
1220 3421
54 2903
2731 3486
430 2244
1600 3950
1954 2625
1204 3805
1789 3607
1691 1694
3248 3918
3372 3708
710 3822
3329 3800
2078 3738
2668 3809
2278 3101
1836 2791
1538 3852
3681 3981
1453 3738
2167 3639
2843 3088
2765 3805
2283 3800
1760 3486
2979 3824
2023 3284
2790 3748
2625 3416
699 3681
2399 3677
3248 3909
3893 3950
1518 3710
1119 3524
2781 2835
3606 3886
169 1855
3677 3805
795 1144
823 3613
710 3445
2628 3992
3822 3950
2644 3791
1439 2344
1681 2656
2770 3524
172 3735
3164 3788
425 3814
1588 3822
3470 3639
3189 3254
1590 3791
3788 3910
1286 2037
740 3856
2529 2886
3598 3759
2283 2854
888 3454
699 2485
229 1671
3814 3856
2903 2974
2060 3284
795 3918
536 3856
2896 3639
2232 3396
1925 3470
344 2883
3570 3782
319 3096
2883 2884
2731 3437
731 3969
508 1085
1645 2885
3524 3598
2765 3784
1760 3966
2886 3248
1286 3122
2860 3969
712 3606
593 3032
1286 3606
452 2078
2189 3467
1250 3605
2418 3470
452 3918
1190 3893
2094 3598
2845 3737
2232 3497
2519 3486
2607 3189
1357 3558
76 2418
2300 3488
133 3639
2401 3330
2908 3677
3957 3969
3159 3523
1518 3523
347 3893
1947 3957
584 3999
2790 3894
1103 2628
593 3680
2790 3969
536 2628
1487 2433
2727 3396
2481 3735
3530 3738
1453 3573
1912 3283
3073 3918
2398 2400
3282 3791
893 3999
2392 3983
2628 3737
2843 3710
550 3372
2519 2584
3000 3530
2366 2400
851 2649
523 3886
478 3795
1805 2366
2 3227
699 2973
3073 3824
2025 3209
2307 3122
2656 3999
2656 3524
1439 3349
1609 3782
2452 3788
640 1368
3349 3639
1761 1809
1608 3966
721 3992
54 3613
2051 3613
1438 2392
2232 3088
2400 3613
246 3992
795 3829
2883 3488
2974 3886
1695 3918
600 3852
3737 3983
23 3462
2425 3254
1179 3488
2037 3481
1600 3893
1577 3349
480 3122
321 3966
1760 3421
95 3814
3605 3748
1681 2060
67 3791
2883 3981
1836 3782
2908 3759
2062 3791
1096 2418
2189 2899
1645 3710
1894 2163
1371 2618
1439 2537
1204 3893
1466 3396
452 3032
3164 3910
795 3894
970 3467
1518 3454
95 3981
1487 3122
2051 3261
2749 2904
697 3957
319 3708
2406 3396
3032 3454
3523 3680
2051 3713
3227 3852
1631 3852
3438 3738
2061 3421
76 893
2592 3486
3378 3784
2399 3893
711 3598
1371 3969
2979 3852
2406 3101
1590 3606
1609 3893
1645 2607
347 2983
508 3791
3613 3735
339 3981
2979 3536
208 3416
1671 3829
1760 3918
1204 2399
169 2167
1179 1453
552 3570
246 3957
3010 3910
3088 3536
23 555
2668 3570
3164 3713
552 3291
2545 3824
2287 3791
2854 3886
2781 3910
319 3467
531 1567
277 2523
24 3814
2789 3570
3101 3829
1760 3909
248 2167
1204 3784
1131 3992
1070 2452
785 2537
2781 3261
3261 3613
2884 3470
1250 3894
3437 3829
1124 1789
3784 3800
550 2791
808 3607
713 3330
1962 3824
2618 3894
508 1027
2816 2860
2504 2843
2460 2789
246 3737
3782 3809
1103 3957
1194 3558
672 966
2852 3607
2705 3372
2829 3603
2860 3894
1119 1298
2138 2167
699 3981
3101 3969
3737 3957
1536 3330
315 2816
1896 3523
3248 3824
2597 3788
743 3992
2622 3909
603 2984
3445 3814
2519 3437
2305 2558
672 3639
2886 3918
2300 3573
2315 3969
795 3748
2770 3829
3261 3910
357 3748
712 1016
2053 3570
3411 3822
1867 2968
1131 3983
2885 3969
1534 3918
2597 3910
888 3738
1128 3209
1634 3759
2885 3101
2973 3814
133 2884
1695 3421
906 2668
2260 2790
1894 2668
1083 3497
1954 3101
1681 1789
2545 3073
2153 3999
1695 3966
1466 3445
2278 2592
1179 3981
2234 3966
1516 3852
2148 3852
3759 3795
1567 2984
1438 3999
575 2324
2324 3918
3613 3910
731 2618
2829 3918
575 3603
2628 3983
2348 3852
2452 3261
2908 3950
3283 3570
1534 2191
1962 2545
2835 3261
906 3782
2668 3782
2278 3829
2705 3329
1140 2026
2749 3800
415 3598
1280 2904
3101 3748
584 3524
8 3607
387 1844
1805 2974
2418 3639
2859 3856
1248 3291
710 3677
2366 3805
1561 3983
1538 3000
2597 3164
2852 3284
3809 3966
2045 3856
970 3396
1103 3298
2845 3330
2287 3886
3759 3822
2118 2153
3454 3738
1609 3950
1528 3164
1609 3378
3708 3800
3254 3852
3488 3981
2452 3613
2968 3886
1083 3530
1248 3467
713 1011
1453 2485
2504 3852
2287 2644
3795 3805
246 3983
712 1098
786 3999
600 3530
1663 3558
2276 3462
1248 3708
234 2399
1280 3329
1912 2789
1855 2063
2843 3852
2584 3918
67 681
1609 3411
1466 3822
1761 3737
2835 3910
3254 3536
1947 2628
2232 3852
2191 3603
2854 3372
619 3372
2607 3227
1631 2148
2269 3966
3209 3349
619 2749
2886 3966
1536 3957
387 3894
3378 3759
2399 3950
1020 3349
1606 3254
3805 3950
700 3462
2843 3536
1432 3918
3411 3759
731 3748
229 3969
1436 2597
2 3536
2348 3189
2269 3411
2301 3999
2167 3349
1631 3680
2191 3824
1517 2138
1809 2968
76 3607
2843 3497
3598 3607
1761 3957
2406 3805
3438 3454
3164 3613
2529 3918
2307 2392
2770 3607
2343 3598
1872 2852
324 1189
3737 3992
2260 2816
3488 3814
550 3800
3421 3909
3125 3737
2607 3254
224 3605
2644 3606
347 3950
785 3680
2584 3824
2485 2973
248 3470
600 2979
2060 3999
1085 2062
2644 3122
1005 3445
2816 3894
2153 3598
2260 3894
1453 2904
2392 2845
277 2854
3416 3605
825 3735
2983 3822
2727 3893
510 3467
1518 3680
1925 3349
1534 3486
2340 3894
1977 3957
3096 3467
1809 3099
2343 3759
1119 1872
202 3809
1912 3809
1776 1837
1096 2884
1694 3918
2001 3488
1103 3125
2053 2791
619 3329
1128 2300
3856 3992
3284 3598
1357 3680
1761 3992
1896 2078
2232 3800
1844 3748
277 3800
2344 3523
1709 3159
3445 3893
2618 2625
1760 3603
697 743
2765 3411
2269 3822
3983 3992
1962 3603
1577 3639
672 2896
1516 2148
2845 3992
681 3282
76 3159
3248 3437
415 3999
2042 3613
0 3788
2118 3607
2061 3486
3437 3966
3438 3523
593 3438
347 3805
713 2401
2705 3467
823 2051
2460 2668
2315 3782
3254 3710
3416 3486
1671 3969
801 2234
3298 3467
175 319
2481 3330
2592 2886
2278 3298
2899 3372
3099 3209
2061 2731
2816 3969
2167 2896
2042 3735
2269 3893
2649 3983
2625 3969
2232 3710
2189 3800
1789 3999
711 3999
2315 3570
315 3894
3125 3992
2001 2984
219 3809
1517 1776
718 1894
208 3969
1189 3223
3421 3824
2597 2974
1695 2886
1194 3536
3248 3966
1867 3223
1894 1912
3886 3894
2820 2845
1809 3209
3378 3950
2545 2622
3467 3708
2860 2885
23 3981
1096 3349
2622 3248
1038 3805
8 716
2519 3261
338 2234
2485 3981
712 3791
229 3748
3680 3738
219 3283
1038 3950
1131 3957
3073 3421
169 3283
0 3164
3530 3536
3378 3396
2276 3099
1634 2060
711 1789
1663 3530
2790 2885
1487 3606
2307 3010
2854 3329
447 3909
1406 3223
2300 2984
2973 3681
2592 3824
1250 2860
318 1112
1634 3524
3607 3795
1894 3782
2789 3782
2460 3809
23 3681
3957 3983
2537 3438
673 3481
1220 3909
2026 3856
3291 3800
536 3983
2343 3524
1957 3291
3096 3372
2537 3032
2094 3607
2217 3680
3209 3886
2269 3805
2983 3759
2278 3605
2973 3488
555 3681
318 1860
2835 3713
1776 2418
673 2644
281 3639
1357 3438
1316 3886
1118 3101
1016 3470
1026 1837
1536 3856
1436 3713
3283 3809
224 3481
2324 3486
640 3910
1487 3791
456 2398
1896 3454
1005 3805
3814 3981
1439 3680
3164 3416
2366 3788
1179 3681
2037 2287
801 2829
1561 3992
1280 3800
1957 2899
3073 3909
3488 3536
3486 3824
2401 2845
1406 3099
1533 3910
84 2167
743 3125
3396 3784
3486 3918
2433 3886
3248 3421
3445 3805
1026 3680
2392 3992
6 3894
536 3957
1104 3852
1436 3735
2094 2343
2307 3282
600 1837
3189 3536
2244 2904
229 3894
3096 3329
321 2731
1681 3598
351 3999
1220 3486
1011 3957
2607 3852
3784 3950
1896 3032
1371 3416
1681 3999
3378 3805
2820 3330
3788 3791
1912 3782
673 3791
3032 3523
851 3737
3748 3829
1124 3999
2983 3411
2163 3570
713 3227
3445 3759
3530 3558
575 3248
2974 3261
1011 3992
1663 2348
3467 3639
1096 2896
2315 2668
2283 2899
3010 3613
2037 3606
2232 3558
3713 3910
3122 3282
2896 3470
1140 3983
531 3681
1600 3784
1534 3437
2118 3795
1538 3558
2307 3886
1836 3957
2244 2854
2852 3795
2060 3437
2344 3454
318 1438
2452 2903
3122 3606
54 3735
700 2558
2287 3481
321 3918
2324 2886
1872 2770
344 425
3558 3814
2053 3782
2344 3680
531 825
3396 3445
0 3735
2283 3467
2260 3605
3073 3437
1844 2260
76 3283
1776 3470
1070 3613
1894 3283
1947 3680
2860 3829
2037 3791
837 3910
3829 3969
2649 3737
1691 3396
339 3681
1038 3606
2628 2845
697 2481
3411 3805
1140 3957
2504 3530
2392 3737
1694 3248
2348 3710
2883 2973
1436 2042
2644 3282
3603 3824
1085 2644
700 3209
2781 3735
1954 2860
3329 3708
1954 3829
575 3824
1608 3829
2148 3227
2845 3957
3010 3681
1518 3893
3372 3467
716 3598
2765 3950
2061 3824
851 3992
700 3886
1608 3437
3677 3784
1118 3894
2063 3782
1986 3822
1691 3523
825 3164
837 3524
2305 2968
2816 3829
2625 3829
2425 3852
133 3470
175 2899
2025 3886
786 3950
1190 3999
3486 3966
3536 3852
3454 3523
3497 3536
3497 3710
1809 3223
2307 3791
2398 3852
560 3613
2884 2896
3282 3570
2504 3558
1957 3708
2315 3283
2148 3530
2307 3606
1005 3950
1600 3411
1027 2433
2504 3189
1977 3737
2852 3598
1104 2063
2770 3999
731 3497
1925 3639
2983 3677
2791 3809
3677 3795
1432 2886
680 3530
1189 2558
430 2705
603 3681
344 2973
2061 3918
2649 3992
3396 3822
308 2283
1947 3856
3759 3805
31 3481
1534 3966
3421 3470
2481 3856
2399 3805
731 3605
31 3283
1316 3791
3330 3454
1128 2558
555 2485
339 3573
1096 3470
1606 2504
1536 1588
324 3886
1600 3378
2300 3125
2705 3800
1805 2781
1487 3886
2234 2886
3607 3999
3605 3894
351 2094
2592 3603
699 3814
1466 3784
2835 3010
2618 3748
1439 3523
1608 3909
2276 2305
56 3283
1438 3607
2829 3909
1709 2727
531 3488
1872 2094
3223 3462
2597 3735
697 2820
1538 3488
2904 3800
3073 3603
3159 3738
785 3438
3605 3829
3088 3710
2307 2433
2398 3735
1776 2138
2829 3966
700 2968
1438 3284
1837 1925
1860 3598
1103 2625
2791 3570
3558 3710
970 3950
1962 2529
439 2649
1694 2886
2399 3784
1104 3530
2433 3481
1298 3918
2118 3999
2485 3372
1316 2644
169 3809
1104 1663
731 3411
281 3470
3677 3950
2843 2979
1045 3822
248 2418
1096 3639
2153 3284
1844 3829
1695 3909
2625 3748
2749 3467
1518 3738
1316 3481
3330 3983
1436 3910
1220 2731
2398 3713
2217 3438
2908 3805
1406 3209
3437 3909
1453 3814
721 3125
3088 3909
1608 3421
2348 3088
2053 3809
31 3681
2138 3470
1517 1837
2078 3680
1280 2854
619 3291
1070 3735
2042 3788
3748 3969
1776 2884
172 3788
1844 3969
823 2452
2144 3909
2854 2904
2460 3782
343 3708
718 1836
2026 3957
3254 3497
2234 3824
2625 2816
3497 3852
1516 2607
1860 3795
327 3981
2885 3829
3824 3918
2425 2504
1194 3497
2400 3164
31 3782
2592 3570
2433 3122
344 3981
2519 2592
1977 3983
3330 3992
721 3983
1357 3159
2026 3983
1528 3822
2968 3852
2908 2983
801 3966
1872 2023
1020 1925
3824 3909
456 2903
2984 3488
2859 3737
0 3261
1579 3856
2094 3795
3784 3893
3261 3735
169 3782
2983 3893
2269 3378
2529 3909
3000 3254
1805 3788
2163 3782
1694 3909
347 3784
1761 2401
710 3950
2138 3349
3737 3856
430 2854
640 3788
2485 3966
672 2884
1038 3886
1606 3852
3894 3969
1855 3809
3411 3893
837 3909
67 3606
1250 3680
2765 3677
619 3800
2366 3910
2053 2789
2523 3800
1776 3639
2406 3445
208 3894
1162 2968
1128 3223
1128 1867
1045 3613
2529 3467
1103 3983
478 2153
970 3378
1516 1663
2852 3416
2138 2896
3486 3782
3284 3607
2584 3421
3282 3481
672 3470
2903 3735
2452 3910
1298 3966
1518 1896
2974 3788
1052 3396
1248 3800
324 1179
2979 3710
1776 3227
54 1608
0 2974
1179 3010
1518 3159
1220 3603
3088 3497
1837 2138
3223 3886
1577 2884
1368 3713
1567 3573
439 3992
3677 3759
2731 3248
1466 3893
175 3096
1663 3536
456 3261
415 3607
1855 3570
1634 2770
3298 3957
1516 3558
3856 3983
2859 3992
3481 3606
2118 2628
2301 2343
3125 3957
2399 3822
3809 3814
1162 2305
3254 3558
3805 3822
2529 3486
2300 2973
59 2023
324 3223
1631 3000
2854 3800
2283 3096
114 3073
327 3488
1579 2859
1190 3677
1867 3209
2852 3524
2244 3291
2749 3096
3573 3814
6 3748
1912 2460
2843 3189
3759 3893
710 3893
2523 2854
1098 2062
56 1836
3558 3852
1085 3791
2001 3918
2765 3445
1789 2153
3411 3950
2217 3159
2063 3570
1577 2418
2545 3909
3805 3893
3481 3791
2425 3530
114 3437
2731 3909
281 1016
801 3918
24 3981
550 2189
2307 2854
2859 3983
680 3227
1026 3738
2545 3966
2001 3681
1761 2820
2770 2852
2781 3788
2481 3737
1016 3639
1144 3829
3099 3223
2584 3603
2727 3950
175 3800
2078 3523
2278 3969
1085 2037
2276 3886
718 3782
2790 3829
510 2705
2301 3598
3396 3805
680 2979
1912 3570
731 3829
1316 3282
2537 3523
2023 2852
3159 3438
2163 2668
837 2529
1645 3852
2973 2984
1691 3032
2305 3886
2908 3784
24 3010
2883 3814
1947 3330
2217 3032
3523 3738
2908 3378
3298 3856
3795 3999
480 3481
700 1098
452 3738
2324 2829
1140 3223
1432 3603
1190 3784
1371 3605
1516 2425
2896 3349
531 3981
2820 3125
2392 3957
1600 3822
2765 3893
0 2624
2 1893
6 2944
8 2821
23 2421
24 3764
31 2134
54 3994
56 3905
59 354
67 1729
76 3371
84 3510
95 3516
133 2838
169 1064
172 1745
175 3979
202 3290
208 1176
219 3771
224 3997
229 3978
234 3719
246 3265
248 3998
277 3841
281 3891
308 2566
315 3387
318 3476
319 3296
321 3586
324 3588
327 3979
338 3089
339 3230
343 2766
344 2069
347 3455
351 3651
357 3949
387 2945
415 1399
425 3500
430 3292
113 439
447 3334
452 3912
456 3656
478 3476
480 3466
508 1812
510 3730
523 2581
531 3645
536 3921
550 3373
552 3255
555 2948
560 1441
575 3974
584 2351
593 3733
600 2988
603 2941
619 3660
640 3873
644 931
672 3817
673 2969
680 1082
681 3974
697 1340
699 2758
700 3668
710 2099
711 1498
712 2633
713 3990
716 2361
718 2507
721 1697
731 2879
740 3643
743 2608
785 3793
786 3086
795 1700
801 3752
808 2950
823 3811
825 961
837 2580
851 2746
888 3959
741 893
906 2195
941 3912
966 3443
970 2576
1005 3322
1011 3754
1016 1163
1020 2428
1026 3916
1027 2048
1038 1669
1045 3022
1052 1331
1070 3522
1083 1953
867 1085
1096 3830
1098 1484
1103 1932
1104 1169
1112 1997
895 1118
1119 3638
1124 1553
30 1128
1131 3898
1140 2604
365 1144
1162 3656
1179 2365
1189 3260
1190 1949
1194 2764
1204 3108
1220 3508
978 1248
1250 1966
1280 2271
1286 3930
1298 3468
1316 2853
1357 2169
1368 3545
1371 2745
1406 2753
1432 3899
412 1436
1438 3478
1439 3873
1453 2874
1466 2134
170 1487
1516 2929
1517 3835
1518 3195
1528 3934
1533 1537
1534 3564
1536 3157
747 1538
1561 3325
1567 3418
1577 3600
1579 3630
1588 3895
1590 2839
1600 2231
1606 3747
1608 3305
1609 3432
1631 3922
1634 3948
1645 2578
1663 1666
1671 3070
1681 1959
1691 3513
1694 3574
1695 2818
1709 3881
1760 1851
1761 3517
1776 3364
1789 2198
1805 3653
1809 3796
1720 1836
1837 3219
1844 3890
1855 2417
1860 2888
1867 3351
1872 3567
1894 2664
1896 3501
77 1912
1925 2521
1947 2196
1954 3504
533 1957
1605 1962
1977 3017
1986 3943
2001 3578
2023 3911
2025 3697
2026 3756
1990 2037
1644 2042
2045 3187
2051 3968
2053 3878
875 2060
2061 2286
2062 3176
2063 3768
2078 2863
2094 3561
790 2118
2138 3129
2144 3817
2148 3743
2153 3838
2163 2383
2167 2950
2189 2212
709 2191
2217 3014
2232 3112
2234 3935
2099 2244
2260 3024
2269 2284
2276 3739
2278 2341
2283 2769
2287 3256
2288 2300
2301 3495
2305 3697
488 2307
2315 3023
2324 3206
2340 3601
2343 3323
2344 3369
1811 2348
2366 3295
2392 3930
2398 3649
2399 3728
2362 2400
2401 3249
2406 2717
2418 3640
2425 3875
2433 3448
2452 3976
2460 2729
2481 3409
2485 3198
1687 2504
2519 3406
2292 2523
653 2529
886 2537
1876 2545
2558 3919
2584 2773
2592 2768
2597 2813
1982 2607
2506 2618
2622 3911
2415 2625
2628 3128
2644 3588
2649 3338
2656 3035
1379 2668
2106 2705
2727 3744
2731 3541
2740 2749
2760 2765
2770 3563
2082 2781
2789 3567
1810 2790
2791 3362
2489 2816
509 2820
2356 2829
1969 2835
183 2843
1326 2845
2852 3158
727 2854
2859 3940
2860 3109
2883 3865
2826 2884
831 2885
2886 3747
2896 3110
2893 2899
2903 3327
2261 2904
1205 2908
2968 3667
2973 3796
2004 2974
1197 2979
2983 3935
2984 3309
2945 3000
3010 3678
3032 3786
3073 3774
2828 3088
3096 3203
3099 3964
2011 3101
364 3122
3125 3448
3159 3786
2784 3164
2793 3189
917 3209
3114 3223
3226 3227
2981 3248
572 3254
3261 3453
1769 3282
3283 3546
2989 3284
3291 3543
1908 3298
1714 3329
2459 3330
3029 3349
3372 3377
1924 3378
3396 3439
2876 3411
1125 3416
2804 3421
2756 3437
3219 3438
2253 3445
3454 3504
3462 3963
2808 3467
2670 3470
148 3481
3486 3516
3393 3488
2435 3497
3523 3786
2338 3524
3247 3530
1158 3536
3558 3942
2090 3570
345 3573
2056 3598
3603 3931
3519 3605
468 3606
485 3607
3613 3630
2911 3639
3674 3677
2458 3680
2450 3681
3685 3708
3710 3993
3713 3760
3043 3735
7 3737
3730 3738
1325 3748
2783 3759
2864 3782
417 3784
3788 3839
3516 3791
2370 3795
953 3800
2821 3805
1876 3809
3063 3814
2838 3822
2356 3824
3829 3945
3852 3891
3405 3856
3857 3886
3694 3893
3637 3894
1284 3909
3836 3910
3306 3918
3906 3950
2347 3957
3430 3966
2576 3969
1206 3981
2437 3983
557 3992
2878 3999
2 1082
6 1537
8 3674
31 3771
56 3771
59 1752
67 3270
76 3476
84 2567
133 3335
172 3423
175 3312
202 3939
208 1292
219 3434
224 3980
229 3700
246 2926
277 2880
281 3626
307 308
319 939
327 3902
338 3965
339 2551
343 3136
344 3687
347 3400
357 3617
387 2350
415 2602
425 3405
430 2798
439 3756
447 2805
452 3786
456 1565
478 1632
508 3495
510 3657
523 3697
531 3897
536 3724
552 3696
555 2459
560 3484
575 3732
584 3051
593 2699
619 2017
640 3877
644 3574
672 1880
673 3549
680 3504
681 2095
697 3937
699 3469
710 3971
711 1405
712 3263
713 3590
716 3478
718 3678
721 3326
740 3473
743 3954
785 3368
380 786
21 795
801 3686
808 1139
823 3842
825 2764
837 3838
851 3756
888 3781
893 2995
906 3052
941 3094
970 3896
1005 3425
962 1016
1020 3696
1026 3578
1027 2796
1038 1771
1045 1778
1052 2146
1083 3900
1085 3654
1096 2873
1098 1547
1103 3994
1104 3853
1112 2015
1118 3768
1119 2934
1124 2995
1128 3222
1131 3063
1140 3649
1144 2786
1162 3697
1179 1502
1189 3752
1190 2257
1194 3903
1204 3684
1220 3027
1248 2561
1250 3945
1280 3148
1286 3778
1298 3091
1316 3794
1357 3535
1368 3509
1371 3461
1406 3912
1432 3410
1436 3231
293 1438
1466 3711
1516 3477
1517 2422
1528 3997
1533 3701
1534 2356
1536 3866
1538 3281
1561 2623
1567 3930
1577 3624
1579 3745
1588 3756
1590 2986
1600 3890
1606 3743
1608 2494
1609 3218
1631 2868
1634 3137
1645 3515
1039 1663
1671 3325
1681 3848
1691 2049
1694 2209
1695 3512
1709 3786
1760 3931
1761 2375
1776 3175
1789 3715
1615 1805
1809 3236
1356 1836
1837 2969
1844 3777
1855 3731
1860 2413
1867 3741
1782 1872
1894 2742
1896 3736
1851 1912
1925 3040
1947 3608
1954 3945
1957 2187
1962 3586
1977 3804
1986 3150
2001 3695
2023 3906
2025 3732
2026 3942
2037 2594
2042 3913
2045 2926
2051 3985
2053 3377
2060 2867
2061 3881
1664 2062
2063 3771
2078 3001
2094 3796
2118 2990
2138 2255
2144 3990
2148 3862
2153 3785
2163 2743
682 2167
2189 3618
2191 3774
2217 3885
2232 3145
1640 2234
2244 3153
2260 3945
2269 3986
2276 3424
2278 3835
2283 3671
2300 2514
2301 2510
2305 3025
2315 3718
2324 3056
2340 3945
2343 3984
1705 2344
2348 3492
2366 3980
572 2392
2398 3508
2399 2440
2400 3659
2401 3874
965 2406
1830 2418
2425 3252
2433 3057
2452 3768
2460 3771
2481 3996
2485 3974
1807 2504
2519 3636
2523 3060
2259 2529
2537 3394
2545 3968
2558 2828
2584 3280
2592 3729
2595 2597
2607 3914
2618 3945
2622 2702
2625 3945
2628 3827
2608 2644
2649 3924
2656 3141
2668 3973
2705 3429
2727 3819
2731 3836
2749 3927
2765 3521
2770 2772
2781 3946
2789 3979
2790 3572
2791 3347
1758 2816
2188 2820
631 2829
2214 2835
2843 3711
2845 3943
2847 2852
1283 2854
2859 3393
2860 3977
2883 3561
1075 2884
2885 3945
2886 3715
2896 3718
2899 3194
2903 3975
1210 2904
2908 3826
2968 3731
405 2973
2974 3105
2979 3575
2983 3984
2548 2984
3000 3666
3010 3927
3032 3358
3073 3760
3088 3686
2808 3096
3099 3697
3101 3111
2082 3122
291 3125
3159 3260
2236 3164
370 3189
3209 3697
3223 3935
1640 3227
3245 3248
1640 3254
3261 3308
3269 3282
3283 3591
3177 3284
1796 3291
2916 3298
3329 3956
3317 3330
3349 3815
3372 3885
3378 3429
3396 3403
3411 3504
3342 3416
3155 3421
2397 3437
3438 3954
1559 3445
3454 3786
2956 3462
3467 3618
1082 3470
1664 3481
1592 3486
2653 3488
2936 3497
2870 3523
3366 3524
2275 3530
3257 3536
1640 3558
3570 3704
3573 3758
3296 3598
3414 3603
3605 3945
1571 3606
3607 3609
3613 3977
3095 3639
3677 3961
3680 3786
3681 3761
3637 3708
2478 3710
3560 3713
3732 3735
2711 3737
3738 3786
3748 3816
3759 3849
3782 3935
3784 3988
2214 3788
778 3791
3460 3795
2719 3800
3805 3978
3765 3809
3814 3866
3310 3822
402 3824
1320 3829
3140 3852
3848 3856
3747 3886
2977 3893
2335 3894
1724 3909
3797 3910
3918 3937
1820 3950
3957 3959
3803 3966
3150 3969
1281 3981
3399 3983
3861 3992
3994 3999
2 2291
59 3973
133 2463
172 3557
202 2743
208 3867
219 3859
224 3820
246 3460
277 3594
338 2967
339 3864
387 3540
415 3704
425 3345
456 3849
478 3640
552 2589
575 3575
584 3878
593 3847
640 2630
673 3968
697 3727
699 3002
710 3882
711 3787
785 2990
823 3930
837 3754
851 3954
888 1433
893 3296
906 2729
941 2808
970 3906
1020 3436
1026 3874
341 1027
1038 1048
1085 3796
976 1112
1118 3078
686 1119
1124 3851
1131 3048
1144 3443
1162 2754
1194 3936
1204 3956
1220 3253
1248 3955
1250 3391
1286 2647
1298 2695
1406 3491
1528 3257
1533 3848
1538 2828
1561 3797
1567 3629
1577 3527
1588 3831
1590 2136
1606 2972
1671 3945
1681 3813
1691 2421
1695 3591
1760 2356
1217 1789
1805 3850
1837 3892
1855 1916
1860 3938
1867 3996
1872 3830
1912 3541
1947 3756
1957 3464
1962 3816
1977 3755
1986 2214
2001 2965
2023 3927
2026 3776
2037 3745
2045 3525
2050 2051
2053 3998
2060 2538
2061 3812
2062 3458
2063 3933
1901 2078
2094 3804
2118 3174
2138 3987
2144 3919
2148 2598
2163 3417
2189 3182
2191 2977
2217 3091
2232 3991
2234 3878
2244 3901
2260 2812
2269 3945
2276 3740
2278 3501
2283 3656
2301 3839
2305 3289
2315 3773
2340 3781
2348 3901
2366 3239
2392 2686
2399 3521
1719 2400
2401 2631
2406 3660
2418 2672
2433 3590
2460 3007
2481 3347
2485 3949
2504 3755
2523 3900
2529 3717
2537 3133
2558 3970
2584 3544
2597 3749
2607 3267
2618 3401
2622 3555
2625 3340
495 2644
2649 3828
2656 3845
2668 3923
2705 3075
2727 2994
2731 3971
2749 3177
2781 3656
1113 2789
2791 3510
1323 2816
2754 2820
2829 3850
1719 2835
2843 3045
2845 3889
2546 2854
2859 3513
2860 3450
2609 2883
1183 2885
2886 3889
2896 2898
2808 2899
2903 3594
2904 3780
2908 3903
2968 3948
2973 3721
2974 3968
2979 3913
2952 2983
2984 3653
1932 3000
3010 3823
3032 3935
3073 3811
3088 3489
3096 3618
3099 3747
3101 3108
3122 3456
3125 3756
1654 3159
3164 3593
3189 3243
1522 3209
3223 3697
3227 3779
3248 3455
3254 3953
3053 3261
783 3282
2780 3283
3284 3930
3291 3618
3298 3847
3329 3342
3330 3804
3005 3349
3372 3961
3184 3378
3396 3512
3012 3411
1703 3416
3421 3434
3437 3949
3210 3438
3445 3671
2086 3454
3257 3462
3381 3467
3470 3533
3233 3481
3486 3798
3153 3488
3417 3497
2804 3523
3524 3972
1910 3530
3536 3743
3547 3558
3570 3771
3573 3724
3518 3598
3603 3967
3021 3605
3606 3685
3607 3633
3594 3613
3639 3952
3521 3677
2086 3680
3627 3681
3658 3708
3710 3877
3713 3771
3258 3735
3732 3737
2360 3738
3748 3770
3759 3797
3782 3810
3745 3784
3635 3791
3672 3795
2808 3800
3763 3805
3742 3809
3814 3953
3503 3822
3812 3824
3825 3829
1838 3852
3756 3856
2911 3886
3679 3893
3878 3894
3855 3909
3633 3910
3918 3995
3110 3950
1058 3957
3401 3966
3304 3969
3084 3981
3844 3983
3756 3992
3255 3999
1020 3682
1026 3757
1085 3682
1124 3970
1681 3590
1860 3781
1867 3468
1947 3458
1962 3674
1977 2210
1986 3926
2001 3976
2026 2209
2045 3939
2053 3408
2060 3766
2062 3137
2063 3808
2163 3599
2232 3743
2244 3968
2260 2527
1598 2276
1566 2340
2214 2366
2399 2583
2401 3930
2433 2546
2481 3667
2485 2793
2618 3716
2625 3672
2649 3694
2668 3771
2781 2782
2789 2795
2820 2894
2829 3395
2835 3789
2843 3657
2513 2845
2854 3618
2778 2859
2886 3526
2908 3082
2968 3393
2973 3661
2984 3195
3026 3032
2174 3101
1664 3122
3159 3588
2937 3189
3209 3234
3223 3492
3254 3419
3261 3888
3195 3282
3135 3283
3284 3293
3298 3501
3329 3905
2623 3330
3175 3349
3396 3988
3400 3411
3416 3431
2700 3437
3438 3559
3445 3760
3462 3534
3467 3711
2395 3470
2294 3486
3488 3889
3497 3743
3523 3967
2619 3524
3253 3536
2216 3558
3570 3963
3573 3986
3598 3736
3603 3915
3605 3953
3588 3606
3443 3607
3677 3688
2882 3680
3681 3705
3618 3708
3686 3710
3735 3818
3736 3737
3738 3739
3617 3748
3418 3759
3217 3782
2732 3784
1664 3791
2910 3795
2345 3800
3130 3805
3771 3809
3814 3980
3752 3822
3107 3824
3852 3875
3740 3856
3886 3940
3860 3893
3148 3894
3895 3909
3912 3918
3521 3950
3756 3957
3752 3966
3695 3969
679 3981
3768 3992
2685 3999
1986 3563
2163 3440
2244 2783
2364 2618
2668 3662
2820 3947
2908 3944
1782 3284
3396 3489
3275 3438
3488 3746
829 3497
3573 3832
3605 3772
3504 3607
3718 3735
3737 3980
3738 3982
3748 3945
3771 3782
3805 3941
3177 3809
3554 3814
3746 3822
3630 3886
3871 3893
3487 3894
3255 3909
3316 3950
3957 3974
3952 3981
3991 3999
2820 3885
2666 3738
