1054 2435
1659 2764
1103 2927
1766 2692
941 2723
1113 2751
1313 1831
2156 2940
1418 1995
2588 2592
1303 2508
2819 2939
65 2434
461 2452
2379 2521
2786 2939
1264 2508
1935 2871
233 1460
1722 2423
1642 2876
1503 2588
2101 2752
677 2891
1540 2517
288 2760
1338 2182
2196 2308
670 2939
2120 2521
1099 2306
1886 2786
537 2166
1886 2104
1303 2498
214 903
464 2959
1823 2915
2161 2889
464 2846
1316 2819
2759 2838
2642 2819
1433 2498
1850 2310
2757 2928
1731 2228
2586 2796
1731 2117
2467 2521
1515 2751
169 2435
1429 2819
2089 2871
1316 2508
455 2927
839 2843
986 1206
1540 2498
2036 2692
464 2759
1458 2928
2428 2671
1088 1951
2161 2578
1338 2549
2117 2282
1589 2940
2089 2889
677 2927
2196 2940
2149 2876
2627 2833
649 2310
1009 2117
1935 2654
2194 2889
2434 2611
909 1478
2156 2482
97 2760
2036 2843
1867 2833
1385 2927
936 2517
579 2876
1095 2175
1722 2756
829 2521
2452 2459
1503 2769
99 2680
486 2379
423 2181
2089 2161
1981 2680
1323 2069
2239 2642
2756 2760
2586 2752
790 2769
1081 2796
1540 2971
783 2940
2316 2642
363 1338
525 2941
327 2838
1999 2757
69 2819
839 2339
1872 2923
390 2120
1332 2680
65 2780
2578 2642
941 2846
799 2723
1323 2769
1578 2411
2182 2718
2751 2871
69 2939
397 2175
1351 2196
665 2429
1872 2333
641 965
672 2150
772 1836
980 2282
1995 2871
109 1619
970 2423
1802 2915
2838 2846
804 1834
1095 2927
1088 2759
512 965
2090 2940
1280 2592
233 1397
985 1304
1936 1985
1051 2161
985 2452
1746 2787
340 2549
2017 2971
1385 2891
2161 2833
732 2434
1935 2941
1999 2149
412 2578
1834 2654
2079 2482
229 2539
1677 2681
804 2435
2333 2339
579 2928
852 2181
1938 2846
2629 2654
1251 2796
985 2239
2428 2435
2310 2819
2484 2757
324 2239
13 2959
2654 2871
2889 2923
772 2836
72 2681
2642 2971
1619 2760
994 2891
1677 2586
2239 2764
1284 2871
767 2915
2629 2751
2586 2836
340 2306
72 2101
2089 2578
69 2562
1888 2786
1187 2764
2149 2757
994 2882
576 2526
1138 2723
1635 2787
2154 2833
1332 2549
1345 2448
313 2611
37 2959
303 2120
1985 2036
2096 2769
13 2915
2484 2517
2434 2956
1351 2339
2592 2752
97 1677
804 2971
672 2448
637 2434
1995 2654
1981 2549
2588 2760
1264 2971
692 2780
2157 2759
1379 2882
2508 2836
1280 2586
980 2228
1951 2971
2089 2923
1659 2756
2508 2526
767 2846
2379 2718
38 2428
2149 2927
1859 2780
256 2760
1087 2101
2194 2923
2339 2692
2723 2959
763 2484
1867 2539
692 2956
452 2150
1323 1859
1931 2915
790 2889
2681 2752
692 2611
1628 1965
214 2459
2539 2751
2428 2627
1345 2181
1379 2928
2101 2760
1138 2759
349 2787
153 2786
632 2923
288 2752
1995 2629
790 1740
1456 2941
1112 2751
772 2588
2751 2941
1187 2452
1332 2718
1087 1722
1515 2819
2592 2796
454 2562
670 2310
1103 2882
2467 2718
2477 2760
980 1134
783 2843
2154 2629
1194 2803
2586 2588
1712 2940
1478 1635
604 2196
908 2141
2310 2508
1951 2080
1820 2751
2428 2871
455 2149
2157 2429
804 2498
447 2751
908 2435
1315 2939
1938 2452
229 1740
1503 2786
2449 2843
1408 2941
569 2889
1458 1642
1397 1941
1589 2939
649 2562
722 2927
203 2876
1740 2654
1740 2539
2310 2971
1746 2379
1194 2588
2194 2871
2759 2927
390 2182
2498 2642
2096 2786
2141 2787
2578 2751
903 2889
1244 1635
970 2836
2139 2175
1113 2871
741 2757
1323 2786
361 2915
1280 2477
1081 2681
288 2796
2156 2692
2166 2941
1054 2803
1081 2871
1114 2139
339 2611
829 2718
2333 2627
254 2971
340 2521
2517 2882
1340 2959
2104 2154
1114 2517
1157 2796
1578 2671
2517 2891
2166 2411
2517 2876
955 2796
2586 2760
267 2452
2549 2680
203 2891
361 2959
2139 2517
867 2876
881 2508
941 2838
1315 2498
153 2769
1418 1872
2526 2562
339 2956
1340 2759
1429 2316
1264 2316
1408 2428
2449 2482
227 2627
1460 2787
1836 2182
2069 2915
985 2459
95 732
2308 2940
2539 2654
2578 2629
1284 2681
987 2786
390 2467
524 2181
1194 2752
1935 2578
2654 2671
1157 2484
2588 2836
1619 2940
308 2838
2586 2971
1831 2843
2036 2452
1313 2308
1088 2915
1134 2282
985 2764
2578 2941
941 2759
881 2939
1194 2940
1999 2927
37 2723
1515 1831
2101 2681
454 1951
632 2889
433 2588
2539 2629
2427 2521
95 2769
1408 2627
732 2956
2069 2838
749 2939
1965 2239
1280 2423
2101 2803
2796 2836
1009 2228
1985 2308
2498 2508
524 2448
1095 2891
1859 2769
741 2882
595 2891
288 2836
1418 2194
1936 2940
772 2760
2526 2819
2484 2882
574 2769
2627 2889
227 2882
349 2141
1112 2161
1456 2889
2308 2449
2539 2941
65 2611
447 2786
1931 2959
772 2592
2526 2939
767 2429
1471 2757
1642 2882
2166 2654
2429 2846
783 2339
1503 2434
2588 2752
1578 2941
2429 2959
2803 2836
987 2096
2182 2477
1284 2836
412 2629
2175 2876
2117 2181
97 2586
2627 2871
1397 2787
227 2928
2411 2671
627 821
412 2923
1081 2756
1099 2718
1515 2940
1722 2681
574 2956
2434 2780
1051 2671
2157 2959
1635 2891
2681 2760
1985 2449
1284 2752
1304 2452
2429 2759
790 2578
455 2928
749 2718
2154 2941
524 2150
579 2891
2611 2956
790 2428
1578 2333
267 2764
1304 2459
1766 2090
1316 2971
2141 2539
2654 2941
569 1051
2517 2757
861 2671
881 2971
1054 2423
2477 2752
2157 2723
97 2482
2786 2956
994 2928
2310 2642
1981 2120
2306 2379
2752 2796
965 2452
288 2448
525 2889
994 2757
2751 2923
1440 1935
2196 2482
2423 2803
2104 2769
1888 2611
570 2282
2379 2549
38 2956
1315 2316
944 2592
632 2411
2723 2915
2833 2941
955 2681
2423 2760
2482 2517
763 2876
1052 2310
313 2780
1112 2089
1456 2833
327 2069
2449 2940
909 986
799 2959
1867 2166
2089 2833
37 2838
38 2780
839 2482
1095 2928
1137 2959
909 1635
2182 2379
1965 2459
303 2379
1113 2671
980 2181
1938 2239
2120 2427
632 2751
1051 2654
1099 2680
2578 2833
1965 2452
1433 2819
2752 2760
627 2427
722 2891
2069 2157
537 2871
2723 2838
1995 2751
881 2562
1802 2069
1433 2971
433 2681
266 2819
574 1888
909 2435
1137 2759
1345 2117
423 2117
1134 2876
316 2891
722 2882
308 2069
95 2786
214 1965
2156 2843
576 2498
1471 2175
867 2757
1659 2452
980 1731
1872 2889
1642 2927
2239 2459
316 2882
2611 2786
662 2141
1985 2940
13 2846
1206 1244
677 2876
525 2539
339 2780
1134 2448
308 2846
2508 2562
1850 2939
2096 2780
349 908
1831 2090
2310 2803
2306 2940
994 1458
986 2787
1995 2941
1589 1712
169 255
72 2586
839 1712
2517 2928
2588 2803
1051 2941
1187 1304
1834 2923
672 2228
1332 2882
1659 1938
2069 2846
909 1460
670 2642
537 2923
340 2467
1351 2482
1251 2928
1433 2562
1458 2484
203 1137
1157 1642
2756 2803
1112 1820
1157 2891
1746 2306
711 2882
1995 2923
2592 2836
423 2150
1619 2843
2101 2756
665 2838
118 2956
576 2642
1284 1722
1087 2680
783 1712
1351 2871
1829 2787
2627 2671
649 2971
570 2228
1999 2882
2306 2889
1859 1888
2090 2692
2751 2889
732 2780
2154 2751
1042 2915
2306 2549
512 2764
1831 2692
2429 2838
2833 2871
1345 2282
2756 2836
1251 2149
1458 2882
229 2833
1999 2891
38 2434
662 1941
2508 2971
233 1244
1099 1981
1385 2928
1766 2843
2090 2096
361 2838
340 2718
1103 2149
2508 2819
1338 2680
303 2182
1313 1766
256 2592
641 1965
1938 2459
595 2927
2154 2627
2876 2928
2838 2959
622 2104
267 512
1628 2239
2796 2927
1938 2764
1999 2517
2157 2427
2671 2923
804 2508
1284 2592
1042 1635
1850 2971
2760 2796
1351 2843
2175 2882
839 2940
1677 2592
936 2796
2194 2671
2017 2939
1114 2876
2757 2927
2306 2521
1054 2101
676 1836
664 2452
2175 2891
2017 2819
2592 2803
1187 1628
604 2843
649 2316
1304 2846
1099 2379
1280 2836
1345 1831
670 1540
1440 2871
799 2838
1433 2017
1052 2971
2182 2680
570 2448
2139 2166
579 2796
1134 2228
2484 2796
2101 2586
1935 2228
308 2759
2796 2876
169 622
2423 2752
1823 2759
1820 1995
486 2467
363 1332
2586 2681
37 2846
986 2939
372 2149
2080 2723
2154 2333
2780 2956
255 2141
1009 2150
2069 2959
604 2090
288 2803
363 2306
804 2642
1867 2627
420 1965
1589 2692
1936 2843
672 1731
203 2882
2175 2927
2239 2452
1087 2752
2588 2681
1113 2833
316 2876
2161 2838
2139 2484
99 1938
2434 2435
1886 2611
327 2959
1157 2757
256 2681
169 1397
2194 2629
1802 2759
986 2435
214 965
2333 2923
2723 2846
1867 2871
2796 2803
1766 2449
2080 2939
1886 1888
2120 2306
2139 2928
732 2786
852 2150
1458 2876
783 2692
2080 2819
1677 2752
1042 1103
1460 1941
266 454
970 2586
2089 2751
664 2239
936 2927
13 2838
637 2611
1766 1985
1951 2928
168 852
1985 2482
1408 2629
821 2117
52 2803
944 2521
52 2101
1746 1836
1766 2940
1850 2819
524 2117
622 2780
711 1114
397 2876
168 2150
665 2915
1635 2435
2427 2680
372 2882
2498 2760
1931 2723
2166 2629
420 461
38 2786
2308 2316
109 1313
1351 2692
2549 2692
423 2448
2423 2592
821 1134
1931 2846
1589 2843
1936 2692
1478 1941
2484 2891
2871 2889
622 2956
2477 2836
2526 2971
2759 2959
941 2915
52 2760
1820 2161
1836 2718
2891 2927
2196 2449
665 2846
1859 2956
936 2891
2308 2692
69 2642
1941 2141
1642 2484
2757 2843
1746 2549
254 2642
38 2096
1850 2642
1264 1951
2592 2681
2379 2467
316 1379
1408 2923
2427 2718
790 1578
1836 2120
944 2718
118 2769
168 2282
229 2627
1478 2787
2182 2306
595 2467
1936 2036
1315 1540
2316 2562
2306 2718
641 1766
1351 2449
1251 2927
908 1460
2427 2549
2282 2448
2627 2629
1456 1872
1088 2959
2161 2539
1935 2751
1303 2971
214 2959
266 2939
1429 2642
1379 2843
2586 2803
1081 2423
821 2228
1831 1985
1408 2928
676 2521
677 2517
2760 2940
452 2117
677 1095
2428 2889
637 1859
464 2157
1429 1850
2846 2959
2089 2671
574 1859
987 2611
2760 2836
1323 2956
324 2764
1440 2154
662 2787
1100 2959
1722 2752
267 2459
2139 2757
2562 2971
1589 2196
604 2940
2166 2578
423 1418
2194 2654
1418 2161
2681 2803
1323 2780
1820 2889
672 2181
1589 2156
1042 2959
1340 2723
2069 2723
1999 2876
1712 2843
1137 2723
1820 2671
2154 2871
799 2846
1820 2718
168 2228
2629 2671
99 1628
2196 2692
576 2971
2939 2971
2642 2882
2752 2803
1408 2578
1315 2642
2156 2308
994 2796
1052 2939
903 2428
2843 2940
1100 2915
1642 2928
454 2080
867 936
1338 2718
2036 2940
2796 2891
1965 2764
944 2680
909 970
2498 2939
1460 2139
525 2923
1251 1999
2654 2889
2889 2941
1304 2764
1802 2838
1187 1659
749 2080
1515 1619
2196 2843
2796 2882
1054 2836
1194 2477
2194 2833
1941 2787
1888 2769
2882 2927
569 2161
1829 1941
363 2517
1114 2928
2723 2759
1619 2482
1087 2760
2586 2592
1052 1303
665 2959
903 2411
2069 2759
627 2379
2484 2928
1134 2757
2150 2448
1138 2959
2157 2846
2521 2882
1138 2846
2871 2941
1931 2939
2526 2642
1850 2508
1113 2923
1867 2411
2833 2889
1823 2723
2539 2833
672 783
867 2882
641 2459
763 2928
1478 2435
1589 2090
692 2769
1578 2508
1316 2939
1515 2843
2592 2756
2096 2611
2891 2928
1872 2539
1138 2915
867 2484
2090 2482
2654 2751
2079 2339
1540 2562
1206 2435
1872 2871
2333 2411
1859 2611
153 2434
1478 1829
1134 2181
2833 2876
2757 2833
2642 2939
1081 2752
987 2769
1823 2718
99 2459
2629 2941
641 2764
313 2956
1931 2838
2429 2723
1995 2803
303 2718
821 1731
574 2282
1429 1829
2139 2876
1264 2642
2316 2498
512 2459
254 1303
2339 2940
2182 2757
1936 2449
2157 2915
941 2586
1515 2339
2549 2718
1316 2498
2521 2549
313 2096
829 2194
1802 1867
1385 1999
980 1345
2459 2578
1886 2769
2578 2889
1740 2941
2120 2182
1345 1731
2411 2428
722 2928
2104 2956
2228 2448
632 2941
2611 2780
2090 2449
767 2959
447 2166
2927 2928
1872 1995
2423 2588
1385 2517
1619 2692
2654 2923
2166 2539
2915 2959
2316 2939
574 2786
595 2757
1503 2956
955 1194
1095 1471
1540 2819
604 1831
1087 2836
1280 2760
1112 2428
266 2971
1886 2956
749 2508
1867 2654
1340 2915
821 2181
233 255
1440 2889
1503 2780
861 2428
941 2959
97 2756
2089 2539
1503 2104
1051 2629
349 2780
1642 2757
461 1187
2692 2843
2154 2578
2120 2718
2780 2786
255 2787
1100 2838
1578 2889
227 2434
1478 2759
1460 2435
118 339
1440 2751
955 2562
433 2803
2036 2339
372 2517
2833 2923
2239 2956
2104 2786
1429 1433
2452 2764
2139 2927
1440 2194
2182 2521
1114 2927
2079 2940
570 852
1820 2428
2310 2939
256 2588
749 2562
2117 2448
2459 2764
595 1157
861 2923
1981 2379
1659 2459
512 1938
2308 2339
455 2876
2139 2562
2459 2971
1936 2079
2308 2482
1264 2562
641 1938
852 2282
903 2833
2411 2923
1802 2959
1766 2308
1802 2846
2423 2836
99 2239
203 2139
1834 2941
1722 2796
1456 2539
649 2939
1340 2846
308 2915
1284 2803
2876 2891
1677 2588
2434 2786
1802 2429
1850 2498
2757 2876
2316 2971
1332 2306
461 1659
2876 2882
1433 2843
2139 2891
804 2819
1112 2889
1981 2759
2508 2939
664 2764
2339 2449
2819 2971
2316 2819
2120 2467
2166 2871
486 2549
1935 2411
452 524
1515 2196
1054 2756
2157 2838
1138 2838
1515 2526
2150 2282
2096 2956
1836 2549
420 1659
1951 2939
1831 2449
622 2786
363 1836
908 2787
670 2971
2882 2928
965 2764
987 2956
397 2757
2428 2833
1397 2435
1418 2627
2680 2718
412 2833
2882 2891
95 987
2876 2927
1886 2096
881 2310
986 1244
1867 2941
2310 2562
1385 1471
1323 2104
1113 2941
637 2780
741 2928
1244 2787
1440 2411
2759 2846
2760 2803
1206 2141
903 2923
52 2681
627 1338
109 2843
569 2578
1981 2306
452 2448
637 2956
1042 2429
349 1829
1100 2723
2838 2915
799 2759
1867 2923
2611 2769
1836 2521
2339 2482
1677 2836
1052 2819
2627 2654
109 2940
2956 2959
2090 2308
214 2764
72 2592
569 1740
2175 2517
2578 2871
595 2928
763 1936
2498 2819
1985 2079
65 2956
486 829
1316 2017
576 2562
867 2927
2435 2787
1332 2379
1935 2833
2549 2671
1981 2718
1712 2036
1712 2482
464 1009
118 2434
2154 2923
722 2149
570 1731
2671 2941
1351 2940
1995 2671
1052 2316
970 2760
2182 2549
327 2846
1408 2889
1831 2940
1456 2629
433 2752
2175 2757
233 2787
1100 2759
390 2718
2339 2843
677 2787
2759 2915
970 2803
1740 2923
324 664
1995 2549
169 2787
153 2956
1429 2526
2769 2786
1251 2876
1628 2764
2423 2756
303 2521
2104 2780
692 2786
986 2141
1244 1941
2769 2956
1936 2308
13 2096
1834 2671
2562 2819
2482 2940
2627 2941
1418 2941
361 2157
2692 2940
861 2833
2181 2282
711 2927
1540 2611
909 2787
1194 2836
363 2521
1471 2891
1712 1936
2769 2780
1886 2434
1888 2104
1981 2521
2588 2796
1802 2723
1888 2780
1628 1938
1315 2819
1722 2836
861 2751
72 2786
1471 2928
2627 2923
420 2764
2429 2915
525 2833
1515 2692
2846 2915
1888 2956
2423 2477
662 2435
1578 2629
2101 2836
2428 2941
2181 2228
839 2090
965 1628
1740 2871
327 2915
1397 1635
95 2956
1731 2448
2036 2449
2141 2629
372 2928
1206 2787
676 2427
2477 2803
622 2769
486 1981
1340 2838
1313 2940
1935 2194
2592 2760
2308 2588
1138 2927
2482 2843
1823 2959
1935 2671
2642 2956
1313 2692
1635 1941
2923 2941
1009 2448
13 2965
37 2076
52 2461
65 325
69 2394
72 2825
95 2832
97 2721
99 2679
109 1178
118 2806
153 2199
168 2792
169 2386
203 2920
214 1239
227 806
229 2995
233 2733
254 2383
255 2781
256 2829
266 2376
267 1649
288 2902
303 2924
308 2970
313 2595
316 2176
324 2936
327 2632
79 339
340 2932
349 2291
361 613
363 968
372 1575
390 1996
397 1561
412 2233
420 1930
423 2845
433 2602
447 2509
452 2989
454 1994
455 2522
461 2295
464 2394
486 2201
512 2433
524 2982
432 525
537 2119
569 2823
570 2746
574 2884
576 1889
579 1714
595 2502
604 2360
622 2361
627 1957
632 2908
575 637
641 2903
649 2964
662 2788
664 1775
665 2218
670 2831
672 2877
676 1729
677 2985
692 2621
711 1391
722 1176
732 1943
741 2967
404 749
763 2789
767 2458
772 2330
783 2976
790 2976
799 2687
804 2989
821 2647
829 2318
839 2647
852 1895
861 2663
867 2937
881 2731
903 2929
908 1463
909 2621
936 2264
941 2979
944 2724
955 1711
965 1617
970 2242
980 2473
985 2257
986 1959
591 987
589 994
1009 1061
1042 2313
1051 2677
1052 1477
347 1054
1081 1787
1087 2207
1088 2916
1095 2767
1099 2995
1100 1258
1103 2604
345 1112
1113 1255
1114 2878
920 1134
1137 1612
1138 2188
1157 2849
1187 2130
1194 2602
1206 2569
353 1244
1251 2238
1264 2753
1280 2961
1284 2925
1303 1804
379 1304
1313 2361
1315 1777
1316 2720
901 1323
1332 2823
415 1338
1340 1626
1345 2011
1351 2719
1379 2924
803 1385
1397 2574
1408 2809
1418 1592
1429 2323
1433 2445
1440 1602
633 1456
354 1458
1460 2619
1471 2945
1478 2291
1503 2538
1515 1638
1540 2800
656 1578
1589 2647
1220 1619
1628 2223
1635 2529
1642 2944
1659 2954
1677 2551
1712 2893
1641 1722
731 1731
1634 1740
1746 2561
1766 2734
1802 2264
1820 2545
1823 2368
1829 2667
1749 1831
1834 2359
1836 2950
1850 2702
1859 2725
1867 2541
1158 1872
1886 2782
1888 2967
1824 1931
1935 2320
1936 2359
629 1938
888 1941
1553 1951
150 1965
1981 2020
1985 2735
1995 2619
1812 1999
1909 2017
2036 2714
2069 2653
1924 2079
1434 2080
2089 2619
2090 2931
1874 2096
2101 2636
2104 2992
2117 2367
2120 2554
2139 2854
2141 2231
2149 2949
1771 2150
318 2154
2156 2622
2157 2677
2161 2675
1398 2166
2175 2376
2181 2737
2182 2439
1652 2194
240 2196
1972 2228
2239 2992
1127 2282
1653 2306
2308 2447
2310 2924
1082 2316
4 2333
2339 2341
2379 2970
1123 2411
1990 2423
2427 2982
2428 2996
889 2429
2434 2795
1749 2435
2448 2845
709 2449
2452 2463
581 2459
1973 2467
2477 2510
2482 2881
389 2484
315 2498
635 2508
2517 2664
419 2521
1071 2526
2539 2542
1765 2549
2562 2830
2299 2578
828 2586
2469 2588
2030 2592
2611 2768
2400 2627
2119 2629
2642 2913
1234 2654
2671 2887
2574 2680
1133 2681
2606 2692
869 2718
1567 2723
1166 2751
1133 2752
2092 2756
2086 2757
2759 2954
1963 2760
2192 2764
638 2769
2501 2780
151 2786
2066 2787
2260 2796
2803 2977
1838 2819
2044 2833
2197 2836
2722 2838
1523 2843
2518 2846
2870 2871
972 2876
2122 2882
149 2889
1472 2891
975 2915
2653 2923
1916 2927
2072 2928
542 2939
1220 2940
2701 2941
2299 2956
1630 2959
1531 2971
13 1320
37 1828
52 2355
65 1395
69 835
99 438
109 2198
118 2898
153 1039
168 940
169 2746
203 2475
227 2953
229 2944
254 1862
255 2066
256 2894
266 1996
267 2841
308 2909
324 1908
327 2776
339 2841
340 362
372 2506
390 2709
397 2785
412 2195
108 420
423 2673
433 2854
447 1141
452 1832
455 2455
461 2896
486 2635
512 2368
524 1231
525 2921
537 1858
569 2877
570 2663
574 2922
576 2894
579 2814
595 2698
604 2947
622 1117
627 2644
632 2747
637 1464
649 2996
662 2575
664 1937
665 2842
670 2399
672 1998
676 1801
677 1682
692 694
711 1964
722 1026
732 2802
741 2788
749 2088
763 2832
767 1018
772 1926
783 1426
790 2783
799 2721
821 1237
829 1882
839 2051
852 2978
861 2151
867 2357
881 2949
903 2439
908 1624
909 1701
936 2988
941 2853
944 2483
497 955
965 2541
970 1734
980 1976
985 2973
986 2926
987 2126
994 2131
953 1009
1042 2989
1052 2337
1054 2660
1087 2037
1088 2735
1095 2281
1099 1393
1098 1100
911 1103
833 1112
1113 2881
1114 2984
1134 2700
1137 1425
1138 2376
689 1157
1187 2908
1194 1502
1206 2875
1244 1451
1251 2944
871 1264
1280 2515
1284 2732
928 1303
1304 1908
663 1313
1315 1565
1316 2839
1323 2761
122 1338
727 1340
1345 2545
1351 2861
513 1379
1385 2572
1397 2335
1408 1903
1205 1418
1429 2446
1433 2651
1440 2936
1456 2178
1458 2395
1460 2879
1471 2933
933 1478
1116 1503
1540 2208
145 1578
1589 2505
631 1619
1628 1748
1635 2140
1642 2801
1659 1706
1677 2522
1712 2661
1722 2366
1248 1731
1740 2976
1746 2896
921 1766
1686 1802
1820 2879
1823 2835
1829 2630
1831 2612
1834 2568
1833 1836
1850 2806
1859 2737
5 1867
1872 2528
1886 2589
1888 2633
1931 2937
1935 2530
1936 2955
1938 2385
1941 2734
1951 2938
1826 1965
1981 2916
1985 2451
1995 2962
1744 1999
2017 2800
1930 2036
2069 2950
2079 2647
2080 2831
2089 2893
2090 2972
2096 2961
2101 2530
1708 2104
1116 2117
1670 2120
2139 2995
2066 2141
2149 2895
2150 2705
2154 2826
2156 2809
2157 2618
2161 2589
1810 2166
2175 2342
1873 2181
1367 2182
2194 2969
1220 2196
2228 2725
2223 2239
2282 2584
2306 2969
2308 2978
1784 2310
2316 2345
2333 2903
2339 2942
2379 2730
2411 2453
2423 2967
2245 2427
1409 2428
855 2429
2434 2437
1266 2435
2448 2453
25 2449
1258 2452
2459 2848
853 2467
2477 2522
2482 2856
2342 2484
539 2498
1908 2508
2360 2517
2235 2521
2034 2526
2539 2992
2549 2580
1584 2562
1651 2578
2586 2730
2280 2588
2592 2911
1658 2611
794 2627
2629 2737
2176 2642
2654 2676
2485 2671
224 2680
1862 2681
2083 2692
2718 2867
2357 2723
2751 2953
2752 2773
2756 2961
2297 2757
2759 2867
2215 2760
2764 2859
1854 2769
2780 2784
1708 2786
1652 2787
2710 2796
971 2803
2496 2819
2833 2839
2836 2850
2357 2838
1220 2843
911 2846
2871 2888
2876 2985
755 2882
2685 2889
2829 2891
1925 2915
2839 2923
1093 2927
2631 2928
2939 2962
1435 2940
2397 2941
2131 2956
2959 2999
2971 2993
37 860
52 2474
65 2991
109 2470
153 2638
168 2008
229 1871
254 2478
255 2916
266 943
267 2290
324 2673
390 2107
397 2986
412 2753
420 2772
447 2216
455 2737
486 2900
525 2052
537 2957
576 2219
579 2606
604 2935
627 2861
632 2945
637 2661
649 2625
662 2384
664 2921
665 2781
183 670
676 1894
711 1741
722 2742
741 2630
749 2743
763 2918
767 1840
799 1669
829 2877
839 2153
852 2483
861 2189
867 2894
881 2522
936 1998
944 2712
955 2612
965 2799
970 2378
985 2806
987 2438
1042 2099
1052 2690
1054 2265
1087 2980
1088 2793
1095 2863
1099 2625
1100 1685
1113 1204
1114 1974
1137 1793
1157 2888
1187 2077
1206 2291
1244 2918
1251 2815
1264 2847
1303 2304
1304 2011
1315 2742
1316 2912
1323 2984
1338 2133
1340 2244
1345 2957
1351 2782
1379 2598
1385 2007
1397 2295
1429 2716
1433 1671
1440 2643
1456 2857
1458 2921
1460 2744
1471 2849
1478 1851
1503 2253
802 1540
1578 2858
1589 2128
1148 1619
1628 2432
1642 2851
1712 2091
1731 2634
1740 2030
1746 2340
1766 2842
1574 1802
1820 2590
1823 2906
1829 2795
1834 2544
1199 1850
1859 2732
1867 2792
1872 2624
1888 2143
1931 2869
1935 2977
1938 2191
1941 2301
1874 1951
1720 1965
1985 2991
1995 2262
1999 2859
2017 2591
1220 2036
2069 2815
2079 2900
2080 2765
2089 2326
2090 2311
2095 2096
2082 2101
2104 2121
2114 2117
2120 2858
2141 2291
2149 2369
953 2150
1293 2154
2156 2864
2157 2164
2166 2957
1971 2175
2181 2906
1984 2182
2194 2736
163 2196
2170 2228
2109 2239
1463 2282
1992 2306
2308 2666
802 2310
2316 2835
2333 2618
2379 2392
1276 2411
2423 2906
2427 2614
2428 2883
2429 2441
1298 2434
2291 2435
2448 2605
2173 2449
2452 2665
1945 2459
2252 2467
2477 2945
2482 2597
2484 2576
2498 2844
2030 2508
2517 2832
1866 2521
123 2526
2539 2693
530 2549
2210 2562
2578 2953
2586 2590
1133 2588
491 2592
1874 2611
2538 2627
2600 2629
2642 2686
1835 2654
2671 2869
2680 2688
1877 2681
2692 2955
2095 2718
2723 2806
2751 2910
2752 2799
2557 2756
2757 2826
2759 2853
2347 2760
2529 2764
2547 2769
2019 2780
2786 2824
2787 2948
2748 2796
1528 2803
2818 2819
2790 2833
2831 2836
2838 2938
2165 2843
2846 2852
2729 2871
2481 2876
2086 2882
2878 2889
2699 2891
1838 2915
2923 2929
1920 2927
2632 2928
371 2939
225 2940
1916 2941
2956 2963
2959 2998
371 2971
537 2893
579 2804
711 2963
852 2934
861 2948
955 2861
1042 2912
1088 2890
1345 2252
1379 2465
1433 2430
1458 2132
1471 2986
1619 1713
1628 1629
1740 2992
1746 2657
1823 2691
1829 2902
1834 2343
1850 2693
1867 2917
1872 2524
1931 2965
1938 2706
1728 1951
1639 1965
1999 2772
1275 2036
2069 2646
2079 2554
2080 2430
2089 2158
2090 2714
2117 2773
2120 2515
2156 2987
2157 2163
2166 2951
2175 2584
1758 2182
2194 2981
2228 2657
2282 2841
2306 2788
2308 2859
2310 2412
1661 2316
1839 2333
2379 2384
1024 2411
2123 2427
2428 2986
2429 2942
2434 2925
1837 2435
2449 2715
2452 2896
2459 2602
2467 2962
2477 2568
1391 2484
2492 2498
2350 2508
2517 2730
2521 2998
2526 2963
2539 2546
1483 2578
1133 2586
1667 2588
2592 2596
2627 2992
2629 2988
1261 2642
2654 2997
1672 2671
2572 2681
2692 2968
2363 2718
2723 2781
1672 2751
2752 2777
2053 2756
2759 2770
2456 2760
2764 2774
1822 2769
2711 2786
2695 2796
2401 2803
2819 2863
1346 2833
2836 2919
2305 2843
2846 2866
2862 2871
2876 2920
538 2882
2859 2889
2086 2891
2911 2915
2854 2923
2927 2987
2862 2928
1446 2939
2495 2940
2866 2941
1298 2956
2657 2959
2878 2971
1088 2509
1746 2536
1823 2955
1872 2966
1951 2929
2080 2304
2120 2868
2156 2932
2411 2992
2427 2979
2477 2776
2521 2919
2526 2853
2588 2992
1020 2627
2751 2903
2752 2779
2760 2926
2764 2973
1298 2786
2211 2803
2743 2843
2853 2871
2086 2876
2342 2882
2774 2889
2682 2891
2357 2915
2450 2923
2342 2927
2928 2978
2679 2939
2471 2941
2952 2959
2877 2971
2700 2876
2638 2891
2923 2979
