462 2641
1385 2453
2159 2557
637 3810
1134 3695
1187 3635
3419 3813
275 3704
275 3119
1668 2627
2847 3754
2364 3876
1392 3902
100 3888
775 3518
78 1653
1731 2864
2473 2757
3351 3821
1685 3661
3229 3988
527 3105
3476 3754
2044 2631
3635 3902
1172 3767
1222 1737
1078 3767
2311 3419
2677 3134
1099 3444
1887 3799
1196 3541
201 3995
162 3561
1244 2571
2445 3865
2462 3650
2114 3799
1271 3267
2403 2536
3029 3518
2143 3767
3518 3902
137 3162
1255 2549
1381 3839
2084 2639
3371 3964
1134 3878
782 1626
1213 2084
857 3645
2318 2911
2168 2599
3667 3865
392 3037
2920 3162
2021 3267
1731 2680
2557 3848
2480 3267
3379 3790
3043 3103
947 2627
634 3897
3103 3848
2109 2920
178 3813
2394 3094
595 2627
2383 3687
1885 3942
373 3924
2873 2988
1978 3848
1260 3716
975 3561
1753 3810
3546 3690
538 3654
1217 3979
2797 3085
2616 3687
2797 2873
1196 3379
1653 2341
29 3449
2445 3081
776 3173
373 3208
3878 3902
71 3306
3351 3942
137 2969
3493 3875
2083 2680
2473 3119
762 3685
1532 3476
352 3561
3083 3379
768 3767
2158 3979
887 3690
2419 2680
1669 3892
3087 3888
2701 3029
2114 2641
1892 3786
2482 3407
28 3690
1151 2149
1662 3208
2757 3693
3029 3208
3469 3995
3179 3863
3229 3810
1797 3995
3407 3716
2557 3716
2453 3418
1354 3654
775 2911
201 3685
491 3407
2557 2757
1652 3995
1260 3108
2480 3418
2701 3902
1345 3614
2920 3269
3351 3646
1582 3514
3685 3995
2190 3401
2848 3650
955 1966
2669 3632
1753 3661
2242 2701
3690 3799
780 3848
1756 3813
2680 3942
2881 3134
803 3704
2168 2641
2242 3839
3007 3173
3371 3546
417 2044
2482 3561
1531 3103
719 2341
3544 3786
2168 3476
755 3880
2604 3407
2631 3693
1312 3954
3699 3995
2221 3878
3208 3878
1445 2999
82 3863
1385 3821
3699 3848
1290 3179
1213 3614
3813 3954
2101 3645
2383 3090
2920 3655
2364 3162
1946 3693
1669 3880
2298 2549
1490 3813
3037 3083
2321 2549
2083 3964
3514 3947
2416 3979
2394 2990
3499 3754
1099 3646
352 3655
3179 3645
2604 3172
2021 2394
1256 3790
2419 3964
2416 3134
123 3090
3094 3888
392 3764
1532 3221
1345 2341
1880 2990
3878 3924
2419 3821
2321 2971
947 3947
466 3863
2149 3888
368 3849
2604 3865
3173 3544
2512 2969
455 3197
1143 3544
2453 3821
3044 3134
2429 3687
360 3821
3269 3661
128 3371
1048 3085
2449 3865
3444 3849
2463 3897
1751 3172
2416 3839
445 3754
26 3810
1028 3797
1816 3201
2616 3562
862 3790
2193 3201
503 3650
3685 3699
2552 3821
775 3562
352 3081
2419 3351
417 3764
2448 3878
1260 3764
3221 3514
2055 2988
2368 3667
3003 3725
2745 2848
1196 1660
1751 2253
3105 3924
2739 3876
1766 3865
642 3267
1868 3754
3029 3635
1673 3444
1868 1970
92 1825
275 3693
2641 3632
2482 3351
1753 3876
974 3614
2204 3037
1927 2971
220 3964
2101 3134
960 3876
1626 3306
2453 3917
1946 3407
3371 3690
2745 3083
3031 3083
2403 3979
3043 3880
3444 3942
1868 3632
1852 3031
491 3704
1531 3863
336 3947
92 3799
2070 3514
768 3917
123 3888
26 3876
3029 3499
2126 3810
3635 3979
1392 3499
637 3229
2419 3790
3797 3849
3053 3880
642 2394
3044 3645
1657 2525
1191 3119
527 3764
28 3799
380 1271
1791 3888
3037 3790
2158 3924
3081 3954
3810 3876
2701 3105
1970 2093
735 3954
1892 3173
1887 3632
2536 3902
2368 3172
368 3875
78 1927
1191 3108
128 830
955 3401
2055 3197
2221 3839
1256 2848
830 3863
1607 3821
3108 3716
2745 3650
2890 3799
3053 3103
2920 3023
2890 3878
3646 3767
2536 3839
3695 3878
2109 3661
1102 3892
1816 3007
1313 2847
1532 2181
1130 3947
2864 3876
1340 3799
159 3407
614 3917
2739 2848
2368 3614
2473 2631
1172 2669
2321 2341
2101 3380
2745 3037
3518 3878
151 3979
1662 2999
3007 3888
159 3693
106 3892
2174 3379
974 3031
1217 3839
1130 1791
2934 3924
2604 2639
3134 3797
2158 3635
1657 3988
1892 3544
16 1607
1332 3995
3007 3687
862 3541
1143 3786
2207 3995
3917 3964
2182 3085
3081 3655
782 3179
1042 2531
2462 2848
82 3897
2112 3635
1191 3716
2641 2767
162 3654
1997 3351
2536 3979
1731 2021
1933 3083
2403 3695
1153 2394
2044 3764
3023 3876
392 2745
3476 3546
1260 2159
2955 3902
2402 3848
417 3716
466 3897
2174 3541
2462 3790
1402 3229
1607 3942
1880 2480
3173 3514
2429 3544
3699 3892
2321 3197
3902 3924
1423 3797
3029 3561
2759 3031
2920 3810
1340 3690
1441 3699
1737 3902
2847 3799
1887 2890
462 1340
2571 2911
337 1657
3645 3875
3661 3988
975 3813
2383 3087
2204 2739
1272 3924
974 1692
3173 3786
1997 3917
2158 3518
1080 3878
2114 3476
78 2988
2639 3449
2641 3690
2429 3562
1924 2990
1260 3704
960 3173
518 3661
1099 3917
2070 3888
2604 3667
2322 3546
2242 3695
2864 2990
3469 3892
3269 3810
2345 3449
2158 3839
1978 3892
2101 3797
887 3371
1607 3917
2035 3875
674 3695
1078 3964
1949 3003
53 883
92 2847
1766 3954
1660 2767
2881 3849
237 3401
2055 2549
614 3821
1272 3979
473 3081
137 3988
3108 3407
1335 2325
2448 3695
3053 3699
2207 3892
2677 3380
1880 3267
2364 3988
1377 3401
1646 3094
2098 3799
542 3942
3031 3865
830 1582
2680 3964
782 3725
719 2695
2204 3790
2364 3661
26 518
1797 3848
3208 3695
1933 3790
1130 2864
349 3988
2181 2669
1244 3087
3493 3797
3371 3876
2599 3546
2536 3947
3695 3839
403 3813
1652 3880
857 3797
1653 1927
2253 3031
678 2536
735 3655
2318 3704
92 180
3418 3646
3044 3875
2419 3917
3685 3848
1078 3646
1313 2114
3094 3267
3221 3667
1271 2480
129 2990
3839 3902
3023 3269
220 3942
1892 3947
2448 3499
3090 3790
3267 3848
2969 3661
595 3947
1626 3897
2207 3685
434 753
1737 3964
2043 2512
3083 3790
2114 3197
2599 2669
803 3764
1817 2988
2462 3083
29 3201
3031 3221
2525 2745
2235 3849
71 3863
3499 3878
1244 3173
2449 3954
2207 3880
3380 3797
68 3865
2463 3863
2190 3043
1662 3449
2680 3444
1187 1763
180 2168
28 3754
1880 2159
2126 2848
2448 3635
1756 3654
1418 3880
2591 3979
2181 3754
1892 3667
445 2848
634 2345
760 3693
3380 3849
2322 3371
2159 3407
3172 3614
3704 3764
852 2797
3514 3544
311 3229
678 3839
2525 3786
605 3094
1172 3754
1685 3876
3029 3878
275 3892
3371 3476
857 2881
3687 3888
360 3964
2462 3379
1080 3499
1649 3888
2552 3444
1304 3090
1340 3371
2035 3632
1244 3562
3810 3988
614 3444
2934 3880
2473 3716
883 2368
3499 3695
1445 3863
506 3699
1668 3201
407 3646
960 1753
201 3848
1927 3245
2911 3407
2208 3632
237 2207
2126 3650
337 2483
852 2873
1737 3444
1660 2890
2311 2445
201 2204
53 3614
1377 3685
1892 3514
3444 3964
3514 3562
612 3902
349 3269
1308 3379
1381 3208
1196 3650
2168 3690
275 2473
1797 3562
2043 3229
1402 2969
283 3087
1791 2483
1441 3995
1109 2728
2368 2759
2557 3108
445 3632
128 3897
3518 3924
1652 2591
2728 3797
762 3880
2512 3988
1304 3541
1151 3645
762 3995
2044 2557
3797 3875
2483 2616
883 3614
2604 3221
3003 3863
2084 2759
1763 1997
3306 3449
1946 3764
3179 3201
2473 3108
2969 3810
3081 3654
1209 3849
1381 3083
2767 3221
3003 3449
2483 3544
1345 2055
2591 3924
2695 3197
3105 3979
2235 3875
1817 3229
1903 3799
407 3964
614 3964
634 1003
1313 3371
2934 3892
455 2549
3725 3863
1924 3880
2035 2599
2999 3179
2403 3839
2345 3179
3614 3667
1978 3469
1003 3449
1978 3699
2190 3848
2757 3716
3469 3848
3561 3954
3499 3635
434 3754
634 3306
1578 2462
947 3699
380 2480
2171 3090
2677 3044
123 2462
1028 3875
2321 3085
2445 3892
605 1615
1751 3614
1685 3810
3917 3942
2311 3813
2365 3917
1887 3754
1649 1791
2208 3690
2767 3546
1490 3419
1430 2483
2298 3085
3419 3561
1402 3023
1272 3635
1187 3988
2112 3499
3105 3878
1731 2480
3162 3988
74 3821
3704 3716
403 3863
2112 3902
678 3902
1924 2393
2158 3695
1042 3954
961 3562
2221 2591
3401 3699
1966 3371
2473 3693
2482 3813
1153 1499
2669 3546
775 3687
1881 2701
2473 3764
2416 3902
2416 3208
542 3964
3103 3892
2204 3083
974 3172
381 3541
1256 1578
2767 3754
2591 3902
3449 3863
1946 3119
1892 3562
445 1053
1662 3863
352 3954
760 2159
975 2881
1290 3897
1881 3878
3087 3786
1078 1607
2890 3418
100 3201
2669 3754
2739 3541
2627 3544
2101 2235
2448 3518
3645 3797
2759 3954
74 3767
2070 3947
466 3306
1080 3924
128 1903
1381 3499
74 3917
455 2797
3083 3650
1817 2695
2093 3476
486 3849
2728 3875
3053 3469
637 2920
634 3863
1313 3546
3839 3888
1335 2549
1080 3105
538 3954
311 3876
2680 3646
1685 2325
1887 2599
1791 1892
2193 3786
538 3813
883 3865
1304 3650
3003 3179
3083 3541
2911 3764
2171 2204
29 3173
762 3954
2549 2873
3786 3947
3821 3917
416 2695
2207 3053
2881 3645
951 3544
2999 3897
1499 3799
3103 3685
1102 3469
1817 3245
2549 3245
2318 3108
3419 3865
538 3561
1970 3546
78 2971
3103 3995
3654 3865
2143 3821
3134 3493
1669 3995
3053 3892
2365 3964
3839 3878
3103 3880
487 2182
2341 2695
2757 3764
2639 3172
74 3197
1099 3942
1626 2999
74 3942
2318 3119
1825 2955
2070 3007
3179 3897
137 3810
678 3924
28 1172
3037 3650
1151 3875
1756 3655
2445 3561
1385 3942
960 3810
862 1933
830 3003
720 3942
2204 3650
1340 1903
1751 3221
368 3546
2969 3988
1816 3947
462 3371
1490 2445
3562 3947
2429 3947
1685 3988
336 2627
2881 3044
2745 3790
2416 2591
2971 3085
1143 2383
674 2393
3667 3690
1881 2416
755 2416
2695 2988
3499 3839
3419 3655
3087 3687
2453 3942
71 3179
237 3892
2999 3449
1751 2911
1345 2988
3418 3444
1660 3690
682 3964
678 2341
1143 3687
1053 1222
2911 3947
3650 3667
2462 3541
434 2098
887 1868
29 3897
2190 3892
2318 3764
57 3947
951 3888
159 3716
862 2174
862 2739
3614 3865
1756 3954
612 3878
2512 3876
2143 2419
3444 3646
3371 3632
2552 3942
2325 2536
1657 3687
416 2341
1993 3685
407 3942
2669 3476
491 3716
3499 3979
1423 3875
2616 3888
2757 3704
220 3444
2680 3917
2159 3108
542 3821
2208 3799
3699 3880
151 3518
2739 3090
3023 3810
3103 3401
2695 2971
466 1445
2969 3269
1594 3221
2109 2112
2193 3544
3876 3988
1182 2055
1615 3094
1763 3810
2448 3839
3201 3888
1255 2873
2143 3917
1673 3646
2881 3875
3654 3655
3942 3979
1048 2971
283 3379
1332 3947
852 3197
2393 2394
2365 3351
2126 3790
2759 3221
1290 3306
2070 3087
3081 3561
3690 3699
1191 3764
1354 3499
2934 3685
1887 2669
1685 3269
2881 3797
3119 3693
1646 2393
542 3767
2631 3704
3380 3645
1949 3863
1927 3754
2159 3716
1209 3875
2999 3725
462 3964
130 3849
57 2616
1924 2864
1441 3880
1753 3988
3469 3699
955 3880
3306 3863
2298 2971
614 3942
595 3888
960 3988
2767 2847
1868 2847
1970 3476
3105 3839
3865 3954
2083 3351
1993 3880
2298 3197
2311 3954
2043 3661
3848 3995
3044 3849
2109 3229
3134 3380
2083 3646
1308 3790
2890 3810
2955 3499
130 3797
1669 3699
82 1949
1134 2549
1825 3562
977 3693
3105 3902
803 3119
3888 3947
2971 2988
3469 3685
3043 3848
2616 3947
1607 3767
1933 3541
2221 3979
1594 1751
1993 3043
1217 3635
2990 3418
3518 3635
2999 3003
3646 3917
2044 3108
1109 3797
403 3654
1763 3988
3351 3767
2435 3162
1272 3029
2101 3764
776 3201
1130 3687
1172 2599
1646 2990
3754 3799
2462 2745
1402 3810
3229 3661
1441 3892
2591 3878
955 3892
2368 3221
473 3813
670 3197
2168 3650
3229 3876
1885 2365
1653 3902
3043 3685
3635 3839
68 3667
1418 3699
3786 3865
491 3764
2416 3119
1887 3476
1615 1646
612 2955
1966 3690
1766 3655
719 1335
3635 3878
1042 2449
2536 3924
2759 3172
2253 3614
2429 3888
3646 3942
3863 3897
3031 3667
1881 3499
960 3162
1653 3197
1594 3614
2208 2512
2044 3693
1949 3449
2325 2695
2934 3103
1354 3813
1499 3418
3541 3650
1753 2969
2345 3863
1997 2365
1332 3685
2571 3693
2126 3083
3179 3725
2536 2955
1385 3964
1385 3767
2403 3029
3269 3988
3655 3813
2394 2864
487 1335
1418 3685
3693 3704
3119 3764
128 3379
3053 3995
975 3655
129 380
1490 3954
2990 3267
2035 3371
434 3690
2035 3797
2911 3201
3162 3229
2126 3090
1817 3085
3371 3799
1423 3267
337 3947
832 3655
1660 1825
2604 3614
3518 3839
637 3876
1222 3632
719 2321
2739 3650
3007 3544
642 2393
220 3917
961 3544
1881 3518
1272 3878
416 2321
2728 3134
612 3839
2114 2181
803 3407
1244 3007
1646 2480
3401 3880
3661 3876
2512 3229
2512 3810
2453 3646
1304 3790
1377 3880
159 3704
1151 3380
961 3947
3541 3790
1652 3043
947 3514
3419 3654
612 2701
3695 3979
2483 3201
1737 3725
1993 3469
201 1332
1657 2911
2988 3245
3024 3044
1673 3880
1354 3865
1668 3888
1949 3897
2171 3790
755 3995
237 3995
1797 3892
3201 3562
1255 3197
2345 3003
3646 3988
3162 3810
518 3988
2525 3544
1256 2745
1153 2864
2093 2322
2021 3094
3044 3541
1003 3725
670 2298
1993 3995
26 3988
2368 2639
3562 3687
1816 2627
1885 3767
283 3947
1335 1345
1668 1816
1217 3499
2881 3380
3654 3813
1673 3821
417 3704
1078 3821
1649 3687
3419 3954
3514 3888
3902 3979
2221 3902
1377 3892
178 3917
1993 3892
1130 3888
776 3947
2848 3379
336 2525
3695 3902
2728 3645
2557 3704
605 1731
337 3888
2171 3650
2093 3371
162 3081
2394 3418
3172 3667
3094 3418
2864 3094
3821 3964
3105 3699
1102 2767
1946 3716
2680 3821
3172 3221
3081 3813
1392 3635
1852 2604
753 776
2531 3865
2143 3876
3024 3134
2473 3704
1852 3667
2552 3964
1673 3767
1885 3917
830 3897
1143 2483
503 2174
1673 3917
1797 2181
2083 3917
1053 2890
832 3954
2242 3979
3876 3995
2701 3979
2616 3514
780 3699
1423 2881
2759 3865
1312 3419
1978 3880
2393 2990
1825 3754
1213 1817
977 3716
1970 3754
2531 3813
2955 3878
2677 3797
1209 3044
2448 3902
3880 3892
2641 3799
16 2168
782 3863
1594 3865
82 3306
2181 3632
3023 3988
3725 3897
3848 3892
2536 3635
2171 3876
2604 3031
1532 3371
1692 1751
753 3476
1102 3995
2969 3162
1997 3964
3208 3518
1885 3821
3418 3942
3786 3964
1222 3690
2920 3988
1028 2677
1852 2253
100 3947
1213 1692
1182 2298
1099 3964
2318 3693
2631 3716
2591 3821
1418 3995
2221 3208
3087 3090
1927 3197
434 2890
1134 3979
1187 3810
1903 2669
3024 3645
462 2767
3380 3493
2235 3645
2449 3654
1151 3849
3087 3562
720 3964
336 1345
1927 2873
2402 2669
2599 3754
1308 3090
2242 2448
3023 3661
162 3813
3646 3821
605 1499
780 3880
1490 3865
1430 3514
3632 3799
3646 3964
768 3964
3444 3821
2448 3979
2055 3245
2402 3892
3635 3695
1042 3561
2463 3449
2701 3839
755 3848
1445 3306
1997 3646
3493 3645
2204 3090
1313 2322
762 3848
3044 3797
2767 3632
486 3024
1669 3848
2193 3087
1652 3469
1791 3687
2208 3514
1825 3799
2631 3407
3401 3892
2435 3988
775 3947
3418 3821
3546 3632
2143 3964
2035 3849
360 3767
1244 3947
2207 3401
2403 3902
1048 2988
2393 3267
2669 3690
2368 3031
1751 3667
159 2757
975 3654
1196 3083
3081 3544
1499 3267
2955 3979
381 2174
3134 3645
3029 3979
3546 3754
92 3942
1392 3979
2171 3541
2043 3023
3655 3954
753 2847
2873 2971
3716 3764
2955 3635
2221 3499
1499 2990
180 2114
637 3988
2171 3379
1256 3379
2368 3371
3043 3635
3650 3790
2190 3880
129 1272
3119 3518
16 1340
1626 3179
1053 2093
3090 3379
1499 3863
392 3650
1852 3221
1332 3699
2182 2321
1304 3379
3081 3419
3173 3562
1392 3839
3645 3849
1531 3897
760 3493
977 3764
1308 3541
360 3942
670 2797
3942 3964
3134 3849
3208 3979
487 1255
2616 3876
3031 3924
612 3897
2043 3876
1191 3645
1578 3650
3693 3716
2453 3767
2445 3655
2171 3083
2463 2999
720 3917
1978 3995
1053 3690
3105 3695
1377 3699
527 2631
445 3546
1662 3003
518 3876
3654 3954
3407 3764
106 3469
1652 3103
1531 3725
3029 3902
2531 3954
3379 3650
130 3875
1003 3897
68 3614
2631 3764
2988 3085
3044 3493
3024 3875
3221 3614
1312 3813
1290 3863
2109 3876
3044 3380
3444 3917
2449 3813
2591 3635
2365 3444
3053 3848
2482 3954
3087 3514
2181 3134
2084 3667
2083 3767
2318 3716
2739 3790
3024 3797
3401 3469
3179 3306
1966 3632
1731 3094
473 3954
2394 3267
1441 3685
2759 3667
2864 3418
2599 3476
1430 3173
1578 3790
832 3561
1209 3024
3407 3693
2098 2767
1966 1970
832 2482
1594 2604
2168 2847
373 3518
977 3704
1381 3695
2182 2873
2552 2680
2571 3764
506 3053
336 3888
3401 3995
57 100
2881 3024
2482 3654
2531 3655
349 3876
1966 3650
178 3964
380 2990
1078 3942
3514 3786
3007 3562
1649 3947
151 3043
1308 3650
2112 3979
3043 3401
237 3848
951 3201
3173 3201
857 3875
3646 3687
2463 3306
151 3635
2552 3646
955 3995
2435 3661
1766 3419
3418 3767
151 2955
3306 3725
3767 3964
71 3897
1490 3083
1532 3799
1313 3419
2311 3655
3821 3942
1652 3685
2193 3514
3269 3876
2745 3379
3849 3875
1949 2999
2757 3119
527 3407
605 2480
1354 3081
1669 3043
1402 3988
3380 3875
2365 3646
2402 3880
2207 3469
2571 3119
755 3892
2345 3897
1377 3380
53 3667
670 719
3172 3865
1256 3449
1255 1653
3499 3902
82 3003
1153 1924
1933 2204
2109 3810
2639 2759
3687 3947
1868 2999
178 3646
1737 3917
2512 3269
2571 3108
2639 3614
487 3245
1191 3693
2101 3875
1881 3924
2571 3704
3693 3764
1763 3269
852 2988
3546 3799
2864 3267
3518 3979
180 3690
2083 3229
3090 3541
3880 3995
1946 3704
1028 3849
852 1048
2193 3687
3546 3561
1924 3267
1615 3267
830 3306
2873 3562
1997 3942
503 3790
3685 3892
2416 3878
1816 2429
1134 3518
2112 2552
2483 2627
2890 3546
2298 2797
1582 3888
1692 3614
1490 2311
2204 3541
2739 2745
1217 3878
2677 3024
2680 3767
1028 3380
3351 3917
857 3849
2988 3418
1143 2429
1354 3954
1578 3090
2325 2988
2435 3876
2322 3799
1134 3839
2955 3208
3878 3979
2055 3085
2158 3902
416 2873
1332 3892
1885 2453
2383 3947
3105 3635
951 3514
2181 2208
2591 3499
3401 3725
2149 3562
2552 3917
2143 3646
2109 3023
1335 2695
1649 1668
3716 3878
955 2190
1626 3863
2253 2639
3449 3897
2445 3954
1662 3897
3418 3917
3892 3995
1423 3380
2669 3897
311 3988
2429 2616
1668 3544
1817 2549
1080 3979
1151 3797
3865 3880
2639 3865
2728 2881
1312 2482
760 3704
2639 3667
2728 3024
527 3119
3685 3880
3493 3849
2639 3221
2557 2571
486 3875
2101 3849
2728 3849
1649 2070
1080 2242
2739 3661
1153 3267
1418 3469
2512 2920
2419 2552
3449 3725
1578 2126
2911 3544
1970 3690
2235 3380
947 3888
2193 3562
1130 3087
3162 3269
2035 3754
2043 3988
57 2149
2999 3863
1441 3848
975 3954
2552 3351
2325 3085
3119 3407
1653 2873
1756 2449
2403 2701
3562 3888
1402 2109
2677 3875
3229 3499
1445 3449
674 3094
2797 3197
1332 3848
3767 3821
2159 3693
1615 1731
1993 3848
1109 3875
2143 3351
3687 3786
2098 3476
1213 3667
2235 3797
775 3173
1662 2463
2070 3201
1763 3876
2109 3988
130 3134
887 1966
2318 3407
2402 3995
3043 3995
1766 3813
3444 3767
1187 3661
3306 3897
2911 3704
2920 3876
3134 3875
3351 3964
782 3897
2797 2971
129 2021
2627 3007
2934 3848
2253 3667
1978 3053
2158 3208
2242 3878
3003 3897
1933 2174
2627 3687
1209 3645
2445 2531
2955 3839
3029 3105
595 2193
2221 3695
720 3351
2084 3031
2093 2847
1209 3797
1222 2767
2536 3695
2402 3401
2419 3942
3024 3849
106 3053
2098 2759
2482 3655
3029 3839
2531 3654
2043 3269
768 3351
373 3695
2955 3518
2571 2757
1607 1997
1445 3897
3208 3902
3767 3942
2512 3661
3561 3654
2253 2368
53 3865
2449 3561
2999 3306
2235 3024
2934 3699
2084 3221
2311 2531
1213 2759
53 3221
1172 2114
1222 2847
2616 3173
3767 3790
1660 3476
349 3810
1354 2531
2083 2419
1385 3876
128 3863
1692 3667
106 3685
1312 3865
2848 3790
1825 3632
2168 3632
2311 3654
720 3767
2325 3902
2677 3849
1423 3849
2149 2429
1182 1345
1657 3947
337 2208
2969 2971
3023 3229
3043 3699
2728 3493
2298 2873
3031 3172
2920 3661
2190 3995
392 2174
1271 3418
3469 3880
1673 3942
1099 2182
780 3892
1196 1933
2453 3351
2641 3476
178 3942
503 3541
1594 3172
3767 3917
3632 3754
1646 2021
974 2759
2848 3090
735 3419
381 3650
2416 3695
2591 3105
2969 3876
3043 3053
1109 3493
803 3716
1756 1766
1499 3094
2599 3799
2393 2864
1381 3979
2368 3449
1582 3544
2677 3645
3924 3979
1423 3645
3108 3704
1852 2084
3401 3848
1109 3645
1290 3449
2403 3518
3655 3865
128 3179
2365 3942
2557 3764
16 887
1312 3655
1182 3979
311 3162
2345 2463
1763 3162
2557 3407
1737 3418
1737 3821
1881 3979
2848 3541
3839 3924
1763 3023
2190 3103
1345 2797
682 3449
2525 3947
68 3031
1532 3546
1042 3813
642 1271
2126 2739
2969 3023
682 3863
506 3865
16 3658
26 3284
28 60
29 3430
53 3058
57 3125
68 3171
71 3856
74 3882
78 2075
82 2327
92 3914
100 2290
106 3120
123 3831
129 3127
130 3860
137 3972
151 3719
159 3450
162 3538
178 3761
180 2930
201 3676
220 3350
237 3570
275 3899
283 3993
311 3082
336 3336
337 3890
349 2948
352 1091
360 3886
368 3871
373 3759
380 3368
47 381
392 3642
403 1558
407 3822
416 2907
417 2777
434 3769
445 2062
455 3377
462 3688
466 3769
473 3811
486 3042
487 2376
491 3750
503 3041
506 3785
518 3845
527 3250
538 3780
542 3310
595 3599
605 3982
612 2078
614 2974
634 3438
637 3852
642 2540
670 3980
674 3392
678 3310
682 2211
719 1088
720 2708
735 3871
753 3265
755 1093
760 3914
762 1101
768 2885
775 1854
776 3483
780 2398
782 3416
803 3218
830 3502
832 2185
852 3874
857 3039
862 3355
256 883
887 3820
947 3717
951 3945
955 3223
960 2027
961 3915
975 3451
977 3565
1003 3830
681 1028
1042 3788
1048 3232
1053 3937
1078 3782
1080 2800
1099 3706
1102 3991
1109 3891
1130 3350
1134 3670
1143 3708
1151 2625
660 1153
1172 3974
1182 1301
1187 3710
1164 1191
1196 3515
1209 2959
1213 3931
1217 3943
1222 3779
1244 3627
238 1255
1256 2009
1260 1554
1271 3829
1272 3099
1290 3487
1304 3621
1308 2851
1312 3706
1313 3670
1332 3598
1335 3895
1340 3891
1345 3420
1354 3714
824 1377
1381 3933
1385 3506
1392 2947
1402 3750
1418 3511
1423 3323
1430 3919
1441 3912
1445 2121
1490 3477
1499 3971
1531 3344
1532 3602
1578 2981
1582 2509
626 1594
1607 2224
1615 3559
1626 3404
1646 2935
1649 2004
1652 3872
1653 3485
1657 3459
1660 2648
1668 3647
1669 2978
1673 2884
1476 1685
1692 3671
1731 3831
1737 2865
1751 3184
1753 3527
1756 3990
1763 2870
1766 2197
1791 3328
1797 3636
1816 3855
149 1817
236 1825
1852 3904
1868 3920
1880 3959
1881 2523
1885 2328
839 1887
1892 3760
861 1903
1924 3798
1927 3360
1933 3840
142 1946
1949 3030
1966 3196
1970 3459
1000 1978
174 1993
1997 2550
2021 3160
2035 3410
1337 2043
2044 3357
2055 2408
2070 3668
2083 3052
2084 3553
2093 3483
2098 3050
1773 2101
1225 2109
2112 2634
2114 3241
2126 2547
2143 3811
2149 3446
1693 2158
2159 3014
2168 2995
145 2171
1436 2174
2181 2209
2182 2765
2190 3744
2193 3163
2204 3919
1846 2207
1139 2208
2221 2225
2235 2377
2242 3459
2253 2751
2298 2716
1827 2311
1033 2318
2321 3315
715 2322
2325 3934
149 2341
2345 2494
2364 2444
2365 3311
2211 2368
2383 3598
2393 2957
2394 2950
2402 3277
2403 3831
2416 3358
243 2419
2429 3528
2435 3384
2445 3742
2440 2448
2449 3779
2453 3715
2462 3887
2463 3042
2473 3965
2480 3411
2482 2883
2483 3845
2456 2512
1297 2525
2531 3242
2536 3984
2549 3015
2552 3384
2557 2659
2571 2688
2591 3327
2599 3169
2604 3590
2616 3887
1965 2627
797 2631
2417 2639
2641 3223
2669 3758
2677 3439
2680 2683
2695 3151
2701 3435
1651 2728
1714 2739
2745 3994
2757 3250
2434 2759
2767 3387
2797 3320
2169 2847
2658 2848
2864 3698
1848 2873
2881 3756
2890 3826
2911 3254
2920 3613
2934 3642
2955 3757
2969 3840
2971 3724
2988 3900
2990 3904
1239 2999
1906 3003
524 3007
3023 3945
2500 3024
3029 3445
2169 3031
2117 3037
3043 3618
3044 3613
3053 3266
3081 3689
3076 3083
223 3085
630 3087
3090 3605
3094 3559
3103 3316
3105 3558
3108 3545
2306 3119
3134 3313
3162 3691
1192 3172
2056 3173
2917 3179
1044 3197
3201 3207
497 3208
3128 3221
2736 3229
3245 3841
3267 3400
3130 3269
3306 3588
3132 3351
3371 3774
47 3379
3380 3530
1512 3401
1456 3407
3418 3501
1158 3419
3444 3833
2795 3449
2656 3469
3476 3726
3016 3493
3128 3499
3514 3743
2451 3518
3367 3541
1723 3544
3546 3747
3561 3867
3432 3562
3077 3614
2154 3632
2039 3635
3645 3973
1365 3646
3650 3705
3634 3654
2651 3655
2736 3661
3657 3667
3685 3906
630 3687
909 3690
3568 3693
2048 3695
1907 3699
3255 3704
3716 3753
1900 3725
3077 3754
1821 3764
3757 3767
446 3786
2127 3790
2686 3797
3788 3799
1476 3810
3538 3813
3812 3821
2211 3839
122 3848
2175 3849
3863 3967
3865 3977
1212 3875
3034 3876
497 3878
1512 3880
2654 3888
1826 3892
2389 3897
3902 3912
3917 3951
1202 3924
454 3942
603 3947
3944 3954
2047 3964
3565 3979
3973 3988
3742 3995
16 3602
26 3601
28 2645
53 2867
71 3714
74 3949
78 2516
100 3461
106 3846
123 2816
129 3559
130 3495
137 2611
151 3973
162 3370
178 3748
180 3122
201 2982
237 3341
275 2829
283 3940
311 2069
336 1173
349 2594
352 3104
360 3958
368 3510
373 3953
380 1962
381 3713
392 1767
403 3041
407 3384
416 3436
434 2645
445 3712
455 3378
462 3114
466 3967
473 1925
486 3916
487 3126
491 3451
503 1539
506 3937
6 518
527 3224
538 3867
542 3657
595 1378
605 2804
227 612
634 1424
637 3934
642 3559
670 1988
674 3780
678 3936
682 3990
720 1463
735 3427
753 3862
755 1431
760 3388
762 3491
768 3238
775 3375
776 3668
780 3122
782 3981
830 3768
832 1158
857 3547
862 2710
414 883
887 3969
947 2008
951 3199
955 3630
961 2539
975 3816
977 3413
1003 3923
1042 3950
251 1048
1053 3992
1078 3569
1080 2779
1099 2792
1102 3360
1109 3870
1130 3099
1134 3929
1143 3752
1151 3100
1153 3548
1172 2667
882 1182
1187 2246
1191 3137
1196 2135
1209 1975
1213 3884
1217 3811
1244 2697
1255 1786
1256 3038
1260 3859
1271 3599
1290 3719
1304 3183
1308 2646
1312 2476
1313 3210
1332 3291
1335 3712
1354 3116
1377 3819
1381 3832
1385 3756
1392 3649
929 1402
1423 3532
1430 3018
1441 3490
1445 2646
1495 1499
1531 3617
1532 3847
1578 3870
1582 3648
1594 3378
1607 2312
413 1615
1626 3454
1646 3656
1649 3914
1652 2650
1653 3843
1657 3717
1660 3658
1668 3945
1669 2697
1673 3698
1685 2254
1692 3440
1731 2115
1737 1820
1751 2755
313 1753
1756 3648
1759 1763
1766 2603
1791 3169
1797 3542
1816 3896
1817 1826
1825 3919
1852 3801
1868 3265
1880 3448
1881 3893
1885 2698
1887 2447
1892 3386
1903 3989
1924 3752
1927 2562
1933 3931
1946 3931
1949 2732
1966 2423
1970 3298
1978 3854
1404 1993
1997 3794
2021 2772
2035 3498
2043 2246
2044 3958
2055 3292
2070 3968
1518 2083
2084 3622
2093 3602
2098 3785
2101 3411
2109 2129
2112 3793
2114 3377
2030 2126
2143 3905
2149 3474
1553 2158
2159 3932
2171 3346
2174 3530
2181 3602
2182 3807
2190 3719
2193 3770
932 2204
2207 2952
2208 3674
2235 2492
2242 3793
2253 3915
2298 3943
2311 3497
2318 2548
1710 2321
2322 3012
2325 3997
989 2341
903 2345
2297 2364
2365 3918
2368 3822
2383 3429
2393 3697
2394 2946
2402 3170
2403 3255
2416 3295
2419 2755
2089 2429
2435 3847
2445 3843
2448 3453
2449 3030
2314 2453
693 2462
2463 3464
559 2473
1727 2480
2482 3677
1189 2483
2512 2613
281 2525
2031 2531
2536 3397
2549 3465
2552 3505
1872 2557
2571 3248
2591 3294
2025 2599
2604 3059
2447 2616
2627 3983
2631 3824
2639 3216
2641 3054
2669 3782
2677 3543
2049 2680
2280 2695
2701 3920
2562 2728
2594 2739
2745 2780
2646 2757
2759 3737
2767 3405
736 2797
2634 2847
2848 3531
2609 2864
2873 3516
1270 2881
1620 2890
2911 3647
2257 2920
2934 3161
2955 2956
925 2969
2971 3978
2988 3064
2990 3523
2983 2999
3003 3553
3007 3860
1159 3023
3024 3925
3029 3285
3031 3992
3037 3991
3043 3188
3044 3272
3053 3291
3081 3696
1203 3083
2558 3085
3087 3091
2762 3090
870 3094
740 3103
3105 3830
2366 3108
3119 3707
3131 3134
3162 3608
1201 3172
3173 3760
583 3179
3191 3197
743 3201
3205 3208
2717 3221
3229 3675
3245 3253
3267 3981
2583 3269
3306 3435
3351 3592
718 3371
3379 3948
3329 3380
2956 3401
3142 3407
3418 3559
3419 3424
3444 3952
3449 3843
2781 3469
3476 3910
3472 3493
3499 3939
3514 3856
817 3518
3541 3869
3544 3717
3546 3602
3538 3561
2849 3562
3614 3835
3495 3632
1580 3635
3645 3775
2749 3646
3650 3952
3654 3989
3655 3932
3661 3854
3095 3667
3288 3685
3357 3687
2370 3690
3693 3966
3004 3695
1512 3699
3176 3704
2375 3716
3724 3725
2209 3754
1793 3764
3767 3818
3786 3826
3790 3908
3797 3975
3602 3799
2736 3810
2883 3813
3741 3821
3436 3839
2062 3848
3462 3849
3758 3863
3707 3865
3344 3875
2962 3876
3697 3878
3880 3994
1137 3888
966 3892
2618 3897
3176 3902
1739 3917
3224 3924
3387 3942
3919 3947
1437 3954
3898 3964
3903 3979
3908 3988
2538 3995
71 3869
100 3033
106 3963
123 3965
129 821
137 3610
180 3314
283 2885
352 2529
360 3812
381 2537
407 3949
455 2857
466 2628
473 3841
486 906
487 3955
491 3977
506 3065
518 2859
538 3549
595 3422
605 3707
634 3430
637 2410
642 3523
674 2756
682 3985
720 3719
735 3463
760 3142
776 3673
780 3663
832 3881
857 3934
947 3807
764 951
961 2118
977 3965
1003 3762
1042 1960
1048 2212
1078 2487
1080 2170
1102 3804
1109 3236
1130 3622
1134 3251
1143 2622
1153 2842
1182 3836
1187 2638
1191 3601
1217 3415
1255 3551
1256 3581
1260 3677
25 1271
1290 3488
1304 3437
1308 3496
1313 3832
1377 3605
1402 3783
1430 3736
1445 3196
1531 3112
1532 3168
1582 3746
1607 3183
1615 3251
1626 3701
1646 3542
1653 2970
1657 3905
1668 2085
1669 2563
1685 3804
1692 3186
1731 3668
1753 3540
1756 3316
1763 3882
1766 3879
1791 3717
1797 3621
1816 3975
1825 3265
302 1852
1868 3678
1880 3152
1711 1881
1885 2503
1887 2621
1903 3931
1924 3559
1927 2835
1933 3670
1946 3898
1949 3963
1966 2534
1970 3669
1978 2173
1993 3749
233 2021
2035 2906
1002 2043
2044 3142
2055 3989
2070 2299
2083 3721
2084 3761
2093 3944
2098 3806
2101 3933
2109 2998
2112 3447
1667 2114
2126 3100
2143 3993
2149 3746
2158 3921
1587 2159
2171 3837
2054 2174
2181 3262
2182 3543
2190 3292
2193 3762
2207 3463
2208 3436
2235 3291
1588 2242
2298 3758
2311 2845
1613 2318
2322 3618
2325 3686
2341 3535
1126 2345
2364 3885
2365 3957
1093 2368
2383 3724
986 2393
2394 2470
2402 3752
2403 3312
2419 3169
2429 2434
2273 2435
2445 3064
2448 3903
2453 3734
2462 3653
2463 2872
2480 3559
2482 3538
2483 3156
2525 3593
2531 2994
2536 2537
1437 2549
2552 3914
1322 2557
2591 3127
2599 3627
2604 2692
2616 3492
945 2627
2631 3795
2639 2802
2641 3660
2669 2953
2677 3275
2680 3438
2524 2695
2701 3028
2728 3313
2739 3513
2757 3137
2759 3843
2767 3602
899 2797
2847 3664
2848 3294
2864 3933
2881 3749
185 2890
2386 2911
2934 3565
2955 3607
2752 2969
2968 2971
2988 3700
2990 3360
1469 3003
1723 3007
3023 3831
3024 3026
2965 3029
2945 3031
3037 3901
1235 3043
3044 3394
1844 3053
3081 3358
3083 3558
3085 3170
3087 3894
3090 3915
3094 3166
554 3103
3105 3664
1954 3108
3119 3800
2961 3134
3162 3439
2268 3172
3173 3737
2836 3179
3197 3811
3201 3717
1452 3208
3221 3653
2564 3229
1391 3245
3267 3465
2246 3269
2541 3306
1621 3351
3379 3747
3380 3595
3401 3480
3407 3705
2754 3418
2883 3419
1762 3444
1645 3449
1512 3469
3476 3858
3493 3796
2953 3499
3514 3713
2715 3518
3275 3541
3544 3755
1802 3546
3384 3561
2808 3562
2000 3614
3632 3795
3595 3635
3275 3645
1534 3646
2127 3650
3538 3654
3655 3670
3643 3661
2737 3667
3685 3903
1083 3687
3643 3690
2963 3693
597 3695
1896 3699
3700 3704
3137 3716
944 3725
2245 3754
3764 3774
2791 3767
888 3786
1829 3790
3797 3801
3313 3799
3810 3872
3813 3867
3821 3895
3502 3839
2492 3848
2882 3849
2381 3863
3618 3865
811 3875
2997 3876
597 3878
3572 3880
2836 3888
3708 3892
2564 3897
3406 3902
3619 3917
3924 3928
3933 3942
3664 3947
2883 3954
3964 3984
3721 3979
3486 3988
3965 3995
381 3659
407 3868
674 3281
735 2602
776 3077
1003 3866
1102 3873
1109 3621
1182 1428
1531 3715
1532 3832
1582 2970
1615 3932
1646 3091
1685 3815
1692 3155
1753 2814
1766 2709
1797 3791
1852 3302
1868 2987
1885 3215
1575 1903
1924 3868
1927 2652
1978 2871
1993 3167
2044 2697
2084 3748
2098 3411
2112 2887
2149 3318
2158 2979
920 2171
1637 2174
2182 3411
2208 3093
2016 2235
2242 3739
2311 3423
2318 3138
2325 3494
1988 2341
2345 3652
2364 3385
2383 3233
2393 3750
2402 3459
2403 2874
2429 3309
2445 2772
2463 3907
2480 3732
2525 3736
2531 3621
2549 2733
2552 3011
2616 2944
2627 3359
2639 3414
2641 3265
2695 3845
2694 2701
2728 3809
2739 2942
2609 2848
2890 3406
2955 3206
2969 2977
2990 3751
3003 3278
3007 3717
2501 3023
3024 3999
3031 3568
3037 3750
3044 3834
3053 3589
3081 3538
3085 3951
3087 3750
3090 3506
3094 3569
3103 3605
3108 3142
1476 3162
3172 3339
3173 3311
2346 3179
3201 3774
3208 3423
3267 3828
3136 3269
3306 3835
3351 3771
3275 3380
3389 3401
3407 3873
3418 3939
3419 3538
3449 3684
3469 3564
3129 3476
2977 3493
978 3499
2682 3514
3521 3541
3544 3674
837 3546
3561 3726
3562 3820
3614 3943
2209 3632
3551 3635
3645 3953
2901 3646
3650 3809
3643 3654
3655 3666
3661 3938
2036 3667
2992 3685
3690 3864
3142 3693
3695 3938
3689 3699
3302 3704
3716 3802
3701 3725
3754 3850
3325 3764
3394 3767
3786 3847
3210 3790
2575 3797
3799 3800
3755 3810
32 3813
3686 3821
3679 3839
3618 3848
3849 3890
3851 3863
3290 3865
2692 3875
1627 3876
2603 3878
3853 3888
3521 3892
2850 3897
2475 3902
3585 3917
3491 3924
1124 3942
3895 3947
3761 3954
3766 3964
3950 3979
2687 3988
554 3995
1182 3722
1582 3834
1885 2976
1903 3384
1993 3691
2044 3864
2084 3521
2182 3608
2311 3491
2364 3961
2403 2902
2525 2932
2552 3448
3007 3246
3023 3992
2947 3053
3081 3395
3103 3681
3172 3793
3380 3485
3407 3831
3493 3728
2127 3541
3544 3586
3470 3546
3614 3816
3632 3775
3332 3645
3398 3646
2602 3654
3655 3656
3661 3683
3128 3667
3625 3693
2970 3699
3397 3716
3551 3725
2359 3754
3715 3764
3438 3786
3797 3867
3404 3799
3111 3810
3839 3938
3849 3913
2651 3865
2246 3876
3728 3878
3717 3888
3901 3947
3807 3954
3665 3964
3007 3827
3493 3692
2602 3655
3885 3888
