1441 1725
1493 765
1028 882
1922 968
129 1889
1078 1230
1487 960
1929 960
1051 1548
1230 1695
1426 1687
1889 199
1916 641
1741 689
1966 744
138 1905
1646 1914
1929 860
1153 915
1426 1734
1664 1929
1043 1966
1741 641
1441 1664
1610 1643
1363 1980
1375 860
1466 856
1275 1777
1401 1544
1337 1363
1753 451
1664 1980
1051 1852
1431 604
1139 907
1777 1799
1115 1664
1777 30
1056 1831
1203 1994
1678 1953
1770 846
1115 301
1178 268
1916 915
1487 1561
1148 1929
1561 846
1808 1999
1404 91
1240 1953
273 620
1153 1740
1466 36
1831 420
1572 864
1916 255
1808 1922
1210 1282
1548 1852
1276 895
1741 179
1148 1441
1610 1922
165 1811
1028 1916
1355 557
1404 164
1548 1558
1448 728
1687 1741
636 779
608 767
1355 1695
137 1905
1151 864
1916 636
1966 689
1276 689
1441 393
1607 549
118 1431
1678 1999
1431 478
1792 899
1337 1608
1078 1808
1905 1966
1036 725
1568 1792
1282 1643
1792 265
1151 1304
1493 255
1153 36
1139 1811
1492 1603
1190 1270
1572 846
1270 1994
1551 463
1161 557
1240 1304
1337 330
1051 496
1572 301
1695 1904
1103 1607
1460 165
1770 779
1953 863
373 420
1568 514
1008 1741
1460 380
1643 744
1368 1799
1777 201
1678 1914
1695 653
1230 1922
1799 89
1275 273
1270 1980
1646 1904
1966 889
1044 915
1375 889
1572 1777
1230 1999
1375 883
1448 1522
1889 855
151 1994
1572 282
478 739
1568 1904
1568 891
1161 1522
1548 1607
1734 845
1132 1401
1831 1929
1695 863
1914 957
1758 420
1431 1852
1734 1966
1401 883
1036 907
134 1678
1758 1831
1487 1994
1522 89
1904 1922
1029 1953
394 765
1093 1646
1093 1922
1610 1999
1401 1811
1929 464
1770 860
1914 1999
1799 282
1063 1914
1643 1922
1028 1404
1230 1551
1093 1271
1607 1905
1607 499
1315 199
1551 1914
179 883
1337 1980
1036 1777
1375 1868
1548 420
1603 1916
1522 380
17 1741
1792 1922
1363 1929
137 1375
1029 1740
1448 282
36 895
1466 1922
1404 1695
1178 1646
1368 953
1889 640
116 1980
1396 16
1572 728
1741 1905
1741 889
1271 767
1063 653
1544 1811
1994 393
1043 129
1151 1275
268 451
101 1725
1922 863
1028 1544
1610 1904
1404 1808
1777 911
89 911
1426 17
199 407
1492 1740
1024 1492
1148 1994
1999 899
1276 1916
1043 1315
118 1558
1056 1690
1725 687
1740 818
1368 1401
1777 557
1304 1953
1953 608
1852 95
1304 1922
1678 1904
1441 1868
1056 1758
1275 1741
101 54
1404 676
1868 1999
1487 1673
1051 1831
1980 607
1561 1929
1148 607
1426 1741
1028 915
1139 725
372 907
1024 779
1460 892
1753 953
101 1770
1452 604
1551 1643
1029 855
1466 882
1687 1966
1905 889
1189 1916
1396 1725
1551 1808
1452 1548
1492 818
1551 300
1568 1572
118 1852
1673 71
1093 1999
1315 91
393 866
1980 466
1078 1568
1210 653
1151 725
1431 1690
1914 514
1811 864
1271 1914
1831 1852
1808 957
1431 1792
1868 1904
557 892
1777 907
1493 466
1396 528
1210 414
1151 1753
1603 1740
1024 1603
1203 1673
1687 744
1271 1953
1063 1792
1831 499
1725 1929
1758 384
767 863
1178 968
1401 1799
126 1276
1276 636
1664 866
892 911
1049 1363
1103 1558
1426 689
1271 1999
1608 1929
1695 1953
1103 1690
1792 414
1610 496
1522 301
179 1966
1044 1916
1753 1777
1999 653
407 855
432 818
1452 496
1980 960
1282 300
1808 1904
151 1929
1178 1808
129 640
1852 604
1304 1808
1240 1904
1448 1799
1548 1690
1561 1980
1213 1725
134 1868
1831 95
1460 1758
1083 1522
1811 728
1139 1544
1999 968
1189 1466
1551 957
1673 768
1572 273
1905 744
1132 1953
1673 1725
1753 373
1029 765
1522 1799
1448 458
1607 1831
1770 607
165 451
1213 1664
1431 1558
372 403
1049 1673
1404 1889
765 856
1741 883
1368 373
1375 1734
1355 957
1914 1953
1740 895
1078 1953
1189 1740
1568 1914
464 866
1132 1178
1083 1811
30 892
1028 432
1568 1868
17 1966
1690 1695
1734 1741
1008 1905
1466 255
1695 463
1558 1758
1132 1904
1808 891
1404 727
1548 1831
1852 478
151 1608
1115 330
1355 891
1240 1792
1725 464
1914 767
1161 1753
1610 1868
1953 957
1139 1799
1966 95
1740 186
1741 1966
1275 864
1426 1966
1190 1980
1368 160
1083 953
1396 1441
1673 846
1355 1953
116 129
1487 464
1646 1905
1808 1868
1401 1460
1664 516
1063 899
1460 201
1916 394
1561 516
1270 1929
1914 93
1441 687
1994 528
1024 895
1831 549
1029 1889
1452 95
134 1953
1441 1994
1078 265
1008 1966
1271 1792
1276 641
1966 883
1603 882
1643 1914
1551 408
1028 1493
1792 93
1753 1799
1558 1852
1315 727
1161 373
1363 1396
1770 516
1558 739
1889 676
1980 349
1029 466
1687 883
1276 779
1734 1905
1687 845
1904 514
1270 1487
1799 372
1043 676
1368 301
1561 768
1607 1690
1213 1673
1337 54
1153 1916
1734 408
1452 739
1770 725
1282 1695
1189 466
1831 384
1452 1852
1608 1664
1687 1734
1426 1905
1083 1151
1758 516
1678 889
16 1889
1213 1994
1178 1643
1115 1460
1270 1673
1493 1740
1643 1868
1770 201
1355 1792
1889 91
1905 845
1063 1868
1610 1646
1678 265
164 727
1608 1994
1448 403
1049 768
1980 330
1153 856
1275 728
1753 458
1282 1922
1770 1929
1203 1608
1929 866
137 744
71 846
1056 1607
1103 1852
1889 407
1966 845
1492 432
1043 855
1401 1753
620 953
1452 1758
1401 380
1610 891
1161 953
1492 1916
1153 1493
1190 1487
478 549
463 968
1282 1868
1044 1603
1363 1725
1115 1994
1396 349
186 856
1396 54
1770 960
1008 1375
116 1994
1687 1905
1043 1889
138 1687
16 164
1460 725
1868 1922
1213 860
1740 915
1994 607
1368 1572
1852 496
1905 408
1189 1493
1695 1914
1922 1999
1561 860
1210 1889
1551 1646
1558 1690
1240 1643
1139 268
1966 1999
1811 620
1678 891
1148 1980
1466 394
116 1664
1695 687
1115 1980
1203 1980
1051 1690
1610 93
1608 516
1452 1607
1561 1994
1036 1922
1758 499
1210 1568
1375 689
1690 384
1999 414
126 1492
1904 1999
1544 911
1115 866
765 882
1203 960
1460 451
165 1994
1811 268
1953 514
1396 71
1304 1678
1966 408
1315 16
1643 1646
1210 1355
1544 160
1690 1758
1083 1544
1056 496
1213 1282
1868 300
349 768
1770 528
1758 1980
1036 458
1753 403
1375 138
1093 899
1646 1922
1544 1572
1603 818
1270 134
1355 1493
126 1916
1337 687
1607 1758
1161 1275
1315 1889
160 557
1404 640
1646 1999
1811 30
1799 1811
1044 1466
1889 727
953 957
1725 1994
1304 1868
1758 739
1049 1190
1603 186
1213 1770
1426 1740
1953 499
1024 641
1792 1904
1008 1978
101 1897
1024 1661
1028 1960
1029 1418
1036 1094
1043 926
1044 1549
1049 887
1051 1318
1056 1756
1063 1142
1078 1251
1083 1510
1093 1963
1103 1977
1115 234
1132 1143
1139 1280
1148 803
1151 1244
1153 1978
116 1647
1161 1941
1178 1534
118 1682
1189 1978
1190 1382
1203 1906
1210 1985
1213 365
1230 1547
1019 1240
126 1383
1270 1782
1271 455
1275 627
1276 658
1282 1956
129 1699
1304 1956
1315 1901
1337 893
1355 842
1363 341
1368 1549
137 831
1375 1748
138 1403
1244 1396
1401 1823
1404 1896
1426 774
1431 1731
1441 1703
1448 949
1452 1472
1460 1964
1466 1924
1250 1487
1492 1560
1493 1683
1421 151
1522 1817
1544 1814
1548 1599
1551 718
1066 1558
1561 1562
1568 1573
1572 1941
16 1993
160 1790
1603 1612
1111 1607
1608 314
1309 1610
1137 164
1643 1681
1646 1776
165 832
1517 1664
1673 553
1678 1932
1575 1687
1690 1693
1244 1695
17 1836
1238 1725
1734 1736
1666 1740
1370 1741
1576 1753
1758 1835
1770 1939
1592 1777
1262 179
1792 1924
1799 1938
1808 1849
1787 1811
1831 1837
1844 1852
1836 186
1868 719
1592 1889
1812 1904
1194 1905
1912 1914
1326 1916
1469 1922
1149 1929
1953 220
1237 1966
1497 1980
1983 199
1994 1997
1999 869
255 68
1720 265
1987 268
1910 273
282 51
1997 30
1215 300
1582 301
1428 330
1602 349
1604 36
1619 372
1820 373
1453 380
1992 384
393 823
394 566
1591 403
1763 407
1945 408
1047 414
1893 420
432 995
1507 451
458 542
254 463
464 756
1400 466
478 914
1878 496
499 87
1973 514
1261 516
1969 528
38 54
260 549
1873 557
1250 604
1856 607
357 608
1813 620
1917 636
1293 640
1648 641
1605 653
1159 676
1081 687
1658 689
1960 71
1188 725
727 974
1920 728
1518 739
1813 744
1963 765
1813 767
190 768
1369 779
623 818
497 845
1329 846
834 855
1277 856
1437 860
863 965
864 872
1668 866
1876 882
1040 883
1046 889
89 949
891 910
1976 892
1698 895
1343 899
1802 907
1937 91
1706 911
1707 915
1817 93
1949 95
411 953
1098 957
1744 960
1084 968
1008 1977
101 1386
1024 1735
1029 1665
1036 1447
1044 1069
1049 382
1063 12
1078 1254
1083 1662
1093 1730
1103 1847
1115 1716
1132 941
1139 1781
1148 1996
1151 1822
1153 1420
1161 1437
1178 1403
118 1670
1189 1951
1190 1911
1203 1680
1204 1210
1062 1240
126 566
1270 1679
1271 1804
1275 1278
1276 1529
1282 1305
1304 1465
1315 1701
1337 745
1355 1927
1363 1809
1217 1368
1375 1768
138 1968
1396 1984
1401 239
1404 1484
1416 1426
1390 1431
1448 1692
1452 1930
1179 1460
1466 880
1487 1933
1492 299
1007 1493
151 1986
1522 1535
1544 1598
1548 1872
1551 1786
1227 1558
1432 1561
1568 580
1603 1910
1490 1607
1608 1710
1610 1838
164 1660
1144 1643
1646 1962
1664 1899
1673 925
1678 755
1687 1774
1690 1739
1695 1985
17 1985
1725 1803
1734 981
1418 1740
1741 1747
1753 1776
1739 1758
1653 1770
1775 1777
1792 1910
1319 1799
1808 1913
1459 1811
1823 1831
1757 1852
1339 186
1760 1868
1889 1923
1423 1904
1905 820
1888 1914
1916 1993
1783 1922
1661 1929
1948 1953
1966 1996
1312 1980
1706 1994
1605 1999
1503 255
265 288
1706 273
282 990
1182 300
1962 36
1824 372
1618 393
1446 394
413 414
1427 458
1547 463
1756 478
1597 514
1060 528
1525 549
1919 604
1973 608
1595 636
472 640
1578 641
653 670
1142 725
1948 727
1874 728
1615 744
1873 765
526 767
1761 768
779 811
1841 818
1529 846
1917 855
539 856
1778 860
1933 864
1192 882
1604 889
1388 89
1717 892
1403 895
1834 899
1135 907
1286 911
1776 93
1848 953
188 957
1684 960
912 968
1315 1453
1475 1492
1544 1890
1548 1858
1558 1845
1561 1818
1664 1819
1687 1735
1740 1995
1753 1769
1752 1770
1777 1814
1792 1863
1799 1912
1808 963
1894 1905
1287 1980
1077 463
1863 640
960 962
