1507 4120
280 4071
3779 4939
512 4070
3074 4613
4391 4450
3744 3745
174 1354
2244 3087
2012 4534
2618 3687
1899 3821
910 4945
2539 4426
1465 4495
2541 4634
2584 4805
766 1104
2298 4337
160 4872
1618 4193
1852 4691
1175 4403
871 3983
174 2629
634 3450
562 3311
906 3601
3217 3485
3420 3549
3571 4955
2085 3631
2975 4437
3198 3757
3459 4521
4521 4996
1696 4951
2744 3487
3489 4003
3279 4313
381 3262
2273 2733
1522 4421
1122 4875
3949 4326
127 2083
347 3551
844 4264
2119 4067
2878 4812
3086 4529
1404 3761
2389 4832
2793 3028
1787 3032
3489 3725
4521 4663
320 1520
1585 4931
45 3069
4166 4886
506 2734
634 2743
1737 3528
4403 4593
2574 4071
406 2853
1945 4891
2272 3376
2912 3716
2607 4709
4736 4951
4297 4474
4173 4503
2630 3326
3272 3571
758 3762
832 3632
3601 3863
1507 2992
1897 4621
4518 4668
3409 3807
3966 4113
4601 4859
3786 4475
802 4891
4708 4801
3015 3599
1544 2322
3258 3495
4190 4774
2732 3010
1945 4209
2788 4197
1759 1882
906 4111
3768 3971
2448 4245
2400 4937
3675 4604
2411 3526
1329 2662
1591 1826
1929 4951
4256 4721
1822 3422
2597 4342
838 4972
2467 3214
2788 4394
4297 4719
155 4760
320 1808
3422 3877
314 4554
3252 4328
2907 4668
3959 4798
717 4216
2705 3915
2462 4534
2430 4554
3749 4450
1036 4675
278 3139
1237 3278
4727 4828
3156 4450
4434 4888
2539 3779
255 1591
877 2752
2104 3711
4384 4416
1221 3978
127 2853
896 4941
3285 4023
4434 4666
1237 4421
2988 4054
3632 3909
957 4350
4297 4374
4707 4831
187 4735
3198 4281
4264 4856
1852 4337
1690 4820
3850 4218
4503 4621
2402 4859
3823 3928
428 4334
2597 4805
4424 4941
1612 1651
33 3823
3531 4312
2265 4245
4520 4891
384 4534
2753 4661
1093 4459
3127 4886
3379 4758
3015 3857
1538 3768
2203 2985
4631 4903
3196 3570
4450 4518
2653 4577
3134 4464
2270 4606
1561 3075
3009 4222
667 4736
1041 3218
3786 3998
1138 3173
4233 4515
2370 3264
1166 4666
3298 4312
436 3631
1804 1884
2526 3015
3419 3444
3337 4426
459 4468
2737 4662
745 3186
3217 3600
3035 4604
3212 3542
2539 4621
3082 4863
3481 4011
1359 4610
1952 4756
2749 3095
3763 4502
1768 4572
4415 4675
1884 3559
3911 4342
4610 4891
2297 4969
2389 4760
2515 3998
769 3756
2430 3043
2094 4582
4094 4774
154 2895
2502 4779
3923 4465
3600 4471
3243 3712
2776 4631
3115 4409
114 1994
3653 4350
1267 4831
628 4951
3278 3978
4197 4766
2029 3406
2289 4120
2323 3043
497 3812
2972 3928
1332 4941
1117 4337
2652 4805
2021 2783
3570 4160
2570 4231
1415 3347
2229 4645
2590 4205
2539 4606
2623 3090
3850 4464
4007 4234
1415 3121
1521 4795
3892 4621
1696 4736
4401 4518
2011 4408
243 1284
4216 4515
2644 4675
4602 4663
4188 4969
1779 4130
3279 4518
45 1492
2184 4464
4188 4888
328 4779
1346 3277
1077 4202
1556 4105
1122 1913
3863 4111
1904 2347
1992 4631
3971 4534
3558 3708
251 4569
879 3583
2824 4510
976 4117
995 4403
4090 4120
2895 4534
2752 4256
1605 4779
2993 4234
1677 2554
2652 4342
1906 4903
4029 4662
3173 4532
1835 4449
1885 4859
4088 4189
3010 3542
3339 3380
3969 4738
3842 4272
703 3590
2178 4968
3923 4602
2402 4929
246 3559
1403 3915
279 4666
2426 4356
697 2005
784 4344
1309 4691
3838 4144
2423 4891
320 3075
1500 4210
3054 4572
3413 4832
4932 4968
1035 3872
945 4981
3793 4309
2544 2752
4117 4831
4091 4709
272 4515
2784 3789
2467 2795
2954 4495
976 3311
1564 3212
3379 4735
1092 4604
4903 4955
3485 4471
2203 4120
1783 2467
4719 4785
3636 4130
1392 3683
3095 3190
3419 3629
3043 3645
3446 4193
1952 4828
3865 4900
4521 4662
3928 4495
1036 4798
4245 4903
2490 4248
230 3879
1035 4606
1279 4464
2467 4863
36 4727
154 747
4874 4891
113 4460
908 3632
4384 4611
6 3983
799 4449
1345 3967
2394 3095
2929 3754
4897 4955
3793 4981
4350 4929
2047 2550
1459 4621
1907 4727
4820 4891
2282 3742
4023 4330
1554 2341
3332 4388
1626 1884
2019 3326
2085 3214
3092 3720
3232 4666
2597 3659
2683 4888
812 3750
800 4615
2628 4027
1175 3264
1959 3708
2570 4864
2334 4774
2780 4754
4281 4459
2710 4941
4342 4955
957 4929
1377 4894
2066 3594
2494 4698
2975 4424
3553 4464
4011 4674
414 4776
3232 4326
570 4344
1457 3712
2391 4471
960 3095
2539 4785
3725 4856
2023 2355
3645 4460
4239 4875
1651 4707
2912 3651
3855 4602
3012 4231
1664 4736
3034 4475
2817 4503
4427 4776
3779 3892
2434 4372
2173 3542
2954 3095
452 4897
3725 3850
1176 4756
1520 3756
1635 3877
960 3027
2817 4785
2714 3103
2618 3915
238 4736
4812 4951
3793 4945
3080 4996
3121 4105
2628 4143
210 4113
2621 3693
706 1605
856 2922
1884 2150
3823 4495
2011 4736
1554 2550
2860 3406
1389 4888
4202 4210
262 4194
4371 4534
241 4023
3080 4465
642 2744
3713 4233
4464 4856
2916 3243
1429 4377
1759 2150
1618 3446
2987 4356
3218 4856
3046 4897
4939 4969
4210 4391
4173 4785
3134 3600
3536 3855
2374 3222
3949 4969
328 4897
3009 4334
1994 3756
3032 3034
209 4661
1953 4037
2029 4593
1487 2729
20 4302
3090 4320
576 3738
1286 3243
3026 3631
1872 4547
4011 4927
691 3983
371 4707
2217 2744
1138 4532
877 4256
631 4458
2988 3590
3103 3727
1920 3395
2297 4968
2244 4350
2351 3807
1166 4326
3368 4691
2069 2954
1764 4344
2323 3223
3350 3786
2560 3959
2094 4801
1787 3422
1345 3879
88 4491
1284 4222
4071 4130
1538 1946
3956 4023
2574 3326
3364 4805
3922 4955
2658 4756
1764 4525
2282 3636
1168 2319
1755 3525
1822 4613
3067 4645
951 4805
3849 4033
3362 4264
4023 4285
1104 1564
1234 3687
2826 3762
4606 4801
2051 3949
3419 4618
3127 4981
319 4120
2291 3789
2697 2776
2982 3631
2570 4937
1823 4604
3325 4465
3138 4372
2741 2916
160 1701
665 3720
2382 3842
2597 4156
1895 4143
176 3263
3380 4216
314 3069
2272 2956
81 1346
3173 3727
3872 4880
43 4274
2315 4460
1678 2550
823 1764
1286 2600
2138 4776
4189 4577
4521 4927
3744 4297
2912 3262
3138 4312
3693 4202
562 2337
1041 2308
3645 4274
4099 4118
297 712
3599 4330
766 4996
3744 4503
3198 4666
1571 4886
2574 3742
2776 4903
3807 4691
1732 3684
3264 4593
3446 4388
570 4613
204 4875
279 4326
4350 4601
3429 4831
1366 4613
1664 3138
4223 4779
46 4529
3322 4675
3151 3487
3121 3376
2665 2689
2590 3444
4088 4634
1544 3817
2289 2741
1079 4248
4708 4798
826 2322
2692 4256
4932 4969
3475 4539
877 4721
1518 2574
2916 4120
2404 4468
2442 3446
2620 4529
1229 4461
3779 4374
3133 3849
2421 4631
2220 4774
2278 3572
1156 3583
4341 4903
2683 4189
508 965
3362 4464
4033 4144
2394 2972
65 2536
18 562
1336 4459
1922 3645
2518 2989
119 4118
1872 4604
4415 4951
800 3711
3186 3762
3028 3761
2217 4468
241 4330
1605 4972
766 4945
1451 4033
3141 3599
562 4736
2544 4712
3498 3923
2349 4113
1897 2539
3959 4888
2961 3603
3293 3762
1578 4326
4094 4863
2614 4234
255 1472
500 1433
1085 4941
827 4645
2596 3551
219 1696
1181 4070
2683 3959
1037 1090
417 3245
3576 4582
4820 4900
511 4458
633 4176
846 3525
2174 4981
1635 2389
1561 3738
2674 3376
1610 2574
3528 3879
3392 4727
2240 4661
2826 4356
4202 4401
319 2916
3046 4779
2705 4256
4606 4968
4117 4707
3850 4760
2217 4875
572 4891
2025 4735
116 4239
2776 3882
1122 3526
3175 4955
3844 3857
3571 3882
3510 4820
43 3601
4426 4939
4143 4735
1359 4874
4218 4668
1126 4099
525 3857
3720 3849
3420 4801
1959 4534
2934 4212
2241 4569
149 930
3599 4285
3911 4223
2975 4350
3862 4234
4320 4503
3483 3863
3711 4562
2628 4805
3659 4223
1036 4812
1259 4668
2552 4112
3325 4011
4945 4981
9 2021
2510 4233
279 4281
1701 4542
2536 4313
2051 3222
3682 3959
2323 4554
570 4780
3631 3887
257 3789
3212 4039
1233 4661
3498 3576
169 4510
481 2656
1459 4426
381 4070
1250 4880
3687 4532
4158 4929
594 4812
428 2349
2047 2308
2094 4996
4242 4997
3576 4465
2402 4712
2332 2607
2541 4798
1307 4502
4937 4941
1913 3487
1922 4274
255 3301
2563 3838
4602 4927
3368 4572
3708 4371
563 2483
1701 3243
4939 4968
4886 4945
826 3139
1104 2173
3636 4519
1186 3983
4437 4929
2265 3352
3660 4460
2262 4931
1946 4534
871 2308
3217 3606
333 2173
3298 4408
2273 2795
2342 4709
3690 4937
8 4461
4758 4955
3911 4027
3576 4996
2737 4886
3289 4449
3855 4520
1279 2553
1826 4130
1166 4212
2005 4039
2780 4569
3846 4029
400 1410
3757 4326
514 4502
2060 4776
4223 4897
2337 4117
2617 4445
4197 4875
3459 4033
4384 4795
2536 4450
2817 4621
4674 4981
3911 4805
2957 3645
908 4471
935 2338
1211 3223
4859 4929
3186 4142
466 4891
3417 3526
4281 4326
1346 2353
4634 4693
2066 3983
1154 1492
2368 3015
3528 3967
3629 4754
1325 4458
1920 4475
636 4420
1109 3983
1587 3603
3768 4029
4156 4779
2660 4337
2334 4863
3032 4525
4774 4951
2623 3395
4502 4618
1314 2780
3293 4356
2496 3784
1403 1405
3138 4262
2955 3196
114 3738
3151 4875
2895 4029
3223 3483
784 4624
2657 3821
3433 4968
3483 4111
2780 4054
1976 4205
4831 4951
1855 4416
1632 3350
3325 3923
3882 4903
3757 4281
3263 3632
4033 4785
3487 4461
3528 4754
2204 3392
1250 4615
2270 4801
3141 4330
4223 4805
3691 4023
1779 2060
4532 4721
2055 4052
2652 4997
3846 4371
74 4554
337 4415
2206 4572
2361 2753
2860 4604
3044 3301
500 3559
3525 4495
1309 3054
358 4401
2658 3258
3433 4320
508 1393
3262 4118
484 3542
2421 4709
4864 4937
2888 4891
3409 4691
2423 4520
3258 4872
4248 4610
842 4634
2252 4880
3966 4615
2278 4880
1186 4112
3425 4534
257 4401
1478 2563
1093 4052
436 1830
2793 3761
1234 3103
419 4613
4297 4801
648 4776
4474 4606
1626 3559
1598 4774
1765 4356
1332 4158
2676 4156
3433 4932
459 4239
2370 3675
1090 3175
1976 4105
2535 4707
2954 3871
4056 4166
4158 4601
119 3262
1143 3243
1567 1605
4675 4798
4766 4875
1623 4334
2554 4721
905 4927
838 3218
2662 4210
2955 3842
3322 4708
187 4805
1508 4693
1992 4091
3793 4996
675 4495
3462 4231
4197 4645
2826 4176
2552 3983
637 4449
4708 4812
4071 4427
2094 4939
816 4262
675 2954
46 1554
102 3262
445 3051
2609 4610
3969 4264
1953 3571
2370 4547
4328 4569
463 3095
1402 2112
4606 4969
3176 3754
3675 4593
2012 3425
4955 4997
3528 3590
3337 4320
1992 4245
906 4460
2922 3212
4011 4663
3495 4766
2490 4900
2871 3553
43 4460
1905 2513
4265 4302
328 4758
2554 3583
2298 4709
167 3551
591 4071
1909 4519
349 4945
243 4562
151 3167
243 2278
471 1777
1589 3317
1210 4611
995 4604
3862 4007
4719 4932
1563 4758
3425 3971
631 4401
2060 4519
3955 4634
388 2961
399 2922
2988 3763
3278 4461
495 3738
2368 4023
2815 4828
1154 4688
3683 4760
1427 4828
3851 4420
330 4903
799 4534
127 2743
4624 4760
3420 4388
2055 3983
253 4937
3762 4142
3711 4113
480 3786
745 4593
846 2709
3303 3862
2692 4532
1098 3838
2353 3437
1612 4707
3726 3851
4520 4894
399 2173
2217 2411
3392 4645
2929 2988
187 4156
3325 4602
3046 4805
3124 3223
176 4464
552 4502
2718 4459
1804 3262
1062 2320
3245 4762
1521 3231
1513 4434
4461 4468
1502 3558
417 2518
3693 4450
3337 4606
1677 4532
2615 4932
1346 2992
169 4611
812 4403
762 4927
3035 4593
844 3217
4888 4951
2229 3495
3413 4525
2628 4779
2737 4996
2298 4955
2826 2955
1391 4693
65 3603
3606 4264
1905 4205
1469 3684
2306 3259
3708 3846
2930 3306
712 2361
799 4029
2897 3967
4927 4945
378 3716
1559 1836
1682 4222
3326 4071
4388 4939
413 4859
1920 3090
3956 4330
1194 4602
827 4863
2319 3086
335 2607
4337 4691
3757 4888
4712 4864
908 4464
1389 4969
1745 3598
714 3010
2394 3823
3067 4756
3757 4666
2165 4969
1994 3259
4424 4859
2508 3222
3332 4606
4445 4955
1502 4449
1505 4547
3684 3784
443 4274
960 3928
3146 3379
3682 4798
4577 4968
449 1690
1486 3200
1310 4577
27 4577
3495 4774
2967 3645
4285 4330
2729 3708
812 4593
1329 4313
2987 3724
1104 4012
3186 3724
993 4812
4113 4615
4510 4611
2421 2689
3531 4707
1780 3849
807 3075
30 4897
3082 4766
3749 4391
1556 2590
2629 3726
3846 4820
1690 4900
3724 4272
30 3911
2631 3252
1905 4105
4264 4471
1930 3306
4344 4624
2665 4631
2815 4756
4927 4981
436 3313
3631 4688
1585 4613
4003 4738
2685 2953
833 2448
893 4735
3087 4067
2964 4491
3462 4222
3222 3474
4624 4832
3046 4342
209 3674
2404 3487
863 4297
1790 3368
2907 4464
4503 4801
3044 4450
2651 3747
1788 2085
2051 3757
2462 4029
696 3712
2370 4604
3156 3693
4202 4458
2442 3527
2611 3857
2916 3437
1908 3558
7 3446
8 3151
3553 4856
388 3450
3549 4972
4779 4955
1636 4760
1585 4539
1932 4520
1017 4688
3531 4798
1997 4313
2338 3028
946 4007
2315 2871
2689 3922
877 4309
2050 4932
3134 4856
3379 4156
1472 2574
381 1759
3352 4709
1119 4945
3433 4939
1079 3855
3510 4874
2048 4572
1783 4688
815 1433
2404 3278
3364 4955
3744 4388
1770 4572
631 4210
807 3738
3779 4621
3708 4029
4766 4872
4708 4888
2799 4996
1651 4951
3138 3598
1229 3978
4231 4712
2085 2467
203 4464
1970 4736
3046 4242
1221 4421
3212 4012
2178 4939
3222 4666
3632 4264
3139 4661
2442 3028
1953 4903
3572 4698
2019 4130
3725 4471
3757 3949
195 717
1332 4864
219 2535
1017 1410
3075 3738
4094 4281
4601 4712
3012 4864
3651 4099
166 4864
2066 4052
3422 3821
633 4272
2996 4515
2400 4941
1122 4468
335 3272
4756 4872
4033 4193
4756 4863
1847 4872
2227 4996
4011 4662
3551 4465
4372 4736
3617 4520
745 1092
3186 3570
4661 4939
576 2306
3462 4937
159 2021
4408 4675
70 4760
2875 3583
2628 4897
198 1520
1437 4955
1587 2930
3862 4377
1325 3789
268 4859
1415 3663
4521 4981
534 4997
1732 4144
154 4449
1664 4372
4350 4437
2325 4233
4384 4420
613 4758
879 2618
896 4929
4056 4562
493 4888
297 3817
2536 4202
916 4007
2526 3857
2964 4572
4105 4735
4582 4945
3198 4434
3046 4143
378 3651
493 4666
3368 3807
3855 4874
4309 4712
2351 4491
1259 4218
3629 4328
3054 4302
4320 4932
255 3747
2408 2734
2607 4955
2617 4242
1211 4460
642 4468
1888 4424
4634 4812
262 4193
1554 2308
2150 2912
844 3909
1324 4766
2374 3416
2823 4593
1362 3437
4471 4668
795 3629
2448 4341
4033 4572
2289 4090
3279 3749
198 1808
114 3075
3892 4939
3231 4795
3417 4461
2582 2841
9 2734
2298 4631
935 3527
4415 4888
3034 3786
399 3542
591 4611
4297 4969
2733 3505
4521 4945
4434 4969
887 4420
2150 3716
2652 4223
2930 3224
3232 4434
4320 4388
218 4371
1252 4160
4766 4774
1181 2408
1154 4661
2662 4313
7 3761
81 4090
2355 4618
3762 4160
4445 4758
3485 4760
667 4201
832 4264
1346 4090
4374 4621
2448 2697
1696 4312
2609 4894
1332 4937
2138 4427
2841 3298
2220 4872
4130 4519
4166 4521
1538 4371
1234 4721
1755 3812
3682 4812
3347 4205
2265 4341
2982 4272
3063 3368
342 3209
4602 4945
2203 2953
2631 4328
4173 4801
3598 4831
2252 4334
1194 4945
278 4688
122 1578
216 4519
1093 3983
1457 4067
3892 4173
461 4461
3027 4039
916 3508
1154 2240
4188 4666
3173 3583
3711 4615
3416 4188
1852 2701
2975 4929
2657 4780
1522 4239
877 2692
2662 4458
3278 3417
4094 4727
155 3821
4760 4856
598 4615
3285 3691
3481 4981
3855 4780
1564 1771
1885 4712
4388 4968
4056 4409
3911 4997
2536 4401
2360 4223
2985 3437
959 1768
1808 3075
3087 3712
2842 3682
3444 4618
2319 3218
3911 4779
3311 3598
1110 4426
1771 3212
3289 3708
2229 4756
1453 1623
4394 4766
3186 4176
3392 4863
501 2733
3015 4023
2047 2620
2658 4872
2993 3350
3028 3209
3682 4675
769 2656
4602 4981
1217 4675
633 4356
2888 4972
1314 4328
4450 4458
381 4118
1245 2337
2570 4859
3186 3196
2701 4691
667 4831
1370 4403
4210 4458
4577 4693
270 4337
2448 3167
1434 3807
2249 4144
4891 4900
2252 3872
2394 2749
377 4449
879 1234
1825 2972
3111 4874
1362 2824
2374 2394
2560 4634
1927 3067
2320 4547
3572 3872
1256 4285
1148 4475
2607 4037
1427 4437
3301 3742
2621 4401
4223 4997
1267 3311
3303 4234
4662 4927
2689 4341
2743 4542
3285 3599
1945 4894
3481 4945
1085 4712
3549 4593
312 4859
3711 4334
377 3558
1554 4529
1830 3214
4274 4554
1768 4033
3851 4233
844 4856
1906 1907
277 3313
414 4519
3998 4007
4334 4409
995 2977
2826 3814
4091 4903
116 4421
484 3010
1404 3527
3379 3659
4027 4758
4520 4900
1930 2853
3636 4776
2462 3768
4601 4937
4666 4888
2423 2853
2368 3285
203 2184
501 2467
2206 3409
3051 4532
278 3069
2227 4886
2710 4929
2402 4231
1895 4027
1392 4931
3395 3508
3636 3742
916 4234
2751 4525
2631 3754
3531 4812
4374 4606
3301 3326
2743 2853
2788 4774
1332 4350
2616 4932
4029 4534
384 3846
102 246
706 4529
1270 1589
1415 3662
4209 4520
471 3551
1670 4285
3462 4712
8 4468
2817 4297
4245 4709
4780 4894
3462 4859
887 3012
1093 3594
3549 4403
2341 4972
640 1904
2513 2956
1635 4539
4052 4112
2467 3887
2871 3909
2494 3572
1245 4736
473 4891
1281 2374
2817 3337
2631 2929
3146 4342
4736 4872
4027 4342
1449 2656
4094 4969
2206 4491
68 4460
501 3026
1623 4562
1907 4774
163 4426
4785 4939
3789 4210
4088 4693
1823 3406
2972 3095
2484 4542
697 4039
1109 2055
3111 4520
241 3844
1234 3745
4173 4939
4521 4602
2841 3536
1234 4780
4437 4859
244 4532
2047 4529
1487 3558
3280 4859
2110 4424
816 4736
1632 4234
2505 4070
1451 4691
3190 3871
4621 4939
1745 1970
682 3600
3141 3857
1415 1976
2824 4233
335 2342
350 4785
4201 4491
2423 3617
842 3682
799 2012
2119 3712
2374 4039
3754 3879
4297 4968
3032 4624
2320 4604
2382 3814
3332 4621
1745 4312
4645 4828
3285 3956
1337 4510
4158 4437
2382 4356
1058 3444
3877 4525
1598 4190
1952 4727
4245 4955
1928 2753
3151 4468
344 4891
2203 4037
3757 4212
436 3214
4197 4872
3713 4611
905 4981
4798 4951
3303 4007
1959 2462
3095 3823
2689 3175
4188 4281
3278 4875
1427 4937
2657 4931
2047 2341
8 3978
1538 4449
4634 4798
2751 4931
4525 4532
1090 4955
114 2656
1888 4437
3392 4756
1165 4519
3792 4245
2683 4951
166 4937
3713 4216
1229 4421
2051 4094
1618 3527
2019 4776
2 4941
68 3863
2025 4779
3067 4197
8 3526
1281 4532
3134 3489
2982 3762
2165 4666
1632 2515
337 4798
2083 4542
552 4754
1618 2793
1913 4239
1696 4707
3090 3786
1888 4864
2676 4758
4519 4666
3812 3823
516 4996
3687 4721
3959 4812
2780 3763
1058 2631
1670 4330
2051 4212
762 4945
3489 3850
4539 4931
4675 4888
2104 4698
2929 4054
2596 2783
3364 4897
399 2732
1765 4176
2982 2987
1410 1544
1897 4968
3047 4519
1825 3823
1486 3983
2400 4350
1825 3928
4388 4969
1022 4931
514 4328
2161 4874
4216 4795
3198 4459
3527 3742
2426 4510
1790 3807
3012 4601
3364 4758
1908 4029
1600 3558
2570 4309
3322 4798
1109 4112
1907 4766
3280 4231
675 3190
1835 2462
3222 3949
3175 3571
827 4968
2616 4606
1930 2961
2888 4894
4424 4712
2332 2689
2776 3922
4281 4434
280 4130
640 863
3141 4023
2032 2596
1329 4202
959 4302
4465 4927
3481 4602
4539 4624
2033 2614
2516 3887
887 4216
3536 4874
3420 4968
1804 3716
3763 4054
2841 4610
1770 4265
3862 3998
1036 4693
762 4981
887 4510
2651 4698
3433 3892
3264 4403
68 2865
209 1492
3151 3978
3749 4313
4645 4756
3683 4624
2930 4542
1467 3459
320 3738
3380 4611
2815 4645
2161 4820
344 4900
846 1755
3617 3855
4766 4863
1897 4932
1309 4302
3877 4342
525 4330
1154 3817
2484 4067
3151 3417
3525 3928
3956 4285
3303 3998
3446 3527
2541 3955
1835 2895
3711 4222
1823 3750
1085 4937
2841 4248
3433 4374
951 4027
823 4525
169 4416
2502 4897
2804 3489
3190 3525
516 4602
2826 4142
1750 4903
2019 3301
2660 3616
3392 4828
3724 3842
3010 4274
3419 4569
951 4143
119 1882
85 4070
1932 4874
1188 3103
2780 2988
3231 4515
3682 4708
1175 4604
1194 4886
2426 4795
3416 3474
268 4864
2539 4968
2270 4503
3892 4320
2972 4495
1310 4415
2227 4663
1997 4202
3380 4515
1366 4539
1184 1970
2784 4391
2361 3674
2085 3887
280 4427
4156 4242
2621 4210
260 4356
2685 4927
2262 4613
4805 4897
3892 4388
4415 4693
1110 4932
525 4285
1154 3674
3559 4099
3682 3955
2297 4785
3814 4160
3744 4785
4474 4932
562 4117
2291 4156
3339 4420
797 4927
2953 2985
893 4758
1500 4450
822 4754
834 2584
3092 4144
697 3812
1037 4955
1825 4495
1117 4120
1467 4738
4166 4562
2411 4421
3213 4903
1117 1346
1058 4569
2597 4897
2644 4951
1097 3010
4774 4828
400 4661
2291 4758
2227 4981
960 1825
3687 3727
2967 4554
2982 3814
529 1684
4209 4248
807 2705
4142 4951
4437 4941
1556 2224
1492 3674
4297 4621
4242 4342
2955 2987
1804 1882
826 3069
4248 4891
4130 4758
1437 2776
495 979
3200 4052
1384 4033
98 554
642 3978
1844 4712
2775 4929
3198 3416
2799 4602
30 4955
3726 4112
1507 4534
2788 4872
1077 4515
493 4969
4662 4981
2560 4577
1000 4888
1840 3786
1945 4900
2541 4408
36 4645
4037 4903
1186 3200
2119 2600
45 1589
2216 4645
2756 4519
500 4118
1787 3413
1245 4372
3026 3214
637 1600
1085 4864
2799 4011
2230 2265
3821 4931
4309 4859
4424 4864
2961 4542
1433 2912
253 3437
2804 4856
2230 4091
1307 4569
1532 4661
3590 4569
198 3756
2988 4502
1628 2291
484 2922
2957 4460
3280 4937
2291 4805
4601 4864
2616 4801
1925 2047
2182 4615
1310 4693
2756 4776
2227 4945
3693 3749
1636 4624
3111 4610
2206 2964
337 3243
1822 3115
3368 4201
2714 3915
713 4996
1499 3842
2462 4449
2887 4800
3531 4708
1415 1836
3892 4606
758 3186
2799 4521
2912 4099
3156 4401
2871 3193
1053 4945
4645 4863
4662 4663
297 1192
2823 3750
2934 4434
1952 4645
1895 4735
1259 4856
1770 2048
3245 4193
3786 4234
4662 4945
6 3594
1626 3651
3420 4297
3263 3725
253 3277
1267 4707
1520 3738
2490 4209
279 4434
1563 4334
1600 3289
3821 4613
2351 4572
2553 3600
2368 3599
1284 4334
1322 4409
3865 4520
4189 4708
4663 4945
935 1595
2887 4525
413 4864
3395 3998
3134 3217
2853 3450
4234 4475
3231 3713
4577 4888
587 3691
3223 3601
4864 4941
3175 3792
3262 3716
2718 4518
445 4721
665 3838
1499 4142
642 3487
4972 4996
4426 4801
2618 2873
3807 4201
3139 3317
4248 4900
784 2262
823 4931
1840 4475
3693 4391
2083 3603
1370 2823
1992 4955
3645 4111
4569 4968
2934 3198
3279 4401
3063 4491
3311 4736
3420 4969
3124 3645
2878 4708
1508 4415
246 4099
3846 4900
4569 4618
612 2743
1077 4458
6 2552
641 4874
4344 4800
3284 4593
2979 4384
16 4520
3817 4534
1049 4615
1897 4939
4027 4223
451 4708
255 4427
822 3444
3838 4762
1166 4434
1457 3243
4445 4779
3789 4458
846 2749
1677 3915
277 3214
4027 4445
2382 2826
2873 3173
2368 3691
3280 4309
4088 4812
1835 3768
2584 3659
2609 4900
484 2173
965 3379
1281 4256
529 3784
3792 3882
169 2325
2554 4256
1790 4691
2922 3542
543 4415
512 2912
1194 4996
1550 4377
443 4460
3046 4927
3217 3553
4756 4875
543 4812
46 4972
1780 3720
3536 3865
516 4927
155 4832
4176 4356
3727 4256
800 2182
3074 4525
773 3285
2227 4662
4342 4735
88 3807
871 3726
4539 4780
2490 4610
3026 4688
1128 4776
916 1554
3124 3601
1855 3713
1578 2718
1286 4067
2526 3691
4033 4691
855 3724
33 573
2993 4475
1279 4668
3865 4874
3838 4033
4166 4981
2705 3583
4313 4391
598 4562
4166 4996
1732 3784
1062 4604
1563 4409
1192 3317
4158 4712
3115 4562
1085 4859
4158 4859
2513 4105
2737 4521
3307 4427
3146 3911
2112 2734
496 4029
1281 4721
2272 3121
4037 4341
691 3200
979 2656
2590 2674
2515 3508
2701 3807
1459 4606
1336 2066
2291 4445
41 4968
1404 3446
2055 2066
358 4450
253 4120
417 3133
3175 4534
1970 4372
449 4707
1138 2692
3675 4403
1090 4631
228 4313
1434 3409
3727 4721
1333 3865
1470 2734
216 3747
846 4495
856 2732
2934 4888
1787 4760
4756 4766
4465 4981
3115 4698
512 3262
3844 4285
4426 4968
976 3531
1847 4766
2430 4111
1483 4491
2085 4688
861 3347
3379 4955
1939 4972
543 4951
1402 2596
2467 3505
459 4461
2685 4945
3146 4805
562 4707
2560 4693
3054 4691
2657 4539
4727 4872
834 3747
4113 4409
1077 4401
1156 4256
2956 4205
3971 4449
1808 2306
1560 4996
2161 4610
2841 4891
3674 4721
3487 4468
1895 4779
4166 4945
1550 3862
732 3851
1945 4820
965 4023
2194 3838
3526 4420
3525 3871
1172 4931
4872 4875
717 4795
563 4832
1345 3754
2138 4519
3139 3857
3536 4248
3213 4631
1370 3675
1513 4052
4693 4708
3044 4313
41 4932
4094 4197
335 4709
1172 4624
3264 3712
3231 4420
2665 4245
1470 2408
2996 4416
4464 4668
1492 1532
682 2907
1505 3750
3176 4903
838 2550
2404 3978
1217 4708
1513 4112
2322 4661
1465 3190
816 4831
122 4666
2616 4785
3111 4780
3683 4525
3280 4712
2505 4118
3536 4610
2912 3559
3983 4052
4342 4997
2467 3026
1393 3141
406 3450
228 4401
1587 2961
3571 4709
2483 4760
1247 4502
1049 4334
1429 4234
3146 4758
612 3306
3082 4875
2689 4091
2685 4981
1939 2341
2204 3028
4615 4880
3279 4210
3576 4662
377 3708
4312 4372
1776 4688
3599 3956
1410 3915
1664 4831
1472 2756
2334 4190
3922 4341
3617 4610
1041 1925
631 4202
613 4779
2423 4780
3067 4872
4302 4337
113 4554
3074 3422
797 4981
1221 4461
2922 4012
1587 3224
4212 4326
1267 4736
1508 4798
1905 3121
4166 4334
812 2977
1688 2544
516 4465
4056 4698
3015 4330
3857 4023
2658 4645
3176 4709
98 4403
1486 2552
2982 4160
3779 4606
1913 4461
887 3713
4209 4891
3923 4927
3245 3724
4401 4458
2349 2651
1499 4272
3684 4144
3176 3763
3762 3814
3690 4372
2227 4927
1920 4007
1097 2922
2332 4245
2334 4828
329 2596
159 2112
419 4539
3485 4464
861 2590
3350 4475
2692 4721
3617 4209
3571 4037
414 1610
1337 4233
397 4384
714 1771
1847 4727
2184 3850
1359 3617
4408 4634
3959 4675
3879 4054
3606 3850
4427 4519
1079 4894
1888 4859
4156 4223
2033 3303
67 640
3693 4313
318 3368
1437 4245
1275 3536
2150 3651
3724 4176
2737 4945
631 4313
3663 4205
3293 3724
2404 3417
2536 4210
2783 3551
2741 4090
3012 4424
3846 4449
452 4955
3444 3754
2338 3446
2478 3971
2332 4631
1500 3054
2799 3923
1437 4091
1567 2620
3222 4888
3779 4173
3339 4233
2033 3998
2262 3475
2996 4233
4027 4779
4932 4939
3222 4094
2150 3559
3690 4601
2563 3720
4144 4193
4562 4880
2550 2620
2653 4708
3850 4738
2400 4929
766 2732
3279 3789
613 3911
1922 4554
4520 4820
2050 4320
3196 4160
1513 2629
1737 4569
3660 3747
1465 3871
1186 4052
2611 3599
4334 4698
3223 4111
3462 4941
3616 4265
3687 3915
640 4067
1346 2985
397 4420
1600 3768
1403 4721
979 3756
3176 4569
4143 4955
3749 4458
959 4691
3156 4458
1952 4863
3955 4577
1410 4688
3082 4645
1467 3489
3156 4313
2743 3306
2662 4518
4113 4222
2964 4201
3429 4736
2662 4401
1625 4611
3955 4415
2203 4090
4344 4539
1508 4880
1184 4262
2173 2732
4189 4888
3909 4264
1612 3298
27 4693
3955 4189
2733 3887
3462 4309
74 4111
2402 4864
330 4245
1822 4624
3419 4328
879 2554
1064 4111
2804 4471
1168 1925
3727 3745
977 995
473 4820
1688 2391
2094 4968
3842 4356
2502 4242
417 2989
656 3747
2408 3551
2744 4461
4216 4384
210 3872
1745 4736
2875 3923
1783 2733
3395 4377
1092 4403
1755 3928
2597 4242
1561 2656
3425 3558
1396 3277
1605 2047
1377 4780
591 4510
461 4421
70 4856
1322 4698
3763 4800
1947 4969
1830 3887
1844 4859
4510 4795
277 3887
2005 3823
2815 4872
4727 4875
3617 4891
4099 4272
1560 4886
1337 4515
2374 3812
204 4239
1897 4320
3259 3738
388 2930
1024 4691
1664 4707
2815 4863
1427 4863
2400 4309
3653 4437
174 1109
1777 2596
3419 4054
3526 4421
3923 4582
2853 2961
4503 4939
3789 4401
540 2977
3044 4427
1090 4903
1550 2623
1487 3971
3080 4662
4394 4774
3176 4618
74 4274
1322 4562
2823 4403
41 4939
3877 4800
3024 4039
1333 4610
2972 3190
1104 3542
272 4384
4377 4475
2402 4601
3558 4534
1268 1840
1459 4968
1186 2047
3133 3838
979 3259
4886 4996
2 4859
3214 4776
347 1402
2374 4326
4520 4780
916 2623
642 4875
2853 3224
1487 4449
337 4812
4577 4798
1193 4012
2025 4955
1591 4427
2871 4264
2824 2953
1282 1826
3082 4872
4502 4569
3307 4776
3311 4831
2710 4424
2841 4820
3576 4663
717 4233
3380 4795
4459 4518
151 3571
598 4409
925 4615
3284 3768
3483 4274
195 3851
259 4766
691 3726
2597 3379
280 3747
2975 4941
1184 3429
230 4856
4212 4434
2964 3409
1906 3882
1591 2756
2435 4613
2957 3223
784 4931
3352 4955
378 2505
1618 3761
1156 2714
3067 4875
3012 4437
1280 4090
2382 4272
4003 4886
1567 2341
2291 4342
1307 4328
1830 3313
2552 3594
2705 4721
2907 4471
3034 3350
2989 4762
3789 4518
116 3978
2618 4721
3601 3660
116 4461
2204 3761
3616 4691
1190 4874
1835 3708
3923 4945
1688 3727
633 4142
2563 4762
265 2484
1459 4932
1764 3821
696 4067
1122 4461
4661 4688
1345 4618
2689 4929
2826 3842
3553 4738
1803 4709
3087 4542
2631 3629
3326 4776
3531 4951
1783 2709
622 4256
2490 4874
1377 4874
1325 4202
1787 4931
3682 4880
3138 4117
4309 4424
1992 2665
3660 4274
1628 4897
477 3629
3010 4012
1377 4820
2743 2930
3487 4875
3379 4242
2325 4510
3872 4113
2554 3051
1184 4831
908 4668
3278 3487
3598 4117
2665 4709
2628 4735
2780 3879
2897 4618
655 1532
2206 4337
230 4471
127 4542
2019 4427
2216 4863
3747 4776
2561 3272
1508 4812
2332 3213
823 3032
2178 4932
2426 4384
4350 4937
642 4461
4328 4754
46 3086
1110 4458
2553 4003
1449 3259
4248 4520
622 2692
9 2408
4525 4601
3877 4760
1682 4615
1402 2408
4634 4708
2718 4326
1309 3409
3807 4491
2541 4708
102 1759
3909 4760
2683 4880
4601 4941
3200 4112
1370 4593
328 4143
2894 4801
4886 4927
3495 4756
3196 4272
1035 4968
443 3660
3069 4661
2714 4721
2048 2660
2224 3121
1847 4645
2824 3437
195 4611
3928 4039
4223 4342
4662 4674
2590 3662
2718 3198
4758 4897
1415 1556
1920 3034
1841 4604
3186 3842
4160 4272
3711 4409
2332 4903
1777 2734
3317 4661
3138 4831
2705 3051
2349 4880
1469 3245
2019 2630
1336 3594
1750 4341
333 3212
3793 4937
1284 4113
2426 4420
2804 4464
2066 3200
2842 4693
3044 4391
3417 4875
4222 4334
3289 3768
4190 4969
4337 4491
1768 3807
1507 2741
1930 2930
3264 3750
3978 4239
4231 4350
1904 3087
1017 3317
910 4886
680 4067
1928 3139
2308 2620
3570 3842
2355 3879
3258 3392
3332 4503
2119 3243
195 4515
3245 3684
4437 4712
2204 4194
3200 4459
2956 3121
4067 4176
3909 3969
481 3756
2184 3606
3332 4932
4033 4337
3337 4503
682 4760
4143 4779
1561 3259
65 2473
2368 4330
2206 4691
3420 4621
3786 3862
3425 4449
2448 4903
3483 3645
2217 3258
4248 4894
3967 4754
3063 4572
122 4969
4408 4708
703 1307
1947 4968
4645 4727
631 4450
4320 4426
3082 4727
2083 3224
406 3224
3855 3865
1410 4661
2621 3156
2484 3712
1275 4900
2389 4624
1768 1852
2515 3862
1904 2244
2651 4562
2023 3629
3570 4356
1578 4281
3814 3842
4434 4518
1354 4052
3433 4785
3955 3959
1882 4070
463 4495
4326 4459
2182 3572
1612 4831
1427 4941
844 4668
1556 3662
149 4090
3080 4663
3395 3862
4231 4941
3395 4007
1250 4113
655 4661
2178 4801
166 4941
1310 4798
1103 2032
1953 2689
160 4727
2342 3571
768 3413
2660 4201
2 4937
4774 4863
1345 2929
1521 4611
414 3742
2244 2484
3047 4776
3636 3747
2434 4831
3542 4197
1556 2272
2421 2665
3028 3527
265 4542
2400 4712
3413 4344
993 4693
329 2408
573 2005
675 2069
483 3603
3272 4903
2513 3376
2025 3379
2490 3865
4105 4205
3133 3459
3812 3928
2756 3326
3293 4176
3659 4156
871 2055
3528 4618
3576 4886
174 4112
3863 4554
2657 4624
2033 3508
1855 2979
451 4634
3121 3662
3653 4424
3793 4864
4173 4474
2298 3792
893 4955
4158 4864
2085 2795
2842 4634
1092 3406
2005 2749
244 2752
2561 4709
1098 3459
2282 3747
2574 4776
167 506
4320 4719
163 4503
3301 4130
3629 3691
1908 1946
493 1389
1345 2988
3127 4945
3422 4931
976 4736
2240 4688
2220 4766
3659 4897
1499 4176
1404 1595
3712 4542
2023 4502
2729 4449
3959 4415
1000 3232
176 3362
169 3851
4262 4408
3392 4190
4416 4611
2621 4202
2270 4968
863 4785
3406 3750
3846 4891
204 3978
2817 4320
4758 4779
3332 4801
1391 4634
2710 4437
2824 4515
773 4330
856 3645
506 1402
3311 4707
230 4618
1103 2783
417 3720
3284 4604
3763 4569
2775 4859
483 3450
4461 4875
3406 4604
2749 4039
3959 4880
4094 4756
1844 4929
2273 3475
4262 4951
3317 4688
3877 4931
2337 2434
1459 4297
88 4572
4693 4951
3032 3683
1402 2032
350 4474
2628 4156
3012 4712
3559 4070
3570 4142
2804 3134
2614 3303
169 4420
1626 2150
3264 3675
18 4707
3231 4233
2462 3971
540 4604
3272 3882
1384 2964
18 2535
2817 4968
812 977
3651 4070
655 3817
1953 2776
1430 3757
1783 3313
1929 4707
2370 2977
2616 2617
4242 4445
2676 4997
4342 4897
3850 4003
480 4475
2887 4929
1614 4996
3015 3141
1684 3046
4143 4758
2788 4828
3510 4780
203 3606
910 4582
2611 4330
173 4874
769 3075
1959 2895
2865 3043
2483 4931
1483 4302
1855 4515
2270 4932
4416 4510
773 4285
1677 2391
2590 3663
766 4981
4780 4891
1053 4886
795 4618
3278 4468
838 4529
3779 4785
1835 4371
1000 3416
1275 4891
2426 3713
4027 4143
3489 3600
691 1186
3498 4674
473 4894
4874 4900
717 4611
2265 4903
3793 4927
1384 1768
2216 4828
2516 4688
2614 4377
2360 4156
2270 3779
2982 3196
4158 4937
2957 3601
1333 4874
1885 4941
2023 3967
2229 4774
2860 4547
1989 4708
1237 4239
2795 3505
1928 3317
2483 3032
480 3998
945 4955
2291 3659
3156 3789
1324 4756
2508 4212
2093 2554
2916 3277
1525 2985
3413 4624
656 3636
3629 3763
2718 4434
1048 4434
712 2615
1229 3278
3262 3651
3395 4234
1788 3631
3711 4056
4143 4805
3167 3882
2297 4426
2518 2563
81 2985
2483 4624
3175 4091
1946 4029
4437 4937
977 4547
2676 4445
2216 4190
1532 3674
43 2323
2320 4593
508 3857
3337 4801
2338 3209
3498 4981
3284 3750
3851 4795
697 4495
2988 4618
4424 4601
815 4118
471 2032
1788 3505
127 2930
2618 4532
1233 3069
1393 3691
1560 4662
3617 4820
1282 3047
747 4194
2104 4880
1138 4721
2055 4112
3527 3761
3364 4735
893 4805
2536 4458
3485 3606
745 1823
2241 3252
2055 3726
3213 4709
4828 4872
4674 4719
4471 4856
3298 4831
1449 3075
1544 4661
1453 3572
3280 4941
1430 4212
3043 4450
1325 4450
1000 2508
195 4510
2032 2734
2494 4409
1591 4519
4886 4981
3009 3871
4577 4675
2338 2793
2 4712
826 1410
3425 4371
4465 4886
713 4927
2788 4756
3332 3892
2060 4130
2332 3922
1325 3693
1847 4863
4779 4997
1087 4067
3571 4631
4166 4615
1267 4312
2490 4520
2394 3525
1904 2484
2241 4618
1181 2596
4727 4766
2621 4391
1525 4981
576 3259
1176 4774
1156 2692
2510 4216
4188 4212
2434 3429
4374 4801
3489 4738
3969 4760
2216 4756
2964 3616
4503 4969
965 4285
4674 4945
2897 4328
2518 3245
3258 4828
802 4874
2229 4766
2194 3090
703 3967
3332 4426
3092 3838
3583 4721
1499 4356
1636 4931
1947 4297
1117 4090
2448 3352
3379 4779
4864 4929
1085 4437
1625 4416
1165 4776
1194 4927
2651 3009
3272 4631
1841 3264
2653 4415
1930 3603
2502 2676
1994 3738
3362 4856
4239 4421
3505 3887
3190 3928
534 4758
4474 4503
591 4515
576 3756
861 2956
1952 4872
3223 4554
2685 4886
1079 4891
4158 4231
863 4801
2110 4929
501 3887
1403 4532
3245 4144
2320 3675
4582 4674
1578 4188
696 4542
784 3877
1882 2505
3599 3691
1499 2955
3337 4932
3444 3590
833 2421
2282 4776
2894 4606
656 3326
2662 4202
4582 4927
4798 4880
1945 4610
4197 4828
2842 4812
1587 4542
3067 4727
3090 3350
3422 4832
3590 4328
3725 4464
822 3252
3789 4313
2804 4668
292 4886
2048 3807
3594 4052
4003 4464
1779 4776
825 2173
2249 4762
2473 3450
3784 4193
1905 2590
4210 4518
2021 2112
187 4342
2535 4117
4577 4634
1143 2347
2085 3687
1928 4661
3223 3863
2147 4190
1354 1486
1701 3087
2570 4712
1776 2795
525 4023
2683 4577
4459 4900
3459 4193
1356 3474
3713 3851
459 4421
2012 4029
2349 4409
4758 4805
3111 4900
2382 3724
3284 4403
1097 3603
1077 4313
3487 3526
3322 4189
2478 3558
4610 4874
4344 4832
4675 4708
785 1103
3510 4248
4766 4828
1591 2574
1176 4766
1559 1905
1571 4663
3750 4604
2518 4144
3080 4927
2273 3631
4160 4176
2741 4120
3364 4779
2799 4886
3444 4569
3691 3844
3325 4927
2047 2319
3186 4272
4760 4931
799 4205
1803 2421
2161 3536
2423 4900
3258 4756
477 552
4515 4611
1197 4624
511 4401
2817 4939
3887 4688
2987 4176
3352 3571
3306 4542
125 4939
1103 4875
3724 3762
637 3768
1776 3214
1953 2644
910 4662
1143 4067
2119 4542
4011 4602
1563 3966
822 2780
1217 4798
1437 4709
155 4800
2249 4193
1678 1925
2502 4445
400 3817
2539 4939
2374 3871
2563 3092
2023 4569
251 4328
856 2173
1605 2341
2220 3392
149 2289
2989 3092
122 4326
2752 2753
2025 4143
1036 4634
1591 3307
834 4427
3817 4688
1899 3475
3222 4281
1252 3196
3303 4475
2278 4222
1449 1520
2972 3823
3252 3879
3846 4610
1560 4663
3444 4328
2434 3311
4374 4939
2230 2561
3035 3549
2955 4272
612 2473
3063 3807
1522 1913
3252 4054
496 4534
1037 3571
4503 4932
3280 3462
1930 4542
1822 4832
2391 3103
3046 4445
4007 4475
2229 4872
957 4601
816 4408
3193 4529
4785 4969
3510 3855
4421 4461
466 4880
2069 3525
3231 4416
270 4691
508 4330
1927 4774
2733 4688
2929 3252
2220 4645
3080 4582
4173 4969
1192 4688
3779 4388
2320 2823
2005 4495
2907 3553
1434 3616
572 4820
3146 4897
4011 4582
1737 4502
2334 4727
1959 4371
167 2021
419 4624
1359 4900
2110 4601
4621 4969
2776 4341
1392 4624
3536 4900
2252 4698
3416 3949
3475 4931
2400 4424
3617 4900
4735 4758
1770 4302
1560 4981
2964 4302
2897 4754
2701 4302
2050 4621
3138 4707
4582 4662
1280 1507
3217 4464
2665 3175
896 4864
1430 4888
473 4900
230 3969
4297 4426
330 4091
268 4350
2104 3872
4674 4927
4374 4785
4503 4968
335 4903
3823 4039
563 4800
4173 4297
3044 4458
314 4661
4663 4927
3877 4624
3754 4618
1064 4554
4070 4099
4820 4874
3744 4939
4968 4969
3978 4421
1970 4312
637 4534
471 2734
1430 4518
2953 4120
4420 4510
2262 3413
1457 2600
855 4176
1614 4927
4302 4691
272 4510
1148 3508
2483 4525
2658 4197
163 4932
3844 3879
1538 3558
428 3009
2718 4666
3028 3446
3475 4624
3571 4903
436 2516
1210 4515
312 4601
2623 4475
484 3212
2351 4691
4309 4437
4437 4864
2614 3862
1682 4056
173 4900
1598 4828
552 3763
3380 4420
1899 4780
2922 3010
2979 4216
1783 2085
2165 4188
1093 3726
2752 3173
2621 4313
1392 3821
3949 4459
4645 4766
1560 4945
1997 3749
4525 4624
1252 4272
259 4863
1808 3738
2560 4415
2865 3660
3793 4663
4760 4780
1314 3763
3762 4272
3337 4939
1109 4459
2560 4189
945 4465
1211 3483
4525 4931
3792 4631
1478 4532
1563 4222
2484 3087
1884 4070
98 4593
406 4542
3047 3636
2875 3727
951 4758
1384 4691
1192 3674
3558 4371
4859 4864
714 766
656 4776
4320 4621
3553 3909
1172 4539
257 4313
976 4831
3684 3720
4202 4391
2550 4972
1826 3307
1370 4604
2434 4707
2875 3915
3024 4495
3844 3956
2887 4931
1429 4475
1097 3542
149 2953
3043 3863
3462 4929
1904 3712
2462 4371
925 4409
2616 4939
3350 4234
2165 3474
397 4416
2342 4037
1467 4471
2104 2494
1329 4458
1755 4495
4189 4415
81 930
1165 3636
2394 4495
2710 4471
2875 4532
2325 4384
3289 4371
1783 3887
2289 3277
4054 4618
1478 3727
1841 4593
2734 3551
3489 3606
1507 3437
218 4534
2907 3725
3846 4534
3080 4945
3280 4601
1062 4593
2270 4007
36 4766
667 4372
1571 4662
114 2306
1103 2112
3462 4158
2842 4798
2510 4384
4474 4785
1048 4969
3082 4197
2982 3186
4197 4863
4142 4176
1975 3857
6 3200
3570 4176
3616 3807
3747 4519
795 4502
2351 4337
1197 1366
1783 3505
1467 4760
1788 2516
4190 4863
160 4863
2161 2609
3015 3956
910 4996
4173 4932
2660 3409
2342 4341
976 4795
1035 4698
1932 4900
3186 3293
3067 4190
4248 4820
2692 3687
2894 4785
3850 3909
480 4377
3690 4859
119 1626
1895 4156
3531 4880
1765 4624
863 4932
2508 4666
4621 4932
3971 4264
2784 4458
1623 4615
1701 2600
119 3716
3146 4735
2315 4554
773 3141
2784 4313
1598 4756
2697 4631
815 4070
3882 4631
3222 4188
2019 2138
3043 3601
1997 4458
1024 1852
675 3928
3892 4503
1841 4403
1899 4613
2273 3214
1469 2518
2325 4420
259 4774
613 4897
2204 3527
2799 4465
3814 4356
2841 4894
4309 4929
2204 3446
477 4054
496 3425
3846 4611
3444 3528
1585 4624
1017 3817
1184 4951
1237 4461
2513 2674
2701 4491
2922 4130
1284 4562
4582 4981
1017 3674
1221 4468
3047 3742
802 4610
2749 3823
3095 3812
1098 3720
3325 4945
4173 4388
1119 4602
4547 4604
1897 4785
2865 4460
4785 4968
1176 4872
887 3339
1384 4779
4445 4897
20 4691
2987 4142
3419 4502
115 4932
1922 4460
4173 4968
1122 4421
4216 4416
1097 3212
1310 4812
800 4698
2979 4611
802 4520
2658 4190
3983 4459
2710 4864
4218 4760
3252 4502
3090 4377
3176 4328
4144 4762
4621 4968
480 4611
993 2878
2657 4344
1946 4449
419 4832
2265 3571
3111 4894
3531 4634
3690 4864
1628 4735
4415 4634
1567 4529
3821 4539
2278 4409
887 4384
3285 3857
2217 3526
2975 4937
3682 4415
1906 4955
2382 3559
3462 4437
587 4285
4262 4831
965 3956
2662 4450
4003 4668
994 4460
4582 4663
3217 4471
4313 4450
1732 3838
2535 4951
1945 4874
1322 4222
4675 4812
3352 3922
2518 4033
3325 4996
3326 4519
4242 4897
1168 4972
358 4210
2658 4828
4197 4774
2683 4812
3325 4981
1469 4144
747 935
3307 4519
2554 4532
2048 4691
680 3712
768 4760
3392 3495
2554 3915
3877 4832
1635 4613
2005 2972
2332 2665
4209 4894
241 3956
3311 3429
3474 4212
449 4831
2972 3525
572 4874
2297 4503
3474 4374
4210 4450
3844 4023
3959 4408
1928 3674
2270 4173
3462 3653
622 3745
4888 4969
2400 4437
1405 2954
3682 4577
3846 4894
2539 4801
2051 4326
631 4391
4610 4900
2442 4194
1571 4927
2701 4337
3792 4955
3793 4662
3406 4547
2657 4800
1270 4661
4403 4604
213 4631
3851 4515
2322 3069
3325 4663
703 4569
3814 4142
2804 4218
1451 4491
3528 4502
3857 3956
174 4052
2516 3026
4350 4941
4264 4760
1635 4931
4712 4929
3487 4239
413 4941
3303 3786
219 4831
3998 4377
3744 4968
2094 4945
4234 4377
1138 2714
1197 4539
3252 4618
1855 2325
1282 4071
2050 4426
1175 3284
1787 4613
1036 4189
2611 3956
1502 3425
4779 4897
1210 4420
1908 4371
1467 4264
238 4372
3364 4445
1628 4242
4631 4709
3279 4450
747 2338
2505 3651
3711 4880
1404 4193
1403 3051
1128 4071
1625 3713
2617 4897
2865 2967
3531 4693
822 3967
2216 4197
3745 4532
1184 4736
3146 4779
3420 4939
3851 4611
2270 4939
1354 2552
493 4188
816 1664
1589 4688
2224 3347
1077 4391
925 4698
861 2224
935 3209
1560 4927
3498 4011
3009 4698
312 4929
1053 4996
255 4071
3481 4996
3576 4945
2714 4256
3277 4090
260 4272
445 3915
6 4052
1976 2617
3258 4190
2652 4897
4518 4888
2518 3849
2609 4248
3793 4941
2496 2563
3708 3768
3485 4668
2426 4416
1559 4105
2658 4727
2977 3549
3789 4202
3879 4328
3196 3762
399 2262
2823 3406
1635 3821
3272 4245
540 4547
2194 2623
3653 4929
3133 3684
3413 4780
3784 4144
1217 4577
3313 3887
3362 4218
1211 4274
1600 4371
3779 4426
3015 3844
2653 4675
1920 4377
4801 4932
481 495
3417 4468
977 3675
3754 4502
2342 4903
2956 3347
1847 4756
2047 4972
4894 4900
993 4798
3508 4475
2616 4968
3124 3660
319 4090
2012 3971
1939 2319
540 3284
3617 4894
916 4475
2337 4951
1765 3762
3232 4459
3420 4173
1391 4812
636 3851
2631 3419
3462 4601
1336 2552
2743 3450
2382 4142
4113 4334
330 4037
203 3409
3474 4666
3879 4569
4812 4888
471 2112
1064 4274
1909 2282
3851 4216
4712 4859
3842 4176
3277 4120
451 4416
3446 3761
4071 4519
1975 3956
2989 3849
1396 2289
4231 4937
4828 4875
461 3417
2147 4828
1636 2262
2795 3631
3012 4929
260 2987
2325 2510
3133 3720
2842 4951
166 4929
4666 4969
4088 4951
1181 3559
1384 2701
4520 4610
4372 4707
4593 4604
3339 4611
216 3636
960 3823
3786 4007
1483 4572
3481 4582
68 3660
1434 4491
3570 3814
2631 4502
85 4099
3955 4798
3082 3495
2315 3043
3347 4888
3510 4900
844 3134
855 3762
2093 2743
1895 4805
2871 4760
3444 3629
4421 4875
2496 2989
2323 4111
1929 4158
2617 3663
3855 4900
4582 4886
4188 4326
1284 4166
265 4067
378 1884
1844 4158
4007 4377
4189 4812
2929 4502
1625 4233
2011 4951
2069 3190
2341 3218
219 4707
1939 2620
1932 3111
1932 4894
2653 4634
1459 4939
270 4572
2161 4520
4233 4795
832 4856
2050 4374
2875 4721
3598 4736
2614 3786
4666 4719
3214 3313
855 4272
2230 4631
712 2753
3474 4518
277 491
270 4201
785 2596
67 3087
1847 4828
1564 3542
1952 4875
2560 4708
2319 2550
3035 4403
1997 4401
3301 3636
3263 4760
4326 4888
2685 4996
1571 4945
154 4371
3293 4272
2895 3768
2841 4900
3601 4554
335 2229
1684 3092
3590 3967
4610 4820
1389 4434
2709 3505
414 3047
3075 3259
3459 3684
3821 4800
1844 4941
4780 4832
1049 4056
2853 2930
3598 4408
3872 4562
3325 4662
151 4245
906 3483
113 3483
3409 4302
1366 4780
2502 4735
1085 4929
3444 3879
277 4688
1920 2623
1148 4007
2496 3459
2823 3284
4231 4864
1197 4760
1328 4937
2349 4698
3012 4859
2174 4886
2347 3712
3258 4863
2621 3789
3744 4969
3713 4510
278 2361
910 4927
3339 3851
508 4285
3433 4297
1221 4239
823 4344
1156 3745
855 3570
349 4465
2355 3967
3872 4615
1502 4534
4233 4384
4231 4437
1929 4929
2110 4437
2616 4719
280 1518
257 4458
349 4996
634 3603
3350 4377
4449 4534
1359 4894
2607 4341
2342 4091
2448 3922
3364 4156
3420 4932
3598 4312
328 4735
4415 4812
209 3139
3027 3812
2051 4434
4094 4645
1036 4951
2975 4864
2224 2674
2319 4972
4458 4518
1682 4113
4708 4951
2756 4427
2194 4377
946 3303
706 4972
4158 4941
3063 4691
1188 3687
1885 4937
2683 4708
2165 3949
3043 3483
218 3768
1750 4955
1882 3651
4094 4434
371 4372
2541 4675
3744 3892
2249 3720
292 4996
3949 4666
2182 4056
1614 4981
2019 4071
2262 3074
4426 4785
268 4941
4193 4762
696 3087
4218 4738
2426 3339
500 4070
1953 3175
1564 2732
497 2749
2421 2561
3200 3726
2411 3151
500 3716
2244 4542
2616 4969
1210 4795
2217 3278
1600 2478
3606 3909
2508 4969
2391 3687
1994 2306
3127 3923
2224 3376
2996 3882
506 1470
2334 4197
1389 3222
1976 3347
2462 3425
1770 4491
3749 4202
3311 4372
2265 4709
3364 4997
3156 4202
3483 4554
3127 4582
1626 4070
2756 3636
3606 4464
2651 4166
2478 4029
1469 3133
2582 4891
951 4779
1110 4388
3214 3631
2733 3631
163 4606
1595 3761
573 3823
3133 4762
2404 4421
3186 4356
4464 4738
893 4342
1268 3786
3280 4929
3111 4820
1614 4945
253 2985
2402 4309
406 3603
3413 3877
3745 4256
4312 4831
525 3691
4239 4461
70 4668
842 4812
2496 4144
167 2783
1628 4955
1992 4903
2956 3376
1505 3284
2069 3928
204 4468
424 4888
1329 4391
3955 4880
4011 4886
732 2510
1947 4939
2025 4223
259 4727
1314 3528
1058 4618
2656 3075
1830 3631
1166 4188
1625 3851
769 3738
4143 4223
3949 4518
2977 4403
3074 4931
2496 4762
1245 4831
3725 3909
1362 2289
4143 4445
1532 2753
2617 3662
1776 3887
2955 4142
3911 4735
3498 4521
1885 4864
3784 3849
3779 4297
2652 3911
4003 4218
3067 4828
2775 4231
3301 4427
244 4256
945 4886
2411 4468
3193 3362
896 4350
2817 3892
1217 4415
2518 3459
1307 2241
3127 4927
255 3044
1888 4601
4577 4880
1835 3971
3724 3814
3594 3983
1325 4401
925 4334
785 2408
1210 1211
1625 4420
2230 4709
591 4233
3660 4554
3090 4475
959 4337
2689 4709
3090 4234
4539 4760
1780 4033
1522 4468
1117 2992
3450 4111
1595 3028
3092 3459
2784 4210
246 4070
2513 3121
4302 4491
480 2993
1245 3598
151 4903
4426 4606
74 3601
3572 3711
2297 4621
3526 4468
2651 4113
3498 4602
4434 4459
712 3674
3224 3306
1053 4465
1822 4780
3969 4856
1165 4130
3789 4450
4189 4798
4391 4518
2751 4780
1279 3725
3882 4091
2174 4996
67 4067
1591 2282
800 3572
3683 3821
3392 4774
1211 4554
4503 4719
4372 4951
4394 4875
2653 4812
30 4223
2230 4903
123 3010
3909 4738
1356 4666
3742 4130
1595 3527
216 2019
3475 4800
3043 4111
1487 4534
481 3738
1457 2347
81 1396
1356 4888
3417 4239
4459 4888
1804 3651
4408 4831
1325 4313
115 4474
525 3844
1932 2227
908 4856
1598 4863
1433 3716
2112 4519
3035 3750
1790 4337
3599 3844
1836 4105
1336 4052
4735 4779
4188 4459
259 4828
1275 4894
2652 2656
2992 3277
3911 4897
1309 4265
483 3306
1362 4090
3044 3693
2224 4205
1825 3871
4518 4969
1578 3949
1252 4356
1684 3838
2423 4610
4663 4674
2674 4105
2584 4897
2561 3167
320 3259
329 1103
2252 4409
3762 4356
473 4780
2394 3871
1256 3857
2697 3352
3322 3955
3998 4475
4520 4874
2878 4415
4209 4900
2744 4468
2206 3368
3416 3417
2982 3724
2184 3725
2934 3949
1404 1545
1221 1229
2957 4274
4756 4774
3459 4144
2729 4371
2204 4894
3362 4668
3742 4427
1688 4532
4539 4800
1840 4234
2878 4693
3749 4518
2977 3675
2623 3862
2697 4709
691 3594
3955 4693
4624 4931
350 4968
320 3756
2490 3536
877 4532
3416 4969
2630 4776
3632 3969
320 769
3035 3406
2224 4105
2513 4205
3842 4142
3054 4337
2658 4774
4503 4785
758 4176
1732 2989
1122 4239
1176 4875
1989 4675
1389 1430
1550 2993
3347 4105
3301 4519
1561 3756
2860 4403
3475 4525
713 4582
384 4449
1947 4320
2987 4272
2182 4562
2400 4864
2011 4262
3339 3713
713 4945
1780 3784
203 4856
2421 4903
1623 3966
1128 1591
4201 4572
1790 4572
2483 4832
3572 4562
265 1286
3742 4519
312 4415
846 3812
3111 4891
2878 3682
2895 4449
198 3075
1587 2743
1478 4721
2337 4736
1049 4880
2194 3862
916 4377
243 4615
1612 4262
1521 4515
350 4932
2956 4105
633 3196
218 1487
1684 4762
2510 3339
2584 4445
3462 4424
1976 3376
3416 3757
2975 4712
3046 3911
2860 3264
74 4460
68 3483
827 4774
2570 4601
3871 4495
1825 4039
3231 3380
3326 3742
3193 4471
3322 4693
1932 4820
1970 4707
3420 4503
2051 4969
2860 4593
2842 4708
2683 4798
4166 4465
945 4996
4606 4621
115 1554
2541 4951
1759 3716
116 4468
2478 3768
251 4618
3231 4384
957 4859
3262 4099
16 4798
2272 3662
4341 4631
2508 4281
1345 4754
4401 4450
2220 4756
4011 4521
3134 4264
2270 4374
213 2697
1804 4529
3362 4738
113 3601
993 4634
762 4662
2784 4518
648 1779
4502 4754
534 4779
1472 4776
6 4112
2184 4003
3481 4465
2110 4712
3380 4416
4011 4981
745 2823
2110 4859
4735 4897
2033 4234
3082 4774
4312 4344
2775 4864
2977 4604
3846 4780
3645 4554
2780 4502
2793 3209
4216 4611
4094 4766
3768 4534
4384 4515
4188 4518
3034 4377
43 2957
2897 3763
3173 4394
1844 4350
2389 4931
277 1776
797 4945
3047 3747
2658 4863
3339 4515
2029 3035
3325 4886
3086 4972
102 4118
3054 4265
3392 4872
342 3028
1259 4264
4424 4929
1922 2957
634 3306
2615 2753
3054 4491
4394 4872
2541 4812
2265 3922
4003 4471
2404 4239
3298 4736
1280 2916
3223 3660
3653 4859
2478 4534
2888 4900
1755 4039
3474 4326
1041 2674
43 4554
3720 4193
113 3645
4117 4951
1156 4721
228 4450
2448 4037
3416 4434
3127 4011
2784 4401
3763 3983
2967 4111
1538 2895
2337 4831
682 3909
4011 4945
1410 3817
4158 4309
3134 4003
4735 4805
4719 4939
443 1636
2709 3313
238 4951
1234 4532
2621 4458
1252 4176
2737 4981
529 4144
344 4874
3322 4408
2206 3616
4662 4886
4027 4242
4388 4932
2273 3505
3284 3549
3762 4176
9 1777
2382 4160
3750 4593
4189 4880
1396 4090
2322 3139
3322 4634
3855 4894
1626 4118
745 4604
4297 4503
1595 1618
3600 4264
1847 2147
4421 4468
1550 3034
825 3010
1172 4613
768 4931
319 1280
2894 4968
280 4776
2653 4798
893 4223
4634 4675
732 4515
2338 2442
115 4972
1610 4864
2611 4023
2203 3277
3485 3553
1764 4931
2374 3190
516 4981
2060 2282
591 4416
2617 2956
149 2985
2616 4621
3095 4495
628 3272
768 4525
4468 4875
2656 3756
2093 4721
428 3711
253 930
2332 4091
20 3409
1410 3674
4054 4569
3855 4248
1345 3419
3156 4391
3146 4445
2005 3928
1651 4831
381 3559
1247 4328
2325 4416
2929 3879
3284 4547
4805 4875
4166 4927
2184 2804
4309 4941
3603 4542
1826 4519
3092 4762
3525 3812
2972 3812
3750 4403
4615 4698
1518 4071
758 4356
4173 4606
2161 4891
3481 4886
1176 4863
3489 4856
3542 4012
2989 3684
2194 4475
2402 4941
2570 4437
187 4779
3662 4105
762 4582
960 2749
347 2112
1119 4582
2609 4874
795 4569
3127 4663
3823 3871
2203 3437
893 4897
3222 4969
3485 3969
3339 4216
2244 3243
935 1545
1165 4427
2552 4052
1852 4491
2894 4932
483 1930
2389 3683
703 4054
4156 4955
2502 4342
2360 4779
198 3738
4800 4931
2788 4190
3553 3969
696 2484
4216 4420
2360 2361
2563 3784
4231 4601
3495 4727
3481 3498
3690 4424
1310 4675
173 466
3190 4039
257 4391
1788 3887
3279 4391
1855 4611
534 4735
3754 3967
2895 3971
570 4931
115 2550
4320 4606
1433 3651
2473 3603
1022 3757
3167 3272
641 4900
4727 4756
1354 3726
2518 3720
3009 4615
1822 3821
4302 4572
3337 3744
213 4091
1532 3069
3111 3846
176 4668
3559 3716
4374 4968
871 1354
995 2370
1909 2138
18 3298
3352 4037
1909 4071
3293 3570
1148 3998
1470 2112
4445 4735
2614 3090
318 4691
4388 4801
1104 3212
1336 3027
1852 3807
297 4661
1750 2298
3362 4011
3429 4117
2249 3684
512 3716
1913 4468
4341 4709
2220 4727
154 3558
155 4931
413 4231
2272 3663
1085 4350
4602 4886
2536 3156
2526 2611
2291 4779
1233 2240
314 1270
3724 4903
163 4939
877 3173
3413 4931
4709 4903
957 4941
1449 3756
977 4604
762 4663
493 4434
1623 4698
4572 4691
187 471
1465 3812
4054 4502
4719 4801
691 4052
3531 3955
554 4403
3285 4285
2298 3272
3419 3754
3971 4371
1429 3303
1899 3422
2617 4805
1405 1825
2240 2322
119 378
1525 4582
1437 3792
2652 4735
3600 4158
3034 3395
3786 4377
1737 3754
1472 3301
4391 4401
3429 4951
2370 4403
3417 3487
413 4937
1927 2278
414 4130
1852 4572
1989 4634
3662 3663
976 3598
826 2361
3923 4981
3196 4356
4242 4805
1605 3218
1467 3632
3413 4613
2224 2513
1472 1909
1175 4593
2204 2338
4709 4955
1138 3103
2361 4661
3598 4707
3892 4932
1677 4256
2705 3727
2615 4688
3332 4968
3196 3293
1210 4416
4709 4780
2930 2961
463 2972
2987 3762
3176 4037
4248 4874
1359 4891
350 4801
378 3262
20 4265
906 1211
3379 4342
4166 4662
667 3138
2560 4675
825 1097
508 3844
1024 2701
2262 4624
3812 3871
1975 3015
3217 3909
471 2021
3599 4023
1522 3417
2674 3662
3911 4242
428 4056
67 2600
1384 4201
2029 3750
3419 3879
1245 4707
2516 2733
4003 4856
832 4539
501 3631
4222 4698
4828 4863
3691 4285
4474 4939
2536 4582
979 1449
2651 4056
461 3151
3793 4929
893 4779
314 1544
3923 4674
484 856
511 4313
497 3823
3176 4631
622 2873
667 4262
3258 4766
2360 4897
2894 4969
3054 3368
4242 4758
3167 4903
3653 4941
4471 4738
2194 3303
3949 4094
4521 4582
2360 4735
879 4721
491 4688
419 4239
1929 4736
1959 3971
2430 3660
483 2083
2535 4262
4312 4951
3683 4539
1803 3792
512 4118
3659 4735
3141 3956
2788 4863
3616 4302
203 4668
3659 4445
349 4886
1237 3487
2993 3862
4071 4776
4309 4601
4223 4242
1336 4112
2714 3727
3786 4874
905 4662
2435 4624
2055 4459
3146 4156
3792 4903
114 1561
3851 4510
1844 4864
2752 3583
2628 4445
1090 2342
2262 4344
1906 4709
1362 2203
3433 4426
1314 4054
98 4547
3046 4027
451 4420
3352 4245
2582 4894
3481 4663
3684 3849
3127 4662
3167 4709
2273 3887
640 3243
1117 3277
2494 4056
466 4874
3012 4941
4190 4828
406 2473
3258 4645
1324 4727
115 4939
3684 3838
244 2873
4027 4955
218 4029
697 3928
251 3763
2 4929
2508 4326
3379 4805
1402 4798
3793 4602
3232 4094
4033 4491
665 4144
2297 4606
3176 3967
2249 3092
461 4239
1092 3675
3380 3851
3531 4736
4262 4372
333 1564
976 4312
2355 3444
4201 4691
4388 4426
3882 4709
272 2032
342 3761
598 815
1156 1403
3352 4631
2676 4143
1309 4572
2607 3636
2194 4007
399 484
4460 4554
1268 2993
3744 4374
1478 4256
2979 4510
4374 4969
1908 3708
1610 3747
2516 3505
3978 4875
1176 4828
2161 3111
2975 4859
4189 4951
3280 4437
3103 4256
3198 4326
4663 4996
2956 3663
2104 4113
747 3446
262 3028
2621 3749
2732 3542
1764 4800
3075 3756
3218 4972
2227 4602
1459 4785
2252 4562
1172 4525
2561 3792
2888 4874
3027 3525
3909 4668
228 4202
648 3747
2597 4223
2265 4606
3793 4582
2430 3863
3175 4903
1282 1610
443 4554
4408 4951
1888 4937
2563 4144
1324 4872
1632 3862
318 4302
906 4554
3531 4831
1598 4727
173 4894
1405 4495
2987 3814
4465 4996
2400 4859
1895 4897
2718 4969
979 3738
762 4886
122 4265
3959 4693
2051 4188
3337 4785
2505 3716
2083 3450
123 1193
8 4421
995 4593
1148 4377
3416 4094
4011 4996
3032 4931
2005 3871
2241 2355
1690 4874
397 4233
554 4547
1098 3849
1953 4341
2347 3243
2733 3214
246 815
1844 4937
388 4502
4403 4547
995 2320
2033 4475
3814 4176
570 4760
1872 3750
2391 3583
802 4820
4088 4601
27 4675
4223 4735
4173 4374
2021 2596
3691 3857
3923 4521
951 4735
3684 4762
3495 4197
4929 4937
2709 4688
3121 4205
512 3651
1328 4941
2227 4521
1250 4222
2718 4188
3272 3922
3422 4613
4209 4780
1922 4111
802 4248
1564 4012
2842 4888
4190 4756
3175 4709
3046 4955
1453 4334
1168 3218
4173 4621
1483 3368
2600 3243
1790 4491
2029 4604
2353 4120
1678 2319
665 4033
3959 4088
682 4668
1922 3601
280 656
4374 4474
2887 3877
4166 4663
319 3922
1770 4337
2553 3263
2865 3601
3303 3395
4320 4374
2916 2985
2674 3663
3749 4210
260 4142
2865 4111
834 4071
3293 3814
4780 4800
807 3756
4996 4997
4094 4875
3915 4532
3054 4201
1062 4474
1392 4344
960 4495
3433 4606
3489 4668
4281 4969
4320 4801
2897 3528
4326 4518
1787 4344
3437 4090
451 4233
1688 3745
3553 3850
696 2347
3193 4856
2478 4449
2355 4502
3474 4281
3812 4495
2508 4434
2138 2756
268 4937
1087 3712
1117 2353
4233 4416
2853 3306
812 4604
2535 4372
3141 3844
4374 4503
167 1103
2582 3510
2607 4245
2025 4342
4735 4997
1598 4766
397 4510
2384 2553
2954 3812
3301 4071
4434 4955
1922 3863
1952 4774
4719 4969
2050 4785
3599 4886
4143 4342
2110 4864
1165 3747
2204 2793
2273 3313
1356 4434
98 3675
3744 4474
1765 4272
3857 4285
1037 3483
2368 3857
4281 4666
1188 3745
1567 1939
3789 4391
4634 4880
16 4888
436 3505
3481 4662
3742 4071
388 3603
1771 3010
1077 3749
3413 3821
2319 4529
1282 4519
4231 4309
2391 3051
4350 4712
1545 3761
1759 3651
2353 2992
3966 4409
4350 4859
3289 4029
125 4968
384 4371
1770 4691
2609 4820
3259 4945
3793 4601
2308 3218
4372 4831
3708 4534
1578 2841
85 3716
3034 3998
655 1544
384 4029
1247 4618
3690 4712
209 1192
1913 4875
2611 4285
2553 4856
1684 4193
2535 4408
3536 4891
2541 2888
2743 2961
4091 4341
2784 4202
2895 4371
3872 4222
122 4212
3498 4945
2165 2934
3817 4661
4927 4996
1336 3983
350 4939
4309 4350
3863 4460
1393 3599
3726 4459
3590 3879
424 3232
732 4611
2270 4785
1521 2979
9 347
36 4828
4142 4272
1064 3863
3322 4577
198 769
2426 4515
1507 2953
3074 4624
2972 3871
1233 3817
4212 4888
3444 3967
2165 2508
1532 2322
1538 4029
2094 4927
2147 4863
4738 4856
1635 4760
3553 4003
1932 4891
3682 4693
514 2338
1929 4831
1823 4547
2961 3450
1779 4071
2697 4245
3553 3725
2705 3745
4420 4795
155 4624
3882 4245
344 3510
1433 4118
1804 4099
4426 4932
552 4618
1947 4621
563 4525
1930 2473
717 1945
1093 2066
4529 4972
2865 3483
4388 4606
3103 3745
88 4201
3176 3352
1997 3789
2714 4532
1359 4820
2110 4937
2977 4593
244 3915
563 4344
2665 3882
1525 4945
1314 3419
230 4754
2897 3879
2894 4388
2989 4144
1181 4118
246 3716
1237 3978
2989 3720
4624 4780
445 1478
908 4218
3498 4582
2526 4023
3459 3849
4798 4888
292 4521
529 3849
2793 4194
3392 4875
2894 4320
2826 4160
3015 3691
218 377
2241 3444
495 3259
342 3446
1759 2505
3429 4262
946 2993
2653 4951
3332 4374
1250 4334
2563 3684
3175 4631
3034 3090
2370 2823
3325 4582
463 3190
1688 4721
2741 2953
3124 4554
3720 3838
3092 3849
572 4900
1929 4859
2334 4756
4210 4401
3193 3725
3198 3949
3487 3978
4156 4562
3024 3525
1172 3074
4891 4894
1508 4577
826 1589
2337 4707
2607 3352
4459 4666
3955 4812
4189 4408
1193 3212
930 4090
2993 3786
1122 3978
2912 4070
1525 4996
1384 4572
3877 4539
587 4330
2710 4601
4424 4437
2733 3313
2323 4460
1768 4337
2907 4218
3481 4927
3337 4968
2692 2705
1610 2060
4094 4872
4662 4996
871 4112
3495 4394
2753 3069
1487 2478
2897 3629
3376 3662
799 3708
3855 4891
1610 4427
4350 4864
2658 4766
1764 4539
2894 4173
4052 4459
816 4372
2306 3738
219 4736
2249 2496
2860 4532
2865 4554
466 4900
2826 3724
1907 4645
4320 4785
2147 4774
2718 4281
2718 3949
543 4577
4328 4502
1478 3583
4491 4572
3090 4007
497 3928
347 785
4156 4897
2544 2618
4248 4780
1959 4029
3485 4218
1636 1822
1776 3026
3629 3754
1953 3352
1437 3175
2660 4302
3009 4562
1909 3047
3850 4668
1259 3134
480 2515
879 3745
3892 4297
1168 3086
3032 4800
1771 4012
3763 3967
1270 2361
2563 3245
1478 1677
377 3971
1578 4459
634 2473
4719 4968
329 1777
4525 4800
3768 4371
594 2338
1783 1788
2954 4039
1049 4698
1765 4142
2988 4754
3012 4309
1787 3074
1550 4645
1492 4661
506 1181
905 4886
1389 4518
2897 4569
827 4766
3485 4856
706 3086
1737 3590
1190 4520
2584 4242
36 4872
3922 4037
3416 4666
797 4886
1682 4880
3213 3922
4391 4458
424 4281
680 1143
2561 4631
4337 4572
3474 4969
2240 3817
2597 4758
4027 4735
784 4525
1840 2194
2982 4176
2505 3559
2894 4939
4285 4805
1237 4891
2478 4371
1927 4766
3074 3877
244 2875
4156 4805
795 3590
994 3863
1636 3413
160 4067
371 4117
3313 3631
384 1787
1252 3814
1636 4613
4602 4674
2630 4130
648 4071
495 1520
3134 3725
2029 4547
2150 4070
1024 4302
1928 2240
1128 1610
3462 4864
70 4003
3190 3812
1017 4661
2607 3792
2662 3749
4539 4832
1268 4377
1559 2224
1788 4688
1058 3528
4029 4449
3553 4264
3576 4674
4342 4445
4805 4955
834 4519
1280 4661
3872 4334
1451 4201
260 4176
260 3724
1279 4856
1522 3487
3871 3956
3264 4547
3600 4760
3352 3882
3683 4800
1469 3849
4785 4801
466 4520
2824 4090
3616 4033
238 4831
825 2732
3433 4388
1992 2332
1907 4863
3224 4542
768 4832
4798 4812
1392 2751
1908 3971
594 1545
2841 4520
993 4577
1899 4525
4210 4313
807 1520
4621 4801
957 4712
3527 4193
665 4193
1632 3786
4201 4337
4602 4996
2795 3887
3332 4320
2165 4832
1090 2561
648 3636
3754 4569
4312 4736
2368 4285
613 4445
977 4593
443 3645
3844 4330
1192 2240
3659 4758
3508 4234
2203 2353
1175 2977
2483 4800
123 3542
3232 4188
1779 2574
2563 3459
3051 3583
636 4611
4262 4707
1895 4758
2516 3313
2360 4445
3617 3865
2391 4256
1777 2032
3141 4285
2411 4875
832 4464
3814 4272
3044 4519
2793 4193
2216 4872
3067 4863
3629 4502
3322 4951
349 4521
2590 4105
319 2992
3046 4735
4190 4875
2442 3209
2795 3821
2426 4216
2308 4529
1550 4475
2241 3590
4190 4645
4027 4997
1927 4727
977 4403
241 3691
3176 3882
163 4968
3594 3726
1092 4547
842 4798
863 4968
1247 1737
2993 3998
1370 4233
2306 2656
3263 4471
3124 4111
477 3590
1556 4205
3380 4384
1329 4450
2651 4615
4465 4663
946 3786
1905 3663
3416 4212
2630 4519
1469 3838
1521 4510
3278 3526
2349 4562
3498 4886
3301 3747
2841 4874
4645 4875
1188 4721
451 4798
3600 3969
2897 4707
1451 4302
2815 3892
4721 4785
3849 4762
3103 3915
3376 3663
2289 2992
2907 4003
1058 3879
2685 4582
1430 4666
3653 4231
496 4449
1732 4762
4785 4932
1550 4234
4088 4708
1324 4863
2985 2992
1975 3599
3092 3784
945 4945
2384 3217
3922 4631
2033 2515
2194 2614
2119 3087
4197 4394
1148 3350
594 3527
3849 4144
1745 4707
3245 3784
2515 4779
3682 4634
1333 4820
1281 2714
1563 4056
2085 3505
113 3660
3495 4828
3146 4997
3474 3757
4033 4302
2631 3967
4420 4611
1403 3103
2496 3838
4408 4736
3711 3872
2784 4450
2617 2674
4130 4776
2824 3380
4465 4674
238 4117
2934 4518
2553 4668
203 3850
1997 4450
1126 4927
151 4631
2996 3713
2979 4233
2229 4394
1391 4708
342 2442
497 4495
2012 3768
758 3842
1109 3200
4344 4613
4309 4937
2685 4663
116 3526
3151 4421
2600 4067
2629 4112
712 4661
3080 4981
400 2615
3026 3313
1909 3742
3761 4194
2033 3350
2112 2408
330 3167
2402 4937
3339 4510
4218 4471
67 2484
2278 3872
3495 4190
4674 4931
2473 2961
3362 3600
1465 3525
797 4663
3792 4341
1927 4872
2623 4234
4863 4872
2389 4539
2676 4897
3536 3617
4420 4515
3046 4758
3272 4091
3043 4460
2315 2430
2282 4071
2611 3844
88 4691
2804 4003
1518 3326
219 4312
3687 3745
1499 3186
591 4384
795 3879
4539 4613
3763 4618
2788 4766
2878 4888
1415 4105
4223 4445
1337 4216
3949 4188
3865 4610
473 2582
2710 4309
706 2620
2421 4341
833 4631
2435 3422
4344 4931
2374 3757
159 2596
3222 4434
1190 4248
514 4569
4212 4518
1925 2620
312 4864
4313 4458
2609 3846
452 4805
1022 3074
1545 2793
1595 2442
1332 4712
2561 4903
822 4618
628 4880
3127 4465
3865 4248
3280 4424
3462 4350
2216 4766
3231 4216
2705 2873
637 2478
656 4519
2799 4945
2382 2987
3536 4209
4088 4798
4394 4863
3966 4334
3198 4212
3744 4932
827 4872
3127 4996
2953 3277
358 4391
2799 4663
3651 4118
2988 4569
1976 3663
3214 3887
2584 4779
834 3047
1281 3173
1502 1625
1677 3583
3279 3693
1217 4812
957 4937
491 3674
2490 4894
4233 4510
3570 3762
1908 4534
2048 2964
1415 4205
159 2032
4111 4554
173 4891
1737 4618
2887 4613
1836 2590
636 1210
3198 4888
114 3756
3141 3691
4029 4371
3711 4698
2853 3603
762 4996
1405 1755
1670 2611
2206 2351
1554 4972
2297 4932
3510 4891
514 4618
2916 2992
213 3882
3350 4007
815 3716
1110 4939
2411 2744
3779 4719
3350 3862
3857 4330
1759 4118
342 2204
2584 4027
2780 3528
2955 4160
4297 4606
3252 3590
216 2282
1975 3844
1098 3784
169 4384
4582 4996
2996 4216
2799 4981
4693 4798
4712 4937
330 4341
1776 3631
3015 4285
802 4900
3485 3909
3245 4033
4190 4872
3134 3263
2823 4604
1098 3133
1513 4281
400 1589
167 1777
2289 2353
640 1143
3675 4547
2734 2783
636 4510
2435 2657
797 3863
347 1470
2334 4645
1024 4201
717 3380
1507 4090
879 3727
1404 1618
2297 4388
816 4707
1560 4602
2871 4471
1429 3395
3279 4458
4474 4529
1808 4403
1396 3437
1429 3508
2871 3217
2788 4645
4465 4662
3617 4874
2217 4421
1905 3662
1899 4624
1841 3750
2873 4721
3498 4996
1391 4675
3481 3923
20 4491
452 4735
1337 4611
312 4937
2322 2615
4313 4401
1559 3662
3969 4668
2150 4118
176 4856
3600 4464
3433 4801
1882 4118
2104 4334
3779 4969
70 4471
2394 4039
496 4371
2992 4120
965 4330
1808 3259
1469 3459
3923 4663
642 4421
4197 4727
4613 4624
3280 4158
2229 4828
3594 4112
3429 4312
2094 4981
1626 1804
3653 4937
2353 2953
2032 3551
2776 4091
2887 4344
4190 4727
2435 2751
272 4416
1632 1840
2570 4929
2957 4554
4613 4931
4176 4272
3034 3862
2888 4820
3807 4337
1138 3051
4111 4460
1959 4449
2323 3601
3176 4341
216 4427
1518 4130
318 3616
2347 2600
1377 3855
3693 4210
3419 3528
1989 4577
2975 4158
3035 4547
1079 4900
3413 4539
3749 4401
3293 4160
3285 3844
3425 4029
534 4897
2653 3322
3047 4130
6 3726
2795 4688
3409 4572
3352 3792
3111 3865
2685 4662
3063 3616
2609 3865
3576 4981
1237 4468
1750 4091
2161 4894
3761 4193
2147 4872
2060 3326
4812 4880
977 3035
2382 3293
2435 4931
3600 4218
959 3616
4231 4929
2147 4727
3067 4774
1259 4471
993 3955
3298 4707
1190 4891
3245 3849
1324 4828
1279 3489
4863 4875
3012 4937
3489 4264
1885 4601
4606 4932
3224 3603
598 4056
228 4210
2308 3086
381 2912
3998 4234
2784 3749
3196 4142
1434 4337
449 4372
1499 4160
3263 4264
959 3054
1904 4067
1909 4427
2544 4532
2967 4460
3983 4112
2182 4880
228 4391
3536 4894
612 3224
1764 2389
2620 4972
3301 4776
2241 4502
3200 3983
1058 4754
2907 4856
1598 4872
1835 4534
344 3865
3138 4951
1585 4344
2560 4798
377 4534
154 4534
1628 4758
3209 3761
1765 4160
799 3971
3069 3674
1022 4832
3632 4003
278 3817
3311 4262
4088 4577
1356 2934
2665 4903
3420 4606
1765 2982
2804 3263
2752 4721
2315 3124
2607 2697
682 832
4518 4666
2351 3063
496 2462
3306 3603
3213 4037
3675 3750
3690 4309
511 4450
3966 4222
2510 4611
1992 3792
4166 4602
2411 4461
855 4356
4156 4997
2799 4662
4202 4518
4130 4427
2611 3141
812 1092
2710 4712
3190 3307
2871 2907
2744 3978
277 2516
1282 4776
417 4144
965 3015
2751 3422
2972 3024
2993 3303
2780 4618
1433 4070
1888 4941
4577 4708
871 3594
833 4903
1841 3406
1486 4112
1404 2442
1453 4409
2744 3526
633 3814
2448 4955
3337 4388
2404 4875
1513 4666
1502 1946
1322 4615
1117 2953
4675 4951
1126 4981
1467 3362
2793 4762
2887 3683
2297 4939
2370 3750
1366 4344
2975 4231
2979 4416
1389 4281
641 4891
1518 4519
3779 4801
2618 3583
1682 2278
1841 4547
4610 4780
3151 4239
452 4779
3726 4426
4309 4864
3379 4445
2888 3617
2607 3882
1062 4547
4344 4525
785 1402
856 3542
1970 4831
329 1402
2021 3551
2871 3606
4458 4460
3481 4674
4693 4812
613 3364
4634 4951
4929 4941
3576 4602
3433 4503
1328 4929
4094 4188
3792 4091
1037 4903
2515 3350
1559 4205
1396 2353
4166 4582
758 1765
534 4242
1286 1457
2552 3200
732 4420
1688 3687
2265 4037
2615 3069
2334 4872
3280 4864
251 3967
3693 3789
397 4611
272 4611
2784 3693
1929 4937
3063 4265
1513 4459
994 3660
1396 2916
2069 4039
257 4450
2011 4117
1346 2824
1884 2912
3217 3725
2184 3909
4408 4693
1211 3863
1790 4201
1830 2273
3032 4613
1119 4886
1337 4384
3724 4356
3690 4929
1952 4766
123 1097
2775 4941
3526 4239
3043 3660
1946 3425
2249 3459
1571 4981
3865 4891
3882 4955
3558 3768
2467 4688
2676 4242
1953 4245
945 4521
2929 4618
2526 3956
2384 4668
4143 4156
3498 4662
3744 4801
2423 3510
3779 4968
4197 4756
3485 4738
4222 4409
4668 4856
1907 4872
4394 4645
3121 3347
1333 4894
1885 4929
3923 4662
4859 4937
2590 2956
3115 4222
1197 4613
4328 4618
4027 4805
74 2967
837 4801
3024 3928
4415 4577
2351 2701
3437 4120
4197 4281
2873 3051
1217 4634
1826 4776
636 4515
2502 2584
1154 2361
1930 4698
4233 4420
278 4661
2553 4471
2756 3047
2539 4932
3429 3531
1186 3594
2629 4052
1946 4371
3855 4209
262 3209
3420 4785
4342 4805
3293 3842
3660 4222
1453 2494
3293 4142
3632 4856
1636 2887
4525 4780
1370 3284
122 4188
18 4262
4344 4760
1803 4341
2878 4798
2676 4342
1525 4886
4056 4113
2977 3035
213 4709
3156 4210
4326 4666
4491 4691
1701 4067
1556 4662
1502 2478
4707 4736
697 3525
3725 4218
2147 4875
4474 4968
2083 2930
612 2083
4297 4388
3779 4932
3209 3527
2743 3603
2907 3969
3217 4668
4281 4888
3080 4693
2799 4927
88 3054
946 3090
797 4996
587 3857
628 4675
2665 4341
1256 3956
1449 1994
127 3224
1166 1513
3792 3922
3209 4194
2934 4666
292 4945
1453 4880
1229 4468
1779 3742
1823 2823
292 4663
1035 4801
2510 2996
837 4968
2875 3322
2824 4216
3570 3724
1221 3526
2426 4611
4409 4698
2934 4326
2689 3882
3754 4054
2494 4615
4611 4795
1840 2623
67 3243
349 4981
3955 4888
846 3823
1855 4510
4416 4515
2964 3054
3967 4618
1429 1920
1268 3508
3744 4173
238 4262
4143 4897
213 4903
2544 4721
4056 4222
1143 4542
174 3594
4039 4495
529 4193
3026 3505
2544 3745
3817 4554
2430 2865
3851 4384
4384 4510
262 3761
2011 3298
1332 4859
2841 4209
3044 4776
576 1994
844 4471
1062 2977
85 413
2860 3549
3757 4969
159 3551
2955 4356
3877 4613
802 4894
525 1670
2069 4766
265 2244
2011 4831
3115 4166
2194 4234
2988 3528
1600 4534
4212 4666
2660 4572
1927 4863
1505 4604
3653 4864
292 4981
159 1470
3527 4194
1000 4281
3793 4424
1429 3034
243 925
1750 4709
1281 2752
1017 2615
637 3558
3307 3742
3026 3887
2804 3969
2961 3224
768 1392
337 4634
1847 4774
3712 4067
2273 2516
2025 4897
2518 4762
3289 3417
1872 3264
2683 4415
279 3949
155 4515
1184 3138
2953 4090
3285 3289
2618 2714
4091 4245
3198 4969
3028 4193
4780 4900
3082 3392
2230 3167
2110 4941
1393 4285
1521 4416
3173 4721
4525 4613
3416 4281
4426 4503
3576 4927
1905 3347
1612 1970
3047 4427
3313 4688
4117 4312
2982 3570
1976 3121
2628 4242
3508 3998
4388 4621
4320 4939
4674 4886
1053 4602
3659 3911
347 506
1907 4828
4245 4341
4264 4738
2216 4875
2842 4675
1975 4023
3044 4401
1684 2496
838 2319
3923 4011
2265 3882
1561 1808
540 4593
210 4409
2597 4779
3258 4727
2229 4727
1882 3559
1181 3716
1022 4539
2620 3218
4091 4631
514 703
1737 4328
1826 3326
1370 4547
3080 4521
119 4070
4156 4735
1270 2615
1087 2119
1356 3232
2217 4239
1907 3258
3682 4951
3693 4458
2887 3074
2241 4054
4156 4445
2749 4330
1545 3209
2526 4285
1779 3301
259 4872
3263 4464
2374 4666
1377 4610
1370 3406
1589 4661
2278 3009
4265 4572
3285 4330
2975 4309
65 4542
4610 4894
4350 4424
115 2341
3027 3823
2048 4491
1904 2119
4645 4872
2355 4754
1635 4525
1252 4142
634 4542
3498 4663
1486 4052
3576 4011
4262 4972
2795 3313
2614 4475
2628 4342
2795 3214
1229 4875
2709 3887
587 3956
3092 3684
1354 4459
2541 4888
1913 4421
3675 4754
2753 3817
3850 4471
2360 4758
1194 4662
116 1922
1925 4972
3923 4996
2894 4621
123 714
1947 3337
244 622
680 3087
4216 4510
4201 4302
2490 4820
3232 4281
1362 4120
1899 4931
2515 4475
3051 4256
665 1780
4342 4779
4091 4223
3682 4189
1925 4529
508 4023
2050 4968
1925 3218
3173 3687
1259 3553
3865 4820
1119 4981
1393 3844
1486 4459
1275 4820
825 4012
906 3223
1128 2630
2955 3762
2582 4820
4805 4997
594 3761
2384 3606
799 1538
1677 3745
333 2732
1525 4663
2552 3726
3508 4007
3793 4886
563 4931
4394 4727
2749 3812
3784 4762
511 4202
3606 4856
3280 4350
1907 4756
4445 4997
807 2306
3034 3508
2494 4334
1885 4309
4067 4542
1186 2552
2011 4707
3209 4193
500 3262
855 4160
634 1587
149 4120
2220 4776
2244 2347
2554 3727
4202 4450
1975 4330
1429 2614
4562 4698
1259 3969
4239 4468
1855 4795
2526 4330
2539 3892
4113 4698
4832 4931
1913 3978
1947 3744
204 4461
2574 4519
800 4113
4265 4491
2320 3406
3298 3429
4415 4798
784 4613
1079 4874
2434 4117
1651 4736
253 4090
3350 3998
2597 3364
2718 3232
1332 4437
2138 3742
1188 4532
3691 4330
4874 4894
27 4812
176 4738
4708 4880
45 1544
844 4464
1457 3087
3252 3629
3409 4201
46 3218
1333 4900
795 2897
1841 2029
3322 4812
2957 3660
3051 4721
4820 4894
4216 4233
1803 4903
337 4189
2744 4421
2249 3838
1256 3599
2347 4738
4426 4719
612 3450
4033 4201
4801 4969
2291 4897
3629 3967
713 4981
1377 4891
123 3212
2744 3417
1314 4569
4408 4812
481 1994
33 1465
1366 4525
1362 2916
2584 3364
371 4736
2315 4111
3074 4344
3217 3632
648 3301
665 3849
2992 3437
1518 4427
1522 4461
3028 4194
3955 4708
1997 4391
3263 4738
1035 4409
3510 4894
2526 3599
3871 4039
3724 4160
1483 3807
2600 3712
230 3967
477 4618
2241 4754
3508 3786
3915 4256
1279 4760
896 4937
822 3754
3600 4856
1049 1682
2048 4302
680 2347
3683 4832
1354 3983
1336 3726
123 1771
815 3559
3526 4461
576 3075
656 3307
4326 4434
2871 3600
1098 3684
1483 1790
3525 4039
3572 4615
4142 4160
2674 4205
768 4800
1585 2483
4091 4955
4424 4937
916 2515
1559 2956
4328 4624
2391 2873
1776 3505
2842 3959
3978 4461
877 3727
1324 4774
1922 3124
3909 4856
3590 4502
4190 4766
2541 4693
1750 4631
2574 2756
1256 3691
1975 4285
713 4663
1194 4981
3429 4372
1696 4831
3196 4176
2961 3306
3720 4033
2631 3590
4272 4356
2705 4532
3175 4037
1434 1451
125 4621
378 3559
3379 4897
1024 3063
228 4458
1610 4776
2871 4464
2252 4615
4415 4880
1632 4007
1678 4972
2629 3983
3032 4760
4190 4197
113 3863
2657 3422
1126 4996
102 2505
1437 4903
3508 4377
2349 4056
477 3763
3598 4262
2993 4377
4222 4880
4736 4831
251 4502
2435 4780
4256 4532
4645 4774
2651 4409
3632 4668
2621 4450
2795 3026
3012 4350
2955 3814
3151 4461
529 3133
825 826
1487 2012
3258 4197
2033 4377
2229 4197
2178 4088
2685 4465
3311 4312
4372 4408
3967 4502
4320 4968
3576 4521
2929 3528
1897 4801
2262 3821
1110 4374
4274 4460
1332 4929
4388 4785
2384 4218
2394 3812
1822 2887
85 1882
3413 4800
1165 2756
1771 3542
1682 4698
3726 3983
1690 4209
3923 4886
1194 4663
292 4927
3807 4572
388 3306
3754 4328
4465 4521
2860 3675
4577 4951
1156 3727
1434 4201
1823 4593
3063 4201
2993 3395
3653 4712
908 2804
3915 4721
481 1808
1268 3998
3024 3095
682 4856
959 3063
1605 2550
3133 4144
3332 4939
4416 4795
3659 4805
297 3139
2560 4888
3392 4197
2341 2550
3949 4212
2776 4245
1329 4401
3176 4502
2389 3422
887 4515
2871 4218
2714 3687
2977 4547
173 4610
1840 3998
4707 4951
4158 4424
1909 4776
3103 4721
3303 4377
3459 3720
3583 4532
4264 4464
1392 4525
1427 4766
3264 4604
1128 4130
2094 4606
3510 4209
2657 4613
4374 4932
2875 3051
908 3600
1346 4120
2584 3911
1525 4662
3139 4688
2216 4774
3528 4569
2674 3121
1508 4634
4897 4997
2349 4615
4613 4832
2029 2860
3713 4515
7 4193
2887 4539
3485 3850
495 1994
1190 4894
2473 2743
2494 4222
2421 3922
4515 4795
2729 2895
2873 3583
3325 4521
4606 4939
491 4661
2182 4698
573 4039
329 2734
1618 4194
516 4945
3362 4471
149 2916
4756 4828
2526 3141
935 3761
640 4542
1777 2408
2689 4631
769 3259
3693 4401
2865 3223
2975 4601
2535 3311
4374 4388
3222 4212
4727 4863
3572 4056
1053 4927
2553 3193
210 4698
2652 4143
1022 4613
3138 3298
3095 3928
1563 4562
2272 4205
41 4426
3846 3971
3663 4105
856 1193
3433 4621
3425 3768
3763 4328
3420 4426
1587 3450
1389 3474
1556 3347
1684 3784
3967 4569
2982 4356
3576 3923
3082 4190
1168 1567
4562 4569
1128 4427
3662 4205
2617 4205
2306 3756
4160 4356
18 4831
2737 4465
333 3542
3362 3632
1885 4231
2252 2651
2147 4756
2337 3311
85 2505
2298 4037
2315 3863
3362 4003
3422 4624
3659 4027
3726 4052
262 2793
4209 4874
3190 4495
1325 4391
3720 3784
41 4785
1830 2733
4601 4929
1780 4144
1247 3590
3553 3606
572 4894
102 4070
1188 3173
2957 4111
1884 4118
1457 2484
3485 3489
2710 4937
4801 4968
3708 4449
2623 4377
3892 4968
3173 3915
1835 2012
2651 4880
318 4337
1928 2322
30 4805
4262 4312
2989 3245
506 3551
3693 4518
4735 4955
1975 3285
2060 4427
1472 3044
4297 4932
1119 4927
3082 4828
1267 4117
3263 4668
2217 4461
2878 4634
445 4532
3846 4874
946 4475
3632 4738
3674 3817
3332 3779
905 4582
3683 4613
3498 4927
397 2979
1701 2119
2012 3708
4012 4932
452 4758
951 4897
2272 4105
2244 3712
1403 4256
3146 4223
1345 4054
2979 4515
1507 3277
2897 3754
905 4945
1328 3887
3510 4520
896 4712
1465 2954
2536 3693
496 3971
1836 3347
1280 2353
1508 4675
2616 4320
4371 4820
4173 4320
4712 4941
4056 4615
2683 4693
4663 4886
445 3583
2278 3711
4209 4820
413 4929
2066 4112
2752 3915
2916 4090
3570 4272
1467 4856
861 4105
3043 4554
65 2961
2985 4120
358 3749
2323 2430
785 2021
2315 3601
384 1946
3959 4189
3134 3485
2 4864
2334 4766
3009 3872
573 1755
3616 4572
3347 3376
1804 4070
30 4758
4054 4328
3074 4539
2093 3915
2513 3663
587 3141
3167 4037
1247 4569
4143 4997
3683 4931
2508 3949
2657 4525
3553 4218
4529 4738
1036 4708
3955 4675
4780 4874
3459 4762
344 4341
1022 3821
815 4099
1939 4529
1087 3087
4262 4736
2895 3425
2967 3124
1525 4927
312 4941
3425 3846
4027 4156
2842 4577
2355 2929
2776 4709
4313 4518
3196 3842
1270 3817
1585 3683
4880 4888
838 2620
3842 4160
2055 3594
3325 3576
4320 4969
1427 4929
1732 1780
2582 4874
2988 4328
598 3572
1844 4601
449 4951
1333 4891
1453 4615
3067 4766
3069 3139
4242 4735
3606 4668
466 4894
3258 4774
4371 4449
2982 4142
160 3712
511 4391
4510 4515
3877 4780
3749 3789
67 4542
1472 4071
2744 4239
861 4205
1090 4709
2494 4562
2644 3959
1430 3416
272 4420
2402 4437
2570 4941
2315 3645
1823 2860
2203 2992
3395 4475
834 2138
1143 1701
2996 4611
195 4384
4409 4562
1780 3838
4562 4615
1307 4618
2975 4471
501 4688
3474 4434
863 4939
4218 4856
4334 4615
1079 4610
1897 4388
461 4468
3489 3969
2628 3659
823 3877
2878 4675
3009 4880
2954 3823
3082 4756
3959 4634
4158 4350
1561 2306
4675 4880
3505 4688
612 4542
3103 3687
4779 4805
1119 4996
1393 4330
2737 4927
2048 4201
2360 3146
265 3712
1939 3218
1270 3674
825 3212
3708 3971
3138 4736
3793 4859
3571 4341
827 4756
3632 3850
2510 4510
1822 4931
3855 4820
4166 4193
1908 3846
3653 4309
33 4039
3757 4094
4218 4464
4693 4880
1518 1826
2692 3173
1188 1234
3080 4011
861 3662
2473 2853
3376 4205
529 3684
2423 4894
2227 4582
2753 3674
2714 2752
3629 4569
1505 3675
2360 4805
3536 4520
3745 4721
3922 4709
1193 2922
594 2793
3495 4872
1927 4756
834 4776
2182 3872
2347 4067
33 4495
3850 4856
4981 4996
1927 4645
388 1930
1362 3277
3872 4698
4341 4955
1328 4424
1092 4593
1404 2204
2150 3262
3495 4863
33 2954
1391 3955
1433 4099
2644 4708
1804 4118
270 1309
1329 4210
297 2753
2526 3285
70 3850
1545 3446
855 3842
2515 4377
4374 4426
1430 3232
2184 4856
3317 3817
1947 4932
9 3551
173 4820
2955 3570
3364 4223
1000 4666
4780 4931
4945 4996
2912 4118
2752 2875
3446 4194
622 2544
2784 3156
1110 4785
1384 4491
1324 2788
1393 4023
4166 4880
1808 3756
1366 4931
2435 3683
1197 2435
1502 3971
4033 4762
1281 2544
4521 4674
1884 3651
3662 4897
4037 4091
1522 4875
4112 4459
2368 3956
3080 4886
3339 4384
3151 3526
1587 3306
2023 4054
2744 4875
4445 4805
1427 4872
2355 3763
1333 2582
2685 4521
2023 3879
3922 4903
1929 3051
3911 4758
2023 3252
4117 4372
1836 3662
3376 4105
4142 4356
3558 4449
1478 3103
2873 4532
3133 3663
3298 3598
1989 4798
4088 4880
1505 4593
2430 3645
65 2853
1625 4384
2220 4863
680 1286
2411 4239
2473 3224
2178 4388
41 4801
2554 3745
3969 4471
4774 4875
797 4521
3368 4491
1181 3551
2483 4539
1062 2370
1280 2992
3892 4969
3362 4760
2979 4795
1888 4929
3115 4615
2490 4891
419 4525
3012 3761
2631 4569
3368 4265
1997 4210
823 4780
1247 3252
1585 4525
3911 4445
812 4547
4297 4939
2989 3133
1554 1567
1356 4188
1268 4475
773 3857
3332 4785
1745 4372
2050 4801
2360 3364
675 3871
2930 3450
2244 4067
1840 4007
3606 4218
4758 4997
3744 4426
4037 4955
2815 4774
4780 4820
4223 4758
3485 3725
1245 4408
36 4863
827 4828
1732 2249
1612 4736
1500 4458
4374 4719
1696 4262
2780 3444
4408 4577
4394 4828
4674 4996
3653 4158
2985 3277
628 4631
1696 4117
3474 4888
2652 4758
1049 2252
4189 4693
1190 4820
1097 1104
1505 4403
2391 2875
4242 4779
3167 4955
732 4416
1502 4371
1927 4828
2710 4859
2230 3792
2644 4798
1925 1939
1787 4624
863 3892
4801 4939
1670 3141
1929 4941
65 2083
3966 4698
1093 4112
1366 3821
1280 4120
2878 3959
4618 4754
2308 4972
2656 3738
2600 4542
2733 3026
3156 4518
2934 4188
1628 4997
1836 4205
1064 2315
3690 4941
1053 4981
2775 4937
2957 3483
1470 3551
1486 3726
3223 4460
4727 4774
514 3419
4437 4601
1628 4779
2617 4735
691 4112
2817 4173
3263 3600
4675 4693
2535 3429
1110 4968
2817 4606
2873 3915
2662 4391
3821 4760
1148 4234
3600 3606
4222 4562
68 4554
4212 4281
2660 4691
3713 4795
3632 4218
329 3551
4525 4539
4859 4941
2561 4037
4663 4981
3111 4209
2732 2922
1022 4344
2676 4027
747 3527
3747 4130
3838 4193
945 4939
2817 4932
1670 3956
2553 4264
3090 3998
1109 2066
2616 4426
1307 4054
3272 4037
1098 3245
2023 4328
832 4668
3590 4754
268 4929
3420 4719
2697 3922
2697 4903
3629 4054
2391 2544
2325 4611
2788 4727
1193 1771
3738 3966
3959 4708
823 4613
419 4931
2550 4529
1651 4408
2660 2701
1337 4416
3601 4460
2165 4326
1571 4996
45 4661
3525 3528
594 2442
3027 3871
1855 4420
3259 3756
1256 4330
210 4615
279 4212
1732 3720
2272 3347
1780 2496
4094 4828
3127 4602
2865 3863
2291 3146
3044 3636
3409 4337
2752 3687
2618 3844
3425 3708
2737 4602
4668 4760
837 4606
2104 4222
4634 4888
16 4880
1197 4931
2826 4272
4209 4610
807 979
554 3675
4394 4756
2964 4691
2484 2600
4070 4118
785 1777
3326 4326
477 2929
4606 4719
1064 4460
3892 4801
3224 3450
2561 3922
4003 4264
3032 4344
4465 4602
3495 4875
2660 4491
2823 4547
314 2753
1992 4503
1175 4547
3659 4997
3474 4388
1651 4312
1391 4189
3232 4969
1595 3209
3313 3505
3124 3863
3851 4875
4577 4812
1048 4188
993 4708
491 826
337 4675
2662 3789
328 4805
2435 4539
3660 4111
1664 4117
573 2749
85 4118
2987 3842
2050 4939
4521 4886
3406 3675
1895 4997
1701 4795
2298 4903
3632 4760
1651 4372
773 1256
2467 3631
4326 4969
1895 4634
1077 4450
1550 4007
3263 4856
4143 4242
3659 4143
2957 3124
3406 4593
1545 4193
1835 4427
3724 4142
3487 4421
3127 4521
2510 3713
3213 4341
2093 4256
3744 4621
714 2732
151 4341
1826 3747
905 4996
2536 4391
3306 3450
1483 4691
2737 4582
98 4604
3035 3284
856 3212
2351 4302
3272 3792
1836 3663
3909 4464
3032 3877
74 3124
1470 2032
3978 4468
2536 3279
4465 4582
371 4312
2404 4461
2749 4495
4774 4872
2230 4721
2729 4534
319 3437
1932 4209
543 4693
3167 4245
4465 4945
1449 3738
3337 4173
2824 4120
1359 4248
3167 3922
1309 1451
2069 3871
2323 3660
1632 3998
2282 4130
449 4117
4408 4798
3298 4262
3572 4409
1391 4951
1521 4233
4342 4758
4388 4503
543 4888
350 4621
3969 4003
1403 2875
2842 3322
3406 4403
1000 1578
2323 3483
3742 4776
2173 3010
1103 2734
641 4894
1521 4420
1776 1830
187 4897
4094 4666
3851 4416
3653 4601
896 4859
2582 4610
3617 4780
832 4471
333 3010
3243 4542
3498 4465
4634 4897
2230 2298
1567 4972
2756 4218
4166 4409
1788 2273
3167 4631
3252 3763
2147 4645
463 3928
1899 3877
358 4458
1048 4666
1275 4520
1190 4900
2483 4344
2252 4222
1906 2697
2025 4805
3231 4510
2220 4828
745 3750
4582 4602
4011 4465
4621 4719
436 1788
2615 4661
1505 3549
3651 3716
4231 4424
871 4052
1750 2776
713 4886
1908 4449
1377 4900
1670 3285
3636 4427
4312 4707
2351 3368
516 2110
3481 4521
3659 4779
3134 4668
1520 3259
3725 4668
2342 4631
2737 4663
1483 4337
655 2615
241 4285
2560 4812
773 3956
1233 3139
1928 3069
4113 4562
3865 4894
3278 4421
2308 2341
3243 4067
1684 3133
2652 2676
2541 4415
1500 3749
2338 3527
2609 4520
1904 4542
1286 3712
628 4903
2220 4190
2502 4805
2361 2615
2069 4495
2289 2985
511 4210
4242 4955
3784 3838
1172 3877
2609 4891
4547 4593
758 4160
540 4403
2510 3850
2104 4562
1356 3757
3409 3616
3713 4420
4202 4313
2174 4927
910 4981
3392 4766
2614 3395
497 4039
1282 4427
641 4209
2342 4245
2987 4160
4621 4785
335 3175
2496 3849
81 3437
3080 4602
1600 4449
1670 3844
3009 4409
1830 2795
204 3417
2653 4693
3616 4491
2505 3262
3231 4611
1571 4602
2516 3631
1024 4572
2793 3911
4602 4662
4408 4888
4265 4337
3616 4201
2165 4434
2508 3757
4468 4894
204 4421
3200 3594
4297 4785
1888 4712
570 3475
2165 4212
946 3862
3583 3687
3279 4202
2184 4668
1992 4709
2430 4460
1563 4698
554 4593
4415 4708
2873 4864
2897 4054
2964 4265
552 3879
3151 3278
3793 4712
3683 4780
4231 4859
994 4554
2423 4820
2989 3784
2502 4758
3156 3279
2894 4503
1193 2732
2 4622
7 4934
8 3592
9 3016
18 64
20 4987
27 3731
30 3618
33 4317
36 2422
41 4834
43 3765
45 4768
46 1727
68 4983
70 4078
88 4236
98 4287
102 4561
125 3860
127 2463
151 4701
154 4232
163 4340
166 4507
167 4980
174 1981
176 2207
195 1296
198 4254
209 2258
210 4366
218 3466
219 695
238 4255
241 4252
71 243
246 3916
257 1956
260 3036
262 4826
268 4379
270 4987
278 4066
297 4555
314 3591
318 4987
328 2848
333 843
310 342
344 4815
349 4777
358 3734
371 426
377 479
399 4278
400 4555
414 4556
417 4581
424 4258
428 4910
443 4060
445 2643
449 4921
451 4650
452 3775
459 4412
463 4592
473 4586
481 4153
483 3491
491 4066
493 4376
325 495
497 1398
500 2078
501 4517
512 3546
534 4799
540 2862
543 2006
552 4807
554 1519
562 4854
563 4487
570 4905
572 4815
573 2058
587 4275
598 4910
622 624
628 3329
633 4448
636 4140
637 4651
641 4849
648 4787
655 3591
667 4921
607 675
680 3471
697 4589
706 2902
714 4995
732 3215
758 4046
766 3391
379 768
769 1954
773 820
784 4150
785 4566
795 3963
800 4910
807 4959
816 3421
822 4741
825 4278
833 4590
837 4737
838 2902
842 4962
105 846
861 2507
879 4103
896 4909
905 4616
910 3128
925 4183
930 3929
935 2595
951 3023
438 957
959 4221
960 4744
965 3072
937 979
994 3389
995 4220
1000 4791
1017 4429
1023 1024
1035 4807
1037 4729
1041 4375
1048 4599
1049 4305
1053 3614
1058 4200
1062 4726
1064 2470
1079 4977
1087 3208
1093 4804
1104 4278
969 1109
1119 3545
1126 4560
1128 3219
1138 4246
1143 4345
1148 3013
1154 3208
1165 4591
1166 3469
1168 4139
1172 4695
1175 4726
1176 3185
1184 4447
1188 1189
1190 4695
1192 4066
1193 2024
1197 4642
1210 4881
939 1217
1221 4026
1229 3746
1233 4555
1245 4422
1247 3153
1250 4910
1256 3338
1267 4921
1268 4076
1270 4988
1275 4825
1279 4580
1282 4291
1284 4910
1286 3040
1307 4743
1310 3800
828 1314
1322 3755
1325 4933
1328 4985
1329 4576
1333 4545
1337 3974
1354 3564
1356 2769
1359 1652
1360 1362
1366 4789
1391 4649
1392 2344
1393 4005
1396 2935
1405 3884
1427 4351
1430 4871
1376 1433
1434 4987
1437 3184
1449 4454
1451 4987
1453 4636
1457 4422
1459 4810
1465 4317
1469 4640
1470 4132
1483 4987
1486 3886
1492 4555
1499 4960
1500 4167
1505 2071
1508 4729
1513 1704
1520 4640
1522 4148
1532 4555
1538 4682
1544 4066
1545 4910
1559 3884
1561 2114
1564 4278
1567 1568
1555 1585
1589 3591
1595 2285
1316 1598
1600 3993
1605 1727
1612 4921
1614 4198
1618 3240
362 1623
1625 4881
1626 3096
1628 3434
1632 4076
1635 3633
1651 4402
1664 4921
1677 3216
1678 3824
1682 4654
1688 2643
1690 4821
1696 2479
1737 3424
1745 3546
1755 4317
1764 4870
1768 4987
1770 4987
1771 4843
1776 1846
1777 2559
1779 2635
1780 4818
1783 4498
1788 3781
1790 4277
1803 2263
1823 4726
1825 4317
1826 2965
1830 4898
1836 4550
1840 4871
1841 4726
57 1844
1852 4987
1855 4745
1872 4726
1882 3203
1884 2877
315 1885
1897 4676
1899 4991
106 1904
1905 4781
1906 4920
1908 4740
943 1909
1913 2250
1920 3679
1925 4677
1928 4066
1932 4307
1727 1939
1945 4825
1838 1946
164 1959
182 1970
1975 2914
1976 4550
1989 3706
1994 3988
627 1997
1923 2005
2011 3987
44 2012
435 2021
2023 4489
2025 4908
2029 4726
2033 4314
1774 2048
2050 3430
2051 4877
2055 2286
2059 2060
2066 2816
2069 4317
2083 4246
2093 4393
2094 4640
1798 2104
2119 4731
2138 2635
2147 2898
2161 4307
2173 4278
2174 3642
2178 4742
2182 4636
2184 3247
2203 2935
2206 2591
2216 4961
2131 2217
2223 2224
2221 2230
2240 4066
2244 4570
2249 4885
2252 2944
2272 4550
2278 4910
2282 4814
2289 4478
2297 3715
2306 3149
1974 2308
2319 4041
2320 4726
2322 4555
2160 2323
2325 4881
1007 2332
2334 3557
2337 4921
2341 4824
2349 4636
2351 3886
759 2355
2361 3591
2368 3072
2370 3387
2384 4838
2389 3860
2394 3613
2404 3266
2411 4745
2421 3181
2423 4815
2430 4892
2434 4921
2442 4806
2448 4483
2459 2462
2467 3170
2473 4508
2478 4912
2215 2483
2484 4717
2490 4637
2494 4575
2496 4926
2502 3970
2504 2505
2508 3704
2510 4881
2513 4550
2515 4076
1786 2516
2518 4907
2526 4400
2531 2535
2539 4911
2544 4808
2550 4986
2552 3889
309 2553
2554 2731
2560 3982
2561 4116
2570 4418
2574 2844
2582 4307
2584 3021
2590 4550
2596 3686
2600 4171
2611 3414
2614 4422
2618 2643
2621 4765
2627 2628
2629 4599
2630 4911
2631 4836
2644 4895
2652 4476
2653 4895
2225 2656
2657 3499
2660 4987
2662 3912
2674 4550
2676 3664
1365 2683
2685 3281
2692 3518
2558 2697
2701 4987
2256 2705
2709 4842
2710 3625
2714 2770
2718 3903
2729 3131
2732 4224
2733 3952
2734 4031
2737 3358
2741 4822
2744 4485
2749 4317
2751 4689
2753 4555
2756 4378
2775 4770
2776 3154
1968 2780
2783 4497
2784 2891
2788 4792
2804 4966
2551 2815
2817 4867
2823 4226
2824 4881
2826 4339
582 2842
2860 4726
1809 2865
2873 3518
2875 3518
2878 4935
2887 4134
2888 3191
2894 3666
2336 2895
2811 2907
2922 4278
2929 4682
2934 4794
985 2953
688 2954
2955 4349
2956 4717
2957 4729
2961 4782
2077 2964
2967 4655
2972 4382
2977 4862
2979 4881
2985 4443
2987 3055
2988 4548
2989 3079
2992 4890
550 2993
1189 2996
3009 3755
3010 3870
3015 3530
3024 4036
3026 3068
3027 3345
2792 3032
3034 4733
3035 4179
3043 4060
3044 3522
3047 4298
3051 3627
2489 3054
3063 4987
2067 3067
3082 4836
3086 3837
3092 3164
3095 3994
3103 4620
3111 4844
3115 4339
3121 4671
1748 3124
3127 4128
3133 3780
3134 3829
3138 4921
2472 3139
3146 4991
3151 4148
2973 3173
3176 3671
3186 3389
1312 3190
3193 4680
3198 3199
3200 4373
3209 3982
3212 4278
3213 4457
3214 4685
2902 3218
283 3222
3223 4060
3224 4490
3231 4881
3232 4386
392 3245
1323 3252
249 3262
2913 3263
2798 3264
3272 4993
3277 4273
3278 4148
1485 3279
2813 3280
3284 4861
3289 3704
3292 3293
3298 3305
3301 3500
3303 4076
3109 3306
3307 3702
3311 3411
1806 3313
3317 4599
3322 3424
3326 4004
2773 3332
3337 4833
3339 4881
3347 4550
3346 3350
3362 4670
3364 3366
3368 3388
1305 3376
3379 4833
549 3380
2694 3395
989 3406
3409 4987
31 3413
801 3416
3417 4148
1673 3419
3420 4847
1426 3422
3428 3429
3433 4652
3437 4400
3446 3447
3450 4558
2290 3474
3475 4892
2456 3481
2699 3483
2814 3487
3489 4959
3079 3495
526 3505
3508 4076
2981 3510
3525 4317
2980 3526
3527 4511
1357 3531
3536 3774
3542 4723
3549 4074
3551 3556
1646 3553
3557 3558
2439 3559
2453 3570
3571 4847
3572 4767
3576 4444
2531 3583
3590 4849
3112 3594
3598 4921
3599 3985
1213 3601
475 3603
1995 3606
3616 3891
3617 4363
3626 3629
3631 4292
3632 4995
3636 4299
2365 3645
3648 3651
1936 3653
3172 3659
2765 3662
3663 4550
3674 4555
3682 4085
2839 3683
3684 3689
3687 4630
3690 4507
457 3691
3693 3987
3708 4178
1075 3711
3712 4405
2257 3713
3597 3716
3720 4648
1352 3725
3518 3727
372 3742
3426 3745
2481 3747
3749 4806
2869 3750
3754 4570
3756 3950
3469 3757
2095 3762
3768 4725
3779 4715
3701 3784
391 3786
3792 4946
3793 4746
3807 4910
3312 3812
3814 4605
3817 4066
3791 3821
3648 3823
3838 4561
2445 3842
3072 3844
3846 4167
3849 4839
3848 3850
3851 4881
3270 3855
3857 4238
3862 4076
3863 4060
3865 4815
105 3871
3872 4305
3877 4235
3241 3879
3882 4935
3887 4358
3331 3892
1016 3909
261 3911
2256 3915
3922 4476
3827 3923
3928 4936
3949 4325
3955 4895
3072 3956
3957 3959
3966 4289
1326 3967
3969 4086
164 3971
3978 4148
2588 3983
2410 4003
4007 4076
4012 4671
1650 4023
4027 4627
3944 4029
2454 4033
2497 4037
97 4039
2588 4052
1608 4054
2392 4056
3359 4067
4070 4584
2635 4071
583 4088
2935 4090
3102 4091
4094 4501
891 4099
4105 4550
2365 4111
3189 4112
2117 4113
4117 4253
2910 4118
3251 4120
1225 4130
4142 4893
4143 4819
4144 4818
705 4156
4158 4306
2316 4160
1859 4166
4059 4173
3206 4176
4188 4235
4189 4895
2529 4190
4193 4824
2866 4194
1159 4197
4201 4987
3161 4202
4204 4205
4209 4550
4210 4826
4212 4213
4216 4548
4217 4218
4183 4222
3658 4223
4231 4240
4233 4881
3623 4234
3621 4239
4242 4912
4245 4847
4248 4815
3432 4256
4260 4262
3587 4264
4265 4713
3847 4272
4274 4676
4281 4498
4285 4961
4297 4986
4302 4777
4306 4309
4172 4312
3896 4313
4320 4324
4109 4326
4323 4328
3072 4330
4334 4357
4337 4987
3336 4341
4333 4342
990 4344
2407 4350
1654 4356
4371 4482
4347 4372
4374 4952
2000 4377
3705 4384
4387 4388
3174 4391
4394 4652
4280 4401
4403 4726
4408 4921
4310 4409
1916 4415
4416 4881
3031 4420
2866 4421
4306 4424
4353 4426
4427 4793
4434 4435
4008 4437
3733 4445
4449 4935
504 4450
4458 4639
883 4459
4060 4460
4148 4461
2542 4464
3191 4465
239 4468
2410 4471
2706 4474
4475 4636
3440 4491
4493 4495
1901 4502
4490 4503
3492 4510
2818 4515
4518 4977
1225 4519
866 4520
2920 4521
2572 4529
4318 4532
164 4534
917 4539
4299 4542
4355 4547
2365 4554
4562 4636
4560 4569
2197 4572
2132 4577
694 4582
4593 4726
4306 4601
4286 4602
4604 4726
4021 4610
4611 4881
4049 4613
2612 4615
4178 4618
2429 4621
4624 4725
3611 4631
4634 4895
3057 4645
4555 4661
4662 4703
4663 4873
4666 4681
1665 4668
3990 4674
2132 4675
4066 4688
4691 4987
4693 4695
2070 4698
4694 4707
4708 4895
4022 4709
4306 4712
4398 4719
3518 4721
4703 4727
48 4735
4172 4736
3901 4738
4752 4754
76 4756
48 4758
4360 4760
4762 4857
2214 4766
4692 4774
1225 4776
3827 4779
4751 4780
2044 4785
1977 4795
4796 4798
3870 4800
3858 4801
4783 4805
3824 4812
4815 4820
3479 4828
4831 4921
487 4832
1691 4856
3667 4859
193 4863
4861 4864
1644 4872
722 4874
4148 4875
4880 4895
4878 4886
4888 4895
3345 4891
4815 4894
3333 4897
4815 4900
4366 4903
548 4927
740 4929
4931 4947
62 4932
4748 4937
4939 4943
955 4941
4942 4945
4172 4951
3161 4955
1358 4968
4757 4969
1116 4972
4976 4981
1633 4996
4961 4997
7 4783
20 3948
27 4500
45 4066
46 4706
125 4849
166 4457
209 4555
210 4910
243 4183
318 3737
371 4921
400 4505
424 4836
428 4397
475 483
491 4555
554 4726
572 1124
641 4815
655 4680
714 4278
833 4533
837 4748
838 4697
842 4992
925 3755
930 4575
1035 4636
1037 4918
1041 4841
1048 3154
1064 4060
1087 3612
1126 4982
1168 2902
1192 3256
1233 4462
1250 4305
1275 4499
1310 4895
1322 4910
1328 4971
1337 4881
1405 4734
1492 4680
1500 3315
1559 4550
1564 4765
1589 4155
1614 4669
1623 4910
1664 4647
1678 4567
1688 4966
1690 4810
1738 1745
1771 4278
1779 4926
1790 4987
1803 4268
1823 3924
1836 4772
1841 4750
1872 4565
1906 3622
1928 3700
1939 2849
1945 4815
1970 4921
1976 4791
1989 4904
2011 4921
2060 2481
2093 4544
2138 2139
2161 4827
2174 3381
2178 4453
2182 4910
2206 4987
2240 4555
2320 4517
2322 3381
2325 4934
2384 4339
2389 4271
2404 4769
2411 4685
2434 3546
2494 4636
2502 4496
2535 4134
2544 3518
2570 4924
2582 4825
1692 2618
2629 4336
2630 3451
2644 4509
2653 4586
2692 2908
2709 4794
2729 4537
2741 4978
2751 4508
2775 4310
2783 4671
2815 4904
2824 3456
2878 4895
2888 4398
2850 2907
2922 4456
2954 4680
2365 2957
2967 4979
2979 3371
2988 3593
2996 4922
3009 4535
3024 4988
153 3026
3027 3610
3035 4726
3086 4046
3092 4761
3095 4317
3115 4835
3193 4866
3200 4830
3213 4710
3231 4600
3264 4726
3278 3735
789 3279
2798 3284
3289 4692
1390 3298
3303 4596
3307 4715
3317 4336
3322 4895
2635 3326
1344 3337
3339 4673
2765 3347
3368 4987
3376 4550
3380 4881
3395 3702
3422 4349
3429 4172
2935 3437
1877 3475
134 3508
3510 4825
3549 4442
3558 4565
3571 3935
3572 4910
2588 3594
2650 3598
3603 4788
3617 4825
2045 3636
3645 3958
3662 4550
2507 3663
3682 4895
3683 3686
3690 4169
3708 4942
3711 4910
3713 4881
2256 3727
2481 3742
3750 4020
2166 3784
3792 4837
3807 4938
3812 4701
1977 3814
3817 4555
3823 4200
3855 4825
3862 4252
3865 4961
3871 4317
3872 4183
1665 3909
3928 4317
3949 4060
3956 4957
3959 4895
3966 4575
309 3969
3983 4881
4012 4278
4027 4100
4034 4039
1572 4052
3755 4056
4070 4237
4088 4368
4090 4867
4099 4906
2765 4105
4060 4111
2588 4112
4113 4636
4117 4172
2935 4120
2481 4130
2186 4143
4158 4692
4160 4161
4166 4901
3854 4173
4189 4853
4190 4684
4194 4770
4198 4201
4205 4550
4209 4825
3644 4210
2290 4212
4208 4216
1665 4218
4222 4636
3023 4223
4076 4234
4148 4239
4248 4825
4256 4935
4172 4262
2410 4264
4265 4266
1654 4272
4274 4769
3469 4281
457 4285
2706 4297
4302 4987
3546 4312
4330 4980
3755 4334
3071 4337
3023 4342
4306 4350
4356 4655
2650 4372
62 4374
4384 4881
4391 4595
4394 4670
4400 4401
4408 4895
4305 4409
4148 4421
4424 4425
3276 4426
2045 4427
4238 4434
4306 4437
4208 4445
4258 4449
3469 4459
1854 4460
4464 4598
4148 4468
3753 4474
4475 4850
4491 4987
4317 4495
4251 4503
4510 4881
4515 4881
4519 4815
4520 4815
4529 4866
2256 4532
2798 4547
4060 4554
3755 4562
4399 4572
1357 4577
4579 4582
4593 4598
4599 4601
4500 4604
4307 4610
4608 4611
4613 4962
4305 4615
4618 4783
1574 4621
4626 4631
193 4645
4066 4661
4419 4663
3469 4666
4668 4716
3657 4674
4675 4895
3533 4688
4058 4691
4490 4693
4698 4910
4707 4965
4708 4714
4709 4714
3522 4712
3856 4719
2643 4721
3806 4727
4731 4735
4736 4737
4738 4843
4570 4754
3300 4756
261 4758
3982 4762
4766 4841
3913 4774
3612 4776
4780 4825
1358 4785
2937 4795
4798 4895
4553 4800
2706 4801
3023 4805
3699 4812
3059 4820
4772 4828
4831 4837
4531 4832
2410 4856
4306 4859
3300 4863
2952 4864
3300 4872
4825 4874
4305 4880
4888 4889
4825 4891
4825 4894
3023 4897
3059 4900
4043 4903
1896 4927
2952 4929
4305 4931
4932 4935
2952 4937
4934 4939
4936 4941
4945 4952
4948 4951
4950 4955
3195 4969
4972 4998
4599 4981
4301 4996
4978 4997
7 4793
27 4813
125 4826
166 4653
424 4922
842 4984
1492 3591
1067 1614
1615 1678
1906 4656
2174 4304
2178 4982
2434 4172
2630 4772
2741 4749
2751 4979
2775 4641
2783 4686
2967 4682
3193 4868
3213 4732
3289 4686
2765 3376
3549 4726
3598 4172
3645 4060
2765 3663
3690 4644
3711 4183
3855 4307
3059 3865
3237 3966
4012 4686
4052 4658
4056 4636
4088 4742
4099 4742
2507 4105
4112 4138
4113 4183
4117 4921
4166 4636
4194 4498
4248 4307
4262 4921
4265 4901
4312 4921
4330 4978
4334 4636
4356 4827
4374 4669
4409 4636
2290 4434
4464 4608
4203 4474
4076 4475
2706 4503
4520 4825
4529 4868
4547 4726
4554 4557
4305 4562
4593 4924
1583 4604
4610 4815
4300 4613
4615 4971
3830 4621
4629 4631
3591 4661
4273 4674
4675 4680
4555 4688
4693 4895
4183 4698
4707 4921
4273 4719
4568 4727
4736 4816
4738 4868
4048 4756
3868 4762
3300 4766
4773 4795
3622 4798
4800 4905
4801 4802
4812 4895
1596 4828
4172 4831
4187 4832
2952 4859
2372 4872
4815 4874
4183 4880
4307 4891
4307 4894
4825 4900
4306 4929
4535 4932
4306 4937
4945 4956
3546 4951
4398 4972
4946 4997
2741 4961
2967 4879
3966 4910
4406 4409
4307 4520
4305 4698
4795 4948
4832 4858
4307 4874
