1007 4876
1954 3238
3453 3464
2074 2588
2605 4273
1007 4989
4343 4757
3368 3730
1901 4500
2895 3259
512 3989
607 4296
4299 4739
3378 3994
3454 4408
2903 4697
4674 4732
428 4420
3532 4286
3157 4043
4322 4674
4876 4886
1858 4561
634 4980
4190 4693
3405 4633
2672 3702
1665 4487
3554 4516
804 3904
2038 4441
682 4827
2493 2906
388 3454
3607 4824
1100 4546
159 4872
1698 4029
1624 4018
4153 4817
3428 4676
1212 4745
959 3419
3381 3658
244 1765
2474 4023
4853 4881
3483 4118
2022 4361
1993 4980
3989 4827
2259 3920
3549 4308
592 4128
2369 3453
4923 4924
2466 3273
4551 4900
3572 4873
1560 2370
1659 4936
3381 4978
2385 3880
3433 3726
656 4111
3338 3831
2567 3819
1561 4677
3154 4795
2859 4886
4030 4043
2120 3453
816 4259
279 4925
2402 4665
2845 4217
2887 3069
4554 4802
2605 4697
1192 1440
3889 4525
2075 4451
2316 4500
4423 4533
2365 3901
530 4642
2322 4613
3483 4633
3057 4704
912 2146
3229 4149
2636 3800
3831 4269
696 4917
3338 3580
4362 4453
867 3117
4865 4877
3226 4361
2178 4343
2922 4855
3436 4989
1733 2327
4190 4237
3761 4613
3607 4546
1871 3858
2398 4371
3858 4107
2774 4702
4476 4568
2053 4877
42 4178
2062 4038
1608 3901
3237 4730
3141 4483
4923 4952
3058 4420
3282 4132
4603 4645
1253 2102
2369 3274
1488 3410
4561 4933
2016 2336
3078 4323
2767 3174
1110 4255
139 4231
2381 3084
2474 3454
154 4936
3154 3966
3610 4082
2576 3600
3219 4118
2903 4609
3423 3435
37 4676
4537 4876
3966 4478
4550 4730
4217 4786
557 4143
4266 4564
1798 3084
846 4151
2520 3114
43 4550
2977 4095
61 3985
1848 4702
2677 2880
1585 4478
4144 4802
4787 4932
2545 3438
402 4842
1697 3885
1940 4500
2600 4512
1488 3314
4603 4978
1790 4322
4551 4665
1287 4534
1840 4936
3983 4618
4720 4988
4054 4725
647 4917
1387 4363
1901 4237
3083 4739
4565 4613
3314 4872
4283 4323
4143 4376
3463 4293
1387 3730
1920 4925
1587 3157
2310 3667
470 4674
1704 3787
291 4231
2750 4484
2988 3469
4759 4988
2125 4890
2356 4687
2748 4441
4706 4744
2336 3274
3858 4732
7 3345
1312 3561
1026 4711
592 4714
4649 4745
1719 4361
319 4829
2530 3590
4191 4231
1165 1722
2348 4774
3682 4182
3117 4841
3983 4936
1305 4702
4415 4711
1567 4434
3380 4642
3274 4774
3881 4566
1339 1990
3302 3892
3479 4693
1692 4641
226 1497
2189 3819
3070 3302
336 3760
2266 3305
97 4901
2243 2962
3726 4817
1550 2579
3370 4876
2605 4434
3395 3992
1801 3483
303 2999
4255 4293
4385 4859
599 4980
2406 3598
2849 4725
2441 3003
1686 4237
2062 3213
1180 4725
421 2682
449 4476
2062 4853
3570 3639
1865 3483
303 4606
1686 4591
2681 3817
1901 4847
356 4603
863 4665
2438 4876
1465 4900
1840 4259
3102 4994
2172 4706
2252 2398
2068 4901
2145 4074
4720 4774
562 4739
1149 4829
1849 4351
2933 3286
985 2585
1006 4269
2988 4824
3581 3971
1559 4653
3960 4565
1725 4357
4434 4695
1858 4925
925 4917
3600 4384
4641 4732
4127 4633
1108 3419
308 3468
1501 4935
3229 4925
176 4886
3616 4906
1746 3497
945 3470
3024 4936
192 1255
2254 4973
4023 4213
2283 4622
3566 4149
3156 3889
2727 3650
2408 4609
291 4191
883 4633
3469 3658
625 4774
1651 2588
827 4334
449 3959
4038 4924
2774 4273
4237 4847
3777 4933
3570 4040
2042 4934
3840 4136
478 4909
1865 4890
2972 3396
1026 4796
2580 4886
1562 4890
4157 4872
3139 4266
3174 4609
2736 4855
3310 4730
1753 2254
3994 4721
3463 3734
4747 4876
2728 3983
4420 4668
2750 2836
1744 4483
212 3879
1490 4262
3885 4618
1654 4917
2637 3831
434 696
3478 4115
1975 2886
35 3405
7 4018
1332 4487
1594 4702
486 4759
4745 4786
2640 3886
1720 4136
3149 4546
3419 3908
850 2568
3596 4246
2468 2503
3213 4375
959 3890
1099 4931
2793 4319
1456 3347
1202 3435
1704 4890
2790 3653
3658 4336
739 4362
2887 4441
1694 4028
970 4186
676 4933
1984 4371
1677 4880
4023 4302
180 4847
3593 4277
1312 3423
3435 3609
2659 4367
4106 4190
1804 4603
4516 4622
3994 4642
3617 4550
198 1708
1510 4207
4468 4757
421 2836
3233 4070
113 3769
3617 4128
3727 4143
2642 4827
3744 4269
226 4694
340 4239
1299 4212
955 4827
643 4786
2424 4598
3533 4790
3464 3746
3673 4484
1332 4362
2677 3158
645 4371
4732 4818
429 4484
515 4936
2408 3350
3347 3879
1865 4246
2779 4813
4730 4817
2520 4043
2408 4697
1212 2750
883 4561
4107 4137
1610 4917
4277 4996
4207 4423
2056 3580
1386 4900
2773 4415
1248 4924
2245 4323
2535 4361
2292 2422
2524 2845
1218 4853
3730 4453
3532 4926
1804 4899
1789 4204
339 4973
3153 4653
2911 4917
1178 2377
4721 4859
1018 1275
1041 4212
960 4471
1547 3659
1374 4483
1413 4086
1519 4851
1728 4040
634 4641
139 4191
3887 4896
2580 3370
562 1149
118 3165
1595 4361
1733 3575
4212 4653
2208 4476
4159 4873
4363 4924
2886 4500
1944 4428
3139 4273
3181 3682
1137 4711
557 4376
1811 2086
1697 4796
1382 4428
4186 4525
1018 4460
1042 4564
1947 4952
65 3771
3238 4756
1905 3598
4180 4385
4641 4881
3575 3771
3994 4336
1071 4795
3787 4420
1849 4568
1585 3678
3393 4645
2259 4813
460 2300
3866 4441
4118 4478
4054 4909
1323 4824
1906 1908
2096 4476
4440 4665
3378 4028
1715 2652
3199 3554
1573 4598
251 4745
2473 3443
2048 2081
1397 4111
650 4714
1349 4043
1639 3890
2507 4193
1562 3787
4362 4496
2940 4917
3370 4532
493 4532
2068 4725
2456 4890
1594 4234
2002 4106
3580 3850
1533 4671
1969 3691
2567 4932
3428 4730
1314 3468
3273 3347
1943 4851
4234 4842
1109 4790
2672 3390
4239 4874
2547 3554
3960 4483
3910 4428
2475 4074
782 4880
1704 3017
2424 2445
2485 4529
2606 4566
823 2998
1915 4273
2426 4554
1573 4182
1863 4988
3718 4881
1916 4026
2612 3154
4371 4714
37 4255
1975 4855
1262 2191
3879 4343
2137 4512
4371 4537
1139 4973
440 4896
1255 4468
4258 4496
2178 4757
1255 4293
4451 4622
1231 4204
3543 4362
2336 2932
1680 3678
484 4996
2137 4851
3566 4626
4111 4371
891 1332
2525 4818
2946 3219
4622 4741
4671 4759
4451 4989
169 4851
578 4721
118 4451
2612 3885
3274 4191
3615 4965
2806 4207
3617 4865
1156 3083
2784 3233
4234 4671
3698 4460
4609 4697
2429 4148
4684 4695
2798 4802
586 4565
3433 4671
348 4714
4440 4900
945 4227
4668 4865
3141 4136
64 3041
2672 2790
4384 4795
1645 2808
571 4851
3590 4283
3370 4886
2468 4702
1023 4193
2285 3575
827 3910
3500 4319
1854 4874
4642 4684
4859 4926
4385 4829
484 4299
2275 3470
4116 4359
3659 4876
2442 3362
1251 3981
2748 4554
1954 3990
3702 4550
4227 4496
512 4323
2700 4847
2426 4855
2859 3549
578 4642
608 3158
3987 4529
1219 3691
2451 4909
4415 4739
687 4881
165 1044
1397 1562
1798 2388
504 3811
2762 3419
3114 4896
2086 4677
2612 3316
1816 4899
2576 3885
3156 4952
3310 4550
313 2618
4021 4813
125 625
4296 4323
3566 4127
3918 4912
1033 4791
2520 4193
1940 2736
985 3850
2774 4408
3593 4451
1304 2170
3811 4923
2178 3132
2165 4704
3158 4877
2365 4478
1044 3890
2208 3959
2377 4212
2525 4841
3083 3481
91 4124
1349 3114
2662 3777
3994 4925
4618 4665
4714 4725
3880 4711
205 725
985 4124
2146 3396
2637 4693
3233 4695
942 4722
3355 4132
1448 3570
1722 3533
3067 3734
1039 4273
566 2252
4124 4234
2921 3901
1039 3771
1018 2645
2348 4191
2682 4645
3273 4190
2895 3194
150 3500
945 4299
2428 4361
2767 3132
1654 4132
2441 4901
1610 4534
945 4132
3726 4787
2841 4533
883 4714
3314 3819
3390 4212
3987 4687
410 4906
1433 3362
2181 4190
1736 3148
3419 4725
4516 4741
3504 4029
2545 4533
1086 4746
2542 4714
3275 3775
3237 4178
3590 4702
1984 2929
348 4570
1041 4932
947 4841
4036 4676
2887 3239
173 4881
1327 3435
4227 4230
568 4193
3744 4227
152 4371
1934 3504
2600 4438
2451 4965
1755 2577
2935 4693
1314 4645
3599 4909
3727 4376
1210 4965
1777 3575
3419 3881
1218 2587
313 2343
2662 3256
308 4818
4965 4988
3295 4936
3658 4207
2254 3881
2773 4980
2596 3580
1918 4068
1186 4645
1993 3880
2887 4217
1975 4500
4246 4872
1601 4124
1323 4978
3474 4151
4423 4468
928 4859
429 3355
578 4925
356 4296
4762 4896
3057 4609
4234 4344
4217 4896
925 1041
2547 4873
4626 4665
3219 4676
1720 4746
3800 4551
2918 4714
1680 4471
775 4537
1255 4633
1440 4273
1343 4234
2737 4996
61 4855
2577 4791
1332 4453
3960 4512
4054 4633
2793 4622
1410 3981
2727 2911
4026 4230
3511 4978
710 4211
865 3650
3443 4136
460 4697
1988 4721
2903 4322
4512 4722
3007 3084
4225 4259
205 4880
654 4980
3310 4101
735 4813
884 4873
2208 3615
3128 4695
2445 4554
2252 4111
3542 4886
3581 4980
572 4973
827 4136
1192 1659
3474 4266
4453 4487
3599 4400
3463 3800
4786 4912
591 4550
1967 2921
152 3905
2098 4978
2143 4363
1019 1252
238 4128
3967 4633
986 2426
3458 4237
3599 4965
4714 4931
2110 4877
2245 4645
2911 4932
595 3500
4434 4609
1595 4796
2493 4026
312 4668
4641 4791
4732 4848
3405 4561
1374 4368
3572 4678
135 2408
3691 4418
3590 4151
2636 4208
212 731
1214 4678
1139 4900
3229 4363
945 4028
372 4756
4847 4917
3410 4880
3275 3730
4351 4671
334 2475
1212 4912
901 4711
1331 3057
3529 4471
1006 1793
1906 3390
2238 4774
369 3305
1377 4817
789 4931
1560 4267
2348 3180
3102 4880
3761 4936
3355 4564
3284 4598
2424 4144
372 3777
2578 4900
3533 4988
3600 4756
4180 4242
4565 4568
1610 3650
1387 4423
2125 4537
3908 4818
4418 4746
43 4730
429 2428
4434 4468
4143 4460
496 4550
928 2880
4532 4694
1514 4817
2683 3992
2077 4952
2096 4591
1021 4368
3278 4989
3464 4505
1590 1720
1250 4204
4525 4606
2042 4592
2888 3162
1214 4706
1865 4157
540 2337
4217 4649
1018 3727
64 3478
3289 4068
1528 3580
2588 4872
3879 4881
4678 4744
3811 4148
3305 3639
1958 2946
242 4978
3734 4618
725 4786
898 3600
3208 4408
3769 4550
1780 4851
2365 4933
3401 4711
3580 3844
3868 4633
2808 4564
3070 4361
1692 4853
1781 4030
2484 3751
3041 4178
1914 3769
2998 4565
4232 4376
1905 3338
4042 4141
1205 4702
2210 4343
3282 4418
3887 3892
2662 4127
1736 3678
1659 3141
47 3419
4225 4343
3678 4741
634 4711
4357 4451
892 2610
2748 4802
707 2388
478 4989
1406 4362
1795 4036
3380 4336
4148 4592
1865 4923
1970 2358
3598 4722
775 4101
3316 4818
2626 3278
1747 4213
3470 4496
4101 4787
3139 3272
955 4606
1905 2125
3959 3967
238 4101
863 4722
2808 3470
3443 4591
4308 4786
887 4420
4086 4534
4343 4936
2053 4973
702 4246
2936 4099
2016 4829
380 3730
4323 4802
4711 4739
1478 4213
1371 4040
1139 4796
2610 3869
710 3760
4525 4533
4296 4440
3229 4533
33 3727
3654 4606
672 3691
3237 4565
1231 1331
4925 4996
1488 4880
4190 4706
2284 3153
434 2940
2428 3533
4613 4936
4207 4529
3281 4787
242 4824
3769 4124
4496 4529
4813 4994
1639 3162
4926 4978
3149 3607
3549 4137
1371 4441
37 2189
2109 4375
1645 4936
423 4273
578 4802
2353 4368
493 3104
657 4900
3886 4074
695 4677
4234 4817
2762 3175
2514 4568
2441 4054
69 4537
2075 4745
1590 4702
3817 4564
2343 4684
1559 4086
2922 4239
274 3529
2696 2983
3658 4546
1497 3575
2441 4653
1552 4095
1202 3423
2606 2696
3831 4706
2298 3910
1099 4714
4267 4516
3175 4460
2699 4873
1665 4687
2886 4702
4246 4934
3083 4207
4649 4909
1055 3453
1614 4741
2642 3461
4505 4791
3858 4813
1677 4151
942 3141
1988 3272
1548 4900
1581 2507
1519 2596
4706 4989
3887 4148
1465 3800
367 4906
205 4283
43 4128
1753 4973
2370 3511
955 1698
2576 4400
2081 4665
1594 3102
1860 4537
567 4786
3886 4182
1465 4618
1547 4273
2845 4989
846 4702
1138 4829
3600 4757
2637 3347
429 4246
1287 4067
1501 4818
2345 4872
4474 4899
356 3904
215 947
2178 4936
3226 4790
1592 4759
928 4996
3570 4149
3650 4613
2051 4952
2684 4042
231 4818
2017 4111
1021 2977
831 4933
3132 4757
3003 4872
985 3989
3463 4796
1697 3800
1799 2266
1958 2209
2165 4674
2763 3580
867 4978
1793 4137
1769 4711
1767 4308
1956 2886
2283 4319
402 4720
4677 4687
3474 3817
650 4570
8 1327
1139 2652
1440 4408
4190 4214
1285 4725
3282 4028
892 3360
1161 4671
4415 4980
1490 4917
1717 4626
955 4787
925 4674
3522 3682
2977 4483
227 4460
2674 4687
568 4030
1270 4633
2613 4865
3183 4899
207 2933
2670 4434
1448 3229
1608 4795
3905 4994
3617 3702
2284 2587
1811 4642
2626 4086
4484 4790
3596 4592
342 2954
4694 4746
1988 4925
2442 4645
2445 4802
3990 4824
4817 4988
2567 3419
979 1275
957 4428
4795 4933
608 4802
2170 4859
204 2637
1769 3971
2585 3994
129 3572
4375 4880
2263 3691
1387 3305
4739 4980
1904 3960
3436 4649
336 4786
1367 4516
3463 4678
3880 4980
1205 4266
4255 4829
209 4649
3380 3875
3259 4725
4028 4912
1732 4471
647 4460
3698 4376
1475 2475
1305 4564
1344 4054
1088 3904
1906 4924
1781 3985
1331 4137
1501 4841
1448 4363
674 2283
1581 4570
31 4026
2466 3338
3967 4283
1305 4880
3061 4756
3599 4694
4721 4925
2191 4128
3817 4266
657 3061
1192 3454
2584 4067
1715 4790
1755 4988
2612 4756
1456 3458
1937 4980
2356 4487
3887 4872
3355 4936
8 3609
4649 4912
4211 4375
2353 2949
2613 3887
2243 4909
655 4702
1178 3549
566 4111
1916 4896
4204 4877
4568 4817
2661 3609
3479 4302
2718 4711
4441 4598
4351 4842
4308 4994
959 4923
3203 4137
89 3368
1697 4756
2972 4453
3698 4525
3886 4441
3194 4988
4128 4550
2652 4525
4029 4463
3156 4400
3549 3858
4440 4551
3698 3727
1848 4283
1109 1662
1344 4901
1343 4153
2645 4774
2406 4847
892 4786
2344 4791
4512 4641
3395 3651
4107 4668
942 3615
1021 4362
1299 2127
3286 4745
1188 4190
2699 3667
4178 4269
2102 2146
2402 4796
3175 4463
3370 3844
1365 4471
1988 4996
2718 3880
1920 1988
279 4996
4151 4702
180 3458
2353 2977
4299 4980
3966 4795
1791 2699
2888 4973
2310 2888
1854 4087
3616 4525
1747 4302
177 4021
3987 4227
1510 2700
1342 2118
2125 3787
1161 4896
3543 4796
99 3310
2999 4606
3117 4791
1525 2522
3889 4935
1720 2160
1528 4453
2190 3463
595 4622
2962 4988
2115 4901
2877 2888
698 3404
3718 4732
1479 4568
3350 4880
3963 3981
2732 4818
2184 4924
2922 4211
2806 3730
572 2798
1344 4702
578 3866
2096 3910
2068 4565
3007 4367
1041 3650
406 4516
84 4851
654 4739
1547 4813
3731 4872
1548 1870
2773 3446
3800 4665
1935 4018
2080 4344
3879 4141
2083 4747
4322 4704
1984 3787
1947 3057
3653 4853
3132 4613
3089 4996
1108 4912
4021 4115
2316 4193
2507 4931
959 4322
3237 4128
2127 4827
3092 3256
65 4237
3453 4900
3546 3654
4534 4704
2662 4678
2190 2578
3769 4774
3194 3844
3282 3295
1241 1653
3443 3511
887 4371
1590 4500
2210 4115
2808 3410
1943 4732
2793 3199
1413 3190
4269 4725
1712 4460
2681 4266
960 4757
1547 1733
1382 4923
3470 4739
176 4952
3650 4932
2929 4420
2547 3253
1686 3607
3726 4720
1252 4371
3440 4936
1795 3581
1914 4359
4694 4747
1497 3272
2300 4434
3139 4035
356 367
4040 4533
496 4802
4042 4847
3474 4880
4273 4495
1441 4694
1639 1920
3533 4484
3522 4554
649 3396
2779 4994
485 4343
1377 4322
2921 4706
4087 4099
3500 4516
1662 4484
1589 3858
4428 4591
1285 4901
1304 4786
3140 4818
3145 4924
3345 3362
4213 4848
4072 4529
3180 4790
863 2190
268 4618
1007 3539
3479 3609
647 4463
1475 2474
533 2808
2588 4592
1109 2978
887 4855
344 4973
3058 4371
2895 4169
4400 4921
3575 4859
557 4896
3181 4704
3640 3944
1715 2022
3355 4367
2756 4368
3650 4921
1581 4714
4642 4996
147 4853
3568 3654
1793 4070
1920 4996
1712 1934
410 4525
3278 4872
918 4376
4040 4561
64 3203
2666 4438
2083 4965
2266 4533
4932 4978
2038 3239
3653 4924
1587 2514
1791 4989
3440 4400
4613 4901
1339 2616
970 3981
4087 4214
3405 3707
3289 4730
2042 4872
2577 4505
1253 3419
2748 4550
2488 3967
721 4851
4182 4802
3454 4035
2700 3500
3960 4901
1299 4827
1988 3572
4277 4818
2682 3500
2137 4732
4137 4519
1908 4428
2727 4917
3165 4565
3380 3840
1251 2300
169 4732
2806 3275
855 4827
3985 4293
2485 4258
1860 4566
887 4827
2116 4994
2245 4642
1522 4237
7 3590
816 3811
3609 4550
3880 4299
868 4606
2016 4859
2343 3727
159 4217
2998 3744
4732 4851
891 3744
4418 4935
2445 4361
3154 3904
280 4711
775 4730
4921 4965
530 4996
4744 4842
2277 4988
4258 4453
4021 4237
1698 3568
1452 3092
2332 2353
4796 4900
3478 4813
2999 4827
3084 4087
2493 4487
682 3654
336 4136
3316 4906
1156 3128
3615 4921
2118 3226
2388 3281
2124 4859
3596 4923
4322 4434
4787 4817
2353 4483
3481 4149
4148 4876
1901 4141
1969 3017
4151 4266
1746 4561
2535 3749
422 4343
2652 4935
1905 3580
1940 3944
2145 2613
1051 4440
4334 4428
3007 3286
2929 4537
3707 3967
4217 4451
562 3831
2048 4665
1559 3145
2933 4899
2954 4344
4859 4877
2514 4787
1767 3478
970 3299
4237 4841
251 4989
951 4191
3314 4592
2298 4495
4886 4921
4255 4859
3061 4440
612 3282
1961 4744
1947 4746
3181 4296
1055 4505
503 3568
3199 4516
4234 4759
2793 4741
139 2316
3380 4721
1870 4741
3596 4157
1253 3819
3967 4118
3069 3554
2637 4106
1725 4101
3905 4021
170 4714
4851 4881
4038 4438
1205 3590
3967 4468
1251 4525
2972 4618
3734 3983
3069 3253
3148 4067
2514 4759
1040 4262
2849 4565
33 4460
1040 4917
3149 4851
747 4847
2344 2918
3543 4496
1040 4932
4186 4906
3157 4495
3769 4101
2578 3461
3564 4487
3651 4668
3190 3869
1251 4935
1848 4564
4343 4534
3522 4926
204 4441
4283 4702
3659 4400
315 4865
2484 4725
4269 4901
4471 4483
654 4322
4344 4745
3302 4642
1664 4706
1984 4890
1202 4859
3731 3887
2485 4496
3653 4438
2841 4149
2345 4934
2674 4258
4829 4877
1374 4408
2778 4343
308 4935
2748 4722
1704 3905
3593 3746
2672 4924
2300 4693
2449 4099
1178 4519
1073 4795
3438 4040
4258 4529
2877 3944
2684 4213
4190 4592
2580 4965
4468 4561
3819 4973
1415 4468
1440 2369
2888 4802
3901 4478
4190 4483
2322 4676
2530 4214
3069 4622
165 823
2585 3504
38 4626
4487 4687
3542 4566
3275 4040
4757 4936
682 4082
2051 2696
1587 4714
1441 3659
2118 4484
2728 4440
1728 4564
721 4286
4534 4649
1614 4533
4550 4551
2718 2773
2473 2485
43 4741
1073 3904
3718 4641
4262 4917
3083 4695
3483 4561
3145 4038
1789 1873
2845 4649
1550 2808
4495 4714
4746 4756
3282 4361
951 4609
4124 4711
3542 4746
169 2189
2445 4791
3175 4376
2356 4453
1139 4618
1114 2616
2736 4230
4191 4622
1947 2918
2074 4923
3504 4874
360 4137
2580 4746
1598 3598
1165 4924
4143 4848
4351 4744
1367 4319
344 3162
3539 4859
38 4026
4474 4603
672 2324
4568 4988
1961 4668
2075 4936
1697 1955
3673 4132
1931 4546
3564 3987
3678 3691
1376 3593
1452 4534
1042 4099
2189 4973
2358 3599
3282 3355
2232 3114
3481 3639
1042 3405
2762 2763
1789 4829
846 2579
4841 4906
4525 4935
3490 4802
1967 3088
1138 4877
3744 4725
1108 4367
1908 4899
3879 4190
1055 3533
2672 4853
1608 2610
2266 3481
4642 4721
1587 4296
2596 3850
1937 3368
4035 4286
4231 4537
4730 4994
1915 4676
3203 4519
2670 4674
3453 4606
2327 3208
2104 2285
578 3089
2886 4101
4516 4704
1251 4906
1848 2277
2653 4136
1840 4343
1033 1201
2116 4246
4551 4796
3885 4756
3017 3566
209 4989
486 4671
2140 2946
2077 3183
4136 4591
3744 4565
4603 4684
3568 4886
3885 4551
4308 4591
60 4505
2259 4478
4721 4741
300 2104
3886 4802
1130 1645
2750 4790
3362 4255
4817 4994
303 2932
3511 3607
2002 3890
1478 3347
3381 4148
3651 4865
2181 4302
2043 4072
4519 4994
2886 4193
159 4923
2017 4677
533 4159
1321 4747
1849 4988
2784 4438
1747 3273
3707 4468
3640 4230
562 4704
696 4262
2075 4912
2424 3682
4115 4813
1746 4468
3599 4876
4234 4744
2699 3103
4746 4876
1339 3718
1192 3139
4400 4746
1149 1608
1550 4702
2337 3831
4487 4529
1970 4853
4438 4853
2578 4618
2086 4925
3390 4853
2096 3840
3194 3405
2402 4900
4124 4787
3707 4633
3474 4978
599 4859
2503 4546
586 4725
2305 2375
3404 3901
2208 3971
2498 4721
3158 4859
3580 4169
867 4926
3892 4996
3289 4841
1955 4441
3230 4534
4351 4759
428 1704
1601 4671
4877 4886
4786 4909
423 3771
2336 4952
3960 4613
1769 3401
2895 3850
2836 4028
3532 3761
3703 3904
2887 4802
2585 4592
3316 4935
4283 4842
2659 4989
4720 4786
3443 4476
1560 4978
4267 4926
2488 3483
1308 4739
2535 3378
2068 4207
2732 4841
3446 4415
2437 3435
434 4932
1344 4725
707 4842
1993 4739
1816 4952
1694 4484
1055 3274
4124 4759
3400 4127
1365 4483
2545 3639
2507 4495
2888 2895
4532 4876
1275 3691
2498 4642
4082 4242
3190 3230
2140 4082
372 4706
3760 3840
3901 3960
1165 3070
1970 4159
1575 4791
3238 4208
3549 4677
1249 4182
1313 4900
4791 4873
4762 4965
3370 3542
2488 3707
2520 3481
3771 4074
3734 4818
3497 4965
3461 4802
35 3707
1139 3061
2022 4132
2779 3905
4684 4896
1342 4817
2356 2579
1694 4132
3368 4739
231 4277
592 3237
4283 4564
1909 4865
1798 3985
4232 4848
624 3533
430 3208
563 4925
3599 4747
2120 3464
3625 3844
3226 4786
4642 4925
3667 3881
4694 4706
1626 4570
3278 4934
2507 4570
2988 4267
4367 4912
960 2332
4180 4802
3362 4023
4674 4697
4258 4487
170 3272
1736 4067
2365 3154
927 4873
217 4626
3156 3615
4774 4791
1244 4570
2277 4720
674 4267
2503 4665
159 4934
789 1576
891 4269
244 2493
3879 4722
1553 4996
1018 4376
842 3658
3284 4802
1331 4994
3483 3967
347 4534
422 4516
84 2988
2618 4384
818 4917
1287 3869
2369 2763
4213 4302
4965 4996
3599 4952
2358 4873
478 4217
207 4645
3360 4086
430 4273
435 4262
3989 4169
3504 4408
159 747
2310 4116
4474 4645
2612 4796
4087 4824
2578 4440
3760 4476
3869 4534
149 4880
4141 4237
8 3423
4259 4757
4225 4613
4266 4283
1816 3078
1019 4070
2208 3910
816 4917
1349 3274
2370 4978
674 4926
1321 4746
1161 4989
1478 2637
2750 3180
2042 4791
3529 4483
3299 4841
1448 3730
268 3600
702 4537
1793 4853
147 3145
328 3959
4018 4495
4720 4759
644 3446
4262 4653
566 4924
3428 4756
855 3730
1304 4367
1018 3400
925 4932
4357 4989
515 4613
4400 4747
682 4606
2345 4923
926 4994
2596 4721
2978 4286
4344 4568
2612 4978
2756 3678
3840 3959
4496 4818
4759 4787
3360 4952
2152 4917
2178 4876
3302 3405
2661 4476
2152 4932
2498 4925
2887 4554
1873 4859
2223 2422
3378 4790
2580 4609
3887 4714
3760 4678
607 4899
1722 4132
3233 3625
4190 4368
4072 4496
1791 4786
3885 4665
1384 3985
113 3886
251 4451
3960 4725
2522 3598
3069 4319
1790 2408
3282 4912
2473 4671
4720 4787
2124 4641
1252 4242
3910 4476
3880 4415
4026 4418
4323 4359
125 198
2778 4757
2406 4722
4496 4880
4208 4618
4906 4935
1849 3213
2756 4471
340 4463
1639 2888
562 1664
1007 4886
1089 4917
4207 4926
3481 4762
197 4932
586 4901
4232 4994
488 4023
42 3858
2585 3892
3381 4824
1514 4136
1969 3400
2788 3305
3981 4741
1275 2238
3272 4408
4665 4756
192 3428
959 4116
2921 4671
3581 4739
2579 4564
3905 4308
2102 2466
2935 4106
3081 4747
3707 4561
4519 4677
1935 4495
312 1055
4451 4909
3904 4234
1156 4533
1088 4706
369 4533
867 1114
2600 4848
2056 2618
591 1914
3981 4385
1585 1664
2210 4107
3994 4169
2485 4227
2918 4886
2348 3464
1860 4420
372 3966
3007 3436
3667 4934
782 4702
2181 4722
2456 4111
4054 4901
1018 4618
1180 3744
3305 4423
4319 4741
2096 4468
2929 4111
2385 4874
2626 3360
644 4674
2672 4934
3478 4994
4476 4936
2788 4606
4566 4921
2077 4359
1218 3625
3008 3726
1377 3316
2610 3140
1253 3267
1575 4873
3598 4901
4178 4994
3458 4141
3568 4827
2637 4722
643 4912
2983 3435
863 4757
1205 2681
2365 4641
1099 4495
4746 4886
1692 4851
135 4609
2977 4471
3360 3992
2793 4516
2316 3114
4368 4371
1939 4478
2086 4996
1071 4933
207 4474
3114 4613
1308 4232
2906 3775
4334 4463
3078 4603
1873 4877
3760 4334
2978 3239
2778 4225
4319 4622
1519 4881
3149 4848
4537 4890
1441 4532
2636 4756
594 1055
1744 1905
4848 4881
4193 4855
2525 4906
83 2767
2779 4074
2940 3316
2336 4926
69 3881
1653 2489
226 3272
1452 3468
2793 3500
3355 4212
344 3890
3436 4217
2189 4817
1099 4570
595 2684
3868 4842
1970 3625
2449 4762
2176 4606
3368 3971
1201 4873
4029 4874
2767 3295
4074 4408
4029 4087
3967 4151
2670 4322
3295 4757
2841 4042
2232 2983
3067 3219
4212 4924
2474 3194
3078 3461
4876 4965
4420 4537
2080 4900
2932 3568
3543 4529
204 3404
698 4926
3410 3590
3746 4204
3532 4546
2489 3966
1445 2310
3875 4641
3966 4706
356 4474
3070 4924
3350 4434
4451 4912
4671 4787
2104 2437
380 2806
1791 3286
2788 4095
4359 4899
608 3404
735 3370
4042 4237
1138 4787
1943 4512
2774 3454
3511 4926
1871 4994
170 4367
3165 4791
1904 4565
2674 4978
3213 4438
2408 4322
867 3990
1983 3918
1746 4762
4362 4687
3103 4283
2385 4099
1793 4038
4095 4471
2209 2588
724 4933
3908 4906
1955 4923
4296 4474
440 3966
438 4876
3731 4817
4322 4697
2259 3154
3744 3960
642 4299
2300 3746
83 3084
2056 3088
3081 4921
1475 4598
2681 3590
2160 4476
2727 4932
3104 4400
3868 4351
2345 3003
3889 4841
2124 4881
3180 4361
2283 4516
2946 4242
3008 4225
1168 4746
1728 3570
2488 4762
1595 2750
3401 4415
4148 4872
2933 4474
2954 4817
2903 2929
2700 4141
3599 3691
3024 4757
3464 3570
2699 4463
1231 4921
1599 4169
3305 4533
2277 4568
1732 2266
2322 4242
1659 4259
496 1736
1218 4438
4565 4901
1955 4934
4296 4359
4859 4865
1415 3405
4463 4874
3067 4546
1552 1744
4890 4923
2074 4890
1804 4474
3777 3904
3468 4899
2369 4191
2022 3282
3920 4933
2579 3256
3069 4674
3811 4157
4107 4519
2577 4231
3568 4606
612 4790
687 4851
3069 4516
3702 4128
3273 4693
4115 4677
38 3892
3539 4598
4512 4881
1918 4906
2600 4732
2954 4706
1218 4935
3918 4357
1456 2180
191 4996
2451 2503
1071 1653
2345 4829
2921 4478
1094 4886
1954 4847
2442 4474
1027 3256
2767 4936
2181 4693
2682 4899
1349 1975
440 1651
3497 4532
1934 4239
2426 4132
1944 4591
4322 4609
1027 3858
4441 4802
2728 4900
4359 4474
3230 4302
2152 4533
2002 3667
4087 4239
69 4086
242 4926
2275 4529
1006 4932
1993 3581
2880 3396
3157 3532
2214 4463
731 1367
1339 3148
2587 4208
3199 4420
775 4550
818 4932
2252 2456
48 3987
315 2999
2808 3443
3238 4900
1249 3609
3617 4730
1662 4790
979 4376
1314 4899
2051 4570
4323 4474
1719 3673
4440 4909
3771 4286
1915 4180
1386 4551
4722 4847
4106 4693
176 3599
223 4095
926 4813
3901 4933
470 4697
3347 3889
3213 4853
2115 3960
3153 4423
470 4923
989 4266
3102 4151
2972 4872
300 4082
4363 4874
1967 2466
1689 4153
2110 4255
4762 4876
4157 4934
1137 3654
3858 4994
3971 4980
205 4159
3771 4035
1935 4570
212 4762
3081 4687
2682 4323
2576 4796
4230 4730
368 4722
1594 3474
2062 3691
406 4980
3598 4237
3183 4626
2637 3479
2514 3726
3443 4334
2579 4702
2449 4741
1801 3707
657 3549
3275 3446
1452 1904
1654 4262
2116 4668
4030 4725
2375 4385
4087 4732
2666 3905
2051 4965
1715 4361
2652 3908
4042 4817
1248 4038
865 4262
4021 4677
4038 4653
1255 4561
586 4613
2977 4676
3446 3880
4890 4900
625 4791
944 4262
2788 3529
4106 4237
1219 3570
3650 4207
2160 4334
4687 4900
3017 4026
4568 4787
2626 3230
2324 3678
3596 3731
4786 4989
1108 4745
2210 4677
4474 4500
3469 4824
3132 4259
3522 3959
3887 4157
503 4606
3302 4925
223 4368
595 4741
1777 4408
1747 2700
2728 4551
4720 4817
1816 4603
542 1015
2298 3390
4086 4704
1210 4921
3889 4068
4157 4592
1007 4694
3401 4239
2677 4932
4400 4693
1567 4697
1988 4642
2056 3844
4118 4468
2214 3890
4565 4802
2002 2310
1073 4923
2767 4757
1717 3775
3183 4296
3533 4361
1651 2763
3404 3682
2353 3529
2778 3761
2077 4323
1406 4487
1816 2642
3395 4099
4385 4877
1791 4912
1955 4148
488 4190
1086 4787
3654 4827
1212 4989
3868 3869
3008 4787
644 2165
1944 3840
4747 4921
1654 2069
1490 4106
152 3858
1244 4714
3148 3230
2298 4714
2845 3918
1780 4859
2038 4802
4111 4180
3985 4030
702 4371
1560 4926
2324 2906
4283 4375
1553 3380
2143 3481
4070 4086
4231 4774
1522 4302
1692 4732
4512 4848
3305 3570
1906 4853
2606 3561
2936 4190
2954 4933
4565 4725
4496 4841
1599 2895
1651 4923
3238 3885
336 3443
2081 3600
650 4931
1916 4550
2645 3274
3140 3992
1376 4099
3281 3726
2428 3378
3273 3598
2305 4859
2524 3272
4231 4505
901 4980
4460 4848
2022 3180
2120 4774
2576 4900
566 4420
4451 4745
592 4730
2243 3761
1931 3469
4762 4952
2524 4286
674 3880
687 4641
3400 3572
3564 4258
2332 4095
2223 4813
3156 4532
1452 4293
2110 4668
3368 3401
3682 4153
4029 4420
2284 4924
3469 4546
3881 3890
1918 4935
3302 3844
3691 3751
334 1601
91 4744
1327 4591
979 4232
1755 4695
3067 3511
4086 4827
1873 3869
2285 4286
3744 4674
173 1308
2152 4935
4211 4606
3908 4935
4375 4606
3731 4934
2672 3070
61 4500
2645 3453
340 4874
1044 3667
2763 3278
1967 4211
867 4676
2336 4385
3703 4478
4191 4774
2587 4853
970 4935
735 4677
3199 3500
3401 3581
634 4965
2284 3145
1440 3771
3811 4246
3593 4143
2661 3761
944 1089
2056 4169
3543 4384
3162 4116
3401 4980
3274 4231
180 4106
2124 3775
3659 4853
3474 4564
2936 3593
1804 1908
2068 4054
3659 4418
1497 4474
3920 4795
1782 4029
3253 4622
1313 4440
2737 3302
388 1384
3598 4242
4917 4932
891 4901
1149 3154
2104 4035
2345 4747
649 4255
347 3869
4434 4598
886 2661
4592 4923
4384 4706
4207 4923
2285 4258
3275 4695
3470 3564
1599 3092
2343 4232
204 4802
1365 4495
3395 4087
4099 4874
3024 4343
2402 4791
3639 4149
2209 2940
2859 4070
4035 4408
3546 4375
682 1744
2859 4180
3901 4795
1677 3446
2385 4702
1956 4791
3281 4759
4451 4720
3817 3875
1665 4072
2223 4519
2422 3901
4865 4924
3651 4859
4790 4877
1608 3777
3139 3208
568 3438
2053 4730
1073 4343
3479 4926
1746 4118
1387 4739
2600 4851
2424 4554
2699 4483
279 2498
204 3691
2143 2841
2584 4534
2243 2767
3067 3470
1501 4906
4357 4786
4400 4694
533 2189
676 1267
4237 4302
2238 3208
4068 4525
3083 3639
2949 4730
4400 4532
423 3575
2940 4262
2978 4551
97 4302
1916 4626
4319 4516
4876 4952
3213 4924
3751 4127
3295 4259
2732 3299
656 3787
2442 3345
1736 3190
3702 4730
3423 4111
1226 2283
1552 4483
1777 2475
3393 4359
750 2836
249 2332
4568 4671
2918 4018
3910 4072
1247 4676
1944 3760
2806 4591
2887 3886
591 2370
599 4534
3596 4934
2184 4626
3983 4756
1659 4613
2659 4759
2778 4936
2522 4106
197 4182
3600 3609
4054 4070
1858 4996
3981 4277
2115 4418
2670 3057
3570 4606
4711 4980
1550 4880
1931 4926
4208 4994
3777 4706
1210 3156
3128 3481
564 4842
1522 2406
3866 4932
4376 4460
2473 4568
2275 3564
217 4722
1086 4829
3286 4357
3400 4744
3971 4732
2535 4266
3395 4239
2062 3153
3007 4989
4566 4952
3470 3987
3350 4570
1026 4756
901 3581
1371 4182
2016 4385
3500 3554
3887 4246
3393 4323
1006 4917
2410 3581
3396 4865
280 4415
4148 4157
1413 3360
47 4116
1589 4901
3274 4791
1901 4190
2906 4551
3259 4169
3469 4259
2977 4368
3381 3511
2324 2653
1026 2636
313 4725
3682 3886
3350 4674
3395 4704
4725 4901
3170 4921
3981 4906
3880 3971
3625 3904
3370 4746
2841 3305
2613 4385
3889 4277
2442 4899
1576 4570
2284 4136
4873 4896
1769 4980
1479 1592
3811 4872
242 1651
1653 4933
3003 4936
3659 4921
2666 4994
4115 4178
3162 3419
4151 4880
280 1287
209 4451
8 1713
2636 4618
1599 3989
2292 4795
2672 4021
410 3908
3497 4876
3886 4598
4671 4796
3428 4551
31 2493
3963 4186
485 4921
3817 4880
2941 4880
2245 4873
4500 4855
3423 3749
4144 4936
3302 4721
695 4813
1589 4921
1717 4468
1728 1908
1267 4603
3058 3153
2596 3194
2935 4917
3089 4259
3154 3831
1811 4996
4487 4496
244 4626
1595 4790
1958 4932
4693 4896
192 4561
182 3944
4532 4762
84 4694
4141 4143
3103 4570
4153 4564
642 4516
571 4598
951 4434
3908 3963
2053 4116
918 4232
1717 1720
4144 4554
4151 4980
111 4996
3746 4239
4144 4441
2083 4418
1585 4384
4420 4813
43 3617
2102 4829
1373 4900
2410 3490
2344 4191
842 4978
1100 3410
2535 4790
2422 4795
4193 4239
4230 4855
368 4847
3497 3615
2120 4505
4099 4239
2051 3238
4357 4896
3910 4591
3088 3850
406 1051
619 1244
1863 4351
339 3881
3918 4217
4561 4725
2906 3751
4258 4687
2774 4074
1248 4438
3132 4936
1798 4855
1871 4519
360 901
3148 4086
1664 3831
2580 4694
3114 4193
2728 4796
2263 3678
2762 4935
4144 4598
3017 4043
4178 4813
149 4283
4028 4790
2972 4487
1533 4817
2292 3703
4118 4633
624 1576
3181 4144
2514 4471
3165 4231
2473 4842
886 4818
2437 2683
2327 3771
3539 3659
4144 4880
2682 4603
3985 4230
2118 3483
1478 4965
2449 4786
3316 4186
2408 4127
1789 4859
1510 4036
926 4677
1561 4994
4375 4564
2429 4923
2640 3461
438 4952
2223 4021
3522 3543
3103 3350
4302 4847
3162 4973
3438 4363
3157 3989
2790 4853
1729 4606
3396 4829
3868 4124
1188 2841
1137 4827
4818 4906
4040 4695
2718 4739
3698 4143
1275 3154
3380 3892
4242 4334
2069 2152
2503 4926
4018 4774
1614 3253
99 4730
4848 4851
242 2763
460 3734
3282 4790
3362 4865
2588 4441
2918 4931
944 4917
3190 4704
3284 4144
3616 3889
2659 4786
3282 3549
2259 4384
4592 4881
4357 4745
633 4824
2918 4495
1694 2118
2180 4722
3918 4896
571 4732
3302 4336
1689 3148
607 4603
3682 4802
2332 2567
2962 4267
2388 4351
4613 4909
4225 4757
3615 4361
159 4036
3102 4564
4566 4965
2277 4787
3960 4909
698 4269
3061 4551
1247 4622
3284 4641
1860 4890
2700 4722
2388 4787
4516 4917
947 4906
1908 4603
2588 4255
4157 4246
192 4936
1042 4468
1604 3114
1692 4881
4471 4476
2083 3370
3625 4438
2888 4116
1781 4043
2385 4564
2086 4721
2954 4744
4721 4935
1130 1677
1914 3702
1137 4606
2756 4483
3081 4487
1193 2606
3887 4934
3596 4529
430 4035
1905 3259
3041 4813
4258 4362
2300 4609
2683 3140
3461 4182
2728 3653
1272 4714
3593 4463
929 4474
430 2104
2017 4068
1086 4762
1665 4496
3718 4512
1002 4722
3440 3918
47 2254
435 2152
198 4818
2292 2489
1528 4496
3440 4225
2683 4534
3453 4774
1212 4649
2124 4851
3963 4935
1488 4283
1590 2941
1698 4546
3539 3615
2585 4336
434 3875
3981 4525
818 3650
1863 4568
344 4909
1342 4484
42 4227
3436 4451
3381 4931
3464 4774
3533 4132
1250 4865
1729 4900
4367 4745
3850 4169
4519 4546
928 4877
2475 3542
823 4565
1608 4933
1698 4827
3703 4384
1858 2585
3887 4649
4677 4994
3145 4653
3393 4603
542 3761
2406 4023
2210 4994
1365 2353
4157 4890
4653 4853
4367 4451
3267 3819
4818 4935
3844 3989
83 4874
2223 4677
2259 3777
3058 4896
1304 4989
2109 4211
2613 3362
2936 3651
1377 4618
2172 4645
1386 1772
2684 4847
4476 4591
674 4824
3554 4622
1858 4721
3727 4460
3238 3428
3128 3730
2767 4225
4400 4886
1071 4706
4512 4851
1937 4299
4851 4859
1746 4668
2343 4460
2115 4565
1130 3256
1248 4484
4217 4246
3239 3682
2793 4186
947 3067
3139 4408
1445 3881
1589 4566
3992 4965
1576 4495
1704 4420
3295 4225
125 4935
3281 3868
3423 3561
3089 4925
4038 4874
4296 4756
3149 4732
1027 4678
3490 4487
2699 2922
4952 4965
3175 4978
337 3381
3436 4786
1772 4420
65 4934
293 4054
1397 4537
3362 4668
3497 4886
1343 4568
2935 4847
1212 4817
2172 2429
4148 4159
191 4721
1858 4642
4124 4128
61 4762
855 1799
3682 4519
3868 4720
2104 3771
4234 4787
2921 3920
3226 4912
3554 4741
190 3233
135 4704
1332 4376
1000 4865
4118 4561
4376 4848
215 3575
4418 4694
3256 3490
886 1312
2806 4695
2442 2737
4368 4483
4570 4829
3314 4923
3446 4711
3148 4534
2498 4996
2941 4496
1497 4714
4721 4996
1299 2109
3889 4186
2238 4376
4186 4818
4259 4697
2610 4067
4067 4534
4267 4546
898 4212
2038 4144
280 4739
3490 4182
3438 4533
2605 4609
190 2170
533 4873
804 2489
721 1765
2069 4917
3653 4677
634 3446
1626 4931
3454 4040
1433 1772
4087 4463
113 4730
2645 4231
3380 3994
3316 4665
3208 4460
4035 4906
1252 4676
850 4912
1186 4323
3994 4906
149 4564
1581 4208
4018 4570
2474 4035
2763 4934
1249 3423
2525 3963
3596 4872
1475 4074
2613 4668
1267 3183
4746 4952
2343 4848
2778 3024
2522 3549
3141 4428
1019 3219
1592 4153
1376 3395
176 4746
1231 4896
3504 4471
1698 2127
1339 4086
2370 2451
4128 4730
1522 3879
1717 3751
1130 3474
4674 4684
4351 4988
48 4496
2773 4739
831 4795
227 3698
4043 4855
884 3400
1725 4730
4451 4725
1002 3598
1367 3866
3435 3436
823 4901
1321 4795
2110 2146
2763 4791
2522 4042
4153 4720
3350 4322
1490 4932
1553 4642
2684 4693
1475 2524
251 4357
2962 4978
3299 3908
989 4880
4500 4757
504 1626
129 4741
1178 4744
3180 4132
3640 4043
1525 3879
2918 4872
1562 2929
1931 4824
388 4500
3380 4996
4603 4649
3149 4512
1909 1934
4336 4721
3572 4744
2191 3310
1332 3470
2498 2737
650 3749
3274 4926
4026 4149
3281 4106
3286 4912
4988 4994
170 4622
2048 2402
3800 4756
4824 4926
3435 3967
842 4207
3395 4214
2520 3985
3875 4512
542 4936
1249 2696
3102 4211
3543 4487
955 3546
1019 4762
1533 4124
2784 4853
2143 3730
3481 3570
1552 4471
2684 4277
2438 4087
4744 4988
2038 4533
4149 4533
1680 4095
820 4351
336 4591
3497 4921
3479 4217
3208 4035
3007 4745
4149 4695
624 4790
2880 4255
3102 4702
3640 4193
3470 4258
3069 4368
2074 3278
3497 4827
2659 4909
3987 4453
3194 3850
1567 2214
865 4932
4042 4302
3990 4267
1935 4931
1961 2877
619 1210
91 4817
2438 4534
1241 3746
4293 4598
4592 4934
3817 4283
2096 4136
3581 4415
1791 4367
4151 4564
2402 3885
1193 2661
2098 3658
4363 4534
3658 4978
1708 4695
4141 4213
3869 4128
2699 4827
4375 4901
334 4153
337 4926
1939 4795
1247 1795
1918 4525
868 4827
150 4622
3959 4428
4234 4988
1990 3140
1039 4408
3275 4363
4153 4671
4190 4302
2344 4234
1904 3744
3253 4741
1789 3651
3777 4478
2681 4880
4262 4565
2214 4674
4036 4931
138 4023
1349 4855
1848 4266
2466 4144
2116 2788
2206 4118
2932 3654
1799 4363
3572 3730
4645 4899
2209 4227
1547 3454
731 2547
951 2214
676 4308
3355 4790
274 4471
1865 4564
1251 3061
1983 4909
2618 3966
1275 4232
2051 4876
2245 3761
3089 3892
3281 4323
334 2972
2232 4359
2587 4952
1137 2109
4237 4678
1937 4739
3905 4519
97 4565
1165 4653
3468 4881
226 3746
3992 4704
4653 4924
4239 4463
484 4925
150 4741
1533 4759
731 4741
2398 4537
591 4730
2567 4973
147 4334
504 4684
4551 4732
3102 3858
2358 4159
2254 2728
279 633
1440 1441
1448 1592
3566 3775
944 4932
2184 2305
3609 4786
3963 4906
4143 4232
2075 4741
1645 4702
4213 4239
3284 4182
4704 4786
2398 2929
1262 4730
1692 4512
2674 4072
3987 4072
1651 4934
2732 3616
3967 4561
1595 2535
605 1244
1000 4035
1002 4141
1599 3088
3338 4978
4106 4722
4532 4965
2700 4023
1139 3314
1108 4451
4023 4246
3543 4072
170 2568
2127 2999
3338 3844
2949 4550
4036 4242
1916 2484
1904 4725
3777 3966
595 4319
1311 4936
4030 4500
1943 4072
3564 4529
192 4633
4351 4787
369 3083
1560 3469
315 4706
831 4478
2245 4296
430 2661
2659 4912
170 1777
2266 2806
3858 4519
3983 4796
72 4795
2124 4732
244 1940
4357 4909
3233 4924
2779 4137
2165 2670
3616 3963
2441 4725
2954 3314
3570 4423
4208 4796
300 2524
739 4529
4242 4865
1854 4099
1441 4965
4817 4876
3440 4613
1365 4368
4566 4694
1918 4308
2146 2336
1790 4697
4072 4258
2577 4191
2410 4408
3008 4744
3089 4721
2206 3564
1026 4671
453 4818
293 4877
4912 4989
1188 2935
1305 4266
2410 3461
1548 3238
4896 4912
191 4925
3963 4818
1697 4900
1415 4633
1860 2252
1793 4924
3368 4711
1139 3777
4042 4190
3581 3880
274 4368
2263 4877
2370 4213
3278 4923
118 3274
4495 4570
1188 4106
2468 4649
4217 4357
1270 4561
4217 4598
4124 4934
3490 4144
3879 4213
2266 4695
4246 4890
2238 4143
3458 4693
2877 4043
2748 3284
3174 4674
3453 4505
2053 3454
37 3881
4018 4931
2345 4148
4568 4720
4747 4952
1106 4232
1088 3599
1252 2322
3396 4877
4137 4178
2530 4925
3393 4899
1311 3918
2243 4225
1253 3667
4182 4554
1456 4722
1641 3438
4180 4319
1241 4384
3734 4408
238 3769
2069 2940
912 3158
970 3580
4384 4921
2849 4269
3590 4266
486 4478
182 4626
3744 4901
1180 4909
1753 3881
2140 4933
348 4018
3866 4917
1767 4684
4273 4512
1086 3615
3760 4591
4375 4827
867 4824
37 3819
398 3769
4505 4774
3658 4824
3395 4463
4204 4865
820 4865
2784 4653
1161 4912
1410 2998
3089 4665
4111 4420
291 3490
892 3230
1073 2337
2214 3170
2344 3464
624 3983
3539 4694
3564 4227
2284 2285
129 4622
60 4886
4036 4881
4420 4890
2507 2542
3539 4532
1781 4855
605 4714
3598 3879
1410 1645
2365 4706
99 4550
3061 3885
2488 4468
4671 4988
4434 4704
1525 4847
1717 2493
2127 4606
3061 4732
177 926
4026 4127
818 4262
2468 4739
1312 2940
957 4375
4384 4933
3314 4159
215 4408
2732 4277
4694 4921
2579 3817
4153 4568
368 2684
625 3464
3381 4546
3286 3410
4217 4744
3639 4423
1465 3992
2545 4363
4677 4813
1415 4434
2756 4855
3549 4813
557 4343
4227 4362
2503 4978
2983 3609
3500 4741
1252 4730
2176 3654
3554 4023
1653 1765
2577 4909
3610 4525
319 1789
2836 3673
597 3067
3438 3481
530 4336
4159 4418
1939 3703
2426 3987
865 4926
3070 4038
1969 4626
4529 4687
3879 3886
3203 4813
69 3058
3566 4026
2941 4227
3360 4067
3446 4739
139 2120
2056 3850
191 3892
597 3345
1905 3194
1901 4565
3041 3299
4095 4368
1343 3057
2243 4757
2578 4570
4484 4694
2442 4741
1904 4901
2324 4980
4231 4237
3698 4848
3440 4757
3404 4144
3338 4169
3008 4988
2402 4551
2988 4546
2718 3971
4178 4519
1386 1397
4351 4720
1990 4704
3084 4874
1533 4988
3479 4106
2206 2888
1026 2190
3158 4213
557 4460
1114 3819
850 4745
960 3529
3866 4262
3673 4028
2451 4978
3532 3905
1114 4534
1249 1713
1202 1713
2732 4996
4415 4697
3607 4070
1901 4213
398 4101
4269 4824
4438 4613
868 2999
3761 4343
105 2469
1712 4376
2474 4790
1098 4028
3775 4626
3061 3734
1089 4932
4668 4877
1525 3532
4872 4890
4323 4645
488 4693
3390 4438
4453 4687
3278 3887
1624 3157
2429 4934
1870 3338
2790 4924
3267 4336
2773 4711
4440 4756
2977 4757
3543 3987
3944 4193
2310 2941
1849 4671
3381 4267
4554 4598
2140 4774
4157 4923
1553 4925
2062 4653
1262 4550
1314 4359
3920 4678
3963 4277
231 2732
2456 4934
3889 4906
918 4848
2699 3546
2681 4886
1433 4841
1614 4516
2484 3691
3433 4988
3889 3908
217 2653
2165 4239
3238 3463
3967 4936
4028 4361
3749 4118
1488 1645
1854 4463
2348 4231
4042 4211
4368 4471
1251 4231
2666 4137
750 3673
2180 4847
3918 4277
656 4537
1041 1490
4363 4423
633 4926
3003 4592
1725 3617
2674 4362
1908 3148
1323 4926
2332 4471
3959 4334
3981 4841
3607 4978
3092 4525
2642 3362
4040 4874
1990 4633
1373 4665
2588 4934
2605 4896
2209 3650
3564 4687
2083 4525
1653 4706
3892 4925
594 4505
2880 3239
3532 4824
3203 3549
2962 4877
35 3542
4234 4720
4546 4926
1485 4137
204 4182
1848 4151
2146 4720
2616 3869
3625 4212
2086 4725
91 4842
4474 4881
3546 4906
3175 4143
1272 1626
2618 4901
2774 4035
3213 3959
672 3751
48 4277
2779 4747
3610 4721
274 4095
3453 4124
4532 4886
3966 4554
2784 4989
2275 4227
504 3580
4687 4796
3157 4714
3007 4899
2580 4876
198 4935
855 3275
1790 3057
319 4877
1939 4706
3910 3959
2160 4468
3840 4476
212 4694
855 4924
929 1267
1168 3157
4132 4790
4018 4714
1156 3229
344 572
3274 4487
1782 3987
823 4725
3879 4043
682 4874
947 4471
460 4609
1382 4872
1720 4476
249 4965
4641 4851
4418 4876
3850 4322
2051 4921
2642 4598
1719 4028
625 4505
3443 3840
4127 4286
334 4759
4565 4909
928 4865
1178 3041
4107 4994
3727 4848
3226 3378
2358 2946
3470 4453
1865 4872
33 4143
1659 3024
3286 3310
820 3910
655 4283
4213 4847
1248 4853
3616 4149
1100 3469
3470 4487
4909 4989
2160 4591
1816 3393
1098 4926
3141 3760
2214 4554
485 4988
1765 3639
1801 4633
2375 4877
3141 4591
605 1581
3078 4645
947 4277
1725 4550
3483 4468
4901 4909
2086 4642
3284 3433
3787 4371
619 2438
3141 4242
710 1342
1262 1915
2941 4375
886 2983
3667 4973
2600 4881
3910 4334
1746 3707
3875 4242
2356 4529
4217 4363
4124 4817
1040 2911
4127 4242
1559 4212
2042 4246
2332 4483
989 1590
918 3698
3479 4570
2074 4934
721 4721
3651 4874
1321 4566
3003 3811
3281 4817
1871 2779
4217 4912
497 3083
1051 3590
3727 4232
1905 3850
2283 3199
3920 3966
1553 4702
3478 4178
1585 1654
1099 4565
2110 4865
4182 4441
1791 4072
4721 4732
3041 3438
3761 4225
3600 4796
4308 4519
139 4505
568 3944
2662 4296
3910 4136
3078 4899
2324 2762
4277 4525
571 4757
4829 4865
1188 4136
125 4500
4665 4923
1015 4732
4423 4795
3615 4566
3504 4890
2254 4693
4296 4645
2727 3866
4706 4759
3180 3378
2670 4609
4818 4841
2999 3654
3881 4973
347 3208
3760 4909
887 2398
4115 4519
2962 4859
1755 4191
1218 4722
925 2911
3368 4980
1906 4208
4853 4873
2292 4933
4603 4899
2903 4434
868 2922
898 2172
3104 4952
2922 4463
2388 4988
1023 4030
1373 2576
1331 4115
3368 4641
2375 4859
2514 4988
647 4874
3529 4722
113 4550
4132 4484
3174 4322
883 4931
4418 4952
1610 4483
1514 4476
3800 4796
348 4989
4124 4842
4169 4714
2300 3174
4744 4759
1961 2358
3278 3590
3718 3875
599 4865
3469 4876
3181 3886
4186 4935
3157 4570
438 4566
3289 4818
484 2577
3539 4886
3275 4423
212 4695
2672 4368
3920 4720
1598 4725
1599 3844
3703 4876
2584 3360
3041 4363
2806 4149
1680 4368
4299 4415
3879 4042
3458 4302
3302 4996
3165 4191
3089 4336
388 2877
4434 4674
3990 4978
4525 4906
649 4877
1219 4847
2365 2610
3866 4791
3463 4440
410 4423
348 4818
3667 3890
2845 4786
2208 4334
2652 4841
1214 3901
2998 4613
4566 4747
4259 4996
3443 3760
1514 3910
83 3428
1871 4178
328 4476
4180 4676
1662 3180
154 4757
4116 4441
2365 4384
2906 3017
3673 4790
1465 3145
4359 4361
2209 4912
1906 2672
1311 3458
4787 4988
1528 4529
138 4722
4144 4697
1553 4721
2385 3474
2762 4357
1614 4319
3600 4900
4308 4671
2388 4711
3904 4127
4564 4880
2075 4896
2437 2661
2456 4537
374 2568
4148 4934
886 3435
2422 2524
1860 4371
2422 4933
3395 3593
3960 4322
2422 3316
4423 4899
1202 2793
2451 4267
2178 3761
1033 4973
4532 4952
3007 3918
2016 4877
3237 3617
1231 4440
850 4357
1100 4978
515 3132
567 1304
4706 4848
3230 3360
3299 4182
3651 4877
4678 4693
1327 2983
2645 4191
1331 4813
4706 4933
986 4978
4598 4802
2083 3542
3396 4872
2110 4693
2906 4925
2327 3575
3702 4101
1947 4965
249 4471
4551 4756
2469 4747
3566 3751
1934 3084
1943 4641
4400 4952
3497 3673
2577 4774
1497 4273
4137 4994
1382 4934
2043 2584
4030 4855
4227 4687
97 4909
3468 4474
645 2125
89 4980
3433 4568
2043 4227
1098 4267
1528 4687
4367 4989
1863 4720
4613 4725
1614 4622
3760 4371
4144 4182
3175 3746
4376 4606
291 4505
4566 4876
1947 4357
205 4564
2176 4827
380 4363
2788 4367
227 4232
725 4745
1485 4980
624 2535
1651 4592
608 4598
170 4273
1241 4933
65 4592
4099 4107
4211 4827
2488 4633
105 4068
279 2369
2682 4554
3183 4645
654 4299
35 4633
2645 4791
2344 4774
3904 3944
3983 4730
1916 3775
3153 4924
165 1781
3610 4906
4208 4756
3170 4965
3650 3866
421 4484
542 4757
2190 4900
4106 4847
3199 4741
4367 4896
3213 4038
470 4722
2143 4695
986 3511
1733 4653
2238 4232
2605 4704
1610 4932
198 4906
1561 4137
1088 4384
2277 4817
2441 4565
1576 4714
3905 4178
1156 4762
1708 4191
2080 4759
2336 4865
2949 3237
4747 4965
3158 4204
38 1219
1321 4952
2485 2674
3170 4434
3959 4694
1485 4299
3607 4267
2343 4082
3154 3504
863 4440
4923 4931
3278 4246
951 2165
3428 3734
291 4774
1664 4933
3731 3811
3302 3761
1193 1312
2252 4371
3504 4214
2977 3529
591 3310
2887 4598
2845 3226
3511 4824
2929 3081
4694 4952
3145 4853
3199 4622
2493 3104
3145 4678
4082 4266
1782 4214
3892 4642
3229 4207
4886 4952
4554 4561
3479 4023
567 725
3067 4267
2737 3994
1382 4157
4111 4537
3256 4678
3440 4259
3702 4239
1984 3058
3811 4532
1590 4266
2428 3017
339 4824
2587 3390
3869 4067
1002 2935
4159 4451
4609 4674
2145 3866
3438 4762
1479 4124
2053 2300
1780 4881
4323 4603
4400 4876
3259 4242
2640 4802
1598 4157
2895 3338
2946 4609
3355 4400
3904 3920
339 4116
2429 4592
1410 4935
339 1033
1594 3590
1747 2140
2808 4880
1594 3817
707 4671
3461 4598
2696 4859
4842 4988
2002 2053
2767 3761
1677 2681
1155 4722
1410 4525
3070 4653
198 4978
470 3350
2545 4423
1753 2189
2877 3640
1908 4296
1753 4714
1956 4678
3654 4043
2398 4151
4363 4695
4926 4935
4148 4246
3400 3404
268 4665
855 4695
912 4829
1285 3960
4137 4182
4230 4500
1094 2808
99 4848
4204 4829
2145 4021
4483 4495
3284 4441
735 4519
3233 4653
3817 4702
3479 4847
4344 4759
1413 4534
3983 4848
3199 4319
3378 3533
1374 3529
2880 4877
739 2674
3081 3539
2849 4054
4495 4855
4592 4872
89 4697
352 4720
4367 4649
1514 4855
2104 4234
4725 4909
3572 4813
1231 4859
2642 4141
2466 3580
37 1639
3610 4841
1801 4561
3286 4989
231 3889
2652 4818
816 4225
2618 4817
2484 3566
4649 4896
1367 4741
129 4516
3157 4018
3057 4674
4149 4423
4756 4817
4153 4988
1592 3749
489 4996
3083 3438
47 4973
1793 4653
4622 4865
985 3259
4208 4440
1522 4141
3890 4973
3761 4259
3203 3994
150 3253
2637 4322
3058 4537
3390 3395
4438 4787
3272 3454
4872 4934
1168 4965
1550 3102
1374 4471
207 4359
2232 3561
3213 4653
1308 4299
1694 2356
2684 4023
3162 3267
4180 4787
64 4994
827 3959
1601 4153
1914 4128
1575 2584
4890 4906
449 3966
2653 4026
1015 4851
48 4453
435 4932
2935 3777
3479 4237
1799 4695
1955 3596
1015 4881
612 1595
2381 4978
1587 4790
1990 3190
3731 4246
3165 4505
226 1777
3598 3787
1780 3673
2305 3158
2451 4732
369 4423
497 4874
4067 4086
1680 4483
1939 4933
1210 4747
3730 4533
4043 4230
3203 4994
1601 4912
3199 4529
929 4618
31 3775
846 4668
374 4598
2232 2606
3992 4534
4151 4283
2584 3230
374 3128
901 4299
3566 4030
3380 4994
1098 3607
710 4028
4641 4848
1610 4434
2626 4067
1801 3967
177 4519
348 4931
2906 3678
1967 3844
563 4695
3405 4468
2369 4505
486 1149
4440 4796
3497 4566
2998 4901
3478 3858
3522 4598
1475 4880
567 4357
3905 4371
2180 4213
2588 4890
2798 2888
2369 4180
4665 4796
1567 3174
3281 4842
1000 1002
3659 4694
868 4653
7 4720
2324 2344
2488 4021
3892 4336
2886 4230
1560 4603
1299 4606
2895 4790
3625 4853
1755 4505
3532 4978
1780 4732
2578 2728
3454 4626
2936 3368
4344 4988
3008 4344
644 3350
3170 4697
89 3971
2254 4471
3963 4841
2469 4952
4525 4876
4343 4613
212 3542
2327 2475
4259 4343
1958 4917
2048 4935
4592 4988
2584 3992
1440 3454
960 4483
352 4787
3667 4684
1610 2940
2718 4141
2610 4086
489 4546
4694 4965
111 4721
597 2442
3971 4711
2410 4598
2696 3609
4072 4227
2184 4204
3181 4441
4886 4965
485 3542
2887 3158
3289 4872
3904 4384
3960 3963
337 1931
3141 3840
1285 4054
1909 3078
2895 3844
947 4935
1780 4641
173 4851
1969 2263
3568 4851
2243 4343
3170 4746
3041 4115
898 4994
892 1287
1110 4865
957 3749
563 4149
2143 2763
69 4420
4068 4906
1192 2774
135 4697
1000 4872
4208 4714
883 4038
2605 2756
1729 4827
3610 4935
215 3139
369 4759
2208 4136
4323 4899
2903 4674
3433 4344
1804 3183
4246 4923
337 1323
2728 4988
731 4319
2305 4829
4890 4934
4546 4551
2208 3840
3017 4418
3003 3731
4678 4791
1947 4532
3149 3875
65 4923
3401 4851
4227 4258
2998 3003
503 3435
655 3102
2438 4874
2170 4546
3183 3393
478 3007
605 4931
3284 4367
4896 4989
2075 4989
2547 4741
152 4813
4478 4933
1313 4551
3730 4040
4286 4923
3908 4841
421 3673
1559 4853
1585 4795
1270 3405
4759 4842
1598 4564
1219 4626
300 4273
470 4609
540 4478
1384 4706
3461 3886
3625 3653
1377 4440
4159 4678
1983 4786
2666 4813
2489 4980
1736 3140
4267 4293
1782 4874
42 4994
1935 2385
1732 3539
3070 4853
4747 4886
1371 3181
3008 4817
3543 4687
1955 4592
3840 4591
695 1561
4153 4842
1377 4695
503 3580
4193 4230
1654 4829
1870 4622
60 4774
887 3058
1914 3905
1007 4842
3458 4023
3289 4525
979 4460
1371 4802
4344 4671
1915 4082
4741 4973
3869 4704
89 4711
1226 2933
4965 4980
1840 4757
1567 4674
1382 4876
3230 4704
3088 4169
313 4901
2906 3901
1114 3190
1267 3468
2736 4211
4371 4818
2428 4484
4668 4676
4038 4853
3148 3992
3237 3769
2978 4684
4068 4277
2949 3617
3800 4618
2283 4741
1015 4641
2605 4674
2954 4554
2209 4932
1100 4824
2542 4495
3992 4086
2209 4917
3149 4641
2377 4283
2887 3181
1313 2190
3295 3440
3273 4042
4277 4841
3405 4872
1594 4148
2284 4653
3479 4214
2017 4795
2245 2682
4645 4677
4204 4859
3944 4030
2214 4697
118 594
60 4827
1165 3625
4438 4924
3599 4921
1755 4774
3141 4476
4023 4722
99 4101
1410 4818
3981 4186
2596 3259
3381 4926
2779 4107
747 4213
4137 4677
4711 4744
3890 4116
2596 3338
2210 3549
1704 2125
154 4225
2579 4880
957 1552
2998 4725
4693 4847
2605 4322
4824 4978
2069 3140
4217 4367
2736 4334
217 3775
3433 4099
4040 4149
2310 4896
4859 4921
1781 4529
3139 4529
3561 4848
1694 2750
3239 4598
3918 4745
2002 4759
4533 4802
515 3295
4451 4786
1601 4787
3008 4842
2941 4687
2524 4273
1744 3529
2683 4505
2081 4900
2080 4817
1624 4714
3734 4756
2137 4881
2102 4877
3289 4186
1089 1958
4230 4645
4308 4813
804 4795
2398 3478
3284 4554
1088 4933
169 4881
1244 1581
3390 4923
1967 3338
1000 4873
4302 4474
1575 3165
4293 4418
3347 4693
3165 4774
176 1769
2677 4865
1944 2160
3273 4106
1021 4483
1908 4645
1485 3380
3886 4841
4872 4923
2798 3819
4532 4633
3400 3703
3760 4136
1376 3084
1202 2696
3887 4890
4921 4952
1698 2932
2345 2429
4674 4704
1920 4642
945 4978
1858 4565
3698 4996
1382 3811
957 2348
4231 4598
4207 4546
1561 4178
1728 2841
3174 4704
1039 2475
782 4564
4227 4487
3305 3667
512 4296
2181 3479
3596 3811
4848 4906
2115 3744
4533 4695
2525 3616
4909 4912
1415 4106
2522 4722
4745 4896
1728 4533
1098 4978
2790 3390
1592 2080
182 244
249 4368
2836 4790
1021 4095
4551 4618
1262 4899
2525 4068
3103 4714
1201 4678
2988 4978
3061 4900
4570 4711
313 4054
1909 1970
1071 1585
1501 4827
3464 4900
3153 4038
2176 3546
4127 4626
3575 4035
2612 4900
422 2190
410 4463
37 3024
3542 4762
1218 4564
1767 4744
4824 4906
2888 3267
4367 4909
2727 4262
2053 2567
340 4029
3089 3994
1641 2841
512 4359
2640 4598
2451 4546
2798 3267
2596 3989
882 1342
1044 4973
884 4127
2845 4255
3959 4591
2232 4855
2377 3219
4296 4899
223 1732
3003 3887
4101 4550
3289 4935
850 4989
3347 3458
312 4468
3316 3600
3436 4865
2043 3727
892 1019
3590 4880
3615 3659
1106 4460
1478 4693
1719 1722
2612 3600
2098 4855
1033 3419
4344 4817
1249 4877
1042 3483
1465 1548
3769 4730
3718 4706
125 3396
72 3920
1854 4441
2808 4266
1219 4418
1811 4925
3088 3844
3463 4551
3433 4842
429 4028
3904 4706
1155 4302
3390 4653
1665 4973
2285 3208
4023 4141
2683 3869
1581 4931
3731 4890
2277 4269
1514 4591
2048 4618
1272 4495
1073 4706
3546 4606
435 4917
2275 4258
1753 2053
138 4237
564 4671
3593 4099
3918 4786
1374 3819
3174 4697
111 4925
3175 4848
4277 4935
4756 4900
1733 3208
2489 3920
4468 4633
2670 3844
2836 4906
4618 4756
422 4762
633 3607
2438 3593
1548 3278
2223 3041
959 4973
453 2016
485 4886
2507 4018
1906 3233
886 3149
1641 4040
1094 3542
4899 4925
1497 1501
4732 4881
3267 4899
3640 4423
1110 4859
2587 3153
3355 4484
3787 4537
1406 4774
1961 3400
2337 4115
139 3718
2298 3640
842 986
3114 4855
2125 4267
2567 4116
1344 3239
1747 4847
4095 4483
1662 3282
3918 4989
2485 4687
929 3532
1744 4095
3295 3731
702 3787
2300 4674
3149 4881
3497 4400
3153 4438
3464 4231
4070 4438
2190 4087
3396 4385
2184 4255
3659 4886
3901 3904
2077 4428
4277 4906
3299 4186
1587 4931
2172 4877
2336 4829
2074 4500
2316 4230
3568 4375
4029 4214
489 4926
1377 4796
3875 4881
1576 4931
360 2316
2642 4802
2160 4030
1000 4829
4124 4153
1604 4299
1109 3355
4344 4762
3194 4169
3598 4141
2616 3992
3419 3819
4495 4931
4336 4642
3691 4865
352 4996
599 2683
3990 4926
3350 4697
440 2568
3463 4367
1746 4633
1708 2298
2666 4115
453 927
1765 2576
1247 4095
1501 3483
3726 4988
2652 4068
1599 4859
1767 4677
3561 3609
1870 3253
2322 4082
891 2115
2585 4996
1639 4973
1920 4336
2137 4641
3237 4101
2600 4182
3259 3850
2206 2954
2337 2921
2038 4759
4934 4936
2718 4980
1722 4361
1654 4932
1585 4204
1343 3868
710 4484
2535 3533
2263 2978
3345 4116
3971 4415
2600 4641
2542 4018
406 4818
2578 4796
2774 3208
2102 2613
2422 4886
2422 2618
398 3078
3378 4361
2438 4214
2918 4566
3985 4855
1168 4952
1697 2859
4124 4720
197 4917
125 3299
3542 4618
428 4111
4042 4693
4759 4923
2587 4924
1186 2077
3453 4231
3971 4739
1937 4711
3616 4818
2370 2988
2189 4116
2191 4730
2932 3546
1130 4880
3901 4384
4334 4973
217 489
1849 4842
1485 4739
687 4732
3539 4746
2962 4824
3868 4988
4072 4362
3840 4496
557 2238
1327 2606
2337 4795
4336 4925
1713 3423
4746 4965
4923 4935
2051 4592
654 3401
1905 3345
1914 3617
1226 4343
3350 4609
592 4550
645 4420
1155 4190
1272 4931
2077 4899
2002 4973
2238 3990
3213 4070
3905 4677
1772 4246
1873 4668
942 3483
4649 4989
3463 4665
4029 4239
4227 4529
2524 4408
898 3658
2358 3474
3539 4921
3886 4554
1870 4319
1106 4143
3117 4744
111 4336
1397 3058
2932 4827
2983 3561
3104 4886
3566 3967
1188 4847
612 945
1250 2375
1873 2375
43 4668
3345 4606
2096 3639
4591 4934
2254 4116
3103 4931
4512 4732
3078 4296
1983 4912
918 3272
3370 4762
2503 4267
594 4791
3653 4115
2626 4704
1790 4912
1441 4746
4375 4702
410 4841
2381 4851
280 4896
725 4909
647 3746
4026 4626
4829 4859
337 4917
2636 3734
2788 4368
1241 4641
3275 4533
3267 3761
2305 4865
3233 4438
4367 4606
3682 4554
735 3478
3041 4519
2327 4408
2116 4106
3273 3360
2954 3966
1344 4909
61 4865
3881 4561
503 4827
3117 4127
2880 4865
2022 2316
3370 3691
2254 4208
1590 4880
2285 4273
3081 4496
4561 4633
655 782
2748 4926
3481 4671
3920 4384
4693 4722
1180 4901
957 4476
1604 1769
4532 4921
1377 2576
530 3994
2514 3433
1109 2118
540 2422
1587 1935
2542 4570
1415 4561
3875 4848
2170 4877
3892 3994
927 4678
4453 4529
1299 1860
656 4890
2038 4554
1241 2921
2292 3920
3868 4671
4068 4070
1262 3237
3267 4973
4570 4931
710 3355
1410 4841
2124 4512
4357 4912
2547 4516
2209 4262
2640 3181
1641 4423
2921 4384
1445 3667
1479 4759
1562 4537
3726 4671
1799 2841
2377 4855
1019 4925
3461 4554
1559 2922
4232 4865
1715 4484
2640 4441
3461 4028
3667 3819
3607 4926
925 4323
4653 4725
2191 3702
2042 4923
696 4932
1780 4512
3698 4232
1382 4106
1000 2613
2542 4931
1528 4362
1943 4881
4896 4909
2530 4874
2530 3746
423 1547
3703 4795
398 4375
1934 4874
4204 4385
1110 4829
60 1573
4400 4965
2388 3522
530 1349
4923 4934
1641 3229
3718 4851
3380 4925
1816 4886
4214 4874
4817 4842
4711 4935
4362 4626
1993 4415
1272 4787
3084 4463
99 3639
4371 4420
1042 3967
1915 4872
1990 2683
3678 4626
4082 4180
4408 4415
2547 2793
315 4204
2243 4936
1406 4529
1373 4440
846 4375
4038 4901
280 4980
4255 4385
4115 4137
449 4790
1915 2859
2568 4570
4234 4351
747 3879
1086 4876
2580 3866
3702 3769
315 4795
4359 4645
2068 2441
2659 4217
1044 3267
2184 4385
2653 3678
2972 4362
3971 4299
2798 4973
1023 3640
4308 4677
4568 4906
2933 3183
1448 4695
1816 4359
4035 4618
497 2936
3410 4277
2223 4994
268 4551
2176 4211
1906 4756
2469 4932
571 4881
1501 3170
3140 4534
2808 4151
2661 3561
4259 4936
568 4865
337 656
1626 4495
1308 2468
2232 4230
642 2798
3078 4474
1920 2017
2298 2449
3901 4741
2784 4924
3140 3869
2585 4925
1373 4796
2949 4101
3003 4923
2445 4273
489 4721
3057 4697
3299 4525
485 4694
2152 3650
342 4880
1308 4980
2184 4829
945 3673
2584 2610
1934 3175
2428 4790
2618 4565
4068 4935
1744 2788
4137 4996
3299 4935
2845 4912
2849 3960
3436 4367
3698 3702
4207 4695
695 4994
3141 4334
3678 4127
118 4774
4841 4935
2933 4532
4674 4906
3678 4921
2358 4791
3305 4367
644 4933
4532 4747
4319 4813
3908 4277
1501 3481
1795 3162
4111 4890
818 3239
3272 4286
2886 4855
2779 4677
2962 4255
989 4283
2048 3734
2773 3008
1155 4693
3469 4978
3875 4851
138 4931
3368 4415
449 4591
113 3682
2784 3625
3181 4554
3436 4745
2336 4859
1840 3440
2530 4029
2748 4144
212 1589
3463 3777
4451 4896
1624 4570
650 4495
3564 4453
842 3616
2410 3522
4336 4996
3170 3511
672 4190
3350 4159
180 2700
3273 4847
643 4745
352 4932
2790 4438
4546 4824
1589 4876
1573 4802
3438 4695
4434 4697
4204 4211
2172 4533
1485 4500
3117 3572
2682 4633
3070 3213
3347 4722
1406 4687
4207 4824
4225 4598
347 3992
4029 4926
3282 4453
1186 4899
831 3703
2626 3992
2929 4400
1270 4468
1811 4721
4021 4645
1969 3566
3314 4148
398 1725
3887 4923
892 2577
3156 4694
1983 4649
2998 4054
2170 4829
2140 3885
2790 4687
4876 4921
750 4361
3281 4720
4519 4886
3543 4453
2410 4554
3819 3881
2748 4598
2180 4141
3522 4128
3875 4732
4649 4786
3568 4211
2616 4704
1906 4269
2522 4693
986 3607
1311 3162
4132 4877
2936 3746
3994 4996
3640 4159
1343 3890
4036 4082
3549 3905
1624 4931
2616 4067
2081 4796
1689 4988
3868 4787
865 4917
1094 4747
4371 4890
4231 4787
1384 4230
3718 4848
3203 4677
1692 3775
2469 3615
2933 4603
3616 4068
4532 4653
2324 4127
2845 4747
1916 4418
4259 4924
4613 4757
4344 4351
3546 4827
2445 4441
3157 4931
567 3395
3286 4649
3639 4207
3566 4418
3057 4434
3229 4423
428 4371
2949 4128
434 2911
2080 4988
217 4082
3777 3920
3625 4924
1094 3081
1863 3918
4111 4487
2469 3229
2662 4873
3987 4496
1918 4841
4745 4989
2999 3546
368 1522
2245 4899
4269 4909
1576 3616
2337 4933
2696 3435
882 4881
4054 4613
3401 4299
3817 4375
882 4851
1201 4973
4357 4649
3156 4921
1149 4095
970 1042
3443 3959
4334 4476
38 2653
1767 4813
724 3360
1367 4622
4334 4591
1479 4988
2763 4191
1958 2069
1015 4609
1665 4362
105 4230
328 4334
422 4936
227 4023
816 4936
1790 2903
488 2696
1485 4711
4451 4649
4144 4495
2356 4072
182 672
3069 4741
2567 2798
4618 4900
4653 4813
312 4561
863 4900
4359 4603
2849 4901
3734 4665
2530 3593
1138 4344
402 4817
1178 4994
2102 4865
2456 3787
2327 4293
649 4385
421 3180
3858 4178
209 3226
3253 3500
1342 3355
2109 4606
2737 4925
1114 4086
204 2406
1589 4952
3310 3702
1000 4877
912 4255
2488 4561
2918 4190
4204 4255
3170 4952
1250 4859
1692 4550
1767 4994
231 3145
7 3592
8 4578
31 4303
33 762
35 4044
38 4179
42 4681
43 4661
47 2479
48 2476
60 3337
61 1891
64 4845
65 4571
69 1985
72 4810
83 708
84 4801
89 3472
91 4608
97 4549
99 4535
105 4987
111 4954
113 4177
118 4698
125 4846
129 4282
135 4941
138 909
139 2274
147 4731
149 4102
150 3823
152 3784
154 4937
159 3307
165 4310
169 2187
173 1827
176 4821
177 1472
180 3197
182 1805
190 3704
191 4189
192 1388
197 4583
198 4914
205 4792
207 3036
209 3110
215 4304
217 4345
223 4393
226 4164
227 4910
231 235
238 4572
242 4825
244 3911
249 4956
251 935
268 2373
274 3445
279 1682
280 794
291 3439
293 4964
300 4034
303 4964
308 2396
312 3127
313 4201
315 4596
319 4113
328 4544
334 3136
336 2720
337 1280
339 4488
340 4430
342 3950
344 4364
347 1802
348 4646
352 2217
356 4689
360 3724
367 4941
368 858
369 4911
76 372
374 4252
380 2953
388 4825
398 4648
402 4039
406 3913
410 4808
421 1472
422 4007
423 4260
428 2995
429 4657
430 4922
434 1274
435 3859
438 3064
440 4612
449 4320
453 2782
460 4959
470 3537
478 4389
484 3422
485 3626
486 4607
488 4426
489 4907
493 4310
496 3048
497 4749
503 4930
504 4679
512 4562
515 1451
530 4767
533 3550
540 4773
542 4820
557 3834
562 1411
563 4002
564 4797
566 3768
567 3776
568 2842
571 4452
572 3048
578 4844
586 4869
591 1366
592 3622
594 3255
595 3722
597 4061
599 1828
605 2036
607 3329
608 4573
612 2262
619 4472
624 3447
625 4069
633 4456
634 4783
642 4473
643 4632
644 4891
645 1286
318 647
649 4927
650 4701
654 4059
655 3527
656 3912
657 2185
672 3426
674 4555
676 4929
682 4181
687 4823
695 4811
696 4200
698 2851
622 702
707 4567
710 4016
721 2236
724 3307
725 1401
731 1269
735 4887
739 2746
446 747
750 2665
775 4044
549 782
789 2688
492 804
816 3767
818 3611
820 1987
823 2121
827 3646
831 3387
842 2639
846 4755
850 4780
855 4340
863 4250
865 4339
867 4863
868 4783
882 4949
505 883
884 3624
886 4751
79 887
891 4378
892 4942
898 4574
901 2101
912 4075
144 918
925 2651
926 1469
927 3415
638 928
929 4401
942 4778
944 3704
947 1318
951 4339
955 4941
957 4982
959 4192
960 3837
970 3687
979 4892
985 999
986 4354
989 2712
1002 4863
1006 3951
1007 3621
1015 2701
1019 2591
1021 2976
1023 4902
1026 3692
1027 4651
1033 3480
1039 3026
1040 2168
1041 2280
1042 3060
1044 4970
1051 4531
1055 3940
1071 2153
1073 4278
1086 4992
1088 4690
1089 4508
1094 4750
1098 4620
1099 3201
1100 4390
408 1106
1108 4801
1109 1636
1110 4986
1114 3513
1130 4651
1137 3979
94 1138
1149 4776
1155 4578
1156 4257
1161 3556
1165 4632
1168 4282
1178 4473
1180 4785
1186 4022
1188 4705
1192 4571
1193 4938
1201 4427
1202 4907
1205 4031
1210 4986
1212 3958
1214 4389
1218 3538
1219 4675
1226 3592
1231 3029
1241 4540
1244 4897
1247 1874
1248 3311
1249 3770
1250 4521
1251 4122
1252 4553
1253 3168
1255 4849
1262 4809
1267 2351
1270 2747
1272 1600
1275 4768
1285 4806
1287 2013
1299 4272
392 1304
1305 4751
1308 3835
1311 2196
1312 4316
1313 4365
1314 3807
1321 4493
746 1323
1327 4843
835 1331
1339 3411
1342 3953
1343 4833
1344 4282
1349 4187
1365 3236
1367 3498
1371 4937
1373 3928
1374 2425
1376 4749
1377 4930
1382 1823
1384 3513
1386 4431
1387 3115
1397 4560
866 1406
1410 2497
1413 3384
1415 4497
1433 4783
1440 4884
860 1441
1445 4579
1448 4895
1452 3912
1456 2676
1465 4966
1475 4866
1478 2059
1479 3945
1010 1485
1488 3911
1490 4310
1497 4338
1510 2199
245 1514
1519 4602
1522 4416
1525 4850
1528 4976
1533 4188
1547 3000
1548 4245
1550 3689
1552 3984
1553 3457
1559 4929
1560 4492
1561 4614
1562 4975
1567 4854
1573 4276
1575 4939
1576 4224
1581 4263
1585 3098
1587 4465
1589 3962
1590 4743
1592 3950
1594 1699
1595 4849
1598 4821
1599 3343
1601 1994
1604 3418
1608 4378
1610 2461
1614 4263
1624 2295
1626 4949
1639 4170
1641 3074
1645 4958
1651 3753
1653 4307
1654 4542
1659 2993
1662 4450
1664 3516
1665 4681
1677 3612
1680 4628
1686 4821
742 1689
1692 4958
1694 4586
1294 1697
1698 2262
1704 4761
1708 4821
1712 2076
1713 1857
1060 1715
1717 4515
1719 4908
1720 4337
1722 3914
1725 4515
1728 4943
1729 4799
1732 4700
1733 2909
1736 1739
1744 4254
1746 4394
1747 4887
1753 4142
1755 3467
1765 1852
1767 2450
1769 4219
1772 4939
1777 3528
1780 2987
1781 3998
1782 4696
1789 2196
1790 2643
1791 2201
1793 3280
1795 4852
1798 4576
588 1799
1801 4971
1804 3168
1811 4709
1816 4951
1840 4549
229 1848
1849 3565
1854 4589
1858 4185
1860 4593
1863 2060
1865 4436
12 1870
1871 4356
1873 4997
1901 4340
1904 2668
1905 3333
208 1906
1908 3176
1909 2027
1914 4975
1886 1915
1916 3235
1918 2768
1920 4975
1031 1931
1934 4261
1935 4443
1937 2907
1939 4052
1940 4010
1943 4311
1944 4271
1947 4582
1954 4937
1955 4602
1951 1956
426 1958
1961 2501
1967 3741
1969 4771
1495 1970
1973 1975
1983 4947
1984 4457
1988 2853
1990 4655
1993 4199
2002 4629
2016 4683
2017 4639
2022 4938
2038 4399
2042 4573
2043 4080
2048 4785
2051 4960
2053 4780
2056 2060
2062 3671
2068 4897
2069 2417
2074 3675
2075 4800
2077 4686
2080 3231
2081 4597
2083 3784
2086 4975
2096 4081
2098 4320
2102 4617
2104 4628
2109 3716
933 2110
1434 2115
2116 4276
2118 4104
2120 4435
2124 4637
2125 3926
2127 4723
1124 2137
2140 3938
2143 3657
2145 4422
2146 3924
2106 2152
1132 2160
2165 3862
2170 4858
2172 3611
2176 4409
2178 4837
2180 4016
2181 3722
2184 3594
2189 2660
2190 2781
2191 4910
178 2206
2208 3957
2209 4698
323 2210
2214 2868
2223 2617
2232 4737
2238 3774
474 2243
2245 3954
2252 4585
2254 3917
2259 3725
46 2263
1773 2266
2275 4059
2277 3930
2283 3861
2284 2875
1941 2285
2292 3940
2298 3672
2300 3000
2305 2777
2310 4200
2316 4658
2322 4224
1921 2324
2327 3873
2332 4740
2336 4867
2337 4581
2343 2994
2344 4112
2345 4960
2348 4556
2353 4445
2356 4412
1516 2358
2365 4090
2369 3951
2370 3335
2375 4893
2377 3135
2381 4646
2385 3407
2388 4777
399 2398
2402 3363
2406 4708
2408 3856
2410 3969
2422 4781
2424 4318
2426 4619
2428 2852
2429 3531
1009 2437
1856 2438
2441 4930
2442 4602
2445 4892
2449 3594
677 2451
2456 3519
2466 3648
606 2468
2469 3026
1482 2473
1809 2474
2475 4895
2453 2484
2485 4172
2488 3864
1570 2489
2493 4828
2498 3838
2196 2503
2507 3788
2514 4571
2520 4585
2522 3843
2524 4614
2525 4820
2530 4184
2535 3945
2542 3178
1678 2545
2547 3298
1141 2567
2568 4963
2576 2581
2577 3515
2578 3422
2579 3883
1050 2580
2584 2993
2585 3536
2587 3915
2588 4879
285 2596
2600 4976
2605 4210
2604 2606
2610 3340
122 2612
2613 4080
2443 2616
2618 4022
2626 2964
2636 4272
2001 2637
2640 3645
2642 4893
2645 3191
2652 3277
2653 4391
2041 2659
2661 3317
2662 4389
1134 2666
876 2670
2527 2672
2674 4329
2677 3293
2681 4784
2682 3776
2683 4903
2684 4669
2696 2782
1618 2699
2700 4782
1771 2718
2727 4281
2728 4339
2273 2732
2736 3921
1596 2737
2748 4543
2750 4223
2756 4391
2762 3776
2763 3964
2767 4131
2773 4776
2774 4734
2778 4920
2779 2898
2784 4826
2366 2788
2790 4760
2793 4966
1437 2798
1600 2806
2630 2808
2836 3059
2835 2841
2845 4490
2849 4736
2859 3893
2877 4142
582 2880
2886 4494
2840 2887
2888 3689
2895 4006
2903 3493
2906 4256
2911 4955
2269 2918
2921 4970
2922 4961
2929 4755
1035 2932
2933 3789
2935 4110
2936 4675
2940 4646
1843 2941
225 2946
2607 2949
2954 3991
2962 4324
2286 2972
311 2977
2978 4599
2983 4353
2988 3993
2998 4792
2999 4201
3003 4314
3007 4717
3008 4822
3017 4256
1370 3024
3041 3441
3057 3515
3058 4164
3061 3612
1355 3067
3069 4919
3070 3525
3078 3106
3081 4386
3083 4927
1900 3084
1985 3088
3089 3672
3092 4332
628 3102
3103 4940
3104 4295
3114 3968
3117 4928
3128 4871
3132 4955
2287 3139
2900 3140
3141 4646
282 3145
2771 3148
1141 3149
3153 4753
2819 3154
3156 4034
3157 4749
3158 3711
1 3162
3165 4456
561 3170
3174 4748
140 3175
3180 3977
3181 4854
3183 3437
3116 3190
3194 4209
3199 3766
3203 4862
3208 4412
3213 4254
1681 3219
3039 3226
3133 3229
2296 3230
1034 3233
3111 3237
3238 3578
2315 3239
3253 4349
3256 4669
3259 4472
3267 4949
3272 3352
3273 4581
1439 3274
2129 3275
3011 3278
3281 4380
3282 4061
3284 4562
3286 3439
3289 4105
3295 4716
852 3299
2291 3302
2399 3305
812 3310
3314 4419
3316 4861
3338 4120
2917 3345
1866 3347
3350 3638
3355 4010
3360 4398
206 3362
2558 3368
3370 3926
3378 3704
3380 4192
978 3381
2000 3390
3393 4788
3395 3851
1278 3396
3400 4350
3401 4982
2701 3404
1752 3405
3410 4303
3419 4974
3423 4335
3428 4241
3340 3433
3435 3441
3250 3436
1480 3438
2824 3440
5 3443
3446 4607
3453 3456
2885 3454
3458 4852
412 3461
2050 3463
3464 4766
178 3468
3469 4940
3470 4620
3474 4975
3475 3478
2128 3479
2747 3481
442 3483
2753 3490
3497 4521
2351 3500
3504 4624
3511 3523
2563 3522
3520 3529
3532 4179
3533 4752
3539 3962
3542 3845
3543 3602
3546 3548
3111 3549
3554 3563
1199 3561
3564 4770
1298 3566
3568 4960
2799 3570
3068 3572
3575 4589
3580 4462
3581 3801
3590 4459
2414 3593
3596 4194
3009 3598
2462 3599
3600 4409
2657 3607
3609 4387
3610 3882
3615 4887
3322 3616
1095 3617
1431 3625
2200 3639
3640 3921
3091 3650
3651 4845
2055 3653
3654 4510
3658 4005
3659 4413
3545 3667
3466 3673
621 3678
2925 3682
3691 4658
2994 3698
2347 3702
2150 3703
3694 3707
3242 3718
3726 4887
3528 3727
3730 4771
3731 4600
3734 4177
3744 4807
3746 4749
3749 4715
3751 4991
3760 4982
2809 3761
3769 4574
3159 3771
3775 4316
2148 3777
2741 3787
3503 3800
3811 4647
1837 3817
968 3819
3184 3831
3212 3840
1131 3844
800 3850
3858 4866
3752 3866
3499 3868
3240 3869
3875 4910
3879 4971
2874 3880
2183 3881
3885 4830
2129 3886
3887 4993
3889 4893
3890 4753
2997 3892
3901 4977
3904 3916
852 3905
760 3908
2031 3910
3918 4347
3920 4009
810 3944
3959 4766
2643 3960
3023 3963
100 3966
3967 4991
3968 3971
1503 3981
3983 4330
3985 4494
2909 3987
3936 3989
2549 3990
3992 4058
1116 3994
2663 4018
1430 4021
4023 4549
1509 4026
4028 4586
4029 4804
3807 4030
3054 4035
4036 4648
4038 4845
2966 4040
2182 4042
2787 4043
3398 4054
4067 4782
2559 4068
3503 4070
2101 4072
4074 4945
1647 4082
4014 4086
3763 4087
2864 4095
1763 4099
4101 4356
3853 4106
1818 4107
4111 4430
4115 4888
933 4116
1351 4118
4124 4683
2721 4127
236 4128
3986 4132
4136 4715
4137 4691
4141 4623
4143 4875
4144 4573
3166 4148
3661 4149
583 4151
3191 4153
4157 4941
4159 4651
2443 4169
936 4178
2813 4180
4177 4182
1952 4186
3932 4190
4189 4191
4193 4911
4126 4204
4207 4981
4119 4208
4211 4726
4212 4370
4213 4918
436 4214
2122 4217
1989 4225
1487 4227
2374 4230
4112 4231
4232 4588
4234 4396
4110 4237
3296 4239
1196 4242
2246 4246
3066 4255
4258 4914
4259 4820
1194 4262
2717 4266
4267 4878
4269 4953
1831 4273
3712 4277
973 4283
1734 4286
4293 4804
2759 4296
3762 4299
3952 4302
994 4308
3327 4319
4322 4350
4323 4579
4047 4334
4336 4574
4010 4343
4344 4621
4351 4963
4357 4742
1776 4359
4298 4361
3283 4362
838 4363
4367 4878
4356 4368
4371 4948
1684 4375
2678 4376
713 4384
4372 4385
3091 4400
4408 4629
304 4415
2519 4418
3361 4420
2306 4423
4428 4615
382 4434
2769 4438
2079 4440
450 4441
1259 4451
506 4453
2186 4460
2749 4463
4468 4823
3946 4471
2286 4474
3494 4476
521 4478
2341 4483
1453 4484
2828 4487
3251 4495
4496 4558
2011 4500
3444 4505
3847 4512
3119 4516
3143 4519
3641 4525
4508 4529
3065 4532
3466 4533
4311 4534
2764 4537
1648 4546
23 4550
3449 4551
2094 4554
4561 4907
4564 4777
2714 4565
3329 4566
3973 4568
980 4570
2592 4591
1484 4592
4597 4598
2059 4603
4606 4610
2364 4609
4346 4613
1220 4618
4282 4622
6 4626
4633 4856
4444 4641
3814 4642
1707 4645
3296 4649
880 4653
4661 4665
3853 4668
2308 4671
1637 4674
3318 4676
3415 4677
2562 4678
2714 4684
991 4687
4173 4693
1640 4694
1700 4695
110 4697
4702 4864
4704 4742
4542 4706
4711 4743
2231 4714
1063 4720
4183 4721
812 4722
4725 4836
3137 4730
1059 4732
1068 4739
4741 4778
2024 4744
3371 4745
4691 4746
3389 4747
4749 4756
3902 4757
1411 4759
4637 4762
4470 4774
3369 4786
4787 4915
4790 4857
4791 4913
4780 4795
4758 4796
4798 4802
2342 4813
2969 4817
4025 4818
4824 4947
1876 4827
1876 4829
4841 4898
962 4842
4847 4887
4848 4970
2505 4851
4524 4853
732 4855
3127 4859
1209 4865
3245 4872
689 4873
3290 4874
3864 4876
4877 4939
127 4880
772 4881
3913 4886
3356 4890
2628 4896
4664 4899
3185 4900
1348 4901
3330 4906
4580 4909
350 4912
4158 4917
1555 4921
4034 4923
4731 4924
2920 4925
383 4926
4931 4977
3498 4932
3163 4933
2630 4934
3331 4935
4219 4936
3013 4952
335 4965
4110 4973
4310 4978
4816 4980
628 4988
1229 4989
4984 4994
4985 4996
7 2625
8 3720
31 4032
33 4348
35 4611
38 3933
42 548
47 958
48 2625
60 4723
64 4372
65 4425
69 4683
72 3845
83 3296
84 4304
89 4825
91 4910
97 2959
105 4421
111 3629
113 4742
129 2194
135 4844
138 4356
147 4244
149 4480
150 4698
152 3732
154 2769
165 4968
169 4222
173 4683
177 4303
180 4856
182 3506
190 4518
191 4130
197 4975
205 4755
207 4887
209 4526
215 1557
223 1668
226 4928
227 4823
238 4843
244 3900
249 4869
251 2981
268 2876
291 4250
293 4769
300 3860
308 4943
312 4814
313 2329
315 4264
319 4502
328 1907
334 574
336 3737
339 3933
340 4830
342 4287
344 4945
347 4085
352 4639
356 4292
360 4364
367 919
368 4893
369 4868
372 4006
374 4150
380 4889
388 4623
398 3264
402 2831
406 2169
422 2504
423 3695
428 4473
429 4856
430 3694
434 4662
435 4571
438 3671
440 3485
449 1062
453 4844
460 4031
478 2508
484 3517
486 4446
488 4431
489 965
493 3626
496 4621
497 2834
503 4831
504 4433
512 4837
515 825
530 4399
533 3705
540 4990
542 4289
76 562
563 3970
564 4300
567 4531
568 3921
571 4755
572 4922
586 4748
591 2924
592 4920
597 4657
599 4380
605 4875
607 4477
608 3351
612 4809
619 4852
633 4688
634 4446
642 3699
643 3982
644 4386
645 4493
647 4729
649 3733
650 2928
654 4748
655 2631
656 3518
657 2919
674 4752
676 4772
687 3957
695 4832
696 3656
698 3105
702 3937
707 4984
721 4321
724 4985
731 4792
735 4778
739 4801
747 4185
750 4944
775 4195
782 807
789 3821
804 808
816 4219
818 4692
820 4515
823 4567
827 4815
831 2604
842 4990
850 4667
855 4481
863 2500
865 4615
868 4974
882 4658
883 4285
884 4938
887 4986
891 4027
898 4690
901 3121
912 4605
918 4321
925 3408
926 3101
927 4466
928 4651
929 4692
942 4755
944 4479
951 3465
957 4981
959 962
970 4491
979 4077
985 3312
986 4894
989 4954
1002 2711
1006 3717
1007 4625
1015 4971
1021 2603
1023 4569
1027 4812
1033 4386
1039 4950
1040 4274
1041 4439
1044 3717
1051 4939
1055 2203
1073 4585
1086 3754
1088 1600
1089 4904
1098 4809
1099 4179
1100 2287
1106 2994
1108 4425
1109 2627
1110 3471
1114 3857
1130 1292
1137 2138
1138 3906
1155 4631
1156 3270
1161 3642
1165 3826
1168 3506
1180 1417
1186 4205
1188 3826
1192 4380
144 1193
1201 1388
1202 3321
1205 2003
1210 2716
1212 4822
1214 3408
1219 4916
1226 4168
1231 4664
1241 3510
1244 4378
1247 1657
1248 4839
1249 1841
1250 4987
1252 3042
1253 1835
1255 1256
1262 4875
1267 4903
1270 4964
1272 4407
1275 4840
1285 3482
1287 4716
1299 4772
1304 4582
1305 4971
1311 3402
1312 1834
1313 4064
1314 4972
1321 2436
1323 2415
1327 4879
1331 4292
1339 4809
1342 4218
1343 2563
1344 2853
1349 4761
1365 4486
1367 4559
1371 4393
1373 4065
1374 3413
1376 4524
1384 2795
1386 4766
1387 3354
1397 4424
1104 1406
1410 3900
1413 4572
1415 4911
1433 4646
1441 2148
1445 3884
1448 4447
1452 4794
1456 4735
1465 4268
1166 1475
1478 4940
1479 4472
1485 4459
1488 4939
1490 4281
1510 4949
1514 4577
1519 4573
1522 4733
680 1525
1528 4967
1533 3738
1547 3683
1220 1548
1550 4856
1552 4382
1553 3728
1559 1609
1560 3266
1561 4729
1562 4742
1567 4285
1573 4750
1575 4928
1581 4480
1587 4993
1589 1926
1590 2656
1592 3176
1594 4413
1595 4103
1598 3628
1599 2458
1601 4202
1597 1604
1608 1995
1610 3182
1614 4650
1624 3648
1626 4997
1639 4062
1641 4748
1645 2462
1651 3351
1653 4580
1654 4985
1659 4975
1662 2838
1664 3251
1665 2142
1677 4937
1680 2307
1686 4852
1689 4979
1694 4167
1697 2430
1698 4838
1704 4767
1708 4941
1712 4862
1713 4769
1715 3016
1717 4387
1719 2434
1720 3785
1722 3450
240 1728
1729 4763
1732 4929
1733 3486
1736 2590
1744 4650
1383 1747
1753 4562
1755 3955
1765 4941
1767 2193
1769 2543
1772 3002
1777 4724
1780 2039
1781 3073
1782 3635
1789 2368
1790 4198
1791 4347
1793 4778
1795 2799
1798 1929
1799 4991
1801 3507
1804 3161
1811 4241
1816 4784
1840 4572
1848 2781
1849 3793
1854 4910
1858 3891
1860 4949
1863 4621
1865 4310
1870 4282
1871 3763
1873 4696
1326 1901
1904 3937
1909 3523
1914 3578
1915 4701
1916 1921
1918 4604
1920 4850
1931 4272
1934 4928
1935 3997
1937 4868
1939 3308
1940 4699
1943 4184
1944 4629
1947 4184
1954 4672
1955 4779
1956 3303
1958 3778
1961 3973
1967 3903
1969 4604
1970 4928
1975 4494
1983 4142
1984 4659
1988 4195
1990 4947
1993 3450
2002 4929
2016 3134
2017 4776
2022 2710
2038 4956
2042 3552
2043 4340
2048 4509
2056 2726
2062 4611
2068 2648
2069 4133
1862 2074
2075 3424
2077 3978
2080 4224
2081 4309
2083 4427
2086 4037
2098 4287
1424 2102
1527 2104
2109 4893
2110 2969
2115 4986
2116 4586
2118 4540
2120 4742
2124 4868
2125 2896
2127 4410
2137 2162
2140 2833
2143 4954
2145 4963
2146 3945
2152 2182
2160 4738
2165 4914
2170 3323
2172 4113
2176 4205
2178 4830
2180 4910
2181 4386
2184 3856
1144 2189
2190 3662
2191 4629
2206 4307
2093 2208
2210 4536
2214 4700
1656 2223
2232 3277
2126 2238
2243 4682
2245 4349
2252 3801
2254 3223
2259 3112
2263 4898
457 2266
2275 4531
2277 4984
2283 3051
2284 4632
2285 3779
2292 4402
2298 4763
2300 4450
2305 4100
2310 4346
287 2316
2322 4648
2324 4425
2327 4907
1738 2332
2337 4970
2343 4510
2344 3873
2345 3055
2348 4737
2353 3603
2356 3411
2365 4435
2369 4727
2370 2376
2375 4514
2377 4410
2381 4093
2385 4513
2388 4992
2398 4631
2402 4449
2406 4173
2408 4490
1583 2410
1994 2424
2426 2947
2428 4806
2429 4229
694 2437
2438 3684
2441 4195
2442 4753
140 2445
2449 4252
2456 4812
2030 2466
2468 4080
2469 4337
2473 4717
2474 4843
2475 4844
2484 4843
2482 2485
2415 2488
2489 3645
2493 3260
2498 4690
1872 2503
2507 4764
2514 3304
2520 4840
2522 4867
2524 4161
2525 3846
2530 3050
2535 4947
2542 3722
2545 4521
2547 4203
2567 3934
2568 4850
2576 4662
2321 2577
681 2578
2579 4305
2580 2995
2583 2584
2587 4627
2588 4775
1532 2596
2600 4850
2605 4294
2606 4007
2610 4765
2612 4575
2613 4585
2616 3931
2618 4535
2626 4407
2636 4274
2637 4582
2640 4194
2642 4578
2645 2997
2427 2652
2653 4920
2659 4051
2661 4889
2662 4203
874 2666
2670 3364
2674 4289
2677 4608
1234 2681
2682 4962
2683 4569
2684 4240
2696 2852
2699 3965
2700 4199
2718 2944
2727 2733
2728 4342
2554 2732
2413 2736
2737 4411
2750 4907
2756 4523
2762 4763
2763 3210
2767 3938
2773 4530
2774 4748
2778 3876
2779 2792
2784 4278
1228 2788
2790 4908
2793 4244
2798 3247
2806 4013
2808 4957
2836 4984
1116 2841
2845 4754
2849 4285
2757 2859
2877 4536
2880 4632
2886 4836
2887 4612
2103 2888
106 2895
2903 4731
2906 4682
2911 3531
2918 4310
2921 4968
2922 4184
28 2929
2932 4849
2933 3331
2935 4538
2936 4160
2940 2947
2941 4383
2946 4968
2949 4315
1814 2954
1524 2962
2972 4878
2977 4469
2978 4328
2983 4915
2988 4911
2998 3211
2999 4572
3003 3604
991 3007
3008 3456
3017 4658
3024 3902
3041 4661
3057 3073
3058 4523
3061 4823
3067 3671
3069 4052
3070 4625
3078 4403
1842 3081
3083 4621
3084 4634
3088 4437
3089 3374
3092 4172
3102 3304
2908 3103
3104 4494
3114 4688
3117 4146
3128 3924
3132 4806
3139 4075
3140 4719
1952 3141
3145 4914
2834 3148
1907 3149
3153 4370
1748 3154
3156 3923
3157 4691
3158 3815
3162 4366
3165 3606
3170 4328
3174 3563
3175 4839
3180 4630
3181 4541
3183 4961
3190 4961
3194 4964
3199 3623
3203 4142
3208 4636
3213 4616
3219 4241
3226 3288
3229 4636
3217 3230
3233 3516
3237 4805
3098 3238
2604 3239
2890 3253
3256 4893
2224 3259
933 3267
3272 4513
3273 4801
3274 3280
243 3275
3278 3553
390 3281
3284 4838
3286 4541
3289 3768
3295 4313
3299 4731
3302 4355
3090 3305
3310 3982
3314 4602
2510 3316
3338 4315
3345 4429
2107 3347
3350 3964
3355 4764
3360 4238
2262 3362
3368 4632
3370 4646
3039 3378
3380 3794
2307 3381
3390 4982
1266 3393
2869 3395
3396 4765
2986 3400
3401 3535
3404 4394
3405 3806
3410 4792
3419 4210
3423 4897
3352 3428
3426 3433
3435 3442
3436 4303
807 3438
3440 4163
3443 4835
3446 4805
3453 4776
3454 3627
3458 4834
3461 3874
3463 4878
3464 4767
3468 3712
3076 3469
3470 4583
3474 4447
3478 4703
1787 3481
3483 4552
3490 3621
3497 4644
3500 4918
3242 3504
3511 4126
3331 3522
3529 4610
3532 4958
3533 4669
3539 4763
3542 4332
3224 3543
3546 3946
3430 3549
3554 4712
738 3561
3523 3564
3566 4409
3568 4807
3570 4256
3572 3965
3575 3646
3580 4736
3569 3581
3590 4391
3593 4749
3596 4758
3598 3687
3599 4522
3600 3860
3537 3607
3609 3828
3610 4448
3615 4962
3616 4615
3617 3824
3625 3629
2350 3639
3277 3640
2390 3650
3651 4538
3389 3653
3654 4614
2549 3658
952 3659
3245 3667
3673 4672
3678 3681
1261 3682
2131 3691
3698 4937
3429 3702
3703 4450
3707 4962
547 3718
2001 3726
3727 4943
3730 4033
3731 4229
3685 3734
3744 4249
3746 3909
3749 4729
3751 4658
3760 4768
2229 3761
3752 3769
3771 3893
2064 3775
3777 3816
3787 4542
245 3800
3811 4457
3817 4061
3819 4784
3831 4825
3840 4836
3448 3844
3780 3850
3847 3858
3866 4660
3868 4288
3869 3870
3875 4563
2882 3879
3880 4614
3881 4430
3885 4638
3886 4475
3887 4510
2564 3889
3874 3890
3892 4252
3556 3901
3277 3904
3537 3905
3908 4905
3628 3910
2366 3918
153 3920
3171 3944
1164 3959
1511 3960
3426 3963
3966 4134
3967 4635
3971 4782
3981 4705
3502 3983
3980 3985
3783 3987
3989 4306
3990 4910
3992 4640
3205 3994
389 4018
4021 4922
4023 4680
4017 4026
4028 4578
4029 4749
4030 4839
4035 4974
3608 4036
1072 4038
4040 4216
3877 4042
4043 4975
4054 4542
4067 4767
4068 4692
3571 4070
3503 4072
2879 4074
3766 4082
4086 4313
4087 4856
4095 4940
4099 4852
2761 4101
4106 4403
4107 4437
4111 4812
1521 4115
4116 4523
3138 4118
3818 4124
4127 4406
2928 4128
4132 4782
4136 4968
4137 4806
4141 4882
786 4143
4144 4594
4148 4229
4149 4156
1356 4151
4153 4772
4157 4284
4159 4928
4169 4635
4139 4178
1429 4180
2802 4182
4186 4205
1892 4190
4191 4467
4185 4193
4204 4318
693 4207
4208 4517
4211 4871
4212 4814
4213 4341
451 4214
1980 4217
4053 4225
3271 4227
2847 4230
4231 4968
3670 4232
1348 4234
4016 4237
4239 4937
4242 4727
3637 4246
1962 4255
2721 4258
3902 4259
1518 4262
4090 4266
4267 4799
4269 4811
1756 4273
4277 4407
1358 4283
4286 4416
4293 4630
3126 4296
2815 4299
4244 4302
3645 4308
4282 4319
2598 4322
3780 4323
4334 4833
4240 4336
4343 4860
1200 4344
4351 4971
2487 4357
4174 4359
4361 4821
2647 4362
4363 4644
4367 4377
4368 4970
3608 4371
3961 4375
4376 4839
3968 4384
4385 4662
1710 4400
4408 4707
4415 4738
4418 4920
427 4420
4423 4437
4428 4443
2335 4434
3197 4438
3080 4440
4350 4441
2702 4451
4453 4823
2834 4460
965 4463
3112 4468
4252 4471
3571 4474
3005 4476
1933 4478
4483 4602
3970 4484
4179 4487
4338 4495
4496 4962
3943 4500
4088 4505
3448 4512
4282 4516
4513 4519
3954 4525
3842 4529
4377 4532
3722 4533
4534 4743
2185 4537
4393 4546
4550 4955
3353 4551
3976 4554
4172 4561
1320 4564
4565 4805
202 4566
3555 4568
3779 4570
3624 4591
4592 4854
3216 4598
2495 4603
4485 4606
4609 4620
4613 4797
4594 4618
4619 4622
4411 4626
4633 4914
4604 4641
4642 4969
4586 4645
4649 4806
4261 4653
4088 4665
4668 4984
4671 4724
1895 4674
4241 4676
4677 4905
4678 4750
3523 4684
4687 4788
4110 4693
4694 4910
2393 4695
4639 4697
2448 4702
3240 4704
3792 4706
4394 4711
3630 4714
1946 4720
3301 4721
4673 4722
4725 4766
4730 4861
4501 4732
4318 4739
4282 4741
4744 4871
2724 4745
4089 4746
4652 4747
4364 4756
1638 4757
3392 4759
1699 4762
4112 4774
1638 4786
3589 4787
4650 4790
4097 4791
2926 4795
2952 4796
828 4802
4098 4813
1381 4817
3471 4818
4175 4824
4781 4827
4542 4829
4772 4841
2492 4842
2244 4847
4848 4862
4281 4851
932 4853
1618 4855
4859 4905
4865 4962
4229 4872
3363 4873
2383 4874
1730 4876
1442 4877
3496 4880
3676 4881
3706 4886
4878 4890
4179 4896
4782 4899
2420 4900
4882 4901
3195 4906
4799 4909
25 4912
189 4917
4921 4940
3969 4923
3150 4924
4925 4979
322 4926
4229 4931
3585 4932
3857 4933
4811 4934
2975 4935
3279 4936
4513 4952
4769 4965
4373 4973
4717 4978
4033 4980
1622 4988
3187 4989
4388 4994
3540 4996
8 1846
31 4658
33 2994
42 3957
47 4470
72 4920
84 4324
91 4844
97 4222
105 4479
138 3334
147 4835
149 3387
150 4918
152 4728
154 4998
165 2202
173 4610
177 4597
182 4103
190 3472
197 4312
209 4705
215 1833
223 4699
251 3952
293 3968
308 4307
312 3954
319 4458
328 4619
340 4808
342 4867
347 4274
360 4092
367 4518
372 1691
374 4615
380 3859
428 3968
438 4888
453 4863
460 4866
478 4940
484 4778
486 2457
493 3110
496 3155
497 4490
504 4773
195 515
533 2193
540 4838
563 4117
564 4937
572 2572
597 4333
607 4972
619 4763
633 3882
642 3065
643 3666
649 4601
655 4364
657 3266
676 4748
698 4513
702 4560
707 3849
721 4763
724 3422
739 4800
747 4716
750 4517
775 4017
782 3984
789 4392
816 4459
820 4417
827 4553
831 4594
850 4956
868 2331
884 4134
891 4248
901 3986
918 3466
926 4601
927 4928
929 4582
944 4928
951 2487
979 4172
387 985
989 4260
1002 4749
1023 1353
1027 4630
1039 3385
1040 4834
1041 4769
1044 2884
1051 4985
830 1088
1089 4801
1098 4588
1099 3909
1106 4394
1108 4268
1109 4951
1110 4454
1138 4814
1155 4481
1161 4764
1165 4544
1180 4652
1186 4122
1193 4852
1201 4769
1210 2926
1214 4238
1226 2247
1244 4922
1250 2595
1255 4862
1285 4907
1287 4662
1305 4450
1311 3608
1312 4737
1314 4792
1321 3961
1323 3735
1327 4268
1342 4531
1344 4914
1349 4431
1365 1540
1374 3592
1376 4958
1384 4760
1386 4875
1387 1727
1406 3402
1413 2439
1433 4055
1441 4173
1445 4947
1448 3339
1452 4493
1456 4748
1465 1814
1475 4655
1478 4784
1479 4447
1510 4530
1514 3788
1519 4605
1525 3147
1528 2648
1547 4856
1550 4867
1552 3958
1553 4700
1559 3560
1560 4374
1562 2257
1567 4967
1573 2431
1575 3202
1598 1634
1601 4904
1604 4860
1614 4889
1624 4235
1626 4884
1653 3925
1664 4392
1677 4102
1686 4958
1689 4135
1694 4253
1708 2751
1712 4849
1713 3767
1715 4517
1719 4340
1661 1728
1729 4700
1732 4314
1733 4203
1736 3333
1369 1755
1765 3594
1772 4244
1777 4879
1781 3025
670 1782
1789 4528
1790 3792
299 1798
1129 1801
1804 3906
1811 3946
1848 4863
1391 1854
1860 4810
1863 4970
1870 3722
1873 4117
1901 4915
1904 3867
1909 4307
1916 4955
1920 4429
1931 4582
1934 4585
1935 2097
1937 4360
1940 4937
1944 3942
1954 4013
1955 4407
1956 4289
1958 3040
1961 4327
1967 3270
1970 4803
1975 4868
1832 1983
1984 3816
1988 4717
1990 2440
1992 1993
2002 4666
2016 3623
2017 4709
2022 4728
2038 4777
2043 4967
2048 4465
2056 3131
2062 4870
2068 4198
2077 4670
2080 3888
2081 4655
2083 3096
2098 3949
2104 4837
2109 2782
2110 3402
2115 4313
2116 4332
2118 4964
2120 4815
2124 3911
2125 3448
2127 4944
2137 3437
2143 4096
2145 4845
2146 2435
2160 2817
2165 3882
2170 4954
2172 2340
2176 4541
2178 4390
2180 4247
2181 3807
214 2189
2191 4556
2206 2431
2210 4771
2045 2214
2223 4291
2232 3877
2238 3648
2243 4594
2245 4972
2259 3897
2263 3927
2275 4611
2283 3757
2284 4607
2285 4836
2292 3214
1096 2298
2305 4326
2316 3834
2322 4995
999 2332
2337 4181
2343 3209
2345 4449
2348 4112
2353 4846
2356 4985
2365 4777
2370 3652
2375 4910
2377 4197
2381 3408
2398 4078
2402 3785
1407 2406
2408 3538
1623 2410
2424 4511
2426 4340
2437 4691
2438 4749
2441 3266
2442 4513
2445 4104
2449 3719
2456 4733
2466 2679
1030 2468
2469 4918
2473 4897
2474 4819
2475 4644
2484 4358
2485 4838
2488 2497
2489 3652
1869 2493
2498 4930
2503 3706
2507 4016
2514 4076
2520 4770
2522 4482
2524 4628
2525 3712
2542 2570
2547 3042
2567 3720
2568 3712
2576 3936
2357 2578
2580 3758
2539 2587
2588 4437
2596 3796
2605 4556
2256 2606
2612 2687
2613 2980
2616 3986
2526 2618
2636 3306
2637 4892
2640 4976
2642 4834
2645 4024
2653 3179
2256 2661
2662 3303
2666 4261
2570 2670
2674 3432
2677 4984
2681 4632
2619 2682
2683 4202
2684 4301
2700 4792
2717 2718
2727 4345
2732 3741
2562 2736
2737 4748
2750 3808
2459 2756
809 2762
2773 3793
2774 3757
2778 4152
2784 4501
2788 4215
2790 4999
2793 2801
2798 3789
2806 4839
2836 4383
2841 3052
2845 4219
2849 2991
2859 4410
2877 3998
2880 3816
2886 4882
1412 2887
2895 4897
2903 4882
2906 3096
2911 4903
2922 4749
2929 3214
2516 2933
2935 4643
2936 4749
2940 4187
2941 4201
2946 4049
1043 2949
2954 3786
2962 3897
2972 3328
2977 4397
2978 4623
2983 4073
44 2988
2998 4862
2999 4265
3003 4027
3007 4801
3008 4821
3017 4735
3024 4219
2787 3041
3057 4545
3058 4643
1336 3061
3067 4910
2516 3069
3070 4605
3081 4314
3084 4749
3088 3312
3089 4778
3092 3736
3103 4248
3104 4972
3114 4499
3117 4482
3128 4575
3132 4982
3139 4089
3140 4903
3145 3167
3149 4248
3153 4940
3154 4117
3156 3828
3157 3198
3158 4884
3162 4903
3165 4112
3174 4879
961 3175
3180 4595
3181 3193
3183 4341
3190 4918
3194 3660
3203 4651
363 3208
3213 3955
3219 4604
3226 4388
3229 4274
146 3230
528 3233
3237 4488
3238 4895
3239 4836
3253 4535
3256 3373
2175 3259
3267 4856
3272 3779
3013 3273
3274 4145
1701 3275
3278 4479
3281 4586
494 3284
3286 4815
3289 4050
3295 4954
3299 4644
3305 4979
983 3310
3314 4223
3316 4443
3338 3493
3345 4333
3347 4979
3350 4867
3355 3790
3360 3949
3362 4183
3368 4673
3370 3859
3378 4364
1658 3380
2981 3381
1574 3390
3393 4091
1530 3396
3400 4327
3401 4276
3404 4445
3074 3405
3410 4027
3419 3420
2256 3423
3428 3798
3427 3433
3435 4055
3436 3826
3438 4439
3440 3902
3443 3534
3446 4481
3453 4152
3458 4686
3461 4939
3463 4616
900 3464
3468 4630
3469 3701
3470 3792
3474 3587
2879 3478
3490 4166
3497 4977
3500 3692
1232 3504
3146 3511
3522 4910
3529 4559
3532 4941
3533 4037
3539 4431
3542 3740
3543 4257
3546 4596
3549 4981
2624 3554
3561 4076
651 3564
3163 3566
2151 3568
977 3570
3572 4455
3575 3776
3312 3580
3581 3591
3372 3590
3593 4727
3596 4171
1635 3598
3599 4479
3600 4652
3607 4587
1013 3609
3610 4892
3615 4835
3616 4754
3072 3617
3625 4449
2930 3639
2825 3640
2212 3650
3651 4905
1213 3653
3646 3654
3658 4399
814 3659
3665 3673
3682 4113
3505 3691
2926 3698
3702 4393
3703 3708
1974 3707
3718 4278
3726 4892
3727 4365
3730 4970
3097 3731
1987 3734
3744 4547
2144 3746
3749 4728
3751 4766
3036 3760
3342 3769
3771 4557
3358 3775
3163 3777
3787 4867
3800 4265
3222 3811
3817 3914
3819 4520
3831 4953
3840 4838
3844 4481
1523 3850
3858 4501
3866 4960
3868 4621
3859 3869
3875 4590
3292 3879
3880 4956
2089 3881
2825 3885
3886 3982
3025 3887
3889 4800
3890 4798
3901 4093
3904 3996
3905 4639
3908 4918
3910 4064
3918 4007
3919 3920
3943 3944
3865 3959
3107 3960
3762 3963
3455 3966
3967 4945
3826 3971
3981 4131
3708 3983
2111 3985
3987 4535
3308 3989
3990 4013
3980 3992
3994 4629
4009 4018
4021 4504
4023 4317
3778 4026
4028 4401
3635 4029
4030 4897
4035 4943
4036 4727
2969 4038
3814 4040
4042 4110
3417 4043
4054 4355
4056 4067
4064 4068
4049 4070
4072 4341
4074 4467
4049 4082
3830 4086
2575 4087
4095 4163
2541 4099
4101 4767
3311 4107
4111 4123
3537 4115
4116 4347
4118 4785
4124 4279
4127 4327
4128 4800
4132 4200
4136 4491
2702 4137
4141 4792
4143 4647
4144 4707
4148 4914
3354 4149
2863 4151
4153 4304
4157 4582
4159 4888
3270 4169
2430 4178
4180 4758
44 4182
2049 4186
4190 4578
4191 4195
4193 4782
2741 4204
3526 4207
1473 4208
3804 4211
4212 4884
3680 4213
4214 4927
3634 4217
4225 4658
4227 4666
4206 4230
872 4231
3839 4232
4234 4834
2964 4237
4239 4346
3956 4242
2458 4246
4255 4753
1976 4258
4259 4517
4135 4262
4015 4266
3997 4267
1927 4269
3933 4273
4154 4277
4283 4365
4286 4804
2785 4293
3227 4296
4299 4481
2673 4302
4308 4771
3977 4319
4317 4322
4323 4387
4334 4768
2363 4336
4343 4486
4344 4751
3714 4351
2641 4357
4359 4466
4131 4361
40 4362
3354 4363
13 4367
4320 4368
2304 4371
2509 4375
4058 4376
4384 4587
4385 4918
3189 4400
4408 4518
4415 4481
4410 4418
4420 4574
3354 4423
4428 4660
2671 4434
2861 4438
4389 4440
4441 4895
3379 4451
4138 4453
4460 4825
4463 4595
4366 4468
4471 4713
4019 4474
3687 4476
4465 4478
2553 4483
4484 4828
4461 4487
2822 4495
98 4496
4500 4729
3649 4505
3943 4512
4516 4839
4519 4908
4176 4525
4529 4536
4276 4532
4289 4533
4534 4544
4531 4537
3680 4546
3878 4550
4507 4551
3642 4554
4561 4946
3099 4564
4565 4727
4076 4566
4568 4589
4570 4944
1414 4591
3674 4592
2723 4598
3930 4603
4391 4606
4609 4927
2570 4613
4387 4618
3018 4622
4511 4626
4633 4883
3705 4641
2893 4642
3898 4645
3187 4649
2221 4653
4665 4942
4668 4828
4663 4671
4270 4674
4447 4676
250 4677
4350 4678
407 4684
3011 4687
3827 4693
1836 4694
3782 4695
4324 4697
4702 4948
4457 4704
4706 4947
4481 4711
4260 4714
4506 4720
4617 4721
3429 4722
3972 4725
3294 4730
2078 4732
2785 4739
3018 4741
4708 4744
2971 4745
618 4746
4736 4747
4756 4887
2961 4757
4511 4759
4762 4919
1075 4774
1518 4786
4270 4787
4185 4790
1962 4791
3424 4795
4796 4815
3586 4802
1340 4813
3773 4817
2319 4818
4604 4824
2151 4827
4812 4829
4841 4954
2092 4842
4847 4868
1195 4848
4846 4851
4667 4853
4569 4855
4859 4984
4865 4920
4872 4981
4134 4873
3635 4874
822 4876
3224 4877
4880 4882
4828 4881
2970 4886
4387 4890
4850 4896
4899 4956
4523 4900
1449 4901
3803 4906
4909 4944
4912 4966
4233 4917
3506 4921
4866 4923
4924 4928
3964 4925
3047 4926
1173 4931
4857 4932
3936 4933
4390 4934
4908 4935
2851 4936
4163 4952
2471 4965
4202 4973
4378 4978
3954 4980
4639 4988
2561 4989
4569 4994
4216 4996
31 4956
72 4770
165 4735
173 4209
342 4405
360 4582
367 4929
380 4506
453 3641
496 4401
540 3644
597 4353
607 4096
619 4445
724 2832
944 3740
1051 4215
1138 4667
1285 4596
1376 4462
1433 4729
1445 4987
1510 2805
1519 4867
1604 4480
1686 4445
1689 4750
1708 4943
1712 4690
1713 4353
1729 4958
1765 3195
1782 3864
1811 4801
1854 4667
1863 2242
1937 4686
1956 4327
1975 4548
2043 4562
2062 4766
2145 4960
2232 4329
2322 4908
2332 4785
2370 4579
2398 4443
2424 4804
2437 3071
2456 4002
2507 3100
2520 2685
2525 4941
2567 4860
2568 4685
2578 4493
2580 4475
2636 4392
2640 4801
2642 4927
2645 4573
2662 4928
2670 4860
2674 3257
2727 4870
2736 2738
2750 3781
2756 3594
2778 3893
2790 4929
2836 4667
2841 4840
2859 4727
2911 4105
2941 4669
2983 4650
3058 4103
3070 4904
3081 3943
3089 4552
3092 4390
3103 4486
3128 4416
3140 4612
3149 4584
3174 4660
3175 4708
2679 3194
3219 4727
3226 4849
3233 3808
3239 4982
3256 4794
3275 4355
3278 3684
3289 4971
3305 4517
3310 4260
3316 4215
3338 4435
3345 4784
3347 4871
3362 4429
3370 4947
3378 4681
3381 4443
3393 4405
3400 4134
3401 4134
3405 4467
3410 4977
3423 4915
3433 4621
3436 4960
3438 4192
3186 3440
3446 3747
3468 4794
3052 3474
3478 4957
3504 4733
3522 4663
3529 4685
3532 4008
3539 3548
3543 4772
3546 4857
3414 3566
3568 3806
3572 4145
3581 3782
2544 3593
3609 4807
3610 3821
3639 4870
3640 4594
3651 4950
3654 4679
3658 3993
3673 4071
3707 4763
3731 4768
3744 4543
3747 3749
3751 4391
3775 4658
3777 4630
3323 3787
3800 4799
3811 4588
3817 4703
3840 4660
3844 4837
3850 4719
3868 4938
3875 4997
3880 4589
3881 4350
3719 3885
3887 4960
3890 3899
3901 4569
3908 4840
3920 4318
3319 3944
3960 4948
3937 3963
3966 4946
3971 4627
3981 4129
3895 3983
3416 3985
1402 3990
3377 4018
4021 4660
4026 4391
4028 4946
4030 4456
3655 4035
3491 4036
4067 4396
2995 4068
4070 4930
4072 4888
3715 4082
3970 4087
4099 4834
3715 4101
4115 4766
4116 4971
4118 4715
4127 4139
3294 4128
4153 4253
2729 4157
4159 4327
4169 4315
4000 4178
4180 4666
4186 4858
3341 4190
3638 4191
4193 4826
4207 4875
2916 4211
4212 4819
4230 4494
3877 4231
4234 4733
4004 4239
2566 4242
4246 4943
4255 4845
4258 4897
4219 4259
4266 4692
4269 4572
4277 4735
4283 4913
4286 4892
3909 4293
4041 4299
4302 4499
2481 4308
3872 4322
4344 4736
4351 4663
4357 4610
3018 4361
4362 4945
4363 4908
4353 4367
4368 4963
3929 4375
3942 4376
4384 4608
4385 4562
3635 4400
4391 4418
4243 4420
4428 4788
4434 4670
4433 4438
4441 4907
4453 4770
4460 4548
4463 4475
3937 4468
4474 4831
4152 4476
4049 4478
4483 4589
3614 4484
4487 4589
4496 4898
2802 4505
4006 4516
3354 4533
4551 4905
3375 4554
4561 4685
4016 4564
3071 4565
4566 4779
4568 4621
3736 4570
4592 4998
4569 4598
4606 4689
4609 4819
4552 4613
4424 4618
4429 4622
3006 4626
4433 4633
4641 4810
3712 4642
4477 4645
2436 4649
4653 4654
4665 4680
3487 4668
4674 4860
4677 4679
4090 4678
4684 4773
4687 4938
4685 4693
4697 4956
4702 4956
2364 4704
4703 4706
4701 4711
4720 4993
3897 4722
4730 4979
4710 4732
4000 4741
4145 4744
4745 4949
4746 4763
4594 4747
4742 4756
4757 4789
4680 4762
4771 4787
4790 4810
4791 4928
4795 4944
4491 4796
4253 4802
4548 4813
4817 4939
3864 4818
3993 4824
3853 4827
4829 4946
4587 4841
4822 4842
4828 4853
3416 4855
4865 4898
4666 4873
4860 4874
4596 4876
4861 4880
4858 4881
3942 4886
4775 4890
4345 4896
4477 4899
4901 4991
4909 4930
4589 4912
4917 4942
2970 4921
4844 4923
2814 4924
4925 4969
4883 4931
4893 4932
4893 4933
4831 4934
4945 4952
4965 4971
3227 4973
4064 4978
4736 4980
4950 4988
4977 4989
4780 4994
4882 4996
1729 3195
2756 4658
3092 3861
3140 4960
3174 3195
3345 4287
3539 3742
3581 4370
3640 4816
3844 4953
3887 4963
3963 4610
3985 4986
3990 4882
4068 4583
4099 4999
4116 4797
4128 4870
4180 4521
4186 4189
3742 4193
4052 4211
4212 4789
4258 4958
4363 4832
4463 4749
4474 4894
4484 4803
4622 4657
4562 4668
4675 4687
4621 4720
4745 4750
3995 4746
4621 4787
4777 4790
4783 4795
4817 4821
4797 4853
4855 4941
3202 4873
3829 4896
4912 4950
4530 4921
4794 4923
3917 4925
4932 4997
4989 4993
4979 4996
4258 4956
4363 4895
4474 4477
4687 4703
4666 4720
4746 4963
4617 4873
