2139 4985
343 4855
4214 4979
4232 4617
1312 4670
1802 1853
2078 4740
1013 1880
1584 3334
1232 4784
1721 3743
1879 2882
2736 3671
2519 4076
1858 3507
3205 4076
1398 4591
4254 4983
1358 4617
755 4852
885 4473
1073 2963
1708 4428
4031 4901
1708 3123
3233 3805
3669 4397
1227 2407
76 4847
3143 3355
1317 4973
3230 3478
4157 4950
1349 1376
1666 3106
1195 4619
4723 4994
1318 4376
3582 3931
618 4964
3703 4817
1954 4451
1298 4351
4672 4958
2177 4171
1802 3011
658 3905
4970 4994
2158 3627
2810 4366
1070 2398
1834 4204
2177 4885
4914 4940
3827 4964
1868 4370
325 4186
3507 4651
2669 4619
1424 4454
364 3931
2790 4096
743 4101
1050 4838
2167 4644
617 4846
3338 4985
3135 4129
2808 4797
4367 4958
1381 3698
3295 4399
2691 4533
2074 2181
770 4195
2898 4690
4236 4810
3581 4943
2691 4546
1212 3428
2787 3769
3783 4940
4290 4639
1949 4970
3096 3237
2215 3089
4092 4268
1604 3624
3513 3885
4255 4717
1147 4868
2152 4605
3565 4808
3826 4508
2619 4482
77 4279
3582 3733
2172 4912
2719 3972
3109 4203
1285 3992
859 4528
2948 4538
875 2810
1782 4649
4594 4743
1399 4815
3424 3946
2791 2870
1792 4104
1995 4627
394 4799
4456 4982
924 4195
901 4482
188 3269
3432 4746
2172 4852
3199 4253
305 3893
296 4456
3329 4221
233 2587
3330 3561
3568 3620
3624 4225
4240 4254
2422 4977
1692 4366
1876 4819
2243 4366
2939 3126
4428 4687
357 4943
1652 4710
3945 4453
1318 2223
2790 4878
775 4660
3701 3891
1223 4609
1158 3868
3391 4368
4289 4914
4254 4924
1419 3541
1866 4375
509 2586
1597 4485
2419 4649
1155 4639
3388 3585
1721 3874
1954 3845
2225 3984
2678 4728
3157 4629
3945 4257
2512 4771
1579 4609
2006 4963
3752 4078
2696 3905
3500 3565
2302 3447
1251 4958
798 3126
152 4174
192 4720
77 4140
2669 3181
4251 4784
2379 3440
1717 4508
1471 2736
1721 4492
2939 3478
1379 4810
4970 4973
4741 4923
3995 4639
2470 4913
3507 4594
831 3752
3109 4773
3899 4219
3140 3493
1681 1853
3874 4746
1948 4885
2152 4797
1216 3752
1115 3694
2973 3828
2123 3105
2237 4973
3161 4885
1717 3954
3185 4750
357 4963
2475 3472
3084 3330
345 4971
1834 4619
2380 3668
3338 4913
3945 4417
1292 4742
1883 3494
3328 4396
4104 4711
548 1342
339 3230
2479 4141
2750 4375
3799 4360
408 4376
2006 4658
3834 4710
3799 4345
1216 4278
2247 3939
2396 4771
1248 4940
2466 2477
3466 4366
58 4171
4627 4653
1616 4711
1443 4485
2236 3411
2785 4917
291 3106
2580 3896
2973 4799
2261 4648
4044 4467
3901 4566
2970 3752
2507 4885
1769 4549
3164 3397
229 4703
1205 3581
759 4628
1865 3242
3062 3624
820 4549
1066 3292
528 2768
1158 3164
1031 3302
4469 4808
4290 4397
4150 4710
2335 4885
152 4710
172 4026
831 4078
4741 4750
1232 3478
1548 2610
2162 3910
4238 4439
1551 4026
1721 4746
2253 4771
804 3237
4878 4967
196 1806
3295 4982
1962 4855
4453 4791
3126 3351
233 4463
2968 3494
3499 4994
1374 4482
586 4044
4345 4999
1071 4971
3143 4784
504 4566
4304 4493
2983 4226
2612 3007
1795 3164
3502 4640
131 4925
3185 4923
1937 4846
3494 4453
2787 4652
1074 4590
3881 4649
2973 3947
2096 2529
2344 2984
3155 4940
3783 4971
4253 4516
58 1205
1644 3791
2691 4470
4174 4627
2015 4947
3627 3639
2846 4849
4566 4868
1330 4851
1866 4609
4355 4784
2639 3781
2542 4680
2814 4725
3394 4096
2128 4507
3703 4031
1205 3488
2225 2343
1440 4376
1438 4983
2814 4439
302 4653
1235 4005
4836 4844
2208 2814
4723 4914
3497 4750
418 3241
4123 4533
1342 4649
4257 4815
3157 3281
3333 3970
3242 3945
1810 4963
1376 3698
3393 4868
592 4129
2645 4799
4247 4473
817 4092
2519 4418
895 4219
2470 4985
3355 4849
3442 3954
1070 2984
3799 4895
4733 4979
2983 3062
3346 3671
708 4412
345 4914
2144 4600
843 4412
3799 4733
2790 4963
3185 4950
3096 4289
50 4629
4799 4885
165 4841
4846 4895
2670 4953
3869 4171
3465 4810
2846 4915
2187 3698
820 4699
1408 4439
3423 4490
3206 4516
3945 4155
1660 4746
4594 4947
348 4282
3717 4169
3447 4074
4838 4988
4493 4987
2521 4834
3140 3701
2008 2492
3741 4725
4594 4740
402 4743
2880 4369
3828 3881
1758 4964
1408 4866
1761 2997
2233 3901
3466 4747
353 3216
4278 4849
2274 3351
2673 4866
1944 4963
2696 3091
3431 4746
2619 3269
1074 4747
1149 4720
1399 3140
1839 3995
4280 4841
2193 4915
3944 4055
2441 4074
2556 4244
2214 3574
3157 3174
3995 4485
915 4490
165 4375
814 2141
4680 4868
4844 4963
3591 4847
2548 3619
1772 4799
1514 4628
3736 4994
4940 4970
4196 4797
3216 4101
3624 4226
3736 4913
240 3970
4379 4836
1887 3319
3072 3944
4651 4819
4855 4947
798 2274
1444 4204
2375 4485
3101 4728
1357 4958
239 4787
2095 4815
2612 4699
2243 4655
1302 4428
2486 3692
239 4640
4289 4913
3273 4528
3827 4396
875 4655
4031 4254
3273 3585
1880 2407
1926 3797
2973 4536
3348 4817
103 4834
2126 3805
2233 3741
2585 4672
324 4716
2214 4247
2969 4974
1769 4703
1551 4815
1441 4255
3328 4924
1302 4987
1438 4924
582 2385
4360 4923
3497 3897
1381 4963
3457 3970
775 4398
1667 1940
3042 4289
1489 4546
2973 4973
3721 4710
2438 4711
2645 4885
1383 3771
3961 4314
3769 4648
1099 4528
2089 3899
1212 3825
3431 4492
1969 4651
722 4964
2461 4203
2586 3428
2963 4042
2802 2846
1038 2696
3568 3826
248 4467
2257 3219
1880 3389
75 3230
972 3424
1948 3947
553 4451
972 4467
2595 4787
672 4676
3426 4943
3411 4065
2233 4566
1379 4152
2862 4810
1365 2881
4617 4963
4214 4740
252 2580
617 4773
2527 4074
3000 4127
345 4970
1896 3065
2802 4311
4817 4964
4528 4580
3898 4355
1876 3914
4321 4838
4713 4817
755 4717
4082 4215
103 4640
4104 4855
1069 4676
4345 4646
3615 4469
803 4068
1673 4646
3783 4887
3828 4885
110 4653
3338 4466
4253 4321
4347 4746
1073 4451
4493 4914
1200 3123
1227 4857
3206 4750
2969 4938
4196 4605
4164 4947
1740 2381
4152 4528
1616 4855
1954 4219
3703 4958
3374 4074
4454 4895
2591 3089
3329 4687
1758 4924
2706 4742
3388 4590
140 2679
172 1641
4369 4467
1444 4787
2407 3397
1588 3333
2948 4640
54 3507
1212 3733
924 3885
2169 4546
3736 4683
4536 4885
2145 3096
2327 4747
3670 4710
3295 4742
4617 4878
1071 4970
1343 4849
1376 1767
4096 4587
2760 4605
2671 4361
4742 4982
1374 4370
1984 4797
2271 4640
3501 4597
3585 4546
1588 4151
3445 3624
2748 3400
1086 4412
2091 4311
3122 4733
3286 4836
1846 4619
1443 4196
1447 3668
2006 4844
2079 4846
941 4463
2578 4155
3547 4652
90 4901
767 4653
4713 4958
3174 4920
3783 4970
2169 3273
3205 4351
3944 4311
1772 4600
3677 4044
1795 2407
3336 3472
2512 4716
4649 4699
2302 4398
2034 4847
2619 4728
4821 4994
2218 4773
1131 4866
1238 1349
3497 4988
1342 4703
4040 4849
2155 4838
3423 4619
1374 4609
52 4940
3721 4653
3791 4412
2193 4950
3703 4672
2373 3581
1353 4763
4232 4587
4345 4454
792 4580
293 3457
2730 4733
2419 2580
1412 4958
4240 4901
407 4913
2802 3194
3670 4627
4485 4857
2000 2939
3493 3701
2171 3848
1724 4787
3019 4646
1301 4846
1349 2534
3149 4240
1853 4226
110 1995
1419 1969
1479 4640
345 4913
3941 4101
4127 4303
3007 3896
103 4490
3566 4261
4924 4983
4655 4682
2454 4878
4345 4717
3639 4533
1131 4373
3155 4971
803 4366
3694 4575
922 4311
2460 4855
1162 3398
1351 4973
624 3611
2877 4791
4456 4540
2187 3411
3242 4456
236 4960
1083 3669
2527 3447
4652 4670
3206 4950
3319 4492
3126 3668
2155 4516
604 4855
3394 4244
3901 4238
1542 3397
3431 4660
2591 3561
3424 4467
254 4849
627 4473
3107 4819
3219 4000
1934 3106
1743 3042
2017 2828
2152 4042
924 4355
804 3096
1721 3240
1013 3982
1436 3781
3226 3677
2261 3625
2008 3523
4940 4971
4741 4950
3390 4676
804 4575
3717 3721
2171 3860
2422 4983
3736 4914
3230 3668
2808 3995
103 3140
1441 4999
2136 4652
4367 4713
4733 4999
4508 4912
1865 4456
3488 3501
3348 4254
1873 4885
3427 4799
3947 4885
2015 4711
3500 4347
3914 4665
4368 4982
721 3896
4536 4600
1691 2750
2808 3671
2543 3524
1302 4412
2017 4000
3188 4851
4321 4938
909 3797
4750 4950
891 2336
57 1360
4687 4852
2585 4901
3783 4914
1949 4940
1016 4855
3561 3941
2214 4101
4360 4687
50 502
2512 4773
3107 3914
2379 4311
1150 3492
1349 3265
152 4085
3466 4682
3397 3982
1616 4763
2547 3970
1028 4665
1083 4670
4597 4747
1489 4528
4399 4485
891 4129
1115 4289
1003 4651
4516 4988
1707 4485
2696 3233
1195 4834
94 4791
3783 4359
447 2828
2243 3954
1661 2679
3161 3828
4370 4841
2105 3478
1195 4467
1679 4653
4255 4999
818 4943
1162 3984
2637 4591
109 4219
361 3869
3503 4253
2438 4855
920 4834
1551 3891
620 4566
4485 4639
4970 4971
2670 4600
4396 4817
2193 2329
3910 4155
1162 4925
3827 4958
407 4985
3109 4771
3126 3230
4741 4938
4151 4533
2769 4912
3818 4925
2428 3992
2572 4373
798 2380
1054 4609
2940 4196
4428 4717
4699 4967
3404 4970
1065 4940
3273 4546
794 3677
2274 3668
794 4044
4938 4988
1851 4279
4321 4950
3896 4699
2329 4915
2785 4713
324 4771
3561 4857
2694 4575
1398 4819
1662 4540
4493 4913
4912 4999
1838 4171
1820 4690
4493 4994
456 684
829 3625
485 4690
4428 4454
1195 4640
2970 4773
4417 4456
3456 3881
2941 4665
788 1038
1447 3049
1407 2397
1462 2914
950 3122
4005 4925
4186 4473
3255 4985
4493 4853
2258 3085
254 4078
2880 4068
1815 3885
1379 4763
86 3582
3254 4857
724 4473
1667 4653
2144 2803
551 3320
2116 4885
1401 3400
880 2610
2268 4728
1886 2881
2141 2247
4470 4546
1095 4280
3287 3336
1706 4463
2760 3771
4152 4821
3736 4970
2238 3302
1962 4740
3319 3615
1876 4629
586 3677
1679 4507
3587 4367
880 3582
1083 4463
2053 2604
4594 4600
1038 3233
3611 4901
3149 4958
4066 4994
1101 3424
2454 4963
3023 4982
1419 4651
924 4784
1774 4958
229 4140
2238 3874
1646 3860
1622 2177
3423 4129
582 4851
1782 4279
3799 4255
1069 4920
611 4810
2167 4150
3639 4470
1350 4852
2344 2760
4101 4186
1248 4970
4104 4594
4838 4950
4453 4540
4456 4560
4454 4687
4545 4750
582 4000
2548 3302
1304 4885
4747 4979
3123 4597
1276 4126
3346 4857
1302 1708
4836 4846
1371 3367
704 4964
1660 3431
3516 4280
254 4826
3671 4485
941 3769
4221 4852
3019 4078
792 4470
2044 4428
3773 4977
2089 3297
2530 4660
3472 4247
1662 4982
135 4644
912 4463
1940 4627
3389 4857
2396 2937
3387 4376
1597 2870
3260 3701
3367 3891
2096 4224
1493 4400
3818 4834
3854 4682
4651 4841
4428 4646
3191 4660
325 4473
1853 4225
3000 3565
3426 3939
3692 4958
4253 4851
1116 4074
1663 4720
1990 4533
1301 4400
1892 4482
3781 4257
2170 3509
4355 4963
2003 2791
17 4000
3432 4469
4311 4355
2006 4617
1439 4311
1866 4417
182 1254
3627 4123
3703 4396
3155 4970
4195 4849
2024 4920
3049 3668
4516 4741
3105 3502
4101 4141
548 4699
1195 4925
76 4799
2810 4747
4915 4950
1529 4463
408 4289
2460 4711
3773 4367
4453 4560
224 4985
4493 4985
1849 4844
2530 4074
2556 4963
51 3488
658 2696
2246 3226
597 4600
3717 4457
1706 4670
2679 3984
859 4533
3783 4493
1860 4974
2167 4085
1408 4868
1443 4797
1782 4703
1489 4580
2580 2667
3574 4101
2327 4366
1807 4082
1883 4456
2699 3439
874 4819
2024 3541
2335 4847
200 3582
1030 3860
3194 3944
2438 4763
1584 4516
2316 3123
2116 4973
3457 4261
3624 3625
724 4247
4725 4987
1050 4950
524 1542
2547 4261
2548 4746
2578 4540
1851 4703
1213 3706
2497 4665
4151 4470
99 2177
724 3336
3465 4763
3227 3412
1086 4597
2933 4923
2593 4400
1240 4101
1866 4370
1455 2556
2181 4129
2329 4950
4649 4967
3432 3565
3650 4540
607 4784
1860 4750
1260 3411
1030 4826
3620 4682
1016 4711
1641 3701
4943 4963
894 4680
3743 4492
1662 4368
233 4652
3206 4915
1860 4915
2869 3611
3007 4649
4129 4215
1296 4887
3497 4906
1782 3881
2969 4750
3391 4791
2970 4849
248 2678
1108 4655
4238 4866
2243 4068
4255 4960
3022 4741
44 3781
1797 4092
1775 3226
61 4742
1364 4983
2512 2981
3367 4815
3372 4967
2193 2558
644 4507
4600 4847
1713 4418
4240 4672
408 3511
1030 3312
3390 3622
283 3233
923 4280
1012 3668
2398 2984
839 4868
3431 4127
4417 4841
3541 4651
200 336
2632 4560
1789 1969
1713 2984
1285 3423
1050 4923
3338 4683
858 4065
1917 4533
2441 3447
193 4773
2126 3233
620 4868
2527 2530
3064 4373
3094 3456
2632 4750
623 4917
3585 4580
657 1496
2080 4560
3404 4971
843 4550
4232 4943
2933 4974
2225 3398
1444 4369
3334 4885
1441 4733
1158 3982
644 4627
3585 4151
1694 4963
1740 2586
4750 4915
2238 2466
1420 4857
2632 4938
3164 3868
4369 4619
103 4787
53 4074
1069 4819
3004 4720
1497 2316
586 2268
3466 4508
4255 4646
3219 4851
1226 4973
677 4711
4360 4938
94 4982
1303 4660
2238 4746
3625 4670
1149 4963
3568 4366
4594 4810
288 3457
2986 4808
3123 4361
814 2527
1170 3939
2131 2983
3591 4973
3466 3954
52 4970
3670 4169
3854 4224
3240 4303
325 3216
2219 4901
3808 4973
3013 4366
1642 3669
2730 4852
3334 4600
875 3442
4219 4451
3587 4901
3752 4964
4810 4994
4901 4964
1412 4964
189 4279
1887 4126
3799 4999
1978 2105
1642 4670
2438 4594
2428 4215
583 3568
64 4451
1235 2881
3736 4971
4817 4917
4367 4817
1493 4846
658 2126
4236 4947
3914 4591
2042 3972
345 4853
3022 3497
909 2527
770 4251
1069 4629
2504 3898
3557 4157
3670 3841
1351 3022
4078 4849
1160 1879
659 4676
894 4439
4375 4841
1848 4940
1993 4261
1407 4639
3266 4912
3783 4853
1661 4925
138 4940
3901 4373
2219 3031
1248 4971
2398 4351
1142 4742
2973 4847
2152 4485
2257 2385
3328 4983
411 4797
755 4999
2527 4398
2530 4126
581 3826
3785 4950
2080 4742
1616 4821
2218 4771
817 3492
794 4728
1131 4868
394 4743
3703 4924
1174 4591
1866 1868
4399 4540
1350 3801
3372 4617
2003 3694
1195 4538
3122 4454
3472 4473
2885 4375
1883 4540
4279 4967
1444 4640
343 4947
2558 4545
2219 2225
1602 4627
3781 3945
1371 3701
1054 4482
2015 4152
1660 4492
3696 4141
21 4973
1839 3671
734 4457
2318 4469
1447 3126
551 3581
2769 4846
4379 4381
4457 4653
658 1581
1162 2225
3624 3948
2981 4716
4725 4887
1948 4303
1108 4508
2635 3905
3023 4742
1679 4169
1990 4123
3901 4868
1708 3791
183 4912
1059 1740
2475 4101
2043 4280
353 4141
4367 4917
2669 4538
4206 4359
3439 4906
3650 4791
1043 4943
1358 4943
4214 4733
2882 3248
131 482
2181 3135
4687 4717
4924 4977
2604 4973
383 4398
1318 2145
1842 4923
2080 2578
1607 4345
2763 4123
735 2457
3743 4469
3388 3705
4717 4960
357 4587
581 4747
58 3488
2343 2796
1205 1442
2529 4655
439 4974
1949 4887
3439 3910
551 2440
2585 4713
3155 4683
4687 4912
2162 4791
1576 3085
4627 4710
4852 4960
4507 4644
2193 4741
1641 4815
618 4917
17 3085
402 4885
1666 4055
3072 4784
1810 4915
3312 4826
131 3398
2335 4953
3102 3961
1802 4226
2645 4847
3808 4885
4150 4653
3961 4268
1266 4538
792 4546
1455 4617
2171 4040
4646 4849
4901 4924
1158 3397
1616 4236
364 3733
2822 4658
1654 3287
891 3992
2534 4065
1724 4834
2581 4580
2469 4923
3706 3946
422 2131
1926 1993
4428 4852
256 4026
343 4810
402 3564
1962 4810
2145 3511
2937 4716
62 3254
1240 4473
1708 4925
2375 3330
2779 3229
3185 4838
2882 4082
4279 4540
1407 3564
1240 4247
2132 3240
3828 4847
3084 3561
4215 4964
3273 4533
625 3541
2785 3827
1984 4485
1150 3961
2810 3954
1517 2787
2460 4821
1743 3694
4066 4068
430 1660
499 4127
1012 2380
4847 4973
954 3194
1580 4314
1673 4040
2141 4074
550 4960
1834 2521
1820 4680
1260 3698
2548 3240
2990 3523
2507 4973
3500 4808
2128 4710
4417 4482
224 4853
3785 4974
4254 4367
1772 3808
156 4311
3703 4983
604 4821
803 1917
3511 4376
1866 1924
189 4703
3492 4219
1030 4278
3004 4096
3226 3946
3947 4600
4398 4660
3330 4605
2141 2527
3237 3374
4224 4747
3591 4799
1099 4533
2449 4887
3848 4849
3615 3893
2438 4740
4470 4580
2800 4915
603 4924
644 4169
245 2619
2591 4196
1223 2566
2558 4938
2261 4397
2941 4507
4651 4656
2580 4279
4834 4838
4214 4763
874 3507
791 3488
676 4885
4107 4940
885 4174
2190 4101
3670 3834
3818 4204
1069 4656
3503 4938
2808 4857
4078 4826
3248 4082
2519 2521
3157 4819
3227 3488
3503 4923
361 3227
1330 2828
1147 4725
2670 4743
2084 4846
2253 2981
3157 4676
909 1588
1866 2877
2763 4528
3393 4566
1806 4728
1622 2373
2247 4720
4838 4923
1262 3412
3432 4347
3503 4750
4826 4947
1039 4763
405 2095
2141 4126
3984 4925
2940 3330
229 4699
4836 4852
1195 4787
1100 3381
828 4868
4221 4733
1185 4140
721 3456
52 4971
3022 4838
3670 4174
4232 4244
3769 4463
1364 4901
4221 4846
4672 4983
2074 4129
1420 3719
4155 4368
412 4834
1266 4467
2307 3164
3783 4107
3565 3893
3329 4255
3499 4683
339 2000
3022 4915
3670 4507
3269 4370
4240 4924
1917 4470
2155 4923
1479 4490
4656 4665
1054 4417
2169 4528
3827 4924
4368 4453
2126 3091
2696 2870
3355 3513
2253 4400
4600 4953
2669 4787
1851 4649
4725 4914
1232 3143
2379 3885
3799 4836
4253 4988
353 4247
392 4950
2997 4605
2015 4763
4396 4964
3091 3905
77 3456
3671 4639
1984 4399
2008 4261
248 3706
1607 4999
2828 4851
1644 3621
1956 4186
1630 4977
3743 3874
1155 4797
3503 4974
3404 4206
676 4847
2472 4672
1956 3216
2134 3881
1921 4999
3102 3492
4467 4619
1949 4914
4915 4988
3013 4747
99 3488
1588 3970
2940 4797
752 4983
293 2547
1073 1471
885 4710
3611 4451
2986 3240
3816 4771
3320 3581
1070 4418
4683 4723
3384 4670
256 3445
4594 4847
2663 4711
1442 3105
1133 4370
4853 4971
568 4150
3265 4107
2580 2641
2861 4672
2492 4261
3107 4920
3013 3620
1807 3992
1555 4979
5 3984
2679 3677
1497 1516
2543 4682
2861 4817
2797 4082
4591 4656
3591 4743
212 4203
3412 3488
3523 3797
4740 4763
4110 4418
407 4914
684 3848
1003 1398
603 4964
1767 2236
1948 4953
1517 3669
2024 4591
1555 4508
4851 4915
1043 4720
1876 4651
2790 4244
4439 4725
3627 4590
1065 4985
3619 4303
528 3333
2790 4967
3185 4938
2997 4418
3427 4885
3465 4733
1706 2261
1661 4005
2074 4082
196 3205
3502 4787
3149 4817
3276 3388
611 4763
2457 3568
2670 4799
2215 3084
2556 4878
3785 4031
2034 4799
894 4690
803 3854
4683 4913
2785 4977
2861 4977
3785 4977
1849 4963
2084 4203
2344 3524
2504 3426
3893 4347
2973 4628
26 3523
156 4195
4123 4580
3503 4516
891 3423
3845 4092
4255 4895
2214 3336
2469 4838
3703 3773
2635 2870
2233 4866
165 4482
4359 4994
672 4591
156 4784
3297 4314
972 3226
1709 4784
4236 4594
3094 3881
422 4226
2187 4251
996 3939
4629 4656
1350 4379
2466 4347
2969 4253
1597 2791
2466 3302
2461 3816
1254 4042
3692 4254
2223 3694
3565 3615
4725 4985
3107 4321
4110 4728
1009 4699
2314 4575
2534 3411
392 4974
1012 3126
2694 3787
3286 4784
2312 4852
3255 4078
1493 4773
1200 3791
2398 4728
2271 4490
927 3292
1898 4773
3064 4680
3149 4964
3426 4587
1706 2136
2213 3961
2079 4771
4096 4963
2398 3771
550 4999
1385 4648
2673 4373
2787 3625
2587 4670
3818 4538
3893 4492
4683 4940
657 4851
692 2719
4359 4493
3564 4485
4644 4653
2187 3265
1849 4878
1101 3946
3106 4784
1883 4155
2619 4370
1489 4533
553 1797
1018 4400
1170 4821
1365 1938
3397 3868
3157 3507
2042 3062
781 4549
3388 4533
2379 3447
3500 3743
2457 4290
1364 4977
2096 3442
2409 4140
1709 3106
610 4799
792 4528
3769 4652
1940 4710
2547 3523
1059 4866
3736 4723
874 4676
1917 4546
4646 4717
2274 2939
1514 4743
1993 4834
4206 4723
2880 4682
1238 4065
3954 4597
4617 4967
1174 3970
2181 2559
1374 2581
2591 4485
3011 4225
3273 4470
3456 4967
4368 4791
2300 4469
3941 4186
3302 4347
875 3826
4240 4396
4169 4653
3286 4687
165 245
1630 4901
2670 4885
2307 4644
2542 4439
3783 4994
4540 4742
2790 4617
922 4251
4096 4943
708 1200
1475 4742
1708 4597
1584 4838
3834 4085
422 3445
499 2318
1617 3094
3854 4597
1364 4817
2295 4920
2679 4005
2585 4817
2542 4866
1081 3574
4303 4469
324 2512
2457 4397
4740 4994
2193 4974
1412 4672
3625 4463
71 2610
156 3072
4720 4878
3226 4878
1071 4771
504 4238
3394 4878
724 4186
1839 4639
2080 4368
4851 4950
4725 4913
1497 2044
1607 4960
1806 4351
1938 2796
2479 4473
75 1704
1029 4398
23 4225
3328 4254
3736 4107
2530 3374
4617 4844
1652 3670
4107 4971
4289 4940
4750 4851
1921 4836
581 4979
1462 4868
1851 4967
2748 3387
2233 2914
4453 4982
891 2428
2585 4977
1380 4923
3639 4546
2141 4398
4157 4750
1439 1482
1795 3982
1949 4913
1369 4958
4516 4851
4463 4670
2451 4750
3669 4040
523 4469
3898 4967
4649 4703
901 3516
2691 4123
3206 4974
4104 4164
1003 3914
1865 3439
4186 4247
4101 4473
4912 4917
1414 4397
3785 4901
2460 4947
4672 4901
4853 4970
2948 4834
2451 4938
2984 3771
1604 4225
2663 4855
3107 4923
2295 4819
2193 4938
3503 4321
4508 4597
1679 4710
3456 4549
143 3205
4140 4649
3394 4720
1530 4660
2167 3670
2880 3954
3002 4994
3669 4670
392 3206
1004 3694
2699 4456
188 4375
2497 4912
99 2440
2881 4005
1543 4074
4711 4810
4457 4627
1248 4591
2343 3585
1962 4711
1617 2059
1758 3773
3269 4280
1663 4844
3199 4923
3255 3860
3681 4819
3901 4866
2246 4728
140 4925
2639 4560
239 4619
3801 4960
4203 4846
1679 4457
2796 4925
2375 4290
1680 3400
3783 3897
1226 4847
1673 3312
524 3868
2260 4676
1848 4970
4743 4847
3281 3914
1490 4590
3611 3961
2719 3948
1984 3561
2268 3226
4360 4646
4367 4376
954 4055
3206 4938
2003 3905
3497 4915
1398 4920
1004 4376
1879 3992
3330 4196
4085 4174
1364 4958
3939 4617
3002 4164
499 3743
4466 4940
820 3007
4895 4912
2295 3541
1667 4710
2043 3269
325 4247
4914 4970
3472 4101
3457 4282
2449 4683
2089 4092
610 4973
4587 4658
2300 4492
1479 4834
3523 3566
3619 4492
2534 3265
1095 4370
4151 4546
3719 4196
4107 4821
196 3509
2933 4838
3096 3787
1984 4857
2800 3901
1436 4456
183 4999
1842 4938
2477 3874
3276 4123
3334 4799
4950 4974
3456 4649
1381 4065
1898 3229
3499 4493
2155 2469
2243 3501
2750 3516
941 3241
1848 4853
1944 4232
4255 4687
4687 4999
3260 3367
3696 3941
13 4728
2637 4920
3703 4977
254 3860
1673 3752
3042 3400
3174 3681
3783 4466
1938 3984
3509 3524
2612 3881
2437 2997
1205 4171
21 4847
4110 4351
759 4799
3004 3939
2822 4963
2152 3995
3442 4747
4836 4999
3574 4247
4895 4999
3394 4617
2327 4508
702 4244
4587 4963
504 4868
2233 4238
2862 4994
3970 4282
23 3972
1594 4846
528 3970
1694 4232
1407 4290
4763 4994
625 4347
611 4152
1444 1543
1607 4846
3273 4123
3828 4536
1537 3868
2869 4268
3404 4887
1285 2882
1379 4236
99 4042
2375 4196
109 4092
3670 3721
380 4065
2167 4507
1846 4640
3827 4254
2504 4878
324 3816
2144 4628
1842 4974
2312 4960
3827 4367
1424 4960
2213 4219
3896 4703
2460 4740
3328 4672
2678 4044
4540 4982
4092 4451
3914 4923
3164 3982
941 4648
1238 3357
3149 4713
1464 4651
1691 3516
4397 4652
4683 4971
1846 4204
3650 4257
1248 4913
3205 3509
3561 4639
3255 4646
3565 4746
618 4713
291 3513
624 3845
4104 4152
2962 4742
57 4597
814 2530
4040 4826
2132 4347
2079 4203
2398 4418
1266 3502
2302 3191
3671 4605
2261 3241
1038 3905
553 2213
2822 4943
1081 3287
3094 4140
1099 4546
1230 3096
3834 4457
1978 2274
3432 4808
4587 4943
304 4728
1858 4819
3367 4026
3161 4799
4206 4914
875 4224
3412 3581
2669 4640
3499 4971
4396 4672
610 4885
3273 4151
323 4819
1462 4680
2091 3355
4963 4967
3286 4895
2699 3781
1724 4490
3338 4940
1497 1644
1775 3677
3084 4399
4107 4970
3585 4470
3625 3669
2441 2755
1630 4983
1767 3698
1302 4361
3266 4717
2454 4967
3334 4743
1131 4797
2396 4846
1301 4203
2472 4817
3555 4221
1666 3355
2755 4398
1351 4885
3585 3705
1462 4566
2542 4690
4838 4938
4683 4887
1442 2486
1003 4920
75 2105
3816 4773
4485 4605
3615 4746
2880 4508
17 1576
1276 2527
4644 4710
3400 3511
3896 4279
1717 4747
1475 4368
2796 3984
4683 4725
4381 4958
1704 3478
1475 4257
3240 4127
3717 4627
394 4885
1604 4226
4628 4973
3387 4289
1858 4629
4917 4958
1099 4590
2271 2521
2449 4940
1262 3869
304 4044
1706 3241
3910 4453
831 3848
4169 4174
1101 2246
4289 4466
407 4940
2940 4042
3205 4728
305 4127
1962 4821
444 1038
1542 2028
3513 4311
4536 4628
3585 4528
2153 3062
1350 4345
2472 4977
2466 3000
1772 4885
2475 4247
1240 4141
4355 4967
3084 3671
841 4857
3227 3581
3639 4528
2940 4605
2162 4560
190 2053
2312 4999
1848 4971
2316 4412
4066 4740
2986 3432
439 1918
1142 4982
1704 3126
3404 4466
183 4454
3785 4838
2760 3524
3432 3874
3084 3995
2785 4983
3785 4983
2059 4065
336 2586
2002 3733
1262 3581
901 4841
1529 4670
2329 3199
4244 4943
2673 4868
1030 4078
2162 4982
2431 3901
3199 4516
841 1013
3587 4672
2846 3106
4469 4746
1707 3995
1802 4225
4290 4463
2223 3237
3587 4817
4940 4994
305 4808
3372 4878
2810 4508
3808 4743
4206 4987
3805 3905
4646 4852
3818 4640
4914 4971
3910 4560
3818 4787
296 3910
3023 3781
2318 3743
2295 3947
2187 2236
1602 4150
884 4627
323 4920
1802 3624
1984 3995
1401 4376
1131 4566
1493 4771
2800 4566
3189 4964
2218 2593
1898 4771
3106 4251
1292 4456
1938 3031
741 3140
1350 4999
3497 4545
75 3717
767 4627
4055 4311
3023 4906
2042 4226
2635 3805
1944 4587
2785 4672
283 3905
1369 4964
1849 4658
1630 4713
1579 4841
2257 4000
3404 4359
4687 4960
182 4196
2454 4617
2431 3741
3500 4660
4096 4658
4672 4817
1303 3619
3085 4851
3242 3799
4717 4852
3181 4490
3329 4852
3611 4314
1030 3752
2396 4203
1278 4784
3189 4203
4123 4546
4244 4963
3445 4226
4560 4791
2219 4925
829 4652
1343 4278
3181 4925
2153 3972
51 4171
2268 4467
3372 4963
53 4398
1360 4550
3622 3914
94 4453
1342 4549
3524 4728
4456 4742
1059 4868
4206 4887
143 4418
2914 4690
3374 4126
2422 4901
3827 4901
430 4303
2466 4492
2397 4857
3622 4819
1330 4000
2261 3769
4151 4528
4851 4988
1880 4857
2017 3188
2253 4203
4289 4853
2578 4399
672 4920
4817 4958
50 4676
2547 2990
2034 2237
2673 3064
339 3126
3692 4672
4040 4129
4289 4887
996 4943
4713 4964
1694 4967
2028 3254
614 4453
3109 3816
152 3721
2247 4943
236 4999
611 4821
1660 4808
3914 4920
2335 4536
2053 3547
2763 4533
2214 4186
2984 3205
550 4912
339 798
4683 4970
248 3101
361 1262
4682 4747
4791 4906
3241 4290
2521 4787
4157 4938
1248 4914
2667 4699
75 953
1462 4373
3155 4853
3398 4005
3388 4580
4361 4597
1028 4920
2846 3194
1149 4658
2219 4005
4373 4566
4345 4428
190 4670
952 3381
94 4417
2326 4985
3696 4101
2667 4549
2153 4226
502 4591
2074 2882
2169 4533
1917 4580
3499 4970
4914 4994
3507 4676
2475 3287
3692 4983
884 4644
1147 4566
4439 4690
2015 4740
2968 4155
843 4361
3328 4240
2580 4549
430 4660
2472 4901
3019 3312
3328 4367
2671 4597
755 4687
1380 4950
996 4963
100 4469
2791 3805
2190 4247
2691 4590
2585 4983
1581 3905
2218 4203
99 3412
2610 3825
1838 3227
1767 3411
2504 4617
2730 4379
2669 3818
190 4397
1398 4656
2941 3574
2481 4280
1317 4885
4157 4974
2507 4953
225 2380
721 3271
2454 3372
1374 4841
2678 3706
4594 4763
3721 3914
2572 4690
3397 4857
3488 4171
3897 4321
781 4649
2214 3216
2507 4743
4359 4853
26 3357
1918 4649
3885 4784
4887 4994
1944 4878
2768 3552
954 4849
3752 4646
2885 4482
2997 4728
1360 1516
953 3230
617 1493
3161 4600
1860 4516
3954 4068
2042 2719
4740 4855
339 3668
3199 4321
3899 4314
2335 4743
551 3227
3391 3694
2963 3995
4470 4528
2136 3384
2300 4347
2335 4628
4741 4988
3781 4456
692 1910
2116 4628
3555 4687
287 3848
1956 2479
607 3355
3348 4983
4279 4549
1802 3972
3229 3816
1226 3334
4078 4646
2314 4376
3242 4257
2000 2380
1380 4938
4750 4988
3736 4359
1681 2983
3404 4493
4713 4924
2096 4655
1420 4797
2610 3733
1580 4451
2748 4376
2736 4639
1846 4538
2610 3428
1673 4849
118 2219
4683 4914
1440 3677
1663 4096
2673 4680
1795 4857
2694 3400
2587 4469
3841 4644
2075 3825
2128 3834
291 3440
1083 4648
4594 4799
2190 3574
2169 3627
4887 4913
86 2586
3557 4851
2663 4740
1039 4594
3254 3389
4280 4609
4723 4887
4853 4940
109 1412
1995 4457
875 4508
3131 4466
4412 4597
841 3389
2454 4232
3771 4418
839 4238
422 4225
3022 4974
2469 4950
3501 4979
3181 4619
2300 4127
767 4169
4711 4763
4379 4428
444 2696
3295 4791
4068 4597
1641 3493
396 4439
1009 4815
1059 4566
1157 4398
1158 4857
3513 4195
4817 4977
4155 4982
2213 4451
2750 4609
3896 4967
2190 4141
620 4690
4964 4983
952 3992
3391 4376
3286 4646
3524 4351
2034 4973
2504 4963
644 4644
1380 4974
775 3582
817 4451
2670 4847
26 2187
3348 4713
54 3622
3703 4367
1383 4110
4369 4787
3585 3639
1414 4670
4366 4655
4355 4849
3205 4418
1248 4887
4597 4979
4791 4982
1081 4473
788 3805
3004 4943
4912 4960
1371 3140
1285 1736
3741 4690
3319 4127
1820 2542
3022 4750
189 4699
1343 4040
3388 4528
3445 4225
2808 4485
4917 4964
1100 4215
1602 4644
3961 4092
2454 4244
1969 4819
874 4656
895 4314
1879 4129
4923 4988
4068 4747
3394 3898
3022 4938
2469 4938
2309 3705
3260 4815
2381 2610
1948 4973
3122 4255
3387 3400
1917 4528
1602 3721
1343 4826
4150 4169
148 3891
3286 4960
1493 3065
3011 4226
2759 4463
770 1810
3891 4026
4321 4750
3615 4303
2470 4853
3297 3845
3367 3493
1713 3771
234 4361
475 4538
2691 3705
3503 4950
523 4127
4290 4652
2237 4536
1260 3357
553 3297
76 4973
304 3101
1807 3423
2170 2760
1576 4851
1160 4082
3286 4255
759 4953
2226 4566
2566 3516
2861 4901
411 1910
287 3019
1471 4797
1260 4065
4454 4999
1185 4279
3826 4655
1584 4950
3423 3992
2258 3188
4887 4985
2803 4799
2451 4915
402 4953
2810 4224
4126 4660
2593 4846
2504 4232
610 4847
3692 4381
2529 4224
3143 4311
3752 4826
1802 2983
4214 4236
2438 4821
1200 4412
2314 3387
1667 4627
2466 4303
3706 4044
909 3552
2645 4628
2153 4225
1350 4454
1213 3946
1115 1680
3393 4690
2880 4747
3502 4204
3000 4469
3000 3432
1349 2059
2846 4355
1447 3230
4232 4658
140 3984
3621 4412
3565 4469
4225 4226
2419 3881
2802 4195
3427 4716
4540 4560
4399 4639
23 4226
1357 4895
2864 4940
61 4540
3185 4915
4224 4597
229 4549
2984 3509
1010 4913
735 4652
2679 3398
1266 4619
3101 3706
3834 4627
3391 4257
2604 4885
1490 4470
3396 4361
791 2123
3334 4628
305 3000
1584 4741
2486 3320
3241 3669
1439 3440
2042 2153
2750 3269
3389 3982
2720 4151
2941 4710
1616 4810
4303 4660
4982 4987
781 3984
1594 2981
3582 3825
1070 2437
3541 3681
536 3248
912 4648
2236 3292
4303 4347
237 4215
1031 4303
1995 3717
708 3621
2422 4817
743 4728
2885 4370
287 3255
77 4703
920 4640
1455 4720
2169 4470
3019 4849
4155 4257
2008 3566
2326 4853
188 4370
2152 3330
1073 4092
93 4587
4152 4855
3736 4940
3828 4594
3426 4878
1868 4841
1071 4887
2008 3771
3801 4852
2438 4236
2336 4215
3947 4799
1441 4687
3106 3885
3266 4687
2699 4742
3901 4690
828 4373
1775 2246
3845 4219
3105 3488
3336 4101
3620 4068
3426 4244
4428 4550
4545 4851
4717 4733
4454 4717
582 2258
140 2881
4683 4994
1059 3393
1993 3523
803 4979
4359 4683
1937 2512
2870 3905
2720 4546
4658 4943
1706 3945
1887 4398
1868 3269
2941 4174
3848 4826
1944 4617
2787 3384
4206 4985
624 4219
4418 4728
4232 4844
1059 4680
3131 4913
3240 4808
1517 4648
2673 2800
4617 4943
2145 3387
1301 3229
1142 4453
3188 4000
3334 3808
4379 4717
3469 3891
1133 4841
4958 4964
843 3123
2507 4550
4268 4451
4345 4912
245 4609
3241 4648
2529 3854
3019 4278
4254 4901
1226 4799
1010 4985
3897 4851
1896 1898
4096 4967
2042 3624
2380 3230
4743 4799
3466 4224
4546 4590
1385 4652
2080 4982
3497 4321
4031 4964
3228 4490
3065 4716
781 2641
3954 4979
1806 2997
3860 4278
1342 3881
1240 3574
2226 4373
3565 4660
1838 3869
1740 3931
2720 4590
4238 4868
1081 4186
3388 4546
2556 3898
3791 4428
2970 4078
1030 4040
3228 3230
2963 3719
4913 4971
3492 3611
2449 4985
3910 4368
1774 4240
2880 3854
4467 4538
3541 4676
2990 4282
4244 4658
2937 3816
839 4866
3948 4225
2441 4660
3808 4628
1443 1984
4240 4964
3286 4999
2114 3227
3561 3564
3705 4528
2768 4261
3431 4347
4439 4680
1312 4652
3011 3624
4150 4174
1142 4417
3947 4953
3185 4741
2869 4314
4651 4676
968 4545
2144 4536
817 4268
3743 3893
1924 4609
1069 4651
3947 4743
478 4640
1558 4186
2344 2997
1873 4628
2472 4713
3692 4817
3007 4279
3947 4628
478 4787
1039 4947
859 4151
287 4646
2316 4550
3123 3791
2580 4967
4852 4999
2486 3869
1490 4533
3785 4819
2477 4746
3440 3885
3881 4967
3898 4943
4367 4396
4355 4844
110 3717
1703 2619
2000 3230
1661 2881
2990 3552
2750 2885
3181 4204
4221 4999
353 3574
1235 3984
1081 4101
1376 2534
4381 4983
759 4847
422 3062
3346 4639
2380 3049
4538 4787
509 3931
953 3351
709 2694
1516 4550
1099 4470
985 4282
2963 4639
553 3899
1692 4747
412 3818
2438 4810
3276 3705
3547 4397
1758 4817
4196 4639
4206 4913
3287 3472
741 3701
4466 4725
1371 4026
303 1954
2759 4652
3131 4985
625 4469
3692 4977
2548 4808
2172 4345
1622 3488
3944 4355
1681 2719
1921 4687
4428 4895
361 4171
4375 4609
3000 3126
885 4141
1419 4819
2670 2678
1424 4912
3465 4821
4104 4763
86 3733
3255 3312
3620 3954
2763 4546
110 4710
4152 4214
1424 4717
2566 4841
1101 4044
3389 3868
3898 4963
1108 1692
1266 3228
2492 3333
592 2559
2880 4366
3394 4232
3492 4314
1758 4977
3388 4123
3372 4720
2667 4967
4279 4703
3241 4463
1743 2145
1969 4920
2169 4123
3587 4713
3897 4545
2158 4546
1069 3466
4257 4791
818 4878
1984 2375
3995 4528
4658 4844
99 4171
2114 3105
1594 4773
592 3381
3394 3939
4906 4923
1646 4849
2116 4743
2595 4834
2730 4999
1707 4639
818 3898
2862 4763
188 4482
3199 4950
336 3733
196 4418
499 1303
4656 4920
3229 4773
1876 4656
3585 4533
3507 4819
4152 4711
291 1815
2475 3394
4725 4994
2822 4244
1694 4720
2990 3970
3348 4977
3494 4399
4068 4224
1543 4660
1910 4226
1436 4791
3140 4026
4799 4973
2470 4493
2898 4680
1056 4994
23 2131
2984 4418
1898 4716
3568 4224
2763 4590
831 4646
138 4970
3466 3568
1617 3265
2768 3970
1517 2587
1407 3995
1115 4575
1775 4467
3000 4746
3205 4605
444 3805
4255 4836
4221 4687
299 4819
1497 4412
1360 1708
3431 3619
1542 3389
2986 4746
3107 4938
874 4920
3131 4359
3161 3808
3155 4493
2177 3869
2169 4151
1133 4482
1736 2797
2593 3065
950 4687
2933 4157
592 4215
4740 4821
3706 4467
734 4653
1846 3181
1995 4169
3946 4728
3801 4379
3787 4376
857 4810
568 4627
1654 4473
287 4040
2271 4925
3808 4600
485 2034
2768 4282
3002 4740
3199 4938
3627 4528
2440 3320
1834 4490
3555 4717
1419 3297
2078 4810
1353 4164
4817 4983
478 4538
828 3741
2381 3428
3000 4347
3874 3893
1815 4311
4964 4977
2295 4591
5 2679
659 4629
143 4076
2003 2696
3102 4314
1298 3948
2042 4225
1694 4878
1038 3091
4369 4640
3901 4725
3404 3946
2864 4723
3227 3320
858 3357
2006 4878
2167 2307
3773 4396
3901 4439
3189 4773
3897 4157
1185 3896
131 2796
502 4920
3328 4917
2969 4838
76 4536
4164 4855
2941 4653
1438 4901
4351 4418
3226 4467
4639 4710
415 1853
1680 4575
394 4953
1584 4923
300 2635
2373 3227
26 3411
3202 4507
1659 3805
1641 4026
1412 4713
2469 4741
2822 4967
4600 4743
4359 4940
4913 4970
2973 4885
788 3091
792 4533
3107 4676
240 1926
2760 4110
1401 3787
1343 3752
2885 4841
412 4619
4587 4967
1447 3478
3174 4591
3355 4355
3948 4226
3106 3391
2215 4857
3355 4784
2933 4516
1740 3582
3216 4186
139 4428
4085 4627
3226 4728
4055 4784
2497 4717
3199 4974
2595 4619
1851 4720
1009 3701
3799 4687
3000 3500
4107 4853
3899 4092
4104 4994
2962 2968
1086 4361
841 1961
4150 4457
1838 3488
3023 3945
3302 3500
2763 3276
2864 4913
196 1383
2096 4747
3237 4575
405 3701
4605 4797
3650 4456
2397 4042
4321 4974
2144 4743
3783 4985
2329 4923
4236 4740
1774 4917
1254 3089
2218 4101
1230 2694
4397 4648
1398 4651
2042 2131
1565 4092
1673 4078
2344 4418
2123 2373
3102 4451
4787 4925
3143 3513
2261 4670
2170 2984
3228 3502
1251 4964
4627 4885
617 4507
3384 4648
1296 4970
828 4866
818 4617
1758 4901
618 4983
972 3946
4887 4987
3703 3827
3897 4516
1343 4078
256 3469
692 4225
3574 3941
2785 4367
2171 3752
3329 4960
1385 2457
1009 3140
1444 4619
1537 2028
2449 4853
2343 4005
1496 2017
1075 4651
3771 4605
2558 4750
2898 4238
3696 4247
1646 4826
2145 2748
2699 4304
3330 4639
654 4665
3302 3743
3801 4717
3493 4026
2226 4690
2237 4743
4254 4672
1441 4912
4206 4466
3348 4958
3334 4953
1580 3492
1443 2963
1607 4221
1934 4311
2479 4186
2578 4257
3845 4451
1408 4566
2074 3992
4924 4964
2128 4169
2079 2981
1846 4787
3627 4151
4533 4580
1548 3825
1251 3827
3355 3944
3241 3769
482 3984
1876 3157
3135 4453
4454 4852
188 4609
2385 2828
1663 2548
2670 4628
1358 4055
1673 4826
4005 4741
895 3611
1740 2002
1866 4841
94 3910
2379 3143
51 3581
3089 4797
1420 3564
3771 4076
3131 4493
4279 4649
1581 2791
3703 4917
604 4763
895 3961
418 4463
1228 3248
4454 4912
64 4092
1039 4104
476 4000
1228 4215
1802 3062
4600 4799
920 4787
3893 4660
709 2314
2591 3346
2814 4238
2201 3219
912 3547
1926 3566
1956 3941
722 4901
3827 4977
2670 4536
4244 4587
444 2791
2095 4026
3698 4065
3131 4887
3334 3947
3329 4360
2233 4373
1565 4314
2312 4687
2167 4665
2409 3456
4536 4743
3131 4853
3206 4321
2431 2572
3122 4999
2548 2920
97 3424
234 4412
2639 3439
3465 4711
4232 4878
1380 4838
2864 4970
550 3555
4254 4958
3391 3494
54 4920
3564 4857
2006 4720
1883 4742
1660 2920
3439 4742
4355 4617
2587 4648
2802 3944
93 4943
138 4971
1767 3265
4196 4399
2053 4397
3181 4369
775 4126
1761 3509
1579 1892
3841 4665
3954 4655
2105 2939
1860 4950
1663 3939
3677 3706
618 4924
1381 3357
3085 4000
3233 3905
2419 3007
4723 4971
4597 4655
1298 3011
4887 4914
3524 3771
4359 4971
3773 4924
256 3701
2233 4868
4381 4672
4150 4644
412 4640
2432 4126
4157 4516
3260 3891
1200 4550
4226 4351
249 3424
4238 4373
1721 4808
2091 3513
1820 3064
3995 4797
2158 4123
1479 3818
1420 2397
3717 3841
233 4397
300 1581
1652 4085
1380 4516
2706 4368
2507 4600
1436 4453
4203 4400
1357 4901
2822 4096
3157 4920
3396 4412
3620 4508
2632 4950
1622 3898
1174 2768
2691 3388
3295 3650
3785 4516
3825 3931
148 1009
3149 4672
4594 4973
702 4963
3384 3547
4221 4255
4665 4819
2171 4646
2667 3094
2152 2153
1317 4953
2880 3494
148 3260
4303 4808
3783 4683
4107 4466
1038 3805
13 4834
2981 4400
4360 4950
1860 4923
2983 3624
1860 4938
523 2986
704 4917
2504 4096
2730 3801
624 4092
2637 4629
1548 4398
829 4648
3808 4953
4140 4703
3135 3992
4740 4810
1038 2791
3587 4958
2300 4303
2375 4639
1081 4628
3499 4853
1593 3805
4169 4507
1879 2559
603 4917
3338 4723
355 3164
3954 4508
3736 4887
4206 4725
1482 4195
2158 4151
2481 2566
3240 3565
5 2343
3229 4716
3216 4473
4042 4797
1095 4482
4536 4799
2247 4244
1444 4490
348 4912
3122 4687
4971 4994
1555 4068
1772 4953
3255 4040
1956 4141
50 4819
2003 2870
3555 4454
2309 4151
2864 4914
659 4656
2547 2768
380 3292
4750 4923
3273 3627
2095 3367
1424 4852
3105 3581
4652 4938
4031 4917
581 4068
3295 3494
3785 4672
4255 4360
58 791
3230 3351
2785 4817
3785 4817
299 4591
2634 4566
4852 4912
252 4549
803 4655
2667 4703
3939 4232
1443 4639
2307 3721
3248 3381
1073 4219
597 4536
99 3320
1296 4971
3816 4716
4104 4236
4219 4268
3828 3947
4066 4236
415 3445
5 4005
2155 4741
2637 4665
692 4226
4538 4640
1302 3791
2419 4549
2017 2258
4278 4646
1365 3398
3773 4964
1838 2440
623 4396
237 4129
4076 4110
2797 3992
4844 4878
3109 4716
2736 2984
2457 3769
788 2635
4741 4851
2145 3237
597 4973
131 4005
1009 3493
1083 3547
1743 3511
1365 4925
3681 4591
4466 4723
4457 4665
1703 4609
2730 4912
624 4451
2237 4885
4457 4810
1086 3396
3816 4400
4711 4994
4253 4838
2457 4670
2534 3357
1865 4399
3828 4799
345 4940
4855 4994
2933 4938
4345 4846
4971 4974
4355 4878
676 4743
1724 2948
3286 4717
355 4660
1918 4279
2226 4868
2213 3899
985 3970
4055 4251
2246 3706
2632 4974
2195 4720
4268 4314
3338 4493
62 3868
1772 4594
1767 3292
828 4690
1330 3085
4493 4940
2797 2882
355 4963
1879 3135
143 2398
1304 4847
1654 3941
4545 4741
4360 4974
3447 4126
1758 4983
1170 4740
2920 3893
4538 4834
568 4174
2803 4847
2017 4851
3671 4399
1680 4376
1879 4082
1666 4784
4066 4240
2962 4982
2253 4920
2409 3881
2170 4418
2335 4973
13 3946
2548 4347
1205 3320
1810 4950
4591 4665
792 4590
3202 3670
405 3493
4224 4682
3064 3393
1385 2053
1940 4644
2547 3457
1374 4280
2089 3961
2169 4580
3733 3931
357 4844
1594 4771
4940 4985
1304 4600
1887 3191
2089 3611
3650 3945
3229 4771
4375 4417
2327 4999
2572 4566
2719 4225
3509 4110
1343 3019
4549 4649
1879 2181
2706 4540
1581 2003
4617 4658
1212 2586
858 3698
1846 2521
2699 4906
2864 4971
3494 4540
3189 4924
3465 4855
1842 4915
2578 3945
2632 4923
1475 4791
592 1736
502 4656
4516 4750
2344 4605
1101 3101
383 4660
3084 4797
759 4973
2208 3901
355 4878
1662 3910
607 3944
3336 4247
3982 4857
1276 2441
3587 4031
3564 4399
1083 4652
17 3188
3466 4655
24 4280
1254 4290
2152 3719
1438 4958
4723 4970
1641 3891
3500 3619
2105 3351
927 2236
3669 3769
1074 4655
192 4878
1934 3513
2803 3161
2962 3945
4359 4970
4913 4940
1364 4964
1604 3062
3334 4536
952 4129
1558 2475
4345 4360
4042 4290
172 3701
722 4983
482 4925
4629 4665
1158 3389
1479 4538
1724 4619
3302 4746
1185 4649
2309 3585
3501 4224
1228 3816
4360 4516
3131 4914
2558 4950
2123 3488
4289 4723
118 3398
2497 4999
3587 4240
1707 4746
2736 4196
1593 3091
3826 3854
1529 3769
2243 4747
3741 4439
418 4652
2671 3396
2208 3741
1938 2881
422 3972
875 4747
4467 4925
2691 3585
3620 4366
2864 4887
1292 4453
1937 4771
1666 4195
1013 1542
1834 4925
3499 4466
2719 3624
3587 3692
1761 3205
1956 3287
3396 4428
4381 4396
941 4670
1464 4629
1802 2153
2559 4129
1228 3381
2585 3773
439 4938
1792 4947
3346 4485
3189 4771
2785 4901
2948 4204
1782 4967
2477 4660
1493 3816
2432 4398
3013 4224
4123 4470
2637 3681
2937 4203
2755 4074
794 2678
2225 3031
4204 4490
4901 4983
4466 4970
1662 4791
2208 4690
3898 3939
2869 4451
3439 4417
3062 3972
4906 4974
364 3825
2419 4279
2318 3874
3705 4533
4733 4912
2152 3564
623 4924
2673 2914
4345 4960
1357 4983
1617 2534
4289 4985
1926 3970
4321 4851
4545 4988
4224 4508
4066 4711
4885 4953
509 2610
2307 4653
625 4746
3783 4987
4290 4648
1707 2963
3524 4605
355 4857
1471 3346
2990 3333
3174 3914
3004 4617
3619 4808
1490 4528
4627 4665
1365 3984
1918 4549
2572 3741
3202 4665
3328 4964
3206 4741
4360 4836
4838 4915
296 2699
3424 4728
3440 4195
1228 3135
3286 4221
447 3188
4164 4821
4683 4687
1262 4171
325 3941
1584 4938
3717 4665
3062 4351
3094 4279
2519 4351
857 4164
2380 2939
3194 4055
752 4254
3574 4186
2017 2257
4656 4819
551 3869
476 2201
700 2105
2397 4485
4600 4628
3241 3547
4369 4490
3946 4044
3022 4923
3228 4834
2327 4655
2407 3164
2078 4164
62 4857
1399 3367
2155 4915
2457 3625
1810 4516
2440 3412
2981 4846
1703 3516
1482 3072
2941 3834
617 4716
2558 4974
2920 4746
2497 4687
3404 4913
3002 4653
3799 4717
741 3493
3266 4852
4254 4817
924 3355
3273 4580
1162 2679
4240 4367
2271 3818
430 3743
735 4648
1774 4964
3149 4901
3269 4609
3524 4418
1292 4540
1383 4605
1016 4810
548 4649
2128 4457
478 4925
502 4676
581 4655
2673 4566
2529 4747
3620 4747
3089 3561
2504 4844
225 1978
1707 3561
1580 3961
2969 4915
1251 4917
1849 4943
3961 4451
2219 2796
4195 4251
1318 3237
4219 4314
3164 3389
4355 4587
2558 4253
3896 4140
1081 4247
4672 4924
2877 3516
3194 4251
2492 3797
75 3351
1797 4314
1797 3899
3947 4536
2800 2898
1099 4580
2158 4528
3122 3555
4619 4834
77 4699
4470 4533
2699 4368
3107 4591
1442 3581
3773 4713
4878 4943
3181 4787
2558 4923
2534 3292
245 4375
4851 4923
3801 4687
2634 3741
1496 4000
2497 4651
225 3668
3106 3143
1133 4609
2472 4983
2769 4999
3336 4076
3338 4970
2920 4469
3161 4953
4367 4924
3736 4206
4648 4670
2190 4186
1910 4225
2213 4092
3552 3970
1736 3992
1846 4834
708 4550
1424 4895
3276 4590
2213 4268
4321 4923
300 3620
4566 4690
1769 3896
2736 4485
4665 4676
2460 4810
4096 4878
4104 4361
4653 4710
4826 4849
2407 3868
4204 4925
4221 4345
4846 4852
1230 4575
659 3174
2670 3961
3440 3944
1436 4982
502 4819
233 4670
2431 4439
2810 4979
1475 4453
172 4815
212 4716
1517 4397
2428 2882
3049 3230
2810 3466
4887 4940
2307 4174
4381 4924
1464 1789
4619 4640
2472 4254
4680 4690
1516 4361
412 4787
1031 3874
1174 3523
476 2258
509 3825
2379 4849
3143 4251
1066 1238
3587 4964
4646 4846
583 4224
3939 4844
1597 3091
1412 4901
2268 3946
2914 4680
3624 4351
3393 3901
4953 4970
1223 2581
2669 4834
2760 4418
654 4676
1706 4397
3302 4597
1379 4104
3692 4901
1846 4925
2669 4467
3627 4533
1782 3007
2470 4723
2312 4717
3627 4546
3404 4985
659 4920
1873 4866
3185 4974
1529 3625
3241 4652
3426 4720
4834 4925
1349 3698
118 3984
4938 4943
1464 4920
2084 4716
90 4977
1713 2519
2172 3493
2171 4826
2940 4639
1558 4141
4653 4665
2144 4973
2678 3946
524 3982
3808 3828
4853 4855
4687 4895
2914 4439
2861 4924
704 4713
1383 2519
21 4743
817 3611
4493 4725
2153 3948
1954 4314
299 4656
1133 4417
551 1838
1924 3269
288 3566
4672 4964
26 3265
3773 4958
509 3733
1775 3101
4466 4971
4417 4982
3096 3954
1185 4699
2155 4950
3351 4750
2084 3065
4127 4660
3384 3669
4257 4958
684 4040
4453 4742
1663 4943
2208 4913
1667 4457
2139 4971
3781 4540
4417 4609
189 4092
383 1789
3565 4492
4549 4703
654 4819
283 2003
4127 4347
1724 4204
2162 4257
3801 4912
1663 4658
676 4973
1551 4979
4492 4746
3555 4345
1597 3805
2639 4791
1073 4797
4040 4278
3914 4819
4355 4658
775 1157
2559 4215
1303 4347
2527 4126
721 4699
2530 4398
3065 4771
3897 4988
4717 4895
3287 3696
143 2519
3226 3424
110 4665
2162 4453
3799 4221
224 4940
2171 3312
1529 4397
2969 4950
2877 4453
702 4844
300 3233
1312 3669
1588 3797
3065 3109
94 3945
3319 3432
1709 4251
2678 4467
4417 4453
1298 3062
1381 3411
3445 4351
2432 4074
1066 3265
1317 4799
4157 4360
1360 4361
1761 2170
1088 4920
408 3694
2258 3219
1379 4740
4895 4960
788 3233
751 4810
4240 4917
722 4924
3705 4470
1174 3797
1707 3719
4251 4311
4289 4376
100 3240
3149 4367
3591 4536
3885 4251
2335 3828
1663 4963
2460 4236
2477 3743
1401 3511
2521 4490
3426 4967
3255 3848
1789 4629
3404 4914
1910 3624
2123 3320
148 4815
2437 4418
4508 4979
3914 4629
831 3255
1934 2542
1892 2581
3334 4847
2461 3229
2226 4866
1070 3524
2986 4303
1369 4917
3191 4126
2144 4885
2769 4454
611 4855
3381 4215
4314 4451
3185 4321
2312 3465
3497 4157
183 4379
224 2236
4417 4560
1978 3126
1108 4747
1555 4655
1369 4672
3671 3995
4304 4723
2914 4238
2572 4680
2645 4110
4164 4810
1662 4257
1482 4784
1004 4396
302 3841
21 4799
2790 3372
4279 4699
1031 3240
2219 4987
4866 4868
1944 4658
4923 4938
1455 4844
1012 3478
4940 4987
2470 4970
3135 3248
950 4912
4379 4454
3848 3860
3507 4665
3105 3869
3499 4940
2769 4836
2225 4925
2803 4600
4711 4947
767 3670
874 3681
1441 4960
2800 4690
3338 4971
623 4983
2822 4232
482 1938
4345 4895
791 4171
3627 4470
3681 4676
3523 4282
1436 4787
1150 4268
3149 4983
1558 4247
3427 4973
1978 3478
4545 4923
2419 4699
3330 4042
1238 3698
1622 3869
4687 4836
2810 4655
2864 4683
135 4085
803 4747
968 4938
1115 1318
858 1617
2343 2679
4304 4913
3004 4658
2604 4628
2759 3547
2187 3292
4652 4658
4412 4943
3868 3982
4639 4857
722 4254
2461 4773
1351 4628
3497 4923
456 3255
3741 4680
1088 4819
3791 4550
288 3523
1691 4841
1150 3297
2096 3568
3472 3941
1797 4268
2000 3351
2451 4974
51 3320
2862 4236
4204 4369
2822 4878
4784 4849
3801 4221
2861 4396
2134 4699
499 3431
3333 4973
4819 4920
1232 4251
3019 3860
13 3101
4970 4987
2208 4680
3011 3972
4923 4950
3397 3427
1709 4055
3372 4244
1607 4717
1954 3102
4810 4947
743 4473
1301 4773
4676 4920
4457 4710
61 4155
3507 4629
2981 4773
3228 3818
2397 4639
3622 4665
614 3096
4253 4923
3031 3984
447 4851
693 4855
1407 4485
2639 3295
3941 4141
4742 4906
2639 4540
4396 4901
392 4838
2343 3031
620 4680
236 4852
3897 4741
2381 3825
4713 4977
4074 4887
165 4609
1593 2696
2475 4473
3513 4784
1086 3791
2968 4742
831 4849
1956 4473
3939 4096
4096 4617
2556 4617
3466 3826
2529 4508
3381 4082
1170 4810
4516 4960
485 4868
1115 1230
4538 4619
3947 4594
3568 4682
3885 4355
1516 3621
1662 4906
2043 4417
1717 4224
343 4994
3393 4680
3995 4042
3541 4656
2422 4924
841 3982
4508 4682
3312 4040
4169 4457
1565 3297
2139 4970
4253 4974
3333 3457
2078 4763
1490 2720
100 2318
249 4044
4076 4728
392 4915
1873 4973
3266 4846
182 4639
4367 4983
3348 4917
2787 4670
3619 4127
4164 4236
2381 3733
2261 2587
2260 4629
1464 4676
968 4915
439 4923
2512 4846
2920 4347
1661 3398
3703 4254
2521 4619
4304 4970
2422 4240
2556 4943
677 4763
4360 4838
1066 3357
21 4536
1496 4851
1709 3513
3841 4710
2131 3011
3384 4652
212 4773
2803 4628
1910 3445
4580 4967
1303 3874
2663 4810
3845 3899
4221 4836
3143 3944
4244 4878
2139 4381
2984 4728
1213 4914
1892 4841
1464 3281
2044 4412
3705 4123
165 4417
4987 4994
2134 3007
4110 4605
156 4849
843 3621
1232 4195
751 4821
3330 4857
3428 3931
2639 4257
3848 4040
2114 3320
2694 3694
343 4740
396 4373
1838 2123
139 3621
1071 4985
3954 4366
2078 4855
3072 3885
4536 4847
4646 4960
4396 4958
348 4960
1565 4451
2000 2105
2246 4044
2937 4771
3465 4687
3945 4399
3297 3899
3639 4151
1681 4351
3189 4901
3741 4238
2808 4639
4236 4821
3901 4680
2084 4773
1440 3946
4152 4236
3717 4150
4157 4741
604 4947
24 4370
2802 4784
915 4834
1853 3948
3611 3845
4723 4725
93 4617
233 3669
288 2990
3181 4538
953 3668
3500 4746
4399 4560
2797 3381
794 4687
3155 4359
4821 4855
2519 2984
3424 4044
702 4587
4257 4456
3065 4203
2223 3096
1408 4690
3388 4470
1948 4847
1029 2755
3705 4151
1602 4710
1924 3516
2768 3333
3555 3801
2997 3771
524 4857
2587 2759
3516 4609
3181 4640
829 2587
2238 3500
1849 4587
2470 4971
283 3091
229 2419
2422 4964
4725 4971
1517 4670
1924 4482
3265 3357
2869 4219
3828 4600
23 1910
1858 3157
1873 3828
4253 4950
3122 4912
3891 4815
2719 4226
2271 4619
4074 4126
4107 4913
3191 4398
3639 4123
2759 4290
2810 3826
996 4878
820 4649
3242 4155
700 2939
4713 4901
3874 4347
920 4490
3897 4938
254 1216
2587 4652
3561 4797
4304 4914
2177 3412
4838 4974
62 3982
1012 2274
1226 4953
2247 4658
2428 2797
1149 4943
2962 4791
3703 4964
4743 4885
415 3624
2962 3650
1938 4005
2791 3091
2201 4000
288 4261
1054 4280
1455 4943
724 3696
2768 3523
2044 4597
3568 4655
4619 4787
1807 4215
3854 3954
1740 3825
4720 4943
1622 3105
1703 4375
109 4268
4232 4355
240 4261
193 3276
2800 4866
3650 4906
3692 4240
3394 4943
2043 4482
1761 4728
1954 3297
2548 2986
192 4587
2318 4303
1065 4914
895 4451
623 4901
1071 4913
4771 4773
2877 4906
2024 4819
2612 4649
2034 4885
693 4711
50 4651
438 4953
2963 3561
2238 4303
3064 4690
1475 4982
2779 4716
3721 4457
3338 4206
1385 1517
2247 4963
3818 4369
3286 4379
1918 2409
2114 4171
4665 4710
3237 4376
2187 3357
4152 4164
3105 4171
884 4174
2968 3910
2800 3393
885 4644
4031 4672
2177 3105
2803 3947
156 2846
2152 3671
3574 3696
4031 4817
1304 4953
1088 4656
2720 4580
4493 4723
3329 4733
1617 3411
2566 4967
755 4454
1455 4963
4257 4368
3885 4849
2803 4953
3961 4219
954 4784
189 4549
2243 3854
3107 3330
1489 3273
4140 4699
2396 4400
2861 4367
3587 4917
875 4366
3320 4171
4836 4895
2131 4351
4381 4817
614 3400
2730 4646
200 3733
3023 4540
1740 3428
3472 4186
2940 3995
3442 4597
4466 4683
2558 4838
1029 4126
405 3260
4587 4617
884 3841
2461 4400
1398 3390
1924 4841
2748 3787
1160 4129
4379 4687
1424 3555
4254 4713
44 4742
1969 3541
3948 3972
693 4810
54 4651
1358 4963
2237 4847
4107 4985
2437 4605
135 3721
814 4746
3494 4456
4141 4186
839 2226
2869 3102
3650 4453
2396 4716
3346 4290
4224 4366
4066 4821
2604 4799
1278 3440
1075 3914
1736 3248
4463 4652
2748 4575
4304 4971
1886 4078
1898 4400
188 4841
2409 4649
2136 4463
2760 3509
2814 4680
2170 2997
1886 3848
2796 4005
2461 4716
3492 4268
2492 3566
2302 4126
1604 3445
2486 3488
4381 4977
4164 4711
1717 4655
4913 4920
1593 3905
3269 3516
1516 4412
4155 4540
1213 4913
1978 3668
1810 4974
4490 4925
759 4536
2667 4140
3328 3773
2634 4680
504 1820
1318 3787
4656 4660
2470 4940
2769 4717
1285 4215
3541 4819
4439 4868
4646 4999
3501 4068
2968 4453
2543 4351
3797 3970
2808 4196
4733 4960
3096 3694
775 4074
3149 4254
4321 4545
2214 3941
734 4507
2983 3011
2309 4580
3091 3805
968 1383
4367 4901
4169 4710
3276 4470
4155 4791
2543 4418
2933 4950
2024 4651
1074 4366
614 4575
1240 4186
603 4817
2128 4174
548 4549
303 2869
4127 4492
1708 4412
380 3411
24 4482
1056 3384
2379 3194
752 4672
880 3733
3004 4878
1351 3947
524 3254
3826 4682
2556 4658
4516 4906
3497 4974
3174 3622
2679 4925
704 4977
4628 4743
1721 4347
405 4815
1013 1462
1266 4490
654 3281
657 3219
3431 4469
4456 4791
1170 4164
950 4999
240 4282
1149 1944
1330 2258
77 4649
3233 4925
4068 4682
3499 4913
3670 4653
1517 3769
1439 4849
4368 4540
603 4977
3650 4982
4725 4970
3692 4924
1028 4591
3286 4912
3874 4660
2300 3240
1694 4587
2260 3541
654 4920
2877 4982
2933 4906
2612 4549
2479 4101
3566 4279
4938 4950
2504 4943
1839 3084
2586 3733
478 4834
3155 4985
2307 4710
3287 4141
611 4740
2763 4580
2604 4743
1490 4580
3174 4656
1292 4225
2186 4747
972 3706
3042 3787
1174 4261
2461 4771
1441 4221
3497 4938
3500 3615
3390 3914
1101 3677
172 3260
1278 4055
759 2670
2024 3507
3552 4261
3423 4834
1213 4985
1443 3995
1680 4646
2295 3390
4150 4665
627 3696
1548 2586
2970 3255
364 4953
3412 4171
4970 4985
2075 4682
2373 3412
4587 4878
4906 4982
3387 3511
407 4971
909 4261
1301 4771
3022 4321
3240 3431
2981 4771
3799 4912
2973 3808
1065 4913
4711 4977
2237 4953
2881 4925
2814 2898
1262 1622
528 4261
2808 3719
418 4648
2898 4868
927 3265
4104 4810
3501 3568
4713 4983
396 2226
1100 4082
684 4849
3465 4960
3423 4204
4397 4670
4683 4985
3065 3229
3155 4723
3295 3439
4528 4994
93 4720
64 3611
2479 3574
2760 4728
2327 3466
2529 3501
627 4101
3557 4750
4221 4717
485 4866
1565 2213
3423 4640
3501 4747
2089 4314
402 4973
4628 4799
1588 3457
4373 4680
3703 4713
4157 4321
1155 3346
1537 3389
4466 4887
3002 3841
1642 4397
1576 4000
1514 4953
920 2948
2236 4065
4360 4454
2898 4373
2326 4970
2864 4493
1721 2986
2939 3351
1170 4236
3319 4808
139 4597
3499 4985
3374 3447
1565 4219
1342 4140
2316 2671
2295 3281
4321 4516
1839 4605
293 4282
2862 4821
1054 4723
1703 4841
1216 4826
3494 3910
1226 4600
843 4597
4253 4750
3947 4847
2024 4656
1644 4361
4971 4985
1990 4590
4026 4815
4367 4977
3439 4982
4725 4853
4924 4958
2699 4982
2755 4126
4938 4974
2126 3694
550 4687
239 4538
4255 4454
58 3581
3155 4913
4055 4195
1530 4074
770 3194
1142 4791
3611 3899
3677 3946
3281 4920
1555 2880
1369 4713
1853 3624
1938 3931
3011 3445
1910 2983
2253 2461
3319 4347
4196 4290
4351 4605
2634 4868
2619 4280
2803 4743
4658 4878
2451 4923
3557 4915
4810 4821
1343 3860
4412 4550
3783 4206
2043 4609
1736 4215
1516 4428
3706 4418
4658 4720
735 4397
2870 3805
4646 4826
1918 4967
950 3801
2105 3230
303 3961
2492 3970
3216 4141
4238 4566
3705 4580
1155 4042
3336 3941
884 4653
4428 4999
2641 2667
2802 4251
2679 3031
4107 4887
1376 1381
1115 3787
3348 4964
234 3621
1543 3374
1401 4575
1949 4723
2963 4399
1839 4196
4254 4964
4533 4590
4040 4078
1407 4797
3457 3566
2260 4651
2079 4716
4369 4834
2634 4373
2559 3381
2671 3791
1073 4399
4454 4846
2612 4279
3202 4710
4516 4838
3426 4232
3174 4629
224 4971
1056 4810
592 1807
3189 4360
792 4151
920 4204
1529 4648
2260 4591
1995 4710
1296 4940
3834 4174
3797 4282
2663 4763
1278 4849
2645 4973
1369 4240
1343 3848
1558 3941
1353 4740
4591 4676
2948 4619
4418 4605
2519 4605
1926 3552
237 3248
3122 4221
303 3869
3696 4186
3827 4983
2044 2316
2437 3511
3513 4355
857 4855
1641 3367
4214 4994
3404 4723
4085 4644
1018 1937
620 3901
2796 3031
2470 4683
4129 4974
2335 3706
528 4282
1652 4627
1834 4640
4396 4924
3619 4347
3007 3881
2440 3105
1834 4787
2986 4492
3248 4215
2246 3769
304 3424
2968 3295
2397 3995
658 2870
4533 4546
3620 3854
1558 4101
3941 4473
2237 4600
4107 4206
3620 4597
1949 4985
71 200
1934 4055
2247 4878
3619 3874
2017 4950
3669 4463
1238 3411
1530 2302
4493 4971
1774 4817
3898 4878
2075 3931
1174 4282
249 972
1795 1961
2145 3787
3893 4303
1530 3447
3123 4428
704 4958
1419 4591
2547 3797
252 4703
3391 3910
3939 4658
2274 3478
3374 4398
4629 4819
4901 4958
3312 4646
4974 4988
781 4279
3216 3472
2132 4746
4536 4973
2155 4974
196 4728
288 3970
950 4960
4485 4797
2043 4375
407 4970
2968 4399
927 3357
3552 3797
3650 3910
4379 4852
4152 4763
1436 3945
2237 3947
1012 1447
1622 4171
625 3302
752 4031
1260 1376
3440 4784
3743 4303
644 4653
4379 4912
3639 4590
804 1004
794 3946
3336 4186
2186 4682
3826 4303
952 2074
3703 4279
2307 4085
2787 3669
3721 4169
3445 3972
3874 4492
4074 4660
3439 3945
1514 3808
3031 3398
2814 4690
2940 4857
3281 4819
2869 4092
100 4347
1865 4791
23 3011
4373 4868
627 4247
1251 4977
3007 4703
1940 4150
140 2796
2218 4716
2300 3893
2002 3582
4640 4834
2828 4000
972 4044
1317 4743
1944 4943
2469 4750
3351 3668
4787 4834
3503 4157
2581 4280
1200 4361
3787 4575
3164 3254
2326 4971
4417 4938
2131 4225
3566 3970
3622 4591
1185 4703
2155 4938
3297 4451
4741 4906
3781 4742
2152 4639
2880 3620
1131 4238
4549 4699
2440 3227
1652 4644
2477 2548
2233 4439
396 4690
4321 4741
4107 4987
1292 4791
1717 3826
3427 4953
2586 3931
1615 3287
1050 4545
4203 4771
1792 4711
3149 4924
1652 4457
2968 4982
3799 4379
2181 4215
798 2939
1774 4924
1548 3931
2981 4203
361 791
721 4703
2243 3442
4107 4359
920 4467
2053 4463
1108 4979
4538 4953
3785 4917
3625 4648
3797 4261
4257 4417
3568 4747
3717 4644
3466 4979
1934 3194
2440 3869
2696 2791
4361 4428
3089 4485
1709 3194
1232 4311
3271 4906
2153 4351
3881 4549
1926 3333
3574 4473
1543 2432
4508 4747
1075 4656
3492 3845
3773 4672
2375 4857
2170 4076
4289 4493
1514 4847
1681 3445
3736 4985
4151 4590
3426 4963
1834 4538
2213 3297
1379 4164
4771 4846
2846 4251
3622 4676
2437 3205
1654 4186
1673 4278
1880 3254
3286 4852
3122 4717
3185 4906
1157 3374
3135 4492
1029 4660
4750 4974
4096 4232
3286 3555
90 4917
2195 4617
2869 3297
3841 4507
2336 2797
3897 4915
3898 4617
1666 4311
4066 4855
1216 3312
1849 4720
2379 2846
1266 4834
1248 4985
156 1482
4157 4851
1886 4040
4360 4741
57 4412
1580 3845
2748 3042
4204 4619
1438 4964
781 4703
1691 4609
3107 4950
189 4649
2042 3011
2059 3292
3102 4092
2969 4545
2451 4950
1371 3493
3557 4950
2492 4282
2800 3064
3237 3511
1681 3972
1100 4129
2785 4396
3228 4925
3242 3910
1149 4844
3541 3914
2158 4533
1581 3091
4206 4970
1371 4815
2730 4717
234 3123
2169 4590
4368 4399
4651 4920
3568 4979
2769 4687
1157 4126
2969 4157
3227 3869
1789 4819
139 4412
857 4711
3004 3426
2309 4533
1031 4746
3442 3826
245 4370
4646 4912
1223 4841
3348 3426
2548 4660
3384 4463
4958 4977
3719 4485
1043 4844
3499 4206
3338 4887
4107 4914
1775 3706
3954 4224
103 4538
1108 4224
2170 3524
1630 4958
103 4619
894 4370
3615 4127
2419 4703
4345 4733
4750 4938
1419 4676
26 4065
4096 4244
614 2748
2190 4473
4066 4763
4253 4360
2126 3905
2542 4725
4493 4970
2193 4838
408 551
1580 4219
3671 4042
2861 4964
3785 4988
4164 4763
1475 4456
3346 4797
3568 4597
4261 4282
4360 4912
1440 2145
2504 4587
2763 3639
3329 4999
4979 4983
1736 4129
2634 2800
3329 4912
3143 3885
3773 4917
2477 4127
2134 4703
3736 4853
3019 3848
2326 4940
722 4977
2078 4214
2941 4150
880 2586
2864 4466
4240 4977
408 3400
3297 3492
611 4104
233 829
709 3694
2612 4967
4953 4973
4725 4940
3743 4746
353 4473
355 3254
1876 3681
3501 4508
884 4710
1071 4914
2006 4587
923 4841
2898 4866
3106 4055
2671 4550
1581 3805
1066 4065
2195 4963
2641 4140
3465 4740
2080 4257
1937 4773
1292 2639
3841 4085
2694 4289
2028 3397
2585 4917
3155 4887
3281 4656
4594 4885
927 4065
1369 4977
2336 3248
4683 4987
2260 4819
1056 4740
536 3381
2309 2691
4157 4923
1066 1617
2466 4746
3101 4044
2312 4379
2759 3400
3881 4140
3954 4682
229 4649
3002 4507
859 4590
2053 4652
4454 4960
891 2797
422 3011
4723 4940
1584 4915
4361 4550
3107 4974
4204 4834
818 4844
2556 4587
4466 4994
4085 4150
985 4261
3423 4787
3557 4974
4690 4725
1616 4152
1174 3552
3428 3582
734 4710
1617 3698
1351 3808
2632 4321
4901 4977
4157 4545
1412 4983
1692 4655
775 2441
3818 4619
3004 4587
3228 4619
1075 4676
3439 4540
2318 4492
1142 4540
1298 3445
2920 3565
283 1593
1961 3164
3011 4351
2187 4065
3002 4627
1374 2566
2238 4492
2492 2768
2300 4746
249 4728
345 4985
2195 4878
1357 4977
4971 4987
1806 4110
3500 4303
523 625
1056 4947
2814 4866
1074 3620
90 4958
456 3752
2162 4540
1646 3848
1150 4219
1993 4282
4141 4473
86 3825
3388 3639
4915 4974
2591 2808
1580 4092
3072 4251
2223 4376
2271 2948
3242 4368
1580 4268
2587 3769
1230 4376
2937 3189
895 4092
4359 4725
4639 4797
1704 3351
3620 4979
2578 3439
4204 4640
1170 4763
3161 3334
4251 4849
412 3502
996 4244
3398 3984
52 4985
2431 4680
3574 4141
2787 4397
2028 2407
1548 3582
1948 4743
818 4963
3297 4268
4068 4979
3194 4195
140 3398
3492 4451
2145 4575
2519 3524
118 2679
1420 3995
4646 4651
2385 4000
2802 3143
3946 4536
1839 4797
248 4044
3547 4290
3002 4821
1050 4974
4711 4821
1227 3397
2862 4740
3808 4536
2344 2398
4725 4868
456 3848
3501 3954
1984 4639
1892 4280
2862 4855
2460 4152
3493 3891
1782 2667
3135 3423
3273 4590
1865 4257
2481 4841
2791 3905
3396 3621
3423 4467
3945 4540
3503 4988
1898 4846
1074 4508
4566 4680
1921 4960
3281 4591
4104 4740
721 4649
2226 4238
1302 3396
880 3931
2694 4376
93 4963
4347 4808
4164 4994
4915 4938
1464 4819
1160 3992
3338 4359
1018 2396
2460 4994
3094 4649
1383 2437
2177 3581
4366 4508
1012 2105
4280 4370
894 4866
1961 3868
1713 4351
2720 4528
1013 3397
1954 4268
1147 3007
1616 4947
4066 4152
2190 3472
996 4232
614 3787
3910 4791
4810 4855
1924 2885
751 4740
1408 1820
4206 4971
4656 4676
4914 4987
1330 2257
2593 3155
1529 3547
2437 3509
411 4485
3499 4914
3394 4967
2329 4253
3524 4810
4399 4982
2096 4068
839 4690
1223 1892
3143 4849
2095 3891
3771 4351
2219 3398
3393 3701
4763 4855
3621 4550
2671 4412
548 4279
1065 4971
2581 2885
1616 3002
2123 3227
3860 4849
3650 4742
2123 4171
1155 3671
2237 4628
4107 4994
1548 2002
3276 4580
3566 4282
1691 4482
2329 4938
1385 4670
2846 4784
4821 4947
702 4943
3992 4082
411 4857
1442 4171
2591 2736
2763 4470
1004 3391
770 4355
1276 2432
2218 3816
17 4851
4164 4740
2885 4280
2983 4895
2678 3677
2373 3869
4493 4683
3591 4885
3216 3941
3611 4219
1516 1644
54 4591
52 4913
3355 4195
475 4855
4628 4885
1353 4821
3297 4219
3002 4169
3276 3627
299 3157
3237 3387
3440 3513
1594 4716
4214 4290
767 3202
3228 4640
1961 3397
3260 4026
829 4463
2632 4516
3330 4797
4591 4920
3939 4963
603 4958
2730 4960
2181 2428
2639 4453
2344 3771
200 3931
1262 2114
1360 3123
1602 4507
1071 4940
2091 2802
4107 4723
2475 3336
183 4852
1216 4849
3947 4983
2920 4808
3860 4646
1162 3031
2095 3140
1873 4868
1772 4973
3469 4026
1350 4960
1910 3972
2141 2755
24 4609
528 3566
2246 4467
4355 4943
1009 3891
3502 3818
4467 4787
3834 3841
1644 4550
3254 3982
2481 4482
3273 3639
3719 4639
4467 4640
4546 4580
4366 4747
2247 4844
752 4958
4359 4466
741 4815
1039 4711
148 3140
1304 4799
2432 3447
2969 4988
3785 4750
1576 2828
3939 4244
4373 4866
2595 4538
2941 4644
3102 3611
1666 3944
1013 3389
2861 4713
3692 4396
1227 3868
3394 4587
1956 3696
1075 4920
2080 3910
3681 4232
3194 3885
1407 2591
2914 4868
3721 3834
3769 4670
64 4314
586 4467
3808 4799
1029 1276
3348 4367
3939 4878
4240 4958
4368 4456
709 4376
3799 4960
2326 4683
1806 4418
4152 4810
2492 2547
4629 4920
3140 3367
4068 4508
894 2914
1555 3854
2190 2214
4396 4983
2475 4141
3442 3466
3199 4838
2460 4164
3472 4747
1358 4967
2472 4917
767 3834
3785 4253
193 3816
1593 3233
3622 4920
708 4597
817 4314
1365 2225
2984 3524
3671 4857
3102 4268
4203 4773
291 3944
586 4728
3465 4912
4174 4507
3297 4092
1349 4065
3155 4914
1604 2153
2084 3816
3065 4773
4463 4648
4655 4979
3295 3391
355 4943
2477 3500
3216 3696
3206 4988
4838 4906
1769 4649
1918 2667
2080 3494
2990 3566
2079 2461
3785 4923
1993 3457
4743 4953
4628 4847
4469 4660
2970 4040
1162 4005
2862 4152
2114 3488
4206 4940
2089 3845
3042 3237
1155 3089
3669 4652
21 4953
380 927
2186 4068
3428 3825
3516 4841
2126 2870
658 1593
3736 4987
3240 4746
2318 3619
4817 4901
236 4379
2559 4082
2300 3319
2632 2933
2862 4711
3828 4743
4221 4379
2059 2187
2034 4953
3426 4658
4428 4960
4580 4590
3801 4999
1736 4082
1937 4716
3547 4670
755 3799
4101 4247
3265 4065
1004 3042
2437 4351
1694 4943
2134 3896
2512 4400
3287 4101
3721 4150
4140 4279
24 4375
3109 3841
3972 4225
1761 4418
2877 4370
2006 4943
3227 4171
1597 2126
985 3797
4221 4912
3466 3620
2566 4609
4773 4846
1351 4799
4516 4950
1880 3868
692 4351
2637 4676
1868 2885
2438 4994
2803 4885
1100 2882
2519 3205
1666 3698
4204 4538
3031 4925
3094 4549
2396 2779
3241 3384
3587 4977
895 3492
3552 3566
3442 3854
2336 4082
1116 2755
3492 3899
3096 4376
3428 3733
4600 4885
1576 2201
922 3355
1622 3320
2441 3374
3523 3552
2581 4417
3191 3447
2326 4723
2637 3174
93 3428
3338 4994
1232 4849
2800 4680
3404 4940
4958 4983
1083 4397
1065 4970
3615 4347
2933 4741
2078 4711
1424 4999
1069 2295
1644 4428
3149 4977
4687 4733
90 4964
44 4456
1496 3188
3456 4699
3681 4920
3140 3891
76 4953
1593 2791
2300 3432
4716 4773
2314 3694
2990 3797
2437 3771
4355 4720
509 3428
1028 3681
4493 4887
300 3905
4847 4953
3094 4699
3503 4838
1238 3265
1342 3896
2880 4597
3721 3841
4255 4846
1088 3622
3357 4065
627 4141
3381 3992
1075 3541
1399 3891
618 4901
2258 4000
2937 3229
288 4282
4516 4938
109 4451
4381 4917
52 4914
3615 3619
3945 4742
2593 4771
2158 4580
1993 2768
1385 2136
912 4397
3499 4723
4836 4960
751 4763
4127 4808
2990 4261
1717 4278
3547 4463
3494 4906
1703 4370
4741 4915
3338 4853
3295 4906
553 3611
1602 4457
3255 3752
3808 4594
2572 3064
3736 4868
4428 4836
2968 4257
4289 4683
2136 4670
109 3961
2419 4974
1530 4126
3681 4617
1376 3292
3096 3400
1439 3944
1150 4451
3189 4983
700 3126
2748 3330
4655 4747
4255 4345
2095 3493
3494 4560
1838 3581
2218 2981
2307 4665
3944 4195
2134 4549
4066 4810
3561 4042
2763 4151
364 3582
1369 4983
2720 3585
2481 4370
3721 4174
2983 3948
110 4644
2877 4841
3202 4653
3741 4868
1462 2634
3004 4844
57 4361
2861 4917
2407 3982
2720 4123
2581 4609
1579 4482
2587 4397
2172 4960
1028 4651
927 2059
3885 4055
3123 4412
1351 4743
4516 4974
3372 4658
1227 3982
4359 4913
901 4417
4490 4640
1115 2748
57 2044
1228 4129
804 3400
3019 4040
4490 4787
4680 4725
172 3891
64 4268
1807 4129
2822 4844
2663 4994
1412 4977
2131 4226
118 4925
2457 3669
4466 4853
4906 4950
3022 4950
2632 4545
568 4665
1597 3233
4074 4398
2419 4140
2153 2719
2699 3910
654 4651
1054 1868
4841 4846
1646 4646
2779 4400
804 3042
1260 3292
2790 4943
953 2000
693 4821
2268 2441
2167 4457
4750 4838
727 4538
1083 4290
4174 4457
3743 4127
4379 4960
3106 3944
323 4129
788 3905
3084 4639
2973 4600
2034 4628
4031 4924
396 4866
2869 3899
1993 3797
1865 4982
1883 4982
3393 4439
2486 3227
224 4914
3440 4251
3189 4400
4590 4629
3004 4967
2641 4699
1371 3260
2637 3914
1820 4819
2940 3346
212 4771
4516 4915
3834 4150
4507 4973
4609 4841
3255 4826
299 4629
2486 3412
583 3854
2398 2760
2637 4656
357 885
2219 3984
2634 4725
700 3668
1969 4676
3202 3834
2593 3509
4646 4649
3348 4396
4906 4938
2015 4164
3555 4960
1408 3064
2134 4967
2243 4508
3404 4683
172 2095
2139 4940
4031 4367
4725 4866
3799 4852
2177 2440
3692 4964
2226 4680
1018 4716
287 3752
4214 4855
3199 4741
1721 3619
2797 4129
3276 4546
684 4646
3287 4247
1681 4226
3181 3228
2084 4771
2451 4545
803 3620
3465 4947
24 4841
1380 4906
4492 4660
3242 4560
411 4639
1594 4400
3972 4226
4304 4940
2091 4740
1543 4126
1851 2641
2969 4923
4092 4219
1100 1879
1254 2736
1792 4994
1296 4913
1769 3456
3002 4590
4982 4983
2398 4110
1031 4492
3469 4815
1529 4652
2053 3669
3781 4982
1584 4974
3374 4660
1489 4590
1278 3885
1662 4155
4853 4987
1769 4279
2572 4773
4359 4985
2316 3396
1240 3287
2257 2828
3791 4361
2193 4923
2181 2882
610 4743
1543 2755
3276 3585
922 4055
1810 4943
1948 4628
3502 4538
3677 4728
3733 3825
751 4855
4914 4985
1660 3893
2790 3939
4085 4799
624 4314
3248 4655
3254 4597
336 3825
1514 4799
3149 4396
709 4575
4206 4683
3002 4855
4733 4895
924 3106
1717 4068
3000 4492
1301 4716
3002 4710
3333 3523
2078 4821
2755 3447
3826 3954
2578 4456
1447 1704
3799 3801
1691 4375
4254 4917
2428 3248
2920 4492
3914 4656
2670 4973
71 3582
4321 4915
4290 4857
1858 4591
3561 4485
485 828
4236 4855
4203 4716
4699 4703
1401 2748
788 1581
2131 3624
2218 3109
2585 4958
380 3357
2144 4953
4915 4923
831 4826
1848 4985
3423 4215
3228 4538
3513 4055
2409 4699
2828 3188
1074 4979
1185 3881
1898 2593
4644 4665
4280 4417
791 2486
1706 4652
1028 4656
2214 4473
1703 2885
4360 4915
1496 2828
4490 4538
1497 4361
1003 4656
3557 4838
1792 4236
1317 4847
252 4699
1342 4857
4913 4987
3424 3677
788 2870
3552 4282
3242 4906
430 3431
1537 3397
4155 4456
1003 4591
953 3126
3228 4787
4844 4943
4224 4655
2581 4482
4560 4982
2302 4074
2326 4914
2469 4906
2862 4947
4851 4974
343 4821
4107 4725
2167 4710
3622 4656
727 4787
1868 4609
4763 4821
1066 2534
3585 4590
3507 4920
3898 4232
3302 4303
3287 4473
1216 4078
3019 3255
4379 4999
3897 4750
3500 4469
583 2243
1820 4868
296 4791
4236 4763
1016 4763
4605 4639
2529 4068
2566 4482
2810 4682
2790 4844
502 4629
3336 4141
915 4787
86 3931
755 4912
4627 4644
2785 4924
915 4640
3042 4376
3503 4741
224 4887
1254 4485
2667 4717
1848 4723
4482 4841
361 2486
4507 4627
3007 4699
3841 4627
2477 3432
1296 4985
583 4747
1579 4370
3503 3566
953 3478
3260 3493
2593 4716
2612 3896
4853 4994
53 4126
4658 4967
2225 2796
192 4963
2719 3445
3102 3899
52 4887
829 4670
3202 4085
4917 4983
1353 4855
430 4492
1602 4665
2914 4866
2043 4841
1865 3948
100 4746
1399 3493
2344 4076
2431 4868
915 4538
61 4982
3013 3854
478 3818
3442 4508
1724 4640
3541 4665
3181 4834
2581 4375
1012 1761
954 1482
1016 4236
4851 4938
2808 4042
1230 3787
293 4261
3752 4278
741 3367
4396 4977
2457 4648
2870 3233
3295 4540
3501 4366
2246 3946
2329 4838
3007 4549
1420 4485
3348 4924
3188 4787
4799 4953
2128 2937
2024 4676
1419 4656
2343 2881
3206 4545
2451 4516
2997 3524
2941 3202
2460 4763
2632 4988
3189 4716
2542 4566
3465 4999
439 4912
841 1537
4716 4846
1848 4913
1713 4065
1254 1475
3271 4540
3769 4290
2096 4979
3954 4747
323 4591
677 4740
820 3896
1962 2663
743 4999
2075 2547
2828 3219
4096 4844
2190 3336
249 2268
3625 4652
3351 3478
1558 3696
439 4852
3497 4741
2431 4725
1892 4609
4913 4914
192 4943
3109 4400
770 2846
4853 4887
2948 3502
2768 3457
3827 4672
2253 4716
3390 3681
644 4457
3910 4456
1471 4196
135 4653
190 4648
4417 4906
2634 3901
3164 4857
3472 4141
3404 4853
2155 4906
1659 3905
2449 4723
2091 2846
2822 4587
4400 4771
1642 4652
4439 4866
143 3524
1414 2587
1767 2187
2261 4463
1407 4196
50 4920
2309 4590
3333 3566
4399 4797
4304 4466
415 4225
1004 2223
1260 3265
3681 4656
1147 2233
3000 4303
3945 4368
4214 4711
4345 4852
2864 4985
1661 3984
1095 4841
1921 4852
2962 4215
843 3396
4846 4999
1681 4225
2407 4857
1938 4925
2580 4649
3834 4644
1883 4791
3826 4224
1116 4126
3513 4849
968 4950
2673 3393
1576 3188
1018 3816
2877 4368
1789 3507
3432 3893
2785 4964
4303 4746
2983 3972
1873 3064
1251 4924
4255 4852
3826 4597
1296 4914
13 4640
152 4507
781 4699
1081 4141
2970 3848
704 4983
1918 4699
237 1228
618 4958
4672 4917
1235 1661
3442 4979
3085 3219
528 2008
2343 4925
817 3845
225 3126
2170 3771
2475 3941
814 4398
4629 4651
2326 4887
1235 4925
4741 4974
751 4711
610 4953
2208 4866
603 4983
4466 4493
3622 4629
4152 4740
4742 4791
90 4817
2309 4546
923 4609
2719 2983
1667 4150
693 4763
1216 3860
4221 4428
2497 4819
54 4629
553 4314
4846 4912
3828 4628
2375 2963
4545 4915
3469 3701
1873 4680
1860 4741
1883 3023
2440 4171
1351 4953
752 4917
2641 3094
4031 4983
1849 3004
3292 3411
2706 4982
3828 4953
58 3105
1615 4473
954 4195
1680 4289
2136 4397
3328 4901
2307 4507
2521 3818
189 4967
1810 4844
1438 4917
2814 4373
3202 4457
1285 4082
1318 4575
2344 3509
1088 4651
4399 4605
1961 4857
4303 4492
820 3094
781 3896
3271 4155
2170 4605
3523 3970
1464 3004
2268 3677
1887 3374
1806 4076
1924 4280
2268 4044
2578 4982
1029 1157
4923 4974
1815 4055
4470 4590
2466 3319
4206 4853
2375 4797
343 4711
1940 2128
2572 4238
3400 3787
1365 3031
3131 4940
3591 4600
1414 2787
3319 3619
438 4743
1588 4261
2080 4456
2632 4741
234 3396
4253 4915
4164 4594
2846 4311
2530 3447
1018 4773
75 3668
3333 4282
456 4849
4289 4971
447 4000
4042 4639
1364 3703
1383 2997
4670 4672
3426 4617
1691 2581
2750 4482
2454 4943
4545 4974
3898 4587
2008 3970
2260 3174
659 3390
1010 4970
2385 4851
4750 4906
1774 4901
1851 4140
4174 4653
3615 4492
1713 4728
2396 4773
968 4974
1414 4648
927 3698
1490 4546
138 4914
1226 4885
3741 4866
380 1260
1056 4855
2437 4728
1028 4629
4594 4821
2053 4648
299 4651
2556 4720
4887 4971
2512 3065
4853 4914
1376 4065
1948 4799
3502 4369
3424 3706
1075 3281
623 4381
1704 2939
3881 3896
909 3566
4347 4492
2223 3391
2469 4988
2968 4368
536 2336
3941 4247
3122 4960
3367 3701
1440 3226
2300 2635
1065 4887
2803 4536
3681 4651
2779 4771
3494 4368
336 1548
239 4834
296 4982
4665 4920
3899 3961
4617 4720
2274 2380
4545 4938
1383 4418
2409 4967
4290 4670
2171 4849
1350 4717
2673 4439
968 4923
482 2343
4566 4866
2441 4398
1848 4914
2451 4741
4660 4746
1579 2043
1349 1381
4454 4646
2479 3472
1555 4747
4370 4375
3703 4901
901 4370
4204 4787
1789 3681
3493 4815
293 3797
3431 3743
3721 4644
2486 4171
4359 4887
2720 4470
4628 4953
504 4690
1298 4226
2963 4797
568 4507
3516 4375
1853 3445
4913 4994
2663 4947
61 4791
1772 3947
2379 4784
909 3457
3393 4866
3808 4847
236 839
1641 3260
4140 4549
3394 4844
2314 2748
2236 3698
2397 4797
1940 4085
1662 4648
3705 4590
131 1235
3372 4587
3390 4656
2671 3123
894 4238
2750 4841
4253 4938
1792 2663
2870 3091
2381 3582
1157 3191
3442 3501
1353 4104
3741 4373
4799 4847
4528 4533
4545 4950
3509 4418
3348 4672
550 4717
2144 4799
3457 3552
4127 4469
2479 3696
1792 4855
4594 4953
305 2986
76 4743
996 4720
2986 3319
2312 4345
3202 4627
2236 3357
4852 4895
447 3085
1330 3219
1200 2671
2193 4750
839 4439
1205 1262
4268 4994
53 2755
1230 3387
1157 4660
1462 2898
2457 4463
3881 4345
1223 4482
212 4400
4853 4985
476 2385
3355 4251
2641 4967
912 3625
4359 4987
1880 3982
2268 3706
1896 4400
3089 4196
2078 4236
2141 4660
324 2779
741 4026
4901 4917
2329 3503
3085 3188
1542 3982
225 3351
909 4282
3670 4644
658 3805
3394 4963
3161 4628
4107 4683
2309 4528
4379 4846
1663 4878
3312 3848
3692 4031
182 4797
1581 4915
2271 4834
2519 3771
4699 4866
1789 4656
3199 4906
4528 4546
2075 3428
1116 4398
3241 4670
4428 4912
1009 4026
1948 4600
2933 4915
3523 4261
2580 4703
4031 4240
4104 4821
1782 4549
2769 4255
1938 3398
2864 4853
3328 4713
2673 4238
1615 4186
2566 3269
3834 4665
2639 4982
2246 3677
3381 4129
2914 4566
2375 2736
3319 4469
3627 3705
1558 4473
3105 3107
3174 4651
2454 4844
3619 4746
4221 4960
2694 3387
3206 4923
1414 4463
21 4600
1070 4605
152 4169
3292 3698
3897 4253
3393 4238
798 1704
3503 4545
444 3905
3292 4065
1758 4958
3330 4290
3721 4627
3615 3743
1464 3507
3062 4226
4490 4619
1858 2295
4913 4985
1482 1815
1679 4644
4370 4609
1797 3845
3394 4658
2074 4215
2409 4279
2343 3984
3501 3826
2678 3101
2963 3671
3801 4454
3507 4591
2578 4742
2116 4953
2920 3431
857 4821
1604 2719
4797 4857
1050 4915
4396 4713
4289 4575
2466 3431
3854 4747
4400 4716
3400 4376
2881 3984
2177 2373
2438 4152
743 3946
4651 4665
3330 3346
617 4771
4289 4970
4528 4590
2479 3941
5 4925
1441 4852
3276 4533
1043 4988
4733 4852
296 4906
1440 4044
4195 4784
2034 3947
3639 4580
3881 4699
2479 4247
1235 3398
3736 4466
3897 4974
1848 4887
791 2177
2634 4439
2003 3233
2504 4720
2619 4841
3650 4155
3174 4676
3007 4967
4369 4925
2381 3931
2307 4457
3719 4042
798 3230
3773 4240
1580 3899
2084 3109
1251 4983
77 4164
1886 3860
4717 4836
1642 3384
1212 3931
2507 4847
2763 3705
884 4507
2295 4676
1995 4644
4887 4970
1579 4261
2003 3805
252 3881
1101 3706
4359 4914
1496 2201
2497 3622
4853 4913
3101 3226
1471 4605
1717 4597
1530 3191
2449 4971
4591 4629
1797 3961
3564 4042
1381 2236
1667 4644
2335 4799
2158 4470
2948 3818
256 4815
924 4055
4720 4963
407 4887
2215 4639
1213 4728
2422 4917
3827 4917
4587 4720
3390 4629
3372 4096
1775 3946
1993 2492
2759 4670
3131 4971
3502 4925
1588 4282
3621 4361
3494 4742
4375 4482
536 2559
1834 4834
4232 4963
2260 4920
4549 4967
3412 3869
4467 4834
1301 2981
4345 4687
3396 4597
1921 4895
236 3329
3585 4123
524 3910
2223 4289
858 3411
2225 4005
2089 4451
3945 4982
1365 4005
2548 3432
2380 3478
4594 4628
625 3874
4594 4711
3391 4982
444 2126
2172 4999
3507 3681
1088 3681
3155 4466
604 4740
1398 1858
4255 4912
3254 3397
3591 4953
302 4507
1548 3428
4290 4485
2044 4550
4373 4725
100 3565
4042 4399
336 3931
1514 4885
2134 4649
4466 4914
3939 4720
3555 4999
4412 4428
3226 4044
3185 3206
3565 3874
3442 4655
4373 4439
4763 4947
677 4152
1302 3621
3669 4648
1497 2671
724 4101
2132 4808
2639 4155
770 4784
4400 4773
941 2136
1493 2779
523 3615
2302 2527
2432 2527
139 3791
2572 4439
1440 3400
3064 4566
4151 4580
2497 4676
1789 4651
1956 4247
3426 4844
1839 3346
1602 4174
4214 4810
283 3805
3860 4826
3181 3191
405 4026
2134 4279
743 3472
1630 4964
3719 4797
2997 3509
4369 4682
3650 4417
3897 4917
482 4005
1016 4821
1642 3260
1849 4617
2316 4361
3717 4174
677 4821
439 4999
583 4655
1489 3388
71 3931
3089 4639
3785 4938
858 1381
1399 4026
4280 4375
4672 4713
383 2302
968 4741
2720 4533
3497 4950
2585 4396
3834 4169
2145 4914
2000 3478
4639 4653
2258 4851
4683 4853
2017 2201
4917 4924
817 3899
1810 4938
2044 3621
4155 4417
1807 2559
901 4280
4244 4617
1926 4282
3781 4791
1543 2530
1775 4044
721 4549
597 4885
3581 3869
256 3891
143 3509
2126 2791
1978 3049
1761 2543
2469 4915
3302 4469
2208 4868
2973 3427
304 4467
1160 3248
2162 2699
4085 4653
952 3135
3555 4846
1444 3228
3898 4096
3329 4379
3741 4566
4031 4396
4763 4810
3568 3854
2885 3516
684 3752
3348 4240
4225 4351
3367 3469
2941 4085
1043 4963
4469 4492
1851 3881
3692 4713
4152 4947
1150 4314
4536 4594
3671 4797
2604 4953
239 4490
3456 4703
4605 4728
1838 3412
3102 4219
3457 3523
4031 4977
3266 4960
1774 4713
3094 4703
2059 2534
4428 4597
325 2475
2223 4575
3568 4508
2581 4841
2451 4653
2861 4958
499 3893
1303 3743
2215 3564
2969 4741
2238 2986
4042 4485
4311 4784
1880 4092
1399 3260
3717 4710
1360 4412
475 4810
672 1003
3995 4605
3500 3893
4347 4469
1514 4973
1542 4857
2451 3897
2084 2937
920 4619
1969 4656
3089 4304
1815 4784
2015 4104
4360 4545
2326 4913
4240 4983
353 3941
743 4467
2920 3432
200 3825
2558 4851
1607 4852
4244 4355
1767 4065
3022 3897
3281 3390
4399 4742
3992 4129
2318 3615
2796 2881
3237 3787
3181 3502
336 3582
1059 4439
357 4967
1018 4771
1043 4878
4155 4742
2472 4958
183 4960
1420 2736
300 3805
2096 4366
2669 4490
1212 2610
3320 3869
1876 4920
3826 4068
1630 4924
2586 3825
252 3456
4985 4994
3503 4915
4950 4988
3502 4834
4566 4725
324 4773
1065 4853
4000 4851
4717 4912
4255 4379
4640 4925
1851 3456
2091 4784
3219 3497
2802 4849
4304 4887
4360 4852
2261 4652
1940 4174
2247 4617
4126 4398
954 3944
1004 4575
1579 4375
859 4580
2694 3511
3854 4366
2454 4587
4381 4964
3439 3781
2475 3696
3357 3698
2431 4690
3670 4150
950 4379
657 4000
1278 3944
2814 3901
4257 4399
3827 4713
2595 4204
1438 4672
305 4746
1479 4204
2449 4970
411 4042
3587 4924
3390 4920
2314 2694
3333 3797
4878 4963
3781 4368
402 4536
3456 4140
1158 1795
3131 4970
2253 3816
3555 4646
3302 4492
2114 3869
4703 4967
4817 4924
3302 4127
3161 4973
3384 4397
2779 4773
3391 4575
1815 3513
874 3390
885 4186
3396 3791
1604 3972
2787 4648
814 3374
2814 4868
3149 4917
2962 4257
4885 4973
1883 2968
2219 2881
755 4960
4546 4549
3206 4838
4594 4994
3694 4376
293 1588
604 4711
475 4214
4107 4493
1490 4151
3457 3797
814 4074
2973 4743
1039 4855
4370 4482
303 4451
3372 4844
3004 4963
2641 4703
4359 4723
415 1910
1810 4658
1149 4878
3860 4040
880 3825
3427 4600
4594 4855
2295 4651
2186 3501
3717 4653
3557 4923
1455 4878
2409 3896
3639 3705
1360 3621
1707 4196
1995 3721
741 3891
3773 4983
1797 4219
1471 2397
1680 2314
4741 4838
1617 4065
1660 4469
3494 4982
131 3984
1353 4594
1868 4375
2948 4925
3398 4925
2941 4457
139 4361
4690 4868
4600 4973
4457 4644
3312 4078
4587 4844
3096 4575
1285 3135
1160 4215
411 3346
4044 4742
4206 4493
693 4740
2015 4855
415 4226
623 4964
3568 3954
2497 4852
4368 4742
4605 4977
3719 4399
1298 3972
1990 4546
3736 4493
3650 4399
820 4703
3497 4360
2002 3931
90 4924
2218 2937
234 3791
2238 4127
3064 4866
2862 3465
3972 4351
794 2268
138 4985
225 2274
1212 2002
1462 4439
3042 4575
2760 2933
2238 4808
3440 4055
894 4868
2750 3140
1615 3941
523 4676
2075 3733
2034 4600
4140 4967
2635 3233
3497 4838
1896 4771
3509 3771
64 3961
2141 2530
3271 4982
4206 4994
3143 4055
2449 4914
3411 3698
3834 4507
3801 4255
4844 4967
2336 3992
2441 3191
2612 3456
4536 4953
1475 2162
1412 4917
692 3972
1517 4771
3885 4195
1086 3123
3944 4784
4711 4855
3022 4157
3692 4917
3848 4078
1743 4575
1708 3621
3334 3828
1565 4268
1934 4195
1865 4453
1815 3440
3387 3694
2612 4703
676 4953
1652 3717
3084 4605
4733 4846
709 3511
1436 4742
1254 3561
700 3230
3472 3574
3845 4314
4687 4841
1659 2696
2162 3295
3944 4251
2461 2779
3896 4649
249 3677
3269 4841
190 4463
1792 4821
1235 3357
3229 4203
3841 4457
1954 3961
2409 4703
1769 4699
1116 3499
3469 3493
4482 4609
2312 4454
4040 4646
2028 3868
3271 3650
1706 4648
2201 2385
3101 4467
402 4847
1439 3194
192 4844
3972 4375
4723 4985
2730 3799
51 3412
3199 4545
3564 4290
1240 3336
364 2381
3501 4655
568 3717
4361 4412
3845 3961
1276 4398
1444 4834
2787 3547
4466 4987
3302 4660
4345 4379
1865 3781
1937 4400
3970 4261
2397 3089
2470 4914
2790 4587
874 4591
348 4717
2006 4096
2422 4958
3185 3503
193 4771
2271 4787
1455 4587
3329 4454
1707 4857
3947 4973
4379 4733
2167 4627
2428 4082
3031 4005
3587 4396
3898 4244
1858 3390
2542 2898
109 3845
3338 4914
1842 4838
4846 4960
3808 4164
4367 4964
1108 4068
476 3219
4453 4906
1099 3627
4366 4979
190 3625
2800 4439
4960 4999
3205 4110
2986 4347
2769 4345
135 4457
1278 4251
4195 4355
3896 4549
4304 4985
2215 4605
1597 1659
1074 4224
1056 4763
3827 4031
138 4913
4507 4710
3271 4453
2479 3336
1551 3367
859 4470
2215 3330
3854 4508
3242 3781
3611 4268
1073 4314
3826 4747
4370 4417
303 4268
4658 4963
1896 4716
2940 3561
2059 3357
1896 3816
2128 4085
51 3105
1917 4123
2385 3219
4244 4844
2808 3346
1990 3705
2422 4713
4467 4490
3868 4857
2822 4720
1921 3555
13 4538
1917 4590
3706 4728
2880 4655
1054 4841
1439 4784
727 4834
2521 4538
1479 4787
1962 4763
2748 3694
3205 3771
3122 4895
405 3891
3140 3260
2983 4225
1892 4370
1949 4853
2457 4652
1056 4236
3581 4171
3131 4683
1815 4251
4253 4741
2079 2593
182 4485
1440 1542
4254 4977
1990 4470
2720 3396
3547 4648
2691 4580
3266 4999
1380 4915
361 1442
3281 4629
1364 4367
3898 4844
2706 4906
3828 4973
4723 4853
3818 4490
3719 3995
3752 3860
3328 4977
2990 3457
1795 1880
4360 4960
1646 2171
3329 4646
2492 3552
3717 4507
2089 4268
2432 3191
1342 4699
2937 4400
4723 4913
4123 4528
3447 4398
4947 4994
3107 4915
2973 4953
3202 4174
1298 4225
2637 4651
3516 4370
2822 4914
3161 4594
4381 4713
2477 4303
4591 4651
2730 4846
304 1775
2619 2750
190 4652
536 4082
3216 4247
3439 4456
1482 4311
1642 4648
2497 4920
1772 4847
2132 4665
4257 4982
3555 4852
2769 4852
1133 2043
4977 4983
499 3319
4851 4906
2190 3696
3773 3827
3199 4915
2610 3931
254 3019
1990 4528
3072 4055
1743 4376
952 4082
2691 3639
1043 3898
2024 4629
2008 4282
118 4005
2543 2760
2451 2870
4321 4906
1443 3089
524 1961
3122 4852
1644 4597
1774 4977
2208 4373
2939 3668
3816 4203
2730 4454
3897 4923
1792 4810
3670 4085
4376 4575
3478 3668
3185 4253
4545 4838
1147 4866
58 3320
4157 4988
2641 4649
1116 3191
1420 3084
2667 4649
2939 4940
1039 4810
2274 3126
2128 4627
4078 4278
4640 4787
3769 4397
4257 4453
1918 4703
829 3384
4076 4418
97 3706
2449 4913
2195 4533
3587 4983
2095 3701
3827 4817
3107 3157
2201 3085
4373 4457
3319 3893
2470 4887
2123 3412
3516 3899
523 3500
4110 4439
607 2802
1205 3869
727 4917
57 3791
4232 4720
1679 4150
2136 4648
1471 2215
1195 3228
140 4005
1607 4912
3719 4605
2236 2534
2472 4964
2213 3102
4396 4917
1436 4368
2578 4453
3131 4723
2181 3992
71 3428
2195 4943
4985 4987
1820 4238
1713 1806
2521 4925
2144 4847
2226 2542
3897 4838
1630 4817
2645 4594
4716 4771
1918 4140
1680 3787
2736 4042
2454 4720
2882 4215
3189 4817
677 4855
3042 3694
915 4619
1442 3869
2257 4851
2028 3982
2002 3825
2218 4846
3785 4964
1806 2760
4304 4683
1303 4746
1385 4195
3547 3769
302 4710
4360 4999
3062 4225
1789 3622
2593 4773
1661 2796
3202 4150
430 4469
2158 4590
1858 4676
1740 3733
831 4040
4619 4925
1961 3389
3893 4746
2800 2810
1555 4224
2257 3085
3372 4232
4123 4151
304 3946
3564 3719
357 4658
1713 2997
3499 4887
1886 3312
148 4026
1043 4658
3885 4311
1100 2336
2547 4282
1917 3627
4044 4728
708 4361
418 4670
1868 3992
4152 4994
4169 4644
3276 4528
3348 4901
3189 4977
1565 3492
1010 4887
139 3396
3701 4026
4492 4763
885 3841
1921 4912
3295 4453
3845 4268
2877 4609
2529 4979
1795 3868
3287 4186
3564 4797
2059 3698
2260 3281
1543 4398
3388 3627
2706 3439
4236 4711
3346 4196
607 3885
2214 4141
1414 4652
4092 4314
2797 3135
1330 3188
4238 4680
3984 4005
2003 3091
4157 4915
1703 2566
2201 4851
3910 4906
3752 4040
3242 4791
1860 4906
444 3825
1993 3566
302 4627
4066 4104
4538 4925
254 3848
2002 3428
4257 4540
1304 3828
1797 4451
3355 4311
1868 4280
4672 4977
3591 4628
1962 4164
4150 4627
1438 4817
293 3552
676 4600
2223 3387
2477 4492
3011 3948
3995 4857
236 4345
2253 4773
4508 4655
3492 3961
4289 4536
818 3939
794 3424
2558 4988
1050 4741
3799 4846
2521 3502
3387 3787
3696 4473
13 1108
2008 3797
3899 4451
1652 4653
86 2381
1873 4953
3334 4973
2472 4924
2318 3432
392 4750
1990 4580
2669 4204
2091 4195
1070 3509
3248 3992
3229 4400
1769 4967
2790 4658
4150 4507
1530 2141
1597 3905
2869 3845
339 3478
2373 2486
3254 3868
1131 4690
752 4977
4157 4838
858 3265
702 4878
394 4536
4304 4853
2379 4251
26 3698
4031 4713
3785 4924
3094 4967
240 2990
859 4546
1642 4290
2316 3791
912 4670
394 4973
252 4649
3945 4791
97 3677
1497 4597
3692 4367
1223 4280
4466 4913
2547 3333
3516 4482
915 4204
1353 4711
4244 4720
1086 2671
1160 2797
2000 3049
3773 4031
3109 4846
654 4591
291 4784
857 1962
597 4847
4690 4866
2373 2612
4977 4982
1155 4196
415 4351
582 3219
1646 3312
700 3478
4068 4366
3022 4545
4169 4627
3488 3581
2755 3374
1709 2091
620 4725
456 4078
3427 4847
438 4973
3801 4895
3286 3465
182 3719
4545 4906
2312 4912
408 4575
3440 4849
2763 4196
418 3625
4713 4917
4540 4791
1949 4971
3064 4868
3808 3947
2335 4600
548 4703
4031 4958
4454 4836
4366 4682
3101 3946
3615 4817
2271 4204
3783 4723
93 4844
4717 4999
3328 4958
2610 3582
880 2381
3336 4473
4360 4750
1031 4469
2861 4983
3841 4653
1039 4821
2529 3442
1304 4973
3860 4078
1170 4855
1230 3391
4123 4590
1782 4699
2591 3564
2803 4973
1896 4773
4490 4834
4240 4817
3625 4397
1147 3393
3511 4575
4740 4947
2466 4127
2678 3226
1213 4970
1227 1537
152 4653
2669 4925
4680 4866
1317 4536
3161 4847
4646 4687
3939 4943
3319 4746
1537 3982
581 4366
607 4195
1851 4699
2769 4960
300 1593
4253 4906
1016 4152
3992 4215
1479 4619
884 1679
1724 4538
2015 4821
1704 1978
4214 4821
2933 4750
3240 3619
3185 4988
4648 4652
3084 3564
2215 4196
4055 4974
1646 4078
2580 4699
3499 4359
4141 4247
1147 4690
2079 4773
4439 4566
53 2302
2968 4791
3783 4913
3897 4950
3898 4658
1212 3582
110 4627
1691 4280
798 3351
2186 4655
3312 4278
1399 3701
2114 2486
3621 3791
3242 4417
4943 4967
1853 3972
3000 3615
2171 3255
2373 4171
627 3216
4055 4355
364 509
2215 3561
2246 3101
3271 4257
3329 4717
4723 4987
256 3367
3547 3625
1898 2396
676 3334
2948 4787
3161 4536
2044 4361
3013 3826
240 3552
2963 4857
1944 4844
2862 4104
4720 4844
3472 3696
672 4597
4466 4985
735 4463
657 3188
1667 4085
3801 4345
1442 3488
3511 4289
3387 4575
2822 3898
183 2136
1926 4261
303 3899
912 1642
1934 4784
672 4819
4711 4740
3719 4290
1978 2939
4367 4672
614 1401
4155 4906
2428 3084
61 4368
3701 4815
3333 4261
1694 4844
2591 4797
923 1607
1379 4594
1802 4917
1820 4866
4253 4545
3881 4703
2585 4924
2641 4549
3893 4469
659 1414
4847 4885
71 2002
1447 2105
2566 4375
2028 3164
3202 4644
3140 4815
2736 4797
394 4628
1414 3384
2469 4545
1149 4967
4743 4973
1743 2314
4838 4851
2663 4821
118 3031
1013 3254
3042 3511
3157 3390
3049 4690
4917 4977
3329 4971
3372 4943
2114 3412
3049 3351
2008 2990
3019 4826
3216 3574
2431 4866
586 3226
3615 3874
3269 4375
2663 4104
4720 4967
597 4953
857 4740
1371 3891
2779 4203
5 4112
17 4892
23 4465
50 1852
51 4305
53 4972
62 4939
94 4965
97 4764
100 4754
135 4732
138 4565
148 3674
165 4813
188 4813
192 3782
193 4872
196 4256
212 4212
225 4998
234 3309
237 1284
245 4927
248 1715
287 4897
299 4752
302 4732
323 4535
324 4954
339 2455
348 4561
353 4663
383 3610
396 4843
412 4770
418 4408
438 4933
447 4892
475 3306
476 4892
478 4870
485 4843
504 4529
536 4759
568 4732
582 4892
586 4993
592 4183
604 4997
158 610
617 4954
620 4527
657 4892
672 4752
693 4673
702 4537
704 4625
708 4316
709 3315
724 4702
727 4513
735 4394
767 4732
770 4995
775 4972
792 4553
804 4095
814 4972
818 4790
828 3193
839 4843
841 4762
857 4334
859 4583
880 4017
891 4759
895 3920
901 4813
912 3714
915 4437
922 4858
923 4553
924 4657
941 4394
950 4888
952 4759
953 4654
954 4995
985 4957
996 4030
1003 3327
1010 4948
1029 4972
1030 4845
1054 4813
1059 4738
1070 4946
1088 4752
1095 4004
1099 3638
1100 4552
1116 3549
1131 4529
1133 4813
1142 4900
401 1155
1157 4890
1158 4762
1160 4759
1162 4701
1185 4475
1200 2798
1223 4231
1227 4762
1232 4995
1238 4403
1276 4972
1278 4941
1285 4998
1292 4099
1303 4721
1304 1322
1312 4858
1317 4631
1318 4371
1330 4892
1353 4879
1357 4415
1358 4374
1369 2368
1374 3521
1380 3974
1385 4394
1401 4688
1408 4782
1419 4752
1439 4995
1440 4095
1441 4326
1442 2924
1443 3836
1447 4775
1471 4543
1479 3512
1489 4898
1493 3127
1496 4892
1497 4823
1514 4882
1516 4551
1529 3024
1530 4972
1537 4762
1542 4762
1551 4984
1565 4539
1576 3505
1579 4813
1594 4795
1604 4760
1615 4990
1654 4160
1659 2856
1661 4179
1666 4995
1667 4339
1679 4986
1680 4095
1692 4827
1709 4995
1724 4557
1736 3746
1743 3966
1758 4622
1761 4380
1772 4408
1775 4934
1795 4762
1807 4552
1815 4336
1839 3117
1842 4908
1858 2337
1452 1866
1873 4839
1876 4752
1879 4674
1880 4762
1886 4902
1887 4921
1892 4813
1896 4954
1917 4898
1921 4301
1924 4813
1926 4125
1934 4995
1937 4795
1940 4732
1961 4762
1969 4752
1984 4182
1990 4898
1995 4732
2015 4234
2017 4892
2028 4762
2042 4905
2043 4691
2053 4394
2074 4552
2075 4695
2079 4357
2084 3715
2091 4995
2096 4837
2116 4035
2132 4189
2134 4673
1167 2139
2144 4491
2155 3959
2158 4898
2167 3691
2169 4736
2172 4833
2181 4759
2186 3530
2195 4556
2201 4892
2208 4843
2233 4738
2237 3520
2243 4576
2253 4795
2257 4892
2258 4892
2260 4478
2302 4700
2309 4898
2312 2313
2314 4095
580 2316
2326 3193
2327 4896
2329 4896
2336 4552
2373 4393
2375 4802
2379 4995
2380 4937
2385 3969
2397 3713
2398 3083
2407 4762
2428 4759
2431 3193
2432 3656
2441 4972
2460 3063
2461 4415
2466 3656
2469 4757
2481 4776
2492 4997
2507 4384
2512 4795
2527 4972
800 2529
2530 2888
2534 4776
2542 4843
2543 4869
2556 4809
2559 4552
2029 2566
2572 4843
2585 3632
2591 4511
2593 4954
2595 4794
2604 4557
2619 3521
2634 4843
2635 4776
2637 4483
2645 4035
2669 4856
2671 4825
2691 4975
2706 4785
2720 4898
2730 4424
2736 2855
2750 4790
2755 4972
2759 4792
2763 4898
2769 4778
2779 4795
2785 4578
2787 4394
2797 4372
2802 4995
2803 3253
2808 4965
2814 4843
2828 4892
2864 4816
2877 4088
2881 3314
2882 4561
2885 3651
2898 4738
2920 3710
2937 4883
2855 2940
2941 4732
2948 4997
2962 4936
2963 4865
2969 4829
2970 3247
2984 4170
2934 2986
2990 3077
2997 4992
3000 3539
3002 3926
3013 4934
3019 4859
3023 4955
3042 3756
3049 4769
3062 4328
3065 4795
3072 3599
3085 4407
2855 3089
3091 4990
3094 4932
3106 4995
3109 4795
2182 3122
3135 4552
2835 3157
3164 4762
3188 4892
3189 4954
3191 4972
3194 4954
3195 3199
3202 4758
3219 4892
3227 4448
3228 3463
3229 4319
3237 4095
3242 4088
2702 3248
3254 4762
3260 4488
2390 3265
3266 4904
3269 4419
3271 4058
2998 3273
3276 4898
3295 3321
3302 3710
3312 3810
2073 3319
3320 4234
3328 4265
3348 3987
3351 4183
2960 3355
3367 4759
3372 4097
2888 3374
3381 4552
2863 3384
3387 3460
3388 4898
3389 4762
3390 4698
3391 3966
3393 4738
3311 3394
459 3396
3397 4762
3404 4830
3411 3829
1989 3424
2874 3427
3431 3539
3224 3439
3440 4995
3442 4696
3447 4972
3456 3458
3457 4167
3465 4307
2751 3466
3469 4212
3472 3483
2525 3478
3507 3839
760 3509
3511 4120
3513 3727
3516 4813
3323 3523
3524 4768
2424 3541
3552 4479
3555 4034
3557 3934
386 3564
3539 3565
3581 4405
3587 4265
3139 3591
2967 3620
2154 3621
3622 4752
3625 4394
3639 4455
2311 3650
3668 4636
3670 4946
2626 3677
3692 4489
3694 4095
3517 3705
3213 3717
2855 3719
3721 3872
3741 4529
3047 3743
3752 4411
3769 4756
3773 4294
307 3781
2775 3787
3791 4949
3027 3797
3799 4931
2876 3801
3169 3805
3808 3842
2904 3816
3825 4577
3828 4769
3834 4949
3841 4927
3845 4424
3854 3915
994 3868
3710 3874
3885 4995
3891 4461
3710 3893
3896 4667
3897 4386
3901 4843
1955 3905
3914 4752
2976 3939
3944 4668
1989 3946
3948 4749
994 3982
3142 3984
1434 3992
4000 4832
4026 4477
4040 4170
386 4042
1989 4044
2965 4065
1233 4066
4074 4972
1920 4076
2372 4082
4085 4732
3667 4096
1690 4104
2757 4107
4035 4110
4123 4898
206 4126
3710 4127
4129 4759
4140 4438
4138 4141
4151 4898
4099 4155
4169 4744
4171 4585
4174 4574
3911 4186
4195 4995
4194 4196
3739 4203
4080 4204
2272 4206
3980 4214
4215 4552
4221 4803
4225 4401
3667 4232
3110 4236
4238 4738
3977 4240
4244 4805
4245 4247
4251 4995
4254 4265
1544 4255
3572 4261
3451 4268
766 4278
4280 4494
4282 4602
4290 4919
494 4304
3919 4311
232 4314
4321 4386
3974 4345
2240 4355
3616 4359
459 4361
2751 4366
4146 4367
4368 4790
2613 4369
4154 4370
4373 4529
3521 4375
3966 4376
4194 4379
4378 4381
4396 4530
4394 4397
3549 4398
4088 4399
4400 4954
4410 4412
4416 4417
760 4418
3307 4428
4439 4843
4384 4451
4365 4453
4454 4976
4099 4456
4455 4457
4394 4463
3710 4469
3517 4470
4473 4745
3521 4482
4325 4490
3539 4492
3213 4507
2967 4508
4514 4516
833 4528
4533 4898
4536 4944
3463 4538
4088 4540
4545 4911
4245 4546
4549 4688
580 4550
4560 4986
4529 4566
4095 4575
3617 4580
4587 4604
4590 4898
4583 4591
2863 4594
4189 4600
3710 4605
1041 4609
4617 4944
2276 4619
4627 4633
4628 4642
1906 4629
89 4640
4643 4644
4394 4648
4651 4752
3690 4653
4283 4655
4656 4657
3667 4658
3549 4660
4665 4671
4670 4671
2135 4672
2835 4676
4680 4738
4062 4682
2284 4683
4529 4690
4699 4894
4700 4703
3690 4710
4144 4713
4716 4795
2876 4717
3667 4720
4723 4726
4725 4843
4728 4995
3408 4733
4737 4741
4742 4744
4743 4788
3539 4746
2751 4747
4750 4856
1690 4763
4771 4795
1977 4773
4781 4784
89 4787
1126 4791
4637 4797
4799 4800
1715 4808
175 4810
3510 4815
4817 4858
2088 4819
425 4821
1702 4826
4834 4835
2445 4836
4798 4838
3521 4841
1799 4844
4846 4954
4847 4896
2960 4849
4386 4851
4438 4852
1328 4853
3577 4855
994 4857
4858 4866
3522 4868
4878 4880
1465 4885
4883 4887
4415 4895
4063 4901
4760 4906
1648 4912
4832 4913
3429 4915
4265 4917
2088 4920
2876 4923
1321 4924
4916 4925
4386 4938
4940 4945
3667 4943
3486 4947
4949 4950
4908 4958
2498 4960
1096 4963
4265 4964
4712 4967
1328 4970
341 4971
4461 4973
4386 4974
4265 4977
1614 4979
2299 4982
4265 4983
4317 4985
3926 4987
3464 4988
4972 4994
2498 4999
53 4504
97 4916
212 4795
237 4552
245 4813
248 4698
323 4198
348 4017
396 4738
485 4738
735 3907
922 4531
923 4531
1010 4598
1095 4840
1142 4088
1312 4178
1357 4708
1358 4932
1408 4738
1496 4948
1530 4018
1551 4581
1576 4892
1594 3060
1615 4861
1654 3814
1659 4080
1692 4020
1807 4759
1839 2855
1886 4729
1892 4937
1896 4795
1924 3730
1934 2960
1937 4954
2075 3515
2079 4795
2116 3579
2132 4693
2139 4447
2172 4890
2186 3162
2208 4738
2253 4954
2260 4302
2302 4972
2327 4993
2336 4759
2385 2702
2432 4972
2461 4954
2481 4813
2507 4205
2512 4954
2543 4062
2559 4759
2595 4175
2604 4700
2619 4813
2634 4933
2637 4752
2645 2863
2706 4430
2750 4813
2755 4093
2759 4934
2779 3883
2797 4759
2802 4732
2877 3753
2882 4552
2898 4529
1812 2962
2969 3695
2970 4622
3013 4793
3049 4237
3062 3635
3065 4954
3085 4892
3089 4623
3109 4954
3135 4759
3157 4752
2741 3194
3229 4954
3237 4877
3266 4512
2284 3269
3271 4436
3374 4972
3381 4759
3384 4394
3389 4922
3393 4843
2721 3396
3397 4842
3427 4072
3442 3685
3447 3549
3469 3949
3511 4095
3541 4752
3552 4782
3565 4764
3591 4688
1711 3621
3622 4916
3638 3639
3694 3966
3705 4898
2189 3717
3719 4610
3741 4738
2896 3743
3769 4394
930 3787
3595 3801
3816 4795
3834 4732
3690 3841
3868 4714
3539 3874
3901 4133
3894 3905
3948 4845
2702 3992
4000 4892
2888 4074
4076 4077
4082 4552
3690 4085
4126 4972
4129 4552
4141 4777
3517 4151
4088 4155
3213 4169
3213 4174
4050 4203
4214 4581
2702 4215
2498 4221
4232 4738
4238 4529
1456 4240
4243 4244
4248 4251
4254 4446
3974 4255
1306 4268
4304 4392
4311 4995
4321 4543
4355 4995
4175 4361
1456 4367
4369 4840
1452 4370
3522 4373
4375 4813
930 4376
3974 4379
4381 4777
4397 4823
4398 4946
4400 4795
1711 4412
4428 4431
4439 4778
4451 4859
3864 4454
1931 4456
2856 4463
2845 4469
4470 4898
2284 4482
3584 4492
4505 4507
4508 4509
3517 4528
2276 4533
4099 4540
4546 4898
4549 4949
3760 4550
3452 4560
4566 4686
4324 4575
833 4580
3517 4590
4598 4600
4276 4609
3463 4619
3690 4627
4626 4628
2424 4629
3463 4640
4274 4644
4653 4669
4655 4911
1872 4656
4658 4831
4660 4972
2424 4665
4529 4680
3515 4682
4678 4683
3522 4690
231 4699
231 4703
4710 4732
3152 4716
1096 4720
4725 4727
4728 4731
4583 4733
4742 4793
2967 4747
4386 4750
3055 4763
4771 4954
4773 4954
4784 4995
441 4787
2178 4791
4793 4797
3376 4808
4815 4891
4265 4817
2424 4819
4821 4825
3486 4826
3463 4834
4553 4836
4386 4838
1452 4841
4844 4864
2605 4846
4849 4995
2852 4851
4408 4852
341 4853
3130 4857
3522 4866
4601 4868
3667 4878
4577 4895
1321 4901
1931 4906
3974 4912
4915 4922
4752 4920
4386 4923
4265 4924
4267 4925
2721 4938
4940 4941
3079 4947
4950 4952
3178 4958
2876 4960
4818 4963
3244 4964
3563 4967
837 4971
2951 4973
2721 4974
4626 4979
4088 4982
4889 4985
4572 4987
3867 4988
175 4994
4816 4999
923 4777
1010 4976
1312 4777
1594 4954
1654 4991
1659 2434
2075 4414
2132 4812
2139 4777
2172 4876
2186 4431
2327 4919
2432 3549
2481 4845
2543 4840
2595 4748
2604 3548
2882 4759
2962 3888
3049 4442
3266 4839
3271 4770
3469 4444
3511 3966
3565 3569
3639 4898
3787 3966
3841 4732
3948 4804
1416 4000
4082 4088
4085 4828
4203 4954
4214 4848
2682 4304
2721 4321
4369 4695
4287 4381
2783 4463
4482 4514
4560 4854
3522 4566
4580 4898
4627 4732
2835 4629
4644 4732
4653 4732
2751 4655
4656 4752
3895 4665
4679 4682
4690 4843
4702 4710
4716 4954
4414 4720
4541 4733
307 4742
4734 4747
1215 4787
1931 4791
4642 4808
4815 4825
4752 4819
2412 4826
4258 4836
2722 4838
4813 4841
4851 4892
4595 4866
4843 4868
3974 4895
4386 4906
4386 4915
2835 4920
4759 4924
4925 4930
1655 4947
4386 4950
4265 4958
4306 4960
4673 4963
4882 4964
4535 4979
4099 4982
3927 4985
4984 4988
3974 4999
923 4832
2075 4869
4099 4560
4566 4738
3520 4682
4733 4848
4099 4791
3855 4815
4800 4836
4738 4866
7 4924
4848 4979
