0 123 501 849 1094 1407 1574 2219 2270 2355 2364 2835 2861 2918 3005 3008 3050 3571 3887 4297 4321 4450 4817 4819 4954 4994
1 4 69 388 424 459 508 620 1084 1112 1172 1371 1637 1660 1786 2011 2282 2284 2337 2461 2699 2897 2982 3396 3423 3454 3471 3774 4108 4131 4284 4784 4806
1 280 409 759 770 1099 1170 1309 1397 2117 2194 2250 2573 2722 2816 2856 2971 3146 3302 3410 3707 3776 3793 3919 4085 4122 4159 4220 4401 4510 4614 4800 4869
1 137 405 641 751 928 1015 1027 1070 1127 1194 1268 1315 1335 1375 1491 1695 1974 1979 2095 2192 2241 2378 2410 2761 2800 2887 2940 2951 3039 3171 3199 3217 3302 3498 3766 3934 4031 4039 4045 4211 4246 4293 4342 4758 4844 4932 4966
1 98 138 219 492 587 731 803 871 926 1005 1101 1154 1272 1309 1963 2727 2766 2776 2976 3173 3181 3416 3584 3777 3946 4092 4182 4356 4705 4895
2 149 163 545 958 964 966 1348 1477 1683 1747 1978 2033 2282 2310 2346 2512 2570 2810 2813 2993 3315 3351 3439 3651 3674 3804 4069 4099 4237 4262 4272 4427 4616 4915
3 5 53 288 840 1445 1716 1906 2442 2869 2884 2959 3025 3164 3371 3521 3578 3611 3680 3734 3742 3893 4315 4372 4470
3 82 178 333 478 535 714 994 1063 1251 1391 1543 1595 1697 1700 1715 1881 2107 2109 2121 2233 2255 2333 2498 2982 3316 3462 3622 3746 4283 4387 4638 4879 4919 4940 4974 4989
3 415 633 944 954 1026 1134 1309 1494 1496 1499 1554 1907 1937 2023 2056 2160 2179 2201 2348 2535 2639 2680 2692 2900 2974 3099 3170 3193 3318 3460 3579 3602 3660 3855 4101 4197 4431 4491 4941
3 15 176 403 536 686 696 728 1007 1137 1157 1197 1506 1537 1590 1752 1768 1869 2134 2138 2238 2420 2790 2807 2960 2990 3273 3336 3373 3506 3949 4107 4210 4279 4311 4409 4480 4482 4553 4560 4572 4681 4788 4974
4 195 205 364 612 635 805 868 942 1250 1261 1387 1425 1535 1640 1811 1907 2124 2249 2317 2494 2532 2589 2849 2996 3109 3387 3810 3954 4153 4197 4512 4539 4575 4653 4935 4956 4965
4 171 614 686 816 995 1029 1049 1337 1408 1589 1677 1792 1998 2117 2249 2318 2643 2757 2778 2911 3088 3403 3608 3770 3816 4129 4150 4242 4250 4287 4619 4767
4 69 154 190 615 689 723 762 973 1279 1414 1461 1534 1703 1742 1997 2057 2206 2254 2439 2511 2529 2597 2640 2671 2794 2807 3008 3048 3051 3211 3232 3234 3335 3421 3445 3499 3545 3604 3636 3694 3810 4075 4104 4245 4259 4596 4894 4951
6 34 91 267 273 315 320 371 626 743 800 999 1151 1285 1303 1439 1509 1539 1956 1984 2590 2595 3044 3287 3888 3952 4205 4228 4412 4622 4842 4910 4973
7 60 131 359 618 853 1051 1076 1335 1503 1592 1614 1907 1936 2288 2375 2438 2547 2636 2658 2810 2870 3082 3086 3142 3650 3812 3922 4131 4360 4529 4559 4650 4714 4822
7 202 463 605 671 723 971 1150 1183 1339 1507 1998 2237 2706 2752 2757 2863 3265 3722 3988 4212 4351
7 106 144 180 286 293 1055 1156 1196 1270 1336 1379 1558 1580 1728 1765 1779 1960 1991 2167 2241 2492 2667 2795 2952 2972 2974 3191 3249 3276 3328 3375 3401 3512 3517 3622 3748 3826 3839 3968 4395 4419 4435 4470 4662 4871 4883 4999
7 20 116 201 313 454 462 889 943 1257 1340 1760 1796 2015 2080 2099 2168 2177 2202 2218 2600 2763 2907 3167 3271 3391 3444 3661 3784 4309 4493 4579 4642 4722 4826 4991
8 217 319 380 579 1052 1289 1524 1668 1769 2226 2388 2487 2506 2884 2956 3281 3550 3809 3832 3837 4214 4623 4626 4632
9 175 291 353 389 558 629 918 1068 1497 1525 1767 1904 1915 2028 2217 2393 2700 2741 2900 3129 3652 3828 3968 4273 4326 4400 4429 4838 4899
10 198 309 317 388 419 506 507 511 699 725 798 866 1164 1211 1781 1851 1862 2121 2379 2385 2403 2410 2780 2786 2874 2951 3086 3221 3261 3628 3722 3769 3808 3861 3982 4075 4152 4284 4308 4319 4332 4429 4470 4558 4668 4715 4937 4994
10 105 260 690 847 1022 1348 1366 1423 1449 1481 1598 1612 1625 1758 1872 1997 2176 2446 2476 2478 2593 2631 2730 2820 2887 2986 3054 3143 3152 3186 3267 3358 3360 3605 3851 4062 4371 4436 4505 4601 4795 4830 4867 4997
10 29 436 491 512 540 582 641 731 752 773 880 1190 1247 1348 1617 2209 2247 2268 2318 2441 2487 2914 2968 3047 3092 3128 3150 3176 3231 3311 3435 3629 3643 3654 3758 3818 4168 4180 4209 4265 4349 4390 4415 4498 4605 4816 4985
10 18 108 145 343 358 364 455 551 633 686 833 858 1005 1078 1104 1223 1417 1481 1505 1523 1617 1705 1849 1972 2213 2392 2430 2540 2614 2681 3240 3275 3415 3442 3627 3704 3772 3827 3856 3935 3967 4040 4051 4098 4100 4389 4827 4861 4872
11 116 244 271 427 518 703 895 1186 1248 1396 1825 1847 2100 2307 2917 3462 3543 3570 3673 3848 4467 4836
12 693 985 1004 1222 1438 1727 1782 1863 2021 2116 3283 3286 3474 3481 3519 3637 3843 3950 4033 4147 4876
13 26 174 381 487 557 654 720 903 926 1008 1140 1147 1175 1331 1481 1483 1611 1746 2070 2119 2373 2375 2548 2567 2847 2989 3086 3276 3421 3426 3575 3580 3704 3993 4012 4016 4027 4050 4071 4256 4271 4317 4349 4594 4617 4676 4836
14 66 181 182 337 611 613 789 906 920 927 987 1195 1232 1248 1282 1424 1448 1457 1682 1744 1818 1838 2029 2062 2075 2221 2499 2582 2689 2901 3048 3157 3222 3340 3622 3823 3851 3907 3918 4007 4200 4653 4930
16 330 539 617 901 925 1364 1630 1736 1843 2169 2576 2905 2913 3229 3276 3294 3398 3451 3507 3721 3937 3961 4127 4221 4229 4261 4433 4562 4597 4638 4669 4843 4955 4956 4964
17 80 152 352 427 654 677 735 754 766 836 891 1024 1182 1385 1522 1920 1977 2041 2072 2195 2210 2844 2951 3186 3193 3199 3350 3364 3379 3384 3486 3608 3630 3722 3847 3940 3944 3966 4024 4077 4468 4733 4798 4976
19 29 253 666 691 1583 1729 2333 2440 2558 2608 2638 2823 2896 3198 3243 3496 3609 3617 3764 3993 4425 4568 4580 4647
20 86 151 221 366 504 659 823 1149 1150 1450 1555 1762 2387 2641 2807 3369 3484 3899 4239 4392 4442 4456 4547
20 54 193 260 272 323 327 469 515 660 700 1251 1330 1333 1810 1929 2161 2266 2267 2406 2719 2721 2791 2792 2945 2977 3101 3113 3173 3710 3783 3930 3972 4102 4167 4282 4357 4365 4471 4979
20 78 168 187 208 228 549 608 721 763 916 1005 1021 1144 1315 1331 1541 1605 1652 1794 1807 1888 1894 2034 2273 2702 2711 2864 3048 3060 3233 3278 3281 3365 3417 3561 3822 3844 3856 3884 4030 4049 4158 4206 4310 4673 4894 4924 4949
21 63 116 444 471 665 990 1074 1178 1731 1743 2239 2354 2457 2533 2562 2586 2650 2733 2809 2925 3132 3842 3854 4055 4483 4696 4893
22 121 1036 1466 1502 1593 1674 1688 1709 1910 1942 2150 2155 2165 2723 2755 2994 3186 3199 3214 3247 3259 3406 3612 3796 3936 4053 4328 4424 4886
23 487 682 684 814 1125 1143 1227 1287 1361 1401 1736 1761 1933 2149 2232 2261 2329 2442 2484 2517 2546 2585 2835 3245 3352 3599 3811 3938 4057 4493 4666 4966 4998
24 287 351 381 562 568 809 846 956 1110 1142 1282 1299 1464 1545 2291 2338 2539 2686 2716 2899 3699 3706 3870 4046 4086 4113 4184 4197 4287 4337 4537 4653 4804 4860 4905 4962 4983
25 64 136 262 489 704 741 810 905 954 1413 1538 1984 2009 2019 2043 2092 2300 2705 2835 3056 3166 3567 3713 4010 4223 4379 4413 4452 4472 4630 4635 4777 4996
27 144 364 374 591 663 1260 1278 1512 1527 1965 2127 2578 2872 2921 2979 3257 3367 3593 3704 3773 4070 4332 4386 4414 4416 4859 4972 4974
28 32 143 174 299 646 650 731 926 1065 1071 1476 1526 1628 1707 1909 1951 1970 2324 3065 3089 3124 3330 3555 3815 4043 4291 4540 4619 4699 4968
29 69 178 216 284 503 509 627 794 1013 1073 1101 1421 1490 1566 1654 1688 1703 1760 2094 2142 2263 2381 2423 2496 2549 2694 2841 2957 3015 3174 3223 3309 3448 3449 3462 3641 3711 3743 3746 3780 3855 3865 3900 4100 4252 4349 4829 4934 4982
29 392 393 433 575 625 673 838 933 976 1000 1254 1696 1715 1735 1807 1890 1947 2069 2092 2303 2436 2453 2503 2577 2729 2778 2903 2942 3079 3558 3864 3896 3898 4003 4276 4331 4466 4493 4713 4764 4984
30 358 390 451 564 709 1018 1163 1378 1648 1666 1808 1874 2522 2706 2736 2741 3033 3219 3794 3837 3963 4404 4420 4510 4569 4610 4685 4703
31 577 603 651 661 714 898 948 980 1269 1331 1654 1719 1869 2090 2178 2425 2483 2554 2561 2757 2933 2935 3144 3285 3304 3572 3668 3694 3950 4066 4281 4667 4832 4943 4958
33 129 279 393 647 649 679 927 939 1165 1171 1237 1294 1448 1720 1729 1835 1838 1869 1997 1999 2032 2140 2144 2482 2489 2737 2938 2974 3057 3250 3340 3399 3487 3688 3693 3753 4028 4259 4316 4358 4557 4570 4649
33 92 270 430 700 850 886 970 1146 1166 1430 1470 1523 1537 1632 1728 1729 1957 1983 2352 2449 2505 2592 2607 2734 2793 3025 3258 3381 3594 3677 3701 3851 3915 3927 4145 4203 4295 4439 4529 4556 4606 4756 4904
33 128 768 877 1082 1281 1282 1310 1317 1330 1613 2003 2365 2403 2495 2679 3100 3411 3565 3577 3586 3871 3888 3901 4000 4093 4281 4368 4628 4791 4861 4903
33 327 458 485 929 935 1002 1411 1579 1848 2058 2180 2265 2431 2648 2931 3115 3192 3230 3641 3763 3906 4382 4548 4587 4840
35 557 771 1235 1487 1835 1952 2059 2111 2241 2262 2304 2390 2622 2698 2874 3201 3755 3787 4249 4313
36 364 564 580 756 774 1111 1219 1264 1349 1472 1732 1772 1798 2635 3196 3459 3866 3926 4219
37 516 632 1069 1237 1302 1608 1979 2016 2497 2627 2633 2704 2941 3032 3200 3356 3456 3591 3705 4230 4572 4692
38 189 326 658 680 947 1006 1061 1401 2014 2261 2403 2958 3154 3440 3608 3863 3948 4000 4149 4193 4344 4352 4954
39 243 274 329 470 592 623 699 761 766 877 933 1067 1136 1213 1364 1374 1433 1851 1860 1902 1967 1984 2169 2358 2410 2628 2654 2883 3170 3432 3440 3588 3665 3702 3856 3860 3976 4075 4241 4429 4446 4475 4763 4795 4835 4862 4894 4939
40 105 543 698 817 1148 1330 1463 1535 1708 1817 1823 1870 1896 2007 2037 2485 2746 2860 2887 2980 2992 3354 3430 3536 3731 3737 3991 4130 4132 4148 4160 4359 4432 4619 4851 4877 4915 4933 4956
41 369 647 719 802 1498 1549 1823 2113 2125 2295 2544 2685 2946 3241 3345 3695 4082 4194 4590
42 73 164 385 442 449 701 920 1054 1554 1647 1678 1684 1838 2197 2210 2244 2521 2678 2741 2964 3048 3057 3066 3156 3168 3173 3268 3337 3383 3464 3930 4044 4158 4284 4365 4454 4703 4920 4956
43 107 505 581 594 908 986 1142 1401 1751 1770 1993 2115 2174 2351 2433 2770 2848 2954 3042 3267 3509 3974 4000 4163 4173 4853
44 157 248 624 656 694 722 764 874 1237 1295 1346 1554 1645 2196 2375 2646 2688 2738 2833 3044 3189 3235 3321 3333 3396 3414 3781 3855 4095 4381 4488 4587 4672 4713 4803 4888 4893
45 400 577 598 622 829 1517 1823 2060 2204 2281 2560 2575 2607 2743 2814 3004 3678 3771 3784 3997 4009 4200 4564 4614 4978
46 417 513 584 619 637 717 1038 1236 1456 1604 1616 1754 1814 1824 1831 2092 2124 2287 2389 2416 2607 3349 3461 3634 3829 3871 3888 3960 4091 4183 4880
47 167 330 633 703 857 974 1045 1057 1076 1150 1152 1486 1636 1690 1697 2045 2171 2400 2409 2421 2519 2668 2775 2983 3026 3106 3170 3260 3281 3337 3429 3503 3507 3624 3828 3842 3995 4037 4117 4307 4574 4590 4671 4724 4726 4747 4850 4876
48 161 559 1245 1373 1536 1552 1617 2311 2384 2487 2778 2830 3025 3094 3721 3825 4096 4340 4835 4978
49 103 190 297 427 498 538 688 720 748 899 998 1337 1377 1550 2077 2214 2259 2532 2748 3001 3326 3402 3414 3683 4120 4277 4364 4571 4751 4890
50 210 312 509 514 824 1066 1080 1214 1389 1469 1543 1654 1737 1894 1971 1975 1976 2117 2121 2181 2235 2243 2294 2537 2601 3052 3386 3576 3608 3754 3803 4347 4465 4541 4770 4932
51 59 358 401 522 839 869 1023 1221 1369 1443 1500 1539 1553 1634 1865 2050 2264 2520 2531 2556 2818 2831 3010 3121 3331 3452 3543 3595 3600 3630 3672 3694 4035 4190 4270 4288 4402 4406 4428 4429 4515 4633 4679 4709 4971 4972
52 381 453 525 569 1337 1435 1706 1823 1919 1962 2452 2474 2488 3291 3324 3941 4192 4243 4281 4330 4374 4550 4612 4661 4778
55 62 394 723 779 852 887 1669 1780 1915 1990 2067 2566 3071 3073 3158 3315 3656 3775 4123 4396 4680
56 146 174 443 526 544 607 655 717 821 1010 1067 1200 1370 1465 1481 1594 1703 1863 2256 2270 2444 2739 2810 2835 2881 2927 2980 3190 3236 3270 3293 3402 3698 3856 4181 4240 4499 4567 4745 4847 4918 4974
57 490 766 984 1011 1180 1227 1231 1406 1411 1448 1733 1769 1827 1835 1863 2000 2064 2118 2166 2205 2257 2657 2760 3471 3537 3641 3947 3967 3978 4001 4038 4435 4843 4852 4972
57 178 203 298 303 332 393 703 734 1160 1231 1287 1335 1801 2092 2230 2378 2401 2464 2782 2991 2995 3116 3140 3302 3307 3583 3805 3817 3983 3997 4006 4114 4136 4268 4435 4520 4592 4608 4787 4799 4845 4947 4950 4979 4981 4992 4995
57 102 265 389 474 638 850 946 977 1090 1103 1409 1702 1725 1827 1861 2082 2110 2309 2700 2929 3078 3111 3638 3801 4543 4922 4926
57 90 104 325 339 356 497 727 745 813 1048 1319 1606 1827 1833 2098 2132 2276 2414 2609 2809 2862 2880 2942 2955 3018 3153 3389 3485 3531 3532 3633 3747 3795 4094 4125 4162 4220 4361 4455 4478 4686 4978
58 336 344 893 965 1032 1056 1215 1308 1363 1403 1444 1488 1673 1915 2199 2200 2783 2882 2886 3248 3267 3740 4226 4820 4834 4899
60 241 375 428 737 867 888 995 1184 1581 1621 1662 1688 1693 1756 2271 2685 2996 3124 3288 3342 3409 3427 3495 3610 3850 3994 4115 4202 4688 4790 4881
60 655 658 1198 1199 1815 1830 2340 2821 3014 3043 3424 3469 3491 3765 3876 4023 4191 4440 4441 4481
60 188 237 300 331 367 376 377 528 776 885 929 1033 1087 1176 1309 1510 1539 1632 1675 1813 1907 1944 2005 2224 2313 2447 2572 2645 2742 3008 3054 3135 3254 3325 3360 3523 3917 3923 4088 4227 4259 4302 4921 4988
61 233 527 533 560 717 835 969 1020 1025 1086 1174 1289 1879 1884 1945 2171 2216 2339 2399 2487 2587 3097 3112 3315 3344 3563 4025 4158 4336 4413 4474 4503 4609 4702 4780 4904 4918 4954
65 420 435 509 517 736 894 933 1049 1297 1313 1418 1573 1698 1724 1852 2258 2278 2351 2371 2397 2467 2481 2551 2656 2764 2909 3058 3147 3162 3355 3399 3438 3455 3641 3645 3691 3782 3808 3849 4100 4245 4300 4341 4345 4350 4723 4730 4816 4986
67 124 155 156 383 498 892 899 1005 1076 1102 1289 1492 1631 1635 1686 1703 1816 2102 2106 2124 2127 2141 2163 2171 2509 2677 2804 2852 2908 2967 3105 3281 3295 3492 3711 3814 3925 3951 4079 4097 4268 4313 4509 4645 4698 4735 4815 4929
68 150 537 995 1867 2078 2189 2545 3155 3160 3348 3482 3535 3648 3830 3871 3891 4034 4232 4586 4671
69 72 105 609 786 856 997 1155 1170 1457 1563 1987 2557 2673 3044 3489 3676 3904 4300 4437
70 113 116 142 283 341 360 1121 1577 1685 2133 2285 2493 2682 2836 3224 3266 3422 3465 3502 3613 3671 3852 4142 4169 4795 4842 4962
71 225 226 257 552 561 695 811 927 975 1229 1382 1493 1543 1765 1857 1971 2121 2321 2327 2565 3360 3377 3396 3480 3497 3529 3582 3655 3664 3824 3967 4144 4793 4884 4908 4945
74 184 294 554 780 1012 1042 1261 1676 2089 2103 2240 2261 2378 2454 2499 2753 2848 3212 3390 3517 3659 3885 3986 4674 4701 4899
75 76 85 127 299 309 465 635 717 884 1167 1485 1552 1859 1901 1940 2154 2312 2345 2361 2584 2587 2936 2950 2981 3076 3526 3737 4038 4074 4100 4121 4195 4292 4360 4576 4729 4904 4907
77 83 88 166 235 260 330 365 393 890 1201 1231 1552 1738 1948 2066 2535 2616 2848 2973 2982 3093 3123 3211 3229 3543 3574 3585 4584 4638 4660 4760 4783 4843 4957 4970
77 147 384 434 1096 1153 1588 1697 1845 1851 2437 2637 2789 3192 3225 3646 3979 4126 4192 4295 4327 4376 4625 4663 4807
77 94 96 162 477 602 628 705 918 930 1104 1362 1432 1689 1752 1866 1886 1921 2137 2139 2220 2261 2364 2435 2732 2800 2809 3041 3046 3053 3428 3587 3644 3657 3738 3774 3889 3958 4022 4269 4413 4585 4792 4882 4916 4927
77 112 160 206 236 249 436 534 574 787 820 961 1007 1037 1629 1671 1713 1722 1795 1840 2251 2296 2407 2410 2438 2538 2832 2919 2953 3555 3681 3953 3964 3978 4128 4198 4284 4299 4421 4426 4525 4599 4711 4746 4794 4857 4906
79 87 407 594 782 860 1056 1282 1287 1393 1757 1989 2027 2096 2207 2225 2302 2451 3125 3159 3211 3490 3556 3667 3706 3750 4000 4059 4147 4258 4329 4517 4587 4855
81 239 565 604 626 683 850 1101 1119 1185 1225 1484 1992 2346 2701 2907 3040 3110 3228 3419 3610 3802 3874 3992 4171 4462 4756 4878
84 211 1097 1161 1253 1578 1617 1806 1855 2088 2279 3459 3589 3733 3957 4370 4444 4521 4671 4928
85 235 349 402 418 589 628 696 699 842 900 954 1024 1197 1296 1415 1537 1785 1792 1902 2238 2242 2428 2541 2581 2620 2817 2851 2874 2877 3208 3229 3297 3302 3394 3541 3568 3626 3744 4052 4065 4142 4244 4384 4574 4693 4893 4927
85 242 475 519 635 967 1284 1383 1759 1887 1930 2314 2401 2413 2443 2798 2996 3468 3565 3892 3897
85 487 796 860 1016 1041 1381 1404 1530 1622 1839 2434 2532 2594 2604 2850 2879 3161 3329 3357 3421 3500 3590 3655 3955 3968 4054 4338 4343 4510 4641 4659 4761 4809 4813 4836 4893 4896
89 461 468 590 652 655 826 865 950 1067 1204 1370 1557 1597 1615 1790 2136 2314 2343 2401 2458 2473 2602 2837 3002 3061 3212 3269 3291 3314 3323 3348 3981 4143 4508 4689 4732 4865 4912 4918 4961
93 218 220 256 870 873 882 922 1239 1321 1607 1885 2068 2191 2368 2472 3055 3071 3124 3190 3267 3450 3467 3698 3797 3837 4566 4591 4936
95 299 495 591 685 697 750 798 906 940 1411 1505 1521 1539 1877 1925 1984 2191 2318 2514 2644 2725 2840 2989 3032 3750 3784 3882 4268 4285 4360 4505 4665 4707 4952 4975
96 199 350 452 461 588 629 881 1055 1437 1755 1918 2072 2355 2360 2517 2781 2998 3024 3104 3315 3334 3745 3785 3841 4018 4137 4172 4235 4351 4366 4547 4687 4814 4892 4932 4996
96 158 385 777 906 1056 1242 1358 1480 1917 2072 2231 2280 2445 2683 2706 2917 2928 3032 3072 3092 3253 3312 3337 4020 4155 4260 4320 4490 4511 4619 4671 4714
96 194 278 316 330 669 1081 1093 1185 1218 1372 1381 1663 2065 2118 2173 2386 2480 2598 2720 2855 2884 2924 3008 3054 3190 3526 3649 3712 3846 4110 4133 4142 4146 4188 4199 4418 4522 4654 4795 4808 4867 4932 4938 4954
97 200 230 236 289 769 979 1105 1212 1266 1400 1955 1996 2074 2079 2286 2364 2374 2612 2703 2970 3280 3881
99 184 263 324 327 845 960 963 1001 1083 1107 1341 1654 1763 1769 1789 1939 1946 1954 2013 2036 2314 2346 2407 2980 3173 3178 3180 3193 3366 3532 3552 3555 4076 4365 4405 4757 4760 4915 4972
100 192 327 423 447 472 532 915 924 1359 1489 1561 1569 1650 1684 1939 1947 2025 2308 2333 2591 2624 2718 2778 3017 3108 3153 3229 3332 3596 3820 3931 4177 4280 4313 4325 4451 4459 4527 4825
101 148 159 202 236 249 557 633 655 686 899 955 1338 1347 1453 1511 1618 1736 2050 2191 2208 2438 2466 2535 2555 2662 2807 3096 3190 3399 3532 3543 3630 3706 3713 3723 3784 3879 3978 4003 4091 4614 4772 4911 4913 4948 4966
105 258 285 347 362 771 792 995 1139 1173 1248 1446 1958 2018 2175 2349 2759 2891 2915 3100 3130 3800 3857 4295 4383 4397 4519 4593 4670 4757 4765 4964
109 234 277 307 387 600 710 718 877 1202 1316 1392 1451 1710 1721 1740 2048 2796 2815 3081 3274 3308 4739 4899
110 114 153 207 493 693 767 834 862 968 1046 1454 1484 1519 1523 1532 1564 1632 1851 1868 2031 2076 2355 2438 2522 2740 2942 3037 3056 3347 3388 3524 3872 4015 4275 4313 4339 4493 4530 4638 4697 4887
111 389 456 658 729 807 883 949 952 992 1116 1314 1335 1352 1359 1402 1475 1834 1844 1898 1908 1915 1959 1982 2203 2510 2559 2788 2878 3016 3313 3337 3692 3744 3774 3835 4365 4477 4492 4529 4555 4574 4578 4828 4874 4882
115 194 287 760 1170 1405 1543 1642 1775 1832 1894 2187 2330 2419 2516 2617 2765 2803 2926 2948 3136 3193 3382 3603 3690 3760 3785 3807 3971 4119 4139 4150 4174 4536 4598 4737 4789 4942 4987
117 318 703 1030 1436 1799 2035 2044 2098 2249 2751 3029 3163 3211 3725 3840 4003 4264 4399 4656 4851
118 172 476 700 784 1064 1091 1115 1305 1319 1638 1805 1891 1922 1979 2039 2098 2315 2359 2515 2856 3088 3346 3348 3400 3475 3526 3534 3565 3606 3610 4296 4300 4485 4516 4538 4643 4744 4805 4882 4977 4978 4980
119 137 194 214 412 478 647 700 788 904 1094 1150 1267 1300 1386 1431 1513 1626 1750 1826 2004 2118 2146 2486 3090 3105 3264 3300 3559 3566 3588 3786 3871 4017 4150 4187 4490 4710 4904
120 550 594 654 1095 1142 1312 1332 1376 2040 2169 2603 3148 3517 3525 3542 3630 3877 3932 4434 4494
122 232 493 496 557 567 628 678 720 740 753 818 853 931 1007 1028 1031 1121 1209 1237 1273 1311 1445 1529 1753 1935 2198 2210 2587 2606 2744 2779 2951 3194 3246 3376 3402 3640 3746 4134 4257 4349 4364 4569 4590 4606 4836 4843
125 269 395 399 481 510 524 571 626 707 730 879 1841 2182 2402 2463 2774 2963 3059 3129 3209 3227 3292 3470 3635 3752 3905 3950 4760 4775 4816 4984
126 301 765 853 1265 1644 1667 1864 2660 2902 2984 3220 3620 3774 4332 4447 4487 4546 4583 4928
130 564 757 1088 1114 1306 1348 1394 1497 1661 1714 1938 2123 2364 2442 2459 2564 2626 2805 2829 3062 3104 3385 3647 3768 3815 3878 4002 4245 4502 4542 4818 4891 4967 4996
132 290 349 583 872 1233 1334 1455 1551 2035 2147 2571 2868 3083 3137 3397 3436 3688 3788 3999 4210 4607 4695
133 144 641 1177 1226 1249 1350 1422 1497 1659 1687 2050 2104 2283 2372 2391 2580 2642 3375 3728 4087 4233 4236 4375
134 171 421 667 1050 1548 1911 1961 2122 2332 2401 2469 2739 2893 2910 3044 3067 3177 3340 3365 3382 3466 3683 3810 3859 4091 4148 4438 4445 4757 4892
135 249 1126 1217 1241 1820 1973 2341 2745 3027 3038 3045 3508 3655 3749 3875 4089 4105 4222 4312 4373 4453 4646 4957
137 361 414 425 449 877 927 1142 1351 1537 1632 1729 1883 1950 2151 2212 2241 2611 2617 2637 3036 3070 3088 3141 3169 3208 3340 3353 3430 3698 3718 3894 3967 3993 4056 4334 4355 4547 4714 4742 4818 4831 4833 4979
137 487 724 1007 1092 1135 1154 1442 1505 1800 1899 1941 2024 2275 2334 2407 2588 2685 2709 2735 3053 3117 3272 3477 4664 4768 4781 4818
139 169 251 284 287 644 791 815 819 843 854 1230 1318 1359 1416 1568 1766 1838 2424 2836 2917 2987 3219 3276 3789 3828 4259 4335 4460 4760 4774 4944 4953 4984
140 238 358 368 461 498 509 734 798 1060 1185 1315 1320 1591 1697 1717 1752 1979 2093 2171 2211 2229 2277 2316 2351 2375 2524 2534 2663 2728 2787 2989 3057 3105 3414 3538 3711 3759 3842 3942 3997 4075 4097 4266 4271 4648 4754 4842 4861 4993
141 346 422 675 676 766 1044 1301 1345 1434 1803 1827 1831 1924 2120 2289 2469 2542 2876 2890 3023 3246 3251 3557 3828 4029 4134 4703 4749 4786 4801 4867 4889 4900
144 170 171 357 662 692 1075 1109 1262 1704 2314 3007 3012 3087 3310 3736 3778 3837 3921 3985 4097 4140 4268 4271 4811
154 261 264 450 461 493 591 914 959 1244 1501 1600 1771 1875 2064 2186 2301 2336 2479 2508 2690 2691 2822 3095 3107 3138 3178 3287 3616 3987 4164 4267 4348 4486 4694 4714 4727 4864
154 215 371 373 402 502 1101 1124 1327 1330 1429 1479 1653 1699 1728 1868 1914 2114 2164 2210 2298 2398 2432 2471 2499 2617 2892 2907 3034 3049 3100 3170 3471 3501 3520 3642 3670 3719 3969 4403 4595 4720 4743 4866 4901
154 738 801 978 1053 1113 1238 1473 1584 1684 1760 1850 2054 2097 2282 2407 2491 2884 3339 3368 3658 4036 4224 4360 4784 4994
165 345 432 731 828 951 1019 1288 1368 1508 1571 1675 1949 2097 2234 2426 2507 2632 2693 2695 2712 2757 2873 3184 3301 3522 3553 3679 4084 4245 4526 4545 4613 4756 4902 4964
171 212 398 786 1040 1520 1701 1826 1873 1985 2124 2135 2355 2543 2587 2772 2904 2962 3104 3118 3382 3421 3762 3785 4013 4106 4247 4263 4391 4496 4740 4753 4892 4990 4996
173 251 255 385 445 531 1357 1412 1420 1684 1769 1802 1835 1836 1858 1947 1988 2097 2269 2806 3075 3205 3237 3363 3399 3442 3750 4021 4118 4238 4317 4544 4590 4602 4652 4766 4837 4851 4867 4923
174 249 314 363 616 1169 1315 1995 2010 2475 2875 3197 3287 3392 3473 3488 3688 3721 3790 4131 4189 4254 4410 4413 4573 4782
177 183 306 381 402 413 576 912 1094 1100 1210 1343 1355 1659 1777 1869 1889 1980 2008 2117 2299 2322 2415 2659 3071 3203 3208 3219 3246 3320 3418 3533 3868 3913 4148 4210 4455 4513 4637 4719 4755 4875 4909 4957
178 202 246 936 1655 1730 2051 2170 2292 2412 2661 2797 2826 3054 3085 3808 3978 4047 4147 4563 4589
179 295 626 635 786 1546 1603 1726 2026 2824 2836 2912 2930 3202 3504 3810 3851 4083 4156 4317 4505
184 268 388 478 578 585 606 641 653 934 1431 1441 1531 1765 1939 2097 2159 2222 2228 2469 2523 2843 2974 3000 3129 3262 3431 3476 3549 3675 3683 3732 3767 3833 3862 3890 3950 4048 4218 4287 4364 4506 4551 4569 4653 4717 4868 4892
184 266 498 595 702 793 1359 1445 1643 1675 1711 1822 1913 2802 2865 3120 3208 3412 3414 3430 3684 3838 4524 4779 4928 4994
185 251 349 402 570 599 628 647 687 696 744 773 918 954 1024 1098 1121 1131 1189 1197 1395 1465 1659 1792 1902 1931 2086 2238 2328 2382 2618 2651 2672 3022 3074 3187 3246 3298 3539 3540 3655 3713 3744 3869 3924 4154 4161 4574
186 334 335 449 693 711 715 1123 1181 1322 1384 1388 1672 2140 2535 2596 3013 3239 3696 3746 4588
190 254 397 405 436 593 786 899 1055 1381 1528 1749 1854 2140 2144 2552 2579 2623 2647 2706 3086 3104 3145 3155 3434 3621 3962 4073 4112 4385 4572 4582 4736 4784 4915
190 260 296 601 732 772 827 972 988 1009 1788 1812 2047 2448 2747 2888 3199 3279 3393 3413 3720 4217 4505 4547
191 196 223 773 911 937 1106 1277 1280 1620 1624 1927 2127 2204 2607 2655 2676 2801 2874 2887 3493 3623 3683 4131 4197 4234 4575 4741 4769 4848 4918
194 404 483 640 981 1274 1518 1556 1694 1723 1926 2157 2215 2223 2293 2333 2346 2490 2665 2708 2754 3080 3442 3483 4363 4377 4802
197 322 720 771 1458 1505 1651 1831 2191 2574 2800 2934 3204 3440 3592 3663 3724 3756 3977 4014 4063 4064 4303 4464 4507 4565 4615 4703 4851 4914
202 236 311 371 494 755 797 812 1072 1133 1216 1243 1523 1565 1665 1736 1748 1868 1902 2050 2063 2072 2085 2193 2335 2866 2872 2920 2969 3053 3195 3374 3407 3510 3528 3555 3615 3730 3928 4061 4091 4097 4176 4554 4600 4631 4823
204 235 460 464 521 530 844 1162 1259 1286 1360 1380 1457 1504 1601 1680 1856 1905 1986 2145 2377 2395 2404 2525 2528 2652 2653 2839 3035 3092 3216 3252 3494 3573 3831 4042 4213 4289 4305 4706 4757 4785 4821 4931 4969
209 227 520 1154 1252 1440 1664 2055 2325 2347 2378 2526 2894 2916 2996 3025 3165 3306 3821 3873 3880 3929 4008 4175 4575
213 416 696 758 1554 1575 2204 3284 3478 3867 4038 4398 4417 4443 4457 4473 4476 4531 4657 4816 4962
222 389 586 664 825 850 919 1319 1356 1878 1932 2153 2204 2369 2370 2502 2504 2713 2965 3291 3505 3650 4367 4455 4463 4759 4841 4846 4917 4966
224 282 292 775 808 938 1207 1445 1618 1741 1784 1821 1934 1968 2091 2188 2362 2707 2739 3527 3565 3761 3798 3910 4274 4324 4479 4870 4873 4927 4960 4984
229 556 566 594 654 657 822 848 920 982 1497 1906 1912 2290 2376 2619 2621 2685 2767 2771 3153 3729 3902 3930 4186 4458 4678 4716 4731 4882
231 247 259 284 328 340 742 799 860 902 918 957 1261 1370 1459 1547 1760 1826 1842 1906 2183 2184 2260 2305 2403 2513 2666 2819 2845 3071 3092 3127 3799 3815 4116 4141 4411 4713
235 1227 1585 1587 1592 1646 2084 2131 2380 2427 2468 2629 2726 3282 3370 3619 3996 4019 4111 4208 4422 4430 4549 4569 4728
240 478 639 920 1452 1560 1649 1792 1853 2071 2411 2500 2553 2625 2741 2872 2906 2932 2988 3056 3102 3183 3206 3365 3396 3711 3968 4561 4618
245 405 448 467 542 714 723 778 1291 1307 1319 1783 2012 2035 2049 2249 2353 2809 2856 2917 3178 3244 3287 3289 3343 3348 3395 3425 3441 3453 3526 3956 4151 4225 4231 4251 4300 4369 4490 4510 4529 4709 4858
250 251 426 548 832 851 929 1248 1287 1290 1337 1401 1426 1691 1773 1807 2017 2087 2282 2344 2949 3129 3262 3459 3479 3598 3737 3855 3939 4196 4490 4518 4587 4620
252 746 860 941 1166 1208 1224 1231 1712 1718 1871 2248 2442 2470 2529 2532 2568 2569 2634 2836 3105 3362 3650 4634
275 405 449 747 806 830 855 929 1034 1039 1117 1251 1474 1692 1863 1892 1895 1903 2022 2270 2367 2700 2799 2999 3009 3031 3131 3219 3262 3290 3338 3437 3463 3685 3815 3965 4026 4318 4394 4499 4818
276 382 643 645 658 831 1168 1220 1289 1468 1572 1592 2006 2423 2961 2989 3098 3263 4504 4532 4572 4691 4979
281 299 681 712 804 1129 1544 1656 2061 2101 2274 2825 2872 2889 2978 3069 3091 3126 3207 3262 3601 3687 3757 3785 3914 4286 4346 4364 4455
284 302 371 436 479 488 734 773 859 1132 1166 1205 1431 1906 2035 2064 2098 2143 2169 2394 2450 2563 2605 2613 2842 2907 2944 3242 3303 3317 3375 3442 3588 3704 3779 3806 3836 4068 4185 4192 4220 4461 4470 4849 4863
287 355 446 642 781 1276 1559 1819 2105 2501 2664 2739 2900 2923 3133 3511 3547 3993 4204 4378 4640 4658 4699 4721 4876
304 378 388 500 523 546 596 610 909 917 1185 1431 1471 1618 2112 2118 2126 2144 2455 2750 2943 3020 3030 3064 3210 3420 3457 3513 3588 3632 3713 3911 3990 4060 4304 4362 4639 4957 4959
305 734 749 983 1159 1166 1263 1516 1542 1567 1592 1623 1659 1791 1793 2140 2172 2350 2408 2517 2700 2838 2985 3088 3361 3365 3507 3516 3622 3697 3700 3715 3930 3943 3959 3975 3989 3997 4124 4448 4500 4606 4644 4709 4810
308 572 785 1077 1154 2423 2477 2610 2714 2859 2939 2942 3213 3372 3471 4109 4135 4148 4207 4484 4861
309 396 411 555 923 1056 1344 1764 2356 2517 2550 2768 2812 3446 3560 3581 3618 3945 4215 4278 4709 4718 4962
309 636 699 1059 1062 1191 1193 1882 2236 2326 2637 2762 2784 2854 2871 3011 3114 3405 3569 3744 4495 4581 4603 4655 4683
310 349 541 1188 1255 1258 1261 1304 1657 1778 1846 2042 2158 2238 2366 2649 2808 2827 3019 3119 3134 3155 3375 3459 3662 3716 3970 4134 4271 4281 4469 4734 4748 4842
321 386 547 670 674 713 790 853 962 1003 1076 1228 1234 1275 1325 1482 1484 1540 1639 1745 1876 1943 1966 2002 2073 2128 2148 2297 2319 2615 2684 2731 2867 3068 3103 3212 3360 3518 3726 3741 3842 3933 4011 4200 4333 4353 4380 4750 4776 4835
338 354 438 499 1206 1365 1484 1633 1893 2052 2130 2769 2853 2856 3003 3006 3077 3256 3610 3669 3750 4038 4058 4090 4192 4220 4435 4839
342 863 876 896 906 1049 1251 1390 1448 1602 1641 1688 1715 1826 1971 2253 2405 2997 3607 3727 3792 3908 4314 4534 4690 4699 4756 4796 4898 4925
348 408 564 693 716 798 861 1047 1108 1158 1292 1398 1609 2462 2469 2529 2885 3153 3447 3562
370 385 437 441 482 484 706 837 841 1085 1419 1670 1894 2162 2529 2980 3124 3182 3277 3402 3515 3639 3706 3739 4166 4501 4523 4651 4699 4704 4885
372 379 577 629 897 1120 1128 1367 1381 1447 1462 1734 1828 1868 2185 2318 2717 2975 3056 3149 3440 3458 3514 3548 3551 3614 3688 3694 3717 3834 3845 3920 4072 4255 4738 4752
391 440 529 597 714 875 921 953 1067 1121 1145 1353 1370 1410 1467 1599 1804 1837 1947 2083 2245 2270 2320 2465 2583 2675 3028 3155 3430 3532 3554 3721 3895 4003 4248 4354 4499 4611 4621 4636 4684 4784 4897
406 486 630 668 993 1014 1293 1728 1739 1829 2030 2530 2922 3172 3188 3192 3433 3546 3653 3883 4147 4489 4533 4624
410 473 726 1079 1130 1227 1240 1246 1328 1411 1427 1964 2020 2460 2758 2773 2811 2895 3084 3139 3151 3185 3226 3255 3305 3327 3689 3708 3886 3888 4157 4317 4388 4497
427 429 563 573 739 913 996 1024 1271 1323 1610 1715 1765 1831 1897 1997 2108 2363 2522 2617 2669 2674 2800 2834 2898 2982 3057 3291 3507 3650 3703 3984 4067 4134 4178 4295 4301 4713 4773 4824 4835 4856 4928 4946 4963
431 783 932 1035 1122 1203 1342 1515 1552 1582 1586 1797 1807 1923 1953 1994 2357 2527 2536 2696 2810 2900 3021 3299 3408 3462 3625 3631 3686 3916 4210 4290 4552 4675 4708
439 466 631 733 945 1043 1104 1354 1562 2227 2246 2342 2422 2522 3735 4005 4138 4170 4528 4535 4627
457 493 634 795 1055 1187 1465 1533 1752 1776 1880 2081 2331 2697 2724 2857 3192 3378 3544 3698 3737 3808 4142 4499 4725 4797 4812 4964
480 591 708 926 1094 1118 1331 1596 1675 1916 2046 2190 2351 2423 2456 2828 2937 3186 3212 3322 3380 3682 3813 3819 4041 4150 4165 4575 4677 4762 4771
553 672 864 907 1089 1104 1138 1141 1179 1324 1329 1495 1570 1679 1809 2152 2306 2637 2670 2687 2749 2848 2858 3032 3175 4216 4322 4712 4854
577 621 629 648 771 1058 1514 1618 1787 1998 2064 2418 2630 2710 2947 2966 3215 3218 3404 3597 3853 4179 4408 4606 4629 4700 4876
878 989 1049 1170 1364 1535 1576 2001 2129 2396 3179 3238 3564 3751 3973 3998 4078 4407 4449 4577 4927
910 991 1192 1326 1428 1460 1465 1658 1681 1971 2272 2323 2429 2499 2518 2777 2785 3722 3858 3909 4080 4200 4201 4323 4332 4614
933 1298 1399 1627 1928 1981 1998 2599 2715 3100 3122 3341 3443 3472 3666 3714 3903 4287 4298 4306 4351 4894
1017 1197 1256 1283 1478 1535 1774 1900 1939 1969 2144 2383 3296 3319 3359 3382 3530 3791 3912 3980 4081 4351 4393 4604 4682
1364 1457 1619 2038 2053 2127 2156 2252 2417 2756 2846 3053 3063 3178 3517 3709 4004 4032 4103 4158 4253 4294 4423 4514
