4635 810 136 3166 4472 3056 3713 2300 4010 1538 2009 4223 64 704 905 1413 4996 4379 2705 4630 741 25 2043 489 2019 4452 262 3567 4777 
4891 1306 1394 2123 130 2564 1938 4502 2459 3768 2829 3647 3878 4967 3062 3385 1088 4002 4542 1114 1714 757 2626 1661 2805 
4094 3633 1048 90 813 3795 727 2414 497 4455 3531 2276 745 104 2609 4686 2955 3747 4125 1606 356 2880 1319 4162 3018 3389 339 4361 2132 1833 3485 325 4478 2862 
2455 4060 3030 909 610 4639 3020 3457 378 2943 500 917 3064 523 3513 3632 4959 4304 3210 2750 3911 1471 3990 596 4362 546 2112 3420 2126 304 
2341 3038 4222 3027 4646 1973 3749 135 4105 1217 4089 2745 1241 4453 3045 3875 4373 1126 4312 1820 3508 
4713 2184 799 1459 2666 259 1760 902 2183 4411 340 231 2513 328 3127 3071 1547 2819 2845 3799 1842 2260 4141 742 4116 247 2305 957 
577 2814 4009 2281 2060 3678 400 2560 3771 622 3004 4564 2204 2743 2575 45 1517 829 598 
2012 4251 1783 448 3289 3425 4369 2049 4231 1291 3348 3453 4225 245 778 542 3526 3956 3395 3441 4858 3343 4151 1307 467 2353 714 4300 3244 
849 3005 2918 4994 4817 123 0 3571 2861 1574 2364 2835 2219 4297 501 2355 3887 4450 3008 4321 4819 3050 1407 
744 2651 1098 3869 4574 3187 1931 4154 599 3246 1121 1659 185 2328 2086 687 3924 4161 2672 1189 647 3074 3539 1395 1465 2618 2382 3744 3022 918 570 3298 1131 773 3540 
2495 4791 1082 3586 4628 4903 1613 3411 768 1310 3565 128 3577 2679 2365 1281 1317 4368 3901 2003 4093 
4135 4484 308 4207 2610 1154 2477 3213 3372 2939 2714 785 1077 572 4109 2859 2942 
4680 1780 3775 852 55 2566 2067 62 1669 394 4123 779 3656 3073 887 1990 3158 4396 
2367 3031 3338 3009 4318 3437 1117 3815 3965 1895 4026 1039 3131 1903 830 3685 2022 1034 275 2999 405 855 1474 3290 806 747 2799 3463 1892 1692 4394 
1152 974 2400 4307 1045 4747 2519 2409 4850 1057 3429 2421 3026 3106 3503 3260 47 4726 703 3995 2171 4117 2983 4037 1636 1150 167 3624 1690 2668 2775 2045 1486 4724 857 
3001 4751 4277 538 2259 998 103 49 297 688 1377 2077 4120 1550 3414 4571 2214 4890 4364 748 2748 190 3326 
1717 2229 798 2728 2211 2787 1320 3942 1591 1752 2663 4842 4266 2351 4993 1315 2524 3538 1060 238 368 140 3759 2534 2316 2277 4648 4861 2093 4754 
4768 2735 3117 1941 2407 4818 1135 2588 2334 724 4781 1800 1899 3477 1092 137 2275 3272 2024 4664 1442 2709 
4130 4432 1330 543 2860 4915 4877 1535 1823 4933 4956 3737 3354 1463 1148 40 105 2037 1817 4148 3731 2485 4851 2980 2007 1708 817 4160 1896 3536 1870 3430 2992 3991 4132 4359 698 2746 
4596 154 973 762 3232 4951 3445 615 4245 2511 3604 3636 3234 2597 1461 3545 3499 2640 1414 4894 2206 69 2254 2794 2439 689 2671 2057 1742 4104 1534 3694 1279 3335 4075 3051 
559 4340 48 3094 1536 161 2384 1617 4978 2830 2311 1373 4096 3825 1245 
2189 3160 150 3482 3891 3648 4034 2078 2545 3830 68 4232 1867 3535 4586 537 
2435 162 1362 602 3657 3958 477 4792 2139 3587 1866 930 94 3889 705 1886 1432 2220 4916 4022 1689 3644 4585 2137 3041 2809 3738 96 3428 3046 4269 3053 3774 2732 1921 
3123 166 2848 4957 1738 3585 3211 4584 3093 2616 393 3574 4660 365 2066 260 4970 2973 1201 83 330 88 1948 890 4783 
2424 791 1318 819 1568 1766 644 1359 139 2987 169 843 1230 3219 1416 854 815 3276 3789 4760 
4676 4071 2373 1611 4256 1140 2119 1746 4012 1008 903 2567 2548 26 13 2070 1175 4594 4050 3580 720 3426 1147 2375 487 4027 3575 4016 4617 2847 1483 
1806 1578 3957 4444 4370 1097 4671 4521 3733 211 1161 3459 84 1855 2088 3589 1253 4928 2279 
3507 1516 749 3697 2838 3989 4124 2985 4810 305 3516 1159 3943 1567 1263 3715 4448 3997 3959 3088 4644 2517 3700 2172 4500 983 3975 3361 2350 1793 3622 1542 1623 1791 2408 
3895 2320 1370 391 2465 4636 1410 4684 875 597 1837 1145 2083 1599 3554 440 1804 921 4248 4897 2675 3028 953 4354 2245 1947 2270 1353 529 4621 2583 4611 1467 
1018 4610 1874 2736 3794 390 2522 1666 3963 1163 4404 30 451 3033 4685 1808 358 1648 709 4420 1378 
4982 794 3309 4100 627 2496 2263 1566 3780 3743 216 1421 3448 4934 2423 4829 3900 1031 3174 3865 3449 2694 4349 2142 2957 1490 2094 2549 3223 1703 2381 503 3015 1073 4252 1013 3711 2841 
1604 2607 3871 3829 637 1236 4880 4183 619 46 3960 2287 584 417 1616 4091 1456 717 1038 2389 3349 2124 3634 2416 3461 1824 1754 1814 513 
288 1906 1716 4372 3371 3893 2442 3025 3164 4470 3611 3742 2959 4315 3680 3521 3578 53 840 5 2869 3734 
357 1075 3012 662 1262 3778 3985 3736 3007 144 1109 4811 3921 1704 692 4097 4271 3310 4140 3087 2314 170 
4352 2014 3948 1006 2261 4193 4344 4000 1401 658 2958 326 1061 4149 3440 3863 38 947 680 2403 3154 189 
1539 95 1877 1925 940 906 495 2989 2644 2514 2725 1411 750 1521 3750 697 3784 2840 685 3032 1984 
2002 2073 4333 4200 547 1482 2615 2867 3103 1966 3068 3741 1275 670 2319 386 3933 4776 790 3518 1876 1234 321 1943 2684 1228 3842 1076 4011 2297 3726 2731 1639 713 2128 4380 1325 4353 1540 4750 1003 962 1745 674 2148 
4932 1194 3171 3766 1375 4293 1268 751 3217 4758 2410 1979 928 2192 1070 2800 4031 3498 4966 2378 1491 4211 1974 1015 2095 4342 4039 2761 2940 4246 1695 3039 1027 4844 1127 641 3934 2951 4045 
994 2121 1700 4638 333 2109 1697 2255 3462 535 1063 1881 3746 1391 3316 2498 478 1595 1543 82 2107 2233 178 
1507 2752 2706 463 4212 971 2237 1339 605 3988 2863 202 1183 7 671 3265 723 3722 
3763 3230 2180 929 3641 3906 458 33 2648 2431 1002 4548 2265 3115 327 1848 2931 935 4840 4382 1579 485 2058 
3145 4073 3621 397 4385 3434 4112 4736 1854 2144 3155 1528 593 3962 2579 2552 1749 2623 254 4582 2647 
1581 1693 3850 737 1756 375 1621 1184 2685 3994 995 241 2271 4790 1688 4688 4881 867 4115 428 3495 3427 3409 4202 888 3342 1662 60 3288 
3837 4623 4632 4214 3550 1052 4626 1668 2226 2487 3832 2506 3809 8 2388 579 319 1524 217 1289 380 2884 2956 
1335 618 3082 4822 1936 2547 3922 1592 1051 2658 131 2636 3812 4650 3142 359 1503 4559 2870 3086 853 2288 1614 
224 1934 4479 4984 3527 1741 4870 2091 4324 4960 2707 1207 808 4274 3798 2362 2188 3761 3910 938 292 1821 775 1968 1784 282 4873 
1058 3404 2966 621 2630 2710 2064 3853 1514 4408 4179 4876 648 3218 2947 1787 3215 1618 2418 3597 4606 4700 771 4629 
3781 1237 4672 2738 4888 3189 3235 2688 1346 2833 4381 2196 4488 1295 656 44 248 4803 624 764 4095 3321 157 1645 722 874 2646 3333 694 
4737 4536 2948 1832 4942 115 2765 3690 760 1642 3971 3603 4987 4598 2926 4119 3807 1775 3136 4139 2516 2330 1405 2419 2803 3382 3760 4174 4789 2187 
1828 3845 4752 3149 3717 1381 4738 897 372 2185 1128 1447 3614 1367 3551 379 4255 3834 2717 3514 3920 1462 2975 3688 4072 3548 1734 3458 1120 
1294 3399 1999 2737 1171 2938 939 2482 1835 4316 4570 4557 4358 3693 4259 2140 2489 279 1448 1720 2032 3753 129 3250 3487 1729 649 679 1165 4028 4649 927 
4418 4654 4199 1081 2173 278 2924 669 1218 1663 3846 2598 2720 1093 3712 2065 3649 4188 4938 2386 2118 4133 4808 4522 4146 2480 1372 316 4110 2855 
2443 2413 2996 1284 1759 1887 519 2401 1930 967 3468 1383 3897 242 3892 475 2798 635 
4485 784 1091 4296 4977 1891 4805 172 3606 1305 2315 4516 3475 4980 2515 1115 2359 4744 3346 1638 118 2039 4538 1922 3400 3534 476 4643 1805 1064 
4670 4765 3800 362 1139 4593 2891 792 1446 2759 1173 4397 285 2175 3857 258 2915 4383 2349 347 2018 3100 3130 1958 4519 
1988 4021 4923 4652 445 3237 1420 3075 4544 255 1802 4238 531 1836 1858 4837 173 2269 4118 1357 2806 3363 4590 4602 1412 4766 3205 
1678 4044 3168 3066 2964 3173 2521 1684 449 4703 3048 4284 1054 73 1647 4454 3156 3464 1838 3337 1554 2678 701 164 2741 2197 3383 4920 442 920 42 3268 2244 2210 3057 
4622 3952 1151 4205 4228 273 4910 1509 34 743 315 1285 2595 267 320 2590 1956 4412 91 1303 1439 999 4973 800 3287 6 
2986 1022 4601 2478 2730 3605 2176 1758 847 2820 1872 1449 2446 1612 4997 690 2593 2476 2631 4062 3360 1366 4436 4371 4830 3358 1598 3152 1625 3054 3143 1423 
3582 3480 4884 3529 1857 225 4144 811 3824 3377 2321 561 71 2327 1493 3655 975 226 4793 257 2565 3497 1971 552 3664 1229 695 4908 4945 1382 
980 2933 31 2935 3304 661 3144 2554 651 1331 4943 4667 3950 4281 2090 2483 1269 898 603 1719 2425 948 3668 2561 3572 4832 1654 3285 2178 4066 4958 
783 4708 2810 431 2527 1807 1035 1586 3408 1582 1122 2696 1994 3625 3686 1342 1923 4552 3021 932 3631 2357 1797 1203 3916 4210 3299 1953 4290 2536 1515 4675 1552 
4775 2402 3752 3227 3059 2463 730 395 2182 571 2774 3905 524 399 2963 1841 3470 3292 707 481 125 3209 269 510 3635 879 
1520 2962 4990 3118 4496 1040 4013 4740 4263 2135 4247 3762 2904 212 4106 4391 1985 1701 398 1873 2772 4753 2543 
2602 1204 2136 3002 2343 3314 3981 4732 89 3269 3061 2473 4912 826 652 1615 4508 1597 1790 3323 4143 1557 865 468 4865 4961 655 950 2837 4689 2458 590 
411 1764 1344 2356 3945 555 4215 396 309 2768 2812 2550 4718 3446 4962 3618 4709 4278 3581 923 3560 
2906 2071 3396 2932 639 3206 240 2872 1560 2988 4561 3102 1452 2500 2625 2553 1649 3365 2411 1853 3183 3968 4618 
3568 1296 2817 2851 628 235 900 2581 842 1792 4052 1785 1024 2541 2620 402 85 1415 2238 696 3394 3626 2877 4693 3208 1537 3541 4244 1197 954 4142 2428 4384 4893 699 3229 589 418 4065 2242 349 3297 
430 92 3594 1728 1430 1632 270 1983 3258 2793 4145 1470 2449 1957 3677 2592 3851 1146 4203 3927 2352 970 3701 886 3381 850 3915 4439 4556 2505 2734 
4167 2792 4282 1929 3783 2406 2266 660 1333 193 272 2267 2977 3710 2161 2791 54 4979 3113 4471 4357 3972 469 2719 2721 2945 323 515 1810 4102 3101 
3864 1254 433 2069 3898 2903 673 2436 1735 3558 2503 1696 4331 392 838 575 1000 4466 4276 3079 2729 625 976 2453 2577 2303 1890 4764 3896 
2412 246 2292 2797 936 2661 3085 3808 4589 4563 2051 2826 1655 2170 4047 1730 
3590 4641 1622 2594 1016 4659 4836 4761 3955 4896 3161 1839 4054 4338 4343 2879 3421 3500 2850 4813 2532 1530 2434 4809 1404 1041 796 2604 3329 3357 
4720 215 4743 1124 1914 2298 4403 3501 3969 1327 3170 3642 3719 502 1653 3670 1479 2164 1699 2892 2432 3034 2398 1429 4595 4866 2471 1868 373 2114 4901 3049 3520 
168 2702 3822 4206 3844 549 2864 1652 3884 4158 2034 1605 1541 3233 916 228 1144 3281 1005 608 763 1021 2711 78 208 4030 1888 
461 264 2691 4267 2301 2508 3178 4348 4714 493 261 3107 450 2690 1771 591 3138 2186 3616 1244 959 3095 1501 1600 2479 2336 
4661 4374 4330 4612 4550 4778 
1686 67 3925 1631 2967 155 2163 3492 1816 3951 1102 4698 4079 383 4929 2509 2141 4509 1635 4735 4645 2677 156 892 3295 2804 3814 2852 2106 2102 124 1492 2908 4815 
233 3344 4474 3112 4025 3097 835 2587 4780 1945 2339 4336 61 4503 2399 527 4954 1086 1020 533 4904 2216 4702 4609 3563 969 560 1025 1884 1174 1879 
3247 4053 3214 2155 1674 2150 2723 1036 3259 2994 1593 1910 1942 22 1466 121 2165 3796 4886 4424 4328 3612 3936 3406 1709 1502 2755 
4925 4796 4314 4534 4898 4690 
3552 4757 2013 845 963 1083 1946 263 1001 1939 3366 1341 1954 324 4076 1763 1107 1789 3180 2036 4405 99 960 
280 1 2971 4614 1099 2250 2573 3146 3919 4869 4159 1397 3302 409 4510 1170 2194 1309 2816 770 4220 4800 3707 4122 2722 759 3776 4401 3410 3793 4085 
4014 197 4064 1651 3592 4565 3204 3977 1458 4914 4063 3756 2574 4464 3724 322 4615 4303 4507 2934 3663 
4841 3505 2153 4759 222 2370 4463 2504 825 1878 4846 664 4917 1932 2713 1356 2965 4367 586 2502 2369 919 
1196 4419 3512 1991 1156 180 2492 3517 1779 4883 2952 3826 286 293 3375 1270 3839 4871 4435 3401 106 2167 1580 4395 1336 3191 2974 1379 4999 2795 3328 3748 3249 2667 4662 1558 2972 1960 
446 287 2105 2923 3993 3547 1276 4378 642 4204 4721 3133 4640 2664 3511 1559 1819 781 4658 355 2501 
404 2754 1274 1694 1723 640 194 483 2157 1556 2490 2293 1926 4377 2333 2665 4363 1518 2708 4802 3483 2215 2223 3080 981 
812 3928 797 1243 3555 311 1665 755 3407 4823 4554 494 2063 4600 2193 3510 3730 2085 3195 2920 4176 3374 3528 4061 1565 3615 2866 1748 2335 1216 2969 1133 4631 1072 
3479 1290 832 2017 851 250 3939 1337 3855 548 3598 2087 1773 
1917 2683 158 2231 2928 4020 2280 3312 4260 4320 777 1480 3253 4490 1242 2445 1358 4511 3072 4155 
2997 3607 1826 1251 863 896 3727 4699 1602 2405 3908 1390 1641 3792 2253 876 342 
3561 3417 3060 1794 187 4673 2273 4049 4310 4949 4924 3278 721 
650 4540 4043 1065 32 646 1628 1476 143 3065 1970 1951 926 1909 3124 4291 1707 3089 28 3330 1071 4968 2324 1526 4619 
3882 4665 4952 4285 4975 4707 
3885 4674 2454 2753 554 2103 1042 1012 3986 74 2089 3659 3212 1676 4899 4701 3390 1261 294 2240 780 
4081 4682 3359 2383 3791 3980 1478 3319 4393 1017 3296 1256 3912 1774 3530 1900 4604 1969 1283 
862 4493 2740 114 3524 4313 767 834 3347 2076 4697 3388 4530 4275 4887 1523 1564 110 2031 4015 207 1532 153 968 4339 3872 3037 1046 1519 1454 
2247 4985 4180 3176 3435 4265 3128 4209 1247 4415 3758 752 1348 436 3092 4168 4605 3150 3654 880 3818 512 540 491 4390 3643 582 2441 2268 3311 4498 3047 3629 2914 29 10 3231 2209 1190 4816 2968 
2208 2662 159 1511 3879 101 899 3190 3532 4003 2438 2466 3723 148 1338 2191 2555 4911 955 4913 3096 1347 4948 1453 4772 
1776 1880 634 2697 2331 2857 2724 795 1187 4499 1533 4725 3544 4812 3378 457 4797 2081 
1134 3579 2201 3660 1494 4431 2023 4101 415 1499 1937 2535 2348 2680 2179 3602 3460 2056 3318 944 1026 1496 4491 2639 3099 2692 2160 4941 
901 3294 2913 4261 1630 16 4597 4221 539 617 925 3961 1843 4433 3451 4843 3937 4229 4562 2576 2905 4669 4127 4955 3398 
3438 3691 1698 4350 4341 1297 3849 2371 4730 2278 2481 2656 3645 2467 3782 3058 2764 3147 894 435 420 626 2909 517 1573 1852 4345 736 4986 65 2258 3455 1313 4723 1724 1418 2397 2551 3162 3355 
3735 2422 945 4005 4627 4170 2342 2246 733 1104 4535 1043 4138 439 466 631 1354 2227 1562 4528 
4560 2960 4409 1506 728 536 15 4107 4482 3 3949 4553 1157 3273 4311 176 1590 3373 1137 3506 2138 1768 2790 2420 3336 2134 403 4279 4974 4681 4788 2990 4480 
2129 989 4407 3238 2001 3973 4577 3564 3998 3751 1576 878 1364 3179 4449 2396 4927 4078 
3542 1376 550 3630 1332 1142 2040 3877 120 2603 3932 4434 3525 1095 4494 1312 3148 
4067 3291 1323 1610 2108 4178 4295 429 2674 913 1271 1897 563 3703 996 3984 1715 573 2834 2898 3650 1997 2363 2669 739 
4286 3091 4346 3069 3914 2101 681 804 2061 3126 2978 1544 1656 712 2825 2274 3687 281 3785 1129 3207 3757 3601 2889 
2783 1215 336 1444 2199 1488 893 3740 344 1673 1363 2200 1032 1308 58 3248 965 4226 4820 2886 1403 2882 4834 
4186 3902 2290 3930 822 556 2376 2621 229 3153 566 2619 4716 848 657 4882 4678 4731 4458 2771 982 3729 2767 1912 
4981 203 734 4608 298 303 332 4268 2991 2464 2995 3817 4799 4787 3983 4592 57 4950 4520 2092 2782 1801 3805 3583 1160 4995 3116 3140 4136 4992 4114 4947 4845 2230 3307 4006 
3242 1132 284 3317 3704 2169 4863 488 4185 4068 4849 302 1166 2450 3806 3303 371 1205 4461 2394 2143 1431 2842 2563 479 2613 3779 2605 859 2944 3836 
4024 1385 152 4733 754 3193 3350 80 1522 891 17 3186 3847 1977 4976 3199 2041 3940 4798 3384 3966 836 2072 677 3944 1920 654 3379 4468 4077 1182 735 3364 352 2195 3486 2844 
2601 4541 4347 3052 509 4770 514 1976 2294 1737 2537 1975 1080 3608 1389 1469 3754 210 1214 3576 3803 4465 1894 2235 3386 2243 824 50 2181 312 1066 
1248 1232 3340 3907 987 1682 14 2221 2029 611 2901 3222 2582 182 1457 1195 4653 2062 2499 3918 1744 1818 1424 3823 181 337 2075 4007 789 4930 2689 613 66 3157 
4935 2589 1811 195 4512 1387 1907 942 2317 4153 3954 1425 868 1250 4539 3109 3387 2849 205 612 2494 1640 4965 805 
4029 1924 1831 4900 2289 4801 4867 346 141 4749 3023 676 1345 2120 1434 2469 4134 675 1301 2890 1803 1827 3557 2542 1044 2876 422 3251 4786 4889 
2011 620 2699 4131 1084 1786 424 1637 4806 3423 2282 2461 
2839 4821 2395 3831 3035 4969 2652 1856 464 3573 1380 4785 2404 1360 1905 460 1986 844 4042 1504 2528 3494 4706 4305 1601 1259 2145 2525 4289 530 1680 3216 204 521 2377 1162 4931 1286 4213 3252 2653 
1350 4236 2391 2580 1687 4087 4233 1226 2104 2642 1177 3728 2283 1422 2372 133 4375 1249 2050 1497 
3274 710 1710 2815 234 1202 4739 307 109 1721 718 2796 1316 600 3081 2048 1392 277 1451 3308 1740 387 
1246 4157 1240 3305 3185 2811 1130 2773 1079 4497 4317 2020 3708 473 1964 3139 726 3886 3888 410 3226 3084 1227 2460 1328 2758 4388 3327 2895 1427 3151 3255 3689 
3488 1995 4410 2875 1169 4782 616 3473 174 3790 2010 314 3197 4413 3721 4189 4254 3392 363 4573 2475 
4807 4376 4126 4327 4663 4625 
2212 2241 3967 361 4355 3718 3894 4833 4056 1883 3070 3036 3141 4334 877 2151 2617 1351 3353 414 425 4831 2611 3169 3698 1950 4742 
2309 1409 2110 102 4922 1861 1090 3078 2082 3111 4926 1725 3801 3638 977 474 638 946 1103 265 4543 1702 2929 
4515 2818 4270 4428 3121 1500 3600 3331 2520 2264 4288 4971 401 839 4190 1553 1443 3010 4402 2831 59 1369 3672 2531 522 1221 51 4633 3595 4679 869 4429 4035 4972 4406 1634 2556 3452 1023 1865 
4427 4237 4272 163 2993 2346 545 958 966 3439 2570 4099 2310 2 3674 3804 4262 3651 4069 1747 3351 149 1978 2813 2512 1477 1683 964 4616 2033 
2700 1767 1068 3828 2900 291 175 3652 3129 2028 1904 629 1915 558 1525 353 9 2393 
4694 3987 1875 2822 914 4864 4164 4727 4486 
4023 3491 1815 4481 4440 1830 3469 3043 4191 1198 3014 2821 4441 3876 3424 3765 2340 1199 
4937 3261 4558 866 4152 511 507 3769 4308 506 419 4319 388 3861 2385 2780 3221 1851 2786 1862 725 2379 4668 1211 3628 1781 1164 198 4715 317 3982 
465 4121 2345 2361 2950 299 2154 2981 1167 127 884 1940 1485 75 2936 4074 1901 3076 1859 4292 76 4576 4907 4195 2584 2312 4729 
4443 213 4531 4398 758 4657 4473 3867 3284 4417 4457 1575 4476 3478 416 
1007 4711 4299 2538 4128 249 2919 820 206 1840 961 4525 1671 112 2296 1722 4426 574 1795 3964 1713 2953 4421 4198 77 534 3681 4906 3978 3953 2251 4794 1037 4599 160 1629 2832 787 4746 236 4857 
3881 200 2612 979 230 289 2286 97 1266 2374 2970 3280 1996 1400 1105 2703 1955 2074 1212 2079 769 
4532 4691 2961 4504 
1231 4038 2657 2760 2257 1180 4001 3947 3537 2000 4852 2166 1733 984 1406 1769 490 1011 2205 
1078 1972 3240 2681 3442 1223 1849 1417 4098 551 833 3627 3415 3275 4389 3772 4827 2540 2614 2430 364 343 18 858 2213 3827 2392 633 1505 1705 3856 145 1481 3935 4872 4040 108 455 4051 
4294 4032 2252 2038 4004 4253 2756 4514 1619 3709 2846 2156 2053 3063 2417 4423 4103 
1334 3788 3397 1551 872 2147 132 3083 583 3999 4607 290 3436 1233 3137 2868 4695 2571 1455 
1928 3903 1627 1298 2715 3341 1399 2599 3443 
4301 4946 4856 4773 4824 4963 
1235 2262 1487 2622 2304 3787 2059 35 4249 2111 2390 557 3201 3755 2698 1952 
952 2788 883 2203 2559 3313 2510 4874 1475 4492 1898 949 3835 729 3692 1314 1402 1982 2878 4578 4477 992 456 1959 4365 4529 1844 1834 111 4555 807 1908 1116 389 3016 1352 4828 
1753 2779 496 1445 818 931 567 3376 1311 1209 678 3402 2606 4257 1273 753 740 1529 232 1935 2198 3640 122 3194 1028 2744 
4580 1583 4647 2638 666 4568 4425 3609 19 2608 2558 3243 691 2823 3198 3617 2896 3764 3496 2440 253 
4495 1062 2784 1059 3569 2326 2762 2854 3405 2871 4603 2236 1191 4581 3114 4683 3011 1193 636 1882 4655 
3391 2168 2202 201 1340 20 2600 1257 2763 2907 313 2099 2218 1796 2080 454 3271 2177 116 3661 462 3167 2015 3444 943 
2344 4620 426 4518 251 1691 4196 2949 1426 
4848 1277 937 223 4234 196 3623 4741 2801 4575 911 4197 1106 3493 1620 4918 2874 191 2655 1927 1280 1624 2887 2127 2676 4769 
1368 3522 4964 731 3553 4526 951 1675 1288 2873 2234 3679 432 4613 4545 2695 1949 2632 4084 828 1571 4902 2712 2507 2426 3301 4756 345 165 1019 3184 2693 1508 
306 3913 3203 3533 912 2659 3418 2008 3320 2299 1869 1777 1100 1094 1355 576 4755 2322 177 2415 4875 1889 4909 183 3868 413 1343 4637 1210 4719 1980 4513 
2726 3996 2380 3282 1646 2131 2629 4728 2427 2468 3370 4422 1587 4208 4019 3619 4549 1585 2084 4569 4430 4111 
1179 4216 1324 2670 1141 2306 4322 4712 907 2858 2687 864 1809 2749 1138 3175 1495 1329 2152 1570 4854 672 1089 553 1679 
2497 4692 1608 3456 2633 632 1302 3705 4230 2016 3356 2704 4572 3200 2941 516 1069 2627 37 3591 
1050 3683 4438 1548 3177 3067 2910 134 171 4445 3810 3466 3044 2893 3859 421 2739 2332 1911 1961 2122 667 
4537 2686 381 2291 4905 4184 2899 809 351 3699 1545 4337 562 4804 4086 3870 4983 1110 1464 3706 846 24 4860 2338 568 4113 956 1299 2716 2539 4046 
2778 4242 4 686 2249 2643 3770 4250 2117 1589 4287 614 1408 2911 1029 1049 4767 2757 3403 3816 1998 1677 2318 4129 816 4150 
4356 4895 4182 4092 4705 
2042 541 1188 3134 4748 3716 3019 2158 4734 2366 3662 310 2827 2808 3970 1255 4469 1778 3119 1304 2649 1846 1258 1657 
2946 1498 802 2544 41 2125 3241 3695 2295 1549 3345 2113 719 369 4082 4194 
1384 3013 1388 4588 1672 3696 715 
2329 682 4998 684 1143 2484 3352 4057 2585 2232 1125 1361 1736 3245 2149 3811 1933 2546 4666 814 3599 3938 1761 23 
609 3489 3676 997 856 3904 2673 72 1987 1563 2557 1155 4437 
79 3490 3125 860 1282 2451 87 3159 4258 2027 1287 3556 1757 2225 4329 782 2302 4059 2207 1989 1393 4587 1056 4147 4855 3667 2096 407 4517 
861 1292 1108 2885 1398 1158 408 3562 1609 348 2462 3447 716 1047 
4533 4489 486 3172 3546 3188 3653 3883 1014 668 1739 4624 3433 2030 630 2922 406 1829 993 2530 3192 1293 
4326 2217 4273 4400 4838 
218 256 4591 3055 873 93 1885 3797 3450 882 220 4566 2068 2472 870 3467 1607 1321 4936 2368 922 1239 
39 4763 329 3976 761 2654 1967 1213 3702 2883 623 2628 470 4939 1860 1067 4862 4241 4795 3588 933 4835 1136 4446 3432 274 592 1433 2358 4475 766 1374 1902 243 3860 3665 
1731 444 2925 4055 2650 665 1743 471 2562 4696 2733 3132 1074 990 2533 2457 2354 63 21 4483 2586 1178 3854 2239 
1572 2006 831 1468 1168 643 382 3263 3098 1220 276 645 
756 2635 1349 564 1772 3196 1219 580 36 1732 1264 4219 1798 1472 1111 3926 774 3866 
837 706 441 3515 1670 385 4651 4501 484 437 4704 3277 370 4523 4885 3739 3639 3182 2162 482 4166 841 1419 1085 
1326 4201 1658 4080 2323 2429 1460 3858 1192 910 4323 
4467 3848 271 895 244 3543 11 2100 518 427 2307 3570 1847 1396 3673 1186 1825 2917 
1594 3293 3270 56 4745 544 4567 2256 146 4181 1010 4847 607 526 4240 2927 1200 2444 3236 2881 443 821 
4172 452 1055 4814 2781 3334 3315 3841 4892 4366 199 1755 2998 4351 1437 588 1918 4018 3024 881 350 3745 4235 4687 3104 4137 2360 
4826 4642 889 4309 4722 4991 4579 
986 1770 2770 3267 4173 1751 505 2433 2954 3042 4163 581 908 43 3509 107 3974 2115 4853 594 2174 1993 
4302 4088 1944 2742 2645 3923 2224 300 237 3917 4921 885 4988 376 3523 2572 528 2447 4227 1033 331 3325 2313 3254 1176 1510 188 367 3135 1813 776 2005 377 1087 
4298 3666 3472 1981 4306 3122 3714 
4989 4283 4879 4387 4919 4940 
3413 2888 1788 2448 3393 4217 972 3720 3279 827 2047 
2637 1588 384 434 2789 147 2437 3979 3225 1845 1096 1153 3646 
2347 2894 3929 3821 1440 1664 520 2055 1252 2325 3306 3880 3873 209 3165 4175 4008 2916 227 2526 
1224 3362 1871 1208 2529 1712 2568 2634 2470 941 1718 252 746 2569 4634 3105 2248 
1531 4506 3890 1765 3262 3476 3767 934 2523 3431 2097 4218 578 3862 3732 653 606 3833 4868 1441 3675 268 2159 3549 4551 2843 2222 4717 2228 4048 585 3000 
4451 2025 472 3332 3820 2308 447 3931 4280 2718 532 4325 3108 1650 423 2591 192 1489 4177 3596 1561 924 4527 4459 3017 4825 1569 2624 100 915 
1685 4169 3422 2493 3671 3613 113 2285 2682 1577 3465 2133 3502 3852 341 142 3224 2836 283 70 3266 360 
4762 2190 1916 2828 1596 2937 4041 708 2046 4771 4165 3380 3322 2456 3813 4677 3819 3682 480 1118 
504 823 1555 4239 366 659 4456 3899 1450 3369 4547 3484 1149 4442 4392 2641 221 1762 2387 2807 151 86 
1626 1513 1300 214 2486 412 904 4710 788 119 3786 1750 3264 4187 3566 3559 700 1267 1386 2004 3300 4017 2146 3090 
1365 338 4090 3669 438 2769 3006 3003 1893 4839 3077 3256 354 1206 4058 499 4192 1633 2856 2052 2130 2853 3610 
4264 3029 2035 1436 3840 318 1799 117 3725 2044 4399 2098 4656 1030 3163 2751 
3257 3367 1527 3773 4414 2979 4859 4386 27 1278 1965 4416 374 4070 2578 1260 1512 663 2921 3593 
4156 2824 3504 3202 2026 295 1603 1726 786 4083 179 2912 4505 2930 1546 
2982 508 1371 1660 459 3471 2337 1112 2897 4108 3454 2284 1172 
2802 4524 793 3838 3120 1711 3412 266 2865 595 702 1913 498 1822 184 3684 4779 1643 
2766 219 138 2727 3416 871 3777 587 98 2776 803 3181 1272 492 3584 2976 1963 3946 
4784 3339 801 2054 4224 2491 1113 978 3658 1238 4360 1584 3368 4036 1850 1053 738 1473 
4944 4335 4774 4953 4460 
4447 4583 4546 4487 3620 
3843 12 3481 2116 3519 2021 3474 3286 4033 3283 1222 985 1782 1727 1004 3637 1438 1863 
3874 4171 1119 3992 1992 3040 683 4462 565 3802 2701 1484 1225 3110 4878 3419 1101 81 3228 1185 604 239 
2272 3909 2777 1681 991 2518 2785 1428 
569 1962 525 453 1706 4243 3324 2452 2488 3941 52 1435 2474 1919 
2660 1667 301 1265 126 1644 2984 2902 3220 765 4332 1864 
772 1812 2747 988 601 1009 732 296 
334 1181 711 693 1123 186 3239 1322 335 2596 
