2550 4215
1508 3301
3077 4839
916 4924
1096 4625
2641 4392
1508 4613
316 4938
499 4839
504 4239
2391 4233
2203 4578
3581 4709
466 4535
672 4854
1153 4376
729 4555
2637 4663
147 4625
967 2413
3681 4421
461 3548
1089 2858
2422 3735
427 4555
4138 4528
949 4828
1447 4295
2768 2812
1887 3468
4451 4527
1329 4522
659 4239
2712 4526
4198 4599
61 4058
2864 3884
2924 4808
4654 4938
924 926
404 4802
4146 4654
2637 4807
2215 4363
3717 4072
3561 3822
721 3561
951 2065
4138 4170
384 4807
1569 4527
2953 4746
2718 4220
461 4188
100 3820
1882 4581
1081 4418
1894 3884
2855 4808
3728 4236
4418 4902
1149 4456
3953 3964
2695 2873
2878 4874
3017 3108
1844 2788
2924 4156
2769 3077
2855 4654
3003 4090
2855 3712
3596 4527
3560 4215
168 4673
2296 4198
907 2306
4170 4627
228 4206
1019 4902
1150 4392
1193 4683
1284 3468
1764 4278
1462 3548
1138 1141
828 3679
2871 4581
3114 4581
2306 4712
4808 4938
4005 4627
961 4421
1828 4236
1898 3835
4295 4709
3649 4188
1633 4839
2769 3610
3360 4545
1694 2223
1734 4072
411 4718
2538 4746
2356 3581
4581 4655
3953 4857
1284 1887
2858 4712
3953 4426
3225 4327
133 1422
1759 2413
2873 4084
278 4938
2975 4255
466 4138
2437 4327
864 1809
2924 4146
2789 4663
1120 2717
3175 4808
2800 4522
992 4492
2702 4949
2807 3899
2871 4603
3884 4924
3256 4220
4327 4625
3953 4525
4529 4874
4090 4839
411 3945
4663 4807
3184 4902
1274 2293
1043 4627
3692 3835
456 3692
2104 3728
1081 3846
2807 4456
2687 4216
2550 4962
4005 4138
2832 4746
4110 4522
945 4170
3405 4655
2712 4613
519 1383
967 3897
2749 4854
3845 4090
1367 3834
3313 3692
1650 4459
1762 4442
3979 4327
721 4924
2386 4418
3953 4906
4477 4874
640 3077
1894 4310
2873 3522
2422 4170
4239 4442
787 2953
1447 3834
2693 4902
967 1383
1794 2538
1367 1447
1043 4528
823 4392
2864 4310
3596 4451
3717 3845
2550 4278
3899 4239
4192 4807
2624 3820
2293 4363
4581 4603
1138 4854
2693 3679
1762 3484
3337 3835
1144 4924
165 4902
1571 4545
2919 4711
4198 4794
3175 4216
3820 4825
4418 4522
2550 3560
1959 4555
1562 4627
3744 4578
2510 4874
2065 2598
2065 4938
3405 4495
4192 4376
4555 4828
208 3278
2718 3332
916 3278
2052 4839
2223 2708
2720 4110
2975 3717
2824 4156
3375 4627
2832 4711
924 4280
475 3892
555 4962
2308 4527
2372 4236
3618 4718
2386 4938
3712 4188
1882 4206
1365 4090
3735 4138
1021 3233
1588 4807
3681 3964
721 4030
3446 3945
1605 4673
295 2824
1722 4857
820 4599
787 3964
952 4828
3184 3522
2975 3834
2591 3596
1652 4924
2871 4655
2326 2854
631 4627
3006 3669
3332 3931
2538 4794
432 4526
3504 4083
3810 4083
3822 3844
1652 4673
4138 4627
2788 4492
3953 4794
961 4128
1495 4216
3332 4459
1447 2185
4522 4808
4418 4808
949 4874
2711 4673
2598 4199
1402 1844
1282 4233
2824 3810
1518 1926
3581 4278
1177 1249
194 4377
1541 2807
1365 4442
1489 4280
2333 4451
4280 4459
2025 4527
1144 3844
2642 3728
2769 3669
3692 4555
2025 4325
2848 3810
2864 4049
345 3679
2711 4924
4126 4663
3553 4902
1541 4949
3484 3899
1104 4627
2975 3548
1629 4711
3846 4808
2789 3979
555 3560
384 4625
4295 4625
640 4802
77 4535
2065 2812
192 4825
372 4738
1093 3846
2924 4199
4170 4528
1562 4005
1926 4802
1128 3834
2642 4236
916 4949
1949 2293
1367 4738
2480 4418
1794 3822
2203 4828
3149 3551
4363 4377
4526 4712
3149 4738
4746 4906
1726 3202
2372 3728
3108 3820
3016 4828
1226 4375
2306 3077
1663 4199
2687 3175
1556 4802
4555 4578
366 4442
3844 4949
278 3649
3149 4255
2283 4236
4392 4442
2812 3446
1497 4236
1687 3375
2356 3560
2798 3892
372 4752
3945 4962
3548 4738
3114 4603
2858 4854
3006 4839
2856 3610
4525 4746
4110 4188
3017 4527
3504 3561
3820 4325
2665 4363
4206 4949
1350 4236
2342 4005
354 3006
3233 3822
1926 2293
1926 4377
2306 4854
2919 2953
3337 4709
1381 4738
2717 4752
952 1352
100 3596
1834 2559
4456 4547
631 4528
2538 4525
2580 4673
4655 4683
828 4526
2065 4654
1888 4924
2251 4426
4146 4418
3931 4527
2130 3313
3614 3845
504 4456
2665 3483
3468 3892
3920 4752
1926 4363
1128 4255
4206 4673
1959 4874
3835 4828
2510 4555
1149 2641
981 2708
1795 4599
2598 4188
432 3553
1144 4206
3514 3614
1571 4902
4255 4738
2185 3845
1354 2591
316 4522
2702 3844
4603 4655
981 4802
3278 3822
4495 4655
1734 3717
3569 4655
2185 3514
820 4794
3614 3669
807 4492
3560 4278
168 4949
2580 4233
1603 4083
2695 3184
608 3561
2711 3884
3834 3920
3175 4712
1556 3483
411 3581
3822 4310
3417 4030
553 4854
1687 4087
3835 4492
3945 4278
423 4325
3581 4215
2642 4375
372 4962
2130 3077
2185 4072
1828 3458
3225 4663
2251 4906
3301 4613
3964 4299
1570 4712
456 4828
3175 4854
1128 4752
3011 4603
372 3920
1650 4451
1314 4492
206 4426
4005 4170
923 4718
3332 4527
475 3897
1834 4492
3712 4938
2832 4857
945 4528
2641 4456
907 1809
534 4599
3610 4090
1828 3845
4581 4683
669 4874
1495 1679
1226 4087
179 2026
1605 4924
532 4280
2720 4199
3920 4255
4299 4421
2708 4802
2768 3618
4545 4655
3681 4711
1274 2215
2858 4322
1555 4442
1462 4752
2768 4278
4295 4663
1381 4072
2670 4854
2251 4746
1764 3945
2413 2798
2065 3712
2510 4882
2641 4442
2333 4177
2632 4526
3717 4255
1462 3920
4477 4578
4325 4451
179 2824
2788 4874
1495 2687
1149 4392
961 4794
3553 4526
4128 4421
2924 3646
951 1019
2034 4673
2853 3077
1898 4874
3953 4299
242 519
820 4906
1284 2413
967 2443
1059 1191
1694 4377
2026 3202
1555 4456
1284 1959
2372 4711
1652 4310
3669 4192
4712 4854
2326 4655
2422 4627
1177 2580
1633 3006
192 3931
206 4746
1555 3369
1650 4825
574 820
2236 3114
4526 4545
3931 4177
2919 4746
3979 4807
3845 3920
4599 4746
2490 4363
924 4825
1059 4603
4192 4278
221 3484
1541 2864
733 4627
924 1629
3278 3844
1844 4555
86 4392
1120 4255
2930 3551
236 4426
92 4295
2693 4545
2480 2855
483 4802
787 4529
3596 3820
4146 4199
1844 3016
2996 3897
404 2293
915 1489
3835 4874
2853 4090
3088 4442
952 992
2426 4902
2246 4528
4084 4526
3614 3834
151 4392
2422 4005
4133 4654
2308 3820
669 1081
1179 4322
2510 4578
1571 2873
2598 4808
2050 2580
4418 4938
2387 4239
3581 3618
4138 4535
3175 4322
3553 4084
3712 4854
228 3561
2480 4522
3256 4839
3953 4198
1019 4239
4233 4375
4545 4613
4198 4857
1588 4376
3735 4535
4192 4625
4216 4322
2864 4206
3313 3835
2246 4627
2185 3149
787 3017
2789 4625
3458 3614
4363 4924
1828 2254
4299 4794
4310 4949
4599 4857
4828 4882
221 1021
1663 2386
1354 4528
1518 4377
823 4456
2157 2490
2326 4581
2878 4477
1588 4327
2173 4110
396 3560
3835 4477
168 2273
499 2769
883 3835
3834 4738
1726 4156
2443 2798
2223 2665
295 4156
208 4206
2591 4451
4535 4627
4555 4839
2695 4545
3011 4683
3256 4090
4442 4802
3332 4825
952 4492
1383 3892
3822 4924
4199 4654
396 1844
2718 4527
3313 4828
4426 4711
1605 4049
2050 4087
1605 4949
2203 4555
3979 4625
2152 4854
2812 3945
1556 4363
2130 4090
4049 4949
4522 4654
534 4198
2762 4581
3006 4090
1249 4087
4327 4376
4547 4555
4072 4752
2953 4794
1475 4578
2480 4133
221 3369
1930 3565
659 1762
1679 4712
1019 2507
4794 4906
3899 4392
1605 3233
3514 4752
309 4718
3233 4310
3953 4711
3108 4325
2387 2641
807 4874
2854 3405
4005 4535
1629 4794
1888 4310
2215 4655
147 4807
1828 4752
4278 4718
4477 4555
992 4477
1898 4828
2720 4188
1556 4377
4083 4156
4376 4625
3646 3979
669 4418
1633 3669
4005 4528
1495 4854
2246 4170
4146 4188
4492 4874
1734 3834
2130 3006
532 4825
2437 4625
438 499
2762 4495
2507 3553
1726 3717
1081 3522
1915 4578
945 4627
2215 2223
3003 3669
4090 4375
1314 1352
439 4535
2687 4854
1062 4603
915 4459
1179 4854
1329 4712
3822 4030
2157 4377
1795 4906
2598 4938
1570 4854
3514 3774
2812 4718
1915 3016
2632 4902
2227 4170
3569 4603
3681 4746
2356 4718
2296 4711
2717 2975
1898 3692
2104 4087
1605 4030
3979 4126
2919 4857
3846 4418
2104 4375
1562 4138
4216 4854
2812 4709
3548 3845
1570 2438
2318 4752
3845 4752
733 4170
1324 4216
1096 4327
945 4535
379 4738
1450 3484
2342 4627
4038 4839
631 4138
187 3417
1354 4627
1561 4825
1489 2591
787 4857
3468 4555
3931 4325
4038 4525
2157 4363
1193 4603
3301 3679
3278 4030
1588 4625
4327 4663
4522 4938
2052 3077
1887 2798
2858 4525
1959 3016
952 4874
1687 4375
2490 4802
3945 4215
3931 4459
2975 3458
3953 4599
3225 3646
3458 3551
2387 4442
4280 4527
2342 4535
1671 4906
379 3717
807 4828
1021 3278
2104 2391
1365 4839
4310 4924
3149 3845
1153 4807
2878 3774
384 4663
3820 4451
2848 4854
3184 4613
77 4711
1274 3281
1284 1759
1062 4495
2641 4239
3369 3899
669 2386
574 4128
3846 4938
1226 4236
2052 3003
434 4327
165 2873
1764 4215
438 4839
1734 3514
3011 3569
864 1570
951 3184
4325 4459
729 883
228 4049
1888 2034
4738 4938
504 4547
4177 4825
3979 4376
883 4874
4126 4327
4599 4711
2387 4456
4477 4828
3569 4902
4133 4522
1153 4663
555 4278
242 4199
2372 2391
187 4030
1795 4794
992 4828
3202 4083
1089 4712
1894 4322
4199 4938
2333 4377
1845 4807
3646 4376
1284 2443
187 1888
3003 4058
4215 4709
1569 3332
1671 4426
4236 4375
1422 2391
4299 4711
3892 3897
4377 4613
2789 4807
4477 4492
2104 4236
1687 4236
2308 2591
1546 4083
2695 2712
2203 4874
3417 4206
4170 4535
388 2356
3225 3979
3114 3569
1845 4663
2251 3681
2930 4083
379 3614
555 4718
1949 4526
4236 4906
2238 3899
1834 4555
532 4451
2422 4528
2632 3679
3313 4578
553 4216
2413 3892
2438 2953
2924 4654
2052 2824
1249 3728
2768 3581
1561 3596
366 4239
2754 4377
1570 4322
1882 4807
4495 4581
295 3202
4363 4802
2784 4683
1288 4902
1422 4087
1019 4545
2637 4216
608 3417
3551 3920
1218 4522
100 4825
2854 4603
1191 4683
1562 4528
2641 3899
4198 4421
2953 4525
1679 4216
1365 3669
945 4138
3369 4392
3596 4825
1908 4555
2296 4525
4239 4627
1508 4084
3446 4962
112 4906
1218 4146
3108 4527
499 3003
366 3899
1206 4090
466 4627
2762 4603
3835 4578
2591 4459
1352 4578
3484 4392
961 3016
2152 4712
3844 3884
2720 4938
4126 4625
2034 4949
2273 4030
923 2356
4110 4133
3369 4233
1541 3060
3744 4555
3822 4949
4058 4839
2718 4825
4299 4525
2789 3646
1546 2824
553 3278
2437 4807
4421 4525
1402 2559
1893 4058
549 4949
2356 4278
1671 4198
2326 4495
1734 3458
3844 4310
1344 3945
1603 3504
2507 4902
1588 4663
1096 4663
438 4058
2273 3822
2598 4522
763 4030
3233 4924
3048 4310
4295 4807
2293 3080
4426 4857
147 4663
1845 4376
3679 4545
1851 4673
2580 4236
1552 1759
1893 4839
3561 4310
1329 4322
2812 3618
221 823
1679 2749
951 4902
2784 3011
1762 3899
2873 3011
1037 4599
1365 4058
2670 4421
3088 3844
2717 3614
1350 2391
151 4442
2308 2624
608 4310
2788 4828
3233 4049
2708 4363
472 4825
3016 3313
2702 3060
4146 4808
923 3945
4421 4599
4718 4802
2025 3820
3846 4654
2490 3483
4528 4547
86 4456
208 820
951 3553
1887 2996
2157 2708
2296 4746
3011 4655
2712 4902
1354 2227
2789 4376
1475 4882
192 4709
1138 2784
2318 4049
2953 4128
3011 3405
2246 4138
3646 4807
3846 4528
1809 2749
3712 4654
1344 4038
165 4084
20 3484
3649 4808
823 4442
1450 4442
379 3551
2342 2824
916 4673
2784 3405
2718 4459
1350 4375
1179 2306
1367 3717
4426 4746
1671 4857
3618 4215
4578 4874
2236 4655
3717 3834
2919 4906
1571 3184
2227 4138
3551 4255
1603 2930
1191 4581
2749 4322
4177 4280
1759 3897
2443 3468
1497 4375
2580 4375
729 2559
423 4825
1845 4126
4087 4236
2306 4216
3522 4526
2871 4683
733 4138
1764 4718
3522 4545
2372 4087
1037 4711
208 4949
3581 4962
1893 2856
608 4924
3560 4718
1089 4216
3458 3548
4128 4794
1141 2152
2930 3504
1603 4156
2853 3669
2754 4802
2238 2855
1633 4090
2800 2824
434 923
3681 3953
4421 4711
1629 4299
2510 3692
2930 4156
3931 4451
3899 4442
3225 4625
1908 4578
1982 4578
1149 1450
1809 4854
2624 3017
1518 4802
1546 4156
4233 4236
2789 4126
4421 4906
3332 3596
3184 4526
2670 4322
4527 4825
133 4236
1571 4084
1037 2832
447 4177
2251 4794
1734 4752
923 4278
20 3884
2223 4363
924 4527
2034 4924
1138 4712
3483 4802
1652 3822
354 4038
2550 3618
2687 4712
2832 4426
133 2283
3225 4376
3446 4709
2784 3569
1845 2687
1274 4363
3899 4456
1193 4825
3149 3458
2173 4938
1930 3897
1671 4421
2670 4477
1561 2308
1694 4802
3844 4049
4392 4456
2490 4839
4126 4376
2130 4839
3681 4198
1344 4278
3548 3614
2919 4794
2438 2598
3484 4239
2356 3945
3712 4522
2718 3108
2754 3483
2717 3845
92 4529
2034 3417
1556 2708
1629 4906
3553 4613
549 4655
2507 4084
3614 4255
1120 3551
4087 4090
1179 4712
3964 4794
3712 4808
192 4828
2152 2670
1561 4177
3618 3945
2273 2711
4376 4807
3088 4578
1552 4535
2426 3522
2550 4718
1982 2878
1354 4535
3649 4938
4426 4906
907 4712
3458 4255
3080 4363
4087 4375
3149 3548
961 4906
3553 4545
404 1723
434 4663
1650 3820
981 3483
1845 3681
3646 4663
915 4825
4492 4828
1603 3202
3728 4233
2695 4902
1383 3897
2720 3846
4376 4663
807 4477
4126 4280
354 4839
1959 4492
384 4327
1144 1794
316 2720
2254 3810
1834 4828
3016 4555
434 4807
1561 3931
2538 3681
2832 4525
2855 4110
4255 4752
2283 4375
2490 2789
3080 3483
1218 4654
828 4902
3080 4802
483 1556
672 3175
4528 4535
3810 4825
3225 4322
3669 4839
2413 2443
111 3774
2768 4215
2624 4177
4128 4746
208 3417
1368 4545
2065 4110
4128 4857
2026 4083
2996 4126
3417 4949
3256 3669
636 4581
3735 4627
3692 3892
2157 4802
1926 3080
2769 4839
4525 4857
2854 3114
3360 4882
2975 3514
4495 4683
2246 4005
4492 4578
1081 4146
1120 3149
345 2695
278 4199
1882 4683
2443 3892
2864 3417
4525 4599
636 3569
3561 4673
2426 3553
2306 2858
2711 4206
4545 4902
2422 4220
432 4902
1518 4522
295 2930
2387 4392
2507 2693
2203 2788
4239 4392
636 4603
78 2702
1081 4808
1723 4802
864 4854
1834 3016
3735 4005
2426 4545
2236 4495
3417 4673
4299 4857
111 3313
1344 2550
1193 3744
4177 4325
3417 3884
2026 2930
1249 4233
3964 4525
4110 4808
3458 4752
1462 4738
1888 4949
1193 4495
1089 3175
3233 4949
3681 4857
519 635
456 4874
78 4949
3108 4451
2227 4535
2854 4655
236 295
2637 4603
2052 4090
2912 3504
1713 4857
483 2215
2372 2580
4718 4962
4555 4938
1893 2853
3964 4746
574 4599
295 4083
1726 4083
787 4746
3964 4857
1495 3175
2296 4906
3011 4581
1882 4655
1314 4828
1762 4456
659 4442
2711 4808
3369 3484
3728 4375
2798 3468
2538 4599
897 4255
1324 4322
423 4527
1365 4192
916 1794
3649 4110
4525 4711
923 1764
4128 4426
721 4049
864 3649
1888 4673
2251 4711
4578 4828
2665 4802
864 1138
2510 3835
1887 3892
2702 4924
2173 4188
2912 4083
1828 3514
2832 4128
2293 4377
2223 4802
3369 4456
4072 4255
366 4545
475 1887
1062 4581
659 4456
1518 1694
338 3077
1368 4613
992 3313
4198 4525
404 4495
4528 4627
3569 4581
1021 4924
1562 3735
4375 4924
1555 4239
3646 4625
447 4280
1930 3892
549 4310
1120 4072
2223 3483
924 4177
2437 3920
2854 4683
1633 2769
3484 4456
1344 3560
534 4857
1206 3256
4192 4839
2490 3080
4215 4718
112 4794
384 4938
2632 4613
3369 4442
309 4084
3446 3618
4038 4220
423 4280
3108 3931
2762 4655
2598 4418
3446 3560
787 4525
1949 4613
1663 4938
242 2413
2173 4199
3548 4255
3560 3618
2784 4495
915 4177
2912 2930
981 4363
1352 4828
1546 2912
3281 3844
1894 4654
2665 2708
2824 3360
1402 4529
3581 4718
1629 4857
1882 2854
3884 4310
1908 3735
1089 4854
3514 3834
1149 3006
2130 3610
432 4545
179 2912
1059 4581
3006 4058
1191 4655
1141 4854
345 3301
2173 3712
3561 4924
2246 4535
4110 4938
3735 4170
3060 3233
1177 4236
2878 4828
1450 4392
3717 3920
1462 4072
447 2718
2702 3561
1104 4138
3964 4906
338 2853
3920 4072
466 4528
3446 3581
2632 3108
1882 4495
3114 4683
3735 4528
1562 4535
1898 1959
2858 3175
2975 4738
2788 2878
396 2517
404 4377
1153 4625
2624 4459
3884 4049
1226 1687
456 2788
3884 4949
4451 4825
2848 4216
4442 4547
3514 4738
3114 4495
2873 4192
4711 4906
951 4545
2853 3003
4738 4752
1350 4233
4215 4278
1508 4526
3016 4477
3060 4206
2283 3728
1679 4854
2670 2687
4421 4426
2853 4839
1759 3468
2853 4578
3006 3256
3016 3692
672 2670
907 2687
2372 2642
3405 4603
1062 2871
2712 3522
111 4882
2443 3897
2517 4718
396 4718
820 2296
553 4322
3931 4825
631 4535
1383 2437
3301 4545
3017 3596
228 4924
3369 4239
4322 4712
3313 4492
2924 4938
86 504
504 2855
631 4170
2422 3692
4188 4522
3017 4451
61 2538
3468 3897
3728 4087
2234 3522
3774 4578
823 4547
2711 4949
4133 4808
3446 4215
151 3369
3114 4655
519 1759
1128 1447
3649 3712
1569 4459
3964 4711
1093 4808
1059 4495
4495 4603
1193 4655
472 3931
4084 4902
1795 4711
1834 4477
1447 4738
1882 4603
187 2702
4711 4857
2718 4325
1402 4874
2318 4738
2854 4581
4192 4663
635 2798
2812 4215
1314 4874
472 4280
3514 3920
4126 4857
432 1368
1037 4906
4418 4709
2702 4477
242 3565
3301 4902
1795 3681
4198 4746
2848 4711
2426 3679
1288 4613
3820 4278
1650 2624
3048 4206
4738 4828
763 4949
1062 4683
2065 4199
3614 4072
1541 3278
3514 4072
2025 4459
278 4808
4603 4683
439 4528
3681 4525
3569 4683
3920 4738
2490 2665
384 2854
3899 4547
111 3692
3744 4655
1569 2308
636 4655
3003 3256
2342 4170
3281 4030
4421 4857
3646 4126
1043 4535
2873 4456
1177 4375
2273 4949
1508 2693
1930 3468
1762 4874
3979 4663
3405 4683
2234 4526
3945 4718
3375 4375
3561 4949
1495 4322
1930 2798
4322 4854
574 4857
1021 1541
3108 4459
807 1844
2234 3553
2768 3945
4058 4220
1206 2052
1206 4839
2768 4718
1828 2717
439 4627
3233 4418
2480 4938
2550 3565
2559 4613
472 4325
3692 4581
3278 3884
316 2855
1422 4233
4049 4206
1368 1949
1128 4738
4526 4528
1350 2283
3953 4746
1694 2754
4280 4325
2391 4375
2711 3060
897 3845
1908 4874
733 4535
2559 4278
3301 4084
1713 4599
1475 4529
2784 4603
2234 4545
1489 4938
2333 4363
828 4084
1561 4545
2871 3405
2538 3964
206 4299
78 4924
483 4377
2236 3088
3060 4673
926 3979
4188 4654
4426 4794
733 4528
2215 4802
3744 4828
1679 4322
3184 3679
100 4325
4535 4802
1908 4477
2234 4613
3744 4683
168 4924
4625 4663
3017 4825
883 4477
1450 3899
3614 3717
1314 3835
4126 4807
2864 4924
3233 3561
4613 4902
434 4625
3551 4072
77 4376
4828 4874
907 4854
3225 4807
1726 3504
2641 4825
2326 4683
2356 4215
4030 4673
2157 4738
2930 3202
2789 4327
4327 4807
208 4924
1274 4802
1652 4049
4146 4938
1949 4902
1982 4477
3504 4156
447 4451
2824 3504
3060 3822
1021 4049
1508 4902
1687 4233
3281 4949
3548 3834
3565 3892
2687 4949
3569 4495
1177 3728
1713 4711
1218 4808
3088 3835
1982 2559
2855 4938
1764 4962
2559 2878
864 4712
3679 4902
160 4794
2784 4655
3820 3931
897 4752
1518 1723
1288 1949
4239 4456
2490 4377
1324 4712
1288 4526
2422 4535
2152 4322
3313 3337
438 4090
1104 2749
3649 4654
2693 4526
4030 4049
4128 4906
1571 4752
2924 4188
4857 4906
2157 2754
1663 4654
3844 4206
1475 2878
4030 4924
2824 4083
2342 3735
2642 4233
2437 4663
187 1141
1489 4459
1713 4299
4128 4711
4442 4456
427 4545
2856 4839
1561 4527
1908 2203
1402 4555
151 4239
2591 4280
4421 4794
194 4133
2559 4874
1633 3256
4526 4613
4188 4938
2480 4808
1141 1570
981 2215
4198 4299
2798 3897
2480 4188
4084 4220
1723 2754
2624 4451
2762 4683
1762 4392
112 4599
1043 4005
2953 4426
2173 3649
2251 4857
2236 4581
2871 4083
1809 2152
2238 4545
1381 3884
1794 4949
2873 4902
3332 4177
4709 4718
2762 2871
354 3003
1329 2670
1422 4375
2637 4683
3846 4133
4216 4712
3669 4058
2871 3114
1093 4146
4280 4825
1851 4807
165 2234
3692 4477
3484 4442
3522 4613
3820 4938
3844 4030
2236 3569
897 3514
3692 4492
1368 2426
1144 3884
2580 3728
1722 4794
86 4442
228 4949
1845 4625
2912 4156
439 4170
907 4547
640 4363
2236 4603
2118 4654
967 3468
2632 4084
338 4839
160 4906
1365 1893
532 3717
4525 4906
4128 4599
372 3149
3953 4421
669 4199
3717 4752
897 3920
2824 2912
509 4949
3551 3834
3820 4280
2538 4128
2712 4084
1021 2246
1569 4825
2665 2754
3405 4581
1982 4828
2858 4216
3077 3669
3846 4110
4072 4738
2749 4712
4058 4192
438 1893
4278 4709
160 4421
3596 4459
3618 4962
4377 4802
1059 4655
915 2025
4133 4938
640 4377
1191 4603
553 4712
2437 4376
1218 4938
396 4215
532 4177
640 1723
466 2422
2227 4528
549 3060
949 2559
1226 1249
2591 4825
1828 4738
192 4451
3646 4327
309 4495
2130 4058
1179 2858
2855 4133
4220 4839
3225 4126
1324 2203
3446 4278
4198 4906
4128 4525
635 3504
828 4613
3011 4495
3548 3551
1274 3483
3202 4156
160 4857
1652 4949
949 4578
672 1138
111 4555
555 4215
2185 4752
1329 4854
4325 4825
1096 4807
4654 4808
206 534
112 4299
3522 4902
2717 3551
1450 1555
1982 4874
3844 4673
763 4310
1713 4906
4110 4199
2812 4278
4188 4808
2784 4581
2784 4138
1809 4712
2227 4627
1722 4906
2342 4528
2251 3846
179 2152
3964 4421
4599 4613
1329 2749
4087 4233
3077 4058
4599 4794
1475 2788
4133 4418
2832 4599
345 4526
3596 4177
1650 2025
1043 3735
411 3618
4418 4654
1383 2798
1663 2598
553 2670
4299 4906
221 2387
338 4058
1093 4654
1153 4327
3278 4206
1908 4882
3332 4280
1324 4854
2437 4126
3446 4718
165 4526
3692 4882
1898 4529
4625 4807
192 4280
2769 3256
2283 2642
4711 4794
4578 4882
1344 4718
2712 4545
3375 4421
366 4392
133 4233
2387 3484
636 4683
1546 3504
4177 4459
1722 4746
3017 4325
3301 3522
2924 3649
2632 4545
475 3468
1037 1722
4459 4527
133 4087
1149 4239
242 3892
1845 4327
2104 4233
3080 4377
179 4083
1120 4133
4673 4924
4299 4746
763 4673
2118 4146
1282 4146
2227 4005
1844 4874
2326 2762
20 4464
61 4474
77 4970
78 758
86 4789
92 4872
100 4991
111 4900
112 4125
133 4947
147 4968
151 4159
160 4186
165 4995
168 4393
179 4115
187 3672
192 3240
194 4870
206 4870
208 4027
221 4868
228 1752
236 1940
242 1014
278 4779
295 4834
309 4195
316 2135
338 801
345 2146
354 3815
366 1818
372 4518
379 4103
384 3348
388 4218
396 2822
404 3355
66 411
423 3523
427 3848
432 4566
434 3962
438 1644
439 3300
447 4972
456 2232
461 4864
466 2114
472 4313
185 475
246 483
499 3554
504 4145
509 4266
519 4818
532 2188
534 4650
549 4953
484 553
555 4875
574 4517
608 4075
631 2887
635 3042
636 3402
640 4500
659 4979
669 3665
672 4330
721 3066
729 2409
733 4795
763 4700
787 2713
807 3705
820 842
823 1374
459 828
864 4950
883 4563
897 3671
691 907
915 3911
916 3674
923 2151
924 1987
926 4968
945 4153
949 2592
951 4436
952 3756
961 3699
967 2966
981 3113
275 992
1019 2950
1021 4631
1037 2895
1043 4920
1059 3327
1062 4657
1081 4941
1089 1385
1093 2013
1096 1545
1104 2281
1120 4452
1128 3670
1138 3258
1141 1457
1144 4708
1149 1803
1150 4881
1153 3393
1177 4572
1179 3724
1191 3898
1193 4768
1206 1935
1218 4871
1226 4543
1249 2593
1274 4118
1282 4983
1284 3389
1288 4925
1314 4507
1324 3673
1329 3293
1344 4894
1350 4412
1352 4365
1354 4894
1365 3318
1367 3268
1368 4838
1381 4881
1383 3157
1099 1402
1422 3439
1447 4629
1450 4960
1462 4537
1475 3115
934 1489
586 1495
1497 4189
1508 4247
1518 4719
1541 4682
1546 3544
1552 3193
1555 1573
1556 2231
1561 3409
1562 3688
1569 4441
1570 4588
1571 2961
1588 2613
1603 3912
1386 1605
1629 4053
1633 4431
1650 4944
1597 1652
1663 4838
113 1671
1679 3626
1687 3616
1694 3254
1641 1713
1722 3406
1723 4480
1726 4944
759 1734
1759 3937
1762 4427
1764 4754
1794 4614
1795 2724
1809 3790
1828 3701
1834 1897
1844 3977
1845 4964
163 1851
1882 4842
1887 1979
546 1888
1893 3895
1894 4129
1898 4622
1239 1908
1915 4273
1926 4343
1930 4354
1949 4415
1959 4574
1982 4852
2025 4178
2026 3851
2034 3856
2050 4913
2052 2467
2065 4855
2104 3119
2118 4639
2130 4856
2152 3934
2157 4600
2173 2453
2185 4330
2203 4178
2215 4950
2223 2982
2227 4092
2234 4333
2236 3180
2238 4065
2146 2246
2251 3148
2254 3238
2273 4183
2283 4877
2293 2836
2296 4411
2306 2548
2308 4667
2318 4779
1091 2326
2333 3826
2342 2971
2102 2356
2372 4144
2386 4867
948 2387
2391 3989
2413 4669
2422 4397
1733 2426
2079 2437
2438 4772
1793 2443
2480 3893
2490 3648
2507 4667
520 2510
2517 2664
2538 4714
2550 2586
2286 2559
2580 4935
2591 4727
1765 2598
2624 4300
2632 4756
2637 4244
2641 3772
2642 4271
2665 4458
2670 4822
2687 4296
2693 4640
2576 2695
2702 3376
2708 3004
2711 4781
2712 4466
2717 4820
1820 2718
2720 4373
2749 4816
2100 2754
2762 4482
2768 4012
2645 2769
2784 4130
2788 3859
2789 4093
2798 2830
2800 4320
2807 4913
2812 4875
2824 3955
2832 4287
2352 2848
2853 3178
1721 2854
2855 4433
2856 4858
2858 3421
2864 4925
2871 3662
2873 4756
2878 3135
1163 2912
2919 2987
2924 4401
2930 3911
2953 4944
2975 3601
2996 3949
1259 3003
3006 4851
3011 4521
1945 3016
650 3017
2597 3048
3060 4877
3077 3752
3080 4530
2115 3088
3108 4313
2759 3114
83 3149
3175 4580
3184 4774
3202 4317
3225 4716
3233 3260
3256 4940
2416 3278
573 3281
3301 4564
341 3313
3332 4468
3007 3337
3283 3360
3369 4091
703 3375
3405 4563
3417 4486
3170 3446
3231 3458
3468 4566
1398 3483
3484 4940
3504 4787
164 3514
3522 3523
3548 4856
3551 4984
3553 4993
2942 3560
3561 3563
3565 4836
3569 4788
3581 4000
3596 4505
3610 3619
547 3614
2116 3618
3646 3973
3276 3649
3025 3669
2757 3679
3171 3681
3692 4824
1895 3712
3717 4862
3728 4771
2970 3735
3744 4927
3774 4546
1250 3810
3820 4557
3822 4803
3834 4288
3808 3835
3844 4266
3845 4914
3846 4954
2758 3884
3892 4561
3897 4070
229 3899
3848 3920
26 3931
3945 3954
3855 3953
1970 3964
2266 3979
3996 4005
4030 4966
4038 4657
4049 4764
4047 4058
987 4072
3769 4083
2178 4084
4087 4972
3900 4090
4101 4110
3379 4126
3055 4128
4133 4900
4074 4138
3325 4146
2324 4156
2125 4170
4080 4177
4188 4357
4192 4778
4198 4335
4199 4867
4206 4524
2742 4215
695 4216
4220 4965
3632 4233
4236 4789
3611 4239
4255 4717
1667 4278
4280 4289
4295 4301
4299 4538
4309 4310
4322 4823
360 4325
1688 4327
4285 4363
4375 4385
2335 4376
481 4377
1160 4392
4142 4418
1840 4421
1566 4426
4442 4475
1824 4451
1325 4456
1001 4459
3106 4477
4160 4492
2531 4495
4522 4795
554 4525
3253 4526
4527 4952
4423 4528
1729 4529
4424 4535
4545 4558
991 4547
658 4555
4118 4578
3113 4581
1230 4599
831 4603
3387 4613
3000 4625
4001 4627
3008 4654
3536 4655
2087 4663
4479 4673
4366 4683
3010 4709
4330 4711
3632 4712
3867 4718
3694 4738
1840 4746
1244 4752
259 4794
1662 4802
36 4807
1968 4808
3722 4825
4285 4828
4435 4839
4315 4854
2451 4857
1685 4874
3729 4882
3568 4902
1805 4906
4916 4924
4938 4954
4922 4949
4962 4983
20 4826
61 4347
77 4088
78 178
86 3644
92 3057
100 4479
112 4388
133 4698
147 3912
151 3505
160 2534
165 3647
168 2993
179 4845
187 2119
194 4635
206 3889
221 4332
236 3963
278 4424
309 4470
316 3155
338 4674
345 4936
354 4742
366 4759
372 4296
379 3667
388 4806
396 4939
404 2697
411 4388
423 4478
427 496
432 4433
434 1955
438 4565
439 2706
447 4704
456 2554
461 3275
466 2529
472 3536
475 4558
483 4777
499 4836
504 1831
509 4804
519 4414
532 4972
534 4059
549 4496
574 3050
608 2314
631 4928
635 4512
636 3782
640 4383
659 4838
669 4792
672 4420
721 3353
729 3470
733 4060
763 3070
807 4852
820 2567
823 4955
828 4185
776 864
883 3347
270 897
907 3904
244 915
916 4796
923 4008
924 3067
926 4771
945 3445
949 4812
951 4848
952 4632
961 4650
967 4672
981 3849
992 3028
1019 4468
1037 4751
1043 1376
1059 4805
1062 4844
1081 4792
1089 2289
1093 4933
1096 4971
1104 3650
908 1120
1128 4835
1138 4817
1141 4732
1144 3356
193 1149
1150 4821
1153 3097
1179 2575
1191 3124
1206 3303
1218 3568
1226 4349
1249 4767
1274 2272
1282 2882
1284 4238
1288 2767
1314 4770
1324 4936
1329 4002
1344 4881
1350 1351
1352 3190
1354 4920
1365 4858
1367 1676
1368 2690
1381 4896
1383 4901
1402 4549
1422 4754
794 1447
1450 4713
1462 4677
1475 2095
1489 4859
1495 4250
1497 4889
1508 4934
1518 4644
1541 3993
1546 3616
1552 4970
1555 4850
1556 4587
1561 2999
1562 3396
1569 3257
1570 3045
1571 4660
1588 4174
1603 2216
1529 1605
1629 4490
1633 4947
1650 4585
1652 2008
1663 4759
854 1671
1038 1679
1687 4629
1694 4853
1713 4893
1722 4966
243 1723
1726 2153
1734 4803
1759 2401
1762 4172
1764 2602
1794 4725
1795 4506
1809 4661
1828 3055
342 1834
1844 4484
1845 4550
1851 4937
1882 3659
1887 3552
1888 3216
1893 3578
1894 3803
1898 3323
1908 4912
1915 2929
1926 4631
1930 4992
1949 4756
1959 4868
1982 3402
2025 2179
2026 4292
2034 4470
2050 4288
2052 4966
2065 4249
2104 4139
2118 4852
2128 2130
2152 4913
2157 3605
2173 4841
2185 4668
2203 4149
288 2215
2223 4416
2227 4690
2234 2583
2236 4674
2238 4281
2246 4659
2251 3226
2254 4979
2273 3129
2283 3652
2293 4373
2296 4272
2306 4235
2308 4560
2318 2644
1753 2326
2333 4919
429 2342
2356 4749
2372 3254
2386 4614
2387 4159
1622 2391
2413 4434
2422 4331
2426 2431
2437 4841
2438 4947
2443 2493
2361 2480
2396 2490
2507 4662
2510 2546
2517 4998
2538 4307
2550 4512
2559 3138
2580 4800
2250 2591
2598 3459
2624 4203
2632 4819
2637 4334
2641 4429
2642 4475
1808 2665
2670 3248
2687 4696
2693 4756
2695 4964
2702 3877
2708 4470
2711 4773
2712 4739
2717 4609
2718 4359
2720 4855
2749 4892
2663 2754
2762 4357
2768 4428
2769 3811
2784 3192
2788 4359
2789 3125
2798 3496
2800 4914
2807 4553
2832 4394
2848 4674
2853 4990
2854 4975
2855 4015
2856 4800
2858 4915
2535 2864
2871 2951
2873 3898
2878 3246
1766 2912
2919 3555
2664 2924
2930 4019
2953 3847
2975 4667
2996 3880
2310 3003
3006 4835
3011 3593
3016 3302
3017 4995
3048 4556
2785 3060
3077 4465
3080 4806
3088 4848
3108 4189
3102 3114
3149 4174
3175 3480
3184 4756
3202 4002
3225 4149
2539 3233
3256 4512
3278 4736
3281 4117
3301 4866
3313 4907
3332 4205
3337 3617
3360 4813
3369 4432
3375 4863
3405 4922
2108 3417
2485 3446
3458 4122
3468 4559
3483 4243
3484 4111
3504 4505
3514 4212
3522 4296
3548 3829
3551 4768
3553 4450
3560 3563
2803 3561
3565 4989
2514 3569
3581 4098
2766 3596
3610 4538
3614 4638
3454 3618
3646 4566
3649 4795
1194 3669
3679 4319
3681 3939
3712 4954
3717 4880
3728 4205
2084 3735
2877 3744
2284 3774
2893 3810
3820 3827
3822 4063
3834 4904
3835 4758
3844 4241
3845 4899
3846 4982
3762 3884
2401 3892
85 3897
3826 3899
3761 3920
3931 4989
3945 4407
3238 3953
3964 4095
3979 4210
4005 4690
3864 4030
4001 4038
3365 4049
4054 4058
3440 4072
4009 4083
4084 4989
2617 4087
3579 4090
4110 4914
3944 4126
4128 4601
4103 4133
4138 4292
4142 4146
3851 4156
4170 4910
4177 4702
4188 4932
4192 4661
3978 4198
2140 4199
4206 4651
4215 4485
4216 4479
4220 4461
3683 4233
4236 4879
4157 4239
3505 4255
4278 4448
4073 4280
2915 4295
4152 4299
4310 4444
846 4322
3223 4325
4327 4908
4363 4463
4375 4605
4001 4376
4377 4936
4098 4392
4418 4867
4421 4731
249 4426
4442 4462
4451 4493
4456 4466
3989 4459
1610 4477
2463 4492
4211 4495
4522 4954
3703 4525
4474 4526
4313 4527
3601 4528
3568 4529
2365 4535
4545 4964
4547 4598
4365 4555
3199 4578
4006 4581
4599 4773
2776 4603
4577 4613
4543 4625
4627 4659
4654 4866
3785 4655
3449 4663
954 4673
4683 4693
4515 4709
4419 4711
1434 4712
4718 4948
3440 4738
4284 4746
4384 4752
2863 4794
4715 4802
4510 4807
4808 4867
3153 4825
4784 4828
4831 4839
4783 4854
4346 4857
3893 4874
2290 4882
4503 4902
4888 4906
4894 4924
4867 4938
3976 4949
3422 4962
20 4046
61 4336
77 4585
78 2590
92 3677
147 4987
160 4203
194 3785
206 4473
236 3881
309 4700
345 2921
354 4435
379 4507
388 4959
427 4783
439 4999
447 4561
461 4271
475 4706
483 4986
509 4015
574 4444
608 4181
635 2520
659 4722
672 4079
721 4990
729 1852
763 3499
807 4520
828 4855
883 4956
915 4921
916 918
926 4517
949 4574
961 3663
992 4809
1019 2097
1037 1584
1059 2520
1093 4455
1096 2895
1104 4827
1128 3716
1141 3466
1144 2669
1150 4747
1153 4638
749 1191
1206 2551
1249 4563
1282 4258
1288 2511
1314 4502
1350 4777
1367 3694
1368 4615
1381 4736
1383 3588
1402 4841
1422 3956
1447 4148
1450 4879
1462 4608
1475 4645
1497 4458
1508 3947
1546 3677
1552 3686
1555 3796
1562 4948
1569 4824
1570 4773
1588 3395
1603 3775
1629 3290
1633 4553
1650 3758
1671 4569
1679 4941
1687 3585
1713 4396
1722 3633
1723 3959
1726 4505
1734 4530
1759 2952
1764 2916
1794 4689
1795 4404
1809 4741
1834 4159
1844 3637
1851 3856
1887 4868
1894 4885
1898 3617
1915 4834
1930 2314
1949 4804
1959 4855
1982 4937
2025 4550
2026 4899
2034 4950
2050 4202
2052 3241
2118 2767
2157 4423
2185 4961
2215 4658
2223 4995
2227 3758
2234 4894
2236 3451
2238 4681
2246 2446
2251 4728
2254 4259
2273 4894
2283 3538
2293 4287
2296 4304
2306 4085
2308 3880
2318 4250
2326 4582
2333 4111
2342 4659
2356 4837
2386 2558
2387 4359
1335 2391
2426 4964
2438 4887
2443 4293
2480 4506
2507 3410
2517 3315
2538 3921
2550 4822
2559 4914
2580 4838
2591 4632
2598 3431
2624 4331
2632 4898
2581 2637
2642 4955
2665 4371
2670 4762
2687 4964
2693 4076
2695 4501
2702 4409
2708 2999
2711 4623
2712 4187
2717 4878
2718 3819
2720 4398
2749 4538
2754 4408
2762 4800
2768 4678
2769 4445
1857 2784
2788 2897
2789 4727
2798 3208
2800 4269
2807 3927
2832 4942
2848 4970
2244 2853
2253 2856
2858 4701
2864 3655
2871 4926
1567 2873
2878 3104
2912 4513
2919 3516
2924 3745
2930 3480
2953 4913
2975 4388
2996 4965
3003 4948
3011 4540
3016 3701
3017 3284
3048 3918
3060 3896
3077 4758
3088 4831
3072 3108
2258 3114
3149 4263
3175 3547
3184 4921
3202 4831
3225 4350
3233 4753
3256 3881
3278 4003
3281 4632
3301 4333
3332 4245
3337 4747
3360 4954
2086 3369
3375 4308
3405 4801
3417 4935
3036 3446
3458 4862
3468 4082
271 3483
3484 4881
1640 3514
1997 3522
3548 4700
3013 3551
3553 4845
3560 4862
2893 3561
3565 3855
2683 3581
3596 4370
3610 4790
3614 4607
3411 3618
3646 4912
3649 4590
3669 4460
3679 4480
2752 3681
3712 4649
3476 3717
3728 4988
3735 4660
3744 4888
3774 3958
3810 4965
3820 4424
3822 4751
3834 4973
3835 4699
3844 4380
3688 3845
3190 3846
3884 4428
3892 4139
3315 3897
3899 4740
3582 3920
3931 4640
2307 3945
3469 3953
3825 3964
3968 3979
3543 4030
4038 4473
4049 4917
4058 4923
4072 4387
4083 4698
4081 4084
4087 4734
4090 4435
4110 4998
4126 4200
4128 4235
2722 4133
4138 4956
4146 4889
4156 4505
2662 4170
4177 4928
4188 4905
4192 4863
4198 4777
4199 4970
3998 4206
4211 4215
4216 4865
3883 4220
4233 4678
4236 4387
4239 4766
2781 4255
1736 4278
2988 4280
4295 4593
4277 4299
4310 4641
3229 4325
3571 4327
3075 4363
2887 4375
3229 4376
3644 4377
4392 4660
4418 4932
4421 4996
4404 4426
4442 4729
2778 4451
1709 4456
4459 4536
4477 4971
4415 4492
4495 4911
4142 4522
1840 4525
4526 4995
4527 4538
3777 4528
4529 4650
4461 4535
4533 4545
4547 4750
3524 4555
4578 4669
4581 4833
4599 4602
3742 4603
4613 4987
4625 4667
4627 4632
4402 4654
2235 4655
4227 4663
3856 4673
4683 4716
4709 4971
4711 4723
3032 4712
4701 4718
4738 4749
1918 4746
4752 4998
1840 4794
4108 4802
4792 4807
4591 4808
4825 4844
4812 4828
3750 4839
4836 4854
4784 4857
4574 4874
4882 4940
4902 4964
4452 4906
4158 4924
4923 4938
4894 4949
4962 4970
61 3112
92 2793
147 4960
309 3697
427 4468
461 4172
509 3780
926 4836
1093 4909
1104 4916
1150 4017
1282 4930
1381 4932
1475 2579
1552 4729
1726 4317
1794 4158
1851 4697
1887 4118
1894 4987
1915 4680
1930 4560
1982 4973
2034 3312
2050 4772
2185 3926
2215 4858
2227 4211
2234 4964
2238 3074
2254 4951
2273 4813
2283 4293
2318 4767
2333 4989
2386 4795
2391 3334
2438 4911
2517 4500
2550 4247
2591 4217
2624 4640
2637 3839
2642 4331
2695 3354
2712 4747
2720 4954
2754 4704
2762 3387
2768 4744
2788 4334
2800 4784
2807 3636
2848 4783
2853 3750
2856 4851
2864 3856
2878 4672
2912 4505
2919 3730
2975 4754
2996 4881
3003 4747
3011 3682
3017 3153
3048 4951
3077 4801
3088 4978
3108 4591
3149 4304
3184 4954
3202 4741
3225 4676
3256 4385
3278 4501
3281 4822
3337 4696
3360 4988
3375 3442
2678 3446
2760 3458
3468 4883
3548 4698
2445 3553
3560 4134
3561 4448
3565 4296
3581 4155
3610 4482
2834 3618
3649 4954
3679 4245
3717 4899
3728 4365
3744 4893
3774 4097
3810 4843
1183 3834
3835 4491
3845 3873
1372 3846
3687 3892
3897 4112
3899 4965
3556 3920
3931 4524
920 3953
3212 3964
2392 3979
4030 4324
4049 4431
3591 4058
4072 4848
4084 4590
4087 4932
4010 4090
3054 4110
4126 4609
2442 4128
4133 4932
4146 4395
2616 4156
3991 4177
4188 4827
3907 4192
3253 4198
4199 4763
4206 4894
4215 4422
4216 4730
4220 4849
2985 4233
4236 4312
3192 4239
3913 4255
2224 4280
4295 4309
2747 4299
4310 4520
2778 4325
3261 4327
4363 4691
4154 4375
4152 4377
1372 4418
4421 4468
2207 4426
4442 4638
4326 4451
2922 4456
4396 4459
4477 4790
4303 4492
4263 4495
4522 4975
4525 4644
4527 4713
1279 4528
4225 4529
3126 4545
2747 4547
4490 4578
4581 4998
4596 4599
4422 4603
4182 4613
4625 4918
2522 4627
3526 4654
3413 4655
4514 4663
4673 4978
4683 4987
4697 4709
4439 4711
4712 4731
3237 4718
3991 4738
4681 4746
1868 4752
4284 4794
4802 4864
4650 4807
4020 4808
4786 4825
4826 4828
1174 4839
4848 4854
4857 4994
1116 4874
4842 4882
4902 4913
4351 4906
4920 4924
3866 4938
4891 4949
4962 4965
427 4773
461 4912
509 4770
1381 4704
1552 4675
1894 4770
1915 4838
1930 3520
2273 4774
2517 4644
2800 4301
2848 4701
2856 4250
2919 4860
3003 4741
3048 4860
3088 4980
3184 4955
3202 3851
3360 4945
3375 4469
3468 4910
3425 3560
3565 4870
3610 4878
3728 3914
3668 3774
3834 4542
3931 4946
3953 4672
3964 4028
4049 4102
3032 4058
4072 4762
4084 4768
3008 4133
4146 4475
4091 4177
3861 4188
4198 4217
4199 4795
1654 4215
4220 4978
3481 4280
4295 4946
4327 4999
3808 4375
3827 4426
1303 4451
4513 4522
4528 4696
4529 4573
4360 4545
4547 4996
4556 4578
144 4599
4625 4783
1372 4654
10 4663
4673 4894
4120 4683
3780 4709
4448 4711
4718 4991
4746 4814
4752 4771
4794 4903
4298 4802
4807 4822
4808 4932
3244 4825
4828 4845
4730 4854
4867 4874
4882 4991
4189 4902
3978 4906
3510 4924
4922 4938
4934 4949
4417 4962
2517 4972
4146 4836
3695 4199
4327 4816
4529 4822
4882 4980
4795 4938
4962 4985
