873 3968
477 3870
2360 4218
2786 4458
3446 4723
3577 4736
530 3340
3860 4802
4130 4789
1329 3819
2593 3515
2907 4723
2192 4279
928 4172
34 4886
92 4897
1194 4852
774 4465
2275 3823
1634 4902
131 556
3824 4829
3987 4325
3265 3498
1874 3720
1634 3045
1546 4918
3201 4515
1996 4314
2952 3862
2055 4435
1986 4829
1576 3682
1134 4861
92 1432
2907 4886
4781 4802
788 4515
281 1279
4609 4977
4829 4971
2632 4969
665 3968
3506 3773
3594 4302
4473 4483
2536 4686
1392 2883
1900 3647
3878 4130
1909 3954
92 4371
1062 3758
1761 2164
4064 4847
1679 3961
3035 4847
3495 4920
1007 4829
2296 2838
1073 3758
3316 4022
2441 4419
2533 3911
2173 4971
4036 4866
2979 3770
2634 4022
4022 4287
3328 3682
63 3370
3024 4649
3619 4724
3935 4269
3956 4969
1946 3591
2270 3833
3216 4977
2978 4991
2481 4039
4403 4861
172 3770
464 4483
23 3645
1594 4515
2033 4831
3758 4897
1824 4969
1704 2288
4149 4557
1916 3987
2971 3062
85 4302
1761 4789
1432 2515
2895 3035
3346 4897
3668 4599
1946 4961
2130 4325
2333 4918
4010 4149
1637 1775
1191 4810
2788 4609
873 3577
1301 1464
2055 4866
2500 3083
2533 4831
4613 4810
3532 4480
3515 4440
3446 4314
65 3720
2774 3773
3584 4315
3647 3878
3968 4736
4403 4723
3328 3823
4064 4852
789 1142
2236 3894
3333 4557
3553 4465
1446 3668
4844 4971
1847 2284
3860 4613
1428 3961
1909 4885
2270 4608
3448 4285
3363 4961
2630 3935
907 4125
2872 4601
3647 4406
2091 3809
788 3657
2396 4961
3709 4920
3800 4609
3267 4852
1031 1406
2333 4802
1097 1414
1717 4847
1934 4511
2918 3851
3436 4670
2085 4419
2101 2137
2304 3968
2422 4315
131 2804
1134 4920
2804 3996
3333 3515
4969 4991
2978 3448
3027 4279
2238 3259
2304 3961
3657 4629
3776 4831
2788 4670
735 4844
4125 4406
3566 4419
3577 3862
1007 4315
3340 4866
4270 4700
2669 3992
4172 4844
1804 4861
3116 3776
2493 2976
2493 3265
733 4515
3222 3553
3809 4440
2593 3062
3668 4515
1031 3809
1081 4831
4858 4861
1031 4440
2333 4781
3119 3726
2284 2979
1197 4971
2328 4852
2511 4886
652 2164
2794 4971
254 469
1094 4861
3259 4847
3735 4886
860 4168
2624 4977
724 2473
760 4609
2349 4052
254 2328
33 4852
2593 4557
875 4480
1986 4055
2568 3272
1797 4858
1414 4886
464 4844
2820 4902
305 3776
2614 3119
3367 3992
1647 4010
1847 2740
355 4831
1406 4991
1667 4700
391 4052
2422 4473
2107 4371
1374 2891
3540 4458
3062 3809
2021 3735
1724 4473
3540 3566
3189 3860
3823 4473
807 3961
452 4154
1546 4270
2786 4406
2511 4435
2192 3027
1056 4648
1348 4670
469 4666
1203 3332
4010 4440
3189 4325
2838 4861
3333 4149
1909 4294
3370 3709
1277 3045
205 4480
2774 4724
2686 4858
3648 4218
3657 3668
3495 4961
3515 4149
4285 4649
1142 4686
791 4419
2096 4571
1041 4886
1191 4168
3037 4666
1911 4723
9 4866
2874 4802
1279 2740
1258 4918
665 3158
49 4465
1414 3758
4287 4969
2971 4440
3045 4902
1007 3083
3332 4602
1301 4325
3448 3682
1194 4666
4315 4829
787 4666
1031 4557
2262 3024
1277 4022
834 3328
791 3648
873 4977
2616 4802
1108 2262
1362 4056
4754 4969
2333 4270
4208 4403
1914 2287
4325 4511
3682 4063
3734 4218
798 4861
3027 3726
1464 4601
1282 4918
2021 2511
2033 3116
477 4686
1338 1421
2907 3554
3506 4629
2632 4218
3269 3363
2819 3712
4107 4991
1415 4920
3747 4977
4315 4961
2422 4055
1375 2002
1081 4511
3158 3734
2236 2378
3189 4406
2874 4918
1081 3911
496 4406
3860 4700
1293 4723
2002 3851
3210 3363
1262 2262
3398 4285
2647 3307
1097 4886
4781 4902
4036 4886
1760 4866
33 4991
2697 3367
3119 4279
807 4602
477 4969
854 3569
1108 4991
4866 4897
1226 4149
3332 3554
798 3506
522 4866
2669 3499
3165 3963
2536 4419
3809 4149
3369 4852
49 1099
3369 3721
1804 4403
2918 4789
3860 4810
2614 3833
3436 3931
2055 4027
1362 4037
3027 3911
2505 4700
3083 4829
3657 4861
927 3222
2740 4847
3647 4810
1911 4208
3123 4924
1667 4022
1847 3498
3498 4847
2403 4154
2238 2349
4615 4789
3801 3870
2522 2874
2978 3307
2757 4302
2586 4902
1099 3436
730 1752
830 4897
737 3035
2074 4866
2630 4269
3591 4924
1804 1891
2465 4022
1824 4154
1235 4902
3035 4052
4456 4866
1094 4924
374 4314
1704 4608
3968 3992
4515 4724
452 3577
3553 3721
1949 4686
3398 4858
4315 4483
2592 4055
1170 3118
522 4371
730 1699
2740 3870
4648 4969
2014 4810
3668 4924
2510 4456
3911 4279
1811 2101
1466 4480
520 4969
2645 4649
1704 3027
1258 4852
1086 4571
3824 4971
2096 4810
942 3269
155 4629
4736 4858
3648 4686
2403 3210
1097 4036
1847 3770
742 4858
928 4829
3210 4126
1949 4969
2647 4285
3307 3328
735 2349
1374 4287
2969 3502
860 4571
250 3367
3721 4037
4511 4831
464 4007
1679 4602
2473 3809
2895 3682
2804 4991
3873 4571
1894 4511
4039 4615
2465 4902
1759 4724
2969 3272
3210 3709
3340 4886
3369 3532
4125 4571
3417 4810
520 4686
320 3963
3027 4831
3954 4515
3648 3723
522 4897
1293 4403
1496 4225
4902 4918
2467 4613
966 3332
2680 4829
3712 4218
2522 4802
788 4924
1699 4465
1934 4279
2091 4010
783 4440
2234 4084
2284 3770
3332 3954
2403 4961
2794 4844
1277 4918
2449 4918
4270 4802
2033 3758
1637 2918
2616 4918
3712 3870
3118 4971
4473 4829
3860 4918
4022 4918
2838 4686
3332 3961
43 4440
2647 4315
742 4847
4027 4886
2895 2993
1759 4924
1465 4208
1097 1985
712 1301
2515 3963
3346 4027
788 1693
4724 4861
3495 4126
2021 4897
3584 4483
2993 4847
1025 4920
1099 4670
1985 4302
2791 4754
3860 4458
302 4736
830 3045
1689 4456
3083 4844
4056 4852
172 1717
789 4686
3367 3747
1025 2883
1771 4037
3647 4613
912 2780
34 3735
942 1996
3540 4810
3216 4736
3911 4831
3150 4456
2467 4325
2074 2511
1466 4056
3554 4602
4802 4902
3862 4858
3241 4649
2836 4861
1874 3878
205 3553
1099 4977
3776 4608
272 3498
2288 4831
2304 4602
2979 4052
3165 3851
3823 4897
4829 4844
302 4858
362 4602
2467 4125
1451 4844
3726 4279
2296 4724
236 1824
2784 4302
65 3878
2883 3398
1518 4456
735 4829
2645 4885
1594 2938
2033 3833
627 4918
4314 4723
2378 4126
3083 4971
2536 2891
1900 3878
875 4852
2263 4007
155 3773
1894 4831
3776 3911
1771 4666
3346 4371
1170 4649
3158 3723
570 4172
2091 4557
2938 4629
3027 3037
1619 2481
1086 4810
2614 4511
1301 4601
1451 4971
2592 4473
1704 4831
1226 4440
2539 4858
2780 4039
4700 4902
2331 4886
3647 4125
1262 4991
1847 4847
305 4279
1985 4039
2877 4154
3417 4125
2918 3878
315 2872
2910 4130
728 3363
3417 4571
247 4571
3956 4754
2162 2238
3150 4599
4208 4723
1752 2139
4629 4924
2539 4736
1518 4897
1619 3369
3024 4991
2441 4969
3720 4456
34 4866
4435 4897
789 4754
41 4601
2055 4599
4036 4897
3363 4920
1647 2971
962 4861
3123 3709
1891 4724
2328 4666
1277 4802
4315 4971
2515 3254
1518 4599
4285 4666
1197 4172
652 2177
733 798
731 4294
927 4056
690 4961
3721 4666
3241 3682
2441 4648
33 1262
4007 4615
2300 4168
3577 3931
4055 4844
4325 4406
2630 3216
99 3800
3499 4670
1797 3217
3870 4969
1693 4629
3954 4723
860 4902
4126 4961
2055 2511
3860 4022
3591 4961
4064 4666
360 4608
1446 4480
4287 4918
556 4977
1619 1985
730 4601
2396 4920
4473 4971
2333 4287
2500 4315
2907 4294
3540 4168
1576 3398
320 3720
1679 4208
3931 3968
2107 4027
2952 4971
332 4844
2226 4208
2270 2288
3078 4557
3316 4902
3723 4920
1761 3966
2952 4858
1681 3987
3574 4847
944 1911
3150 4027
4371 4599
1634 4270
807 4419
1293 1996
2645 4789
1147 4629
1724 4483
2288 3776
2836 3657
3577 4609
4168 4571
4172 4483
2634 4802
2780 3594
2173 4052
2630 3968
798 4924
1634 4918
4924 4961
1873 3386
3619 4154
2328 4480
1041 4036
172 4847
464 4971
4007 4302
4465 4924
1191 4571
968 4064
3833 3942
4125 4810
2511 4897
530 4456
1689 4886
1235 4287
4039 4302
302 2591
34 4897
2680 4483
1142 4754
1288 4456
3502 4225
2422 4971
4700 4781
4723 4724
3553 4852
2107 3735
3436 4858
2262 3569
2373 3809
2262 4885
2910 4789
712 3851
4225 4435
2872 4130
1446 3386
236 4969
1134 3894
1594 3506
2331 4897
2757 3594
3254 4130
2918 3645
2616 4700
4063 4649
362 4294
1338 4918
3446 4208
735 4172
1392 3254
1771 4056
496 3987
4027 4866
2838 4629
2895 3770
2288 3942
3966 4126
4294 4314
2467 4844
49 3499
4149 4515
3499 3800
1464 3851
3498 3574
3165 3878
4294 4403
1647 4440
3367 4736
1288 3735
254 3721
1518 3346
3446 4602
4126 4924
2226 4723
4648 4754
3241 4991
735 4971
2101 3833
1073 4435
787 4037
1594 2346
1212 1465
3566 4279
2568 3118
3823 4885
1993 4886
4315 4844
3499 4609
3210 3259
3267 3532
2378 3591
2396 3709
1546 4781
1031 3062
3037 4037
1496 3272
4022 4802
2146 3870
3961 4294
4218 4831
928 3824
283 4036
4649 4991
3992 4736
2522 2616
2137 3217
3062 4557
3862 4977
2226 4270
3735 4866
2033 4511
2304 4294
1432 4130
3436 3862
2162 2349
3222 4601
3554 3954
4055 4971
2883 4107
3217 4225
2173 4172
3241 4107
2680 4055
1414 2107
1915 4861
1916 4325
2957 3574
2441 3648
2192 4511
1811 2137
2647 4885
1724 4172
4056 4064
2910 3963
3966 4154
4458 4810
624 4924
807 4208
2441 4754
3987 4458
2481 4302
1041 4897
1797 4608
4052 4456
3506 4724
3254 4789
3966 4920
724 4557
2331 3735
1915 3668
789 3712
1464 2918
1094 3619
733 962
912 4302
3577 4269
627 4802
2697 3577
2164 4601
427 2686
1916 4458
9 4886
3668 4829
3800 3992
2239 4149
355 4036
3956 4218
1301 4789
1466 4852
3657 4515
2130 4571
830 4886
2239 3515
712 4754
2328 3532
2586 2634
3448 4107
3540 4571
1681 4613
63 4861
362 4723
737 4847
1451 4829
3035 3498
281 4847
3645 4601
1909 1996
1197 4844
477 4754
2148 4902
3307 4107
1681 4458
4613 4615
4686 4754
1894 3776
2784 4615
2054 4920
2784 3594
3824 4473
1771 3532
570 2511
168 1496
4269 4670
2473 4440
3553 4064
2263 4039
2515 4789
834 4285
4279 4511
1212 2091
1619 4039
2146 2632
2373 2836
2624 2697
323 4602
966 4602
1874 3851
3118 4829
3495 3619
1990 4285
2146 3723
3037 4480
2586 4287
1761 3720
4037 4852
2634 4700
1428 4314
1604 4371
2971 4149
2976 3346
581 4686
2872 3851
2774 4629
1604 1760
2979 4847
4063 4107
730 3709
2287 2645
3078 3809
2669 4977
2148 4022
3123 3894
3370 4154
2820 4802
1191 4406
783 3333
968 4037
2148 2918
3417 3647
2624 3800
2877 3370
4483 4971
1619 4302
1914 4991
2592 4971
4027 4036
4456 4861
928 4483
1415 3709
1464 3165
3645 3720
2481 4007
4168 4406
1258 4902
1824 2328
2002 4371
63 4736
2284 4847
2969 3217
2085 3723
3363 4126
1282 4802
1689 4866
2360 3158
2360 3723
1915 4515
1576 3823
1406 3398
1392 1681
1593 2263
4126 4781
2467 4810
875 3222
320 4287
2173 4483
728 4961
1759 4629
2049 2836
1688 3721
2697 4736
2872 3720
690 3619
712 4789
624 3894
3158 4754
302 3968
4608 4831
1576 3996
1771 2515
2346 2568
570 4315
1909 4602
807 4314
4456 4886
65 3963
3532 4511
236 4218
4107 4649
529 3809
3340 4294
3269 4723
2774 4403
3495 4924
1914 2054
2788 4736
2096 4613
830 3758
3931 3992
3996 4649
3448 3823
1142 4969
2634 4918
1717 2162
1874 2164
2360 4969
2952 4269
3873 4406
2632 3734
323 807
4168 4325
2234 4602
2539 2952
3878 4789
1348 4858
2465 4723
2788 3574
3083 4473
3800 4736
2130 4810
2978 4649
1724 4829
3668 4629
3037 4064
690 3709
1279 3574
168 3217
272 2957
3758 4456
374 4602
2239 2373
2820 4781
2360 4686
3726 4608
3873 4649
2645 4107
3931 4670
2533 4279
1432 3165
348 4285
529 4010
1421 2969
3216 4670
2740 3265
3367 3931
3987 4571
2239 3062
3584 3824
3758 4052
2449 3259
2669 4609
2586 4918
789 4648
791 4969
427 4609
3346 4435
1185 4969
1007 4844
2505 2874
2791 4686
665 3992
4285 4885
2091 3062
788 4861
3269 4602
1235 4918
1915 3619
2177 4130
2349 4847
2669 4858
875 4666
2680 4172
4403 4724
3862 4670
3216 3499
3961 4465
1780 4419
63 2895
2238 2993
2396 4154
3819 4435
4287 4810
320 4789
788 3668
2085 4754
92 4886
2101 2568
3776 3942
4055 4483
2645 4991
4458 4571
1421 3272
2275 3024
1007 1406
1990 3569
1329 3758
131 3502
873 4858
4483 4844
3963 4789
2146 4648
1348 2788
731 966
2173 2592
3189 4810
1464 4130
787 4480
3346 3735
2465 4918
1392 4991
3594 4615
34 4789
2891 3158
3340 4435
1496 2969
3532 4056
2624 2686
3123 3370
3553 4480
1546 4802
3682 3996
2614 4172
1797 3502
3037 3553
1086 4458
362 2907
2780 2784
944 4723
1081 4279
391 2957
3773 4918
2891 4218
2346 3502
730 3591
4055 4315
1465 2632
3860 4571
1667 4802
2645 3823
1909 2234
2449 4902
4027 4897
1466 4666
3723 4648
2883 4991
4279 4608
4208 4602
3506 3657
3931 4736
1990 3241
2593 4440
2096 3647
1062 4897
731 4723
1518 4027
247 3189
4419 4969
1329 4599
1323 4971
1348 4977
1990 4991
1465 4557
1761 2918
2275 3448
1874 4130
1288 4886
35 2346
391 2162
2591 4977
1134 4961
1392 4885
250 4977
2624 4670
2786 4613
3584 4829
1704 4279
2021 3569
1374 4969
35 4225
3554 4084
2784 4007
3532 4037
3824 4315
1277 4781
2533 4608
3734 4648
283 4456
1874 2910
1520 4754
2234 3961
3265 4052
3448 4649
2872 3645
4601 4977
4010 4557
4802 4918
1235 4781
3682 3823
3961 4208
2284 3259
2096 4168
3398 4991
4168 4458
250 4670
2296 4629
1134 2877
3996 4285
3734 4754
3735 4897
1073 4456
3165 3645
4406 4571
3569 4285
305 4608
3712 3726
3506 4924
1993 4036
131 3217
968 4056
3340 4897
4325 4458
556 4781
652 4601
2463 4858
2952 4977
4511 4608
830 2331
4027 4599
2177 4601
733 4371
1293 1679
3712 4754
4736 4977
2192 4608
2616 4781
155 962
2786 4325
2021 4456
942 4208
1689 4435
2910 3645
1392 3996
1329 4886
1717 2284
362 2373
3367 3968
464 2794
2270 4831
3119 4456
3363 4465
4314 4403
3499 4977
3747 4736
830 4599
4700 4918
3340 4036
2686 3931
3987 4168
2647 3024
391 4847
3189 4571
1520 2146
665 4858
4810 4885
1170 2054
1194 3037
928 1986
3931 4858
2592 4480
3436 4609
1873 4852
3118 4844
3210 4920
1056 4969
3862 4609
530 4897
2838 4724
3532 4064
3569 4991
1375 2107
2021 4886
2137 3272
1170 3307
1637 3851
624 3657
1761 3963
834 2804
652 3992
1771 4480
4022 4270
4700 4802
737 3498
1465 2473
1338 2969
1794 4007
247 3987
1775 3963
481 3801
2591 3367
2101 4225
1794 1985
3123 4920
3873 4613
49 3747
1329 3735
3328 4649
2838 3668
1031 4149
627 4700
1761 3254
3726 4831
1915 4629
3448 4440
3619 4861
3987 4810
2794 4483
2300 4613
927 4829
1693 4724
2907 3961
4885 4991
4052 4847
1323 4844
2033 3726
1134 3709
1804 4648
3645 3963
3894 4126
3956 4419
3833 4831
3119 4511
332 3824
374 4294
2055 3819
1375 4897
1909 4723
4287 4902
1235 4700
942 4723
1520 3158
4269 4977
2614 3942
1847 3035
236 4686
3158 4781
2146 4754
3657 4724
1717 2979
3116 4831
4670 4977
452 3992
2288 3833
3267 4666
3721 4056
1421 2346
4648 4686
3316 4918
2539 4670
1637 3878
2054 4991
1797 1811
23 3189
2331 4036
4084 4403
323 4208
3222 4666
3873 4325
1688 3267
4218 4648
2686 4403
85 4615
2505 4781
2239 3333
3682 4107
4154 4924
99 4977
1760 4897
581 4969
1794 4615
2049 4515
2539 4977
3819 4036
3800 4977
205 4666
581 2360
1914 3569
2788 3747
3062 4149
3150 4371
4270 4902
2463 4419
283 4866
1724 4844
3800 3935
1465 4010
3800 4670
1226 3333
23 4458
1916 2300
4037 4666
3241 4063
23 4571
1185 3648
2593 3809
2500 4971
3747 3992
783 4557
3594 4007
481 4686
3823 4991
3569 4885
530 4435
1949 4218
2804 3682
3870 3956
4172 4971
4515 4861
1804 4724
2465 4781
2978 4885
1007 3584
4419 4700
4371 4897
4515 4629
3723 4225
3210 4961
1520 3956
3554 3961
3712 4648
2349 4885
860 4810
2836 3201
4218 4419
2533 3726
20 3272
2500 3584
3569 3823
3968 4609
1094 4168
4154 4961
1362 3333
2505 4918
1282 3316
3119 4831
3241 3307
1309 4269
2774 4861
2493 2979
2593 4010
2473 3078
3709 4465
3968 4858
1949 4648
1934 3833
3645 4789
1323 4315
2794 4829
2239 4010
3720 4601
2505 4270
2270 3776
1996 2304
1309 3499
1681 3647
2074 3819
4483 4829
1688 4064
2074 4435
4294 4723
4371 4435
1086 3566
3037 4852
2014 2786
2819 3956
3024 4285
4473 4844
2634 4056
2515 4601
2130 3647
3116 3119
3369 4064
1576 2647
724 4440
3809 4557
1775 4789
2085 3956
3216 4858
332 4971
2493 3770
2328 3369
2624 4736
2891 3870
3833 4608
2539 4609
2680 4971
1900 3254
2976 4866
3328 3996
791 3870
1717 2740
2238 3265
712 4130
2236 3966
3721 4852
3499 4456
3037 3369
2539 3747
724 4010
3328 4107
2794 3118
1593 4302
2328 3963
1604 2510
1752 1946
2164 2910
1081 3584
2669 4670
3222 4480
2162 3498
1415 4961
1752 4924
2422 4844
49 4609
4027 4371
1797 4847
3083 4315
2146 2780
2592 3824
33 4649
3770 4847
2957 3265
427 4977
3386 4852
2467 4458
1362 4666
4294 4599
43 3515
3340 4055
2473 4557
3824 4613
247 3647
1804 2938
2085 4686
2804 3773
2536 2791
4609 4736
469 4064
2819 3734
4036 4456
1699 4961
1056 4754
408 3823
1894 3833
1996 3594
9 3340
3272 3502
1634 4700
1797 2957
2971 4557
2465 4700
2895 4847
3189 3987
3027 4511
3259 3265
2515 3878
2238 4052
41 3720
1594 4861
3726 3911
3723 4419
3942 4608
1170 1914
2910 3254
3158 4969
3222 3369
1041 3735
1699 3591
1900 4458
737 4052
2049 4724
3369 3553
172 2957
2373 3078
1900 4601
2349 3035
272 4847
205 4852
3712 4419
408 4063
2819 4419
1415 1946
2820 4435
155 760
1619 4615
2396 3370
3619 4961
1362 3721
2591 2697
35 2568
1604 4154
496 4571
4440 4557
1466 3823
1914 4885
2630 4609
2957 4847
2130 4831
2262 4991
938 3647
2874 4270
2624 4858
2287 2804
3267 4480
1203 2993
2331 4371
3269 4084
3078 4440
355 2033
4403 4629
2441 4218
2632 4419
3720 4130
3833 4511
2804 4063
1428 4084
3116 3942
3340 4371
1637 2177
1760 4027
3911 3942
520 3712
3911 4511
1900 3645
2978 4315
2270 3116
2014 3566
1934 3911
962 4724
4649 4886
3116 4511
4465 4920
1891 4861
360 3942
2226 4084
2296 2836
1520 4969
20 4225
1496 3502
2632 4648
2780 4302
1062 4886
3265 4107
1699 3619
2786 4810
3265 4847
3931 4977
2422 4829
2463 4670
4686 4969
3024 4107
131 2346
3591 4920
1279 4847
2300 4406
4406 4613
1282 4781
731 3332
2969 4225
944 1428
1279 4052
3417 4168
1282 4700
1946 4154
2473 4149
2591 4858
2239 3436
2740 4125
408 2883
2164 3878
2107 4866
3222 4064
205 4608
2976 4027
3217 3272
3935 4829
2091 3333
1520 4419
4269 4858
4270 4781
1073 4866
2510 4897
3956 4648
3648 4969
4126 4154
2634 4902
92 4866
2877 4961
1688 4852
3369 4666
3267 3721
1604 4866
2101 3217
2592 4829
4126 4920
2591 4609
1647 4557
2786 4168
2467 3873
4056 4666
1990 2883
2148 4781
43 3956
4154 4465
2021 4022
2910 4601
1704 3726
2300 3647
944 4831
1348 4403
652 3851
3682 4920
1147 2473
2177 4789
452 2697
355 2614
374 3446
2757 4039
2275 2804
1415 3495
2819 4969
3540 4325
2441 4473
873 4736
1338 4225
2002 4866
254 4852
2952 4736
3367 3800
1546 2586
1873 4666
2287 3024
3123 4126
3824 4844
3645 3878
4666 4852
4480 4852
3747 3968
787 3386
2786 3189
4302 4615
860 4406
3723 3734
1593 2784
2463 3734
3436 4977
3966 4465
4403 4515
205 3721
1309 2788
730 4902
496 4810
481 4218
760 3931
4037 4056
2522 3045
2463 2819
742 3770
3554 4294
3554 4723
3584 4473
2938 4861
2226 4314
2645 3241
2568 3346
3332 4084
3734 3870
1811 2568
2791 3648
2173 4829
250 4858
3417 4602
1025 4924
1667 4902
3591 4465
4723 4781
624 4920
2139 2838
938 4325
3035 3770
2481 4615
4314 4602
3222 4154
1996 2226
624 1946
3165 4601
3123 3966
1914 3346
1212 3333
2510 4435
3569 4852
1081 4608
2969 3931
3942 4279
581 1056
3201 3668
3935 4609
907 4810
3316 3860
3987 4613
2262 4649
3992 4269
1212 1934
2014 4613
4125 4613
556 4802
172 4052
2891 3712
1108 4649
1934 4608
4406 4810
3577 4670
1689 4557
2378 4920
3332 3446
1985 4615
3045 4918
728 3894
2510 4724
3201 4724
3992 4969
2074 3150
3968 4269
9 4599
556 3045
1203 4847
3726 3776
1194 4480
1797 3265
2177 3165
2978 3569
2510 4886
3963 4601
3083 4483
3870 4648
2021 4371
3216 4609
2239 4557
3367 4977
2522 4781
1780 4686
4022 4781
774 3370
2593 2971
4465 4961
360 4831
2287 3398
1986 4483
2236 4961
2373 3515
4599 4897
2774 4924
2757 4615
272 3770
2877 4920
2740 3259
2515 3720
348 1170
2978 4285
1679 1911
4055 4829
3241 3996
2874 4902
1432 4789
3340 4456
2697 4858
3386 4056
1993 4897
3062 3515
1375 2510
2874 4700
520 4754
63 4724
760 3862
2511 3758
4670 4920
3819 3942
529 2373
2836 2938
155 1147
1693 4861
2697 4609
1681 4810
4325 4613
1949 3712
2139 4961
2952 3992
2378 4465
1900 2918
35 3217
2360 3712
3723 3801
2593 4149
665 3935
3150 4435
1432 3963
2333 2465
20 1811
1212 3078
860 4613
355 4608
4172 4473
1688 4666
3996 4885
20 2346
4037 4480
3269 3619
3222 4852
1428 2616
3801 4754
3824 4483
3894 4465
2971 4010
3495 3709
854 4063
3045 4802
1518 4371
3758 4435
3222 4037
742 2979
3878 4601
3201 4403
315 3851
3217 3961
33 4063
4287 4700
3307 4063
968 4852
2895 3201
3446 4403
323 3954
4287 4781
43 4149
2263 4615
3150 4886
3267 4037
1108 4885
1451 4055
1099 4858
912 2511
1873 3532
2014 3987
2957 3498
2275 3682
2907 4314
4670 4858
2396 3210
4599 4866
281 3770
2422 4723
4084 4294
1780 4754
1362 4852
2226 2304
2192 4831
1097 4866
4285 4991
2287 4063
348 4885
2680 4473
4419 4754
281 4052
3328 4063
2522 4902
3758 4886
2877 4465
556 4270
3436 4736
360 4511
2467 4168
272 3574
3723 3956
1086 4613
1760 4036
2349 3498
1914 2164
3819 4456
2794 4473
1593 4615
2616 4270
2463 4269
323 4403
1891 3773
724 2971
1916 4613
760 4670
944 4208
2614 4279
3747 3862
3116 4608
3657 4924
4218 4969
4440 4515
3436 3499
529 4557
1282 4302
4269 4736
1392 3398
3931 4666
2130 4406
3911 4608
2647 4991
320 4601
774 3210
2054 4063
1073 1375
3942 3956
1759 2774
3935 4670
2630 4858
854 4991
2568 3502
469 4852
733 4861
1226 4010
168 4225
3346 3758
1062 1375
1406 4107
1679 4314
944 4294
1421 4225
3553 4473
2804 3448
2505 4802
2074 4886
2838 2938
2234 4294
1637 4130
938 4613
4861 4924
2192 2533
2647 3935
907 4325
1775 4601
2616 4902
3386 4666
99 427
481 4969
1348 3747
3860 4902
4022 4902
63 4515
2780 4615
1760 4456
3316 4270
35 2969
3726 4511
3577 4977
315 2515
305 4831
760 1348
3800 4269
1203 4052
3894 3966
4084 4314
3532 4852
1824 3723
41 3851
3801 3956
1699 4920
1309 4977
2669 3862
1185 4419
2533 4511
3569 4649
3027 3942
4279 4831
2139 4920
3961 4723
624 2465
3506 4861
3398 3448
2891 4754
1194 3267
3648 3712
3931 4609
2978 3996
2536 4609
3216 3747
2522 4700
3333 4440
1226 3515
1466 1873
3307 4991
2226 3332
1634 4781
3119 3911
3801 4648
4602 4723
408 4991
1717 4403
4670 4736
3119 3833
742 2238
938 3540
1894 3116
3210 3894
1759 3201
4270 4918
1934 4831
728 4465
2300 4125
735 2938
469 3267
3801 4480
2137 3502
4130 4601
2096 3987
2630 4977
2614 4831
1428 4602
2085 4969
627 4902
2976 4371
2403 3966
1212 3809
3873 4810
4055 4172
2510 4866
2234 4314
2568 4225
1993 3735
1185 4648
3417 3566
3776 4511
3417 4458
2891 4648
3942 4511
3540 4125
1824 3966
1392 2054
3553 4056
2938 4724
3386 3553
2794 3824
1647 4149
3307 3996
1197 3824
3726 3942
3499 4736
1986 4844
2346 4225
2049 4629
254 4480
3870 4686
332 4172
522 4435
1604 3158
65 4789
1041 4456
1804 2895
1594 4724
2403 3363
3992 4754
1894 4608
3966 4924
23 4629
3992 4609
2049 4861
2449 4781
2505 4902
968 3386
731 3446
3584 4971
1993 3346
2586 4270
4125 4168
1421 2137
3417 4325
2740 4052
1293 4602
2591 3216
1191 4613
4858 4977
3045 4700
1147 4515
1900 4789
907 4458
570 4829
3078 4010
4125 4458
962 2836
3045 4781
2632 3870
2130 2493
927 4852
2403 4920
1794 4039
481 4419
99 3747
3862 4269
1667 4781
3992 4977
2969 4844
2788 4269
2788 4858
85 2757
1288 1414
3201 4861
927 4480
3894 4920
1990 3996
283 4371
2373 4440
1911 4084
4435 4886
4601 4789
1309 4858
3862 4736
131 4225
1824 4920
4007 4039
2226 3217
3734 4686
854 4649
2287 4649
3851 4789
4172 4315
2304 4723
2101 3272
4107 4285
4419 4648
2263 2784
3150 4866
938 1916
570 4473
1062 4036
1949 4754
155 3931
834 4991
1406 4649
2592 3448
875 3553
1142 4648
4920 4961
2794 3645
3942 4039
1197 4483
3386 4064
3417 4613
23 4125
4629 4861
3566 4571
3723 4686
1446 2481
85 4007
787 927
2883 3823
3118 4473
1996 3961
1108 3398
3417 3540
4208 4314
2819 4218
912 4007
9 4407
20 4975
23 4203
33 3957
34 4365
35 4522
41 4065
43 2999
49 4893
63 4060
65 3806
85 4247
92 4489
99 991
131 4307
155 3702
168 2136
172 969
205 4745
236 2985
247 4017
250 4009
254 4787
272 4793
281 1239
283 4896
302 349
305 4811
315 4725
320 4837
323 4910
332 722
348 4240
355 1339
360 4433
362 2754
374 4705
391 392
408 3674
427 1169
452 3135
464 3681
469 4907
477 4429
481 3608
496 2290
520 4449
522 3528
529 2490
530 4776
556 4245
570 4449
581 4306
624 3292
627 4763
652 4251
665 1417
690 3732
712 4904
724 3146
728 4997
730 4155
731 3810
733 4763
737 4906
742 2266
760 4167
774 4593
783 4496
787 1188
788 4859
789 2619
791 1047
798 4710
807 3345
830 1231
834 4770
854 949
860 2301
873 4871
875 4864
907 4536
912 4463
927 929
928 4921
594 938
942 4877
944 3381
962 4835
966 3442
968 1161
1007 1917
1025 4720
1031 4842
1041 2899
1056 4791
1062 4865
628 1073
1081 4705
1086 4441
1094 4794
1097 4479
1099 3212
1108 1762
1134 3614
1142 3794
1147 4794
1170 2556
1185 4912
1191 4054
1194 4972
1197 4624
1203 4987
1212 4894
900 1226
1235 3315
1258 2734
1238 1262
1277 4739
994 1279
1288 1716
1293 4429
1301 4911
1309 1649
1323 3673
1329 4706
1338 3129
1348 2999
1362 4996
1374 4079
1375 4427
1392 4546
1406 4546
1414 2660
1415 4869
1421 4719
1428 4899
1432 1851
1446 4906
845 1451
1464 1595
1465 4854
1466 2444
1496 4942
1518 4680
1520 4640
1546 4157
1576 4489
1593 4944
1594 4931
1604 4356
1619 4879
1634 4368
1637 4330
1647 4891
1667 1714
1679 3432
369 1681
838 1688
1689 3952
1693 4814
1699 2024
1324 1704
1717 3470
1724 4460
1752 4989
1759 4917
1760 4679
461 1761
1771 3609
1775 3139
1780 4710
1794 4965
1797 4212
1804 2524
1811 4752
1221 1824
1356 1847
1873 4815
1874 4793
312 1891
1894 4710
1772 1900
1909 2565
1911 4024
1914 4093
1915 3234
1916 3717
1934 4932
1946 4588
1949 2589
1985 3360
1986 3806
1990 4408
1993 3960
895 1996
2002 4582
2014 4488
2021 2947
2033 3744
2049 4814
2054 4162
2055 4739
2074 3302
2085 2264
2091 2506
2096 3611
619 2101
2107 4564
2130 4839
2137 3418
2139 3689
2146 4510
2148 4753
2162 4493
2164 4550
2173 4099
2177 3883
2192 4281
2226 4408
2234 4903
850 2236
2238 4478
2239 4100
2262 4933
1320 2263
2270 3849
2275 4374
2284 4780
2287 4768
2288 4975
2296 4814
2300 4312
2304 4205
2328 3884
1411 2331
2333 4140
2346 4900
1291 2349
2360 3461
1666 2373
1683 2378
904 2396
2403 2439
1423 2422
2441 3811
2449 3575
2463 4156
2465 4926
2467 4959
2473 4035
2481 4940
2493 4694
2500 4364
2505 4787
2510 4619
2511 4870
2515 2578
2522 4733
2533 2575
2536 4598
2539 3534
2568 3357
2081 2586
2591 4272
2592 4771
2593 2596
2614 4262
2616 4862
2624 4903
1861 2630
456 2632
2634 3600
2645 3625
2647 3573
701 2669
2680 4771
2686 4996
2697 3214
2740 4050
2757 4356
2774 4486
558 2780
2784 4694
887 2786
2788 4968
2791 4245
2794 4900
2804 3416
2819 4265
2820 2939
2836 4814
2838 4814
2872 4438
1411 2874
2717 2877
2452 2883
2891 4900
2895 4425
2093 2907
2910 3691
2918 3675
2635 2938
2952 4382
2957 3549
2969 4333
2971 4776
2976 4890
2978 4744
2683 2979
2071 2993
1310 3024
3027 4630
3035 4986
3037 4981
3045 4281
3016 3062
3078 3231
1642 3083
1513 3116
3118 4771
3119 4558
3123 4443
790 3150
3158 3687
3165 3810
3189 3297
3180 3201
3210 4911
1615 3216
2176 3217
3222 4361
3096 3241
3254 3884
3259 4727
2930 3265
2850 3267
3269 4942
3272 4158
3307 4908
3046 3316
3328 4938
3332 4121
1823 3333
2158 3340
3346 4784
3363 4598
3367 4323
3249 3369
3370 3948
3386 3950
195 3398
676 3417
3436 4837
3446 4712
3448 4593
3495 4071
3498 4592
3499 4344
1580 3502
3506 4814
3515 4773
2755 3532
3540 4356
3553 4946
3554 4758
3566 3831
1857 3569
3574 3753
3577 4409
606 3584
2861 3591
2389 3594
3607 3619
1030 3645
3647 3921
3648 3828
3657 3753
2004 3668
2964 3682
3061 3709
3712 4542
3720 4912
3721 4556
818 3723
3726 3994
212 3734
3735 4672
2588 3747
3758 4237
3770 4034
3773 4451
3776 3779
3800 4124
3801 4756
335 3809
3819 4334
3823 4457
273 3824
3833 4132
929 3851
3860 4632
1155 3862
3315 3870
3873 4780
3042 3878
3894 4997
3911 3969
3931 4196
2557 3935
3592 3942
2955 3954
1803 3956
3961 4932
3139 3963
2963 3966
3968 4399
2277 3987
525 3992
3996 4005
3882 4007
4005 4010
4022 4567
4027 4672
4001 4036
4037 4950
2801 4039
2867 4052
4055 4165
3627 4056
4063 4261
373 4064
4084 4738
1940 4107
3767 4125
4126 4527
4130 4340
1944 4149
4154 4693
3268 4168
4171 4172
3239 4208
1757 4218
4225 4342
4269 4761
4270 4915
4202 4279
4285 4292
4023 4287
3439 4294
4302 4681
2031 4314
3616 4315
3025 4325
4371 4693
895 4403
4406 4488
4419 4854
2649 4435
4440 4583
4456 4776
4304 4458
3470 4465
3827 4473
4480 4504
4483 4643
4498 4511
4132 4515
4557 4914
4488 4571
4599 4757
1204 4601
4576 4602
4257 4608
2472 4609
4613 4753
3882 4615
4086 4629
4648 4660
274 4649
4666 4929
3247 4670
2881 4686
3268 4700
2933 4723
4724 4999
2693 4736
4442 4754
1492 4781
4789 4791
2550 4802
3271 4810
181 4829
2035 4831
4836 4844
2157 4847
3186 4852
4530 4858
4850 4861
1346 4866
3692 4885
503 4886
4878 4897
4899 4902
4066 4918
4443 4920
1620 4924
4450 4961
4872 4969
3102 4971
3148 4977
4991 4998
9 4375
20 4765
33 4524
34 3190
35 4488
41 2245
43 3531
65 4732
85 4678
99 1879
168 3086
172 4058
236 3783
247 3547
250 2916
272 4824
281 2917
283 3832
302 3615
305 4954
315 4262
323 1862
332 4849
348 4359
355 3892
360 4322
362 1569
374 4757
391 3624
408 2529
452 3460
464 4892
477 4719
496 3251
520 1321
522 4503
529 3535
530 681
570 4572
581 4284
627 4777
340 690
728 4437
731 4292
733 3779
737 4968
742 3162
760 1232
774 4926
783 4617
787 3978
788 4382
789 4276
791 4819
798 4132
834 4569
854 874
860 4364
873 4484
875 3221
907 4493
912 2958
928 4524
938 4514
942 3021
944 3400
962 4868
966 4877
1025 4060
1031 4808
1041 4910
1056 3678
1062 4808
1073 4296
1086 2527
1094 1744
1097 4423
1099 4118
1108 2555
1142 1852
1170 4042
1185 4262
1191 1597
1194 2213
1197 4936
1203 3230
1226 4826
1235 4925
1258 1439
1262 3804
1277 4006
1279 4164
1288 4995
1293 1551
1309 2460
1323 4812
1329 4656
1338 4356
1348 3950
1362 4438
1374 4779
1375 4445
1406 4827
1414 4803
1415 4997
1421 4560
1428 4468
1432 4498
1446 3898
1451 4512
1465 1842
444 1496
1518 4155
1546 3596
1576 4910
1593 4600
1604 2323
1619 4162
1634 4597
1637 4882
1647 4271
1667 4516
1679 3969
1681 4579
1688 3408
1689 4617
1693 3572
1699 2876
1704 4382
1717 4705
1724 4891
1752 3792
1759 4464
1549 1760
1388 1761
1771 4948
1775 4485
1780 2440
1794 4378
1811 4066
1824 4956
1847 4291
1063 1873
1874 4815
1891 1980
1894 4785
1900 3732
1909 3513
1911 1950
1914 4839
1915 4642
1916 2008
1934 4374
1946 4539
1949 3483
1013 1985
1986 2093
1988 1990
1820 1993
2002 4492
2014 4634
2021 3976
2033 2930
2049 4166
2054 4035
2055 4821
2074 3605
2085 2792
2091 2625
2096 3287
2101 3917
2107 4794
2130 4600
2137 4676
2139 4730
2146 4397
2148 4913
2162 3162
2164 4093
2173 4771
2177 4928
2192 4821
2226 4635
2234 4877
2236 4593
2238 4860
192 2239
2262 4679
2263 2274
865 2270
2275 4162
2284 4088
1024 2288
2296 3866
2300 3856
2304 3251
2328 3410
2331 4143
924 2333
2346 4316
2121 2349
2360 4472
2373 4640
2378 4593
2396 4053
2403 3093
2422 4951
2441 4338
2449 3585
2463 4618
1719 2465
2467 4932
2306 2473
2481 4965
2022 2493
2500 4994
2505 4451
1898 2510
2511 4383
2515 4014
2522 3072
2533 4704
2536 3305
2539 3264
2568 4842
2550 2586
2591 4074
2592 2654
2612 2614
2616 2914
2621 2624
2609 2630
2632 4362
2634 4771
2645 4749
2647 4943
2669 4642
2680 4305
2686 4884
2685 2697
2740 4607
2757 4317
2774 3257
2780 4323
2784 4710
2786 4951
2788 4626
2702 2791
2794 4040
1092 2804
2819 3718
2820 4290
2836 4970
2838 3104
2872 4687
1434 2874
2877 3609
2883 4162
83 2891
2895 3667
2907 4877
2910 4290
821 2918
2938 4794
2952 4916
2957 3302
2969 4129
2303 2971
1242 2976
2978 3762
2979 4851
2993 4980
3024 4338
3027 3666
3035 3673
3037 4610
3062 4122
1023 3078
3083 4383
3116 4863
3118 3152
3119 4464
3123 3629
3150 4487
3158 4975
3165 4542
3189 4667
3201 4254
3210 4880
3216 4684
3217 4962
2581 3222
3241 3335
536 3254
3259 4466
1975 3265
3267 3692
2220 3269
3272 4854
1714 3307
3316 4714
3328 3940
3332 4441
3333 4935
3340 4464
3346 4046
3363 4997
3367 4610
694 3369
3370 4997
3386 4133
3398 3659
3417 4532
3436 4338
3446 4418
3448 4065
1098 3495
3497 3498
3499 3736
3502 4150
3506 4960
3515 4645
3305 3532
3540 4488
3553 4911
3554 4877
3566 4811
3569 4914
3230 3574
3577 4849
3584 4771
3591 4443
3594 4386
3619 4329
123 3645
3075 3647
3648 4795
3657 4814
3668 4348
3682 4262
3709 4614
3712 4120
3720 3884
2528 3721
3726 4655
1116 3734
2830 3735
3747 4586
3758 4798
3770 4794
3773 4794
1461 3776
3800 4586
3248 3801
3660 3809
2078 3819
3823 4176
3824 4481
1979 3833
3851 4807
3860 4382
3467 3862
3454 3870
3873 4762
3538 3878
3894 4606
1154 3911
3931 4881
3935 4780
2672 3942
3954 4773
3956 4001
3961 4777
1569 3963
953 3966
3745 3968
3987 4417
2765 3992
2650 3996
4007 4965
3665 4010
3593 4022
4027 4707
4034 4036
1364 4037
2892 4039
4052 4058
4055 4412
2496 4056
3888 4063
4064 4163
48 4084
2813 4107
3981 4125
4126 4470
2677 4130
4149 4357
2092 4154
4168 4814
4172 4517
3449 4208
4218 4912
4225 4227
2812 4269
4270 4317
4279 4466
1529 4285
4287 4966
3867 4294
3137 4302
3746 4314
4315 4318
30 4325
4272 4371
4403 4794
2280 4406
3985 4419
257 4435
4021 4440
4446 4456
4458 4488
4083 4465
4473 4882
4311 4480
4483 4819
3525 4511
4012 4515
1842 4557
2763 4571
4104 4599
4601 4871
4602 4634
4597 4608
4607 4609
3821 4613
3812 4615
4181 4629
4648 4846
4436 4649
4652 4666
4670 4684
3900 4686
4560 4700
4723 4837
4724 4794
4412 4736
4752 4754
4160 4781
4464 4789
4786 4802
4810 4814
4778 4829
4104 4831
4011 4844
3867 4847
3526 4852
4190 4858
4132 4861
3802 4866
1591 4885
4818 4886
4851 4897
3950 4902
4918 4963
3570 4920
4443 4924
4449 4961
4236 4969
4701 4971
2857 4977
3702 4991
20 4572
41 3884
168 4677
236 2212
302 3763
315 3054
332 2799
348 4910
408 4637
520 3986
529 4614
690 2376
742 4783
783 4954
787 3834
834 4489
854 3194
912 4395
928 4690
942 3388
966 4925
1062 4631
1108 4544
1203 3365
1226 2188
1262 1928
1277 4916
1288 4707
1323 4836
1329 4639
1374 4506
1406 4489
1421 4445
1446 4264
1518 3361
1546 4230
1593 4965
1634 2736
1667 2416
1679 4261
1693 4464
1699 3902
1724 3635
1752 4959
1759 2666
1760 2307
1771 4626
1775 4077
1811 4413
1873 4717
1874 4362
1891 4814
1911 4877
1915 4354
1934 2031
1985 4965
1986 4350
1990 4658
1993 4561
2002 4668
2014 4877
2049 4772
2055 4728
2074 4379
2096 4767
2107 4816
1401 2137
2139 4385
2162 4600
2173 4605
2177 2395
2234 2744
2236 4242
2239 3350
2262 4769
2263 4965
2270 2559
2275 3161
1881 2284
2288 3587
2296 4967
2300 4973
2304 4431
2349 4936
1435 2360
2373 3845
2371 2378
2396 4610
2441 4725
371 2449
2467 4800
2481 4519
2493 4509
2500 4815
2505 4809
2511 4096
2522 4380
2533 4143
2536 4387
2539 3666
2586 4929
2591 4321
2614 4252
2434 2630
2632 3738
2634 4139
2645 4926
2647 4489
2669 4131
2680 4784
2686 4869
2697 3912
2757 4896
2774 4958
2780 4472
2784 4880
2786 4823
2788 4922
2791 4541
2794 4308
2819 3385
2820 3379
2836 3093
2838 4482
2872 4411
2874 4526
2877 4593
2883 4605
2891 4803
2895 3199
2907 2909
2938 4454
2976 3740
2978 3115
3024 4245
3027 4797
3035 4263
3037 4388
608 3062
3078 4959
3083 4263
3118 3974
2672 3119
3123 4312
3158 3642
3134 3165
2163 3189
3201 4794
3216 4312
3217 4715
3222 4621
3241 3960
3254 4643
1125 3259
3265 3293
3267 4179
3269 4501
3272 4444
3316 4139
3328 3698
2124 3332
3340 4627
2527 3363
3365 3367
3369 4632
3370 4204
2326 3386
3394 3398
3436 3444
3446 4247
3448 4489
3495 4725
3498 3916
3499 4963
3502 3837
3506 3983
3515 4870
3532 4905
2341 3540
3554 4439
3566 4792
3569 4162
3574 4605
3194 3577
3584 4876
3591 4641
3594 4965
2006 3619
3645 4806
3647 3650
3648 4904
1380 3657
3668 4464
3682 4785
3709 4593
3720 4123
1959 3721
3726 4774
3734 4459
1669 3735
3727 3747
3758 4967
3770 4656
3384 3773
3505 3800
3801 4341
3809 4699
3819 3923
1746 3824
3833 4169
3851 4955
3353 3860
3862 4677
3863 3870
3873 3920
3653 3878
393 3894
3911 3919
2410 3931
3935 4937
3427 3942
3954 4942
3956 4812
3961 4877
3963 4321
3966 4997
3803 3968
2030 3987
3992 4765
3996 4013
4007 4655
4010 4993
4022 4139
4027 4428
3302 4036
4037 4495
3836 4039
4052 4989
3806 4055
4056 4930
650 4063
3059 4064
4084 4877
4107 4489
4125 4488
3314 4126
3729 4130
2840 4149
4154 4997
4168 4513
4172 4512
2728 4208
4218 4809
4225 4709
3905 4269
3237 4270
4279 4376
4285 4489
1574 4287
3838 4294
4302 4386
4314 4877
3817 4315
3727 4325
4371 4722
4403 4461
4358 4406
4419 4594
4009 4435
4440 4869
4458 4750
4465 4997
3763 4473
2965 4480
4483 4883
4502 4511
4515 4583
4557 4604
3670 4571
4599 4755
4601 4797
4602 4877
1858 4608
4609 4830
2538 4613
4392 4615
4464 4629
4626 4648
2924 4649
4179 4666
4670 4674
4686 4758
4081 4700
4723 4729
4724 4990
4736 4927
3687 4754
2550 4781
3884 4789
4762 4802
4488 4810
4758 4829
3814 4831
3806 4844
4847 4868
2920 4852
4858 4874
4851 4861
4581 4866
4768 4885
4146 4886
4750 4897
4901 4902
4081 4918
4595 4920
4132 4924
3626 4961
3687 4969
3974 4971
4977 4990
4991 4993
348 4162
690 4997
834 4749
912 4931
1374 4144
1446 4487
1546 4081
1752 4702
1759 4677
1891 4794
1915 3384
1990 4774
2002 4258
2014 2806
2107 3660
2162 4659
2270 4108
2396 4894
2481 4591
2500 4073
2536 3232
2630 4702
2632 4454
2680 4400
2686 4730
2757 3882
2780 4965
2791 4888
2819 4632
2838 4857
2705 2872
2907 4116
2976 4947
3083 4975
3201 4446
3216 4362
3254 3552
3259 3975
3269 4438
3328 4726
3369 4994
3370 4083
3386 4531
3495 4083
2975 3498
3502 4194
3515 4657
3566 4894
3574 4927
3584 4610
3591 4997
3619 3699
3645 4692
3647 4722
2102 3648
3657 4834
2257 3709
3721 4579
3726 4424
3653 3735
3770 4986
3800 4808
3257 3801
3819 4878
3824 4726
3573 3851
922 3860
3862 4937
3870 4128
3878 4957
3894 4916
3911 4916
3931 3938
3935 4687
3956 4430
2527 3966
3996 4904
4010 4552
4030 4037
4039 4965
4052 4994
4055 4771
4056 4589
4063 4741
4084 4914
4107 4976
4126 4997
3385 4130
4208 4999
4200 4269
4270 4793
4279 4974
4285 4549
3729 4287
4294 4539
4315 4972
4371 4997
3481 4403
2240 4406
4366 4419
3719 4440
4227 4458
4465 4576
4473 4771
4192 4483
4511 4549
4515 4794
4557 4901
4563 4571
3207 4599
4601 4610
4602 4798
4592 4608
4457 4609
4613 4786
4386 4615
4627 4648
4649 4959
4686 4738
4139 4700
4723 4877
4464 4724
1764 4736
4754 4807
4747 4781
4189 4789
3636 4802
4810 4826
4771 4829
4831 4873
4083 4844
3058 4852
4200 4858
4081 4861
4614 4866
4796 4885
4882 4886
2405 4897
4704 4902
4918 4954
4593 4920
3384 4924
4935 4961
4965 4969
4771 4971
4778 4977
2991 4991
2396 4593
2791 3853
2976 4487
3201 4791
3254 4800
3498 4740
3502 4901
3801 4346
3870 4690
3878 3893
4269 4384
3415 4287
4315 4771
4371 4587
4403 4877
4406 4801
4440 4469
4454 4458
4465 4620
3817 4473
4464 4515
4557 4594
3973 4571
4555 4599
4587 4608
4615 4965
4675 4686
4582 4700
4491 4754
4081 4781
3541 4789
4793 4802
4211 4829
4028 4831
4805 4844
4793 4858
4729 4866
4885 4939
3724 4886
4395 4918
4814 4924
4611 4961
4905 4969
4801 4971
3793 4977
