4010 4295
1316 4932
3631 4288
4484 4507
1298 3910
4129 4838
2334 4484
2507 3501
4822 4920
2293 4859
225 4912
678 837
757 1973
3300 4998
4543 4915
1596 1960
3440 4822
2536 4403
4061 4577
4404 4967
1371 4734
3333 3874
3544 4489
1049 1220
3234 3753
1893 3665
3536 4808
4882 4915
1141 4915
3464 3545
3440 4734
4152 4571
4841 4912
4545 4745
4562 4841
3440 4920
3453 3482
635 4419
4039 4859
1243 3545
263 2328
3333 4474
665 4246
3234 4305
886 4579
974 3440
2888 4274
3670 4288
1807 2422
1183 2941
2135 2288
261 4549
813 4429
3291 4315
2507 3523
2820 3482
2612 4808
2780 3008
1438 4516
468 4304
1927 4629
1246 3631
2686 2979
2533 3911
1919 4207
3867 4967
2288 3668
3446 4966
1384 4453
2136 4425
4152 4585
3122 4859
3333 4571
4039 4841
3585 4821
2538 4167
3316 4994
4745 4841
3872 4460
692 4010
3967 4333
3668 4302
2107 3446
1066 3237
275 4745
2450 3565
1679 4857
2686 3668
3440 4707
3529 4707
2677 4543
511 1482
3183 4506
2567 4545
4039 4838
229 3271
4129 4302
3937 4562
2538 4920
1788 3919
995 1212
2507 3406
3194 4912
2135 3271
149 4152
2100 4059
2850 3536
3565 3745
3749 4010
806 4543
1707 2230
1749 4808
3219 4790
1596 4506
2499 3446
2675 4302
2398 3435
1578 2677
997 3008
1246 1790
4207 4474
1391 4507
880 4714
4221 4650
28 4629
4429 4562
3006 4932
2934 4577
1760 3784
2422 4288
3859 4821
408 2899
4707 4822
2752 2841
1192 2677
942 4059
153 3867
509 2307
3959 4315
3122 4577
2365 4305
3545 4203
483 4598
2598 4714
3194 4745
2339 3122
3195 3990
3724 4808
780 1903
484 1596
4453 4549
2942 3630
903 4507
1183 4912
2365 3573
4167 4920
3867 4749
2102 4516
3024 4629
1107 4429
692 3749
1683 4734
2097 2674
4650 4712
360 4579
4489 4821
1683 4920
1736 3753
3328 4305
1077 4607
2841 4579
1561 3670
1604 1692
3990 4790
1892 3919
2406 3234
153 4302
4403 4419
3667 4507
1119 4507
790 4424
3819 4859
4274 4841
558 4489
1049 1212
1799 3726
4305 4585
1348 4507
4650 4920
3446 3464
880 4047
451 2941
2787 4304
588 4714
1651 2839
3497 3795
3819 4562
2517 2675
2533 4489
3127 4403
2872 4808
4404 4474
3867 4302
3724 3879
511 4506
2844 4629
3435 4288
635 4753
408 3501
1341 3993
3406 4532
936 4516
3726 4278
3911 4419
3911 4821
3127 3568
3841 4598
3187 4474
2108 4629
3501 4966
4404 4562
3749 3959
1947 3171
2471 2947
2422 4753
3749 4700
1384 4549
3291 4700
1760 4790
1779 4745
3464 4994
2087 3937
3819 4841
3967 4474
1477 4506
3300 4629
4484 4661
1578 2787
35 1893
111 1848
544 4661
1790 3631
901 3435
2063 4994
3271 3855
4047 4340
3163 4516
1001 4152
3773 4932
1892 2494
3522 4998
3773 3784
2669 3534
2136 4528
3187 4571
2839 3534
4598 4808
2334 4967
1196 3695
2588 4394
893 4994
441 1903
1066 4506
889 3773
986 4288
1465 3219
3784 4714
1368 3171
398 3959
1561 3581
2889 4059
4167 4257
2872 4998
506 4707
2471 3033
2519 4032
1732 4598
2519 4932
3745 4246
94 4661
1468 4912
3316 3939
3163 3219
4032 4304
2328 2370
1379 4602
407 3890
2077 4304
2334 4507
468 4278
1001 3753
2475 4707
3053 3568
3821 3837
1534 4915
986 3219
3176 4506
3911 4532
3829 4246
272 4700
1196 4453
3016 4093
3291 3749
2422 3435
4496 4532
1243 4994
3813 4994
1371 4707
3837 4167
144 4822
3724 4607
1192 2183
3837 4707
3404 3837
2097 3460
1145 4093
3910 4129
1919 4571
1212 4602
149 4920
4032 4473
1482 3183
3724 4598
1019 4882
3006 3581
492 4543
2659 4882
3195 4516
415 2135
4562 4700
2554 3911
174 3060
3363 4474
2850 4507
3879 4808
1749 3289
4032 4278
323 3670
3910 4838
1438 4790
3773 4278
1298 4838
4484 4857
3739 3874
1537 3252
2686 3910
901 3006
147 3219
1047 3819
3745 4507
1760 3089
635 3911
4421 4532
3046 3234
3090 3859
1931 3726
2108 3879
1467 4700
2142 3576
1903 4059
3368 3939
2825 3939
3668 4129
2398 3581
3333 3993
3630 3756
1379 4489
2183 4543
2588 3187
3813 4424
1427 4424
1507 2648
2288 4838
3724 4629
2598 3784
3435 3670
269 3784
2339 4061
2333 4496
3630 4543
3118 3621
3749 4429
3406 4821
1196 4425
1058 4093
1807 3670
1384 2167
844 2841
2107 4966
3187 3874
225 4841
2499 4966
1427 3368
3271 3910
2221 4047
2059 2108
1049 3482
4545 4841
147 4790
3757 4598
3749 4295
111 1578
4295 4562
3581 3670
734 3749
3446 4700
174 3453
1075 4424
1507 1807
1175 3446
149 4585
3146 3611
2533 4821
3919 4425
35 3534
2787 4421
2346 4424
28 3406
2538 4707
2841 3568
3726 4304
449 3959
2100 3576
1955 2519
2899 4496
225 4859
2365 3328
2021 3316
544 2947
3529 4167
3993 4560
3314 4598
3536 4607
731 4629
4304 4932
2087 4859
3300 3314
4545 4859
1146 2494
3300 4607
323 1698
1736 4066
2739 3795
3529 4257
1079 4203
3300 3536
468 3773
1196 4549
1077 4010
3236 4822
3146 4577
2780 4460
2942 4882
880 3058
3195 4577
1361 4966
4203 4424
35 183
3536 4598
51 3033
1427 3939
3545 4424
2406 3855
2107 3316
2013 2739
2608 4745
3522 4607
3522 4629
3890 4290
2585 3176
1438 3195
261 4425
408 3859
2934 3990
2934 3163
2434 4734
1651 3534
1369 3611
1047 4039
2986 4489
558 3859
665 2981
1058 4808
1698 3006
2013 4661
286 4221
3522 4598
4439 4571
1058 4549
1231 1679
3745 3829
2692 4700
3058 4278
2942 3444
2261 2780
3665 3872
4167 4295
111 4915
3090 4532
2183 3630
2981 4528
1391 3829
1384 4425
1507 4093
2697 3890
4032 4932
4439 4560
889 4932
3300 4753
3911 4421
1552 3800
2538 4822
1371 4822
484 1482
780 942
1497 3460
4203 4994
542 4994
1927 4607
2107 4734
4598 4998
1330 4545
2942 4507
457 3726
492 3630
3118 4585
1973 2899
1779 4912
2339 4516
397 4661
1066 4066
1119 3745
1344 4288
2471 4661
2850 3593
3363 4333
3939 4203
3219 4577
1905 4207
2659 3756
2697 4994
2063 3939
986 4516
509 4579
2806 4650
174 3176
3046 3753
3183 3581
441 3919
3460 4290
1145 1507
3959 4429
1079 2471
3813 3939
3146 4516
3058 4932
3724 4998
1799 4932
3757 3879
4607 4629
2844 3289
4010 4700
3195 4061
3703 4857
4047 4066
3289 3724
803 4585
1247 4749
1596 2414
3536 4629
1060 3316
1019 2230
886 1368
1430 3821
2451 4496
2585 2840
903 2608
2839 4408
3621 4585
4403 4489
3016 4439
3314 4697
2841 4697
2934 4516
3404 4650
1082 4966
806 4915
1465 4061
3593 3745
3234 4585
558 2507
1497 4714
3667 4543
2872 3536
4419 4532
4061 4790
484 4506
813 2183
3522 3724
2077 4998
3368 4994
3482 4246
4290 4394
3404 4221
803 4305
1596 2840
3312 4734
3368 4203
3122 3163
1185 4093
1058 4453
3312 4920
415 3271
3621 4305
3033 3795
3753 4585
4607 4753
1247 2659
2187 4915
2334 3565
4207 4333
2588 2960
1477 2414
1368 4579
1919 4333
1760 4714
3118 3753
2339 4577
731 3757
2536 3911
1905 4571
1283 4152
146 4429
1834 2142
3529 4822
4333 4474
1931 2017
2142 2494
1736 4912
2230 4857
3122 3990
3867 4129
1427 4966
1430 4822
2692 3749
2221 4506
2107 4994
1246 2648
4315 4532
3874 3967
1348 4246
2813 4333
635 4421
3841 3879
3879 4607
1892 2100
1430 4734
1561 4093
2813 4745
3312 4707
1019 4857
2979 4404
3859 3911
3316 4203
2947 4661
2471 2739
3058 3773
4749 4882
121 3695
4419 4496
844 2612
2450 4246
2365 4585
3937 4059
2334 4246
4333 4571
3187 4207
2608 3739
3444 4915
3291 3959
2538 4734
3739 4571
1231 2434
2825 3316
3300 4808
3333 4560
3406 4421
4246 4507
4394 4714
2295 3872
94 3795
1341 3118
269 4714
2055 4821
449 4429
3630 4882
1960 4661
2567 4039
558 4821
1077 4295
995 2820
2674 4394
1049 4528
3444 3756
1537 4507
3312 4221
3529 4278
3739 4560
3118 3855
790 4966
457 1799
1497 4394
1736 2585
2185 3757
3726 4473
558 4571
2813 4545
2981 4507
1028 4290
1947 4579
1834 2889
3855 4305
3163 3611
1933 4562
4295 4700
125 4453
3024 3879
3959 4295
3855 4152
3879 4998
3089 3947
790 3813
3006 4093
1774 2307
1955 4932
65 4129
2981 4484
35 4460
483 4629
2536 4489
1075 3621
1368 4697
2598 4290
3937 4274
3990 4516
921 4745
4274 4545
3363 3874
4333 4439
1212 3453
121 3482
1369 4545
1079 3033
3890 4394
3328 3855
1384 2752
3333 4333
2398 4093
2820 4528
4429 4560
4061 4516
1467 3959
2859 4039
1919 4474
2792 3753
3122 4061
4302 4506
1391 3593
1749 4998
4607 4998
3171 4579
1247 4882
2567 4859
3837 4650
3773 4032
4039 4274
2333 3585
1146 2142
2021 3446
286 2136
901 4489
2499 3545
1077 4315
2328 3568
1482 4047
665 4507
3187 3993
2758 4598
1552 3667
2293 4039
2517 4967
3333 3967
1060 3464
3534 3872
1341 4152
3695 4549
1369 4745
1774 4712
1066 4516
1467 3291
3291 4429
3312 4822
3522 3523
3821 4480
4059 4822
4419 4421
1060 4966
2102 4790
1177 4998
2970 4841
1537 2450
4274 4912
3544 4419
1497 4290
4480 4734
1534 4882
269 4394
2567 4841
2167 4528
157 4543
4707 4734
3046 3855
121 4425
1879 1892
2307 2328
1391 4246
3460 4394
4707 4920
308 2055
1079 4661
2806 3529
3668 4967
2899 4532
936 1465
893 4424
1927 3841
2675 3271
1005 3183
1698 4288
1534 2183
3859 4489
2519 4278
3534 4408
1927 3314
360 2100
2108 4808
3837 4257
360 3859
4425 4549
1788 2375
3446 4994
2970 4859
2475 4734
1001 3855
629 4822
3271 4838
562 4571
2107 4203
1005 3176
1561 3631
3061 4838
1736 4506
4404 4571
3163 4061
3739 4474
468 4473
1507 2422
3363 3967
901 3631
4496 4714
2986 3501
3501 4496
3911 4403
1477 4047
4790 4808
3890 4714
2219 4714
995 3060
182 3795
651 1774
4167 4221
3585 3967
4066 4506
51 2739
2102 3163
3236 4753
562 4474
1465 4577
3060 3176
3501 4489
2293 4274
4278 4473
174 4528
1632 4602
4093 4288
3090 4496
1552 2677
2979 4838
1145 3631
2102 4577
2370 2758
4496 4543
121 4453
1732 3090
1578 4915
3667 3756
3328 3753
634 4966
844 3171
146 4790
1283 1312
1807 4288
3756 4915
1879 2889
1543 4528
2859 4859
2986 4532
2013 2947
1534 1933
3163 4790
903 3252
4203 4966
1391 2334
2942 4543
4010 4315
2414 4066
1779 3819
3874 4474
3910 4302
2334 3745
3581 4093
407 4714
3739 4207
1799 4473
1330 4274
4571 4607
2844 3879
1341 3621
2507 4496
4305 4549
2947 3033
2261 3008
1220 3695
1552 2659
451 4629
1427 4994
2981 3829
2187 3667
3460 4714
3667 4882
2017 4278
4577 4790
936 4577
397 1146
3053 4700
3482 4528
1848 4915
2221 4066
174 4549
986 4480
2859 4841
3016 3529
3937 4841
2087 3464
3536 3724
1341 4305
1903 3576
2261 3872
635 4821
3544 4059
734 4700
3753 4152
2536 4421
2422 3061
837 4579
3122 3146
4745 4859
692 4700
2758 3568
1879 4857
3565 4246
506 4257
457 4278
629 4707
225 4274
1477 2585
2612 4039
3291 4295
3406 4419
1141 3756
3060 3695
2451 4532
3668 3867
1066 1736
2669 4408
2840 4047
2055 4421
3368 3464
4629 4998
4425 4453
4207 4560
451 3724
2872 3879
2889 3919
3312 3529
3821 4707
1790 3016
790 4203
465 2669
2333 4421
1736 4047
3312 4167
3176 4066
2375 4059
3784 3890
886 2422
949 4700
588 4998
1933 4882
3368 4966
2598 3890
849 4838
3593 4246
2021 3757
2659 2942
3703 4994
3903 4602
2780 3872
837 886
3855 4585
2888 4912
1788 3576
893 4966
1604 4453
24 4304
2844 4998
4734 4920
986 2339
275 4859
3127 3171
1788 4059
1779 2859
4602 4821
407 4394
2017 4932
3446 3813
398 4315
3497 3947
3033 4661
1077 3291
1082 4424
2697 4882
183 4507
3033 3497
2142 2889
1707 2889
2519 3773
4274 4859
634 2825
4598 4753
4278 4932
4425 4528
2841 4712
3061 4920
3046 4585
229 4838
4302 4967
2135 4838
3176 3919
1001 4585
4966 4994
3668 3910
1879 3576
153 4838
2533 3501
2533 4403
542 4203
3289 3757
1534 4543
1482 4340
2585 4066
3874 4571
921 4841
4403 4821
889 4304
157 4882
2339 4790
3630 3800
3703 4066
144 1430
506 2021
51 1337
1384 3453
1879 3919
1298 4661
3703 4966
2288 3271
1079 3795
4753 4808
2334 2533
2519 4473
806 4882
1047 4912
4838 4967
4453 4912
3089 4714
2850 3829
634 3939
1371 4167
3333 4207
3739 3967
757 4967
4439 4562
4460 4712
562 4439
2375 3576
757 4419
35 4967
3464 4966
3440 4650
1955 4278
146 3611
3536 3841
269 2097
47 4061
921 4859
4439 4474
2475 3890
1005 4278
2677 3630
2406 3046
2888 3937
94 1079
3089 3585
2219 4061
2588 3784
3695 4453
4403 4532
634 4857
1848 4543
3046 3621
3383 4562
1651 1893
3312 4257
441 4059
3316 4966
3757 4808
2451 3501
1145 1698
3939 4966
1927 4598
4257 4920
935 2758
3444 4543
3874 4439
2183 4915
3749 4697
1960 2013
2686 3903
3753 4305
2981 3593
678 3171
3482 4549
28 2554
2686 4967
2692 4295
4473 4932
2806 4246
4543 4882
3545 4966
2136 3482
1893 3008
1247 3444
2981 3745
3060 4453
1848 3444
4167 4707
2021 3813
3903 4967
2567 3937
2451 3911
3872 4408
2055 2533
182 1960
3089 3724
1141 4749
3919 4059
1183 4745
1047 1468
1379 1552
484 4340
286 4920
1692 2136
1028 4394
4340 4602
921 4274
1903 2494
549 4506
511 4340
4474 4560
408 4821
3383 3800
3089 3890
2219 3665
1119 3593
1578 2183
790 4753
1058 3060
1075 4152
3127 4579
4221 4822
3368 4424
3194 4039
1561 3016
2100 4920
2608 3363
4484 4932
1361 4994
2669 2780
1060 4994
174 4425
2538 4221
935 2370
2859 4912
398 4700
1361 4424
323 3289
4474 4571
3821 4920
4221 4734
2333 4489
4403 4496
4066 4340
1561 4167
111 2187
3821 4734
692 4429
3939 4994
2934 4790
2185 2844
3529 4650
2499 3813
2739 4661
4207 4439
3058 3726
24 4932
1790 4753
665 3252
1905 4439
2293 3819
3187 4333
2451 2986
2108 4998
2844 4607
2167 4453
2686 4302
1077 4700
4288 4753
182 4484
2608 4859
2677 3289
2806 4822
3404 4920
1931 4032
678 3127
3289 4598
3453 4549
51 2471
2844 4598
3497 4484
731 4607
1005 4340
457 4473
2960 4714
94 3497
1543 3545
752 1947
483 4560
1955 4032
3739 4333
549 4340
1119 4246
2787 3122
3316 3464
2686 4749
506 4920
3739 4439
2588 3460
275 4912
3406 3859
3726 4484
3967 4560
1423 4838
544 1960
1369 4912
2934 3195
1247 4915
398 4295
3937 4745
1330 4841
2135 4129
1905 4474
3573 4882
3060 4528
3753 3855
2692 3959
3749 4315
3879 4598
3089 3460
1028 4714
3800 4882
3435 4093
2859 2970
2839 4460
2970 4912
2517 3271
1005 1482
2059 4998
47 4790
3611 4545
2820 4549
2986 4496
3959 4700
3784 4394
2475 4822
2167 4425
3404 4734
2450 3252
4598 4629
2346 4994
183 4484
1316 3773
3163 4577
1220 4425
2981 3252
3874 4333
4039 4912
3967 4439
997 3872
3314 4629
3773 4484
4516 4577
1047 2087
3726 3773
492 3573
3784 4290
3127 4712
2792 3668
1947 3568
2507 4532
2659 4915
2100 3919
1348 3745
1085 3368
2588 4714
1893 4460
600 3333
1220 4528
3621 3855
3573 3756
3576 4480
2608 4274
3523 4507
263 2307
2185 3841
3829 4507
2840 4506
2872 4598
1707 4998
803 3855
149 3234
272 4315
3611 4790
2422 3006
3773 4304
3024 4607
1604 4549
2185 4808
1596 4340
2185 4998
2942 3800
4528 4882
2293 2612
4408 4424
1757 4882
1931 3947
3404 4257
2899 4421
1185 3859
144 4920
1465 4790
1283 4059
2507 4403
2947 4484
1749 3522
415 4305
3024 4598
1344 4560
3523 4489
3695 4425
3363 4560
3529 4920
2872 4629
935 2307
4579 4697
229 3910
3089 4394
1075 4305
3314 4753
752 1368
3621 3753
2787 3501
4545 4912
3008 4408
4167 4734
3252 3593
1834 4480
1430 4650
3195 4790
2813 4039
1604 2820
1005 4506
2346 2758
1679 4967
935 3127
1212 4549
839 2261
2598 4039
2097 4394
2059 4607
1298 4967
1192 4915
3631 4998
506 2475
2414 3183
457 4932
3947 4661
3234 4152
4532 4571
2840 3176
3630 3667
3008 4712
629 4920
2406 4585
4607 4808
2675 3867
1893 4408
1196 1246
3568 4697
2825 3813
4152 4305
3568 4579
2840 3183
24 1316
3146 4061
1085 2021
3990 4821
509 2758
2339 3990
2013 3795
780 2375
2839 3872
2434 4857
3821 4650
2960 3890
1337 3033
2533 2899
4734 4822
2850 4246
1707 4857
272 4429
1927 4808
2970 4274
1931 4304
2136 3453
1848 4882
2365 3753
1427 4859
1344 4838
3821 4167
4421 4821
2187 3800
4424 4966
3990 4577
35 4408
3859 4496
3440 4221
3006 3670
2934 3219
3757 4998
1467 4010
2414 4506
4808 4998
2221 4340
1438 3122
4257 4734
1341 4585
4967 4998
3749 4562
263 2841
562 4560
261 3060
1183 4859
2063 4966
3668 4838
1175 4966
780 1788
2669 3008
3363 3993
2108 3024
3497 4661
4712 4714
2697 4714
4859 4912
3328 3621
2365 3118
308 3406
1692 4453
3122 4790
2813 4841
3522 3841
415 4460
3058 4304
3631 4093
4274 4745
229 3867
3585 4714
903 4246
3404 4822
451 3757
3440 3837
407 4290
634 4994
2536 4532
806 3800
2608 2970
2585 4047
3060 4549
2820 3695
1337 3795
3756 3800
1973 4421
3821 4257
2333 3090
1183 4841
4579 4712
3090 4489
3959 4516
839 3534
2230 2434
3464 3939
3033 4838
2960 4290
1534 3667
2261 4408
2813 4859
2017 4473
157 3573
153 4967
2934 4061
734 4295
1537 2850
3118 4152
483 4998
457 1183
2979 4967
2588 2598
1141 3800
2517 3573
3236 4421
28 4489
1543 4932
549 4047
1468 4859
4315 4700
272 3749
2021 4966
35 2295
3726 4932
651 3171
3726 4032
3252 4507
2554 4821
147 4061
839 4460
2674 4290
757 4489
893 1175
47 4516
3573 4562
949 4429
935 4579
3757 3841
1732 4841
1931 4932
2517 4129
1497 1760
3990 4061
3937 4039
2888 4859
803 3756
3219 4516
28 4821
1552 4915
65 2859
2063 3813
3453 4453
886 2841
1892 2889
3195 3611
986 4577
997 2669
2813 2859
2844 4808
3291 4010
1001 4305
2471 2475
3872 4712
1465 3990
3176 4602
844 4579
3749 4425
157 4915
1075 2941
2087 4039
1960 3795
4221 4920
2333 4419
3534 3665
1757 3667
903 3565
111 4882
3146 4790
2494 3544
4207 4571
2013 3497
2888 4841
1973 4489
1085 1175
308 2899
1799 4278
2825 4966
2494 3919
2648 4093
149 3328
2017 4304
2970 4745
4602 4808
4882 4998
465 4460
4167 4650
4607 4697
3333 4439
2567 4745
47 3383
3252 4246
1119 3565
1468 4545
2675 2979
2979 4302
3819 4039
3446 3545
4560 4714
889 4473
3993 4333
2585 4340
2692 4707
4697 4998
2475 4221
1632 3046
2059 3841
921 3937
4032 4745
1141 4882
2806 4707
3819 4912
1066 1477
4257 4822
2295 3665
731 4998
144 2806
2780 3534
4650 4707
4745 4749
272 4912
1578 1933
4295 4429
1243 4966
3573 4543
2567 4912
2451 4419
3333 3739
3171 3568
3874 4207
4749 4915
3695 4528
2517 4302
465 839
837 2758
2450 2981
3967 4207
2097 4290
2739 3033
1361 3545
3444 4882
408 4403
813 3959
3312 4650
2840 3536
2450 4507
1379 4821
4290 4714
3435 3631
468 4932
3176 3183
3573 3630
4528 4549
3773 4061
4295 4315
1757 4543
2055 3501
2087 4912
3630 3872
2942 3667
3404 4707
3993 4439
936 4790
3271 4967
4629 4808
3440 4257
183 3829
1596 2221
3300 3522
752 2328
3061 4967
949 3959
780 3576
24 4473
4419 4821
936 3611
734 4429
3874 4560
1892 4059
4302 4838
3061 4650
544 3497
3545 4994
1384 4203
1220 3406
2135 2136
3183 4047
4404 4560
3008 3872
629 4221
1698 3670
1243 4203
451 4998
2675 3668
1058 3453
4257 4707
4424 4994
3187 4560
3482 4425
1246 3670
1960 3497
1955 4304
4650 4822
2752 3453
1604 4425
3841 4474
3363 4439
3867 4838
1316 4304
3171 4821
803 2406
2102 4061
3910 4749
3046 4305
3440 4167
3522 3536
4560 4607
2102 3611
2825 4424
33 731
3665 4408
3053 4295
1903 3919
2063 2107
1438 4577
2739 3497
2859 4745
3024 4808
2293 4745
1058 3501
4408 4460
2451 4821
2677 4915
4480 4920
2686 3219
3453 4857
3453 3695
2941 4506
2674 4714
3795 4661
837 844
2960 3784
3819 3937
1790 1807
2519 4304
3146 3195
4496 4821
183 3745
3187 3967
1348 3593
1973 4821
2499 3404
157 4734
3252 3829
1834 3919
1348 3523
1905 2167
4221 4707
2554 4496
2365 3855
3573 4915
3300 3879
1919 4560
1651 4408
2471 3795
1933 4543
2648 4288
2648 4661
2686 4838
1231 4857
2087 4545
2288 2979
3289 4998
3581 4288
3314 4998
1468 2970
2839 4998
1931 4749
2608 4545
1683 4822
2288 4967
1692 4549
997 4460
1779 4859
2288 4129
4560 4571
33 2451
3837 4920
1019 2434
3146 3990
2554 4403
3668 4749
1085 4424
3194 4545
1749 4598
3837 4734
3959 4010
849 4066
3234 3328
506 4734
1082 4203
2960 3089
1973 4532
1082 3939
2414 2840
3841 4808
1312 4549
1919 4439
449 4700
2370 4579
3053 4808
146 4577
483 3724
261 4453
3236 4745
3593 4661
1749 4607
2293 4912
1145 3670
2185 3289
3757 4288
4047 4506
803 4152
3118 4305
4453 4528
2780 2839
1561 4288
3444 3667
1246 2398
2813 3194
147 1438
542 4966
415 4967
4340 4790
2451 4093
2365 3234
2422 3016
3874 3993
4304 4473
1337 4661
1692 3482
2414 4340
4059 4480
1757 4915
121 1049
2475 4257
942 3919
2370 3171
678 886
1679 3460
1698 3631
1905 4560
3314 4808
3757 4607
3757 4629
275 4841
2608 4912
1578 4882
2889 3749
813 4010
3383 4920
2813 4912
3937 4545
2588 3890
2820 4425
308 4419
1177 4932
2825 4994
2499 4424
3756 4882
1651 4460
3529 3821
1955 4473
3967 4571
1683 4707
3967 3993
3573 3800
2475 4650
2888 4545
813 2692
2055 4543
3404 3440
2648 3435
51 4661
1947 3581
997 4408
4333 4560
3993 4474
1371 4650
3368 3813
3545 4585
3237 4579
4650 4734
3667 4915
893 2825
1028 3890
2295 3534
4302 4404
549 4066
1316 4032
2055 4532
3194 4841
1192 1757
2063 3464
3219 3990
3328 4585
3058 4032
790 4994
2059 4808
2136 4549
1082 4994
1177 4577
2059 3024
942 2375
2221 4602
2888 4745
2135 4302
3993 4571
678 3291
2307 3568
2021 4994
651 3568
3406 4403
146 4516
1604 4528
995 4425
4496 4602
2334 3829
4532 4821
3016 4288
509 2293
2398 3670
2295 4460
542 3545
3090 4821
2872 4607
1361 3813
3194 4859
1507 4288
3118 3328
2674 3784
1552 2187
1931 4278
4516 4790
3665 4460
3993 4207
949 4295
3127 3237
2598 4394
3006 3016
1933 4915
4340 4506
1192 3800
3910 4967
2806 4920
3328 4152
2333 4821
47 4577
509 3127
1196 4528
3289 4629
1537 3745
3363 4571
3565 3829
263 4579
3058 4473
3444 3573
3947 4290
3739 3993
3819 4745
1774 2328
3611 4516
511 4066
24 4585
2648 3581
3813 4966
1692 2167
2608 2888
3837 4822
323 4753
3176 4047
1085 4966
229 4749
2692 4429
3800 4152
2554 2986
903 2850
3501 4419
3522 4808
665 3565
3756 4543
1749 3903
4697 4808
2697 4915
4598 4607
3016 3631
995 4453
2669 4460
415 4302
2674 3089
813 4700
2942 4915
1379 3911
182 4661
1312 4857
3183 4340
2692 4315
2792 4967
483 3536
3565 3593
1683 4650
901 3581
4841 4859
1391 2850
974 4915
3090 4421
2536 4821
2840 4066
839 3665
942 2889
1774 2370
465 3665
2648 3016
4408 4712
949 4315
1330 3194
286 4734
806 3756
1075 4585
1683 3529
2554 3406
2538 4650
3289 3314
1175 4994
3176 4340
3024 4998
2097 4714
286 4822
3724 4882
4429 4700
449 4010
2872 3841
1369 4841
3460 3890
1330 4912
509 2370
1146 1834
2017 4032
3363 4207
2499 4994
457 4066
986 4790
2792 4585
3841 4998
2406 4152
3033 4532
1905 4333
3187 4439
1107 2507
1337 4745
734 4315
4093 4753
3859 4403
1919 3890
3183 4066
3565 4857
4010 4429
2979 4129
4429 4507
2585 4506
492 4882
2659 4543
1467 4315
651 4579
4315 4429
3194 3819
2167 2820
3593 4507
3611 4577
323 3435
2674 3460
1760 2598
4221 4257
1369 4859
1423 4967
2677 4562
24 4989
28 1587
33 4656
47 4807
51 4016
65 66
94 4053
111 4977
121 2668
125 4572
144 3820
146 4669
147 4799
149 799
153 1074
157 4824
174 4289
182 184
183 4092
225 4299
229 4943
261 4870
263 3603
269 4153
272 4818
275 4992
286 4292
308 4880
323 3449
360 2754
397 946
398 4987
407 1520
408 4239
415 4667
441 2034
449 4858
451 1478
465 2044
468 4873
483 4992
484 3425
492 3973
506 1296
509 4992
511 4386
542 4431
544 4927
549 4881
558 3772
562 4947
588 4638
600 4999
629 4942
634 4541
635 3450
651 4866
665 4991
678 2201
692 1484
731 4973
734 4798
752 4335
757 4048
780 4144
790 1279
803 4817
806 4671
813 4615
837 4132
839 4647
844 2763
849 4347
880 4475
886 3780
889 4930
893 2785
901 2243
903 4885
921 3826
935 4567
936 3996
942 2382
949 1725
974 4090
986 4385
995 4517
997 4078
1001 2665
1005 4561
1019 4861
1028 3430
1047 4599
1049 1198
1058 4797
1060 4347
1066 2852
1075 1147
1077 4370
1079 4634
1082 4597
1085 4406
1107 2595
1119 1478
1141 4778
1145 4832
1146 4781
1175 4568
1177 4551
134 1183
1185 4830
1192 2327
1196 4756
1212 4396
1220 4889
1231 4232
1243 2984
1246 1524
1247 4880
1283 4632
1298 4706
1312 4810
1316 4613
1330 3055
1337 4126
1341 3706
1344 4887
1348 2788
1361 2034
1368 3966
1369 3188
1371 2936
1379 3334
1384 4406
741 1391
1423 4558
1427 4465
1430 4043
1438 4338
1465 2420
1467 4510
1468 2223
1477 2805
1482 4692
1497 4829
1507 4653
1534 2103
1537 2007
1543 3957
1552 4472
1561 3609
1578 4778
1596 1783
1604 3863
1632 4627
1651 2099
1679 4823
1683 3960
1692 4757
1698 3322
1707 4518
1732 4345
1736 3097
1749 4176
1757 4759
1760 3725
1774 4121
1779 2623
1788 4776
1790 4779
1799 4942
1807 1959
1834 2855
1848 3325
1879 4786
1892 4255
1893 3273
937 1903
1905 4652
1919 4087
1927 3010
1931 2345
1933 4729
1947 4014
1955 3651
1960 4464
1973 2748
2013 2226
2017 2611
2021 4877
2055 4082
2059 3924
2063 4793
152 2077
2087 4611
2097 4604
1894 2100
2102 4736
2107 3953
2108 4187
2135 3944
2136 4983
2142 4512
2167 4973
2183 2898
2185 3934
2187 4022
2219 4740
2221 4885
2230 4854
2261 4546
2288 4999
1697 2293
2295 4374
2307 4379
2328 4974
1813 2333
2334 3476
2339 4699
2346 4475
2365 4582
2370 3961
2375 4670
2392 2398
2406 3202
2414 4458
2014 2422
2411 2434
2450 4785
2451 4804
1858 2471
2475 3518
1039 2494
2499 3636
2507 3710
2517 4451
2519 4621
2533 4903
866 2536
2520 2538
2554 4019
2076 2567
2585 3173
2588 4992
2598 2861
2608 4242
2231 2612
2648 2810
1601 2659
2669 4535
2674 4381
2675 4372
2677 2995
2686 4910
2692 4262
1975 2697
467 2739
2752 4839
2758 4205
2234 2780
2787 4188
2792 4687
2806 3731
2813 4574
2820 3661
2825 4644
2839 4164
2840 4893
2841 4989
2844 4681
2850 2857
507 2859
2872 4555
2888 3452
585 2889
2899 4848
2934 3858
2941 3646
2942 4148
2947 3842
2960 3780
2970 4091
2979 4106
1422 2981
2626 2986
335 3006
3008 4370
3016 3655
3024 3603
86 3033
3046 3431
3053 3275
3058 3492
3060 3230
3061 4605
3089 4176
3090 4127
1586 3118
3122 4540
3127 3998
3146 3471
3163 3806
3171 4806
3176 4655
3183 4706
1966 3187
2427 3194
3195 3718
2057 3219
3234 4615
3236 3555
3237 4558
3252 3728
3271 3500
3289 4825
2347 3291
2062 3300
3312 4475
3314 4454
3316 3369
2129 3328
110 3333
1334 3363
2289 3368
3383 3571
3404 4196
3406 4944
2819 3435
3440 4702
3444 4853
3446 4893
3453 4072
3460 4693
2272 3464
3115 3482
841 3497
3346 3501
3522 3893
3523 4605
3529 4976
3506 3534
91 3536
3544 4109
3545 4778
2196 3565
1776 3568
2720 3573
3576 4748
2678 3581
3585 4530
3593 4399
3092 3611
3621 4803
3630 4131
3631 4983
226 3665
3667 3721
3668 4293
3670 3762
3695 4664
3548 3703
3724 4574
3726 4968
3739 4679
3745 4951
3749 4874
3753 3801
3756 4941
3757 4953
3772 3773
3784 4064
285 3795
3588 3800
2652 3813
3223 3819
3821 4468
2453 3829
88 3837
3841 3953
3855 4036
2396 3859
3867 4809
3304 3872
3874 4555
3879 4776
3890 4581
1817 3903
3798 3910
1611 3911
1948 3919
3698 3937
3939 4762
3947 4768
3959 4941
353 3967
3990 4975
3979 3993
3584 4010
4032 4615
4039 4829
3704 4047
1851 4059
4061 4541
2849 4066
3923 4093
3260 4129
3797 4152
4167 4213
1857 4203
3010 4207
1761 4221
2074 4246
4257 4796
2802 4274
329 4278
2491 4288
1545 4290
1110 4295
4299 4302
4304 4312
4136 4305
4315 4541
3673 4333
4128 4340
2523 4394
2897 4403
897 4404
4408 4703
320 4419
1290 4421
4268 4424
4425 4982
1646 4429
1098 4439
593 4453
4460 4641
4473 4680
4474 4670
4480 4946
2294 4484
4243 4489
1841 4496
4020 4506
4507 4544
2127 4516
3775 4528
1861 4532
4543 4910
4197 4545
4549 4889
4483 4560
1030 4562
4571 4977
4577 4943
4275 4579
4572 4585
3810 4598
2045 4602
3354 4607
1127 4629
2951 4650
599 4661
2247 4697
3730 4700
3148 4707
2987 4712
3256 4714
4177 4734
3027 4745
4722 4749
691 4753
3356 4790
4232 4808
2876 4821
3729 4822
2147 4838
4841 4969
4857 4861
1728 4859
4265 4882
1090 4912
680 4915
1441 4920
3400 4932
4497 4966
2586 4967
1377 4994
4985 4998
24 4653
28 4743
33 2919
47 4761
65 4673
94 3755
111 4981
121 4546
125 4927
144 4423
146 3687
147 4759
149 3332
153 4049
182 2702
183 4407
225 4791
229 2246
261 2048
263 2544
269 4161
272 2649
286 2881
308 3696
323 2838
360 4502
397 4942
398 2335
407 4091
441 2128
449 2146
451 3023
465 4696
468 3495
484 4960
492 3716
511 534
542 2919
544 4868
549 3263
558 4319
562 4529
588 4660
600 4514
629 2833
635 4029
651 4910
665 2715
678 3715
692 4435
523 731
734 2441
752 4947
757 4973
780 3886
790 4051
803 4097
806 3438
813 1985
837 4748
839 4513
844 4477
849 4415
880 4955
889 4860
893 4106
901 2822
903 3846
921 2747
935 4341
936 4974
942 2860
949 4850
974 4701
995 4605
997 3769
1001 4478
1019 4959
1028 4249
1047 2486
1049 4694
105 1060
1077 4877
1079 4174
1082 4954
1085 2360
1107 2623
1119 3510
1141 4234
1145 4462
1146 2120
1175 4534
1177 4959
1183 3172
1185 4766
1192 4262
1196 4335
1212 4889
1220 4461
1231 3781
1243 4565
1246 4520
1247 4280
1283 4976
1298 4937
1312 4933
1316 3656
1330 3955
1337 3434
1341 2923
1344 4565
1348 4875
1361 3095
1368 4171
1369 4984
1371 3701
1379 3374
108 1391
1423 4827
1427 4005
427 1430
1438 4837
644 1465
1467 4854
1468 4774
1477 4510
1163 1482
1497 4931
1507 3849
1534 2119
1537 4797
1543 2770
1552 2545
1561 2701
1578 1681
1475 1604
1632 4161
1651 4825
1679 4222
1683 2663
1148 1698
1707 4322
1732 3032
1736 4975
179 1757
1760 4980
1774 4463
1779 4779
1788 3700
1790 3475
1799 3156
1807 4772
1834 4930
1848 4613
1879 4105
1892 4601
1893 4957
538 1903
1905 2540
1919 3348
1927 3932
1931 4989
1933 3690
1947 4003
1955 4960
1960 4569
1973 4432
2013 4987
1338 2017
2021 4827
2055 3405
2059 3528
2063 4727
2077 4862
1339 2087
2097 4349
2100 2701
2102 3397
2107 4633
185 2108
2135 4751
2136 3327
1959 2142
2167 4786
2183 4511
2185 4376
2187 3559
1739 2219
2221 4947
2230 2671
2261 3787
1245 2288
2293 3380
2295 2542
2307 4488
2328 4360
2333 4161
2334 4638
2339 4134
2346 4875
1944 2365
2370 3192
2375 4782
2398 4321
2405 2406
2414 4911
2422 4444
2434 4854
2450 4213
2471 4094
2475 4397
2421 2494
2499 3752
2507 2596
2517 4809
2519 4390
2300 2533
2536 4436
2538 4724
2554 4128
2567 3688
2585 4588
2588 4116
2598 4291
2608 3735
2612 4601
2648 4417
2659 4983
2669 3669
1063 2674
2675 4667
1398 2677
2686 2709
2692 4996
2697 4209
2739 4225
2752 4431
2758 3279
2780 3696
2787 4537
2792 3752
2806 3969
2813 4988
2820 4254
2825 4896
2839 4880
2411 2840
2841 3162
2844 4463
2850 4699
2859 3930
2872 4513
1123 2888
2889 4769
2899 4867
887 2934
2941 4946
2942 3766
2947 3218
2960 4533
2380 2970
2438 2979
2981 4781
1274 2986
3006 3379
3008 4941
3016 4412
2552 3024
3033 4835
3046 3249
3053 3965
3058 4141
3060 4448
3061 4846
3089 4970
192 3090
3118 4279
1854 3122
3127 4940
3146 4837
3163 4179
1618 3171
2175 3176
306 3183
3187 3369
3194 4873
3195 4703
3219 4331
3234 4832
3236 3253
3237 4538
3252 4907
3271 3471
3289 4984
3291 4170
2268 3300
751 3312
3314 3843
2717 3316
3328 4642
1272 3333
1910 3363
3368 4845
3383 4978
3404 4590
2562 3406
2211 3435
3440 4521
3444 4196
3446 4609
3346 3453
3460 4008
3464 4961
3482 4599
3497 4610
3501 3666
2670 3522
3523 4965
3529 3850
3534 4161
3481 3536
2978 3544
3545 4527
3565 3781
3568 4833
3573 4623
2335 3576
3581 3789
3585 4757
3593 4925
3611 3685
3621 4415
910 3630
3631 4777
3665 4925
3667 4796
3023 3668
3670 4737
3695 4336
3703 4262
3724 4623
3726 3991
858 3739
1975 3745
3753 4095
3756 4185
3757 4812
3640 3773
3784 4923
3152 3795
732 3800
3813 4458
596 3819
3821 4929
3829 4099
3290 3837
3841 4552
647 3855
2982 3859
2586 3867
3872 4851
3874 4358
3879 3991
1154 3890
795 3903
3910 4823
3911 4831
450 3919
2954 3937
2039 3939
1393 3947
2573 3959
93 3967
3990 4935
3993 4312
4010 4952
3906 4032
4039 4868
4047 4837
3694 4059
4061 4931
4066 4493
4093 4902
3306 4129
4152 4983
3395 4167
4194 4203
2753 4207
4221 4926
4246 4529
4257 4259
4274 4550
4278 4810
4053 4288
4176 4290
3715 4295
4302 4483
4188 4304
3814 4305
2728 4315
4043 4333
4340 4606
3029 4394
4403 4769
2424 4404
4164 4408
4419 4433
4421 4867
1762 4424
4425 4958
3648 4429
4439 4926
3503 4453
1040 4460
4448 4473
4474 4642
4344 4480
4484 4711
3564 4489
4249 4496
4433 4506
2604 4507
4516 4855
2683 4528
4532 4658
4543 4564
4076 4545
3075 4549
4560 4918
1661 4562
3628 4571
4070 4577
2563 4579
1153 4585
3624 4598
4602 4947
4604 4607
2782 4629
4331 4650
4003 4661
4697 4942
3852 4700
4707 4984
3191 4712
4714 4975
2967 4734
2906 4745
4260 4749
4753 4773
4703 4790
4786 4808
4515 4821
4822 4929
4597 4838
4709 4841
3709 4857
4588 4859
2516 4882
3109 4912
1751 4915
4886 4920
3306 4932
2723 4966
4498 4967
4994 4996
1877 4998
33 4924
65 3899
125 4935
147 4906
153 4881
225 1670
263 4988
269 4390
308 4170
360 4145
397 4792
441 3694
549 4449
588 4554
600 3340
757 4867
844 4667
849 4795
880 4572
889 4676
893 4564
921 3891
936 4727
942 2775
974 4126
995 4211
1028 4935
1047 4786
1060 4615
1085 4807
1107 4676
1119 4858
1146 4840
1177 4937
1185 4964
1212 4684
1231 3672
1247 4049
1283 4240
1298 3410
1312 4676
1316 4875
1330 4383
1337 4423
1348 4853
1361 4218
1379 4997
1423 4575
1430 4103
1438 4806
1229 1467
1468 4938
1477 4618
1482 3040
1497 4512
1507 4312
1537 4621
1543 4733
1632 4316
1651 3025
1679 4738
1698 4458
1707 3804
1732 4358
1757 4946
1760 4779
1779 4721
1788 4989
1799 3798
1807 3854
1834 2971
1848 4956
1879 4633
1892 2625
1903 3528
1905 3211
1927 4862
1933 4415
1947 4863
1955 3627
1960 4806
1973 3067
2017 3735
2055 4601
2063 4307
2077 3052
2087 4783
2097 2897
2100 3614
2142 3500
2167 4412
2185 3832
2219 4081
2261 4334
2288 4898
2295 3359
2307 4651
2333 3637
2346 4999
2365 4866
2370 4277
2375 4582
2398 4953
2434 3865
2450 2971
2471 4982
2494 4953
2499 4635
2507 4347
1758 2517
2519 4687
2533 3206
2536 4833
2538 4280
2554 4064
2567 4836
2598 4800
2612 4952
2648 4001
2669 4938
2673 2674
2675 4146
2677 3653
2752 4550
2758 4357
2780 4739
2787 4888
2106 2792
2806 4934
2813 4293
2825 4557
2839 4744
2840 3929
2841 4014
2639 2844
2850 3244
2872 4758
2888 3644
2889 4665
2899 3632
2934 4911
2941 4930
2947 4285
2960 4614
2970 4900
2979 3657
2981 4670
2986 3351
3006 4164
3008 4751
3016 4817
3024 3280
3046 4548
3053 4885
3058 4675
3060 3305
3061 4608
3090 3896
3118 4632
3122 4033
3127 3885
3146 4443
3163 4878
3171 3932
3176 4689
3183 3612
3187 3878
3195 4862
1038 3219
3234 4827
3236 4927
3237 4592
3271 4743
3013 3291
3300 4665
2357 3312
3328 4112
3322 3333
3363 4884
3368 4478
3383 3645
3404 4635
3406 3407
3435 4908
2631 3444
3446 4943
3460 4537
3464 3779
3482 4889
3497 4635
3382 3501
3522 4180
3523 4285
3529 4805
3536 4232
3544 4907
3545 4765
3565 4903
2881 3573
1603 3576
1059 3581
3585 4997
3473 3593
3611 4108
3621 4280
3379 3630
3631 4230
3665 4551
3667 4750
2805 3668
3670 4764
3695 4898
2331 3703
3724 4902
3726 3834
3738 3739
3297 3745
3753 4517
3756 3997
3757 3796
3773 4809
3784 4565
3795 4747
2384 3800
3813 4512
3819 4977
3357 3821
3781 3829
3837 4907
3841 4810
3855 4711
3831 3859
3867 4874
3872 4606
3580 3874
3890 4944
3903 4848
3910 4706
3210 3911
3919 4786
3937 4467
3596 3939
3947 4842
3959 4725
3967 4597
3990 4459
3993 4742
4010 4407
4032 4593
873 4039
3485 4047
4059 4810
4061 4232
3416 4066
4093 4706
2729 4129
4152 4887
3157 4167
3505 4203
4200 4207
1777 4221
4246 4256
3438 4257
4274 4390
2075 4288
2631 4290
4295 4541
2086 4302
4142 4304
4315 4564
4333 4926
4340 4865
1052 4394
4403 4867
4239 4404
3142 4408
4364 4419
3095 4421
4110 4424
4425 4727
4429 4541
2932 4439
4453 4978
4285 4460
4473 4653
4474 4499
4468 4480
4484 4592
4202 4489
4496 4499
4506 4614
4352 4507
4516 4894
4528 4802
4532 4769
4543 4635
4526 4545
1289 4549
4560 4926
4067 4562
3277 4571
4027 4577
3722 4579
3759 4585
4598 4715
4567 4602
4607 4921
4629 4810
2939 4650
4468 4661
4612 4697
4541 4700
3906 4707
4570 4712
4714 4977
4734 4929
4588 4745
4749 4969
3295 4753
4631 4790
4791 4821
4720 4822
4838 4844
4392 4841
4854 4857
3564 4859
4882 4962
4902 4912
4894 4915
4920 4929
3447 4932
4854 4966
4956 4967
3835 4994
4977 4998
33 4282
125 3673
360 3954
397 4957
588 4514
600 4767
849 3804
880 4948
974 4953
1146 4277
1185 4117
1312 4848
1423 4957
1468 3716
1537 4262
1543 4948
1632 4832
1651 4849
1679 4875
1707 3116
1732 4883
1779 4186
1788 3617
1834 4269
383 1879
1892 4371
1947 4379
2017 2948
2063 4758
2077 4111
2142 4786
1954 2261
2295 4900
2307 4191
479 2333
2346 4216
939 2375
2398 3356
2434 4229
2494 4786
2499 4942
2517 4752
2536 4538
2612 3270
2669 3359
2674 4535
2675 4079
2752 3382
2780 4946
2787 4827
2792 4595
2806 4708
2825 4075
2839 4327
2888 4990
2899 3933
2934 3717
2941 4812
2960 4910
2979 3899
2986 3004
3024 4242
3046 4803
3053 4689
3058 4319
3061 4840
3090 3505
3122 4154
3163 4727
3171 4369
3219 4604
3234 3738
3236 4901
3237 4957
3271 4702
3291 4417
2111 3300
3363 3369
231 3368
3383 4888
3404 4241
3406 4446
2955 3435
3444 4746
3460 4105
3464 3935
2939 3482
1932 3497
3501 4960
3523 3863
3536 4019
3544 3897
3565 4376
3576 4953
3581 4230
3062 3585
3593 4385
3182 3611
3335 3621
2868 3630
3631 4928
3665 3787
3670 3671
3695 4500
3703 4877
3745 4457
3753 4704
3757 4974
3773 4908
2425 3784
2306 3795
3819 3831
2500 3821
2727 3829
3837 4514
3841 4625
3855 4510
3859 4522
3227 3867
3674 3874
3890 4886
3903 4949
3410 3910
3189 3911
3919 4396
3109 3937
3939 4715
3947 4618
3967 4736
3067 3990
3993 4589
3710 4010
1535 4032
3388 4047
4059 4898
4093 4843
4129 4706
4152 4803
3857 4167
4203 4680
4207 4378
3393 4221
2586 4246
4257 4401
4274 4812
4288 4844
1603 4290
4295 4509
4302 4809
4315 4325
4333 4349
4324 4340
2291 4394
4403 4406
4404 4757
3647 4408
4419 4443
4405 4421
2218 4424
4425 4889
4437 4439
4453 4649
3430 4460
4474 4926
4480 4670
4484 4604
4489 4616
4496 4769
4502 4506
3854 4516
4528 4806
4243 4532
4538 4543
2750 4545
3674 4549
3628 4562
4452 4571
4227 4577
4379 4579
4585 4783
3972 4598
4500 4602
1977 4607
4485 4629
4650 4929
4661 4956
4697 4779
4656 4700
4707 4708
4698 4712
3942 4714
4620 4734
4390 4745
455 4749
4753 4961
4459 4790
4821 4955
3102 4822
4724 4838
4553 4841
4857 4871
4330 4859
3923 4882
4719 4912
2446 4915
4684 4920
4932 4964
4966 4984
4667 4967
3158 4994
4133 4998
588 4722
880 4939
974 4969
1543 4564
1632 4726
1679 4637
1732 4819
2077 4670
2295 4068
2346 4726
2398 4230
2612 4954
2787 4406
2792 4180
2934 4634
2941 4865
2979 4243
3024 4892
3046 3500
3053 4741
3058 3842
3061 4891
3163 4536
3235 3236
3237 4471
3368 4792
3383 4849
3497 3852
3523 3898
3565 4260
3576 3648
3581 3923
3612 3621
1383 3631
3665 4164
3695 4216
3703 4799
3784 3862
3837 4895
3859 4867
3867 4923
3874 3983
3890 4939
3903 4165
3910 3914
3937 4945
3258 3939
3947 4193
3990 4784
3993 4185
4152 4940
2446 4203
3788 4221
4274 4744
1982 4288
4290 4823
3913 4302
4315 4879
4333 4389
2862 4394
4403 4413
4404 4407
4408 4651
4156 4419
4424 4428
4460 4703
4443 4474
4480 4886
4484 4977
4488 4489
775 4496
4516 4646
4142 4528
4532 4548
4392 4545
4215 4562
4458 4571
4577 4842
4579 4580
4585 4586
4193 4602
3825 4607
4466 4629
3434 4661
4523 4697
4687 4700
4707 4922
4704 4712
4714 4959
4440 4734
4749 4850
4151 4753
4572 4790
4659 4821
4822 4835
3388 4838
4809 4841
2962 4857
3702 4859
4878 4882
3564 4912
4915 4979
3438 4920
4831 4932
4155 4966
4816 4967
4917 4994
4556 4998
2787 3546
3046 4944
2149 3053
3703 4984
3784 4677
3801 3910
3379 4288
3447 4403
4419 4769
4460 4959
4496 4726
4571 4926
4579 4582
4585 4803
4602 4975
4098 4629
4217 4712
3904 4749
4241 4822
3145 4857
3923 4915
4573 4920
2984 4932
1743 4967
2904 4998
4571 4933
4822 4899
4653 4932
