461 889 295 90 273 2629 4759 1652 1314 2977 1580 3238 292 1523 2727 1801 3787 2297 2357 600 1858 1238 2396 3361 2870 1645 24 4475 608 2667 21 4961 1352 816 2859 2709 3205 
2402 3788 4410 538 2906 3515 2924 4646 3931 4298 1522 3408 4971 396 4577 4924 1094 2515 4929 1398 3493 898 4399 1607 4893 1429 4382 4895 4648 3098 
1204 3570 4234 1478 3924 4159 2801 4521 2954 2206 3384 3799 3681 4103 4453 1629 363 1009 3789 4480 
4757 1119 3768 1035 2681 1931 3877 1976 2334 4503 2582 4656 386 4894 2822 2031 4220 2675 4907 970 4774 2661 1853 3183 695 771 4861 2320 
1520 4946 4333 4737 2948 4994 431 2391 2698 4728 1318 4597 2221 4288 2811 4378 3686 4868 726 790 1355 2845 3426 1818 285 3706 955 1439 3220 1797 4016 3301 763 1103 570 4816 1245 
3168 3902 3056 2511 3958 2697 2283 664 2590 4135 3920 1205 1952 2412 3724 1406 4440 3228 781 3946 
1874 3404 752 2591 83 1831 1210 3574 307 750 1617 3530 2867 2866 115 925 
4923 3814 4308 4588 4500 3749 4734 4918 4214 
793 2918 2522 2278 4193 1916 2608 2091 3997 3259 2632 653 1926 3126 2780 142 1369 4232 612 892 508 2181 2228 3520 
1604 1179 3232 1300 618 4863 3434 791 1109 578 4960 3732 4351 1272 2253 47 417 379 2694 4275 4852 358 2138 3497 129 4202 25 2797 3053 613 86 
4796 2262 3117 4752 2594 4025 3282 2615 1946 3118 0 4593 3305 1320 4408 4943 2663 3423 3260 3833 1308 1437 505 4421 3806 1808 3754 1544 3233 1533 1900 491 3163 3688 4897 3496 4459 2350 503 3268 3381 2284 
2501 486 2779 4270 31 2774 3790 2010 4706 4531 1943 3888 3720 1804 482 1025 2004 2649 2732 2195 1546 
280 783 3490 3407 1268 298 1746 4185 3007 4431 344 3234 4325 4849 3627 2097 3525 3043 2704 3341 1043 4980 1389 2555 690 1452 1071 2711 2337 247 4901 3581 
1022 1924 3876 1288 1468 4153 1123 1148 2598 119 2498 1234 2506 213 1110 2890 2295 4106 1281 3326 
4886 4412 4992 4699 4681 4669 4871 
3172 1445 2110 4385 3666 885 4712 928 2768 3088 2690 2566 2302 3654 2313 4091 2563 4466 2983 1928 1572 3896 
2420 1705 376 3992 4448 3171 437 3193 2470 1258 1807 416 
406 2332 438 1091 4339 241 3966 2634 940 3726 2823 3804 2261 1461 1827 236 259 
4380 4059 3849 4271 4040 3389 
4647 338 4614 3702 1473 3103 3025 4444 2399 2514 3186 1556 4070 3747 2000 2560 1115 1923 2648 4944 3353 3325 785 3544 3851 3165 3392 1919 2353 1044 679 349 2921 
4514 3550 751 4512 2049 2581 234 745 4326 388 272 1422 4575 364 867 725 581 425 795 2533 1749 700 1935 1442 408 3695 1174 239 4396 
4088 1967 3309 2486 492 4181 2562 2037 354 4518 3076 2745 1809 3310 1969 609 3299 2036 4093 
2986 318 4302 4060 4340 197 4814 4628 961 1577 2192 1435 3424 2812 3940 3984 1466 3561 3779 4853 4663 2239 
1581 3874 2168 762 2960 264 2737 3985 4347 3669 1856 936 3606 4516 705 832 2660 4320 3109 3809 1620 517 3281 1496 2305 3901 
1296 3881 973 4981 4623 3730 4190 4684 2489 2596 3910 620 1479 3324 4835 4360 3096 3694 312 4507 1542 
224 288 4272 3929 2304 939 2224 3636 4892 4501 3474 2218 3835 4975 548 4707 2133 2987 1108 424 3583 4076 4109 4559 1813 2639 122 4789 2676 927 
2966 615 2971 2979 1783 727 602 1840 1885 4810 2656 2409 1251 2937 391 3999 2185 313 4545 3623 4358 3473 907 3865 1092 836 707 1200 817 2048 1781 4860 463 2416 1187 4643 4941 
185 1228 2259 2377 2612 2032 3470 2216 1270 1220 2633 1342 2988 2090 1636 
1507 756 4198 3359 4537 742 3826 4054 3390 981 4179 1441 2024 4021 1401 2330 
2208 3885 390 1350 1324 2390 4055 1861 2264 1475 2907 1302 2296 220 2572 1207 3905 3538 1996 4211 4802 414 4022 3395 3323 2898 1870 3250 4534 649 2273 4283 1453 878 3908 2693 1066 4619 4777 3836 
3257 1583 3831 1151 3012 375 547 3211 4493 2406 4403 2718 4804 4484 4811 2427 3429 2366 3164 2877 1227 657 4585 4820 1379 699 2512 3668 3229 4920 1265 2187 
1018 3235 3845 2691 2454 4867 303 346 514 383 4086 4833 315 1396 3448 3900 4721 3692 2219 1402 4847 2720 778 2499 4330 1303 4890 4151 2461 1211 2549 1762 2982 1778 124 3046 2019 3037 962 4873 
4167 504 585 1644 3696 4428 1973 3450 1835 3977 895 2364 3810 557 1383 630 2161 1161 2384 2849 2149 4292 4384 4800 2494 3175 3680 337 2813 2335 4809 377 3410 4111 2526 4618 
4762 2792 1962 4180 235 3829 912 958 3439 1024 3006 1143 2193 661 1970 2773 3939 2046 4449 4020 4842 226 4917 3739 435 3670 3414 2911 4226 2311 4858 2892 481 2268 3169 2824 2806 1892 4065 2324 1679 3854 4958 
1539 4427 4352 4935 4932 1081 2899 2826 2547 3736 1760 760 4079 2060 3725 127 202 708 3625 3986 1706 3302 704 782 1020 279 1547 4189 2679 2531 4702 1490 1584 3409 4927 4276 3563 153 3757 568 2107 1289 68 1037 2744 
2073 329 4186 3890 4131 1686 3284 4608 2289 493 14 155 719 3315 3571 4554 1291 4557 1111 870 868 1175 2733 3221 4813 983 3225 2575 2751 3487 3618 1654 4213 
3507 3480 4071 621 1622 2654 2607 2753 4052 2769 2248 4492 995 1897 551 2484 2315 2310 17 4013 1528 1688 1939 4305 3010 2980 607 54 2909 3677 2213 2874 434 227 4332 2583 2113 4955 1463 
1007 4432 1254 256 249 250 3052 4780 1816 1766 2246 2952 882 1032 627 2554 4710 2793 1125 4705 371 3405 133 4162 3011 4700 65 4830 2772 4110 
1142 215 1264 4481 1866 1128 833 4042 3368 1650 4726 3273 3374 1470 1469 1060 2415 3191 2177 3290 3430 946 1404 1662 1987 1283 4036 
4768 163 979 1811 683 1494 3679 26 687 4306 1704 4919 2872 597 4520 3089 592 2382 636 4062 3446 871 347 3357 
1806 2136 1075 3240 1700 1159 1666 4316 4417 3058 4799 972 2271 3108 3411 2535 792 3608 4650 1635 997 4718 3506 916 4471 111 829 530 2111 3054 
3031 1298 284 3422 276 902 2006 1872 2285 3433 3537 3036 3719 1964 2351 3602 4744 4395 248 2927 210 121 1456 4617 1150 4642 1279 283 1769 3640 4077 4303 787 4945 3734 
4672 1330 444 2121 3445 4152 3059 3653 144 1359 1276 2055 2085 656 4497 3954 64 4771 1420 4701 575 3427 3784 188 1690 3039 4546 2724 1902 4441 2279 919 2968 
4081 1058 2290 1460 1694 966 2249 4921 831 1591 2953 161 43 1241 1803 4188 1101 701 4072 3047 722 1127 859 5 964 4359 3926 857 
3848 168 4791 4659 3792 496 1628 4651 4280 237 34 4850 222 4393 4404 2939 2865 2141 1771 2578 343 2958 856 3811 2592 2678 2868 244 4865 2969 920 2098 253 3287 4083 978 1734 4629 1948 3105 1085 
187 79 2478 3145 4989 1799 4495 3371 1630 3609 3993 1388 2628 1209 147 401 1331 1338 1721 576 4241 2156 3380 246 2706 759 1154 1181 1540 3333 
2002 3091 3297 1602 4318 3030 441 2163 681 30 2464 1040 4589 3921 2518 2472 2595 4227 4966 3805 518 499 4571 3576 2445 2081 3148 4972 553 170 3364 1178 960 4129 3930 2889 1888 
2839 4029 1934 1215 4641 2894 2108 4541 2962 2742 2154 2740 3067 395 3758 2038 1390 3369 3482 603 552 4634 369 3008 2713 2386 1561 3321 3137 2915 3903 2809 2115 3119 317 3816 2716 4519 3057 3000 
2190 4536 987 2435 4627 2493 1236 3657 2105 113 1169 2695 135 3415 2490 267 454 2450 4547 1341 1842 2816 3559 3181 2500 2074 4122 3342 879 3015 3383 1868 3774 1810 176 
3553 4409 4474 2818 1611 4818 4639 2829 1387 3797 3765 2183 1664 4869 4978 174 1315 4363 3956 2143 2795 2365 4136 2233 2491 985 455 2647 3665 
3019 260 544 3197 1284 1918 3085 754 394 456 2652 2579 688 2976 2430 
200 896 1004 1914 353 2610 1070 436 1086 3218 2439 1273 228 258 2739 2053 2051 2951 2844 
812 3928 1208 1944 4982 4236 457 765 4261 509 2481 3492 2467 634 2286 4686 1063 35 1514 1434 2850 4793 4993 1982 4018 3484 1336 3440 753 3978 181 2664 242 1343 3813 1908 4872 3468 1525 1761 4150 
4821 1756 1337 4108 4178 1891 3963 3838 1871 904 3348 1189 2282 3475 4862 4314 1310 703 3852 3018 1550 533 126 3201 3179 345 888 4599 3120 2198 1729 4373 2719 2223 389 3154 10 4066 773 
4419 1243 4540 1717 4184 2176 351 2169 4295 3579 4877 3377 1895 4988 297 4204 399 4899 2260 2426 232 4637 4032 3180 4764 4616 4394 915 4742 
1219 909 2903 3125 1500 1675 2300 3547 652 91 2094 2703 2457 1312 4756 2124 4760 3776 2144 1501 
2738 3038 4751 4957 4064 1006 1409 158 4984 1832 2923 73 2250 1711 3370 2473 4259 335 4176 3842 1076 764 1221 2761 4264 3400 1784 956 403 2646 3184 3158 
845 1365 873 2685 426 13 3499 2385 1259 4469 2456 4666 3591 3856 4583 3938 2318 1028 2072 
1731 1551 4256 4277 1346 4344 2131 2510 3190 934 460 4426 1983 4454 3746 1751 3070 4827 1457 2483 3212 1487 1413 4197 1114 880 4878 702 4405 2114 1727 1299 3755 
3399 3987 4094 3996 195 4221 366 2104 3693 1637 1655 240 4120 1615 4342 3223 2118 3991 2352 443 63 598 4786 3915 1013 
218 4207 2153 120 2863 4438 3821 3820 3647 123 4934 4696 3685 2999 4255 3912 631 4254 3110 1565 4995 3972 4551 4606 1680 4664 4473 918 60 4815 
1323 2400 4823 1674 507 2442 1668 2548 3237 4145 1443 2469 1750 525 1774 2593 1395 1959 3136 2043 886 4191 1519 4082 
4172 734 2401 3822 4747 2967 998 559 1951 2798 2978 245 2116 591 2039 1618 3575 2418 45 2389 4113 4075 4991 2836 739 2393 
4558 4253 1117 4574 3923 2326 1054 3906 103 3376 402 520 2028 2821 4926 989 1069 3337 3272 3034 3916 3403 941 4828 1423 
1531 4622 4763 308 397 1375 2929 686 2814 3866 3840 611 1371 4107 4258 4896 4056 4317 1002 3042 3762 2758 1249 582 4140 1131 4353 2956 78 2689 4889 4931 2692 4834 
3633 3035 3332 2919 3673 4144 4098 1226 4688 4680 3962 697 4217 2705 4494 2741 1116 4114 943 1129 1407 4689 
3491 3512 166 3340 453 737 4216 1936 4323 980 798 3517 497 1739 1493 4099 691 2362 1589 4247 3373 3292 1512 624 1573 4938 3643 4212 2888 4290 4285 4368 2018 2015 1183 1419 4766 2835 2599 
4841 1376 3752 27 1083 4472 4977 3529 963 3270 101 3425 673 3267 3320 4565 1263 1305 659 3213 3715 2504 1641 1361 2413 4433 933 2164 3081 3596 4429 1224 4595 4522 4753 1993 
1594 1334 2736 95 1045 3372 4942 1139 3204 2529 1574 3743 2891 4846 4797 3075 255 4685 1033 4552 4530 3495 2477 192 1838 4397 2530 4576 2011 149 1882 594 3022 4146 1239 3711 
4610 4691 4891 1753 710 1188 2993 201 3501 2376 3844 4447 3949 3208 3021 4089 1480 2619 2355 1030 1708 4677 3116 3086 4808 4965 2886 655 2079 1661 1353 2551 3601 
271 4836 4714 3716 1568 114 2567 1965 3111 310 2808 4952 2057 4875 1168 4979 4027 4604 712 4999 4925 1703 4007 4948 1492 145 407 
154 3773 2291 786 820 900 4963 3917 3587 4415 767 2723 563 44 1269 777 4548 4837 2375 3322 1358 1477 3682 1695 3379 418 2054 2668 3276 3100 4773 1677 3567 1790 
4682 4286 4660 4778 4690 4592 
433 2252 3112 4670 2564 2714 4722 4296 3345 4476 2645 4883 903 55 2496 3861 4644 593 3256 257 1173 2565 848 2902 977 2525 4361 4491 4387 3300 1472 2270 
3691 3242 1527 266 1930 1184 3527 300 2545 1949 4876 1537 2254 2171 48 531 3481 3863 2611 4248 4940 2856 3452 3099 1921 2775 1120 4857 
1578 4121 4489 1830 4859 2356 299 4898 2710 715 3027 4068 1415 1039 1097 1696 3127 3312 4553 614 1603 3467 3138 3511 3892 4968 4243 3050 2122 316 
2372 881 1649 3001 1400 3619 672 2052 2620 589 3387 1530 2425 1606 4357 2623 2640 
3177 1099 3460 4414 4949 4102 4794 4839 
2012 4053 2155 2405 1048 2810 141 332 4636 3416 2293 109 2280 3421 3174 4598 4544 296 1521 2936 1518 128 3419 579 2840 342 1763 3875 3760 3363 1386 1819 3759 489 851 1884 1072 1199 
411 4506 3652 872 813 2728 3815 555 2328 1198 18 1393 2476 1955 3707 384 3701 4028 3104 1985 698 4155 
4560 1815 1669 2730 4043 1016 887 93 3592 1135 477 2321 1380 1582 1449 2558 3642 2528 675 3094 3202 4882 2269 4633 736 277 4147 1997 373 1947 72 3251 3151 4017 4127 
837 3976 4951 4765 3981 20 1140 102 644 3705 4112 2182 3662 651 723 894 905 2172 58 4080 4291 1707 4879 3631 2897 2959 864 4164 2428 4139 2251 814 459 3458 
2752 3927 4488 741 1593 475 4005 1213 2203 2309 2749 1569 678 3855 3331 3664 
1693 1764 4372 2123 162 3914 3097 835 2147 85 458 4041 2030 3603 2232 2537 3884 2922 3199 359 1601 1597 3454 1191 3661 757 2215 1332 3634 1212 2972 4096 2312 
2538 3751 2199 3230 1340 3535 599 1141 4250 3775 1036 229 4939 3366 421 4033 1933 3857 1428 558 2159 1505 2992 2419 4310 2853 
4130 541 3173 2109 12 1735 432 2086 131 640 3731 1145 2449 3973 4011 3858 4143 4581 780 
4299 3247 2964 3214 2025 794 336 799 4337 1052 4437 4355 3718 2513 2846 692 2140 566 2794 3436 501 3975 2056 3160 625 4819 3738 3152 4573 1814 
4452 4779 4678 
4985 1 1237 1277 3082 4884 159 4738 1482 2981 278 3770 4956 1722 2573 374 4389 3580 4158 326 1491 516 3102 2857 2145 4273 2949 2965 865 3628 4498 42 2887 1805 2174 
3555 4612 3879 4265 206 4369 2616 4416 1726 3637 2348 2474 4798 4061 4803 1844 2896 3182 1349 4126 3562 1165 1718 1623 4528 3982 
4038 2395 2361 4381 1772 828 4607 290 3801 4349 2142 22 205 1197 3549 4458 1517 4582 852 4210 1201 3455 1374 1023 2930 1467 
1368 3837 2069 2883 4100 3959 2487 3708 106 758 3271 3648 3451 1747 4731 4194 38 2973 3534 3727 2112 4468 1412 4030 4006 
4348 632 3354 1660 3159 2263 3 2061 2089 84 1638 3729 1105 2975 3432 4400 1077 1915 3252 2584 2837 
682 2788 2184 333 2064 3023 3519 1079 2157 2928 3947 4781 3983 4523 4959 2034 2237 689 2062 2708 1889 1971 564 2165 4460 4123 1894 1927 350 2471 2799 4436 1041 3936 1960 4655 2148 3689 304 
4596 4848 4222 662 4526 98 2414 1646 4874 3107 1587 2955 2764 4667 569 2041 2485 3526 3554 1186 3615 212 4579 4390 2631 2807 2881 2358 4278 2314 3263 3500 2045 
2347 2241 1670 642 3457 3853 1795 2503 1499 1860 4953 1157 3141 4074 2151 1351 2544 2885 4149 2842 382 1176 367 1307 2536 4727 1454 
2344 2783 3871 3824 4748 532 4482 3808 2082 4101 428 4031 3132 4561 3588 4508 2904 4117 3827 4364 4371 2876 3687 4750 2586 4048 3032 
4580 1078 3522 1906 1306 1262 3289 951 1710 1271 104 588 1093 1879 4160 238 4464 3386 1754 
2657 605 3149 4732 3418 3943 263 3994 1869 2281 1051 500 4105 1438 4379 1845 3868 2066 1534 776 3249 1598 2747 2125 3663 1087 
4346 4 4743 1631 4486 3843 134 171 4219 2076 606 1217 524 69 59 3472 1862 1309 3318 4630 3624 4034 4657 442 3667 957 
4784 1464 4004 2007 2014 2756 165 8 3658 1214 3990 
4888 3895 1194 1246 186 3334 2451 583 3969 3144 3286 2078 405 573 921 948 2556 4229 3028 1280 1304 1073 4615 2003 4078 2160 3084 
1385 1698 4307 2342 3878 1671 2022 3477 2947 3918 1147 1742 2613 4345 3417 806 1164 2561 2197 4401 2882 3722 
1665 755 1758 2833 913 2873 4370 1839 1397 1225 1489 3210 2569 540 560 3130 1745 2767 667 
3552 1156 3469 4806 1850 412 2071 2465 1252 1042 4422 2585 3523 3062 4329 75 2333 2507 179 1864 2655 4962 1833 4767 4420 1961 4137 
2329 92 132 774 2103 4173 19 4215 2777 3867 1854 3347 3802 4470 3153 3772 3139 1377 1653 3264 169 4887 1841 2175 1847 3483 2146 1495 1922 635 4970 3698 4374 2789 2884 4631 
3781 311 2603 1506 4293 4157 3922 16 4087 2541 1566 1410 1940 975 4572 4001 877 3750 423 440 2088 3327 3479 4527 3336 2288 711 1427 3231 
4937 1335 731 2367 2301 2770 4386 4591 4745 4233 2523 4739 2901 2225 4377 4262 1195 4148 3464 2970 3818 4645 1719 3953 641 1146 1261 4095 3365 2005 2721 4723 1709 2397 3785 2624 3288 2755 
2229 4251 4242 1082 3435 3437 1065 1992 3396 3362 580 3394 617 768 4653 1260 2194 3638 118 999 4832 2274 1789 4269 3932 352 2440 1912 2240 1896 
2359 2800 1294 1247 2422 404 823 2687 3656 2950 4638 769 3586 3206 3545 3083 1008 
1716 4267 1192 2997 3532 1567 1898 52 2878 4413 1590 1714 1639 1699 2026 422 4312 4235 3629 515 2862 3540 
4237 2589 4200 1684 448 4206 1651 1459 3239 1535 2570 2410 1538 3131 415 4824 2942 4605 718 2606 2957 1015 4973 4866 680 3485 1118 3714 2210 
1910 3700 4134 2644 4998 4562 3338 4687 1019 4284 9 2643 
1231 1297 2371 4822 3699 716 665 2436 2482 2670 2339 1823 89 196 3061 270 3919 1104 1777 2191 4334 2759 314 392 2963 1230 11 1733 3617 1029 4683 3646 1821 2441 1640 2106 3192 3521 265 151 890 
1917 801 1770 666 1430 3660 1779 4462 2404 3723 4063 1979 1796 2550 4885 4477 2546 4725 1656 4446 110 709 1329 4383 2748 3463 4483 1451 1702 3793 4783 4045 
744 1738 3683 449 2784 811 71 3531 3196 671 4578 4461 1137 4590 1724 3051 2462 2316 1190 2841 
2272 2495 3794 1498 4282 3697 4990 2008 861 1017 1012 2120 1994 1937 1903 647 4119 4916 1541 3611 4392 2095 3753 2552 914 4695 1021 2542 96 3016 2096 1625 
3488 130 601 32 2587 3883 4698 1786 1905 231 1893 328 729 2827 4790 1837 1408 331 3639 3509 654 2387 269 546 2571 4717 325 1455 2746 590 
1134 1880 4169 4933 1090 1673 286 1311 2642 1609 3402 211 3899 622 3595 1471 274 1253 1203 1293 4844 4769 735 3329 4788 4051 
668 3306 2234 467 2294 198 1106 1055 824 1560 1321 
3582 3189 2702 3055 2407 1687 535 3003 506 87 2306 1737 1084 1177 2020 1757 3684 1553 2080 2893 2871 2204 1158 2750 2275 4141 924 1633 3017 4845 1372 4974 4586 1740 
446 2754 4654 4905 3766 3283 2838 362 3350 3613 15 3068 2815 2374 4838 2179 2637 648 4603 4906 4039 2743 2825 1399 462 1267 4986 476 3080 4279 3194 796 387 
910 334 730 3737 2257 3078 2673 3146 584 2433 911 4443 3339 4311 3541 1170 2796 1503 156 3803 3351 1056 
3952 2900 4341 2580 4245 684 1440 4910 2910 3713 2861 2027 3026 4223 2517 1166 40 1800 4851 1061 1720 1136 1144 1691 2931 1557 1532 1436 3079 3744 81 1968 1600 4649 2990 610 
4711 3066 3967 893 2520 4749 3065 97 643 2880 3133 2077 1812 1462 1038 2843 2152 1793 1701 1579 281 4746 2869 
4024 4584 429 4805 1223 175 3870 2609 2682 1010 3950 1886 4266 1316 2444 740 1667 950 1483 2058 
2212 1248 452 1972 1059 899 2828 2211 483 3678 33 2557 3265 4000 4976 2946 1450 4165 2712 855 732 3649 1748 4104 721 4175 1216 1526 2653 536 2734 
4676 357 866 136 3178 1370 1621 2180 2650 2492 3604 3569 1322 4525 931 2021 138 2932 571 1327 1391 1414 3632 4504 526 1759 4490 324 3911 3443 4826 62 4362 3307 2895 4195 3255 6 
3367 4692 3763 4964 3344 595 1904 3040 305 393 3573 4626 863 2438 3655 4704 4787 2340 2135 4539 2717 3113 1431 413 2627 2411 1366 160 4132 4439 1286 4772 29 3308 1998 1950 
4418 1875 2848 2373 3594 385 860 112 2621 2266 2150 3304 1295 733 4912 3839 4435 3226 2671 3514 4244 1978 4555 254 2852 2437 4478 
1196 2189 4014 1991 3504 2651 1825 556 378 2238 1345 3518 3296 4807 1465 125 3748 1162 988 1364 1403 4556 2505 3398 
3293 4128 809 1619 3948 2864 3980 884 1913 1986 3195 473 4274 4019 498 3823 1229 2128 2292 2132 2604 3207 
1513 3294 986 3791 2559 4009 4425 2196 2255 3965 2360 340 2935 3556 2325 3846 2879 3710 4263 938 1301 2782 3219 3215 586 3548 3872 1317 1481 53 1378 2669 
2247 2343 152 3291 3630 3162 3945 554 3510 2468 676 3880 3620 400 3961 4187 3873 4911 4904 3644 1852 3135 747 2235 2916 4300 1133 251 2369 2803 
1548 3187 3413 4239 2016 4456 2446 3200 1956 3459 410 1859 1222 1559 4423 66 4694 1768 3572 805 4662 922 1185 2222 3610 2126 1552 
4225 4854 4733 4856 4566 4843 
4023 301 4073 1152 1050 472 4812 4703 3313 2659 743 3832 1067 2378 137 1901 4375 2625 4587 4538 291 4174 3216 3072 2448 3508 
3957 1444 4568 3262 4090 3869 3671 3741 1743 4327 3960 4084 2524 4115 3502 1595 1843 3253 1984 1543 3616 4465 4831 1776 4376 3358 4166 204 1095 3461 208 490 674 4729 4154 
3704 4730 2201 2985 1697 3709 2299 2674 2991 2017 3378 2701 3551 1817 1319 3886 2207 4542 2388 4035 815 4715 243 
4485 1678 3717 3285 3893 3650 
1828 2817 287 2308 1476 2139 623 3558 3955 46 4057 803 2447 4987 4755 4294 3412 4735 959 2162 1325 3087 4406 4825 330 
2521 3621 4205 511 2938 1124 3951 494 4665 4673 2762 4776 3388 2917 105 1909 2083 1605 4950 4002 4442 4309 1497 468 2303 282 2093 2475 645 
994 2341 1274 1995 2463 1963 2765 1014 2101 549 3489 3780 1275 3971 219 1484 1616 268 3024 1328 4097 4457 908 3266 2984 1096 1510 775 800 714 971 4840 1953 789 2368 2245 2945 3444 3898 
883 4903 4268 2063 4736 2658 470 844 565 2941 3303 993 3543 2265 3825 1575 717 1347 3382 2934 2349 3593 2855 23 
4067 1877 2424 1171 2459 2666 4600 4026 1122 2725 4967 4902 1736 2092 3742 1672 157 1794 190 4116 2242 2502 2244 4754 2033 
797 3069 3925 4012 2933 2763 1235 3462 3841 949 2696 3862 3626 2858 4297 275 996 3150 150 1676 626 1585 4365 3279 633 4047 1433 1155 2618 4192 638 846 1887 1126 4658 2480 2087 2205 360 2336 2408 
4532 1999 3456 4228 2688 4801 4792 2158 2875 930 1057 4761 1536 3222 4487 3155 3401 4594 3004 209 1954 3254 1529 4015 3796 766 4328 841 4709 2453 1558 1382 3968 
4008 4679 2287 4741 2785 4668 
3542 1925 1929 2383 2925 2527 4209 4770 56 1417 3894 4445 4049 3147 1612 4693 2188 2065 522 339 3224 1570 4947 1113 4930 348 629 2209 4621 1502 
1634 1290 3864 2338 4569 4563 3375 262 2217 189 4343 252 4954 4505 2614 3044 
4775 3360 4350 143 1624 4829 146 3557 4315 
772 140 1659 3060 4156 1588 3319 2831 4570 804 2605 1416 1046 982 28 2781 2298 876 
3909 2601 4708 4969 4922 897 4652 3431 2323 574 3614 3674 539 1180 2167 1876 1643 3198 4257 479 4609 4289 947 3819 1911 1798 4908 4182 
4533 2851 4434 1488 1780 1785 619 2787 2998 3258 445 826 4287 2791 954 3114 474 1848 355 2830 2417 3486 
1516 3391 3913 901 2778 2042 4635 2638 1681 4124 1592 562 1555 4983 2707 184 658 3124 802 4864 2379 1564 2677 4388 2434 2757 2534 99 4543 1011 1172 1064 
4050 3882 1586 1088 3092 4010 1732 1834 3166 1878 4499 4069 74 3077 1730 3597 3516 3645 
2035 4713 3227 628 4356 261 3740 3690 2029 2117 4758 451 293 669 2920 738 4740 1977 1802 3771 1725 4402 2684 4564 1942 4240 677 1836 183 2166 770 2050 3944 3209 398 840 1562 4724 3355 
319 3167 3274 1685 3428 2127 543 1053 117 694 
4601 2202 1608 3093 2519 4324 3817 4161 1285 356 3798 2680 2926 1599 4529 1920 3140 2067 2044 
2735 849 945 1788 3314 4817 2452 3600 3246 230 1642 450 2989 1102 4624 3352 2370 2099 1990 3703 3074 1932 1138 663 3349 2722 4661 108 821 2543 4046 
3735 4201 1068 974 917 1504 139 1485 3995 4163 2460 967 191 2432 3041 3764 2258 3860 513 
3002 2013 4224 2129 3442 1966 4496 4785 3782 1613 3889 942 1712 926 2854 3245 3577 2622 3887 322 4430 1003 
3590 1682 2380 2200 309 808 1883 3156 1034 2236 51 37 82 2804 1865 1824 850 529 3244 1549 3101 
660 4467 4524 1658 2226 3269 4171 4313 2576 4511 4424 2398 3578 1957 2307 2394 1648 4168 
41 3800 4625 3048 3989 842 80 223 199 519 2068 2540 875 3565 4238 4996 1233 4909 3589 713 1026 1867 294 4855 3073 1873 
3203 203 1511 3188 1458 193 419 2421 616 2009 1411 4697 3970 1432 3346 992 3672 512 984 3584 1405 1027 3612 1418 604 2539 2458 
1132 4900 4720 4515 3778 4183 3524 3979 3356 4125 409 4510 1715 2974 3441 3278 3241 3343 76 1356 1107 4133 2944 2277 
1232 2662 2346 1381 906 637 2913 1447 302 523 1080 2635 77 1855 4058 1000 2553 2178 1958 1426 
2100 3128 819 2996 4870 1647 4671 1752 1367 1424 3566 207 427 3029 2102 3745 2243 2230 1657 
3850 1112 847 937 1545 3769 1509 4455 49 3243 1100 320 502 4640 2786 177 4549 1474 1313 3622 874 4719 50 178 4513 
2276 465 810 4230 3539 1610 3115 1250 696 194 2577 2908 3635 869 3406 2392 1278 3143 
439 2760 968 4366 420 1266 761 100 746 1941 527 2600 1031 485 478 3513 2912 
2354 1256 372 3807 1130 2588 2508 3651 724 1775 1576 1218 3897 3941 216 944 447 
2940 4138 2443 3280 2363 1627 2327 3528 4602 929 1981 323 3049 3585 1421 3767 3937 3466 
650 1632 969 3533 484 148 577 67 3170 36 2173 854 3236 1240 2574 3536 2820 
233 2630 2023 221 1089 830 1988 3564 528 2683 2423 3121 2805 3277 365 1282 
3261 3185 4716 3129 3935 4450 1257 1980 1907 
2455 3676 4044 952 3795 4092 728 818 172 2040 3106 370 2699 3071 4997 4304 2665 1255 1744 2214 4913 4928 217 4252 4675 3090 
3438 2497 3005 2961 214 3503 3316 3064 1425 3275 3675 2431 3142 1074 2819 3712 2834 2532 487 1357 2626 1614 3420 2905 1863 
4301 4336 4231 4479 4674 3756 
4398 1384 2345 3009 3988 3605 779 3122 1857 827 3641 1741 1121 1363 4463 3728 4208 788 3812 3494 4881 2509 2220 1242 4321 1005 3311 
2602 2726 3397 3476 3447 2860 1326 1881 1563 2636 4550 1663 2700 4260 1829 341 1206 1448 1149 858 3248 4177 4118 4936 1683 991 4196 
3013 3176 2686 1938 495 1360 567 4914 4218 4319 2317 3847 2776 3933 1851 3498 965 2047 469 2227 3328 2381 2914 380 4611 
3217 3045 2802 167 4567 4335 4782 182 1782 3014 7 2731 1348 3298 2516 
306 1394 862 4632 646 225 488 3478 3020 4322 1287 3964 4535 3453 3859 843 3998 2715 1354 3295 1193 164 4354 
39 1344 1728 4915 361 4411 3942 639 4338 3786 3659 3733 932 550 3721 2001 2331 3393 116 327 2729 4391 2403 70 923 1773 
1167 3607 748 596 749 542 3974 466 3907 2059 1846 1820 1446 3934 2186 3330 
2766 1049 3123 4613 1554 180 4331 3761 
807 1626 1596 1524 1292 2943 1765 3134 693 2994 2084 2137 173 2479 4085 1244 
2075 1974 3830 3317 3777 88 2672 2641 3598 1945 
4170 3546 4502 1792 2597 2070 838 1160 4037 935 4620 3828 521 2130 1692 1515 510 3157 1339 3560 
3095 720 545 
4451 3449 2466 1062 976 2995 3505 1202 1689 2568 1182 587 1362 1047 1571 572 1153 537 
891 1392 2847 4795 3891 2617 3834 3335 2832 4199 1989 4249 990 822 1713 4281 1508 4880 
4407 464 2256 825 670 1822 3033 3465 4509 57 321 2322 3471 4142 4367 2790 4246 953 1890 
706 3783 2119 1333 1826 4003 289 3161 1723 2488 471 1001 3385 1899 534 1787 4203 2134 1486 1791 
3568 430 561 784 853 61 2771 480 3904 2429 685 3599 1755 834 2319 2267 4517 
1767 2231 1849 1163 94 381 839 1098 2 1373 2170 3063 1975 107 368 
