2133 4975
1732 3077
288 4109
350 4959
3272 4828
3499 4583
3631 3981
2699 4997
3645 4062
1767 4284
3458 4112
2304 4975
3516 3645
3636 4501
4507 4687
154 4773
1695 3917
3317 4331
622 4788
1763 4583
4765 4879
3947 4460
493 4608
882 4705
4623 4684
2912 4781
3598 4331
350 4655
2476 4155
1704 4768
4272 4559
1955 3815
3916 4284
3363 3419
1393 4028
1495 3446
777 4169
698 3652
2072 3276
767 3587
3077 3516
3106 3676
2304 3123
342 1518
1878 4499
1494 4520
820 4773
2034 4959
1393 4155
2456 3856
4069 4499
627 4162
3357 4919
3379 4963
3773 4837
1373 4134
1125 4432
1048 1884
2643 4998
3595 4788
1763 3421
4076 4892
814 3976
1813 4559
555 3652
1654 4813
1945 3890
548 3730
777 3773
3700 4284
370 3795
3276 3682
2224 4272
2293 3419
420 485
2733 3225
2322 4142
2125 3994
2172 2959
777 4548
2405 4544
321 4509
3052 4700
605 4379
381 4134
329 4557
953 4509
2821 4574
224 4975
122 4707
65 4830
1051 3994
2322 4246
2456 2685
3405 4780
3631 4951
370 4997
2028 3923
3096 4835
217 4788
1726 4933
2125 4574
3759 4105
2821 4828
2456 4469
555 1393
2328 4028
1032 4469
1955 2728
1255 4997
2224 4501
3052 4432
683 761
3652 3947
3315 3487
1845 4379
426 3591
3881 4623
2428 4951
3052 4780
952 4675
1019 1098
3063 4687
3761 4613
4284 4562
683 4520
20 2182
489 2405
2062 2184
979 4062
872 4110
368 3338
3376 4926
2040 4304
2328 4506
3023 4959
1259 4666
117 3274
1975 4687
2064 4655
2897 3981
2639 4975
3882 4069
4169 4788
2639 4892
3322 4837
564 2184
2028 4253
2251 4112
983 3487
3077 4069
973 4835
1790 4963
873 2728
2165 2788
3471 4933
296 4544
2665 4675
839 1767
4112 4215
2723 4415
2318 4666
4469 4583
3910 4623
2155 3174
1111 3571
1894 3947
4123 4460
3123 4613
871 4062
128 4636
2810 3363
2251 4765
2766 3777
3276 3773
746 2912
1365 3591
698 3701
4501 4975
1974 3761
2685 3499
2218 3317
3516 3597
694 2113
1477 3773
2375 4879
2256 4509
312 4623
1254 4830
2428 3976
3357 4768
4092 4675
3597 3882
180 3598
4732 4997
2182 4164
2772 4780
2246 4700
2034 4123
18 4506
3465 4509
4562 4998
3166 4069
1878 4010
4705 4830
1707 4112
3890 4813
3063 4284
1845 3868
3090 4997
459 2172
1098 4562
1253 4051
4687 4998
3760 4544
3446 4520
4253 4558
3033 3465
2685 3856
3033 4407
4044 4675
3591 4675
3815 4506
489 4053
3835 4975
2790 3033
88 4919
1393 4506
1890 4367
2840 4544
746 2600
3337 4828
286 3595
979 4768
2246 4780
3923 4574
2641 4613
2793 4705
1072 3421
1849 4998
1673 3402
3519 3916
1985 2728
3759 4636
402 4828
3089 4919
1253 4769
4044 4246
1049 2672
4304 4997
4558 4926
1766 4700
1088 3882
1673 4933
3317 3761
1534 3943
1811 4062
564 2928
1477 4773
1686 4813
217 4997
4432 4830
1927 4781
952 4997
3092 4499
3567 4548
825 4407
3077 3166
2455 4997
3363 4598
1198 3652
3077 4562
2218 4076
4051 4933
109 4828
2125 4732
871 4520
2952 4780
133 4780
3089 3679
767 1269
154 4879
4134 4562
845 2318
3835 4559
3272 4926
117 2256
698 1393
2072 3499
622 3458
735 4769
2723 3276
3916 4558
2456 3707
1889 4123
4246 4367
3705 3981
1163 4769
2672 3317
3587 3645
329 4813
332 4544
720 1053
1884 4598
3936 4781
3689 4523
141 2280
274 4169
2256 4367
2064 4460
1744 4304
1945 4926
682 2148
1695 4773
3418 4105
3730 3910
1028 4469
1704 4062
761 4366
3519 3936
3337 3916
1767 4963
636 3428
3682 4200
939 4559
2723 3322
333 3519
1767 3700
3322 3567
548 4892
1945 4331
3981 4291
2293 4636
464 4407
3458 4951
1479 4190
1869 4732
1910 4998
3106 3795
1730 3516
2214 4092
3077 3597
4010 4050
2668 4548
3730 3881
3795 4928
3446 4768
370 4928
1365 4469
2554 4705
4700 4830
3315 4186
2644 3700
350 1960
3519 4460
2909 3916
4200 4520
500 2281
2184 4460
3676 4304
1955 4523
670 4509
1358 1677
485 4366
565 4926
2708 3272
1894 4123
3324 3730
3994 4379
3906 4828
4123 4655
102 4951
4520 4743
180 4613
342 4636
1542 4507
3324 4997
3899 4769
1704 4919
2113 3095
3519 4655
3402 3899
1974 4331
20 4951
2289 2760
3929 4272
1108 4707
3405 4432
1890 4407
4051 4975
4574 4828
2382 4768
3730 4562
133 4705
4700 4780
3662 4951
2600 4366
4076 4780
3474 3835
2318 2456
1609 3402
1744 4928
4246 4509
825 3471
3321 3663
319 3167
2291 3773
767 4548
1198 4155
2012 4053
687 3357
1198 3701
1790 2291
2641 3598
1087 4892
368 4134
2054 4548
3023 4460
3276 3567
3322 3587
4139 4765
4110 4707
689 4781
3583 4707
4583 4636
263 4919
952 3795
94 4501
4548 4879
333 4655
2028 3916
3929 4981
3662 3976
1534 1869
3317 3777
1677 4837
2318 4879
4080 4112
3899 4788
3701 4155
1654 4687
1834 4499
1177 4583
3338 4562
439 4366
3166 4499
1889 4655
2125 3868
3446 4743
605 3149
2872 3446
133 4700
1373 4562
839 4687
1707 4164
3598 4613
4246 4407
4415 4548
1163 4284
1134 4769
983 4608
1819 2155
3090 4928
818 4675
2672 4613
1598 4105
88 2672
3474 4892
2987 3474
3315 4554
4284 4998
3636 4109
3315 3890
224 4981
1609 4769
88 4613
927 4975
1087 3418
1048 2936
1685 3167
882 4700
4164 4291
3033 4246
1889 4959
3337 4558
1007 4162
3357 4520
3458 3976
20 1790
683 3357
3416 4544
1884 2840
249 4432
2293 3759
2428 4164
2214 4252
2291 4548
777 4464
3795 4781
698 3917
1686 2751
3759 3760
2476 3707
1707 4291
9 1373
2064 4781
329 4608
1730 4499
3795 4092
1732 4499
2155 2280
3583 4272
2062 4781
1032 2793
107 1586
1311 4769
2793 3405
1960 4781
4507 4623
154 4837
543 3274
4687 4963
3761 4331
4272 4892
545 3880
263 4252
4110 4830
1845 4732
1960 4959
4765 4951
9 4998
1890 4509
2231 3338
728 4675
3149 4732
548 4707
989 3923
1730 4050
1108 1890
2040 4092
3976 4780
2728 3701
2699 4928
870 3225
94 4998
1007 4780
4252 4997
1365 4666
3418 4379
3174 4053
1393 3701
1069 4828
1054 4574
464 4142
3705 4892
3100 4548
3446 4919
2 4284
682 1971
3418 3868
4062 4919
1677 3276
1079 4959
2304 4559
2766 4613
14 3571
3595 4933
2657 2747
500 4732
286 4933
224 868
3315 4813
3631 4080
141 2293
2772 4432
3487 3890
1726 3645
1834 4050
2643 4687
2952 4830
1494 3357
2224 4559
4110 4981
1423 4558
1175 2733
256 1816
3591 4583
3760 4598
4284 4655
3317 3583
3689 3947
1471 4788
2155 3416
873 4666
1839 3899
555 3338
1910 2644
4743 4768
1358 4773
3636 4707
1985 4506
1079 1495
402 3923
1816 4780
1890 3471
3513 4092
868 4554
905 3981
3402 4933
3106 4092
1554 1945
839 4998
2821 3916
1766 4830
2728 4155
286 3899
1032 4830
3096 4981
3225 4554
3376 3403
1685 2127
1673 4769
1117 3272
2643 4134
3856 4959
2224 4707
2554 4700
3149 4379
3403 4253
3225 4813
1730 3405
489 2936
2788 4959
2897 4765
1869 3663
4200 4768
2793 4700
44 4837
1311 3899
2133 3583
687 4520
2476 3652
2772 2793
103 4828
3906 4558
592 4743
3890 4186
2489 4666
2256 4246
312 4835
319 694
873 3499
636 2382
905 2251
777 4415
941 4574
1790 4837
4291 4732
384 872
304 1894
1140 4951
1534 2657
2375 3011
2382 4272
597 3446
1974 4613
3100 3567
973 4190
2668 3100
65 4705
1477 4574
286 4769
735 2642
263 3149
2699 4675
2772 4830
2928 4655
1266 4366
3835 3929
2218 4975
3416 4142
941 4253
1365 3856
107 4998
3923 4926
368 4998
88 3123
3730 4684
4460 4781
1811 3446
1849 3700
2810 4583
723 4951
1609 4933
1609 4051
3676 4928
1087 3868
74 4069
4469 4666
4252 4304
4562 4687
818 4304
3929 4501
4598 4636
3403 3923
4109 4501
1438 4379
109 2840
250 4705
2987 4707
3663 3868
3092 4105
1869 4105
3376 3923
1031 2760
2639 4559
2872 3571
4134 4284
329 4554
968 2600
2644 4284
579 3760
4044 4407
873 4499
545 3095
1534 4732
3598 3777
3701 3815
1198 4028
4190 4684
4557 4813
1049 4613
3516 3882
1822 4407
107 4687
100 319
1521 3760
1542 4684
1766 3052
2643 3063
4139 4879
2073 4813
1254 4162
3363 4636
1053 3428
1975 4134
3095 4557
3516 4499
2 4998
1072 4959
304 2788
3645 3976
870 4732
1269 3587
786 3773
2237 4781
2799 4123
1834 4010
3092 3166
332 2840
2375 4464
2987 3636
4707 4892
3276 3587
1111 3225
1291 4557
3587 4837
3881 4507
2328 3815
1945 4613
3338 4998
1479 3730
1695 3682
1766 2554
1813 3929
3077 3689
4110 4432
133 4432
636 4919
2012 4636
2821 4558
4162 4707
2075 4331
2054 3379
3947 4523
2133 4892
2281 4105
2246 4830
58 3976
3405 4700
2214 3106
1049 3777
825 4367
689 4655
2810 4053
1479 4623
141 2810
426 4687
3513 4366
3315 4557
250 3052
3636 4110
814 4112
2182 4951
1880 3595
2936 4053
420 2912
100 2760
565 1910
2075 3123
3795 4997
4272 4975
4252 4928
3092 3663
2034 4781
1677 4879
4044 4997
1438 4732
620 3881
3587 3682
1117 4926
1819 3759
2912 4366
2256 4407
4544 4583
1253 4788
4700 4705
332 3760
2012 4544
1927 2237
837 2280
989 4828
723 4080
420 527
555 4028
4892 4975
548 4076
3324 4507
122 2224
3679 4062
1849 4284
1586 3882
1423 4828
3225 4608
18 4028
3011 4837
1927 2799
983 4554
3761 3773
2897 4139
3272 4574
4919 4928
2165 3947
107 4562
1373 4687
4781 4959
2799 3023
3089 4520
4076 4975
3880 4557
3272 3916
4190 4835
3376 4828
555 4506
968 2760
2751 4557
3033 3471
3363 3760
1955 4506
371 2772
592 3730
128 4544
2428 4080
2793 4162
3881 4835
2657 3868
1117 1423
3166 4050
1811 4520
2157 4460
4415 4837
3795 4675
3856 4583
3403 4574
250 4768
786 4837
18 3707
2772 2952
3123 3777
342 4544
825 4509
3516 4050
1822 4367
3881 4981
3773 4415
728 4997
2699 4092
845 3856
2054 3011
4139 4951
3322 4548
2218 2987
4109 4559
2668 4837
1816 4162
2790 4367
1254 4432
3063 4562
870 3571
4190 4623
3679 4919
3700 4134
1358 3682
1542 4623
3446 3679
2326 4574
4142 4246
2665 4928
941 3106
1884 2289
2133 4501
1311 4169
3917 4963
263 4379
1296 4835
4501 4707
1518 3419
1291 3890
3917 4415
58 723
2699 3795
4069 4105
319 1053
1049 4331
4675 4684
900 4837
4623 4835
687 4768
3276 4773
103 4926
2184 4123
1041 4655
100 485
1767 4998
1199 4636
1677 3890
694 3274
4507 4835
627 4830
4112 4139
3645 4499
286 4788
485 4780
1079 4523
3322 3773
3077 4010
3324 4190
1971 2788
4835 4981
4284 4687
312 4684
2952 4700
4684 4835
3705 4112
2214 3090
1048 4765
3636 4076
94 4963
274 4933
3379 4548
1019 2643
1296 4507
2075 3761
2987 3835
402 4926
1704 2382
2641 4331
1974 3123
3011 4700
870 4557
2952 4110
4215 4366
26 4743
3916 4828
2182 2959
3519 3947
4200 4919
3329 3899
3663 4732
3910 4684
155 4608
2760 4366
296 3363
2790 3465
2657 3149
1834 3597
2148 4123
1054 4828
1199 3174
2554 4830
2596 4835
3315 4608
1598 3943
579 1518
3096 3881
1203 2642
1255 4928
2040 4675
2959 3976
4080 4879
1813 4109
493 4813
882 4780
1423 3906
4162 4636
2575 4608
217 4928
3465 4830
1890 3916
2 4687
1494 4768
3419 4598
564 4781
837 4164
2928 4523
3705 4139
1007 4830
3421 4053
1985 4028
1726 4499
1816 4705
2489 4835
1654 2751
3023 4655
4705 4780
2489 4684
2665 4304
2790 4044
1079 4781
2821 4926
3100 4773
2455 4304
2790 4246
3662 4215
2936 4636
4507 4981
786 1358
2810 4598
2375 4837
1088 4069
882 4830
2810 2936
3705 4164
426 4469
3092 4732
3916 4926
1890 4142
3880 4813
1203 4051
4010 4583
4464 4830
4501 4509
837 3631
1111 2575
2405 4598
3123 3317
14 4700
1028 3591
2952 4162
3315 3571
1048 2012
4109 4707
1878 4069
1117 4598
117 543
2840 3416
1927 4959
1677 4415
818 2699
1494 3679
2723 4773
122 4501
3465 3471
1880 4933
2155 3363
746 3513
2184 4959
2224 4892
941 4828
2318 3499
1471 4331
1199 4598
1845 3663
4291 4879
1134 4933
4190 4981
592 4062
3906 4926
2054 4963
94 4284
3149 3943
3487 4557
2064 2799
1311 4788
2289 3890
3571 3890
527 2600
767 2455
872 3707
776 4379
1955 4155
1834 2375
2810 4765
973 4623
4080 4765
2909 4557
3636 4562
424 4559
3487 4554
1255 4675
682 2928
952 3707
3096 4684
88 4331
2237 3023
4501 4781
818 4997
839 4562
1117 3906
102 3981
2708 4781
4105 4379
3465 4142
2455 4252
1586 1732
2184 3689
3777 4613
2936 3363
3662 4139
128 3759
4523 4959
2237 4959
1041 2708
3882 4050
44 4773
3587 4415
2733 3315
2127 3428
4200 4879
2326 4926
2672 3761
2685 4743
1438 3663
2665 3106
1744 4675
620 4684
3868 4105
2073 4608
2455 4928
620 4835
1598 4379
2766 4331
1521 1884
989 1140
2172 4951
1028 4666
2641 3317
4558 4559
2665 4997
224 4707
122 4975
4501 4981
3166 3645
4080 4951
761 2912
2596 4684
3034 4926
3943 4092
1834 3645
4142 4407
1732 4139
224 4892
3868 4732
1393 3166
2157 2170
3936 4959
2641 3761
4544 4598
384 3815
74 4050
58 4164
597 3089
3471 4142
1471 3402
1358 4464
3701 4028
1695 4415
979 4520
3689 4655
1358 3379
845 4666
2790 4835
3090 4304
304 4655
636 4768
3571 4608
18 2728
927 4707
2214 4997
868 4732
4520 4768
3023 3936
2214 4675
4892 4981
1869 3868
2793 4830
3916 4253
2382 3357
3100 4415
1822 4142
26 4768
1974 2641
4062 4520
2405 2840
2596 4507
2665 4092
2034 3519
3910 4507
3106 4997
2685 4666
3881 3910
622 4933
3943 3994
837 2897
3981 4164
1054 4253
3034 4574
418 4773
2382 4919
2751 4608
180 2075
837 3976
3676 4997
1494 4919
4464 4548
1088 3923
2072 4666
2772 4700
3033 4367
592 4304
4951 4959
478 4366
1054 4558
2476 3815
3034 4828
3567 4415
953 4142
3337 4926
3682 4548
1296 4684
3225 3890
3474 4109
2575 4813
3759 4053
3376 4253
4559 4981
2596 3597
2455 4675
3100 3276
2642 4788
3519 4959
3092 3705
870 3880
3274 3428
4044 4928
304 1889
1072 4655
478 3513
1203 4769
384 4028
4076 4109
520 2751
4928 4997
1069 4926
1477 3100
44 4291
371 4830
65 4162
2668 3587
1140 4469
3376 4574
4460 4959
1140 3631
2237 4123
3597 4069
296 4765
3090 4252
3916 4112
1975 3338
3096 3324
3882 4010
1311 4933
4010 4499
3416 3759
371 1125
3631 4139
1175 3487
818 952
545 720
543 2127
4112 4951
3936 4460
3403 4926
493 2575
3906 4574
2214 4928
3981 4112
256 4780
4028 4506
74 3516
109 4053
1534 2125
381 4998
2642 4769
3591 4053
579 3363
2281 3663
3676 4092
2165 4959
2872 3276
411 2728
2133 4076
3682 4837
1203 4788
927 4892
968 4366
605 4732
3890 4963
2928 3519
2148 4655
250 4830
2766 3598
3943 4732
3645 4069
3033 4509
3052 4705
342 4598
2821 3403
14 3890
1894 4959
776 4105
26 4520
868 4186
2318 4469
2733 3571
3405 4830
2639 4272
2723 4963
1254 2246
767 4464
180 4331
2747 3149
622 3899
3652 4155
2554 4432
2872 4608
3976 4879
979 1811
3595 4769
4304 4928
1554 3777
1732 4010
644 2182
3329 4933
319 1685
424 4975
1163 4998
1880 4788
1007 4700
411 3815
520 4574
1019 3338
4044 4304
1811 4919
1521 3759
1819 4765
1609 4788
2028 4743
868 2289
3994 4732
761 1031
3906 4951
9 368
1269 4837
2471 4959
263 3868
1945 3761
3089 4768
3149 3663
2028 3321
1203 4933
1554 2672
370 371
3338 3700
4050 4499
3652 3701
3663 3994
1199 3419
2456 3591
3976 4215
2218 4460
2456 4666
4162 4705
3936 3947
2872 4919
3597 4010
256 4705
4092 4997
3471 4407
2959 4291
3186 4997
1269 3682
2788 2928
644 4407
411 3652
968 1266
900 4963
3591 3856
1822 3033
1878 3882
3567 4773
2040 3700
1518 4636
1598 3994
2936 4583
1554 4613
3276 4837
1177 4705
2987 4975
3324 4684
3421 4636
4464 4523
2639 3929
2912 3513
312 4507
682 4781
3487 4186
3583 3761
3676 4675
117 3428
4367 4509
953 4246
9 2170
2246 2793
4169 4769
1975 4284
3174 4544
3652 3707
2304 4076
2218 4559
2799 3947
3322 4415
4123 4134
3636 3835
3106 4252
296 4919
4331 4613
670 4407
478 2760
2708 4523
545 3274
2170 4134
1730 3645
4139 4164
418 3516
1819 3419
3465 4367
4253 4926
3676 4252
3645 4010
3899 4051
4109 4975
1471 3899
3186 4272
1088 4010
3815 4028
2125 4105
2840 4598
2280 3416
411 4155
3910 4190
3106 4928
3471 4509
953 4407
3095 3428
4583 4666
1098 4134
592 4768
2751 4813
2428 3662
1111 4813
2790 3034
4044 4252
1834 3166
670 4246
103 4574
2642 4051
3317 4613
1744 4997
2231 4134
2304 4707
3337 3923
3707 4028
2170 4507
4062 4768
2772 3317
1291 2751
2641 3777
527 1266
872 3815
1971 3936
979 4919
1054 4926
211 4769
777 2291
1975 4998
2040 2665
94 4687
2471 4655
2293 4544
4162 4700
26 4919
1554 3598
3337 3376
694 3880
1894 4781
2170 4998
786 4835
4558 4574
418 4415
1471 4933
2182 3458
3272 4558
2685 3591
333 2157
1960 4460
2909 3947
4164 4951
851 4598
1654 4608
1960 2148
1707 4080
3943 4105
1521 2280
3357 4743
4162 4432
2596 3910
873 3023
3167 4464
2127 3274
2 3063
1542 4835
2073 2733
1069 4253
4186 4557
3679 4768
2596 4190
1266 3513
1673 4788
4092 4304
3418 4732
2375 4773
2657 4732
683 3089
1108 3929
3186 4675
2928 4959
2322 4367
1839 4928
4252 4675
851 2840
1518 1819
500 3943
26 4062
1960 1971
3090 3676
4559 4975
3760 3943
973 4684
4559 4892
2218 4501
872 4155
211 4788
2708 4123
1816 4830
4655 4781
4080 4291
3096 4623
3499 4666
1049 3598
1175 4186
1766 4780
3881 4684
102 4164
2747 3663
870 2751
155 4554
2291 3917
381 4687
952 4928
1032 4432
4367 4407
4215 4951
3910 4835
1087 4379
3899 4933
941 4926
4044 4509
776 2747
3446 4062
3499 3856
2643 4562
3981 4951
3096 3730
4076 4110
3652 4506
3631 3976
4788 4933
620 4623
2382 3089
3923 4828
3943 4769
4051 4813
1051 4105
1051 4732
122 4044
689 2148
3167 3274
2281 3994
4773 4963
670 4367
2959 4951
548 4975
1767 4562
3379 4773
2596 4981
4076 4559
3645 4050
103 1423
3730 4835
1296 4190
2596 4623
3416 3760
1686 4464
3700 4687
2170 2643
4134 4687
493 4557
2281 4732
4837 4879
2322 3465
2644 4562
1041 2062
1477 4548
2821 3376
3174 3421
2251 3458
4092 4252
4109 4272
983 2733
2747 3868
3595 4051
1479 3458
4544 4636
371 4700
687 4919
2172 4139
321 4407
286 3676
4169 4933
837 4765
4432 4780
2322 4919
3416 4636
249 4780
3077 4499
2165 4523
3929 4975
4092 4928
2959 3662
1554 4331
776 3418
3186 4928
485 4959
814 3981
1955 3166
3631 3662
1839 4997
845 4469
2170 4687
3402 4788
900 2723
3700 4998
2231 4562
1790 3587
1053 3167
4407 4509
4142 4367
3583 3636
735 3595
1726 4769
2952 4705
3403 3906
3421 4598
3458 4919
4963 4998
636 871
2148 4830
1889 4460
2642 4933
2148 4781
3324 4981
4623 4828
1199 3421
1296 4623
565 4998
3835 4707
814 2428
1438 3418
1259 3499
2328 3707
4139 4291
9 4562
3474 4501
1849 4963
2872 4768
141 4598
3652 3815
2959 3458
2012 4598
211 4933
485 2912
3416 4598
1163 4562
3063 4134
3730 4981
746 1031
1889 2157
500 1087
3516 4010
2699 4252
4675 4928
1974 2766
3458 4291
2909 4813
274 4788
14 2909
2790 4142
1880 4169
4768 4919
3418 4981
1971 3689
3405 4110
2326 3916
1763 2280
2788 4781
1255 4304
2064 2165
65 4700
3402 4769
4080 4506
1134 4169
1051 3868
1910 4963
4253 4828
1253 4933
1098 4998
3458 4139
1495 4919
3123 3598
1813 4835
4432 4705
2600 2760
4076 4272
1479 4835
4051 4169
155 1845
1609 4169
420 439
1707 3631
627 4705
3363 4997
1477 2034
3329 4169
485 2600
424 4707
3096 4507
3923 4558
3835 4272
4272 4501
2476 4028
3773 4773
20 4291
761 3513
2489 4623
4684 4981
3636 4981
3077 4050
3322 4963
1477 2291
2256 3471
274 4769
1479 3881
2157 3936
1438 3994
3679 4200
1813 4892
3595 4169
20 4765
249 2772
3418 3943
3679 4788
459 3705
459 723
3890 4557
2723 3917
597 4919
3089 4062
478 2600
1654 3890
2644 4998
3856 4666
459 4879
1845 3943
2554 4780
288 4501
746 4366
2218 4707
4379 4732
3416 3421
4655 4959
592 4919
520 4926
4110 4975
3916 4574
1686 4554
3419 4053
2127 3167
720 3095
1521 4053
605 2125
3682 4773
1586 4010
3906 3923
820 3587
939 4892
1586 3645
1955 3707
851 4053
1880 4051
1685 3095
1028 2318
868 4813
1884 2293
905 4112
2668 4415
579 4636
3166 3516
1586 4050
2231 4998
4051 4769
4769 4788
1845 3994
2251 4291
402 4253
644 4951
4186 4554
3773 4548
1763 3759
3499 3591
2790 4509
2476 4506
439 2600
1365 2685
418 3917
2289 3513
1108 4975
3329 3595
4110 4162
3274 4252
3329 4769
288 4975
1763 4598
820 3682
402 4558
2471 4781
4162 4830
4608 4813
520 3272
2326 3272
1175 4557
350 4781
1971 4959
1975 2643
3471 4246
1686 2575
2034 2788
3324 4623
1259 4469
939 2639
527 4366
4781 4928
2708 3095
1019 3700
4830 4963
2155 4636
1269 4773
622 1134
3419 4636
2455 3090
1534 4379
3405 4705
1175 4554
3174 4765
249 882
3096 3910
2575 4554
818 4509
420 3513
4044 4367
2280 2936
4507 4684
1878 3645
332 1884
2747 4732
2821 4253
3174 3759
4051 4788
3474 4559
3123 3761
4284 4963
2790 4407
3567 4837
3324 3910
689 3936
4112 4291
464 4509
1019 4998
1890 4246
989 4558
905 3705
3329 4788
2672 4331
2708 4460
3795 4252
1673 3329
2747 4379
1032 4705
2322 3471
4050 4069
2936 4432
3052 4830
3631 4164
3835 4892
3929 4892
1849 4562
2455 3676
3571 4186
644 2897
3761 3777
1108 4892
128 1598
1177 2723
2799 4655
288 4892
4558 4828
1031 4366
851 2012
3077 3882
687 4707
4707 4981
548 4109
1880 4769
2328 2728
2641 3123
698 4506
1704 4520
3376 4558
868 4608
3274 3880
4520 4919
3499 4959
74 4499
3465 4246
1072 2293
825 3465
4743 4919
4675 4997
2073 4554
3567 3917
424 4109
4773 4837
2799 4959
1586 4499
2075 4613
3092 4069
939 4975
3899 4169
871 4919
3906 4253
3052 3405
155 3890
3662 3705
321 4367
882 4200
2987 4559
3730 4190
3403 3916
3419 4544
1259 4583
2034 4460
109 3416
851 3759
2224 3835
2375 3682
4142 4509
3011 4780
2157 4655
4769 4933
1849 2657
728 4928
2328 3701
2788 3947
1373 4998
2747 3994
3701 3707
1598 4732
180 4743
3337 4574
4200 4743
1028 2072
786 1695
1163 4687
4598 4765
1198 2728
2668 4963
3402 4169
3773 4507
1813 4975
520 4544
1471 4997
3272 3337
4780 4830
3795 4304
3910 4981
3166 3882
4773 4879
464 4367
3458 4879
3705 4291
3777 4331
839 3700
370 4675
2182 2251
3662 4164
3981 4080
1542 4190
973 1542
3337 4253
1910 4562
1945 2766
2897 4291
1254 4700
1790 4407
2554 4162
2897 4951
2040 4928
3487 4608
3929 4707
2281 3943
3976 4951
1704 3679
1822 4509
3186 4284
74 3446
1654 4554
3321 4105
520 4558
4879 4951
109 1518
1894 3519
776 4732
3329 3402
439 761
2322 4407
3730 4623
4186 4608
3583 4613
3421 4544
1051 3943
1007 2246
2644 3338
3906 3916
3063 4998
1266 4780
1088 4499
735 4933
1125 4780
3730 4507
2668 3379
2054 3917
1048 4598
3636 4975
564 1041
4076 4981
1259 3591
3679 4520
698 1985
1878 3597
2256 3465
2928 4926
3591 4666
2657 4379
2073 4781
4109 4892
100 3513
905 4164
1255 3676
1134 4788
927 4501
1140 4666
728 3090
263 3994
3363 4544
3882 4499
1695 3567
489 4765
1707 4951
1438 3321
333 4959
1117 4828
14 4554
2170 4284
155 4813
3499 4469
4574 4926
4123 4959
3976 4080
3166 3419
321 4246
4304 4675
3379 4837
2028 4926
3379 3917
1811 4768
250 4432
1125 4830
107 1098
1790 4879
3662 4080
4828 4926
2133 3835
2405 3174
4554 4557
927 4272
1088 4050
3338 4687
1869 3943
2028 3376
939 3929
1041 4123
2028 4828
3705 4215
3707 4506
384 4506
2733 4557
543 3428
2172 4291
1732 3597
1730 3597
128 3760
381 4963
1108 4559
1910 3063
2072 2685
1521 4636
1087 2281
1816 4700
1985 2476
1985 4155
2040 4997
3324 4835
555 3701
2251 3705
2072 4469
2064 2928
597 4768
2075 3317
1732 4069
4134 4998
2280 3174
250 4780
4557 4608
211 1471
1945 3598
368 4687
2326 4253
2113 4253
3272 4997
4190 4507
2375 4963
3707 4155
2304 3636
58 4951
900 4548
1839 4933
2952 4432
2218 4892
2073 3487
1479 4684
2382 4062
3357 4062
4501 4892
2708 3936
683 4919
3329 4051
2062 3023
154 4548
1849 4687
820 4548
3631 4112
3516 4069
2184 4781
3474 4975
4162 4780
3011 4432
1365 2072
1069 4558
3917 4773
3379 3567
464 953
871 4768
2062 4959
2231 4284
3100 3773
3033 4142
2054 4837
2 836
9 4628
14 4798
18 4594
20 2453
26 3687
44 4133
58 4318
65 3823
74 3861
88 3953
94 4606
100 4472
102 4630
103 3441
107 3781
109 280
117 4734
122 4874
128 4660
133 3969
141 4279
154 3902
155 4081
180 1870
211 4657
217 4893
224 4512
249 4232
250 2972
256 3821
263 3775
274 4189
286 2709
288 944
296 4814
304 4841
312 1622
319 4857
321 760
329 3608
332 4271
333 3253
342 722
350 836
368 4356
370 4922
371 4972
381 4873
384 4741
402 4413
411 1392
418 3496
420 4437
424 1141
426 3765
439 1861
459 4278
464 4857
478 4920
489 4736
493 3201
500 4233
520 4679
527 890
543 1921
545 4751
548 4125
555 3099
549 564
565 4903
127 579
592 4604
409 597
605 1670
620 1216
622 4632
627 3183
636 640
644 2019
670 4819
682 4158
683 4527
687 802
689 3734
694 4279
698 3606
720 4352
723 4121
728 949
735 4831
746 986
761 3009
767 3724
776 3097
525 777
786 1733
814 4670
818 2409
820 3847
825 1447
837 3973
839 860
845 3698
851 4800
868 3391
870 4889
871 4625
872 4365
873 4918
882 4846
563 900
905 1354
112 927
939 4386
941 3967
952 4742
953 3629
968 4806
973 4445
979 4398
983 2764
989 4651
1007 2773
1019 2933
1028 4387
1031 4189
1032 3874
1041 4078
1048 4462
1049 2308
1051 1196
1053 2854
1054 4614
1069 3467
1072 2378
1079 4634
1087 4858
1088 1879
129 1098
1108 3029
178 1111
1117 3424
1125 4034
1134 2964
1140 3987
1163 3911
1175 4886
1177 2400
30 1198
1199 3975
1203 4136
1253 1293
1254 4747
1255 3593
1259 4955
1266 4036
1269 4790
1291 3618
1296 4715
1311 4698
1358 4886
1365 4388
1373 4315
1393 4859
1423 3842
1438 4712
1471 4673
1477 3538
1479 4017
1494 2876
1495 4887
1518 3840
1521 4904
1534 2360
1542 4087
1554 1907
1586 4786
554 1598
1609 3965
1654 4213
1673 4728
1677 4570
1685 4626
1686 4369
1695 4923
962 1704
1045 1707
1726 4965
1730 4312
1732 3557
1744 4913
1763 4409
1766 4374
1767 4628
1790 4571
189 1811
1036 1813
1816 3934
1819 4802
902 1822
1834 4500
1839 4370
1845 4712
1849 4322
1869 4082
1878 3088
1245 1880
268 1884
339 1889
1890 3877
533 1894
1910 2236
1927 3983
1945 4751
753 1955
1960 4078
1745 1971
1926 1974
1975 2342
1985 3764
2012 4531
2028 3731
2034 4838
739 2040
132 2054
2062 4755
1823 2064
2072 4165
2073 2681
1987 2075
2113 2927
2125 4041
2127 4375
2133 4463
2148 4825
2155 4861
2157 3413
2053 2165
1201 2170
651 2172
2182 4412
2184 4759
2214 4721
2218 3991
2224 4071
844 2231
2237 3750
2246 4710
2251 2481
2256 2314
2280 4982
2281 4637
2286 2289
2291 4726
2293 4303
2304 4345
2318 2544
2322 4400
2326 4128
2328 4195
1448 2375
2382 4300
2405 2945
2428 3423
63 2455
2456 4400
2471 4939
69 2476
2489 4563
2554 3334
2575 4805
2596 3030
1082 2600
2639 4814
2641 4907
2642 3196
2643 3122
2644 4131
1992 2657
2665 3695
2668 4258
2672 3202
2685 3118
2699 4934
2708 3983
2723 4709
2728 4615
2733 3580
2747 4911
2751 4829
2760 3796
2766 3122
2772 4973
2788 3284
2790 3132
2601 2793
2799 4250
2810 4635
2821 4735
2840 4948
1987 2872
2897 4767
2909 4332
2912 3827
2602 2928
2936 4502
2952 4494
2959 4223
2987 4789
3011 3427
3023 3642
3033 3498
2324 3034
3052 4639
3063 3928
1287 3077
3089 3729
1529 3090
309 3092
3095 3111
2145 3096
1122 3100
3106 4896
3123 3962
3149 4624
2173 3166
3167 4289
3174 3495
3186 4976
3225 4401
2096 3272
3216 3274
3276 4374
3315 4954
3277 3317
3321 4822
563 3322
3324 3802
3329 4382
869 3337
3338 4305
3357 4393
3363 4264
2536 3376
3379 4409
3402 4844
3008 3403
3160 3405
3416 4787
3418 4588
2166 3419
3421 3875
3072 3428
1144 3446
3458 4292
3465 3557
710 3471
378 3474
1723 3487
2457 3499
3513 3827
3516 4882
2823 3519
1132 3567
3221 3571
3583 4745
3587 4020
2244 3591
768 3595
2825 3597
3598 3999
3631 3725
3636 4141
1451 3645
3652 4478
3116 3662
3046 3663
2855 3676
3674 3679
3682 3801
988 3689
3700 3739
3701 3942
3019 3705
3481 3707
3730 4869
3759 3769
3760 3904
2694 3761
3773 4758
3765 3777
3795 4144
3815 4231
3835 4228
3856 4452
3868 4748
206 3880
186 3881
3882 4510
1075 3890
3899 4614
3897 3906
3303 3910
3916 4151
2502 3917
3613 3923
3929 4492
2500 3936
1612 3943
2501 3947
3976 4748
3981 4956
2939 3994
1192 4010
495 4028
3108 4044
4050 4405
4051 4906
1357 4053
3792 4062
4069 4809
427 4076
806 4080
2082 4092
3249 4105
4095 4109
3340 4110
262 4112
4114 4123
2975 4134
4139 4392
4142 4922
4155 4596
4154 4162
3956 4164
2370 4169
3284 4186
1574 4190
2332 4200
2943 4215
1497 4246
4101 4252
4244 4253
4262 4272
4284 4555
173 4291
3470 4304
3935 4331
4366 4680
4367 4380
4309 4379
2119 4407
2380 4415
2367 4432
3081 4460
3518 4464
13 4469
4499 4962
4501 4789
4289 4506
1937 4507
4509 4511
399 4520
4209 4523
2514 4544
59 4548
1840 4554
3980 4557
4558 4776
4539 4559
2093 4562
1772 4574
2877 4583
3064 4598
4368 4608
3101 4613
4623 4673
3588 4636
3124 4655
1775 4666
4675 4760
1797 4684
3980 4687
4312 4700
4705 4710
3290 4707
3265 4732
4219 4743
1826 4765
2135 4768
4570 4769
1659 4773
4762 4780
4781 4792
4630 4788
284 4813
3417 4828
474 4830
2953 4835
3286 4837
3614 4879
4207 4892
2173 4919
807 4926
3827 4928
3532 4933
2924 4951
4668 4959
4754 4963
4631 4975
4977 4981
4913 4997
4024 4998
2 4946
9 4542
14 4277
18 4810
20 2732
26 2598
44 4634
58 4224
65 142
74 4934
88 4827
94 4657
100 3827
102 4126
103 3087
107 4827
109 4923
117 3451
122 4992
128 4585
133 3651
141 4916
154 4385
155 4953
180 2239
211 3962
217 3913
224 4912
249 4280
256 4543
274 4845
288 4425
296 2360
304 4668
312 4567
319 4573
321 4622
329 3302
332 4611
333 4994
342 4372
350 1075
368 2436
370 3637
371 4772
381 3398
384 4887
402 4857
411 4543
418 4886
420 4624
213 424
426 3763
439 2572
459 4101
464 4375
478 4924
489 4717
493 3836
500 1789
527 3889
543 4289
545 4686
564 3849
565 4268
579 4085
597 4480
605 3997
620 4752
622 4564
627 2253
636 4428
644 726
670 2595
682 4125
687 3800
689 4673
694 4803
720 4742
723 4850
728 1510
735 750
746 4422
761 2332
767 4327
776 2750
777 4821
786 4537
814 4679
818 4867
820 3030
825 4786
837 4351
839 4476
845 1905
851 2530
870 1733
871 4811
872 4836
873 3395
882 2836
900 4831
905 3698
927 1492
939 4839
941 4316
952 4632
953 4620
968 3827
973 3596
979 4187
983 4664
989 4952
1007 3243
1019 1544
1028 3563
1031 4549
1032 4054
1041 3736
1048 4814
1049 3721
1051 4962
1053 3231
1054 4492
1069 4766
1072 2576
1079 3989
1087 4844
1088 4916
1098 4710
1108 4727
1111 4999
546 1117
1125 2213
1134 3945
1140 4161
1163 4161
1175 4419
1177 2893
1198 1473
1199 4276
1203 4704
1253 4845
1254 4516
1255 3459
1259 4969
1266 3572
1269 3059
1291 4634
1296 4987
1311 3805
1358 1723
1365 4374
1373 3653
1393 3869
1423 3550
1438 4234
1477 3455
1479 2412
1494 4021
1495 3512
365 1518
1521 2802
328 1534
1542 4663
1554 4906
1586 1588
1598 3073
1609 2048
1654 4079
1673 2561
1677 4952
1685 3072
1686 4838
1695 3124
1704 4297
1707 4630
1726 4454
1730 2859
1732 4850
1744 4273
1763 4838
1766 2938
1767 4860
1790 3521
1811 4772
1813 4008
1816 4848
1819 4711
1822 3732
1001 1834
1839 4804
1845 4647
1849 3878
1869 4081
1878 2695
1880 4948
134 1884
1889 2060
1890 3238
1894 4066
1910 3286
1927 4104
1455 1945
1955 3920
1960 2234
1971 4980
1974 2784
1975 4772
1985 4628
2012 4855
2028 4881
2034 4850
17 2040
1403 2054
2062 4798
2064 2590
2072 4528
2073 2350
678 2075
2113 4097
2125 3697
2127 4980
2133 4052
1129 2148
1941 2155
2157 4396
2165 4290
2170 3178
2172 4481
2182 4918
2184 4625
2214 2609
2218 4328
1746 2224
2231 2742
2237 4858
2246 4378
2251 4444
2256 4720
2280 4532
2281 4581
2289 2435
652 2291
2293 4398
2304 2647
2318 4945
2322 4733
2326 4952
2328 3628
2115 2375
2382 2775
2405 4635
2428 3076
2455 3553
2456 3938
2471 4803
2476 3251
2489 4940
2554 4578
2575 4807
1665 2596
2600 3370
2639 4626
2641 4957
2642 4585
2343 2643
2644 4802
2657 4923
2665 3556
2668 3860
2672 4671
2685 4308
2699 4950
1485 2708
518 2723
2728 4989
139 2733
2747 2901
2751 3426
2760 3269
557 2766
2772 4385
2788 4650
2790 4899
2793 4287
2799 4436
2810 4622
2821 3892
2840 4683
2872 4709
2897 4029
2909 4955
2912 4401
2928 4461
946 2936
2952 3302
826 2959
2987 3964
3011 4108
3023 4602
3033 4649
3034 4712
3052 4083
2717 3063
3077 4045
3089 4225
3090 4898
3092 3836
3095 4573
2436 3096
3100 4365
3106 4400
3123 4300
3146 3149
3162 3167
3174 4836
3186 4806
3225 4011
3272 3940
3274 4440
2396 3276
3315 3319
3317 4124
3321 4920
1938 3322
3324 4990
50 3329
3337 3578
3338 3889
3357 4057
3363 4206
3376 4960
3379 4622
3402 4900
2716 3403
1065 3405
3416 3494
3407 3418
3419 3430
3421 3874
3428 4573
1252 3446
3458 4878
3392 3465
3206 3471
3474 4688
3487 4797
3499 3506
2601 3513
3516 4074
2778 3519
3567 4365
2510 3571
3583 4693
1240 3587
3591 4893
3595 4844
1581 3597
3367 3598
3631 4417
3636 3756
3645 4337
3652 4677
2806 3662
3663 4838
3676 4321
2226 3679
3682 4833
3451 3689
3650 3700
2497 3701
279 3705
3202 3707
413 3730
2550 3759
3760 4940
3761 4072
3773 4495
3029 3777
3367 3795
3104 3815
3835 4804
3856 4287
922 3868
3880 4904
2016 3881
3882 4405
3683 3890
3899 3948
3906 4334
3910 4823
3916 4244
3917 4467
3923 4446
3929 4968
3936 4799
1326 3943
3811 3947
3976 4869
3981 4620
3994 4203
4010 4766
3816 4028
4044 4087
4050 4847
3778 4051
4053 4635
3667 4062
4069 4851
4076 4994
4080 4848
1871 4092
2537 4105
3685 4109
3227 4110
3812 4112
4017 4123
4134 4858
375 4139
4115 4142
3481 4155
2078 4162
3649 4164
4169 4530
3221 4186
4190 4360
2606 4200
2103 4215
4246 4321
3071 4252
2739 4253
2230 4272
3952 4284
4291 4716
4304 4622
1557 4331
1059 4366
4367 4857
2132 4379
4407 4541
4415 4421
4432 4681
2786 4460
3496 4464
3938 4469
3482 4499
4501 4600
2386 4506
3694 4507
1915 4509
4520 4588
1650 4523
4455 4544
4530 4548
583 4554
3885 4557
3008 4558
4543 4559
4562 4942
4574 4836
4583 4816
3108 4598
4262 4608
3830 4613
4623 4715
4635 4636
2917 4655
2473 4666
4479 4675
3732 4684
3885 4687
4676 4700
3483 4705
1941 4707
4732 4735
4266 4743
2761 4765
3609 4768
4717 4769
3385 4773
3821 4780
2500 4781
2078 4788
1818 4813
3520 4828
4633 4830
4835 4911
1577 4837
4647 4879
4892 4986
2406 4919
1012 4926
4727 4928
4930 4933
4694 4951
4436 4959
4866 4963
3479 4975
4595 4981
1871 4997
3288 4998
2 4851
18 4336
44 4900
65 3047
100 3572
102 3500
117 4686
133 4491
141 4635
154 4809
211 4875
249 4516
256 4676
274 4573
296 1386
304 4839
321 4070
329 4650
332 2050
342 4433
350 3757
381 4823
384 3435
411 4391
418 4908
426 4411
478 4543
489 4935
493 4867
500 4601
543 3693
545 3670
564 3824
565 4819
579 4033
597 3354
605 1895
627 749
644 4847
670 4360
682 1564
720 3440
728 4333
735 4448
746 3084
767 2981
776 4450
786 3259
814 3772
820 4410
825 2958
851 4766
871 3877
873 4923
900 4226
905 4860
927 4673
939 4972
953 4807
968 2464
983 3195
989 2580
1028 4208
1031 4726
1041 2794
1048 4125
1046 1049
1051 3048
1053 2206
1072 3271
1079 4436
1098 4048
1111 4130
1125 4948
1140 4876
1163 3807
1177 4115
1198 4900
1199 4783
1203 4084
1253 4996
1255 4406
1259 3086
1291 4867
1358 3554
1365 3438
1373 4970
1438 4089
1494 4001
1518 2282
1534 4826
1554 2868
1673 4696
1677 4657
1685 4946
1686 4131
1695 4770
1707 4889
1726 4265
1730 4443
1744 2978
1763 4260
1012 1766
1767 3754
1811 4424
1816 3482
1819 4744
1822 3857
1834 4831
1839 3414
1845 4637
1869 4972
1889 4901
1894 4757
1927 4953
467 1960
1971 3945
1974 4901
1985 4411
2012 4672
1756 2034
2040 3753
2054 4128
2062 3983
2072 3005
2073 3618
2075 3787
2113 4950
2125 4122
2127 3939
2133 4313
2155 4159
1034 2165
2172 4745
2182 4917
2214 4829
2224 2319
2231 3766
2237 4566
2246 4516
2221 2251
2256 4778
2281 4437
2215 2289
2291 4854
2293 3674
2304 4955
2318 4392
2322 4860
2326 4202
2375 4988
2223 2382
2405 4982
2455 4725
2456 4599
1036 2471
2476 4419
2489 4972
2575 4007
2596 4319
2639 4789
2641 2855
2642 4844
2643 4458
2644 2813
2066 2657
2665 4789
2672 4336
2685 3845
2699 3058
2708 2889
2392 2723
2733 4930
2751 4925
2760 4798
2766 2871
2788 4332
2790 4652
2793 4487
2799 3708
2821 4536
2840 4971
2872 4801
2897 4864
2909 3999
1941 2912
1040 2928
2936 3767
2952 3091
1200 2959
2987 4927
3011 4986
3023 4256
3033 4183
3034 4979
3052 4911
3063 4950
2111 3077
3089 4306
3092 4969
3095 4289
3096 3336
2678 3100
3070 3106
3123 3814
3149 4886
3167 4573
1529 3174
3186 4962
3225 4900
3272 4251
3072 3274
3276 4430
3315 3497
3317 4730
3321 4863
3322 4644
2009 3324
3329 3335
3338 4988
3357 3928
3363 4579
3348 3376
3379 3397
3402 4891
3403 4952
858 3405
3416 4872
3418 4008
3419 3648
3421 4243
3428 4686
24 3446
894 3458
3340 3471
2647 3474
2727 3487
3499 4384
3513 4784
3516 4015
3519 4262
2836 3571
3583 4339
3003 3587
3591 4827
3595 4096
1097 3597
3598 4734
2023 3631
3636 3865
3645 3655
1826 3652
3662 3743
2587 3663
3676 4005
3679 3921
3682 4293
3689 4942
3700 4809
3701 4030
2580 3705
3707 3834
3730 4226
3759 4874
3760 4635
3761 4118
3496 3773
3426 3777
3795 4913
3815 4468
3835 3842
3845 3856
3599 3868
3880 4911
3313 3881
2921 3882
3213 3890
3899 4844
3906 4952
3910 4808
3916 4086
3917 4365
3275 3923
3929 4536
3936 4994
3943 4948
3947 4436
3417 3976
1896 3981
3994 4563
4010 4165
2813 4028
3540 4044
3401 4050
4051 4673
4053 4932
4069 4185
3630 4076
3269 4080
4092 4993
2163 4105
4109 4111
4110 4564
3551 4112
4123 4436
3500 4139
4142 4795
2813 4155
4162 4710
1409 4164
4169 4852
553 4186
4185 4190
4200 4752
4215 4631
4246 4345
4252 4913
4253 4955
4272 4789
4128 4284
4291 4969
4304 4913
4331 4904
3572 4366
4367 4540
2066 4379
1587 4407
1267 4415
4420 4432
4125 4460
4464 4913
4463 4469
4499 4815
2866 4501
3104 4506
3805 4507
4447 4509
4438 4520
4523 4807
4544 4929
4328 4548
3658 4554
4259 4557
4263 4558
4559 4843
4495 4562
3702 4574
4583 4974
4341 4598
4013 4608
1044 4613
4360 4623
1735 4636
4655 4738
3845 4666
4428 4675
4484 4684
3392 4687
4700 4950
2827 4705
4166 4707
4717 4732
4039 4743
4176 4765
4260 4768
4769 4883
2635 4773
2381 4780
4323 4781
4788 4797
3209 4813
3702 4828
3829 4830
4835 4966
4837 4941
3079 4879
2310 4892
4919 4965
4926 4952
3071 4928
4665 4933
4572 4951
3657 4959
4203 4963
4810 4975
4841 4981
4573 4997
3920 4998
44 4931
102 4230
426 4924
565 3044
814 4230
900 3593
968 4584
983 3971
989 4937
1053 4686
1072 4914
1079 4987
1125 3486
1291 3350
1373 4999
1685 3440
1686 2711
1726 3114
1822 3712
1839 4967
1869 4385
1894 3469
1927 4125
1960 4738
1971 4936
1985 4985
2062 4778
2113 4955
2127 3488
2133 3493
2155 4745
2165 3040
2172 4671
2214 4934
2224 4176
2231 4381
2237 4208
2246 3345
2289 4646
2304 4804
2322 3827
2405 3875
2471 3071
2489 4571
2575 4131
2639 4621
2642 4757
2644 3607
2665 4211
2247 2699
2708 4917
2733 4495
2766 2902
2788 4119
2799 4455
2821 2825
2872 4117
2897 4189
2909 4657
2936 3869
2959 4133
2987 4964
3004 3011
3023 3647
3034 4999
3052 3060
3063 4247
3089 4085
3095 4322
3096 4149
3100 4677
3174 4129
3186 3933
3225 4242
3227 3272
3274 4794
3222 3276
3315 3864
3317 3913
3321 3831
3338 3799
3357 4306
3376 4755
3379 4263
3402 4319
3403 4199
3405 4173
3418 3878
1560 3419
3421 4385
3428 3433
3189 3446
3458 4250
3474 3488
3513 4437
3516 4727
2432 3571
3583 3594
3587 4995
3597 4405
3598 4996
3631 4824
3118 3636
3645 4173
3652 3833
3662 4866
3663 4816
3676 4724
3679 4686
3268 3682
3689 4807
3037 3700
3701 4775
1942 3730
3759 4771
3576 3760
3761 3830
3773 4591
2871 3777
3795 3819
3815 4324
2385 3856
3170 3868
3630 3880
3881 4719
3882 4884
3521 3890
3899 4660
3906 4128
3910 4395
3923 4952
2676 3929
3936 4436
3943 4404
3947 4677
3976 4915
3161 3981
3994 4877
4010 4012
4028 4836
4044 4097
4050 4914
4051 4844
4053 4680
4069 4298
4076 4789
4080 4230
1748 4092
4105 4903
4109 4817
3449 4110
4112 4880
4123 4752
4139 4517
2873 4142
4155 4282
4162 4801
4164 4555
4163 4169
4186 4213
3789 4200
4215 4351
4238 4246
4252 4350
4140 4272
4284 4693
4291 4992
2175 4304
3404 4331
2464 4366
4367 4784
3249 4379
4407 4547
4415 4784
1294 4432
4460 4465
3522 4464
3845 4469
4499 4865
2310 4501
2453 4506
4326 4507
4509 4642
3921 4520
4523 4556
4544 4995
3260 4548
3187 4554
2239 4557
4558 4570
4549 4559
1405 4562
4128 4574
3279 4583
3673 4598
4608 4824
2871 4613
3062 4623
4636 4736
4136 4655
4417 4666
4586 4675
3694 4684
3920 4687
4342 4700
3233 4705
4433 4707
3299 4732
4657 4743
3842 4765
3921 4768
4042 4773
4209 4780
4770 4781
4788 4798
4813 4906
4828 4956
4710 4830
4360 4835
4837 4852
2019 4879
4892 4900
2380 4919
4754 4926
1688 4928
4933 4942
4811 4951
4541 4959
4902 4963
4166 4975
4981 4990
172 4997
4917 4998
2897 4349
3034 4322
3225 3350
3250 3402
3583 4912
3636 4346
3698 3856
3881 4805
3929 4789
4076 4941
4092 4913
4252 4626
4272 4861
4284 4885
4379 4644
3698 4469
4501 4635
4360 4507
3955 4509
4306 4520
4523 4795
3284 4554
4558 4952
4559 4804
3935 4598
4131 4608
4636 4722
4635 4666
4360 4684
3821 4705
4653 4743
4768 4791
3350 4813
4822 4835
4306 4879
3685 4892
4926 4960
4615 4933
4890 4959
4975 4991
4970 4997
2385 4469
4636 4834
4743 4855
4607 4879
3748 4892
4920 4926
4844 4933
