1475 4953
2251 4534
1042 4843
3036 4326
1600 3899
4326 4584
1733 4880
4021 4470
1680 4995
3279 4299
420 2679
3976 4862
2269 3938
4246 4818
762 4953
166 2830
1650 4695
569 4031
1545 2997
3933 4299
688 4502
3017 4542
4265 4625
93 4410
3655 4482
4898 4922
1776 4880
4026 4660
2247 4923
859 4121
1360 4834
1602 4193
2109 4875
3031 3904
446 2960
2588 4012
2451 4744
1765 4265
3522 4317
2244 3049
1314 4619
1578 4818
2143 3387
1492 3470
3738 4562
2269 4839
949 4570
3036 3440
1296 4502
3900 4450
2451 2636
3230 4921
748 4923
3036 4203
3376 4552
929 2574
739 4725
3440 4725
1700 4790
4570 4619
1879 3009
2158 4995
2909 4953
2158 4201
2519 4966
844 4264
1838 4203
133 4746
1202 4707
3470 4880
3644 4030
3545 3762
3933 4317
1141 3031
2945 4763
139 1696
623 4843
2429 3308
3246 4923
4455 4880
1999 2554
2319 4922
1640 3011
3025 4137
2699 4735
775 4461
2867 4516
2499 4427
1879 2708
2851 4872
139 1422
3042 4441
166 4337
3544 4619
1386 3593
3644 4280
48 4102
1422 3693
2867 4921
2245 4725
4284 4461
4492 4660
997 4746
1714 3289
1600 4664
2413 3867
3354 3522
2492 4303
1419 4923
101 4763
1492 3848
2638 4246
1411 4962
2277 4427
866 4271
2554 3462
314 2988
4121 4427
1585 2246
1765 3786
2035 4284
2733 4366
276 4801
4625 4862
2338 4716
3172 3413
4470 4735
3731 4875
3786 4450
2138 4763
1941 4763
2200 2470
2583 4619
988 4508
2535 3172
3564 4516
3899 4875
1578 4790
3297 3573
1542 2889
3655 4995
2846 4448
3904 4461
4231 4542
3279 3933
167 4735
1452 4523
3271 4284
4241 4763
4337 4625
2159 4763
1585 2888
677 3237
1545 3297
2920 4470
3933 4021
3051 4534
2761 4311
3009 4203
3345 4625
3938 4966
257 3830
677 4326
2605 2830
2230 4026
314 4450
2590 4502
3330 4492
593 4012
3537 4449
1247 4026
3042 4746
4523 4662
866 4995
3564 4619
3900 4921
4448 4834
1246 3738
2497 4429
2758 4863
4017 4470
1488 4921
2056 4241
3093 4012
3895 4429
4026 4492
420 1899
775 4034
2831 4923
914 4450
1814 3852
1696 4461
2940 3848
1545 4927
3192 4193
4523 4655
2564 2718
1649 3599
2989 4843
3291 4570
3286 3308
4303 4862
3302 4448
3655 4388
3899 4894
1124 4362
2037 4863
1471 4898
3976 4249
4231 4410
2588 4880
4 4818
4662 4880
2560 4492
2951 4030
3192 4898
2072 4449
3429 4449
3538 4927
1507 4337
1838 4834
4231 4348
2851 4716
4839 4966
2549 4707
1039 3462
3899 4427
1707 4921
3172 4948
32 2583
827 3468
751 4619
2111 4664
2889 4017
4573 4645
2447 4305
4286 4655
1585 4265
265 4508
1116 4707
1595 4429
2920 3572
32 4843
1545 4619
2584 4280
3100 4763
2111 4894
4843 4921
1419 4716
2798 4668
3655 3733
2037 4801
4619 4927
2454 4570
4329 4534
775 4953
3470 3500
2428 4660
4209 4707
3938 4716
1202 1929
1998 4707
3538 4843
943 2765
3293 4573
1706 4839
2319 4660
983 4534
3742 4264
3036 3157
2026 4801
3176 4921
3246 4875
1650 3852
4366 4894
2720 3731
3239 4455
4362 4660
3102 4645
3088 4921
1024 4801
2305 4707
1300 4921
474 4948
2072 4284
4366 4664
3146 4249
766 4874
3852 4874
3909 4348
267 3289
3330 4668
347 2447
4121 4664
2250 3462
181 4962
545 3830
1596 4265
2247 4839
2251 3895
4 4790
1452 4286
1608 4284
1440 4744
2720 3976
4012 4707
2037 3289
2290 4790
2636 3009
2292 4790
569 1586
1521 2026
739 2708
4410 4542
2072 4588
267 3480
1371 3615
3345 3599
4461 4588
3423 4552
3795 4668
4449 4588
1998 4286
4102 4326
3522 4875
611 4894
2867 3544
2996 4137
2851 4966
3738 4241
4012 4880
1913 4695
2889 3354
900 4746
4417 4863
164 4923
2447 2497
762 3153
314 2951
84 4271
2535 4534
4203 4584
90 4744
1521 3926
4305 4534
455 3470
4286 4707
2476 2564
106 4763
106 4948
3153 4953
2250 4570
164 4898
877 3785
772 4948
845 4874
3413 4429
411 3926
3510 4898
2305 4880
3157 4834
775 3537
1429 3442
319 3976
1202 4953
4922 4995
2636 4326
2319 4362
2109 4962
2909 4034
3151 3848
2111 4121
3113 4031
3545 4450
3795 4012
1476 4948
4201 4863
3100 4241
2035 3859
917 4896
4201 4744
15 917
2277 3731
2734 3387
3733 4995
2269 4898
3742 3909
806 4790
1300 3176
594 4862
2246 3599
4898 4923
377 4843
1263 2590
1953 3036
3113 4863
3462 4570
3818 4707
3039 4874
2429 3387
1608 4461
4241 4508
2940 4880
3413 3895
1063 4487
1389 3153
3938 4923
3849 4665
2269 4923
2072 4552
1578 3876
4026 4668
3938 4193
1668 4922
2605 4862
2043 4265
4249 4625
3572 4021
1429 4801
3795 4026
2590 4695
2888 4862
2906 4744
2338 4898
4 4896
2848 4790
3496 4492
3848 4662
3537 4843
2867 3468
3345 4249
3786 3872
1941 4562
3537 4303
1586 4502
48 3237
2920 4311
1680 4388
2428 4137
13 4880
1411 3615
1360 4448
2470 4311
1585 4249
3291 4863
1220 4340
411 4790
2138 4665
1706 4872
4305 4329
676 3859
2951 4573
2758 4388
4588 4898
3551 4201
3100 4508
4286 4455
2765 2960
1386 2959
2997 3230
2244 4665
2906 4388
2761 4735
1371 4962
2564 4801
985 2889
3500 4707
1611 1744
3286 4276
539 4417
2846 4725
3440 4137
988 3049
3572 4299
401 4898
1171 3522
3899 4962
4137 4492
1344 2945
806 4818
2549 4662
2043 4303
1492 4927
3644 3900
1733 3086
1521 4246
3537 4470
3500 4880
4427 4875
2678 4492
1259 3168
3976 4625
2036 4818
2069 4012
4410 4487
985 3945
955 4448
3009 4725
4102 4448
3442 3654
1440 4388
1269 3538
93 3909
949 2959
3654 4839
2920 4021
673 4388
15 3933
1263 4502
1668 4668
2447 4534
1707 4619
2026 4588
2848 4818
3289 3904
2588 3246
3573 4619
2037 3654
3852 4695
347 4329
3423 3904
630 4725
3744 4429
4326 4725
809 4311
1198 4763
2951 3293
2564 4449
1814 2997
2429 3537
611 4121
1700 4818
3113 4995
2292 2848
1720 4619
4695 4746
2940 4707
1608 1640
877 4818
1673 3051
4241 4562
2951 3290
625 4317
914 4280
2967 4875
2708 3742
4193 4839
13 4286
3909 4264
3655 4201
1913 4746
4455 4707
4508 4562
3715 4953
2560 4922
4241 4265
1300 4843
3246 4966
2590 4746
3270 4695
2720 4575
3564 4843
2245 4834
1171 4299
2158 4744
4264 4410
2909 2940
3271 4588
3036 4584
2470 3522
539 4863
4366 4962
688 3693
2720 4962
4441 4502
563 4264
4461 4801
1596 4625
2230 4151
2069 4662
1958 3786
2831 4872
4031 4441
4121 4962
1463 4763
1913 4502
139 3693
1999 3733
1300 3230
106 3151
645 4249
2497 4329
3442 4552
3615 4875
2765 3164
988 4948
3762 4573
647 3293
2244 4948
2138 4562
2251 4305
1673 4193
4340 4516
3028 4449
3093 4286
1422 4801
3976 4232
1443 3354
2945 4665
3849 4948
2718 4284
3290 4645
1269 4921
2831 3510
1393 4948
162 2454
3049 4562
1014 4348
3510 4193
2699 3545
877 4790
3818 4523
997 1296
3025 4668
4264 4542
4455 4662
3731 4449
2353 3153
1259 3462
2574 3926
2564 3429
1585 4862
4562 4763
3290 4450
3733 4201
2940 4655
1269 3088
1640 3271
4030 4645
4362 4668
1314 4927
1879 4448
3270 3852
1714 4588
4455 4655
3011 4461
2576 3715
2026 3654
2517 4450
2761 4470
106 4665
1263 4874
2945 4562
3151 4508
4337 4862
3572 3945
3615 4664
2338 3938
4348 4487
135 4450
3145 3852
3151 4763
2871 4894
623 4921
84 3551
914 3762
3102 4562
1776 4012
3442 4588
2247 4716
3551 4388
2588 4662
190 4575
3510 4839
3093 4523
2035 4449
4246 4896
1488 4875
1476 4562
2945 4241
1673 3895
3172 3290
347 4305
1472 4927
4388 4417
3573 4921
2537 4746
1586 3270
2470 4470
2200 4470
1696 4552
1953 4449
2989 3468
2951 3872
127 3538
1463 4241
3687 3899
3818 4880
823 4839
3100 4966
2733 4875
3151 3738
4716 4898
3088 4843
3510 3938
762 3387
2906 3291
2906 4417
145 4863
2517 3786
4921 4962
257 3742
3036 4102
569 4695
145 4744
1542 2920
84 4286
3086 3544
2708 4448
3039 4695
3146 4662
1475 4388
3308 3715
2996 4922
2145 4570
3818 4455
1072 4264
1700 2638
1475 2537
3830 4264
3551 4482
917 2470
1714 3011
1042 4921
543 1072
4668 4922
1600 4962
1998 4573
3230 4193
3900 4030
150 4017
2871 4962
2036 4896
1247 4492
625 4021
2305 4655
3230 4927
3270 4502
459 4664
3017 4231
3330 4922
1814 4340
3423 4284
1141 4922
949 2454
2497 4305
2056 3859
2290 4818
2143 4276
917 4021
1668 2255
135 4645
3293 4450
265 4241
545 4348
1814 4843
3976 4337
3416 4744
545 4410
3429 3693
2159 3100
1443 3945
1507 4265
4665 4948
3551 4863
4012 4662
4429 4534
914 3872
162 3462
1422 2026
2290 4246
2945 3468
2499 2733
3654 4552
3818 4286
2830 4562
1602 4716
3017 3909
3086 4340
2989 4927
543 4348
1024 4449
1929 3387
4894 4962
1259 2454
2798 4922
3239 4645
2913 4746
3872 4573
4655 4880
2997 3086
2758 4744
1315 4662
955 3733
3538 4516
823 4898
4326 4340
1315 2588
153 4193
1578 2036
411 4450
3558 3738
2251 4429
319 1899
4417 4995
1471 4872
3302 4834
3537 3715
844 4542
1124 4995
3168 3593
1879 4326
2758 4271
3051 4716
2959 4570
4516 4843
748 4898
3192 4872
1929 2734
688 900
1344 4665
2056 4801
4570 4834
4012 4209
3831 4271
823 4923
2230 2428
2247 3510
3051 4305
563 4348
2492 3345
1958 4573
4265 4303
1542 4299
2583 4843
3830 3909
3544 4921
1014 4231
2245 4448
3551 4995
1246 4562
1063 4744
2468 4660
1411 4366
1475 4246
3146 4209
2428 4151
4209 4523
267 4284
3742 3830
2251 3744
4232 4265
4232 4862
2951 4645
4286 4523
232 3762
2997 3088
545 4542
265 4665
2451 4201
2765 4034
2295 4534
3440 4834
4241 4948
3153 4725
1744 2292
3558 4763
3945 4735
3028 3693
1596 4337
2158 4863
4448 4725
2035 3440
3429 4588
153 4839
2830 3558
2476 3423
3733 4388
377 4276
3687 4875
1666 1668
347 4534
3093 3470
3416 4201
960 3028
3093 4662
1360 2846
1947 3087
2909 4276
3172 4305
3387 4953
2967 4962
3522 4021
139 960
2988 4645
4303 4625
1360 4203
3858 4953
3644 3786
3290 3293
377 4966
1596 4232
1685 3376
1269 4619
1220 4927
1649 4303
2831 4716
3593 4570
772 3100
4502 4695
2913 3852
844 4410
2733 4121
2960 4034
2960 3164
4241 4450
4012 4523
1542 4470
2069 4209
2250 3168
844 4348
4366 4875
3416 3655
1673 3413
1285 4818
960 3423
2535 4875
4232 4303
1244 3615
276 4588
1488 4619
2492 4625
3237 4326
2244 4562
563 4410
2996 4660
2765 3537
3599 4232
2295 4588
3302 4584
420 4232
2679 4668
688 4695
397 4264
2143 4953
949 3462
1285 4246
1440 4417
2996 4492
1072 3909
4121 4575
1602 4872
240 4962
2277 4366
2720 4875
1475 3785
1947 3496
2269 4026
3500 4662
4839 4872
2560 2678
2734 4380
4366 4575
1685 2037
3900 4573
3938 4872
181 4894
2286 2913
1269 4927
593 4348
1472 2989
4923 4966
3036 4834
3872 4645
2069 4880
2109 4366
688 2286
2734 4276
929 4790
164 4872
521 4790
101 4665
2723 4863
32 4927
2286 3145
4380 4953
2319 3087
4562 4948
2734 4502
2026 4552
3545 4573
960 3904
2871 4875
2072 3376
1998 4455
3176 3573
2043 4337
673 4746
2913 4031
1765 4862
2492 4337
411 2638
2851 4193
4280 4645
4 3009
3738 4665
859 3899
3945 4193
58 4922
2056 4449
3031 4329
3599 3976
3537 4953
2305 4455
1164 4264
2723 3192
3176 4619
3025 4660
3031 3413
2867 4588
596 2867
3848 4209
3830 4348
2909 3537
150 4311
3237 4203
625 3572
90 4482
3042 4695
3376 4801
455 4880
3876 4790
421 2871
232 4645
459 3731
3297 4340
4746 4927
1472 4921
943 3715
4271 4995
3011 4801
2028 4441
478 2109
4299 4317
3157 4203
2708 3237
167 4317
3164 4953
3239 3293
3271 4552
2846 3302
2888 4249
2598 4872
1397 2848
1838 2245
1300 3573
3102 3872
4246 4790
3145 4746
1600 4894
2468 4898
4872 4923
2940 4209
3289 3442
397 4410
1545 4534
314 4645
2940 3470
2734 4034
4232 4249
347 4417
983 4834
4744 4863
3036 4725
1999 4744
521 4818
3172 4329
4872 4898
1344 4921
2758 4995
1595 4305
1488 3573
4012 4286
4249 4303
1542 4017
3230 4231
539 4995
1452 4707
2244 4508
265 4948
1608 1953
1411 4875
1507 4862
3102 4573
1042 4927
3039 4031
4839 4898
625 4655
630 4834
2576 3876
3510 4923
2043 4862
1452 4880
4863 4995
3904 4284
3354 3572
93 4264
2056 4588
645 4625
3086 4921
1611 3785
1039 3168
2499 4875
1913 2028
2576 4034
4716 4839
4193 4872
3279 4317
823 4716
1393 3738
3157 4102
4508 4665
3551 4744
3153 4380
1109 4744
1572 4151
1953 3654
4427 4664
127 4927
3597 4725
3785 4896
2848 4896
2497 4534
1999 4417
3558 4948
2761 4017
2028 4874
2830 4948
1958 4645
2583 4516
3291 4271
3904 4588
2468 4492
766 3039
2109 4664
2159 3049
2988 4573
2277 4962
2028 4502
3246 3615
4249 4862
2959 3168
190 4427
1696 3376
2708 4326
1685 2476
4716 4872
3271 3904
3738 4948
2454 2554
1999 4863
2292 4896
1344 4241
900 4695
2699 4922
1202 4380
3102 3762
2338 4923
1958 3762
4317 4735
3785 3926
2583 3573
1743 2951
2996 3496
1899 4303
1475 2638
1285 3876
1463 4542
2286 4874
3157 4725
1572 1733
739 4449
4201 4995
766 4746
3795 4492
2638 4896
3157 3440
3176 4843
3599 4448
3544 3564
809 2584
2255 4492
133 4874
1475 3926
3852 3859
162 3168
2851 4923
4562 4665
4203 4834
2537 4695
2230 4137
1545 4843
809 4735
3025 4922
3345 4337
3237 4584
2246 4265
2598 4839
1707 3176
680 4470
276 4449
3895 4329
1953 3429
3011 3423
3644 4450
1696 4801
900 4874
997 4874
1743 4896
4017 4735
4286 4662
3510 4966
611 4026
3904 4552
2584 4030
82 4280
1776 4707
2537 4502
766 4502
127 3564
2549 4209
563 4542
1024 4284
1422 4843
1941 4665
2761 4487
1521 3785
3093 3100
647 4280
190 4875
2761 4317
900 3852
1314 1720
459 4966
943 2353
3308 4962
4664 4894
1296 4746
3413 3744
1411 2733
4429 4441
823 4872
647 4645
4502 4874
4898 4966
1899 4862
766 4695
2470 4021
4340 4619
3818 4655
2678 4137
594 4265
153 4898
1649 4625
630 3157
748 4872
2871 4121
3904 4801
3687 3733
3087 4660
2428 2679
3308 4953
775 3442
3151 4619
4031 4695
181 4875
3413 4305
1472 4264
3164 3429
2470 3933
2138 3849
101 4948
3440 4448
3093 4880
4151 4922
2028 3042
139 4552
1743 4927
2305 4209
676 3693
1389 3537
4417 4744
4271 4744
2519 4839
2158 3551
2255 4151
827 3088
2036 3785
1707 2997
3558 3849
4744 4995
1958 2699
3270 4874
2996 4668
2988 4030
2159 3731
2560 2679
1666 4026
377 2429
1116 4523
2145 2413
2679 4660
1386 3867
3715 4380
1696 4030
3744 3895
2638 3926
2143 4380
4660 4922
240 4875
3693 4588
3416 4818
2138 2945
611 2967
3849 4508
4030 4573
1463 4948
2451 4271
914 4573
4137 4668
772 4665
4021 4299
2636 4834
2967 4575
58 4151
2798 4492
3230 3551
2159 3849
4232 4625
2292 4818
1443 4017
1014 3742
3049 3738
4746 4874
3876 3926
3480 4801
2429 4953
1765 4232
1595 3895
611 4962
4329 4429
1720 3538
4026 4922
3113 4482
4552 4588
4725 4834
1999 3551
2290 3876
3538 4570
1941 3849
4 4246
82 3762
3655 3831
985 4311
3423 4801
3551 4417
4818 4896
2200 4317
2292 4246
2889 2920
276 2718
3100 3151
2636 3440
2733 4894
3146 4707
3376 3423
3654 4449
3785 4246
634 4552
232 4573
625 3354
3086 4619
4280 4455
4482 4863
859 2733
2036 2848
446 2576
4441 4449
4031 4874
877 4523
127 4843
1608 4588
3895 4305
3744 4299
3785 4818
1419 2598
2967 4927
441 4280
2967 3297
988 4922
1913 4790
1492 4880
2830 4508
1776 4523
2499 4121
441 3102
1666 4668
3164 3858
4280 4573
1246 4948
3572 4735
1879 4725
4790 4818
3597 4448
2988 4450
4276 4953
2560 4660
1371 4121
3831 4744
4660 4668
2319 3496
2497 3744
441 3945
569 4874
845 2913
1521 4818
4575 4875
2447 3895
3848 4012
150 3279
2940 4662
676 4588
401 4716
3145 4441
1596 4862
3192 4839
181 3899
3279 4311
1600 3246
3297 4921
3909 4487
3731 4366
2598 4923
1411 4026
401 4923
3286 3537
680 4021
4380 4450
2590 4874
2246 4625
4516 4927
1246 4763
421 4875
1419 4872
2758 4417
190 4962
960 3480
2468 4151
441 4450
2497 4896
634 4588
3545 3644
2734 3286
3088 3564
4102 4584
3025 4362
2200 4923
3387 3858
2723 4744
1116 4655
2699 3290
3830 4487
3387 4843
2499 4962
2138 4948
2988 4280
1014 3017
3468 4927
3470 4655
4665 4763
3848 4880
13 3500
2679 3496
3742 4348
2967 4366
2605 4562
4201 4388
3087 4137
1042 4340
3442 4449
2338 4839
3042 3270
1929 4276
3876 4818
1929 3376
1998 4655
4575 4664
455 4662
3558 4241
2960 3308
3470 4662
3831 4863
2413 2554
955 4326
441 2734
1666 4492
4707 4880
2353 3795
634 4449
2069 3848
3537 4276
1744 3926
3876 4246
3644 3872
596 3538
2798 4151
1744 4818
2247 4898
2638 4790
2765 3308
3655 4271
739 4448
2723 3831
3687 4894
3859 4449
1171 4562
1941 4948
4012 4655
859 4366
3145 4695
1259 4570
1397 4818
3087 4922
3009 4834
2718 4801
3733 4271
1397 3926
3151 4948
3852 4441
145 4417
3945 4470
446 3164
4508 4948
2920 4017
2851 4839
4388 4863
892 4953
2492 4862
5 4966
1472 3544
1649 4862
2699 3900
3522 3572
2678 3795
2765 2909
997 4695
3442 4801
3904 4449
2305 3500
106 877
3145 4502
1076 4427
1476 4763
1714 3271
1602 4898
2537 3852
2476 4552
2846 4102
1572 4362
3933 4017
1244 4427
1743 4340
3945 4021
4875 4962
4271 4417
4492 4863
3164 4276
2250 3593
1586 4874
3146 3818
748 4716
2230 4922
1998 3500
1072 4410
3470 4707
3151 4241
2251 3051
2761 3279
3146 4880
1419 4898
3290 4573
2537 4874
3086 3867
1014 4542
623 4340
232 3786
1743 4516
1244 3731
3876 4896
1141 3330
2230 3795
809 4317
1650 3270
82 4562
478 3731
2848 3876
4388 4482
162 4570
459 4894
4492 4922
3738 4508
983 4329
641 3462
827 4843
2255 4137
3938 4839
3279 4470
1397 4790
1198 4665
751 4516
1039 2959
421 4744
3644 3762
2678 4922
3087 4668
1706 4317
4449 4801
474 4562
4417 4482
4340 4843
3522 4470
2111 4962
2959 3593
806 3876
4948 4953
1397 4896
4695 4874
3895 4534
1076 4875
4317 4470
680 3933
2605 4948
1063 4417
1765 4625
680 4299
1124 4388
2638 3876
3544 4516
1680 3291
2295 3744
2519 4716
1393 4763
2255 4922
2851 3938
1440 3733
2723 4995
943 4276
2454 2959
1171 3279
5 4923
3872 3900
877 4246
3500 4655
1124 4329
2909 3858
3293 4030
1600 4875
1360 4725
4286 4880
2200 4311
257 4231
641 2250
3786 4573
1315 3025
1246 3049
596 4843
2138 4894
645 4232
3088 4487
319 2492
1315 4707
2338 4872
3192 4923
1673 4534
2679 4137
3270 4441
2353 3715
3416 4995
1776 4655
3145 4031
4151 4492
2158 4482
455 3848
2830 4665
2043 4232
3291 4482
3496 4922
1743 3544
2517 3644
2574 4818
2846 3036
3153 3387
3440 4203
596 1814
4326 4448
2549 4286
630 3302
3538 4340
3113 4744
3042 4874
1947 4362
673 3145
133 4502
2588 4523
3093 4707
641 3593
1640 4284
4790 4896
3051 4429
3644 4645
2699 3786
3537 4380
2295 4329
3291 3655
2951 3786
3500 3818
673 3615
3146 4286
4264 4502
2584 4645
806 4896
641 2831
2255 4668
1440 2251
2428 4922
985 4470
4523 4880
1389 3308
3510 4716
4588 4922
1666 4660
1429 2056
4017 4021
397 4348
82 4030
3867 4570
3302 4326
2718 4552
1492 4523
1879 4834
3031 3895
4193 4966
4482 4995
3302 3597
2413 3593
4246 4492
3731 4664
1475 4818
3028 3654
625 3291
1586 4695
739 4834
3086 4927
1452 4012
3744 4305
917 4735
3289 4801
3416 4482
3693 3904
3573 4340
3687 4366
3597 4834
4311 4470
3164 4380
2246 4862
4102 4834
1707 4340
4034 4707
3544 4843
3291 4995
1953 3423
2723 4271
2679 3025
3087 4362
4203 4448
4209 4662
3849 4562
809 2200
3100 4665
3572 4017
4231 4264
3599 4625
1714 2476
3795 4922
3848 4523
90 4995
4030 4450
4034 4276
2043 4625
543 4542
4209 4880
844 3830
2290 4896
2584 3102
3744 4534
1947 4660
4655 4662
673 3852
2940 3818
3270 4031
3416 3429
2072 2564
2583 4995
2413 4668
2429 3715
377 4034
3289 4552
3308 4380
943 2576
2535 4329
4209 4655
133 2537
2584 4573
892 2576
1024 3480
2846 4584
1720 4921
1572 4922
4265 4862
3849 4241
2945 4508
3157 3302
3290 4271
3470 4523
3859 4552
2831 4898
474 4508
1476 2605
3168 3462
673 4874
1315 4880
3297 4843
4249 4265
3593 3867
3330 3795
3049 4948
372 4834
2636 4102
1578 4665
3279 4735
2549 4880
2576 4953
4664 4875
3237 4834
1109 3416
4137 4922
314 4896
1700 2290
1611 4790
4026 4137
2989 3558
1542 4311
4284 4449
4017 4311
1386 2454
1220 4619
1214 4872
866 4417
2517 4030
676 4948
3049 4763
1476 3558
594 3599
748 4839
2598 4746
2519 4872
4203 4725
3848 4655
1141 4660
2889 3572
377 4953
543 4410
1673 4305
988 4763
3290 3762
2851 4898
2036 4790
1765 4337
593 4542
4271 4863
2576 4380
3145 4874
3933 4470
48 4725
455 3818
4872 4966
2678 4362
845 4746
3387 3715
4487 4584
3290 4280
3462 4746
2909 3286
1471 4923
3239 4030
1397 1744
3237 4448
446 4953
2247 4872
1371 2109
1602 4839
1360 4102
13 4012
1344 4763
2517 3290
977 4231
3297 4516
2564 4461
2517 4280
164 4966
677 3440
1668 3496
3157 4448
3558 4508
372 4203
2996 4362
2584 4450
2143 4034
2989 4896
2846 4326
3416 4863
1429 1685
2720 4427
2037 3271
2037 4461
3039 4746
3172 3744
1507 4303
1296 3039
82 4450
3028 3480
1246 4662
2584 3545
1814 3538
762 2353
2269 4966
593 4231
4201 4482
441 4645
1164 4231
478 4962
3113 3733
1422 4429
1744 4790
32 4619
3354 4299
3028 3376
3849 4763
1743 4921
827 4921
2590 4031
2831 4839
3376 4461
420 4862
827 4246
1838 4584
1202 3715
539 3733
3858 4034
4482 4744
1941 4508
2247 4966
3230 4843
2499 3731
4923 4962
2447 4271
594 4249
3852 4031
1650 4031
2560 4151
3848 4707
985 4299
751 4921
877 2574
3599 4862
1733 4839
4305 4429
3028 4461
1171 4317
2988 3872
3354 4317
2560 3025
153 4923
1776 3093
2353 4953
1039 4562
955 3237
2997 4619
3291 4388
983 4429
677 4834
3423 3654
2353 3164
1422 2718
2519 4898
3599 3786
2245 3009
1572 4660
1220 3297
2286 4746
988 4241
3442 3480
2831 4193
1389 4380
4725 4735
1220 4843
1263 4695
641 4570
4839 4923
166 4862
4280 4450
4264 4348
2519 4923
2111 4875
3168 3867
1899 4337
2476 4801
3146 4523
1076 4664
2245 4326
2537 3039
2960 4953
1685 4461
2286 4502
955 4725
3731 3899
2605 3558
1244 4962
955 4834
1998 4880
2636 3354
3017 3830
2554 3593
3192 4716
3655 4744
1072 4231
3544 4340
421 4894
3545 4030
84 4995
1389 4953
2708 4834
1673 4329
347 4429
1838 4326
4664 4962
2960 4276
1578 4246
2871 4664
3644 4573
3031 4534
48 4584
3289 3859
1706 4716
4209 4286
3042 4502
1838 4725
190 4664
1947 2996
1344 4948
1198 4562
2960 4380
4299 4311
3172 4534
3192 3510
166 4303
167 4311
2492 4249
2867 3230
4441 4695
2159 4948
3270 4862
3938 4898
1344 3849
2200 3830
623 3086
4502 4746
2413 4874
3615 4575
1913 4874
1714 4461
2244 3558
3345 4265
739 3895
892 4380
917 3522
166 3599
1164 3017
3297 4927
892 2143
58 4660
2319 3330
3025 3330
257 3909
2145 3462
3500 4286
3230 4516
3858 4542
1202 4276
806 1700
2026 2056
1640 3693
101 2605
4516 4921
2913 4874
2111 4427
4716 4834
3564 4340
1953 2476
4427 4575
4427 4962
4523 4707
3153 4034
3731 4962
2718 3859
1463 4665
4303 4337
3051 4329
90 4863
3172 4429
4492 4668
2867 4843
150 4021
1429 3028
15 4311
3302 4102
949 2145
372 3009
3468 4921
4034 4953
3744 4329
1214 4839
3289 4284
2574 4790
4662 4707
2830 4241
2708 4725
772 4763
3933 4311
4276 4380
1608 3442
3293 4280
3496 4668
3510 4872
2988 3786
593 4264
2549 4655
4348 4542
372 4725
84 4482
1247 4922
4102 4725
2468 4461
1440 3113
676 3654
3297 3468
1164 4487
4151 4660
2598 4898
3049 4665
2867 4927
1650 4502
2269 4872
2913 4695
4017 4317
3762 4645
3239 3545
478 4427
3146 4655
647 3102
2574 2848
3785 3876
3818 4662
3742 4487
3872 4450
2554 2959
997 4031
1116 4880
3786 3818
2798 4026
1164 4542
1595 3051
1720 3468
2888 4625
2028 4746
2871 3615
4203 4735
977 3742
319 4303
521 3785
3113 4201
397 4231
2451 4995
3416 4417
2718 3693
1650 4746
2447 4429
1707 4516
3762 4450
232 3872
1109 4482
135 3545
2906 4863
1958 4280
3039 3042
1929 4953
3151 4665
1371 4664
2588 4707
1507 3345
4031 4746
3468 4340
3899 4664
3009 3440
2535 4429
3831 4482
145 4995
3100 4948
2549 4523
977 4410
4348 4410
3086 3176
1595 4534
4193 4898
4562 4655
3615 4121
634 2988
1116 4209
1586 3545
1141 4668
162 3102
2598 4716
162 3867
1602 4923
1214 4923
3308 4276
3859 4284
1440 4271
2554 4570
4193 4923
827 3564
3051 3413
1696 3011
167 3933
3522 4017
1247 4668
401 4872
2069 4655
1488 4927
866 4863
4449 4552
3192 3938
1214 4898
4716 4966
1611 3926
3293 3872
478 4875
1198 3738
2761 4299
645 4862
1419 4839
521 2574
240 4030
2451 2906
2145 3867
1269 4862
3859 4588
2798 4660
240 4427
3286 4953
1471 4839
2428 4668
3831 4201
3926 4818
2250 3867
3087 4026
1666 4922
3330 4209
4516 4619
3538 4921
977 4542
3345 4862
3564 4921
2889 4317
806 4763
1285 4790
2200 4299
1578 3926
4366 4427
3291 3831
1296 4874
2246 4232
4193 4716
1765 3345
2765 4953
1109 4995
2699 4573
3416 4388
2967 4121
3693 4662
3909 4542
3786 4645
2554 3867
459 2277
4921 4927
3830 4410
3597 4102
2286 3852
2588 4655
4326 4834
4487 4542
3468 4619
135 4573
2636 4725
3376 3654
3742 4410
2871 3551
1269 4923
2798 3795
4843 4927
2720 4664
2906 4995
3271 3480
1611 4246
866 3831
3831 4995
3848 4286
3687 4575
3462 3597
3286 4380
1042 3573
421 4962
1393 4508
3558 4874
3051 3744
3733 4863
2517 4645
3480 4716
3102 4280
2758 3655
2245 4203
1443 4311
4573 4575
2413 4570
3176 4927
3413 4329
2255 4102
1386 4570
267 4588
3795 4660
1429 3859
3762 3786
929 3926
4584 4834
3088 4927
2699 4645
1899 4232
4716 4923
3017 4348
4299 4470
929 4818
3654 4461
1443 3933
1492 4655
5 4898
153 4470
539 2723
634 3859
1039 4570
2499 4366
3017 4410
93 4542
3785 4790
1475 4542
4265 4337
3330 4026
2353 3858
1572 4668
3168 4570
3496 4151
2636 4448
3354 4470
4231 4487
2605 4763
1472 4843
2720 3615
1315 4455
3102 3545
1360 4305
1259 1386
1492 4662
411 4818
3172 3895
3480 3693
3830 4542
3831 4388
1171 4735
2734 4953
4311 4317
3028 4801
1720 4516
1521 4790
1913 2913
2159 4562
3742 4542
4121 4366
2996 4151
4102 4203
3354 3933
3615 4366
3522 4299
3011 4552
859 4962
2305 4523
3742 4231
3599 4337
4 4870
5 4811
13 4797
15 4838
32 4315
48 4905
58 4892
82 4446
84 1427
90 4876
93 4052
101 3893
106 3877
127 2556
133 4951
135 4291
139 3772
145 4882
150 3957
153 4807
162 4846
164 4996
166 4676
167 4915
181 2722
190 4591
232 4497
240 3465
257 4200
265 4724
267 2818
276 4680
314 2090
319 3734
347 4365
372 4304
377 4107
397 2958
401 3499
411 3704
420 4930
421 2399
441 4053
446 4787
455 2696
459 4634
474 4770
478 4443
521 4446
539 2425
543 4979
545 1379
563 3229
569 2085
593 3364
592 594
596 4975
611 4339
623 4428
625 4020
630 4222
634 4488
641 700
645 4062
647 4945
673 1535
676 4819
677 4682
481 680
688 3873
739 4453
748 2793
751 4714
762 4347
766 3188
772 3925
775 4555
806 4780
809 4133
823 4895
827 3714
844 2707
845 2194
859 2899
866 3605
892 4250
900 4687
914 4288
917 4943
929 4844
943 3144
949 4044
955 4518
960 4658
489 977
983 4501
985 4396
988 3517
997 3108
1014 4145
1024 4883
1039 4090
1042 1950
1063 4666
1072 4766
1076 4541
1109 4788
763 1116
1124 1267
1141 4715
1164 4882
1171 4723
1198 1530
1202 4745
1214 4971
1220 4688
1244 4332
1246 4182
1247 3691
1259 4806
1263 4401
1269 4507
1285 3661
1296 4704
1300 4928
1314 3658
322 1315
1344 4045
1358 1360
1371 2522
1386 3720
1389 3866
1393 3761
1397 4179
1411 2745
1419 4638
1422 4253
1429 3915
956 1440
1443 3582
1452 1864
1463 2824
1471 3924
1472 4773
1476 2903
1488 3953
1492 2216
1507 4821
1415 1542
1545 4548
1572 4770
1578 4773
1585 4967
1586 4970
1595 4038
443 1596
1600 3043
1602 4713
1608 4988
1611 1644
867 1640
1649 4749
1650 3362
1666 4950
1110 1668
1673 4798
1680 4928
1685 4682
1696 4696
1700 4752
449 1706
1707 3278
1714 4734
1720 4899
1733 3882
1743 4860
1744 4597
1251 1765
1776 4475
1814 4605
1838 3486
286 1879
1738 1899
1913 4697
1929 3866
1941 4186
1947 4791
1230 1953
1958 4015
1998 3187
1999 4490
2026 2897
825 2028
2035 3326
2036 4409
1957 2037
2043 3309
2056 4723
2069 4911
2072 4967
2109 4634
2111 3889
2138 3880
2143 3808
2145 4643
2158 4020
2159 3576
2200 3350
2230 4942
2244 4319
2245 4990
2246 4500
2247 4917
2250 4235
1967 2251
1020 2255
2269 4155
1658 2277
2286 3821
2290 4447
2292 4320
2295 4789
2305 3405
963 2319
2338 4599
2353 3879
2413 4506
2428 4204
2429 4456
2447 3148
2451 4641
2454 4010
2468 3278
1528 2470
2476 3862
2492 4484
2497 4944
2499 4386
2517 4846
2507 2519
2535 3678
2537 4941
2549 3674
2554 3880
2560 4861
1981 2564
2574 2969
2576 4800
2583 3995
2488 2584
2590 4745
2598 4988
2605 3465
2636 2641
2638 4767
2678 4538
2679 4797
1338 2699
2708 4757
2718 4510
2720 4332
251 2723
2733 4558
2734 4697
2408 2758
432 2761
2765 4980
2798 4957
2830 4838
374 2831
2846 4676
2848 3033
2851 3959
1711 2867
2871 3987
2888 4708
2889 4057
2906 4147
2909 4462
822 2913
1478 2920
1916 2940
2945 3724
2951 4855
2959 4505
2960 3969
2967 4332
2988 4813
2989 4553
2996 3912
2997 4982
952 3009
3011 4346
3017 3988
3025 4605
3028 3412
2041 3031
3036 4520
3039 3370
3042 4445
3049 3669
3051 4776
3086 4915
3087 3886
3088 3783
1052 3093
3100 4202
3102 4924
3113 4578
3145 4871
3135 3146
3151 3319
3153 3866
3157 4929
3164 3458
2184 3168
3172 3701
3176 4871
3192 4988
3230 3953
2532 3237
3239 4355
3246 4239
3270 3789
1849 3271
3279 4473
3286 4314
3289 3672
3290 3962
1169 3291
3293 4131
3297 4768
3302 4892
3308 4721
3330 4750
1812 3345
3354 3953
2603 3376
3387 4521
3413 4737
3416 4578
3423 3458
774 3429
3411 3440
3442 3704
3364 3462
2321 3468
2446 3470
3480 4853
3496 4467
2816 3500
3484 3510
3518 3522
3537 3977
3538 4605
3544 3751
3545 4334
3551 3877
3558 3766
784 3564
3572 4804
3573 4605
3593 4805
3597 3983
2688 3599
3615 4722
3644 4742
3654 4020
3044 3655
3687 4653
3693 4253
3715 4870
3731 3740
3733 4641
3738 4960
3742 4802
3744 4701
1842 3762
3785 4760
3786 4349
2592 3795
3818 4518
3830 4164
3254 3831
3848 4886
3849 4770
3852 4127
3858 4046
871 3859
3867 4658
3872 4853
3876 4949
3895 4666
3727 3899
3844 3900
3904 3907
3909 4296
2086 3926
3933 4688
3938 4433
3438 3945
2927 3976
3777 4012
4002 4017
4021 4607
4026 4855
3541 4030
3972 4031
1736 4034
3756 4102
4121 4259
3018 4137
3775 4151
4193 4988
4201 4882
439 4203
2858 4209
2930 4231
4232 4267
3618 4241
4246 4811
4249 4352
4264 4756
3962 4265
4271 4731
3889 4276
4280 4289
3579 4284
1684 4286
4079 4299
2727 4303
4305 4336
4311 4335
4089 4317
4069 4326
4329 4855
2727 4337
3008 4340
1505 4348
3636 4362
4366 4420
3410 4380
3640 4388
4410 4992
2097 4417
4412 4427
4098 4429
4263 4441
2544 4448
4332 4449
4450 4460
3504 4455
1849 4461
4470 4477
857 4482
2506 4487
3683 4492
2642 4502
4477 4508
3723 4516
368 4523
3309 4534
3805 4542
2504 4552
4562 4691
2216 4570
4573 4908
3407 4575
4574 4584
2713 4588
4619 4800
3459 4625
2005 4645
3240 4655
4180 4660
4574 4662
4332 4664
3994 4665
4668 4893
968 4695
2878 4707
3338 4716
3608 4725
4092 4735
4641 4744
1219 4746
4195 4763
3650 4790
4801 4913
4818 4892
4834 4842
957 4839
3396 4843
2688 4862
2022 4863
3456 4872
4146 4874
2392 4875
3546 4880
3680 4894
4896 4974
4898 4988
4048 4921
4906 4922
4923 4988
3953 4927
3665 4948
4710 4953
2921 4962
4462 4966
4978 4995
4 4113
5 4681
13 2378
15 4846
58 4809
82 4809
84 4495
90 4039
93 4370
101 4714
127 4095
133 4794
135 4960
145 4641
150 4125
153 4997
164 3245
166 2727
167 4683
181 4432
190 4857
232 2275
240 4332
257 3923
265 4960
267 477
276 4800
314 4902
397 3242
401 4451
411 4617
420 4993
421 2374
446 4709
455 4942
459 2896
474 3352
521 2494
543 3719
545 4291
563 4268
569 4909
594 3943
596 4831
623 4312
630 4980
634 3389
645 3081
647 1032
677 4583
680 681
688 2775
739 2736
751 4614
762 4615
766 2254
772 2095
775 4698
806 4822
809 4910
827 3555
844 4734
845 4064
866 3553
892 4126
900 4620
914 4341
949 3716
955 4795
960 4164
977 3390
983 4520
985 3954
988 2845
997 3419
1014 4842
1039 4613
1042 4035
1063 4127
1076 4786
1109 4819
1124 4773
1141 4855
1164 2883
1198 3195
1214 4670
1220 4214
1244 4987
1246 4981
396 1247
1259 3716
1263 4934
1285 3170
1296 4677
1300 4025
1314 3030
1371 3735
1386 3914
1389 3600
1393 4529
1397 4829
1419 4741
1422 2325
1429 4934
1440 3343
1443 3812
1463 4770
1471 4988
1472 2415
1476 2781
1488 4605
1507 4745
1545 3465
1585 3363
1586 4627
1596 3555
1600 4603
1602 3759
1608 4960
1611 4811
1640 4576
1649 2688
1650 4924
1666 4738
1668 4474
1680 3952
1685 4941
1696 4595
1700 4325
1706 2225
1707 3531
1720 4200
1733 4615
1743 4844
1744 2237
1776 4998
1814 4731
1838 4675
1879 3207
1899 4860
1913 3313
1929 4687
1941 2303
1947 3752
1953 3527
1958 3679
1998 3684
1999 4860
2026 4101
2028 4490
2035 3833
2036 4454
2037 3469
2043 2317
2056 4807
2069 3606
2072 4942
2109 4673
1577 2111
1647 2143
675 2145
2059 2158
2153 2159
1735 2230
2244 4399
2246 3502
2247 4938
2250 3108
2251 4501
2255 4520
2269 4578
2277 3816
2290 4002
2292 4868
2295 4786
2305 3947
2319 2382
2338 2684
2353 4456
2413 4813
2428 4381
2429 4877
2447 4440
1540 2451
976 2454
2468 4220
2470 3726
2476 4732
415 2492
2497 4501
2499 4634
2517 4670
2519 4656
2535 4960
2549 3019
2554 4890
2560 3402
2564 3205
2574 4854
2576 4694
2583 4214
2584 3752
1273 2590
2598 2903
2636 4035
2633 2638
2678 4603
2679 4239
2699 4289
2708 3621
2718 4868
1506 2720
2723 4713
1029 2733
247 2758
2761 4971
2502 2765
2798 2809
2830 4770
2831 4275
2846 4671
2848 3567
2851 4557
2867 3743
2871 3816
2888 3983
2101 2889
2906 4578
2909 4797
2913 4659
2920 4114
2940 4674
2945 4376
2951 3126
2959 4187
1241 2960
2967 3816
2988 3010
2989 4740
2996 4495
2721 2997
3009 4957
3011 4807
535 3017
3025 4703
3028 4830
3031 4328
2875 3036
3039 3104
2154 3042
3049 4673
3051 3491
3086 4080
3087 4592
3088 3953
3093 4541
3100 4571
3102 3819
3113 4713
3145 3326
3153 3589
3157 3543
3164 4978
3168 4906
3172 4077
3176 4379
3192 4108
3230 4781
3237 4713
3239 4960
3246 4873
3270 4266
1183 3271
3279 4830
3286 3866
3289 4133
3290 4289
2105 3291
3293 4479
3297 3331
3302 4079
3308 4945
3330 3634
3345 4256
3354 4145
3376 4371
2857 3387
3413 4501
3416 4433
3423 3948
3429 4860
3440 4857
3442 4709
3462 3754
3468 3523
2953 3470
3023 3480
3496 4931
3500 4309
3510 4782
2730 3522
1442 3537
1473 3538
3540 3544
3545 4343
3551 3964
3497 3558
1513 3564
3572 3970
3573 4956
3593 4169
3597 4728
3599 4961
3615 4616
1533 3644
3654 4980
3655 4823
3687 4648
3693 4833
3715 3866
3731 3915
3733 4176
3738 4714
3742 4720
3744 4202
3762 4788
2504 3785
3786 4355
764 3795
3818 4623
1524 3830
1391 3831
3848 4888
3849 4769
1292 3852
3858 3925
3859 4253
3867 3981
3872 4499
3876 4011
3396 3895
2667 3899
3642 3900
3884 3904
3909 4564
3926 4913
3933 4978
3938 4988
3945 4696
3976 3987
2113 4012
4017 4484
4021 4524
3923 4026
4030 4208
4016 4031
4034 4442
4015 4102
1142 4121
4137 4377
4151 4504
4193 4748
4201 4641
4203 4515
3287 4209
4231 4471
2430 4232
4241 4497
1657 4246
3044 4249
2332 4264
2688 4265
4271 4437
1258 4276
4280 4529
4284 4307
3708 4286
4299 4586
4303 4648
4305 4501
2402 4311
1911 4317
4326 4458
4329 4437
4337 4490
3002 4340
4348 4436
2289 4362
2597 4366
3118 4380
4388 4405
4410 4651
4417 4817
2663 4427
3180 4429
4441 4540
3981 4448
4449 4650
4411 4450
4353 4455
4461 4907
3972 4470
4482 4918
4487 4824
2616 4492
3930 4502
505 4508
3741 4516
4523 4565
3344 4534
4542 4964
4540 4552
4109 4562
4559 4570
3619 4573
3697 4575
4584 4593
3965 4588
4466 4619
4625 4854
4642 4645
4436 4655
3758 4660
4662 4914
4646 4664
3814 4665
4668 4741
4695 4853
4707 4760
4716 4988
4711 4725
4377 4735
3406 4744
1028 4746
4763 4770
3203 4790
4781 4801
4331 4818
3224 4834
4839 4842
4710 4843
4071 4862
2772 4863
2886 4872
4474 4874
3666 4875
4856 4880
4469 4894
4758 4896
4722 4898
3587 4921
3820 4922
4923 4949
3940 4927
4392 4948
4928 4953
4150 4962
4883 4966
2627 4995
15 4703
58 4855
90 3390
101 4866
127 4148
240 3765
397 4108
446 4229
474 4942
543 4499
630 4536
645 4511
647 4772
680 4169
751 4910
762 3632
845 1903
892 3864
914 4878
960 4871
977 4171
985 4919
1039 3698
1042 4954
1063 4480
1076 4803
1109 3047
1124 4901
1164 4816
1198 3807
1214 3944
1247 4956
1259 3993
1285 4774
1296 4893
1314 4605
1371 3941
1389 4493
1393 4770
1429 4283
1443 4536
1463 3284
1471 2300
1488 1794
1507 4974
1596 4015
1600 4408
1608 4336
1640 2957
1649 2460
1650 4019
1668 2309
1680 3838
1685 4354
1706 4832
1733 4302
1838 4979
1879 3817
1899 2129
1913 1948
1929 4961
1941 4900
1947 3492
1958 4884
1999 4578
2026 4304
2028 3946
2035 4608
2036 4607
2037 3255
1820 2056
2069 4679
2071 2072
2109 4970
1936 2143
2145 3826
2158 4255
2159 4519
2244 2667
2247 4489
2250 3811
2269 3177
2277 4936
2290 4626
2292 4494
536 2295
1343 2305
2319 4938
2338 4498
2353 4500
2413 4717
2429 3637
2451 4513
2454 3713
2468 4535
2476 4022
2519 4988
2535 2570
2549 4967
2554 4599
2560 4855
2564 4602
2574 3085
2576 4496
2583 3953
2584 4856
2590 4603
2678 4855
2342 2699
2718 4661
2617 2733
2758 4181
2667 2761
2765 4761
2830 4397
2831 3808
2846 4367
2848 3214
2851 3809
2867 4216
2871 3182
2888 4075
1846 2889
2906 4352
1258 2909
1538 2913
651 2920
2940 4133
2945 4770
2959 4611
2960 4416
2874 2967
2989 4688
2997 3385
3009 4182
3011 4236
3017 4926
1675 3025
1716 3028
3031 4220
3036 3882
1689 3039
3042 4866
3049 3843
3051 4504
3087 4990
2787 3088
3093 4638
3113 4676
1629 3145
3157 4858
3164 4447
3168 4686
1669 3172
3176 4678
3192 4982
3237 4055
3239 4846
3246 4332
3270 4722
3271 4957
1747 3286
3290 4307
2480 3291
3293 4070
3302 4929
3308 4679
3330 4233
3345 4727
3354 4809
3376 4788
3387 3847
3413 4432
3423 4731
3429 4857
3440 3513
3442 4594
2634 3462
3468 4965
2042 3470
3480 4577
3496 4855
3500 4278
3486 3510
3522 4371
3366 3538
3544 4978
3545 3996
3551 4105
2668 3564
2234 3572
3573 4214
2376 3593
3597 4215
3654 4118
3655 4352
3648 3687
3693 4964
3715 4398
3731 4867
3733 3993
3738 4599
3742 4247
3744 4501
3762 3999
3768 3785
3795 4855
2688 3818
3830 4122
3831 4637
2772 3848
3849 3980
3852 4140
2557 3858
3859 4257
3867 4897
3872 4878
3876 4120
3895 4308
3899 4755
3900 3928
2646 3904
3909 4376
2891 3926
3933 4083
3223 3938
2459 3945
3959 3976
3411 4012
4017 4288
2939 4021
2642 4026
4030 4914
4031 4355
4034 4504
3952 4102
4121 4343
4137 4876
4151 4163
3835 4193
2030 4201
4203 4968
4209 4883
4231 4964
3385 4232
2739 4246
4249 4649
4264 4799
4265 4361
4271 4641
2903 4276
4280 4325
4284 4621
880 4286
4299 4720
776 4303
3574 4305
4311 4612
4317 4652
4326 4676
756 4329
3630 4337
3985 4340
1446 4348
3005 4362
4366 4938
3882 4380
4388 4393
4410 4810
4417 4485
4418 4427
4429 4501
4441 4453
559 4448
1515 4450
4140 4455
3930 4461
4470 4779
4482 4578
4487 4798
2975 4492
4418 4502
4508 4586
4516 4918
4361 4523
4501 4534
4542 4799
4552 4698
4562 4770
4570 4792
3329 4573
2763 4575
4445 4584
4253 4588
4619 4694
4430 4625
4257 4645
4654 4655
4660 4737
4621 4662
4663 4664
3003 4665
674 4668
4179 4695
4707 4762
4165 4716
3029 4725
4724 4735
3053 4744
1273 4746
1824 4763
4422 4790
1849 4801
3578 4818
4628 4834
4404 4839
4767 4843
4104 4862
4641 4863
4773 4872
4874 4900
4875 4892
4352 4880
3720 4894
4694 4896
3247 4898
3740 4921
2002 4922
1589 4923
4579 4927
2283 4948
4914 4953
4951 4962
3604 4966
2030 4995
1109 1724
1214 4988
1649 4530
1733 4386
1947 4855
2035 4820
2244 3620
2269 4988
2277 3844
2319 3691
2451 4206
2519 4743
2535 4667
2549 4355
2576 4568
2583 3574
2584 4778
2830 3709
2831 4988
2846 4685
2851 4571
2871 4118
2888 4795
2889 3587
2906 4630
2940 4848
2268 2989
3031 4975
3087 4700
3164 3844
3172 4984
3176 3932
3192 3972
3127 3237
3239 3579
3246 4996
3293 4892
3413 4680
3423 4551
3429 4614
3442 4940
3468 4347
3480 4903
3496 3750
3499 3500
3510 4154
3538 4667
3544 4918
3545 4946
3564 4107
3572 4955
3573 4481
3593 3906
3597 4767
3654 4141
3785 4221
3419 3831
3848 3911
3852 4037
3859 4475
3872 4810
3899 4989
3904 4468
3926 4727
3938 4684
3976 4879
4026 4847
4030 4505
4031 4890
3813 4102
4151 4855
4201 4972
4209 4943
4231 4239
3630 4264
3949 4276
4284 4481
4286 4855
4303 4636
4305 4699
4329 4391
4330 4337
4340 4453
4348 4390
4319 4362
4366 4867
4380 4820
4388 4641
3162 4410
4417 4975
559 4427
4314 4429
2645 4441
4455 4488
4461 4535
4482 4758
4487 4815
4476 4492
4250 4502
4508 4770
4200 4516
4523 4638
4210 4534
4531 4542
3281 4552
4573 4935
4289 4575
4584 4820
3281 4588
4537 4619
4601 4625
4424 4645
4289 4662
3631 4664
4665 4770
4381 4668
4372 4695
1635 4707
4074 4716
4295 4725
2880 4735
4269 4744
3272 4746
4739 4763
4128 4801
4485 4818
3917 4834
4789 4839
4813 4843
4858 4862
4863 4879
2686 4872
2285 4875
4867 4880
4894 4956
4896 4915
3574 4921
4922 4939
4118 4923
4605 4927
4770 4948
2814 4953
4911 4962
4966 4979
3424 4995
3087 4703
3429 4766
3468 4960
3500 3749
3593 4798
3831 4774
3816 3899
3976 4915
4031 4738
4102 4113
4276 4998
4366 4369
2955 4417
4455 4806
4309 4482
4438 4516
4359 4534
4552 4879
4383 4584
4665 4694
4707 4738
4554 4716
4719 4735
4801 4825
3233 4834
4189 4862
4578 4863
4367 4896
4699 4922
4948 4954
4962 4982
4873 4966
