712 3481
2590 2933
1365 3062
3062 3355
2073 3576
366 3218
219 3859
3429 3576
396 3576
2140 3220
637 3810
23 3814
2348 3497
2984 3010
1206 3981
1595 2226
1606 3743
1070 3910
36 2925
2452 3164
2176 3972
66 3576
2597 3713
2925 2954
3347 3828
2348 2979
327 1972
660 3222
1893 2960
3354 3610
1317 2342
3000 3227
2477 3953
456 1533
2681 3092
3225 3702
1276 1734
1685 3661
3570 3809
24 2984
3217 3782
56 3771
1006 3641
2642 3355
2693 3148
2931 3707
3229 3988
161 1768
2722 2774
2299 3339
1148 2925
2148 3743
1142 3743
673 3606
905 2254
1527 3339
2576 3048
2144 3910
2799 3175
2300 3981
1401 2710
298 3580
2756 3297
1159 3299
214 3862
355 1677
395 3589
1001 3459
1201 3092
2576 2710
3124 3146
1341 3095
2435 3497
825 3713
1562 1932
137 3162
1514 3199
2716 2909
2051 3735
3374 3955
3773 3862
2972 3009
3659 3982
2789 3809
1525 3148
1359 2672
1845 3925
1070 2835
332 3175
2385 3904
607 3664
1606 1631
1033 2140
1912 3791
3670 3982
3613 3713
1062 3641
2176 3659
1595 3972
1595 3659
120 3297
3580 3641
2920 3162
1027 3481
1798 2792
948 2723
3220 3679
2903 3613
3086 3782
1201 2882
3651 3773
2178 2799
2563 3335
1555 2794
356 3828
2372 3604
2800 3955
1919 3434
3404 3703
1453 3681
3088 3558
2109 2920
359 2459
3536 3710
120 2032
3570 3771
1060 3355
976 2774
2756 3354
2133 3167
1570 3779
3088 3189
56 3809
2951 2972
640 3613
2803 3220
1972 2477
1148 3422
2755 3830
3713 3735
3484 3703
1411 3828
1194 3852
3189 3710
3189 3497
1216 1828
1753 3810
2477 3198
2590 3225
150 2986
3359 3459
1126 1317
1467 3830
379 2074
641 2723
891 1562
896 1359
359 1292
54 2597
607 3633
1891 3455
2768 3872
1795 3443
728 3830
2005 2674
1606 3536
2933 3604
67 1590
2442 3027
2100 2827
241 1410
1275 2954
1567 3981
2547 3062
2624 3647
70 3643
137 2969
2120 3610
1758 2092
1457 3720
1828 3146
3743 3955
2082 3872
1514 3925
836 2220
3681 3910
2954 3319
1104 3000
2678 3200
2768 3879
2122 2434
2897 3217
1372 3986
1904 2506
2137 2596
1238 3707
2791 3782
3558 3743
2547 3355
1800 3199
2454 2734
2569 3703
2378 2734
2486 2642
1001 3455
1401 3048
1436 3788
1800 1839
878 3164
214 2615
2799 3929
1113 2789
1647 3651
905 3958
1768 1919
1037 2587
1567 3788
3325 3659
2452 2460
3229 3810
3782 3810
412 2893
1725 2073
431 3086
1960 3643
2157 3305
2097 3730
1198 3242
1289 3643
850 2028
680 3852
3760 3779
2681 3266
2697 3986
570 3814
2073 2755
2447 2800
3477 3955
3238 3977
3198 3982
777 2882
560 2398
1142 3217
1677 3481
1768 3904
1267 3643
2254 3225
2328 2693
2287 3324
2693 3218
508 1812
780 2398
2042 3910
2920 3269
2328 3455
2144 3713
783 3606
2442 2794
45 3662
1368 3910
996 2427
2073 3335
1836 2789
3213 3760
298 334
1060 1206
1062 3222
1610 1818
1274 3148
1198 2032
718 2053
2984 3681
1907 3879
2062 3282
2596 3982
1753 3661
3010 3981
568 3339
1062 2897
3222 3455
2600 3610
1370 2709
1792 3355
2005 3072
827 3896
732 3689
1521 3297
2048 3633
2447 3324
427 3092
500 3977
3026 3422
2245 3653
500 3896
3217 3837
591 3904
1714 1904
2486 3977
179 3641
172 2781
3455 3459
1325 2559
3415 3730
2755 3429
480 1590
1264 2122
2486 3896
2803 3558
2212 3429
2299 2799
3325 3670
435 2892
1798 3958
2485 3814
840 3643
1002 3670
640 1533
926 3576
1264 3123
2460 3283
2979 3227
560 3910
2005 3033
2425 3088
3225 3459
1819 2254
2328 3580
1855 3283
3200 3760
2348 3536
2342 2427
3123 3904
480 712
603 3488
1533 2781
3144 3339
607 3429
3261 3788
1372 3220
2299 3973
1368 3809
2029 3198
2903 3788
1877 3175
2092 3651
1467 3872
2897 3730
2974 3735
2607 3530
3659 3670
1107 3896
326 3703
302 3266
1718 3359
1919 3199
2574 3773
2574 2972
2547 3977
3283 3782
2180 3144
2521 3576
963 2792
3169 3647
3183 3611
871 2254
2425 3710
1821 3753
2019 2794
1665 1839
816 2299
1368 3735
1879 3297
2512 2969
1734 2220
2723 3238
3217 3415
1819 3958
168 1828
3570 3779
1606 3164
3269 3661
2547 3982
219 3434
1410 3862
3953 3982
255 1276
3522 3773
914 3651
1836 3713
1907 3760
3364 3739
26 3810
1570 3872
1122 2892
2897 3415
2835 2903
979 3647
1538 3088
703 1508
219 3570
676 2672
2157 3739
1533 3713
3459 3925
2969 3023
169 3570
948 3355
3389 3643
379 3872
2674 3703
3000 3497
2076 3773
2933 3965
391 3455
1792 3977
2400 2903
366 3862
1267 3048
2433 2559
3026 3319
896 3904
2504 3000
2893 3703
3633 3910
1758 3651
1142 3364
3227 3710
2673 2711
1718 3925
2974 3910
3033 3484
899 2774
3355 3896
2178 3816
2581 3703
1098 3282
2042 2974
1325 3720
2398 2974
1818 2951
2201 3522
1449 3896
1721 3837
3146 3652
1753 3876
1088 3443
2768 3484
2600 3305
1336 3086
2300 3681
960 3876
1729 2814
2398 3910
1088 3009
1811 3238
2156 3739
1166 3955
2800 3647
2903 3164
2187 3497
1879 2562
20 3904
419 3816
2328 3876
1729 3144
2711 3299
3735 3910
1457 3953
2187 3955
95 3681
2664 3641
1527 3027
0 2624
2287 3124
1690 2624
432 3651
1798 1834
2062 3122
1664 3282
2176 3982
906 3570
2315 3773
2581 3484
370 3558
1216 3589
825 2452
2678 3814
2342 3739
286 3986
2062 3606
3148 3522
3200 3872
2607 3000
1453 3981
56 3782
2624 3859
1317 3246
3225 3354
1002 2043
26 3876
1879 2587
1690 3183
2140 3986
637 3229
572 3254
2678 2768
3702 3965
963 3965
3659 3720
3027 3339
242 3169
555 3981
1821 2620
908 1198
905 3702
1238 3653
3200 3879
3010 3735
1893 3124
899 2931
2051 3910
2547 2723
1631 3710
3810 3876
1913 1917
2497 2755
2709 3484
1336 3269
1060 3707
2979 3189
2668 2789
815 3659
2736 3988
1502 2547
3359 3641
1690 3955
1611 2506
1894 3809
3113 3198
906 3809
1811 2486
1292 3965
2736 3027
1070 3522
1790 2642
1824 3325
2843 3254
2400 3713
2082 3122
2366 3010
1194 3189
1729 3816
1913 2734
2287 3282
2674 3986
2674 3167
3169 3837
2137 3720
2562 3086
1919 3904
2597 3010
2920 3023
938 2882
3324 3730
676 3973
615 1325
1562 2710
3217 3477
2109 3661
2697 3409
1319 3862
288 3720
3720 3972
871 3604
1206 3299
1721 2800
3218 3862
2734 2960
827 2905
1525 2615
2141 3904
603 3981
2082 3830
3113 3659
3183 3303
400 2925
2678 3872
2156 2157
1274 3773
2386 3982
1179 3814
1194 2425
181 3422
1286 2307
2398 3164
3220 3986
2903 3910
540 3929
3254 3743
1452 3816
1567 3681
2200 3859
1893 2954
963 3242
225 3986
1275 2378
3653 3707
2246 3269
120 3305
1509 3652
3374 3859
1765 3409
1502 3977
67 1729
1410 3339
2120 3604
1811 3896
1538 3254
1329 3862
1070 2624
901 3904
1287 3146
1932 3389
3124 3589
774 1359
836 1376
2122 3743
45 3576
649 3183
2485 3198
172 1745
926 3664
3589 3707
1567 3488
2716 3859
2180 3175
2569 3072
2768 3760
2984 3981
2220 3443
326 3033
2454 3026
2 2979
470 3720
2800 3859
95 2300
204 3828
1544 3958
2814 3339
3023 3876
2587 3266
1001 1126
1631 3530
896 1665
3169 3477
1159 3707
607 3662
2563 3720
356 570
572 1376
3198 3972
2200 3477
1449 2905
1819 3702
2624 3324
780 1365
1027 2796
249 3409
2315 2789
1276 3389
2575 3651
334 3641
1402 3229
2459 2796
3347 3760
1508 3643
2366 3261
1836 3570
1891 3359
1544 3965
1665 3904
1664 3122
774 2132
1287 3422
241 3862
1341 3522
1834 3965
2028 2600
1424 2289
2133 2581
1714 3929
2042 3713
2920 3810
54 3788
3415 3743
1264 2141
2944 3953
724 3689
3062 3238
2755 3335
3303 3837
2986 3299
3225 3965
1718 2903
3347 3955
1664 3791
1647 3033
3662 3664
1148 3146
2400 3788
624 3830
3613 3788
508 2433
1226 3739
2140 3246
2562 3266
3830 3879
410 2736
3661 3988
794 3859
3641 3689
829 3088
2122 3434
2120 3958
854 3217
1241 3955
1792 3896
1828 3652
2076 3651
2226 3982
2979 3530
718 3809
2254 3297
2180 3929
288 3977
1241 3415
334 3580
2074 3604
2180 3816
2212 3633
1476 3661
1828 3319
1163 3739
518 3661
1216 3652
485 3144
1265 3972
1831 3604
2563 3576
3477 3859
829 3710
1729 2299
1768 2122
2353 3062
2028 2590
286 1765
1289 3443
3269 3810
989 3429
1321 2425
2074 3417
379 3828
2137 2226
152 3653
1604 2711
1721 3477
613 3779
2897 3324
1245 3027
2781 2974
470 2796
560 3713
1201 3266
1401 3643
1570 3830
1122 2092
1411 3760
3409 3739
3167 3484
2460 3570
3713 3788
3359 3689
2716 3837
660 3455
1107 2353
2620 3651
2156 3986
2796 3953
3072 3167
2755 3664
1037 1684
1525 3218
2144 3735
2569 3404
137 3988
724 3459
2498 3986
400 1917
2711 2722
2201 3335
1154 3404
1369 3925
1508 3009
459 3238
922 2905
1365 2547
1855 2315
1879 2681
2342 3986
3710 3852
396 2048
1376 1806
1576 3254
615 2477
976 3862
3062 3977
3710 3743
1211 3816
427 431
2984 3814
2300 3814
1738 3359
3126 3225
2792 3352
1818 2228
1365 1792
1487 3481
3178 3953
1562 3389
2674 3739
1370 3266
2120 2590
2156 2431
2315 3809
2577 3896
2756 3225
2973 3981
681 3122
1729 2794
1267 2954
26 518
2897 3611
3429 3522
979 3955
2137 2577
152 3953
1824 3982
349 3988
2791 3238
681 3606
2792 3126
2569 3484
3164 3261
2 1893
2133 3404
3126 3297
555 3814
571 3904
850 896
603 3707
3347 3879
2328 3641
400 3200
641 3977
3297 3965
2226 3659
1828 3422
1238 3299
1805 3713
2485 3681
1690 2909
2447 3477
428 3558
1845 2664
2299 3027
2668 3973
1877 3973
1341 3576
2984 3653
3325 3720
3576 3664
2602 3404
564 3879
1811 2348
959 3319
1088 1508
3072 3689
3023 3269
2342 2576
1267 3422
1595 1824
1046 3220
3297 3958
724 3925
1533 2974
3144 3146
1329 1684
255 2220
1322 2447
2969 3661
908 3965
3720 3953
905 3352
867 3643
1999 3213
1836 3809
1206 1238
815 1379
1206 2245
1645 3558
2043 2512
2569 2814
2051 2835
915 3670
1245 2180
1001 3641
959 3324
3033 3261
1322 2986
3122 3791
2897 3837
603 3814
1062 3925
70 1795
459 3896
2163 3809
3299 3653
2909 3217
512 3227
2119 3982
150 3707
1714 2799
3713 3760
3009 3643
572 3048
2893 3484
840 3389
3417 3497
1187 1763
3477 3611
3753 3862
225 3409
2497 3633
2590 3702
901 3406
3175 3973
2710 2972
3242 3965
2427 2697
638 1336
1369 3580
560 3788
2294 3522
899 3299
1824 1972
3689 3925
1647 1758
3000 3536
3477 3837
1792 3238
326 3404
1372 2342
1544 3610
600 3710
2028 3124
724 3641
1289 3925
1051 3218
311 3229
3026 3589
2620 3459
2504 3710
1685 3876
3347 3830
1201 2587
485 3973
948 3062
959 3955
326 2005
1798 3352
3000 3852
2030 3651
1611 2799
172 3164
2187 3859
608 2176
1379 2668
2163 3283
2893 3033
3810 3988
2005 3167
2590 3242
938 1879
3242 3459
1527 2794
960 1753
1604 3653
1800 3904
2141 3434
676 2573
1590 3282
3681 3814
24 3681
3325 3982
1640 3227
2587 2882
3434 3904
3816 3929
1806 3443
1292 3354
1148 3319
2664 2678
2664 3925
1359 3199
2427 3679
2722 3653
1645 3530
349 3269
1402 2969
2043 3229
328 2734
2307 3481
692 2723
1154 3167
1664 2062
3606 3791
2794 3929
668 2933
1805 3910
2791 3347
3580 3925
673 1098
2892 3613
2157 3220
500 3355
3010 3814
273 2076
1104 3497
2768 3779
31 2053
288 2642
2063 3809
564 3229
3167 3404
1677 3443
953 2722
1818 2672
1322 3837
1325 1919
2400 3261
2512 3988
3227 3779
1226 3679
840 1006
2596 3178
9 3086
1245 1714
667 2328
2587 2681
2587 3859
75 3062
2048 3664
356 3830
794 3981
2569 3033
2092 2709
2678 3779
1410 3773
2909 3730
1476 2920
3702 3830
2366 3613
242 3354
2827 3670
2986 3707
412 3072
2030 3522
2032 3352
3148 3753
225 3220
1275 2624
1287 3124
2827 3178
3325 3953
3359 3580
1411 3830
400 3652
1590 2287
691 3355
2315 2460
120 3417
3144 3816
3730 3859
2697 3679
2681 2882
1604 2306
2969 3810
891 3389
2082 3879
1276 3743
3218 3651
3604 3958
3227 3558
2781 3713
2156 3679
1171 1795
2032 2074
2148 2232
1806 2228
1027 3791
3647 3837
1245 1555
2133 3484
1163 3977
332 3929
829 3189
3218 3429
3246 3739
1907 3779
3735 3788
2063 3283
1877 2573
168 3652
1483 2120
1758 3522
1610 3443
3771 3782
3604 3965
2642 3977
823 3713
3062 3896
681 3791
2711 3862
2232 2607
1098 3791
2596 2796
23 3488
1752 3681
1999 3760
2144 3613
1745 3972
3319 3896
1424 3653
3126 3958
3213 3225
150 2673
204 3879
891 3048
996 3220
823 1368
703 1610
1410 2620
2909 3837
1845 3580
2547 2905
1907 3872
118 3925
579 3982
2577 3972
3217 3730
54 2903
1122 2620
412 3484
1685 3810
3611 3955
2156 2693
1424 2774
298 3925
2029 3217
2148 3862
2789 3771
570 3981
2892 3753
3816 3973
45 3095
2668 3809
1836 2791
2201 2521
1483 3965
2137 3982
1538 3852
907 2574
1275 3589
1122 2030
2581 3033
1798 3305
3297 3702
3681 3981
316 3703
1805 3653
2843 3088
1306 2245
1321 3664
1094 2156
871 2664
2722 3707
1402 3023
2150 2596
699 3681
3374 3743
2781 2835
2486 3355
1135 3422
302 3730
564 3828
1187 3988
1245 1877
1972 3659
169 1855
1765 3739
2176 3720
410 3417
1555 3816
3162 3988
3415 3647
823 3613
1795 2132
1376 2951
2299 2672
2032 3958
1555 3929
867 2951
2644 3791
2951 3830
691 3977
3347 3859
3033 3167
1163 2431
459 3977
459 1792
118 1001
1116 3488
172 3735
3164 3788
3123 3199
1483 3364
3095 3434
3189 3254
923 3225
1590 3791
3788 3910
1286 2037
1734 3710
1306 3653
1834 3354
2447 3374
1113 3580
1514 3689
1734 3443
1509 2954
1913 3652
699 2485
3522 3753
1690 3837
2559 3982
3354 3965
1718 3689
1711 3972
3354 3417
2122 3199
2903 2974
2226 3670
391 2944
1904 2794
2960 3146
848 2596
1321 2563
1265 3576
341 3359
470 2386
3222 3689
3570 3782
2405 3830
2132 3986
2200 3647
1006 3580
2673 2931
508 1085
1206 2289
1527 3816
1891 3689
3422 3652
3033 3830
1570 3879
1286 3122
1729 3929
712 3606
3148 3859
2372 2800
848 2587
2792 3965
1286 3606
1999 3872
2342 3679
2925 3196
1379 3953
915 3659
1467 3779
2232 3497
637 2920
1113 3455
2498 3647
2220 2951
2607 3189
608 3953
1046 3689
1226 3227
2048 3429
2300 3488
2615 3148
979 3415
276 2289
311 3876
2180 2506
1063 2796
3647 3955
2905 3238
1159 3653
3374 3477
1341 2755
1599 3929
2569 3167
979 1322
3389 3641
512 829
2228 2576
2497 3576
703 3048
564 3872
2575 3773
2187 3227
20 3986
1640 3558
3222 3459
391 3925
3217 3324
878 1508
1306 3299
1487 2433
1116 2477
2028 3965
2590 2756
1912 3283
1171 3443
1187 3904
1821 3148
1122 3651
1792 2723
1714 2442
298 3455
794 1166
3123 3977
2398 2400
748 2573
2048 2521
3282 3791
1576 3530
3048 3443
2920 3613
2843 3710
2306 2722
3000 3530
2366 2400
3604 3702
2200 3611
2897 3169
2100 2150
36 181
591 3123
1805 2366
3641 3925
2 3227
2328 3925
699 2973
1483 2756
963 3958
137 3810
1932 2951
1274 3862
2736 3229
1765 2803
2307 3122
836 867
1725 2563
2672 3929
3791 3859
3958 3965
1457 3982
960 3810
613 3816
3213 3830
2452 3788
3374 3647
640 1368
2596 3953
1877 2814
54 3613
2051 3613
2969 3988
3633 3664
2596 3198
2960 3026
1611 3175
2734 3167
3269 3760
169 1064
1211 3929
2232 3088
867 3443
1275 3422
419 3175
1322 2624
1267 3009
2400 3613
179 3925
1685 3988
500 2905
3200 3828
1327 1376
400 3196
571 3661
2019 3816
692 2951
2796 2827
600 3852
3664 3929
2459 3113
2425 3254
2794 2972
1179 3488
2037 3481
1555 2672
480 3122
1274 3753
1768 3123
1725 3662
95 3814
1238 2306
1267 3389
1289 1487
783 3299
1379 2893
2678 3830
748 3929
2909 3743
1476 3162
1292 2590
3144 3175
75 3896
989 3662
1321 3576
3299 3707
67 3791
356 3879
2944 3670
2245 2986
2097 3303
2294 3148
75 3977
1765 3986
1449 3977
1836 3782
1317 2803
2931 3653
2062 3791
1187 2246
1645 3710
2774 2986
2882 3086
915 2827
1894 2163
249 3364
1904 3972
3753 3782
1790 3896
3164 3910
3303 3374
431 2681
410 3126
1845 2359
2082 3828
2615 3773
95 3981
1487 3122
2051 3261
1033 3026
571 3199
1907 3828
2082 2781
2512 3876
953 2245
2051 3713
3227 3852
2178 2794
1631 3852
1845 3455
2353 3651
1287 2378
649 3647
328 2960
1289 1932
1514 1800
2979 3852
2575 2615
1590 3606
2097 3837
1645 2607
607 816
36 2734
2254 3352
3670 3972
508 3791
3613 3735
1576 3303
2979 3536
867 3652
660 3641
2587 3092
2620 3198
2486 3062
1721 3955
1904 3816
45 3429
1179 1453
2132 3904
241 3651
2892 3773
2710 3009
1424 2673
3126 3417
3010 3910
3088 3536
3213 3319
3023 3810
23 555
624 3779
2969 3269
2668 3570
2459 3972
3164 3713
1819 2600
2200 3169
1006 3689
328 3589
1745 3953
691 1502
2287 3791
2781 3910
531 1567
850 3417
24 3814
2789 3570
732 3925
783 3484
214 3753
2581 3167
3459 3689
3113 3953
1070 2452
3876 3988
204 3830
1379 3982
1051 3773
1763 3810
568 3816
432 2693
2781 3261
3261 3613
2076 3862
2547 3896
2254 3681
241 2294
766 3347
2459 3670
1107 3977
508 1027
1306 1544
2005 3679
273 2892
2180 3925
1379 2119
2504 2843
2768 3213
1113 2794
2460 2789
3782 3809
1194 3558
3374 3730
1046 3760
1576 1812
2176 3953
485 3929
926 3633
1319 1758
1647 3773
3409 3679
3086 3092
1893 3319
2073 2076
3374 3837
2246 3229
1610 3530
20 1538
276 2306
774 2122
996 3986
2200 3183
699 3981
1729 3973
1685 3269
302 3092
2353 3355
1449 3355
2434 3123
908 1819
214 2294
1154 3679
2597 3788
410 3702
120 3589
9 3113
2672 3144
1329 2709
1006 3925
1159 2986
603 2984
1453 1960
638 2681
1046 3183
2600 3242
1166 3713
2427 3409
1753 3988
316 825
1211 3670
3261 3910
815 1467
1319 2030
673 2969
960 3988
2053 3570
907 1818
2157 3986
391 3359
2029 2909
1094 3404
667 3977
1365 2642
3217 3611
3324 3955
1800 3406
1725 3335
2600 3415
854 3611
2597 3910
2043 3661
3872 3973
783 3282
3760 3828
2563 3664
2581 3404
2796 3670
2405 3779
2973 3814
1327 3707
1306 3707
2109 3229
366 2693
1544 3126
906 2668
3148 3218
1894 2668
2892 3862
379 3830
914 1647
2073 3429
1521 2933
1819 3965
2122 3339
2674 3404
6 2944
1570 3828
1179 3981
1800 1919
2163 3417
391 3580
1972 3953
2132 3406
419 3929
1411 3779
1171 2576
3739 3986
1516 3852
410 3651
1972 3198
2156 2803
1806 3852
2148 3852
485 3095
1135 3589
676 2814
3753 3904
1567 2984
1763 3988
2709 3773
1245 3339
3183 3837
316 2893
2150 2796
1893 3196
2435 3162
3305 3352
432 2092
359 2100
1319 3753
3613 3910
2100 3670
2348 3852
1525 3773
2452 3261
1211 3879
2674 3484
3347 3872
2792 3354
1790 1798
2454 3124
3283 3570
783 3703
2835 3261
2909 3859
3610 3965
906 3782
2668 3782
922 3977
1402 3810
332 3973
2294 2693
1216 2954
3229 3661
2768 3828
2119 3670
1738 3689
2030 2294
2498 3409
3092 3771
1917 3484
1999 3828
2434 3199
288 3896
2803 3409
2028 2547
3033 3072
1819 2559
3229 3876
2615 2693
827 2150
923 2372
137 3972
2814 3973
1805 2974
3183 3730
288 3355
3189 3200
2442 2506
3126 3610
3222 3238
1538 3000
2597 3164
1590 2986
1806 3389
2459 3325
3896 3977
273 3753
2431 3364
1845 2909
2029 3611
1365 3977
989 3576
2711 3707
2097 3859
960 3162
3213 3779
3196 3319
2434 3339
2944 3659
249 3739
2796 3198
827 1790
3146 3319
827 3977
1062 3689
1521 2600
1329 3837
3254 3852
3488 3981
1753 2969
2452 3613
3429 3662
1453 2485
2755 3662
953 2986
1765 3679
3536 3743
2504 3852
2157 3246
395 3359
2287 2644
3647 3859
391 2328
712 1098
3643 3661
168 3422
225 2792
3269 3988
570 2827
1677 1960
600 3530
2353 3282
1663 3558
1917 3196
3144 3522
255 3443
1999 3779
568 3973
2803 3364
2029 2097
2973 3661
777 2756
2348 3389
2306 3707
2897 3374
1811 3977
1919 2141
2925 3319
3679 3986
540 2794
1734 3009
3162 3229
1912 2789
1855 2063
2843 3852
2434 3434
67 681
1211 1611
2353 2905
316 3404
1327 3653
1913 2378
2400 3830
3354 3982
2835 3910
1001 3477
3254 3536
2454 3652
2212 2563
2232 3852
637 3876
118 2954
2477 3659
3072 3484
2607 3227
3324 3743
3415 3859
435 3773
840 3009
1631 2148
703 3958
1321 3429
1610 3048
1604 2673
3335 3576
359 3972
432 3862
1606 3254
1879 3852
1319 3651
1063 3982
1317 3679
2289 3653
3661 3876
2512 3229
2512 3810
36 2960
2843 3536
1336 2562
3497 3743
1116 3981
1276 2157
2814 3929
1738 3222
1163 2803
3072 3703
1436 2597
2 3536
2348 3189
3178 3720
1027 2048
624 2435
3033 3404
3072 3404
2201 3662
395 3641
1376 3048
356 3872
3455 3580
3146 3422
1327 2722
1502 2723
854 3955
1179 1502
2843 3497
432 2892
2835 3199
1972 3126
3033 3953
3164 3613
2245 3707
3200 3779
1645 3743
608 3670
1604 2986
412 1436
1241 3859
3162 3810
518 3988
3488 3814
2678 3879
512 3710
908 3305
926 3335
2925 3146
1665 3199
1148 3589
2607 3254
2644 3606
6 518
2485 2973
2909 3477
2722 2986
3352 3354
3753 3773
600 2979
3324 3611
1033 3986
1085 2062
2644 3122
2431 3679
3720 3982
1647 3862
2672 3339
26 3988
878 3303
328 3146
152 815
2100 3113
2944 3178
2574 3651
1163 3986
1216 3319
825 3735
2792 2933
1877 3816
2400 3659
1088 2576
2674 2803
1527 3929
2454 3319
1159 3023
2678 3213
2521 3429
2800 3837
3027 3788
1033 3409
326 2893
1912 3809
1411 3879
2709 3404
1834 3958
896 2434
3347 3647
334 3455
1037 3266
2954 3652
2736 3876
2073 3973
2306 3189
2053 2791
3779 3828
2082 3702
355 3443
3126 3965
1198 2254
370 3189
412 2693
2506 3144
3409 3986
1372 3364
411 2574
1379 3659
2092 2693
1476 3810
2814 3481
2734 3862
2180 2442
3319 3422
1525 2575
1289 1806
70 3389
1758 3753
2596 3972
3178 3982
2073 2497
161 1665
1812 2800
922 3896
2642 2905
75 3589
1063 3238
2431 3246
2359 3144
2447 3647
1516 2148
681 3282
2602 3484
748 3816
1002 3720
1006 1369
2042 3613
2074 3958
2624 3730
3305 3958
0 3788
3422 3429
1806 2498
3086 3266
641 3896
692 2220
2378 3589
1834 2372
2506 3973
249 3986
1264 1768
2497 3662
150 2245
2386 3953
1452 3973
823 2051
3027 3973
728 3872
2460 2668
2905 3977
1684 2587
2315 3782
878 907
3254 3710
3324 3647
896 3406
2157 3364
1187 3710
242 3955
222 3664
1677 3389
2477 3026
570 3335
3238 3972
3859 3955
2042 3735
2092 2892
1264 2434
748 3973
3973 3988
3347 3779
748 2178
732 3359
2232 3710
3095 3664
564 3830
728 3879
316 3484
2736 3810
3406 3904
3459 3965
2315 3570
2226 3198
1198 3958
2569 2893
219 3809
2328 2664
1154 2569
341 3606
2600 3702
427 2562
2925 3652
2442 3929
718 1894
2005 3689
1107 3062
3779 3879
161 3904
2597 2974
668 3743
1037 2562
2827 3972
3023 3988
1194 3536
66 2755
1894 1912
3213 3347
878 2228
1292 1399
1321 3027
3522 3662
1502 3896
2254 2792
2673 3653
1765 3246
2969 3162
3167 3703
2246 3661
23 3981
3324 3859
3335 3662
2359 3973
2920 3988
2664 3689
185 3904
2486 3238
3222 3580
2498 3364
540 3973
2200 3730
1107 3238
3305 3604
3443 3643
2597 3347
3679 3739
2405 3828
2176 2973
2485 3981
712 3791
1187 3810
777 3092
1606 2972
219 3283
1336 3779
2353 2723
2156 3409
2575 3753
2960 3124
169 3283
2951 3266
0 3164
2615 2620
3530 3536
2133 3703
2150 3178
2405 3879
3198 3720
1142 3374
2716 3477
1663 3530
703 2972
480 3062
1487 3606
1932 3925
2307 3010
3023 3661
3027 3144
3246 3679
907 1960
2300 2984
2097 3477
1824 3659
938 3086
2973 3681
1159 2673
3222 3359
1148 3652
1292 3604
1894 3782
2789 3782
2201 3429
1745 3169
2212 3664
2460 3809
2405 3872
23 3681
1401 3477
3339 3929
2693 3010
615 2944
673 3481
2672 3973
3859 3879
3713 3771
1711 2140
2289 3299
1812 3859
3183 3955
3183 3374
1509 3319
1734 2574
435 3753
2119 2447
996 3739
2973 3488
555 3681
1142 2909
1711 2226
2378 2454
2835 3713
673 2644
1166 3837
1238 2722
1753 2814
1562 2972
907 3389
3455 3606
1436 3713
2573 3027
2328 3222
1159 2774
3283 3809
1599 3904
3651 3662
9 2944
1171 1276
976 3753
2435 3988
2454 2960
640 3910
2178 2573
2431 2486
168 3589
1487 3791
3092 3810
848 2562
1286 1664
2664 3359
3659 3702
456 2398
3814 3981
2909 3417
1113 3689
1514 3580
794 3730
2028 3958
2366 3788
3126 3459
1179 3681
2037 2287
914 3148
341 2433
3169 3217
1166 2477
2132 3434
3488 3536
75 667
1913 3124
1046 3455
3222 3925
411 3773
1533 3910
181 3319
3643 3653
3213 3828
1104 3852
2140 3364
2141 2642
2909 3303
3406 3434
2029 3374
2043 3023
1436 3735
3269 3282
2307 3282
1725 3095
2581 3973
3189 3536
2944 3972
2607 3852
2378 3652
286 3220
637 3988
979 2897
2048 3662
2814 3816
815 3178
1932 3000
989 3095
470 3659
815 3953
3200 3830
3788 3791
850 3702
3217 3955
1287 3791
608 3982
1912 3782
2642 3896
3670 3953
1210 2140
673 3791
2615 3753
3810 3872
2353 3896
2477 3325
3175 3339
1046 3925
1210 3986
1063 3977
724 3222
2353 3977
867 3009
1604 3633
1828 3062
2756 3604
3417 3958
2678 3828
419 2882
2163 3570
45 66
2372 2756
3530 3558
3753 3779
938 2681
2043 2246
667 2960
1663 2348
2774 2931
1107 2905
2974 3261
419 3027
1960 2972
1476 1685
2315 2668
1241 3324
2756 3965
2664 3459
3010 3613
1891 3222
2037 3606
1521 3965
2232 3558
2925 3589
485 568
1845 3689
2043 3876
2076 2574
3713 3910
3122 3282
2306 3653
531 3681
2359 3175
1372 3859
2048 3095
2447 3217
1538 3558
1684 2681
540 3339
2385 2716
2506 3929
2246 3810
1060 2774
3325 3972
2289 2931
1919 3123
1790 3977
2960 3422
242 3611
848 3266
3198 3325
3254 3953
1521 3958
1907 3830
1476 3988
2005 2893
332 3816
518 3876
2452 2903
3122 3606
54 3735
1467 3828
2452 3641
2287 3481
2547 2972
638 3092
2119 3910
2378 2960
355 2228
2672 3816
2960 3196
3198 3953
1322 3415
2693 3862
1812 3611
728 3828
2228 3643
2827 3659
3558 3814
152 1745
2053 3782
181 3196
1599 3406
2359 3816
2624 3955
691 3896
3113 3325
1576 3955
531 825
2427 3364
2796 3972
1329 3148
2905 3227
3169 3730
3828 3879
2109 3876
0 3735
2178 2672
891 3643
2074 3305
3651 3753
766 3743
1265 3670
3422 3589
777 2681
1070 3613
1894 3283
938 1758
179 3580
2037 3791
2559 3720
649 3324
2792 3305
660 1738
1818 1960
2602 3703
641 1790
150 3299
2150 3972
3178 3972
613 1904
2504 3530
2800 3169
2459 3953
2187 2843
2348 3710
1806 2574
1436 2042
2644 3282
1725 3664
3261 3611
9 3982
829 3497
1085 2644
2547 2587
1210 3679
31 3771
2781 3735
3238 3896
691 3062
899 3707
989 3664
214 2178
1410 2076
427 3266
2386 2459
591 3199
1274 2076
2148 3227
3010 3681
3200 3213
3303 3955
2642 3238
2620 3086
1611 3929
3220 3246
850 3297
2624 3183
1210 3872
2506 2573
3613 3977
871 2756
273 2156
1033 3679
2178 3973
3647 3743
3830 3872
3589 3689
1088 1818
1457 3113
915 3953
891 1734
1135 3196
2246 3988
1094 3033
2063 3782
2497 3335
242 3647
1399 3788
349 3876
3175 3816
1321 3225
825 3164
1544 3225
2140 3679
3828 3830
615 3610
1166 3347
1327 3299
1845 3670
948 3977
1135 1509
774 3406
1142 2711
2563 2755
427 2882
3611 3730
1113 3641
2425 3852
3242 3702
3033 3703
1595 2176
3659 3953
1037 2882
2435 3661
692 2228
2141 3199
2600 2933
2228 3389
2827 3982
2972 3643
1790 1811
3536 3852
341 3481
1647 2615
3305 3459
1525 3522
1891 3925
2709 3753
3497 3536
3760 3830
3497 3710
2575 3972
20 3739
2716 3955
1033 2157
2307 3791
2398 3852
2986 3653
2581 3072
560 3613
3335 3664
3282 3570
2504 3558
871 3965
2100 3972
1369 3689
2315 3283
334 3606
1329 2693
2148 3530
3269 3876
2074 3611
914 2892
2307 3606
3303 3477
1027 2433
395 3580
2504 3189
1104 2063
1341 2201
3297 3604
411 3415
1509 3146
613 3973
6 3389
1402 3988
1509 3589
2133 3072
2791 3809
571 3123
680 3530
637 3852
3169 3955
2734 3124
2385 3611
953 2774
3124 3652
1211 3872
732 3455
603 3681
2893 3404
2477 3972
996 3364
1359 3434
1502 2486
1467 3879
571 3434
2434 3904
2212 2521
1226 3220
31 3481
1907 3213
2315 3023
2100 2577
2342 2674
1064 3713
31 3283
1316 3791
1828 1893
2563 3095
2294 3753
3213 3879
2109 3810
555 2485
3335 3633
2602 3072
2575 3148
1845 3641
850 3958
2512 3269
1606 2504
2933 3958
1226 3986
1812 2716
1805 2781
2512 2575
2678 3743
1763 3269
2521 3664
1839 3904
699 3814
2768 3830
2835 3010
794 3955
276 3707
3213 3872
56 3283
1999 3830
1060 3653
3113 3720
531 3488
3352 3958
2597 3735
355 3643
3148 3651
20 1210
1913 3422
1821 3773
1033 3604
1206 2931
1538 3488
1917 2925
1839 3123
3355 3977
2563 3662
2063 3771
854 2562
2353 3238
2827 3720
3088 3710
2307 2433
1999 3200
2398 3735
766 2710
2431 3409
379 3879
1576 3837
2372 3958
2477 3113
179 3359
2803 3679
2803 3986
3352 3965
2521 3633
774 3904
2791 3570
3124 3422
3558 3710
1527 2019
1834 3604
2119 3178
395 3925
3242 3297
2097 3183
1267 2972
1104 3530
2433 3481
70 1376
341 1027
3124 3196
1316 2644
3095 3576
638 3896
1211 1216
777 3086
169 3809
1104 1663
2734 3589
1544 3242
1241 3611
2032 2933
2722 3299
1824 3198
1051 3522
1359 3406
2435 3876
2843 2979
161 3199
2602 3522
1514 3434
2574 3481
302 1370
1316 3481
428 3536
2372 3352
3183 3859
1812 2447
1275 3196
1341 1765
1436 3910
3196 3589
2074 3352
2398 3713
2431 3986
2944 3982
579 3659
1453 3814
3730 3837
2073 3662
914 3753
1718 1738
2028 3459
2709 3703
3580 3771
2348 3088
2882 3266
2053 3809
2109 3023
2232 3743
31 3681
2892 3651
2893 3072
3225 3242
1508 3048
1752 2577
2774 3707
1714 3973
848 1879
512 3536
3611 3972
579 3325
2150 3953
1070 3735
901 3325
2042 3788
2736 3661
2933 3352
1690 3374
3702 3958
1610 2951
172 3788
2573 3973
311 3988
823 2452
3335 3429
3404 3484
2460 3782
1457 3972
1570 3760
2972 3986
2200 3837
219 3771
70 1365
500 3965
718 1836
3254 3497
608 3198
2289 3707
3497 3852
1516 3477
615 3982
1516 2607
3347 3730
2954 3146
2569 2581
327 3981
641 2642
1795 3144
1721 3611
1094 3703
2030 2575
2425 2504
1449 2547
1329 2030
1194 3497
2400 3164
1685 2254
31 3782
1372 3679
3072 3406
2512 2920
2433 3122
624 3872
396 3633
615 3325
3220 3364
1893 3652
948 3896
3297 3354
959 2800
1369 3641
3162 3269
774 1805
2602 3773
854 3477
703 3389
2043 3988
3659 3972
456 2903
332 2042
3743 3859
2984 3488
3113 3178
923 3242
2497 3324
276 3653
2201 2755
0 3261
1306 2931
624 3879
2796 3982
777 3266
2794 3175
1402 2109
836 1818
1798 3225
3261 3735
2030 3189
2187 3730
3126 3242
169 3782
222 3335
204 3779
2954 3196
2972 3443
3095 3633
2120 3126
2427 3986
1201 2562
273 3862
2201 2497
396 3664
1135 3652
3000 3254
2944 3720
899 1327
1805 3788
2954 3422
2163 3782
1411 3872
1839 2132
728 1819
1834 2246
1904 2019
3828 3872
963 1521
1745 3982
1763 3876
1002 3113
2427 3220
2109 3988
915 3972
640 3788
2893 2897
3095 3662
1595 3953
9 3972
2460 3771
276 2245
1606 3852
150 2794
1449 1811
3359 3925
1855 3809
3319 3652
67 3606
1187 3661
1684 2882
3092 3266
3364 3986
1891 2664
2306 2711
1839 2141
2931 3299
2212 3576
3611 3647
579 3972
2577 3982
1640 1647
2366 3910
2920 3876
3144 3929
2053 2789
3779 3830
412 3703
3169 3611
2562 3092
613 3929
2187 3415
1287 3589
1142 3837
1122 3522
3814 3953
359 3720
1555 2814
2723 3896
1718 3641
2442 3973
922 3355
2933 3702
1265 3988
780 3122
728 3779
1424 3739
2723 3977
1677 3048
2951 3389
1399 1752
1317 3364
3222 3641
668 3530
1457 2944
3026 3652
3123 3406
1516 1663
2768 3200
766 3647
3242 3604
3760 3872
2353 3610
3359 3455
168 3972
570 3982
2019 3929
2711 3653
3282 3481
638 3086
431 3092
1684 3266
2032 2792
2903 3735
560 3484
185 3406
2452 3910
435 3862
624 3828
2716 3169
2122 3904
3352 3702
2974 3788
255 2951
1321 3522
1317 3986
1831 3352
2979 3710
2029 3324
2043 3269
0 2974
1179 3010
2581 2893
3760 3879
2246 3876
2960 3589
2668 3662
2150 3325
3220 3254
3088 3497
2734 3652
2678 3760
1738 1845
2372 3702
1368 3713
2385 2800
2512 3661
794 1721
1046 3641
1831 2933
2559 3325
3459 3958
926 3662
2905 3896
1663 3536
1917 3146
3305 3965
953 3707
456 3261
660 3689
328 2925
1818 3092
1855 3570
1894 2664
2559 3972
3779 3872
1516 3558
349 3810
3730 3955
2716 3611
435 2893
3481 3606
2289 2673
692 3643
3611 3837
2575 3862
959 3837
3771 3809
1289 3009
3929 3973
3246 3986
2803 3739
1064 3305
3809 3814
3254 3558
848 3086
3178 3670
1599 3434
3335 3522
1972 2137
836 3048
2300 2973
2005 3703
2794 3027
3580 3689
2454 3589
1467 3760
1631 3000
2716 2897
1758 3347
1718 3580
3455 3925
703 3872
2385 2897
1198 1834
327 3488
1745 1824
3610 3958
3023 3229
2673 3707
1116 3814
908 2600
2920 3661
1912 2460
2843 3189
3339 3973
2299 2573
1098 2062
1452 2814
56 1836
3730 3743
3558 3852
1085 3791
2454 2954
905 3988
2668 3771
2664 3222
3872 3879
3653 3859
2431 3739
1960 3443
2431 3000
2521 3662
2063 3570
2799 3816
1665 3434
1113 3925
3144 3973
366 3773
3305 3610
1163 1226
3246 3409
1576 2624
2774 3653
1999 3879
3481 3791
732 2573
286 3364
66 3429
2521 3522
732 1369
923 3958
2425 3530
3415 3955
2590 3354
1604 2931
2969 3876
3429 3664
1576 3743
1879 3086
24 3981
2954 3124
680 3227
1063 3720
3095 3335
411 3904
878 1555
1640 3254
3303 3355
2602 2709
854 3730
2781 3788
2029 3837
3169 3859
2019 3973
1166 3859
923 3352
1664 3481
1085 2037
718 3782
938 1336
1341 2497
1752 1891
3576 3662
1610 3389
2459 3222
680 2979
2697 3739
1912 3570
1316 3282
676 2799
2574 3009
3415 3477
2163 2668
2019 3027
311 3162
572 3643
302 1684
1763 3162
137 3610
905 3354
332 2799
152 3720
1645 3852
2220 3643
2973 2984
1562 1960
1424 3707
24 3010
2477 2803
1322 3324
2693 3773
1763 3023
480 3481
2799 3144
1276 1806
179 1046
3347 3415
1917 3652
2711 2931
3522 3664
3319 3589
766 3374
1001 3925
2028 2074
2299 3929
1516 2425
555 2459
531 3981
1831 3958
3459 3610
2477 3670
2711 2986
867 1085
2378 3196
1336 3092
0 1861
2 89
6 3894
9 3732
20 2651
23 2421
24 3764
26 177
31 2134
36 3288
45 3279
54 3994
56 3905
66 2707
67 2661
70 1230
75 1775
95 3516
118 3252
120 3154
137 2611
150 3853
152 3586
161 3915
168 3994
169 2167
172 3423
179 3920
181 2330
185 469
204 2288
214 3475
219 1643
222 3857
225 3692
241 3868
242 2104
249 3041
255 3156
273 3441
276 3880
286 3877
288 1374
298 2912
302 1852
311 3082
47 316
191 326
327 3979
328 3754
332 3426
334 378
341 3366
349 2948
355 3378
356 3566
359 3539
366 2258
370 3298
379 3247
391 3595
395 3764
396 626
400 3979
410 2470
411 1963
412 3764
419 2373
427 3967
428 2443
125 431
432 3021
435 1519
456 3656
5 459
470 2725
480 3466
485 3607
500 2384
508 1029
512 1338
518 3845
531 3645
540 3288
555 2948
560 1441
564 1397
568 3860
570 3906
571 3815
572 2129
579 1445
591 2890
600 2988
603 2941
607 3836
606 608
613 3295
615 3546
624 3573
637 3934
638 764
640 3873
641 3556
649 3903
660 2440
667 3978
668 2626
673 3549
676 2934
680 1082
681 3974
691 3464
692 3949
699 3469
703 1975
712 2633
718 2507
724 3516
728 2519
732 3594
748 3071
766 2610
774 3240
777 3897
780 3892
783 3412
794 3966
815 3500
816 3913
823 3811
825 961
827 3607
829 3202
836 3895
840 920
848 3826
850 3945
854 3511
871 3838
878 1737
891 2543
896 3881
899 1789
901 3975
905 3948
906 2195
907 3682
908 3186
914 2749
915 3901
922 2845
923 3019
926 3391
938 3985
948 3161
953 3066
130 959
714 960
963 2004
976 2646
979 3379
989 2448
996 3800
1001 1131
768 1002
1006 2611
1027 2965
1033 2318
1037 3386
1051 3583
108 1060
1062 3535
1063 3221
1064 2514
1070 3928
1085 3654
1088 2578
1094 3276
1098 1484
1104 3013
1107 3663
1113 3869
1116 2293
1122 3267
1126 3976
1135 3848
1059 1142
1148 2324
1154 3012
1159 3712
1016 1163
1166 3252
477 1171
1179 2365
1187 3635
1194 2764
1198 3568
1201 2963
1206 2818
1210 3877
1211 3913
1216 3752
1226 3296
399 1238
1241 3383
1245 2943
1264 2288
1265 2250
1267 3840
1274 3718
1275 3559
1276 3838
1286 3930
1284 1287
1289 3400
1292 2470
1306 2641
1316 2853
64 1317
1319 1548
1321 1374
1255 1322
1325 3748
1327 3155
1329 3361
1336 3733
1341 2636
1359 3724
1365 3646
700 1368
1369 3786
1370 3756
1372 1400
1376 3535
1379 3695
415 1399
1401 2965
1402 3750
1410 1782
1411 3883
543 1424
1436 2174
1449 3593
803 1452
1453 3738
1457 3712
859 1467
174 1476
1483 3096
170 1487
1502 3803
1508 3865
1509 3532
1514 1870
1516 2929
1521 3602
1525 2511
1527 3367
1533 1537
747 1538
1544 3877
1555 3479
1562 3532
1567 3418
1570 3379
1576 3150
1590 2839
1595 3149
1599 3671
1604 3847
1606 3747
1610 3936
1611 2322
1631 3922
1640 3028
1645 2885
1647 2357
1663 1666
1664 2801
1665 3895
1677 2437
1684 3860
1685 2325
1690 3991
1711 3979
1714 3329
1718 3759
1721 2911
1084 1725
1729 3650
1734 3582
1738 2994
1745 3499
1752 2863
1753 3527
1758 2816
1763 2870
1765 3569
3 1768
1790 2327
1785 1792
1795 1803
1798 2633
138 1800
1615 1805
1806 3239
1811 2994
1812 3741
1818 3992
1819 3975
1821 3764
1824 3666
1828 3573
1035 1831
1834 3418
1720 1836
1839 3776
1845 2962
1855 2417
1877 1935
1879 2797
1891 3605
885 1893
1894 2545
1904 3515
1907 3035
77 1912
1913 3456
1917 2671
1704 1919
1103 1932
1960 2732
1972 2516
729 1999
2005 2901
2019 3945
2028 3511
2029 3514
2030 3619
2032 3037
1990 2037
1644 2042
1337 2043
2048 3695
2051 3968
2053 3878
2062 3176
2063 3768
2073 2555
2074 3619
2016 2076
2082 3315
2092 3787
2097 2104
2100 3881
2109 2112
2119 3742
2120 3587
2122 3271
2132 3285
2133 2617
1209 2137
2140 3883
860 2141
2144 3894
2148 2643
2150 2444
940 2156
2157 3079
2163 2383
2176 3574
1005 2178
506 2180
2187 2252
2200 2612
2201 3991
1114 2212
2220 3492
2226 3286
935 2228
2232 3112
2245 3898
1277 2246
2254 3244
2287 3256
2289 3733
2294 3928
2299 3555
2288 2300
2306 3119
488 2307
2315 3718
2328 3637
2021 2342
2348 3492
2353 3500
2359 3866
2366 3295
1747 2372
2185 2378
831 2385
2386 3783
2398 3649
2362 2400
2405 3671
2425 3875
2427 3682
2431 3057
2433 3448
127 2434
2435 3835
1820 2442
2447 3338
2452 3976
2454 3015
2459 3978
187 2460
2477 3247
2485 3966
1994 2486
2497 2518
2498 3571
2504 3822
2506 3776
2456 2512
2521 3063
2126 2547
1009 2559
2562 3817
2495 2563
2569 3290
2573 3987
2574 3073
918 2575
2576 3969
1511 2577
2581 2991
627 2587
930 2590
2596 3233
2597 2813
2600 3554
2602 2605
1982 2607
2615 3755
2620 3151
2624 3674
2642 3515
2644 3588
2664 3868
2668 3923
2672 3236
1633 2673
2674 3877
2584 2678
2681 3119
2693 3985
2277 2697
2701 2709
2710 3503
2357 2711
2282 2716
2722 3861
2723 3794
2734 3179
2027 2736
2755 3880
2756 3437
2768 3259
2774 3870
2781 3469
2789 3567
2791 3362
2770 2792
2591 2794
2448 2796
2738 2799
1563 2800
2259 2803
2814 2965
2741 2827
1969 2835
183 2843
2692 2882
2687 2892
2893 2899
2897 3960
2903 3327
2175 2905
2909 3746
2920 3930
2925 3161
2067 2931
2090 2933
2944 3705
2951 3975
1649 2954
1541 2960
2969 3840
2972 3842
2973 3796
2004 2974
2979 3575
2984 3309
2986 3962
2945 3000
3009 3795
3010 3678
3023 3945
436 3026
2889 3027
3033 3400
3048 3968
3062 3636
1581 3072
786 3086
616 3088
3044 3092
3095 3639
2421 3113
364 3122
3123 3939
2014 3124
3126 3515
3144 3311
2352 3146
2093 3148
2364 3162
1528 3164
3167 3505
515 3169
3142 3175
2252 3178
3183 3719
2793 3189
2824 3196
3198 3590
2890 3199
3060 3200
2775 3213
611 3217
3218 3230
1956 3220
803 3222
2952 3225
2828 3227
1817 3229
2324 3238
3242 3251
96 3246
2911 3254
3261 3453
1390 3266
3268 3269
1769 3282
3283 3546
3297 3894
3299 3566
3303 3860
2696 3305
1550 3319
72 3324
3325 3333
3335 3474
3332 3339
3334 3347
754 3352
3354 3619
530 3355
2853 3359
3344 3364
3374 3931
2020 3389
167 3404
2519 3406
2481 3409
220 3415
1132 3417
3422 3638
1853 3429
2890 3434
3443 3804
347 3455
1970 3459
892 3477
148 3481
3327 3484
3393 3488
1367 3497
767 3522
3247 3530
1158 3536
3558 3942
2090 3570
3327 3576
2682 3580
2568 3589
2653 3604
3605 3606
3610 3854
2971 3611
3057 3613
3633 3915
1693 3641
920 3643
1668 3647
351 3651
3418 3652
3385 3653
3468 3659
1656 3661
3662 3822
1991 3664
3408 3670
729 3679
2450 3681
3318 3689
3608 3702
2653 3703
3696 3707
3710 3993
3560 3713
3408 3720
3071 3730
3043 3735
2276 3739
1797 3743
2382 3753
646 3760
3561 3771
3773 3963
3779 3799
2864 3782
3788 3839
3516 3791
1011 3809
3810 3840
3063 3814
941 3816
3119 3828
2603 3830
2483 3837
3852 3891
3338 3859
3626 3862
3775 3872
3034 3876
433 3879
890 3896
1529 3904
3836 3910
1601 3925
1222 3929
3149 3953
2793 3955
3747 3958
3560 3965
3972 3978
3973 3990
3452 3977
3793 3981
1625 3982
3431 3986
211 3988
2 2291
6 1537
20 3579
23 3462
24 2481
26 3284
36 3785
45 696
54 1608
56 2115
66 2003
67 3270
70 3508
95 3064
118 2880
120 3742
152 3868
161 3992
168 3230
172 3557
179 2419
181 2712
185 2890
204 3328
214 3836
222 3316
225 3642
241 3890
249 404
255 704
273 3435
276 3483
286 3851
288 3616
298 3834
311 2069
316 2321
327 1020
328 3603
334 3776
349 2594
355 3846
356 3427
366 3423
370 3666
379 3920
395 3976
396 3956
400 1678
410 3245
411 3818
419 3941
427 3680
428 2259
431 2801
435 3736
456 1565
459 1794
470 3790
500 3648
508 3495
512 1463
518 2859
531 3897
540 3783
568 3366
571 3914
572 3582
579 2757
591 3317
121 600
283 607
608 3802
615 3616
637 2410
638 3762
640 3877
641 3271
649 3900
660 2989
667 3893
668 3621
673 3968
676 2821
680 3410
681 2095
691 3968
442 692
699 3002
712 3263
718 3678
724 2742
728 3338
748 1866
766 1342
774 3569
780 3663
783 3954
816 3974
823 3842
825 2764
827 3802
829 1418
836 2160
840 3142
848 2295
871 3974
878 3964
891 1440
896 2389
899 2114
901 3221
905 2529
906 3052
907 3899
908 3942
914 3921
915 3684
922 3076
923 2522
926 1634
938 2626
948 3895
959 3278
960 2027
976 3328
979 3307
989 3110
310 996
1002 3705
1006 3458
1037 2655
1051 3869
1060 3894
479 1062
1063 2980
1064 1959
1085 3796
1094 3891
1098 1547
1104 3853
1107 3967
1113 3756
1116 3944
1122 3029
1126 3897
1135 3857
1142 3358
1148 2317
1154 3939
1159 1974
1163 3111
1166 2708
1171 3306
1187 2638
1194 3903
1198 3855
1201 3172
1206 3829
1210 2904
1211 3824
1216 3061
1226 3932
1238 1945
1241 3154
1245 3726
1264 1953
1265 3937
1267 2833
1274 3466
1275 3056
1276 2817
1286 3778
1287 1723
1289 3975
1292 1390
1306 3772
1316 3886
1319 1875
1322 2557
1325 3861
1327 2712
1307 1329
1336 3156
1359 3001
1368 3545
1369 3866
1370 3263
1379 2055
1399 3683
1401 3912
929 1402
1410 1715
1411 2379
1424 2661
1436 3231
1449 3763
1452 3933
1453 3573
1457 1594
1467 3799
1476 3890
1483 3627
1487 1491
1502 3812
1508 1791
1509 1868
1514 3808
1521 3770
1525 3722
1527 3450
1533 3701
1538 3281
1544 2034
1555 2391
1562 1754
1567 3930
1570 3111
1576 3328
1590 2136
1595 3936
1599 3658
1604 3365
1610 2629
1040 1611
1631 3680
1640 2234
1645 3515
1647 3490
1039 1663
1664 3215
1665 3858
1677 3142
1684 3892
1685 3804
1500 1690
1711 3855
1714 3582
1718 3441
1721 3503
1725 3686
1729 3754
1734 3608
1738 2305
1745 3705
1752 3864
313 1753
1758 2523
1759 1763
1765 3927
1768 3880
1790 3428
1792 3397
1795 2592
1798 2982
1800 3983
592 1805
1806 2833
1811 3913
1812 3395
1819 3214
1821 3976
1824 3017
1828 3756
1831 3445
1834 3887
1356 1836
101 1839
1855 3836
1195 1877
1879 2059
1891 2253
1175 1893
1894 3438
759 1904
1907 3740
1851 1912
1913 3954
1917 3165
1919 3449
1932 3520
1960 3579
1972 3408
1999 3555
2005 3706
2019 2965
2028 3678
2029 3706
2030 3915
2032 2935
2037 2437
1240 2042
2043 2598
2048 3715
2051 2993
2053 3998
2062 3848
2063 2450
2073 3882
2074 3907
2076 2638
2082 3835
2092 3465
2097 2631
2100 3907
2109 2129
2119 3552
2120 2849
2122 2923
1560 2132
2133 3616
2137 3705
2140 3554
2141 3824
2144 3990
2148 2598
2150 3751
2156 2769
2157 3867
2163 2743
2176 3191
2178 3675
1676 2180
2187 3884
2200 3847
2201 2572
1666 2212
215 2220
2226 3705
2228 3155
2232 3800
2245 3926
2246 3156
2254 3952
2287 3886
1161 2289
2294 3792
2299 3723
1128 2300
2306 2964
2307 3886
2315 3969
2328 3089
2342 3979
2348 3901
2359 3596
2366 3108
2372 2470
1395 2378
2385 3676
1980 2386
2398 3413
2400 3014
545 2405
2425 3252
2017 2427
2431 3054
2433 3886
2434 3997
2435 3847
2442 3949
2447 2744
2452 3768
2087 2454
2459 3858
2460 3007
2485 3974
2486 3334
2497 3874
2498 3877
1488 2504
136 2506
2208 2512
2521 3877
2408 2547
2559 2936
2562 2728
2563 3766
2569 3385
2572 2573
2574 3618
2575 3893
2576 3853
2577 3538
2581 3059
2587 3272
2590 3980
2596 3321
1873 2597
2600 3902
2602 3813
2607 3914
2615 3398
2620 3804
2624 3691
1968 2642
2644 3886
980 2664
2668 2820
2672 2684
2673 3729
913 2674
2678 3529
2681 3696
977 2697
2709 2901
1654 2710
2711 3515
2722 3579
2723 3380
2734 3461
2736 3914
1751 2755
2209 2756
2768 3386
2774 3838
2781 3946
2789 3979
1598 2791
2792 3267
2794 3808
2796 3365
2216 2799
2800 2802
2803 3976
2814 2864
2827 3979
2835 3478
2843 3711
2882 3121
2892 3141
2893 3884
2897 3044
2903 3975
2905 3041
2909 2916
378 2920
1936 2925
2931 3609
2933 3721
1600 2944
2111 2951
1621 2954
2960 3765
2752 2969
2972 3607
2691 2973
2974 3886
2979 3680
2984 3806
2986 3375
3000 3781
2522 3009
3010 3951
3012 3023
2643 3026
3017 3027
2901 3033
3048 3818
3062 3959
2776 3072
3086 3413
3088 3909
1923 3092
3095 3711
3113 3191
1658 3122
3123 3849
3124 3483
3017 3126
1155 3144
602 3146
3116 3148
3162 3608
3164 3416
2221 3167
3169 3249
3175 3875
752 3178
1304 3183
3189 3243
2298 3196
3198 3811
1015 3199
3191 3200
2335 3213
3217 3931
2426 3218
1943 3220
1247 3222
1165 3225
3219 3227
2083 3229
3238 3990
1597 3242
2860 3246
3254 3547
3261 3308
2259 3266
2583 3269
3282 3533
2817 3283
3297 3761
2338 3299
2409 3303
3250 3305
3319 3432
3324 3731
1671 3325
3335 3800
3034 3339
1804 3347
3352 3513
3286 3354
3355 3968
3359 3732
3364 3877
3374 3476
3389 3538
2594 3404
3406 3745
3188 3409
3338 3415
1192 3417
3422 3435
2304 3429
3434 3762
3443 3893
3455 3921
3459 3555
1490 3477
1703 3481
3484 3728
3488 3503
2311 3497
1461 3522
3530 3738
3194 3536
1357 3558
2381 3570
3576 3966
3580 3729
2007 3589
3604 3905
2935 3606
3610 3950
3193 3611
3613 3881
3034 3633
3641 3806
3257 3643
2911 3647
2186 3651
1639 3652
2462 3653
3075 3659
3661 3854
3662 3960
3664 3801
3655 3670
2919 3679
3681 3914
3560 3689
3067 3702
2901 3703
3119 3707
2478 3710
3203 3713
3720 3934
3730 3736
3732 3735
3739 3877
1221 3743
3716 3753
3073 3760
3771 3891
2528 3773
3779 3976
2962 3782
2214 3788
3791 3886
3765 3809
1446 3810
3814 3911
2654 3816
3403 3828
2997 3830
3403 3837
2828 3852
1260 3859
822 3862
260 3872
2962 3876
2184 3879
3886 3896
1852 3904
3476 3910
3024 3925
3094 3929
1586 3953
3742 3955
1362 3958
3800 3965
2623 3972
3971 3973
3331 3977
3397 3981
3982 3993
3445 3986
3908 3988
6 3748
26 3601
36 3841
66 2623
95 3738
118 3960
161 2535
181 3444
185 3978
204 3235
222 3777
225 3877
241 3264
286 3180
298 3450
327 3902
370 2033
428 3996
431 1603
456 3849
459 2555
470 3106
540 3945
568 3968
572 2392
579 2923
591 1486
600 1837
638 3963
640 2630
641 3011
649 3603
667 2970
668 3688
676 2887
691 3313
692 3399
718 3371
724 3913
780 3699
783 3978
816 3881
823 3930
827 1961
829 3020
836 2631
840 3800
901 3436
908 2406
914 3657
922 2112
926 3951
948 3608
976 3698
979 1723
1002 2726
1051 3642
1060 3727
1064 3569
1085 3682
1107 3008
1116 3946
1122 2561
1126 3120
1148 2921
1154 2836
1171 3142
1194 3936
1198 2748
1201 3430
1210 3866
1241 2852
1258 1264
1265 2415
1274 1337
1286 2647
1287 3247
1306 3444
1316 3794
1319 3508
1325 2556
916 1327
1359 3279
1369 3399
1370 3927
1399 3856
1401 3591
1402 3783
1411 2003
1449 3140
1452 3537
1453 2904
1457 3725
1467 3442
1483 3817
1487 3886
1502 3789
1508 3874
1509 3479
1521 2922
1525 3959
1527 3511
1533 3848
1538 2828
1562 3061
1567 3573
1595 3871
1599 3454
1611 3808
1631 2868
1640 3614
1664 3584
1665 3271
1677 3521
1685 3815
1690 3165
1711 3959
1725 3931
1734 3946
1745 3408
1752 3802
1753 3540
1763 3882
1768 2383
1790 3819
1792 3631
1795 3253
1798 3677
1800 3645
1805 3850
1811 3421
1812 3732
1819 3135
1821 3525
1824 3801
1831 2769
1834 3248
1836 3957
1855 3731
1877 3336
1723 1891
1893 3298
1894 2742
1904 3975
1912 3541
1917 2656
1919 1947
1932 1979
1999 3877
2005 3817
2019 2586
2028 3851
2030 2173
2032 3908
2037 3886
1788 2043
1032 2048
2051 3985
2053 3408
2062 3458
202 2063
2074 3875
2076 3706
2082 3709
2097 3258
2100 3408
2109 2998
2119 3959
2120 2952
2122 3182
2132 3001
1585 2133
2137 3556
2140 3787
2141 3327
2144 3042
2150 3777
2157 3293
2163 3599
2176 3961
2178 3439
1898 2180
2200 3790
2212 3943
2220 3555
889 2226
2228 3329
2232 3145
2246 2495
2289 3109
482 2294
2299 3257
2300 3573
2306 2977
2307 2392
1386 2342
2359 3800
2366 3980
2372 3983
1730 2378
2376 2385
2386 3628
2398 3508
1719 2400
2405 3514
2427 2728
2431 3968
2433 3590
1366 2434
2442 3149
2454 3249
2485 3949
2486 3780
2498 3801
1807 2504
2506 2847
2512 2613
2521 2906
2559 3763
2562 2614
2563 3161
1419 2573
2105 2574
2575 3894
2576 3871
1750 2577
2587 2834
2590 3492
2596 3995
2597 3749
2600 3562
2602 3937
2607 3267
2620 3994
2642 3766
2644 3428
2664 3414
2668 3370
2672 3375
1670 2673
2674 3726
2681 3848
2697 3616
2709 3400
2710 3540
2711 3701
722 2722
2723 3405
2734 3948
2736 2888
2755 3525
2296 2756
1140 2768
2774 3819
2781 3656
2789 2795
2791 3909
2792 3489
2794 3045
2795 2796
2799 3050
2643 2803
1566 2814
2827 3980
2835 3789
1090 2843
2882 3849
2892 3722
2081 2897
2903 3594
2905 3868
2909 3333
2925 3736
2931 3360
1429 2933
471 2944
2951 3121
2954 3543
1837 2969
2972 3142
2747 2973
2974 3105
2979 3824
566 2984
2986 2992
3009 3701
3010 3823
3023 3831
3026 3676
1820 3027
3033 3494
3048 3993
3062 3614
3072 3802
3086 3835
3088 3768
3092 3672
1666 3095
3113 3903
3122 3456
138 3123
2022 3124
3126 3598
3146 3268
1280 3148
2784 3164
2956 3167
3169 3777
3175 3861
3178 3918
2730 3183
2937 3189
2926 3196
2236 3198
3199 3960
3200 3209
3208 3213
3217 3727
3218 3994
3220 3820
3216 3222
3225 3348
1776 3227
3229 3675
3238 3873
3063 3242
1938 3246
3254 3358
3053 3261
3266 3274
2928 3269
3282 3874
3283 3547
3297 3298
3299 3940
3303 3772
3249 3305
2727 3319
251 3324
2094 3325
2769 3335
2423 3339
870 3347
2456 3352
3318 3354
3355 3507
3003 3359
3353 3364
2763 3374
3326 3389
3404 3960
3406 3902
2651 3409
1331 3415
3417 3831
3294 3422
3429 3882
290 3434
3443 3899
3452 3455
2402 3459
2588 3477
3481 3886
2901 3484
3488 3573
3383 3497
1388 3522
3530 3565
3257 3536
3558 3691
3570 3694
3576 3912
3568 3580
3053 3589
3219 3604
3606 3741
3610 3919
1461 3611
3594 3613
2594 3633
2166 3641
3393 3643
3592 3647
3651 3933
2808 3652
1650 3653
3644 3659
3661 3905
3500 3662
3664 3947
2623 3670
3679 3877
3573 3681
3689 3699
3460 3702
3703 3960
546 3707
3710 3877
3514 3713
3578 3720
2469 3730
3735 3752
2769 3739
3018 3743
406 3753
3326 3760
3771 3776
918 3773
701 3779
3782 3935
1501 3788
778 3791
3809 3966
3810 3832
3814 3866
3816 3932
3503 3828
1872 3830
3836 3837
2968 3852
3859 3884
942 3862
2926 3872
2997 3876
2603 3879
3715 3896
1145 3904
3797 3910
3922 3925
3929 3936
3408 3953
3955 3962
3801 3958
2763 3965
3191 3972
3600 3973
491 3977
3573 3981
3619 3982
3714 3986
2364 3988
428 3756
780 3880
816 3348
901 3001
1319 3173
1567 3629
1419 1611
1640 3486
1665 3128
1745 3768
1831 3686
1891 3951
1932 3941
2019 3996
2037 3745
2062 3137
2063 3933
2097 2870
2141 3392
2144 3919
2232 3396
2294 3486
2359 3754
2366 3805
2385 3723
2386 3815
2373 2405
2427 3905
2433 2546
2442 3933
1281 2485
2498 3962
2559 3395
2573 2813
2575 3688
2576 3475
2577 3509
2587 2883
2597 3117
2600 3772
2602 3654
2697 3922
2710 3827
2722 3564
2736 2923
2756 3956
2791 3510
2799 3090
2320 2827
2843 3657
2882 3680
2546 2892
2925 2990
2616 2944
2972 3006
2883 2973
2984 3195
2501 3023
3026 3668
3048 3801
3062 3555
3088 3489
3123 3399
3124 3740
3126 3690
3146 3947
3164 3593
3167 3543
2420 3175
3183 3565
2879 3196
3200 3602
3201 3213
3218 3412
3246 3877
3261 3888
3136 3269
3195 3282
3297 3363
3305 3658
3324 3971
3335 3599
3354 3755
3355 3919
2426 3359
3364 3871
3374 3951
3404 3799
3406 3523
3409 3877
3415 3934
3045 3417
3434 3759
3455 3870
3459 3464
3477 3835
3484 3812
3488 3889
3253 3536
3570 3963
2739 3576
3127 3580
3604 3990
3588 3606
3610 3990
3633 3683
3642 3643
3403 3647
3077 3651
3652 3705
2831 3653
3550 3659
2364 3661
3504 3662
3554 3664
3665 3679
339 3681
3702 3718
1574 3707
3713 3808
3718 3735
3738 3739
3716 3771
3207 3773
3635 3791
3755 3810
3573 3814
2941 3816
1945 3828
3688 3830
3837 3856
3496 3872
2364 3876
3688 3879
1963 3904
2918 3925
1566 3929
3645 3953
3304 3955
3219 3965
3948 3972
3977 3999
344 3981
3971 3982
2651 3986
2840 3988
2001 2984
3123 3840
1902 3200
3354 3916
3417 3989
3610 3668
3212 3633
3651 3913
3681 3705
3707 3882
3814 3980
1905 3929
3907 3953
3338 3955
2360 3965
