2433 2644 1027 1286 2307 480 1316 508 67 783 1590 681 3606 3791 1487 2037 3481 3122 341 1098 3282 712 2062 1085 673 2287 1664 
908 1544 3126 1819 3354 905 871 2074 923 946 1521 3965 1798 3352 2590 3225 3305 2952 3958 3604 3459 3417 2028 410 2032 120 2600 1834 3610 2254 3219 3297 3242 1292 2209 2372 3702 2792 2360 141 850 2933 2756 2120 1198 1223 963 
1107 459 3238 1790 288 2547 2723 1792 3062 3977 641 500 1365 2905 691 75 3896 1449 948 2353 2486 3355 827 2642 1502 1811 922 
3576 2073 2497 113 396 2755 1725 45 3429 66 3633 3335 926 607 1341 2563 3662 1321 3095 2212 2201 2521 3664 2048 989 
214 1319 2294 2092 2693 3651 2892 1782 2615 3522 3753 918 1410 2030 1548 406 914 3773 1525 3148 233 2709 482 2575 1329 1758 241 3218 1051 1821 3862 1647 432 1122 366 1274 435 2076 273 
3809 2460 2053 1855 1912 718 56 3283 906 2315 1894 202 3570 2789 1836 3782 2163 2063 31 169 219 2668 
3415 3837 1576 1690 2200 2909 2716 794 1241 3743 2897 3955 3169 3477 3647 1721 2800 3859 2624 3730 854 1812 3347 1322 649 3183 3217 1166 766 2029 1331 2447 242 2187 3611 3338 1142 3324 3374 2097 979 959 
3246 225 1765 1372 3739 2431 2674 2803 2498 2157 3986 1210 1317 96 3409 2342 1226 20 996 2427 3679 1033 2140 249 3220 2156 286 1163 3364 
2246 518 1685 3810 1763 1753 3876 3661 3269 26 2435 3988 137 2109 3229 2043 1476 1402 2969 2512 3162 311 349 637 3023 1187 960 2920 
555 767 425 1116 1179 531 95 2300 3010 2973 570 603 24 339 23 327 1567 1453 2001 699 
344 2984 3488 3681 2485 3814 3981 
1538 3000 512 2348 428 1606 600 2 1631 2843 2979 1104 3852 1516 2148 1194 829 668 680 3497 3558 3710 2828 3254 1645 1663 2232 3088 2425 3536 3227 3530 2607 3189 2504 
1327 3653 1604 899 2711 1424 3299 2245 276 1206 2722 150 1060 2931 2289 2306 2774 2986 953 1306 2673 1159 3707 1238 
815 3113 608 3659 359 2827 2559 3720 470 3198 2796 1063 3953 915 2137 2477 3972 579 1595 1325 3325 2944 2459 9 1457 1745 1002 1972 2596 152 2150 615 2176 3178 1824 1379 3670 3982 2100 2226 
2452 3164 3788 2042 2835 2051 2781 3735 2974 0 640 2214 54 2597 2398 2400 456 1805 172 825 2366 3910 3261 3713 823 3613 1070 2903 2144 1533 1368 1436 560 
1828 1287 2954 1148 3589 3319 2960 1913 3652 36 3146 1216 400 1917 3422 181 1275 2378 328 3124 3196 2925 168 2454 1135 1893 1509 2734 
3828 3879 3779 3872 3830 3760 
179 1001 2328 1845 1062 732 391 1738 2664 3580 1006 3359 395 334 1718 1369 1046 3641 1113 3222 3925 724 1891 118 3689 660 3455 298 
1684 427 1879 2587 777 1201 938 2681 848 1336 3266 2882 3086 3092 1037 2562 638 302 431 
2228 703 920 3009 1806 1267 1818 878 1677 2576 255 1276 3048 891 2972 1960 1508 3443 836 1171 840 2574 1088 1376 1932 2951 3643 355 2220 1289 3389 572 907 1610 1734 70 692 1562 867 
3891 2683 2266 1655 2461 2484 3887 3771 3502 164 1014 2801 393 2696 2876 761 1504 973 3818 2374 3030 764 3515 3180 309 1706 1050 1862 1351 877 1557 117 3776 3525 81 3770 1407 3832 
2122 469 1963 1264 3001 161 1839 2132 185 3123 774 2890 1599 138 1665 1514 1768 411 2141 1919 3904 3199 3406 901 127 1359 1800 290 591 896 571 2434 3434 
2799 419 676 3816 2178 1904 1611 3929 613 1245 1527 1555 568 2299 2794 1714 1211 2814 3144 1729 3027 1877 2573 3973 2019 2506 540 1419 485 1820 2442 748 3339 2672 3175 2359 2180 332 
489 245 2921 1139 2208 1013 1397 1401 3649 1621 3395 3718 2724 1 2936 350 3163 1617 3623 2507 2985 1249 3763 3367 898 1218 3098 3160 1613 2288 422 3709 3591 2116 2915 
3490 2851 72 1230 3110 1519 2710 3732 2412 3568 2259 3363 1383 3503 1654 244 3128 2279 1559 
2002 3676 1242 1361 250 1451 3989 1234 3249 2643 831 3408 230 2902 2941 1032 3058 3045 3384 1551 3527 2766 2213 2385 1388 576 3433 2077 2866 3931 2415 1701 1415 1619 1903 436 1895 3432 3460 727 3026 2258 1744 1596 1498 2686 
2678 728 356 204 1467 624 2082 379 2405 2603 2768 1999 3200 3213 564 1570 1411 1907 
316 2901 2005 326 3404 3167 2602 3703 412 2893 3484 1154 2569 3072 3033 1094 2133 2581 
1568 375 2170 2646 2785 2356 2165 2660 1227 3304 2961 2476 3511 976 1279 194 2836 1394 3698 1469 3210 3362 3510 3170 2675 2661 903 2791 115 2771 499 1205 582 1713 2509 226 
3306 466 3449 3003 1290 71 1626 1662 3179 3863 128 1949 2999 1445 82 3897 2211 583 3725 1003 782 634 682 830 1126 29 2345 2463 
2838 3705 2732 2326 1674 213 195 1803 1044 3253 383 1795 1998 2691 2753 1639 835 3307 3176 421 1866 3914 3984 1726 1935 121 41 3383 2872 1973 671 1612 
3549 3616 3540 1030 2479 1506 1309 1507 1952 2535 2629 153 2277 1349 196 3492 2511 3625 2869 1801 2338 2891 5 2697 1460 3922 2087 945 
1441 3699 106 3880 2402 1377 3848 1418 1669 2190 3103 3043 1512 955 3685 554 755 1993 237 3469 1978 3053 780 3995 2207 1332 762 201 1652 3401 3892 
1488 247 1370 892 2834 992 3827 3241 1676 2959 323 1281 254 3263 2358 509 3317 1433 2560 2147 253 3932 3927 812 1965 2017 752 313 2930 2407 1704 604 2261 3505 44 690 1031 3020 1700 653 3928 3250 325 3182 2267 48 2202 1176 2962 
329 3601 868 1282 2605 446 2787 2775 1391 796 820 2815 910 397 816 646 374 2139 3588 3348 2840 2422 3412 189 3387 645 2942 
3666 517 2980 870 2428 3441 2900 429 3274 1374 664 2198 1651 2546 1352 77 1297 370 889 940 869 2033 1632 2151 342 2665 310 1638 770 2777 58 995 3230 1108 2370 2444 933 1830 
1848 2991 442 2513 1479 1136 116 1025 2620 2068 1468 1832 1010 1338 
3184 222 3268 2824 2888 2736 131 420 917 705 1629 750 952 981 623 1170 988 1404 2027 689 2676 64 3777 3318 177 2923 1593 
1138 109 1195 3843 3431 32 1951 3560 1157 1563 3290 2172 3303 2655 3772 1598 819 2411 270 2945 3787 3949 2718 2395 912 209 378 730 779 1661 1670 216 3868 261 
2152 749 1056 438 346 2700 1360 3564 2386 3526 2917 3815 1602 1616 3356 1693 3622 493 1160 414 2057 577 103 2856 3563 3553 3236 3057 3628 763 
3127 886 1614 2733 340 2472 769 79 1452 278 2585 1899 2363 1996 1835 684 998 1273 
1089 1265 2413 746 2354 2164 3806 2379 2868 911 3050 506 49 2946 3557 21 2949 2250 3495 1127 190 2528 3425 3456 3785 2155 658 1717 2939 1169 43 751 3078 2098 2251 589 1173 125 22 1413 1796 3937 3237 
3054 1081 3559 1301 2478 1591 3585 1462 1780 3516 706 3216 3673 1939 264 3074 3733 2229 2387 1831 2699 2769 
3067 268 3683 978 3489 2355 1145 3509 3150 1150 1472 537 2566 3802 232 2474 1399 2106 849 2932 364 1084 3426 3168 2441 894 3864 991 580 534 1643 2997 874 563 2179 1180 3391 1778 1716 3120 1752 496 2505 2096 1074 2577 
3286 3309 1905 2119 1463 1482 1711 3907 1091 633 1123 1928 450 1943 888 1422 3781 3908 3742 2350 1958 822 2233 2230 1869 2335 353 1412 2638 1208 3855 251 2340 1566 1787 1061 3155 1405 154 2501 3313 3157 1688 3959 
1640 1695 1760 1962 1608 3421 447 1220 3603 321 2622 3248 2592 3824 2529 402 2519 3909 2886 2545 1694 2324 2731 2061 1534 801 837 1298 3437 1432 338 3966 2191 575 2829 3486 3073 2234 2584 234 3918 114 
3978 140 2912 1672 636 985 1007 3746 39 3076 3111 2970 3648 2517 667 1318 997 565 1810 833 2000 377 441 464 69 611 521 98 650 2430 
3140 3112 3728 3798 3916 2928 183 272 3721 791 3905 2089 824 967 1784 1735 1459 3008 333 3578 635 1483 3013 132 3260 1942 453 2285 2947 3018 
1959 1546 1288 1699 1740 269 1849 3491 1064 2894 295 2895 3226 1627 3537 1992 2388 1283 2514 3569 1552 2113 
1250 1118 2278 795 3101 1954 2618 1371 1671 2885 3969 3605 229 2260 3894 357 208 3829 1183 3416 2816 2625 731 1844 1144 3748 387 224 6 200 315 2790 2860 
546 1346 1395 433 2256 3471 2010 475 2582 1861 702 3457 2145 285 3017 3660 424 243 30 238 2117 3205 
3998 3517 3280 2216 2619 3882 490 481 2397 89 3714 3723 1454 789 2964 2825 3440 666 3091 1581 507 3465 596 1375 2420 1501 3593 1486 1679 1416 3712 
473 3538 1354 2482 538 3654 3081 975 352 735 1766 1042 3954 1756 1312 2449 3561 1490 2445 2311 3813 2651 1158 2531 162 2883 832 3419 3655 
1396 2593 3116 598 3247 2561 1277 890 895 3370 2421 599 765 1090 170 2784 3835 1082 18 2667 1054 3257 2040 1779 2049 655 1743 
417 3693 3716 2571 2318 2557 159 3119 977 2044 2473 760 3108 3704 527 1260 2631 2757 803 275 3407 491 3764 1946 3137 2159 1191 3142 
389 514 3320 2601 3506 1101 616 301 1156 305 221 1788 3376 2500 2290 3551 1641 2579 858 1435 1592 494 2292 2907 3531 2466 2494 289 2580 186 3834 418 3846 2134 
861 228 2205 1705 3278 3177 2527 1229 2981 274 1268 2339 1427 526 2381 3288 3308 3731 307 300 3838 1197 3684 3608 3747 3807 3745 3543 173 2841 3066 3397 610 2538 1882 1880 1177 759 3946 3819 3368 3369 1356 108 
2918 2493 2375 535 3915 2075 40 1132 1948 1168 3166 2272 3617 3994 2539 3935 3068 1125 3279 2540 2064 2532 2810 2508 1065 1278 677 3115 3019 2103 1575 2069 156 2424 2550 143 3877 
3913 2992 3015 2809 107 3866 772 810 1814 235 528 1659 2754 2707 3353 2958 3833 2270 958 1041 2614 1553 3644 3312 2142 361 
900 1750 2275 331 205 1775 3831 3792 1008 1827 2371 498 123 2264 2404 2692 3861 3761 2772 1736 559 3244 2188 513 1447 853 3895 2286 3519 2313 1386 
2219 2880 1724 2916 1492 686 388 882 90 588 1161 3575 1207 1696 1873 1715 1019 652 2502 1908 52 134 3075 1328 215 1378 2475 1650 3295 3234 3584 1251 3252 3188 3006 3847 2702 771 
2491 3967 1822 3581 935 3154 91 3025 2346 1114 1741 1087 1252 756 1914 990 1554 2303 1024 
1247 2451 2312 2611 3701 3692 1323 2542 944 256 2067 145 1035 304 3139 2583 2487 1075 696 814 3778 549 1633 3823 2104 
1808 1307 2929 3993 266 3365 2007 969 2533 3215 1047 3940 1648 1589 2436 3853 3147 2551 2703 1755 2910 2786 1295 632 2450 144 2737 1500 792 
105 715 3340 1583 3450 3586 1730 3228 3631 2863 1358 3011 2377 2432 3634 3328 259 3774 2135 2022 2274 1523 3400 1120 
3349 1096 2418 1837 1776 1517 966 84 2884 1577 2896 1925 3639 2167 133 2138 3470 248 672 281 1016 
38 3423 1989 2302 2177 3321 2464 986 322 1936 1815 1990 3629 1941 558 2293 1622 2570 83 3944 2268 3360 37 3194 437 385 1129 3706 
2489 3920 2058 3301 3028 1991 566 3594 3571 3014 1337 354 25 2763 1071 1326 1842 423 63 1747 2249 2066 3775 3529 2846 3063 3801 879 2194 3974 3794 3962 2440 2054 797 855 1426 1079 2426 
3911 2332 3343 2598 1347 1237 594 1702 440 2572 3762 1004 3204 1550 1214 1883 2347 2330 386 2162 1759 3118 3485 884 1530 3403 2779 2751 3337 1146 3996 2975 1910 2059 3803 476 99 1458 401 1556 
3547 3232 2842 3475 461 3202 1727 1858 3727 3478 1366 3287 
3065 1886 1299 262 2215 1605 2606 2818 158 80 1193 2788 1846 739 2518 3079 2050 1261 1920 3857 3121 1420 3808 1897 3675 511 2650 529 2124 2081 2099 3987 1330 265 1841 2183 1225 675 
3138 1203 1367 1333 2280 3427 1874 2726 2871 2993 2609 1658 742 2682 2255 258 3185 1541 2391 1254 2989 1009 2231 403 661 484 627 1450 3951 3041 3392 1995 2107 799 2065 12 3022 1558 
3435 3186 1219 60 2719 197 1772 1434 1807 1732 3117 1464 240 3156 3398 2926 1823 463 3630 62 2995 3599 1773 135 
2604 974 883 53 3172 3667 2253 2368 1213 1594 3865 2639 3221 2759 3031 1751 68 1692 3614 1852 2084 
3327 3817 2111 1364 3082 2239 617 516 2195 1864 3262 1777 3258 2588 1493 3145 1983 519 2369 620 3851 3152 198 3871 1987 
2126 2204 2739 3790 2171 862 2848 3379 2127 381 3090 3541 2745 1196 1256 392 1578 47 2174 1304 1933 3650 3083 503 2462 1308 
2469 3885 191 932 2364 1066 3850 788 2555 2310 2636 3640 3311 3451 3717 1022 2243 3638 1262 3114 1902 3158 1023 3187 3961 477 3938 1749 2706 3333 
1881 2448 3499 3878 3029 3105 2112 1134 2701 3839 1080 2158 3695 151 373 2536 3924 2591 497 3902 1392 1381 612 160 3979 2221 597 678 592 2416 1217 2403 3518 1272 2955 3208 3635 2242 
2181 92 1222 1340 3754 1966 2767 3602 3799 2669 180 2847 1660 1532 28 3690 3265 2322 753 16 1313 2168 3476 1887 1053 1825 1868 3546 2093 2599 3632 1172 434 462 445 2114 3371 887 2641 1970 
813 1465 931 1496 3190 1542 1878 1484 984 2455 2861 3366 1285 3277 1863 982 2750 3468 2965 1771 2465 
362 3970 873 2730 1601 1545 2689 2626 773 921 2331 2470 252 2568 807 2530 2203 3504 3968 919 2773 1058 3870 1072 218 2948 3923 3574 1510 454 2337 1549 2446 165 2735 1722 1909 562 2367 3688 3107 2108 3070 3592 
3521 1609 1190 2765 970 1038 3950 710 1600 3677 1986 1528 1045 2269 3893 2908 3396 2983 2399 347 3759 3822 3784 3805 2406 3411 1204 1466 3378 1052 1005 2727 1588 3445 
2839 1871 19 949 2940 3566 3109 2906 3975 2236 1870 1526 2833 465 3963 2613 2956 3500 924 17 3473 1931 2715 2105 2822 1898 2499 2185 1043 163 1515 2994 1938 3952 2263 471 
3672 14 2146 3442 3539 3296 3933 3292 2439 
3957 1536 721 2401 2628 1977 536 2392 3992 2820 1131 3856 1103 2026 3983 2859 1561 851 2649 1947 697 1011 3756 1761 3125 3330 2045 1579 2845 644 3737 743 713 1140 439 246 3298 2481 740 
2516 2024 1182 365 1235 2468 3532 714 3595 2877 1833 3193 695 3722 1055 1976 502 2943 3131 1231 1826 3836 847 2623 1428 913 1110 236 
3573 2645 460 2510 628 806 843 758 3724 2953 1137 669 3749 683 651 3233 2071 626 212 2804 1373 2713 1666 279 293 458 3840 50 1547 3948 3686 495 2320 
2373 3700 805 1757 2056 3084 2380 1232 1015 1889 1689 530 2982 2121 136 1940 2913 1569 2296 606 2169 
1342 778 2652 2197 3285 828 73 2131 2708 157 1980 3402 2976 2807 3711 2496 2443 2963 2565 147 
942 3021 3191 3132 1767 629 1348 1184 2284 3273 3171 2238 2006 2088 983 863 2282 553 2047 3765 1417 2874 
1495 1728 297 3656 3102 306 3597 1167 936 3619 1994 3548 1199 3224 866 707 2865 1164 1770 3694 1678 2853 2746 2612 
1029 1781 1984 1505 1628 155 3729 3512 2725 2610 1233 2987 203 3192 738 1875 504 532 1888 798 2704 1253 3757 
3251 1093 3542 3255 3621 999 1580 223 1475 2031 1384 609 2721 2712 358 1266 916 552 1178 2922 1049 1857 2408 2875 709 1511 3466 3636 3080 3093 1799 569 2914 1311 1431 1797 3047 1344 1000 
3598 2852 1124 59 2023 1681 3607 3795 2343 711 2301 8 2060 1438 415 2118 786 1860 351 1789 3284 3524 1119 893 1112 808 318 478 716 584 2094 1872 2153 76 2770 3999 1634 
1481 3259 2658 2008 2633 3133 3906 3936 65 567 2110 3480 1587 3657 2578 1560 2384 1859 2554 192 581 3346 3430 1571 1485 2175 1503 1720 405 1097 2376 631 3424 3889 3464 1456 
524 2262 1901 314 2656 3035 3577 1382 1443 176 2456 541 839 111 3985 3919 1303 3405 3668 3483 1969 3990 2038 3243 85 3845 987 2957 659 1644 2247 483 3256 3854 902 
2677 1109 2728 3275 3875 486 2101 3849 811 2235 3380 1151 857 1423 3645 1209 1028 3024 3797 3134 3044 2035 368 130 2881 
271 1635 2688 2621 146 303 124 3678 1293 3316 1474 2534 2015 1012 2495 3860 754 3005 2020 139 3615 2417 3758 
859 2352 648 171 741 384 3207 2849 1429 2129 211 3508 737 1572 3582 
3245 719 455 2325 2321 2873 670 416 2341 78 1335 2695 3085 1345 1817 1988 2797 1653 487 2055 2549 3197 2182 1048 2298 2988 149 1255 736 2971 852 1927 
3555 3136 3106 126 2717 2813 2998 3479 2937 11 2329 1950 2748 3494 809 3934 348 7 701 3130 2761 2257 217 3980 1840 3281 1133 3060 3482 367 3997 1850 3293 685 
3239 1656 1165 2011 1302 2635 1147 3037 2760 802 369 110 1068 2543 3991 515 856 2210 3135 2309 3884 3046 3867 3129 3153 1964 2291 643 34 3901 1315 3873 793 747 3750 3820 1152 3496 1102 2924 
3195 1675 1937 2694 1981 3572 1246 2637 3414 492 846 3315 3556 897 282 545 88 2362 3077 2659 723 3501 1105 
708 2095 3361 1224 3390 663 3345 3520 3900 3903 2844 1921 166 2544 3276 817 1294 573 299 1310 539 1083 1320 3270 2821 1953 3941 2862 838 3428 1537 2808 2738 413 371 1944 
3565 994 15 210 2564 2314 2041 1202 2295 1945 2012 257 3161 3039 184 1793 2934 2316 
2222 3752 320 1461 2161 207 2743 3587 1106 1975 885 2160 2524 880 548 1856 934 1100 2304 3231 1524 
1620 3751 2714 3956 3104 1564 3842 3612 1785 1181 574 2224 3943 3071 3498 2690 1851 2186 3826 1448 2166 3769 35 3669 2248 3214 3453 2832 2548 2515 3203 1284 2281 1350 520 1393 2831 94 1522 726 2812 
1573 3783 3550 3334 3874 2850 2227 2783 729 174 1018 3097 3545 3945 1239 3394 1400 280 1926 2039 1086 3410 2297 1853 956 1746 1039 3240 2805 312 2653 1314 3141 3069 2595 2679 
1719 3811 2115 1017 965 2396 3181 2826 1095 451 3036 2458 284 2013 3089 2811 1389 2206 2225 725 656 844 2490 1305 547 1683 2671 
1143 2627 3947 947 336 2383 2911 3173 3687 3087 776 544 3786 2149 1244 2525 1130 2616 2483 337 775 1816 3514 961 3007 1657 2070 100 57 3562 951 3888 3201 3544 1723 1892 2193 1668 1582 283 1430 1649 595 630 2429 1791 
3418 407 2419 720 614 768 2453 1385 2552 2083 1673 178 1607 1997 220 360 1099 2365 2143 2680 1762 1885 542 74 1737 1078 
3755 3744 3930 3881 3264 2744 
1906 694 1794 2793 3436 3341 2830 3682 2520 3385 2018 2471 1020 263 13 3696 1355 193 3420 
2705 277 619 3708 3800 479 941 319 308 343 1280 2749 550 2854 1957 3372 1248 3329 430 2523 3467 3291 2899 510 2189 3096 2283 175 2244 2904 
2977 3038 2004 647 784 426 1269 2052 2014 2130 2586 2741 1865 1478 1339 
1603 2870 904 46 3474 1212 2764 3446 409 790 2858 3386 399 841 2654 842 2608 227 1742 
112 1686 1175 317 3890 3583 804 2567 1036 3590 372 2357 3002 1258 2522 1076 1442 3869 665 2123 1040 2016 3626 818 3567 800 3302 1916 2698 1440 872 
398 1390 3600 2349 3691 3535 4 3004 2072 1642 968 543 928 142 291 929 939 3766 909 993 3939 1680 1437 2837 3271 2154 3671 2889 3658 1733 3960 2333 875 296 
1408 704 657 1444 2819 1363 93 3461 2762 188 3012 2414 1117 1712 3663 586 3726 556 2409 1121 1707 
1924 1153 2480 1731 1646 2393 642 2394 3094 1499 129 2990 1615 3267 2021 674 1271 2864 605 380 
2034 1455 294 654 1111 1922 3487 2009 3912 3780 1034 1092 1783 3976 3350 2128 2492 10 2978 1876 3294 3049 2361 1324 2252 864 3439 
3375 102 625 1059 2173 2589 3618 522 2541 2351 881 3552 2241 1804 2079 722 957 55 1353 1624 122 1300 2085 
3351 3964 3942 3444 3646 3821 3767 3917 
2558 2276 523 1867 3223 3697 2968 324 3209 2305 3099 3462 1809 1189 1128 1406 1162 700 2025 3886 
602 601 2967 457 662 1494 1786 3381 468 376 1748 2437 3064 698 2666 2390 781 1188 1703 3458 404 2855 501 1414 1774 3554 2919 3883 
3680 3523 2537 1691 3438 3454 1896 3032 1518 452 2217 1357 1026 2344 593 1709 785 3159 2078 3738 1439 2086 
3149 2752 2223 1409 3326 3719 3174 
1077 3463 3055 3620 2758 2867 1915 1539 1543 2317 382 2640 1489 101 1398 2879 1403 1708 962 3825 2382 1918 3 1513 1586 1637 943 
1979 3342 787 3624 1073 1425 3336 488 2778 2648 1343 444 2327 1667 1769 1930 3382 2927 2938 
1967 2336 119 1215 3331 3741 1535 3740 1186 2036 3528 3448 1584 1149 587 1623 2632 639 2218 3447 
2720 2780 267 2806 2795 2802 3212 2334 2996 3768 3034 1968 3674 51 2273 972 2594 2647 2102 1764 231 2782 
3100 330 3665 1630 745 3804 2617 3052 3151 
3388 860 2319 1141 3051 449 2776 1529 3452 1174 561 2240 717 2196 2747 744 3627 2467 3206 1236 
3971 1829 925 3844 1710 3358 1636 443 97 1296 2898 1847 1838 1682 1854 3921 2488 2740 757 2136 474 3323 1057 3812 2630 1687 239 3898 621 61 3393 2271 1585 590 954 1698 
3165 2684 3609 3143 1021 3637 1480 2878 3357 971 845 826 1843 2685 2823 2080 693 3056 2966 3841 505 688 3596 1380 2553 1470 3534 
1520 3332 1923 2798 2389 3472 2199 2090 1200 525 3493 1802 2857 3373 1955 187 1263 408 964 2742 1257 3016 3796 2503 1115 3377 448 2662 585 3858 1625 2817 927 167 182 3734 
679 2457 865 980 2687 1069 1362 622 930 1270 27 1929 3040 
1813 1531 3715 3042 199 2670 3736 618 345 1565 3344 104 1192 3272 3235 206 937 1956 2657 1185 1697 1540 1982 1754 
821 148 578 3399 287 1974 2192 950 1985 533 2729 3300 335 1243 2125 3579 87 260 
3793 3314 1228 1473 557 1739 3642 2634 2887 2526 1900 1477 834 390 876 3211 2410 467 1387 2950 1597 1421 
2184 1155 551 394 2556 3533 3322 3926 734 1497 3513 1067 2935 2046 3899 3789 1259 3507 3310 1471 3413 2003 2091 687 3289 1961 1291 2237 1334 1911 1491 2423 1934 86 1884 2663 2438 2323 33 1574 
3059 2308 1971 2265 1890 1618 1221 1446 42 292 1240 363 733 472 3061 
