867 920
820 986
744 835
286 928
295 838
250 598
134 792
662 861
288 708
493 819
391 744
43 779
95 594
123 792
43 642
60 828
399 732
540 719
771 937
813 988
451 807
311 600
732 793
680 815
646 914
662 792
589 867
774 838
289 912
813 912
268 837
115 815
680 958
706 813
233 932
38 662
63 958
152 746
508 658
50 867
134 904
642 851
587 802
23 744
29 994
95 153
79 250
671 774
598 802
746 837
153 338
418 872
289 476
123 233
613 867
178 631
589 749
357 500
479 958
631 813
236 867
164 874
82 589
289 547
744 928
523 988
418 746
67 201
667 721
867 937
495 708
153 899
671 789
57 669
88 819
819 937
282 311
706 831
642 779
262 788
719 779
208 928
60 961
123 958
202 631
695 761
613 937
749 780
744 749
321 812
352 820
208 680
57 807
820 874
23 928
184 749
37 470
904 986
201 807
450 486
792 914
719 867
788 874
419 851
794 932
438 828
233 774
38 560
88 937
71 771
117 399
760 872
807 920
170 780
341 872
538 706
760 846
815 838
71 912
831 874
760 820
451 920
788 813
540 932
500 771
904 961
538 811
29 920
20 488
440 695
560 815
828 986
807 861
779 812
341 813
837 872
133 867
399 958
608 920
156 835
178 872
695 838
539 867
552 719
671 988
761 958
658 780
364 928
677 721
523 572
250 988
156 744
794 994
761 928
383 792
289 679
761 815
115 695
418 600
594 680
771 912
184 874
419 994
721 851
828 874
914 920
201 662
364 761
920 986
20 928
539 679
311 789
138 928
286 793
134 538
758 988
631 958
123 818
43 732
286 680
556 819
476 872
677 851
79 872
789 837
352 831
708 811
37 899
262 708
20 695
607 669
508 988
438 904
268 912
788 904
928 958
646 815
706 932
553 749
29 807
538 961
140 812
556 780
440 622
233 958
495 932
721 794
419 932
282 780
794 851
356 669
134 914
311 988
813 846
598 677
912 988
156 928
142 419
695 774
495 719
812 994
337 819
607 914
553 771
359 932
774 835
662 914
50 937
669 792
559 837
43 140
760 874
184 819
356 807
454 779
746 813
680 757
788 961
30 861
149 488
357 819
438 846
488 958
598 851
658 904
560 646
152 872
493 867
349 788
364 391
600 837
164 846
523 662
719 874
598 932
811 986
677 794
399 914
71 988
352 904
418 988
60 874
646 732
613 749
23 835
486 994
208 815
523 600
547 912
719 932
608 861
63 95
642 932
341 572
779 994
838 961
835 958
359 837
500 937
547 988
646 667
680 899
493 749
364 763
538 986
399 757
608 792
758 837
780 819
721 994
559 679
679 988
680 838
788 846
364 899
706 986
846 874
82 771
600 912
282 771
899 958
622 774
912 961
383 920
178 988
874 986
587 779
600 988
646 779
706 904
746 749
831 846
508 744
341 912
523 789
793 899
658 961
451 837
383 861
861 914
572 912
671 837
383 560
553 937
838 928
508 904
79 988
540 552
732 744
763 958
268 988
286 818
552 794
118 749
559 789
560 861
134 149
140 164
63 440
486 802
811 961
88 556
173 874
774 815
357 867
631 912
349 819
794 928
30 383
706 760
802 932
156 594
202 872
671 872
262 831
695 744
813 837
547 671
118 904
763 899
695 793
67 920
440 774
680 789
123 295
552 851
851 994
669 920
67 861
598 608
454 677
523 912
357 937
50 771
479 679
152 988
811 904
706 961
572 789
288 874
538 874
107 719
559 912
352 828
470 793
538 788
669 861
835 928
454 828
811 831
774 928
508 961
771 819
451 669
802 994
820 904
667 994
539 937
124 761
37 835
140 142
792 807
50 133
820 831
607 719
540 994
202 789
820 988
286 958
201 914
486 598
438 961
932 994
140 547
152 669
383 807
523 837
208 233
30 201
788 831
815 958
851 932
268 600
811 820
142 994
539 771
556 867
831 961
321 994
391 815
107 994
631 758
757 958
746 757
646 920
732 928
349 708
794 812
57 861
708 874
757 815
29 861
236 749
117 732
820 961
508 771
677 719
749 937
338 757
587 812
744 761
440 958
813 961
788 812
288 820
173 846
178 559
138 838
572 988
295 679
117 899
359 851
118 937
792 920
662 807
450 802
642 994
236 937
71 872
123 988
779 932
50 812
118 236
508 828
349 811
695 937
391 851
708 986
321 486
95 793
667 802
124 780
553 819
352 961
140 994
356 508
500 867
476 912
202 679
631 988
758 912
418 758
789 912
356 920
708 760
749 819
164 961
450 932
479 961
337 357
488 622
117 815
493 589
495 994
779 802
107 419
338 391
208 470
540 667
184 556
813 904
559 846
142 802
560 920
780 937
771 867
495 642
594 761
598 721
622 793
732 835
721 802
262 820
671 758
708 780
60 622
82 937
757 837
802 812
164 994
589 937
706 846
202 988
359 994
486 677
763 771
152 912
539 780
538 828
831 986
399 594
811 846
438 508
677 994
746 988
667 794
793 958
706 828
802 851
493 771
780 928
364 774
811 899
807 831
450 994
763 802
793 835
438 608
758 789
780 867
488 793
538 760
63 744
819 838
552 587
828 904
29 662
476 789
295 958
352 811
788 807
622 757
589 819
250 679
835 838
708 831
872 988
295 680
30 920
613 771
488 761
486 932
757 793
311 872
173 912
338 838
744 838
208 920
124 793
450 721
133 771
788 986
631 671
233 815
341 418
470 912
476 758
812 932
399 680
438 669
874 961
57 920
553 867
613 780
706 788
732 899
479 758
587 794
115 899
763 835
642 794
438 820
164 904
118 556
37 679
124 937
288 760
559 671
846 961
508 788
642 667
732 838
170 937
719 812
598 994
495 792
20 835
708 904
760 828
708 813
356 758
500 613
57 552
37 838
539 815
476 988
153 774
493 613
820 828
451 861
29 932
658 874
761 838
667 851
60 149
540 802
134 920
289 988
184 780
295 732
356 792
356 451
338 928
60 811
646 669
268 792
774 958
679 837
646 695
142 811
391 835
115 594
831 904
662 920
646 838
43 994
789 988
88 282
495 540
140 914
813 828
470 818
622 899
23 763
760 961
236 988
419 667
178 311
107 359
133 937
500 589
572 671
451 608
677 812
815 928
500 958
486 813
440 470
646 807
95 295
552 994
622 958
286 899
341 758
289 914
124 500
846 986
383 695
667 779
359 721
594 818
164 820
587 851
79 758
802 828
837 912
262 961
282 937
38 920
679 746
846 904
288 961
311 837
719 994
818 932
812 851
757 899
559 988
479 994
156 391
170 867
719 794
757 761
115 818
811 874
867 874
82 539
479 559
321 932
807 914
250 872
349 961
746 789
642 812
282 337
63 899
721 932
552 932
470 899
961 986
57 792
170 749
811 828
792 794
572 872
613 819
744 958
607 792
658 831
124 819
289 789
67 662
357 556
587 994
250 746
493 937
539 553
349 986
470 928
170 553
607 861
539 613
760 811
451 792
760 904
134 861
349 904
677 779
236 780
454 994
828 961
508 846
757 774
476 679
20 653
23 935
29 185
30 781
37 314
38 609
43 946
50 801
57 188
60 995
63 319
67 884
71 386
79 833
82 993
88 859
95 908
107 935
59 115
117 940
118 896
123 513
124 833
133 997
138 374
142 778
149 593
152 983
153 913
156 877
164 655
170 974
173 949
178 384
184 891
201 339
202 906
208 843
233 982
236 800
250 764
262 683
268 953
260 282
286 993
288 635
289 699
295 517
180 311
321 496
337 421
338 953
341 798
349 960
352 353
357 974
359 720
364 853
383 527
391 652
399 950
418 710
419 733
267 438
440 513
246 450
451 457
454 705
470 890
476 970
479 926
486 701
488 865
493 888
495 910
376 500
508 987
523 980
538 836
539 694
540 864
547 747
552 704
553 975
556 950
559 917
560 876
572 943
576 587
128 589
594 991
401 598
600 614
607 957
316 608
557 613
622 870
631 968
642 944
646 977
640 658
662 975
137 667
669 735
573 671
677 898
679 881
680 827
695 704
100 706
708 966
719 723
586 721
732 832
577 744
648 746
741 749
757 879
624 758
760 981
645 761
568 763
769 771
774 916
779 968
780 896
788 809
56 789
792 797
793 967
794 895
802 941
400 807
51 811
812 956
808 813
815 909
776 818
775 819
817 820
666 828
831 855
835 947
772 837
838 953
499 846
752 851
861 910
867 906
872 965
633 874
791 899
752 904
216 912
914 987
876 920
628 928
925 932
894 937
562 958
656 961
209 986
859 988
742 994
20 979
23 984
30 884
37 916
38 990
50 974
63 954
67 108
71 968
79 950
82 675
88 525
95 469
107 938
44 115
117 817
118 839
133 952
138 612
142 386
152 924
153 919
156 973
170 859
173 972
178 474
184 610
201 947
202 554
236 668
250 503
262 925
268 993
223 282
286 942
288 921
243 289
295 875
311 841
321 784
337 564
338 531
341 956
99 352
357 810
359 800
364 996
383 804
391 984
399 948
418 990
131 419
438 605
440 980
450 798
451 625
375 454
470 906
476 804
479 694
486 615
229 488
493 558
495 733
500 637
523 786
538 791
539 891
540 694
547 978
552 731
522 553
556 924
559 888
560 605
572 915
587 596
589 964
594 926
598 999
600 982
607 709
608 954
613 751
490 622
631 772
298 642
646 983
658 950
662 997
213 667
570 669
273 671
677 809
679 871
680 957
695 709
706 796
708 915
719 995
165 721
562 732
744 965
746 848
612 749
757 975
758 876
760 982
761 860
763 999
771 923
730 774
736 779
780 833
788 833
789 791
792 883
791 793
672 794
33 802
807 972
811 822
812 842
813 941
701 815
818 913
819 965
820 922
828 919
143 831
619 835
837 852
620 838
785 846
851 930
860 861
567 867
800 872
707 874
675 899
446 904
331 912
914 949
251 920
524 928
101 932
474 937
212 958
947 961
980 986
966 988
908 994
20 915
38 897
67 934
88 936
133 968
138 765
156 927
173 964
201 785
282 913
286 844
288 900
321 910
337 997
62 341
352 946
383 722
418 510
76 419
440 969
454 616
476 672
479 945
488 675
523 772
539 935
540 647
547 915
552 934
80 553
510 556
560 938
572 939
587 903
589 940
600 911
607 992
608 898
613 915
622 921
389 631
642 801
646 871
658 919
662 969
526 669
671 674
677 887
706 900
649 719
721 910
744 883
674 746
749 791
757 759
591 758
760 935
761 929
555 763
416 771
779 910
788 897
775 789
792 924
793 982
794 826
714 802
785 807
668 811
812 855
813 971
471 815
578 818
521 819
480 820
798 828
299 831
647 835
276 837
772 846
461 851
861 934
867 954
872 933
549 874
304 899
904 985
782 912
914 962
898 920
791 928
910 932
937 962
958 998
205 961
952 986
331 988
980 994
138 934
173 896
288 973
321 903
337 971
418 866
476 477
547 999
560 970
572 905
607 943
608 978
622 670
671 980
677 866
526 721
736 744
746 787
758 864
763 978
779 975
788 999
793 864
794 910
812 840
791 818
820 935
837 873
846 944
823 861
805 867
872 946
874 991
676 899
904 939
903 912
824 914
852 920
928 979
331 932
673 937
787 958
961 965
974 986
216 988
776 994
779 995
794 995
820 993
837 980
902 904
914 936
922 932
660 958
911 986
911 994
910 914
910 958
