1 8 48 106 129 154 230 242 251 276 360 369 387 528 555 589 611 695 702 709 741 761 776 792 856 910 1021 1031 1033 1070 1097 1189 1226 1235 1239 1248 1325 1400 1452 1484 1550 1563 1650 1681 1742 1769 1808 1824 1875 1878 1927 2198 2264 2279 2340 2346 2371 2419 2473 2497 2506 2546 2557 2596 2668 2682 2699 2734 2764 2927 2969 3025 3046 3072 3077 3121 3154 3178 3193 3261 3318 3337 3349 3368 3538 3568 3603 3622 3665 3724 3831 3883 3932 3952 3958 3962 3992
2 135 173 543 606 631 647 742 791 813 843 944 1107 1123 1334 1399 1426 1483 1858 1989 2134 2277 2376 2462 2796 2950 3267 3407 3433 3505 3564 3728 3825 3960 3984
3 8 92 167 175 213 237 262 269 270 275 375 397 424 487 510 551 648 728 784 792 810 856 920 979 1048 1053 1150 1177 1226 1279 1282 1330 1368 1410 1521 1544 1568 1573 1613 1627 1656 1750 1771 1793 1869 1885 1893 1935 1960 2019 2041 2059 2062 2142 2169 2180 2199 2318 2445 2500 2554 2608 2635 2699 2713 2721 2732 2869 2951 2970 2976 3036 3199 3233 3359 3366 3368 3450 3510 3592 3684 3686 3785 3787 3835 3887 3944 3946
4 32 292 464 532 591 604 718 1139 1283 1343 1543 1795 2130 2214 2222 2238 2556 2575 2599 2611 2634 2651 2653 2673 2795 3200 3358 3371 3567 3639 3842
5 44 75 109 122 227 235 425 477 518 533 1036 1108 1218 1223 1224 1245 1251 1265 1300 1318 1320 1432 1441 1546 1576 1651 1661 1669 1679 1870 1920 1957 2041 2136 2155 2260 2290 2335 2369 2389 2439 2451 2509 2518 2520 2615 2759 2771 2774 2862 2901 2911 2941 3052 3094 3184 3209 3271 3338 3439 3452 3465 3490 3497 3534 3719 3739 3758 3793 3800 3924 3968 3990
6 10 29 90 344 427 442 454 484 546 699 717 835 897 1019 1116 1191 1202 1214 1270 1525 1864 1936 2120 2133 2155 2256 2273 2438 2580 2672 2738 2781 2933 3014 3048 3158 3300 3404 3480 3535 3596 3705 3799 3921 3970 3976
7 499 653 757 918 1122 1174 1180 1276 1381 1871 2040 2295 2450 2625 2790 2906 3257 3276 3474 3762 3860
8 9 76 233 244 260 267 275 291 293 319 363 406 463 495 551 563 572 575 617 663 749 761 947 954 983 989 1117 1118 1263 1272 1341 1354 1356 1359 1374 1393 1394 1550 1583 1718 1860 1887 1921 1986 2116 2163 2178 2198 2311 2331 2333 2344 2393 2407 2427 2452 2471 2494 2578 2592 2595 2612 2675 2746 2787 2806 2839 2852 2978 3041 3047 3057 3070 3082 3128 3163 3169 3211 3320 3342 3367 3376 3412 3500 3557 3599 3613 3623 3642 3675 3703 3717 3718 3742 3804 3945 3957
11 36 50 131 201 241 254 303 314 315 337 400 449 472 549 586 632 674 775 788 815 820 836 1079 1153 1285 1291 1355 1412 1413 1434 1487 1506 1560 1585 1640 1667 1767 1802 1832 1834 1852 1990 2029 2061 2093 2115 2131 2334 2353 2397 2523 2549 2563 2645 2706 2816 2846 2859 3068 3090 3126 3269 3295 3328 3453 3493 3550 3599 3603 3605 3671 3748 3878 3931
12 21 165 236 318 423 443 444 446 515 524 596 668 799 803 906 1039 1054 1066 1091 1126 1168 1194 1208 1214 1252 1316 1329 1342 1371 1379 1384 1435 1446 1463 1696 1726 1789 1930 1949 1991 2031 2156 2223 2291 2308 2329 2362 2375 2428 2431 2583 2602 2627 2745 2828 2854 2871 2873 2876 2932 2942 2982 3098 3102 3103 3109 3141 3160 3312 3319 3382 3385 3402 3426 3507 3655 3664 3743 3744 3749 3769 3790 3845 3880 3882 3915 3995
13 61 69 110 144 203 238 312 328 410 412 500 540 749 758 776 881 937 965 1057 1171 1253 1409 1420 1438 1470 1526 1528 1561 1609 1655 1695 1717 1948 2057 2078 2079 2122 2170 2269 2495 2577 2710 2753 2921 2936 2938 3066 3180 3325 3343 3362 3413 3484 3515 3602 3610 3657 3681 3747 3791 3798 3803 3817 3937
14 72 145 346 447 730 752 1046 1215 1508 1768 2025 2117 2740 2838 3024 3034 3324 3391 3430 3934
15 51 58 111 123 473 588 620 874 882 888 990 1011 1162 1207 1240 1242 1311 1421 1450 1511 1519 1551 1638 1689 1736 1798 1809 1829 1892 2146 2481 2543 2677 2683 2686 2711 2727 2785 2849 2953 2968 2994 2996 3064 3065 3206 3242 3292 3327 3335 3399 3466 3559 3595 3616 3729 3770 3836 3894 3901 3989
16 149 214 309 560 582 663 969 977 1170 1266 1391 1588 1608 1675 1913 1975 2173 2528 2587 2742 2827 3234 3582 3670
17 24 28 55 62 101 180 183 196 223 232 253 264 391 422 517 623 642 765 808 839 964 971 989 1030 1045 1056 1072 1246 1336 1339 1348 1360 1362 1424 1498 1524 1577 1594 1666 1673 1773 1794 1981 2187 2190 2192 2195 2227 2229 2294 2440 2513 2566 2592 2621 2642 2730 2845 2893 3165 3201 3354 3459 3539 3682 3698 3731 3753 3857
18 83 155 345 350 385 468 485 492 550 598 638 669 819 877 917 976 1050 1133 1262 1328 1569 1578 1579 1599 1618 1666 1754 1810 1880 1916 2081 2108 2112 2114 2128 2181 2197 2209 2412 2425 2460 2467 2511 2552 2586 2632 2700 2814 2881 2945 3089 3170 3361 3395 3421 3661 3688 3807 3836 3841 3859 3898
19 122 141 168 234 301 303 308 392 423 497 503 581 587 590 612 663 677 714 774 1146 1156 1164 1337 1403 1593 1607 1683 1776 1826 1868 1889 1966 1992 2036 2118 2124 2145 2270 2374 2379 2387 2406 2426 2498 2598 2618 2637 2670 2736 2747 2792 2821 2886 2907 2974 3026 3061 3104 3204 3244 3246 3268 3345 3409 3433 3441 3540 3606 3620 3647 3654 3685 3702 3789 3917 3993 3999
20 137 220 221 259 334 358 359 380 386 393 432 451 516 557 576 635 636 785 797 852 864 886 898 949 955 1027 1029 1179 1182 1226 1238 1333 1392 1433 1437 1559 1671 1685 1735 1803 1847 1899 2064 2125 2151 2173 2230 2235 2265 2282 2319 2327 2381 2399 2411 2477 2491 2496 2535 2567 2570 2573 2669 2688 2735 2805 2833 2998 3010 3069 3122 3140 3181 3195 3277 3340 3444 3562 3572 3597 3653 3689 3725 3873 3904 3940 3961 3972 3988
22 126 272 302 305 336 351 363 412 494 513 655 657 679 716 734 791 856 970 1017 1018 1042 1067 1109 1115 1345 1363 1401 1423 1489 1492 1515 1685 1688 1758 1779 1812 1830 1884 1895 1919 1963 2032 2041 2065 2155 2237 2259 2302 2323 2325 2463 2493 2507 2547 2558 2610 2637 2646 2661 2768 2803 2837 2880 2944 3056 3060 3125 3143 3147 3191 3192 3215 3226 3261 3323 3366 3377 3461 3527 3570 3591 3608 3647 3746 3750 3820 3829 3843 3844 3875 3994
23 461 474 498 1101 1220 1321 1326 1851 1854 1922 2143 2366 2373 2826 2891 3020 3237 3451 3837 3967
25 107 290 578 950 1003 1081 1181 1241 1454 1474 1947 1982 2000 2039 2091 2392 2737 2791 2794 3013 3138 3147 3183 3249 3266 3569 3726 3833 3888 3893
26 102 130 222 229 231 311 335 405 409 415 436 467 505 511 521 566 626 680 692 987 997 1000 1025 1112 1166 1243 1260 1308 1372 1405 1564 1580 1602 1645 1691 1708 1745 1832 1891 2090 2092 2100 2139 2242 2314 2395 2429 2474 2574 2641 2657 2663 2783 2802 2818 2914 2930 2957 3079 3110 3135 3142 3162 3218 3393 3528 3628 3669 3774 3775
27 65 99 152 206 245 246 285 307 317 384 418 490 507 605 627 656 662 705 778 794 831 879 954 1128 1167 1187 1203 1444 1453 1541 1591 1604 1626 1680 1756 1760 1844 1890 1897 2046 2055 2073 2077 2080 2166 2213 2306 2337 2386 2464 2517 2519 2534 2594 2655 2679 2733 2841 2870 2985 2990 3062 3071 3085 3153 3405 3471 3553 3560 3634 3635 3746 3751 3768 3955
30 76 158 323 404 421 452 624 689 726 772 821 824 845 860 866 883 960 962 1088 1110 1293 1323 1331 1385 1461 1468 1479 1632 1702 1722 1723 1783 1857 1877 1898 1905 1943 2005 2038 2095 2220 2250 2326 2357 2396 2468 2486 2490 2515 2630 2666 2766 2810 2843 2851 2935 2946 3096 3097 3148 3179 3187 3188 3233 3260 3263 3308 3355 3368 3438 3470 3475 3483 3537 3577 3604 3706 3736 3830 3865 3910 3917 3969 3991
31 60 140 163 185 191 194 690 707 766 1005 1102 1152 1229 1380 1386 1416 1427 1552 1556 1574 1620 1973 2066 2068 2087 2088 2332 2725 2726 2863 3136 3168 3189 3306 3465 3663 3668 3680 3822 3954 3996
33 40 49 136 166 224 228 261 274 277 288 343 379 414 435 486 500 582 600 633 648 731 733 759 763 792 802 846 855 973 989 1052 1060 1077 1198 1204 1210 1257 1273 1280 1282 1295 1502 1565 1647 1684 1800 1837 1849 1996 1998 2016 2138 2156 2184 2198 2201 2204 2280 2324 2457 2465 2648 2804 2819 2900 2977 2992 3033 3139 3167 3256 3286 3366 3416 3419 3499 3533 3624 3721 3779 3789 3795 3815 3858 3899 3913 3914 3923 3947 3997
34 78 267 573 601 786 803 899 1026 1114 1493 1644 2043 2466 2562 2631 2743 2971 3053 3270 3816
35 52 275 389 482 509 545 735 748 875 912 913 1256 1296 1443 1451 1548 1665 1694 1715 1751 1856 1912 1931 2135 2200 2434 2479 2605 2620 2705 2809 2846 2980 3080 3091 3334 3339 3401 3630 3662 3745 3778
37 81 128 150 250 296 310 316 531 542 693 760 782 809 890 972 981 984 996 1148 1322 1397 1440 1537 1600 1606 1917 1965 2023 2056 2060 2121 2182 2255 2319 2416 2488 2514 2539 2542 2707 2722 2779 2823 2870 2889 2964 3074 3128 3150 3161 3236 3392 3396 3432 3468 3583 3617 3637 3658 3711 3714 3756 3772 3781 3809 3840 3852 3876 3979 3981
38 73 239 249 342 469 525 721 804 812 905 1069 1099 1172 1259 1284 1299 1349 1481 1530 1605 1757 1974 1979 2021 2157 2196 2447 2512 2761 2767 2885 2919 2949 2993 3004 3086 3106 3247 3275 3498 3544 3593 3855 3864 3920 3942 3956 3975 3978
39 70 362 431 503 527 682 938 946 959 1142 1175 1406 1534 1643 1690 1725 2083 2148 2191 2284 2310 2478 2503 2588 2905 3473 3558 3588 3853
41 63 179 320 450 559 691 822 832 834 885 1020 1074 1078 1214 1282 1375 1417 1595 1621 1658 1755 1807 1813 1840 1848 2106 2224 2236 2350 2352 2446 2649 2715 2717 2741 2801 2842 2916 2961 2989 3078 3194 3252 3262 3279 3290 3310 3314 3476 3519 3599 3629 3863 3892 3950 3980
42 64 115 151 383 398 402 476 512 523 530 554 556 562 644 710 847 1144 1153 1232 1234 1313 1486 1623 1631 1668 1727 1747 1752 1815 1842 1843 1900 2015 2018 2045 2064 2101 2154 2203 2205 2243 2339 2388 2398 2417 2448 2516 2569 2609 2692 2797 2799 2929 2940 3012 3059 3092 3159 3225 3258 3281 3321 3329 3437 3467 3516 3633 3677 3908 3948 3953
43 280 363 420 470 508 526 579 608 630 665 713 729 837 844 900 957 1104 1217 1261 1458 1766 1846 1866 1923 1987 2109 2226 2240 2585 2616 2658 2979 3009 3067 3151 3196 3388 3522 3575 3614 3701 3715 3761 3776 3814
45 93 330 407 629 639 678 685 770 813 914 919 967 1138 1155 1186 1335 1418 1469 1532 1558 1590 1596 1629 1635 1706 1716 1743 1790 1792 1801 1820 2347 2385 2476 2489 2529 2665 2687 2694 2773 2789 2861 2884 2902 2965 3037 3039 3101 3129 3175 3207 3230 3561 3652 3674 3691 3716 3783 3826 3869 3874 3877 3896 3966
46 157 219 696 956 1639 1748 1928 2119 2276 2404 2414 2857 2915 2947 3291 3326 3455 3548 3694 3834 3906
47 84 148 195 267 303 1268 1275 1308 1408 1411 1497 1732 1950 2001 2219 2268 2348 2367 2384 3176 3547 3556 3912
53 170 185 923 1034 1082 1089 1460 1570 1682 2208 2363 2572 2660 2749 2952 3015 3045 3322 3411 3482 3521 3549 3760 3805 3856 3960
54 67 92 127 172 185 325 367 460 471 480 484 539 548 561 688 719 737 751 769 887 942 988 1022 1047 1125 1188 1225 1236 1250 1346 1382 1425 1513 1571 1584 1612 1686 1902 1954 1988 2034 2285 2305 2309 2360 2443 2453 2459 2664 2690 2701 2758 2784 2931 2986 3208 3245 3265 3406 3445 3489 3526 3584 3659 3683 3692 3720 3746 3935 3936 3960
56 368 544 701 768 781 901 931 1389 1495 1624 1720 2027 2051 2613 2910 2943 2972 3240 3625 3727 3919
57 59 743 884 951 1327 1415 1480 1646 1738 1903 2030 2322 2437 2540 2593 2782 3373 3383 3472 3627 3722 3780 3916
66 177 193 205 215 329 569 755 1192 1365 1462 1969 1980 2089 2225 2316 2659 2714 2822 2984 3051 3239 3485 3511 3545 3612 3765 3792 3867 3998
68 210 395 459 744 870 930 1037 1038 1071 1094 1641 1693 1701 1719 1764 1804 1811 1818 2035 2234 2288 2349 2508 2603 2628 2654 2681 2689 2770 2890 2959 3026 3063 3075 3123 3203 3212 3231 3232 3313 3316 3336 3351 3386 3458 3469 3594 3598 3636 3707 3847 3866 3897
71 96 98 113 142 160 162 176 240 263 278 286 288 378 396 457 484 534 571 595 807 838 851 858 909 1084 1086 1137 1219 1230 1233 1592 1654 1733 1827 1835 1978 2006 2024 2085 2127 2147 2158 2168 2176 2230 2233 2286 2319 2342 2401 2461 2678 2731 2756 2846 2853 2874 2888 3050 3090 3128 3178 3217 3282 3379 3380 3425 3428 3477 3503 3520 3543 3574 3581 3603 3632 3783 3789 3884 3917 3933 3939
74 279 403 430 609 746 840 926 1064 1093 1205 1288 1366 1369 1762 1777 1881 2072 2252 2281 2388 2430 2475 2538 2624 2629 3264 3590 3641 3656 3851 3890 3928
76 80 112 120 174 189 208 218 254 298 300 332 390 412 423 453 462 478 496 610 676 818 927 928 1068 1085 1154 1221 1247 1278 1292 1317 1324 1477 1547 1721 1759 1763 1816 1817 1831 1839 1944 2002 2172 2274 2304 2368 2435 2449 2499 2559 2637 2676 2698 2728 2981 2987 3003 3031 3116 3157 3190 3233 3309 3352 3408 3435 3440 3443 3448 3666 3764 3777 3810 3839 3891 3922 3959 3987
77 198 257 501 622 749 826 1176 1211 1306 1351 1536 1853 1939 1959 1995 2099 2156 2289 2292 2298 2336 2533 2606 2650 2656 2709 3434 3619 3631 3740 3763 3806 3943 3965
79 401 580 724 966 1014 1212 1419 1533 1806 1946 2086 2174 2217 2776 2820 3007 3008 3304 3494 3767 3812
82 574 664 675 853 862 952 975 1100 1161 1184 1195 1728 1814 2074 2171 2254 2328 2343 2361 2536 2550 2639 2875 2920 3166 3228 3400 3418 3710 3735
85 121 138 204 291 370 372 411 448 500 536 628 732 756 825 852 869 902 943 985 1049 1053 1061 1087 1151 1158 1213 1216 1309 1485 1494 1501 1547 1553 1630 1642 1677 1765 1817 1822 1833 1863 1915 1925 1977 2047 2069 2075 2177 2251 2258 2394 2424 2571 2598 2724 2769 2856 2867 2917 2955 3073 3087 3147 3186 3197 3238 3261 3273 3347 3348 3487 3651 3700 3786 3797 3821 3846 3871 3900 3907 4000
86 143 184 373 433 538 745 783 823 1059 1080 1153 1269 1503 1512 1601 1616 1657 1692 1862 1896 1942 2026 2110 2377 2643 2719 2748 2894 2999 3213 3226 3294 3573 3578 3757
87 118 197 268 306 394 535 715 1196 1504 1542 1845 1951 1968 2009 2013 2115 2299 2307 2409 2752 2808 2866 3202 3226 3241 3289 3356 3587 3741 3886 3963
88 209 353 541 602 753 1103 1358 1744 1775 1961 2049 2212 2324 2531 2697 2924 3117 3164 3513 3647 3862
89 190 258 349 479 488 489 618 640 650 658 711 762 842 878 911 945 1028 1063 1092 1255 1287 1347 1428 1517 1520 1531 1540 1622 1670 1698 1861 1929 2017 2048 2054 2153 2232 2283 2751 2763 2926 3114 3145 3149 3219 3332 3344 3390 3420 3449 3462 3465 3501 3502 3552 3609 3766 3827 3832 3836 3918
91 340 428 552 577 619 712 723 739 787 896 934 958 995 1310 1370 1527 1659 1710 1730 1753 1761 1778 1958 2004 2058 2102 2126 2152 2173 2266 2315 2358 2551 2693 2695 2830 2895 2897 3027 3127 3132 3315 3431 3504 3601 3644 3759
92 117 171 199 211 417 493 537 551 607 671 750 796 806 817 857 861 1040 1044 1055 1058 1124 1200 1254 1314 1456 1672 1674 1739 1797 1825 1838 1937 1998 2028 2053 2129 2215 2341 2356 2436 2527 2778 2800 2909 3006 3124 3353 3357 3398 3496 3551 3565 3687 3712
94 156 212 289 506 520 565 764 777 848 893 903 1062 1095 1163 1338 1361 1422 1445 1500 1587 1611 1662 1664 1678 1711 1785 2186 2188 2247 2313 2372 2454 2729 2744 2750 2777 2813 2877 2878 3108 3287 3333 3372 3495 3532 3571 3796 3838 3872 3889
95 116 182 324 333 432 621 717 722 767 789 795 816 833 924 929 1120 1136 1199 1376 1554 1566 1567 1652 1666 1855 1874 1940 2007 2037 2183 2271 2380 2383 2470 2492 2541 2647 2712 2908 2918 2963 3000 3029 3095 3100 3152 3216 3423 3424 3427 3429 3457 3525 3576 3699 3738 3861 3941 3974
97 483 684 891 1024 1075 1222 1404 1782 1836 2137 2210 2246 2263 2275 2301 2522 2865 2983 3182 3286 3509 3530
100 225 341 356 491 553 567 725 801 814 1004 1006 1007 1083 1134 1302 1353 1407 1467 1522 1550 1603 1703 1865 2162 2211 2537 2591 2617 2762 2798 2817 2833 2887 2899 3028 3054 3076 3172 3185 3258 3296 3350 3517 3730 3794
103 207 297 371 439 592 646 661 683 754 780 829 993 1001 1043 1096 1145 1173 1190 1258 1286 1294 1332 1516 1787 2094 2400 2487 2501 2560 2592 2636 2644 2811 2872 2912 2934 2995 3019 3130 3198 3253 3283 3302 3403 3433 3542 3650 3672 3673 3755 3925 3949
104 122 134 186 256 313 416 432 456 651 863 1165 1169 1297 1373 1396 1545 1909 1933 2063 2064 2103 2111 2165 2245 2248 2408 2420 2442 2458 2568 2589 2680 2691 2739 2793 2836 2928 2975 3044 3214 3227 3243 3286 3378 3414 3436 3563 3626 3640 3676 3784 3823 3903 3938
105 265 271 295 347 438 465 504 522 593 613 694 704 880 933 939 949 1002 1009 1090 1159 1298 1459 1491 1539 1598 1676 1687 1699 1707 1734 1783 1926 2014 2020 2033 2098 2194 2253 2257 2287 2359 2469 2561 2633 2807 2883 2922 3156 3171 3254 3259 3523 3524 3546 3580 3734 3773 3854 3868 3885 3902 3926 3982
108 288 381 408 429 583 584 585 654 666 672 681 736 791 849 904 948 968 1008 1035 1073 1106 1135 1157 1178 1206 1244 1340 1377 1378 1398 1465 1473 1478 1509 1538 1547 1572 1625 1636 1660 1705 1740 1904 1962 1985 2042 2044 2070 2159 2164 2296 2317 2422 2482 2553 2565 2598 2616 2622 2718 2757 2825 2860 2868 2879 2896 2903 2939 3017 3018 3040 3081 3093 3099 3105 3131 3137 3252 3278 3280 3284 3288 3303 3317 3363 3374 3410 3463 3514 3566 3618 3709 3732 3754 3879 3983
114 161 192 255 502 603 648 1105 1143 1303 1312 1439 1713 1774 1908 1914 2022 2272 2521 2564 2685 2858 3023 3032 3107 3252 3442 3678 3782
119 132 248 327 388 426 475 614 652 708 738 740 776 790 852 859 908 1010 1111 1147 1197 1221 1228 1383 1388 1462 1466 1529 1581 1589 1737 1832 1883 1924 1934 1964 1999 2008 2084 2096 2115 2185 2228 2244 2345 2405 2413 2415 2423 2444 2505 2600 2601 2662 2716 2775 2815 2834 2904 2923 2925 2962 3021 3022 3035 3058 3090 3298 3307 3389 3478 3486 3646 3648 3818
124 146 376 706 798 916 954 1464 1475 1523 1704 1901 1941 2067 2082 2221 2320 2354 2410 2548 2623 2652 2708 2765 2772 2997 3005 3011 3134 3285 3708 3849
125 133 169 188 273 299 641 747 894 982 992 994 1304 1387 1476 1496 1555 1597 1633 1634 1714 1867 2150 2160 2402 2441 2456 2525 2545 2582 2597 2626 2831 3016 3043 3055 3173 3272 3384 3531 3611 3848
139 348 437 872 1160 1301 1436 1490 1791 1796 1799 1953 1993 2132 2167 2504 2723 2788 3042 3113 3155 3299 3369 3381 3415 3479 3489 3808 3905 3909
142 153 200 243 247 266 281 322 415 503 645 761 779 811 873 922 980 998 999 1032 1053 1076 1131 1149 1203 1209 1221 1227 1267 1271 1308 1442 1449 1457 1462 1488 1549 1557 1610 1619 1663 1918 1970 1978 1994 2010 2104 2107 2193 2230 2297 2433 2590 2616 2619 2638 2671 2760 2840 2850 2898 2991 3115 3144 3174 3210 3235 3297 3397 3481 3489 3512 3579 3638 3643 3660 3667 3802 3819 3930 3977
142 147 164 181 202 254 284 304 399 415 419 458 466 529 599 659 660 686 687 727 865 867 876 892 915 936 953 961 974 991 1065 1130 1231 1281 1289 1319 1731 1746 1850 1907 1945 1972 1978 1984 2105 2141 2249 2267 2278 2303 2338 2364 2388 2421 2484 2502 2532 2544 2674 2704 2720 2848 2954 2956 2958 2988 3026 3038 3083 3118 3133 3221 3274 3341 3346 3370 3394 3422 3464 3554 3585 3771 3783 3951 3964
159 339 354 355 382 413 445 558 564 594 634 697 800 805 813 871 978 1013 1183 1203 1249 1264 1274 1307 1315 1364 1367 1447 1448 1505 1562 1648 1649 1780 1783 1805 1819 1823 1841 1886 1888 1998 2012 2052 2076 2113 2140 2485 2524 2604 2699 2892 3205 3248 3555 3589 3697 3704 3737 3828 3895 3927
178 357 361 365 366 455 570 615 850 1390 1414 1431 1535 1614 1617 1628 1770 1911 1971 2050 2261 2351 2480 2555 2579 2696 2844 2960 3119 3120 3220 3224 3331 3365 3446 3693 3777 3811
187 321 338 374 441 582 643 717 921 1121 1140 1193 1344 1395 1507 1685 1729 1784 1876 2011 2179 2324 2832 2948 3084 3112 3301 3607 3695 3752 3881
216 283 907 963 1023 1132 1237 1402 1582 1709 2231 2378 2382 2418 2526 2576 2786 2913 2967 3229 3506 3713 3723 3733
217 352 440 481 597 637 854 925 1041 1129 1514 1518 1749 1786 1821 1910 1956 2097 2189 2614 2755 2870 3146 3375 3417 3447 3456 3488 3586 3801
226 291 294 667 670 720 793 841 1113 1350 1455 1482 1615 1700 1781 1828 1872 2355 2390 2391 2667 2684 2780 2882 3030 3088 3111 3222 3223 3250 3305 3330 3360 3491 3529 3645
252 547 940 1305 1352 1471 1788 1817 1859 1983 2123 2161 2607 2937 2966 3258 3518 3690 3824 3973 3985
282 287 326 830 932 935 1016 1290 1906 1997 2071 2403 2483 2581 2703 2824 2833 2847 3001 3460 3492 3649 3870 3971
331 519 673 803 941 1201 1697 1894 1967 2175 2293 2432 2455 2530 2812 3002 3177 3293 3621 3929
364 514 698 700 773 828 868 1012 1098 1119 1472 1510 1882 1952 2202 2206 2239 2241 2300 2312 2330 2584 2702 2829 2835 3049 3178 3364 3387 3508 3541 3986
377 827 949 1141 1429 1575 1586 1637 1712 1741 1879 1932 1976 2149 2216 2321 2640 2864 2973 3255 3454 3536 3600 3679 3777 3813 3850 3911
434 568 616 625 649 703 771 889 895 986 1015 1051 1127 1185 1277 1357 1430 1499 1653 1724 1772 1873 1938 1955 2003 2144 2207 2218 2262 2365 2370 2472 2510 2754 2855 3251 3311 3615 3696 3788
