3623 3866
1086 4316
1858 4205
2041 4685
2282 3483
742 4571
3205 3786
3322 4788
2992 4233
3663 4714
853 4867
3900 4872
4138 4623
4445 4993
2964 4700
2217 4862
3597 4765
2197 4528
2497 4766
3743 3879
4129 4622
500 3339
3093 4714
3777 4809
1229 4766
3268 4299
1625 4554
413 4137
980 1867
3839 4749
1584 4748
3485 4551
73 4779
4408 4916
2447 4876
2588 4221
3927 4892
1584 4985
402 4917
778 4709
3937 4408
3298 4466
1280 3346
3621 4787
2075 4976
2847 2850
3815 4232
1295 4318
3259 4594
3848 4661
1980 4694
2018 4737
3501 3749
2179 4959
740 1536
1270 2265
2161 4083
2965 4340
3556 3623
304 4604
1940 4999
4906 4917
4766 4868
2907 3778
1642 4630
4180 4212
2663 4370
4623 4650
3800 4885
3561 4327
1343 4843
880 4279
1636 2458
3240 3656
4128 4837
2252 2646
1871 4561
2930 4906
413 3943
2099 4241
2844 3529
2209 4689
2165 3880
2502 4286
2959 4927
2727 4403
3958 4837
3240 3942
1535 2834
3656 4129
1977 2412
929 4326
1666 2608
2831 2939
67 4246
2688 4879
3797 4604
2931 3524
3727 4906
2619 4482
3266 4154
3540 4685
2831 4917
2753 3089
629 4843
2812 3623
2996 3618
3902 4618
2272 4543
2472 4241
61 4709
2013 2249
2576 2650
3498 4922
2766 4098
1940 3760
4286 4779
700 4706
3540 4327
4326 4724
4042 4129
4007 4732
3846 4538
2360 4308
2822 3822
3215 4990
2458 4787
3879 4503
4297 4583
1506 3485
3799 4080
3657 4264
880 4307
258 4209
2736 4295
426 3371
2831 4279
3023 3971
1801 3139
2324 4990
257 4879
581 4929
1870 4454
1119 3624
4661 4737
2299 3980
1576 4798
3223 4917
3618 4216
2218 4445
276 4177
47 1598
570 4541
2766 3346
3710 4701
302 4853
4084 4819
4563 4885
1658 3971
3194 3644
1577 1815
2360 3556
217 3501
2084 4448
2678 3027
3817 4715
1870 4719
811 4601
797 3525
4257 4705
387 3749
4208 4454
1021 4903
1051 3054
2196 4216
784 3811
2475 4732
232 2772
2502 4779
2485 4503
4224 4932
2189 3928
4042 4903
2272 4837
292 1950
3811 4782
250 4885
4276 4929
2577 3828
944 4513
2717 3980
3523 4228
2717 4293
1753 4279
2830 4177
3065 4062
4264 4993
1420 4862
287 4671
669 4403
3570 4612
1750 2698
3219 4737
2214 4274
3764 4470
2007 3490
3289 3322
2463 3797
3896 4245
2245 4324
2847 4748
381 4538
3880 4632
3701 4571
3670 4261
4748 4979
2028 4528
2766 4299
3690 4063
3523 4985
3276 3648
3394 3735
3534 4300
1870 4858
181 4837
2886 2907
4410 4917
255 3976
4395 4872
1577 4067
179 4640
1584 2628
894 4244
2950 4597
317 1867
1469 4299
3754 4724
2464 4137
2343 4244
3713 4406
2651 3758
2386 4005
1958 4661
571 4490
2197 4543
3295 4554
1441 2028
1742 3710
2698 4295
2801 3079
776 4661
1436 4809
3875 4452
810 4892
3639 4551
3492 4637
1921 4995
3158 4879
1935 2506
1803 3736
4446 4979
1921 3829
3644 3710
3091 4454
3780 4941
4233 4458
258 2360
1658 3801
1708 4098
1358 4554
2189 4528
2281 3032
2552 4885
4221 4613
639 4701
485 4906
4232 4236
471 4828
2884 4859
2345 3524
3097 4562
1958 4154
2873 3856
4236 4513
411 4531
1305 3879
2639 4102
2281 4825
819 4447
3268 3786
4128 4632
3880 4063
2995 3051
294 4837
1716 4176
2576 4006
2834 4867
3822 3839
1966 4632
3385 4212
2727 3650
1668 3786
1184 2067
4691 4709
4379 4932
546 3820
1093 4470
2226 4917
3342 4659
3511 3755
3748 4626
2226 4228
3295 4300
4225 4690
2931 4985
1407 2263
3081 3839
1465 4228
2950 4671
2365 4597
445 4876
4137 4452
4019 4715
2623 4458
1506 4858
3896 4318
1755 4244
1732 3176
4408 4817
2252 3321
3215 4583
1138 4097
2289 4932
3822 4286
1935 4286
309 3556
2272 4528
3815 4446
2931 4307
3928 4604
740 4110
4295 4691
819 4204
387 3801
2300 4241
503 4764
3814 4604
2823 4882
2531 4872
4788 4906
407 3470
1295 4563
3341 3689
3743 4618
2930 4010
1789 4840
2822 3710
317 3566
3204 4766
1428 4858
1466 4661
292 4563
3140 4467
2485 3878
455 4630
2520 3648
2698 4541
2732 3501
2786 3743
4070 4316
4659 4859
1591 4917
1436 1914
3281 4528
1065 4723
3183 3922
4122 4882
2835 4083
201 4516
2589 4473
43 1937
3570 4803
2437 4766
2619 4239
3625 4862
3922 4597
87 4019
1978 3758
541 2749
1549 4685
2596 2600
2884 4659
4257 4855
2619 4205
1191 2608
2847 4446
856 4180
3900 4386
970 2715
4302 4448
2186 4005
1160 3266
3406 4190
2964 4597
3618 4885
3234 4650
1426 3552
43 3550
64 4788
480 780
1928 4265
2727 3364
3765 4932
2035 3065
2055 4927
3758 4732
785 4070
3361 4855
419 3144
3495 4243
1543 4613
2736 4467
1093 4541
1532 4664
1966 3391
2070 2295
2089 2830
1232 3748
1282 3624
844 4985
4613 4922
419 3238
2452 2978
2436 4602
3765 4265
2627 4873
3915 4724
3092 4006
3788 4862
4005 4858
922 2125
1171 4513
3158 4063
3650 4260
3356 4466
818 2754
3236 4872
3343 4212
4080 4612
2466 4737
2356 3848
3342 4276
557 4404
3194 3822
3797 4245
1816 3495
3556 4840
3754 3980
2980 4601
967 4209
622 3689
3829 4245
2039 3658
1015 3790
2939 3524
1943 4664
2983 4840
2463 3112
3846 4705
4448 4594
290 3754
4232 4446
2747 3658
4212 4602
3639 4732
3718 4798
853 4798
859 2466
2259 4766
836 4999
2830 4449
1755 4932
3495 4177
1663 4701
4245 4407
2157 3089
2549 4927
1629 4077
2477 4062
2299 4447
1438 2165
3158 4765
2186 4995
1921 4994
2003 3282
1977 4083
189 3361
2870 4873
4080 4817
3634 4613
1029 4007
3112 4903
1999 4561
3486 4672
1352 4853
3298 4225
1009 2786
3139 3231
4714 4724
188 3148
1801 2477
2456 4828
2030 3748
1329 4513
1881 3276
1848 4324
411 3900
1607 4003
4612 4690
2295 2742
3980 4293
444 4410
541 4932
1126 2801
2822 3731
3691 3984
1171 2386
2628 4261
4277 4408
10 4482
3846 4233
768 4858
1305 2289
3139 4067
3817 4111
3890 4408
631 4788
1871 4563
254 4473
4327 4916
871 4993
1631 4659
201 3875
980 1675
4932 4941
2870 2983
1708 4771
3573 4664
1144 4787
76 4798
2339 4083
2200 4083
4505 4671
4282 4868
470 4518
1689 3701
3466 4694
266 3529
1308 1821
2288 4611
3406 3992
2974 3408
3780 3937
1587 4700
2627 4748
1662 2324
381 4705
4080 4281
4260 4308
277 3954
243 4766
1943 4561
1476 3418
2300 4097
3075 4723
3799 4941
591 2850
3649 4923
3817 4297
3943 4594
1211 3501
2841 4295
1308 4097
494 2627
2707 4257
2247 4392
2033 4689
1634 1951
1794 4916
2688 4402
3650 4714
2200 4503
130 4482
755 1867
3846 4100
454 3176
2520 4080
1287 2931
1613 4828
4472 4885
3092 4601
97 599
1144 3804
2909 4723
3656 4191
3148 3780
3197 3801
127 4700
3648 4659
491 4000
1799 4787
4454 4630
3656 4748
2189 4454
1708 4299
1140 3480
1522 4408
1583 4671
2853 4013
4719 4840
2537 4177
3640 3735
3613 3984
159 2497
2648 3900
930 4929
2930 4554
2416 3691
4286 4858
2663 2765
1834 4277
181 4063
1506 2870
2475 4892
4204 4293
1538 4672
1112 4766
1681 4613
4281 4868
505 4709
290 3915
1623 4597
4007 4561
3081 3194
3342 4959
4009 4853
1260 4825
219 4618
4077 4819
335 4623
923 4867
1686 4212
3618 3622
1750 1751
2707 3281
1935 3871
4216 4406
832 4737
3777 4876
1023 3204
2196 4885
1999 4318
970 4659
2570 4825
2858 4316
1848 4732
356 4466
2305 4868
665 4417
1126 4216
1062 4709
3928 4840
2252 4641
4257 4528
1294 4472
3611 4176
1669 3189
2336 3720
179 4198
3385 3820
2576 4449
794 3240
4102 4859
4128 4257
1573 4650
4516 4549
3268 3634
3848 4843
1634 3639
45 4819
4167 4828
611 3866
4867 4922
1970 4876
3525 4171
912 4129
1834 4408
2253 4402
997 2902
3360 4862
1716 3611
1173 4623
2293 4994
2220 2552
4297 4541
1794 4941
3075 4969
3083 3694
1799 3548
1232 4787
1669 3981
366 3828
4100 4674
3801 3971
571 3804
1398 1535
2324 3089
3748 4969
4190 4809
1160 4765
2240 4650
2065 3788
598 3942
2481 4571
2705 4283
1921 4993
2361 3197
3878 4618
2520 3189
4265 4929
1799 2458
381 4233
2878 4279
4403 4632
4386 4867
2184 3623
1744 4505
3356 3815
2288 4632
1662 4282
2345 3368
4340 4641
2324 3755
4473 4685
598 4193
1465 4906
2576 4414
2746 4927
1376 3973
3343 3599
4205 4843
605 1642
1527 3619
22 3954
940 2321
3846 4674
1356 4458
2988 4969
3289 4554
804 4516
515 4837
2608 4282
648 4433
858 4815
1009 4618
2634 3814
2336 4209
795 2247
1692 4218
2897 4205
2299 3606
3418 4392
3611 4798
1407 4771
1359 4561
1506 4903
3694 4572
3364 4070
3183 4009
317 3694
686 4809
3844 4543
901 3330
4572 4867
1477 4819
290 4204
3928 4994
1755 4246
3112 4868
3754 4447
1636 4787
732 3815
2980 4402
3223 3523
2115 4892
3717 4764
1940 4817
1469 2491
1870 4630
2870 4208
2715 4077
2506 3790
1554 4853
3470 4706
3492 4063
3364 4990
2288 3466
853 1280
2452 4867
2388 3390
2746 4516
1001 4622
1021 4563
2656 4505
1466 4672
3260 4765
2281 4676
1435 4993
3027 4700
2902 4696
810 4070
3057 4212
4929 4932
4070 4163
3980 4447
3396 4118
1642 2646
2209 4737
3197 3845
2822 3369
1467 4737
1491 2651
335 4650
1834 4916
1446 4077
2639 4809
3523 4154
3785 4563
1436 4659
736 4307
4696 4837
1549 4261
2113 4868
3943 3958
4183 4190
1929 4976
1629 3480
1849 4872
2436 4390
599 4042
1914 2013
3583 4138
18 2742
1119 1669
1452 4300
3213 3260
4019 4067
2278 4452
2421 3023
1339 3346
2416 3613
2823 4690
452 4705
1221 3691
4923 4985
4906 4985
1815 4809
970 4536
3818 4632
2656 3402
2437 3485
2933 4571
3394 4959
2742 3276
3722 3818
774 3811
288 4959
2155 4019
3204 4732
3296 4853
3023 3650
3534 4787
3140 4433
542 4714
585 4549
487 4637
1966 4694
2779 4815
413 4927
1745 3743
2787 4661
689 3596
2575 4243
1320 4782
1376 4118
1929 4641
622 4513
127 3922
3266 4959
3822 4408
3619 4782
2113 4098
2720 4118
4221 4892
569 4198
1935 2054
4454 4994
2481 4218
4640 4737
219 4503
466 3769
3725 4700
1283 3785
3356 4225
1080 3596
2286 2756
4212 4390
4356 4632
2292 4324
45 2965
2315 4906
2997 4922
2326 3958
3501 3790
257 2189
1116 4923
1832 4604
2959 4594
3922 4232
4013 4191
2267 2787
3799 4999
3329 4538
2639 4316
3339 4410
1689 2363
1970 4764
939 4696
2282 4828
1532 4873
407 4706
1117 4257
4798 4828
3209 4414
2747 4843
4177 4246
1966 4611
3804 4300
499 4843
3457 4664
1064 4433
3552 4969
4246 4929
4163 4782
2866 3980
2218 3152
3822 4858
3330 3971
205 3027
4386 4815
4010 4189
4613 4892
2619 4764
3176 3663
933 3390
2821 4137
2801 3942
1740 4985
3566 4696
1851 4528
3815 4979
557 4212
3260 4466
3820 4749
1999 4563
3466 4611
2720 4513
1029 2475
2388 4659
1577 4959
2214 4622
1440 2837
1935 4308
2870 4602
4300 4787
1871 4011
3725 4817
2853 3829
3153 4623
4819 4882
4283 4561
2200 2786
1577 4019
2499 3694
926 4929
255 4009
4637 4724
3717 3731
2249 2265
682 4447
3225 3402
4009 4993
2253 4518
3585 4531
3473 3501
4815 4922
2858 3976
3296 4084
2992 4265
651 4233
4299 4771
3172 4183
3943 4927
2018 2754
3073 4193
1112 4324
4386 4448
1515 4724
2978 4867
18 3624
2002 4661
4233 4696
1221 4906
2587 4691
2144 4903
2549 4516
1753 4671
3928 4995
3480 4077
419 4691
2861 4995
4084 4505
4538 4705
4176 4798
2472 4245
2927 3743
3780 4817
1065 2701
3829 4604
1064 4640
642 3786
1126 1662
305 3800
844 4191
2866 4447
2313 2841
288 4694
2823 4879
1435 4853
4458 4528
1742 2126
2736 3238
3079 4282
2253 4601
2157 3364
3552 3767
3720 4855
1668 4879
2033 4640
3871 4209
3844 4696
1538 4367
3701 4000
854 4623
2688 4690
3057 4390
3814 4840
4467 4691
2981 3153
560 4994
502 4612
4407 4995
1696 3856
893 4414
2965 4641
1416 4006
3570 4862
1617 3140
48 3408
1555 4701
2496 3822
2292 4732
585 804
1753 4917
3091 4737
940 4601
3848 4706
378 1407
1227 4216
288 4611
312 508
1620 2196
2499 3622
426 3767
4154 4390
1093 1486
1504 3984
22 2720
4177 4265
1707 4862
3765 4929
4583 4594
2801 4281
3295 4562
3298 4690
3650 3818
2627 4191
1465 3223
534 4276
2717 3754
1544 4766
2294 4390
3727 4044
2226 3649
3152 4671
1023 3556
3101 4062
4454 4995
2499 4572
1273 1558
3240 4129
3296 4505
454 2463
1102 4198
2628 4985
480 4969
3724 4386
1982 4705
2933 4218
1937 2247
1446 1515
4208 4407
47 4129
2343 4062
254 3790
1976 4941
2149 3157
4013 4190
4083 4518
1241 4514
3596 4392
3485 4732
4817 4916
2067 4216
3856 4239
1921 4724
3330 4903
1817 3172
1617 2506
3390 4190
4470 4927
4006 4356
2939 3649
3343 3501
1341 3923
2126 3710
2184 4308
310 1832
1527 2678
2639 3777
859 3562
2570 4859
1294 2421
2648 3339
1642 3171
3223 4985
1122 4787
2155 4541
3238 4446
4122 4715
1352 3152
4843 4876
2996 4876
3018 4932
4714 4723
3342 4102
1476 4013
940 4402
736 2628
3780 4862
2492 4261
591 4859
3622 4297
3644 4286
2437 2576
2084 4516
818 1681
2634 4630
2698 4067
4340 4976
3529 4867
2772 3691
1339 3786
1914 2174
3369 3839
1555 4286
3411 4189
2701 4571
541 4929
1917 2263
1031 3722
2861 4245
3525 4286
4110 4623
2831 4137
818 4392
1577 3342
4402 4601
2386 3973
4868 4879
1352 2950
1184 2071
2873 4541
3619 4009
3024 4601
1359 4563
1116 3368
2866 3219
1407 4995
287 2145
3148 3457
778 4433
2174 4404
4541 4715
3391 4876
2218 4853
4307 4985
407 2272
205 4221
4137 4601
4672 4706
2861 4994
2995 3943
1409 4723
53 4138
4208 4241
1125 4295
2742 4370
1140 1929
639 1803
3346 4876
1640 2496
3817 4611
1983 3157
2145 4597
4019 4297
3790 4473
2485 3743
1739 2802
4005 4407
2475 3213
287 3922
3249 4295
4019 4583
3658 4205
2282 4885
1026 4406
3485 3639
3748 3767
2409 3083
1700 4281
785 4782
776 4706
3529 3937
2575 4281
1282 4449
3634 4007
3785 4561
1639 4815
2385 4637
784 1320
502 4613
4407 4994
2326 2983
2265 3139
530 4611
1273 4876
1881 4685
1827 4466
4458 4696
2137 4705
682 3713
4448 4927
2844 4261
3342 4316
1571 4386
794 4622
1093 4010
4809 4859
2983 3634
2361 4903
3928 4623
3915 4923
3505 3790
4503 4516
2709 2810
1982 2475
87 4782
3800 4472
1818 4843
1951 4917
4189 4283
356 4765
3483 4084
429 1976
4395 4613
76 4167
2600 4690
3913 4505
1538 2577
1937 4392
2850 4102
3525 3839
429 4941
4063 4882
4118 4571
4302 4452
1943 3095
1914 4809
1224 3710
1452 4626
451 3663
3640 4637
1466 4706
4007 4562
836 4941
876 4798
3690 4225
660 2070
3391 4403
1921 4873
4554 4788
1869 4691
3713 4216
1148 2039
2253 2980
2787 3828
1722 1858
581 4674
2779 4892
2931 4917
3760 4817
2545 4467
502 4867
2927 3971
3480 3878
2995 3886
3777 4316
4218 4723
1536 4630
459 4062
1607 2497
1689 4723
2197 4674
3364 4163
4006 4630
4719 4873
2774 2927
4302 4518
1161 4433
1399 4929
911 1732
2844 4685
250 4367
965 4990
2481 3069
4225 4466
2942 4764
1789 2018
718 3984
3765 3989
2837 4737
3212 4102
3801 4601
1828 4392
3992 4102
718 3762
3408 4541
4518 4618
1125 2313
587 2174
2209 3095
2596 3717
2907 3256
3212 4859
305 4536
3139 4358
970 4976
3089 4990
4295 4467
3754 4277
232 3481
2576 3466
1079 4395
2343 2651
591 3822
3486 4661
3343 4180
1474 3189
4843 4879
1138 4118
1356 4257
1125 4433
997 3981
2812 3976
429 4817
3411 4640
2336 3735
830 4358
2155 4715
819 4326
3387 4302
1079 4892
4218 4969
1689 4969
1038 4222
466 4472
2997 4892
4283 4563
2964 4171
2219 4641
3468 4190
1753 3368
4571 4572
2537 4825
1343 3658
1452 4003
2126 2705
3540 4408
611 3976
639 4205
2326 4705
2385 2447
1090 3622
1309 4993
2531 2866
1573 4111
3392 3613
3215 3511
2099 4454
3954 4236
3718 4171
2997 4417
638 4105
508 3157
2065 3971
564 4879
3342 3394
732 4549
1774 4985
1255 3640
3172 4279
3561 3981
530 4749
4994 4995
3140 3811
877 4979
159 4788
3690 4765
1681 4392
778 4446
191 4327
2587 4467
276 4138
735 1527
2267 4706
2125 3648
3548 4490
3368 4128
967 4260
886 4779
4840 4994
810 3215
1832 4873
4690 4765
865 1653
2907 4929
3928 4208
1262 3896
3713 4868
2043 3057
2313 2847
3534 4105
3856 4876
1577 4013
3213 4225
2365 3027
4650 4749
3523 3649
2300 2720
1493 4561
1938 4414
3457 4395
494 4979
871 2950
2705 4779
3606 4815
3718 4885
1173 4676
3839 4286
1308 4236
3485 4007
1834 4080
3057 4602
3760 4473
1306 4876
3875 4549
426 3236
2412 4122
2717 4204
2249 4787
4356 4414
456 4110
711 3886
1160 4696
3597 4993
3937 4941
2155 4297
3189 3621
2830 4872
4277 4941
1003 4976
997 1958
4602 4637
2294 4602
742 4611
4277 4862
1134 3656
2013 4787
1672 4737
1753 4923
3540 4941
2764 4876
459 1270
1387 4690
451 3971
2656 3183
2927 4518
1598 4191
2054 2360
0 4676
3820 4138
1452 1536
1428 3829
142 2866
4470 4602
856 3343
4466 4690
2436 4862
853 4630
3866 4765
1940 4916
4102 4959
1506 4407
2054 4308
1821 4236
2436 4749
4612 4916
4216 4990
2972 4862
2834 4932
1620 3769
109 3981
3727 4788
874 3411
1623 2339
2339 4700
3018 4379
1125 2294
1029 4732
819 3915
2028 4705
4356 4370
456 4138
2907 3562
4225 4765
1140 4379
1100 3778
2754 4198
205 4386
413 4448
768 4241
2041 4417
1469 1668
3989 4876
3550 4326
3613 4572
451 599
3720 3958
2995 4549
1535 2324
2927 4083
3329 4674
445 4482
3240 4274
302 4597
1302 3786
3209 4006
622 2525
1112 4007
329 4855
350 1243
2765 3276
1143 4447
3820 4110
939 4543
3183 4853
2293 3875
3657 4010
3762 4243
1102 4640
1799 4490
1743 2756
3112 3845
3309 4000
2549 3886
3240 4622
1815 4959
4044 4613
2099 4719
1587 3225
1543 3606
1983 4959
4128 4705
4241 4873
3295 4626
1960 4193
2936 2939
2992 4224
2774 3878
3150 4514
40 3525
3140 4295
1241 4063
426 3309
2588 3606
2823 3481
4246 4932
4543 4855
1273 4239
2245 2497
1015 4685
3915 3980
505 2545
1474 2765
711 4837
858 4395
2502 3194
2330 4819
1976 3743
2155 4241
3760 4862
3083 4572
1716 4828
3760 4941
2835 3743
1420 4941
2022 4183
64 3657
3717 4482
3720 4538
3522 4969
3755 3848
3663 3971
3194 3710
568 3799
2576 4402
4452 4516
2007 4276
4295 4709
4470 4531
1821 4513
444 2676
3470 4661
1474 2520
751 4694
2281 4803
117 4583
4110 4706
965 3089
1789 4640
3276 4370
3650 4611
1692 3552
61 4433
3153 3583
3657 4503
4108 4261
1921 2099
2314 4379
2930 4788
1928 4932
3204 4324
3902 4503
2052 4922
1640 4701
4583 4715
1722 4876
3777 4959
2144 4922
3189 3648
3466 3573
3339 3649
2850 2958
4044 4386
981 4788
33 4236
2041 4473
3989 4932
2293 4302
1549 4417
2980 4414
309 3566
4840 4995
4433 4691
2715 4340
3298 3356
819 4293
2363 3309
4100 4538
3153 3820
1639 4572
3623 3735
1399 4281
4458 4543
480 3552
3980 4326
2958 4853
3149 4318
3295 4788
3670 4771
2830 4531
2754 2837
1777 4862
549 4601
1230 3596
1426 2909
2570 4379
1277 4623
2830 4386
3296 4700
1117 4326
4503 4618
2295 4370
599 4922
1411 4571
2126 4779
2030 4723
2339 4993
930 4276
3172 4923
3152 4551
1803 4779
2847 4979
1079 3724
3163 4995
711 4448
3663 4042
4528 4855
837 2030
1827 4690
2992 3765
3611 4171
4503 4518
3225 4009
4245 4630
4005 4245
4279 4923
1053 3236
2313 2648
3368 4923
4407 4454
4858 4879
4245 4840
570 4715
2286 4490
783 4696
2345 4917
3402 4044
686 3981
2207 4630
2346 3694
2812 3556
4466 4514
2289 4224
2715 4749
3658 4239
2959 4137
2144 3112
3204 4007
3171 4724
109 4828
4232 4979
2774 4518
1739 4787
4324 4732
1407 3346
3197 4222
1976 4006
471 930
2123 4340
3618 3619
3176 4903
581 1851
3371 3701
3657 4408
1935 3866
2577 4367
2035 4358
2197 3542
503 2902
1894 4650
375 3767
721 4705
3402 4853
4006 4601
3973 4224
4356 4514
3817 4019
2853 4236
470 4208
4403 4611
4277 4817
2030 4969
307 4885
3081 4858
45 3321
459 3139
1255 2055
4724 4976
2189 4630
4274 4622
1295 4189
3886 4302
1144 4490
4917 4985
1573 4676
1329 2300
4063 4690
4302 4516
1571 4892
669 4611
2858 4927
3820 4111
3213 3599
2149 4379
830 2456
4264 4505
3150 4225
2861 2866
2709 3814
1554 4458
2441 3552
67 4825
970 1086
1416 2988
2964 4853
571 4626
2972 4803
2774 3879
3183 4264
2834 4265
4316 4859
4543 4705
1550 4209
2007 4010
4191 4622
4282 4406
1753 4244
701 2137
4561 4563
3091 4241
2705 4286
1515 4637
1631 4859
2801 4885
3261 4417
487 4976
4228 4410
3024 4414
1743 3619
1015 4867
4408 4941
4265 4932
2936 4917
3937 4694
4386 4892
3368 4279
3289 3295
1827 4765
2437 2939
4100 4257
1504 4449
1774 4601
4193 4868
2839 3828
642 4771
3215 4782
2634 4994
2772 3984
1438 4779
2600 4765
1727 3639
1260 4276
4154 4859
1309 4300
836 4803
754 4503
1282 3024
3505 4261
3550 4063
1287 4906
1777 4817
2839 3486
466 4282
2412 4882
2033 4664
3031 3943
4044 4872
2589 3089
3204 4551
4221 4395
4513 4562
3844 4855
3922 4671
4674 4696
1023 4277
2261 4277
2161 2786
1420 2897
4044 4221
1026 4868
1283 3896
1438 2933
4077 4536
2587 3815
293 2452
73 4862
3743 4503
1975 3483
3163 4873
4408 4969
1356 2028
2525 4985
836 3360
2305 4193
2678 4163
3095 3219
2115 4867
901 1038
1838 4672
1662 4868
1550 3976
1669 4105
2709 3418
1119 4183
2452 4872
2506 3501
3524 4923
4612 4803
1851 4837
53 4749
754 4618
2933 4723
2409 3566
686 4176
505 4691
4445 4671
4177 4929
570 3817
1086 3069
3212 4959
1587 4505
3396 4236
2115 4221
2052 4714
3943 4302
1051 4308
1488 4618
1970 4482
3814 4994
3511 4070
2575 4282
3954 4097
4190 4859
1639 3694
2950 3922
3760 4554
3689 4404
620 3820
2421 3871
1894 4623
3797 4407
1100 3800
2346 4239
1696 4843
1308 3981
1477 4641
2749 4379
4696 4872
2075 4340
3878 4518
1420 4999
2587 4433
293 4922
1515 3640
3163 4994
2267 4672
1605 4108
2186 3481
1780 4819
933 4859
4503 4513
3391 4611
648 4709
1025 2996
2035 4999
4671 4723
3727 4554
631 3727
1100 2710
1416 4601
726 3976
4154 4787
4102 4659
2786 4518
2363 4571
3311 4003
3215 4917
853 4771
874 4562
3282 4243
2292 4562
3031 4516
4379 4825
177 4204
1343 2823
2933 4969
2220 4868
3624 4370
2455 3387
1282 4561
508 4472
1675 2214
1317 2458
366 4672
3148 3735
2884 3777
4009 4505
4630 4995
2853 4154
477 2343
1636 4626
3157 3713
4260 4694
1426 3767
93 4700
3032 4817
4084 4671
860 3075
2041 2732
3820 4676
4128 4458
1387 4882
2983 4995
4233 4257
1015 3670
4700 4809
57 3296
1267 3065
1230 3311
2217 3505
2897 4876
3505 4685
3846 4696
452 4674
3625 4110
3387 4594
2907 4265
1306 3731
2545 4709
1102 4689
4732 4766
2411 4803
2220 3618
2228 4154
4691 4979
2200 4518
3511 3848
1848 3204
4209 4664
1042 4723
1270 3101
3749 3845
451 3176
4129 4613
1867 3418
0 740
1980 4403
1894 4676
837 3748
3525 4779
4009 4597
1640 3839
2520 3276
2196 3542
3765 4246
3385 4749
858 4171
3282 3762
2861 4873
832 3457
4611 4632
651 4618
1148 3231
674 4969
276 4224
2388 4809
277 3973
2747 4482
1125 4446
1740 4410
2747 3856
3540 4999
1951 4985
1808 4601
3163 4840
2634 4995
1801 2343
2481 3552
3369 4701
3341 4180
2336 3976
889 4572
1317 4490
1283 4470
2226 3463
4167 4798
3599 3689
2485 4518
4906 4922
3762 4277
162 3374
1763 3396
470 2485
454 4042
3657 4906
1224 3848
4664 4674
335 4233
4798 4882
2054 3215
1802 4798
2705 4701
2419 3845
2866 3915
1493 4749
3844 4705
452 4233
3524 4228
1544 4732
4000 4969
1265 3984
3731 4843
1777 3780
1745 4618
3818 4403
2096 4640
3621 3648
1134 4622
1428 4241
3597 3786
1549 4108
3658 4843
2013 4490
1115 4572
2466 4689
546 3240
2458 3548
4044 4531
3829 4995
4538 4872
2779 3900
4723 4969
3556 3976
2766 3289
3540 4916
1555 2126
3556 3871
3735 4209
1069 4604
3640 4536
3343 3689
4241 4858
3980 4994
2746 3259
1605 4715
189 4233
1755 4825
900 3374
2496 4701
3296 4993
2039 4062
2356 2837
3928 4241
2071 4694
4283 4318
568 4993
455 4840
4097 4118
2988 3309
3923 4538
1522 4612
1522 1672
3371 4108
4433 4516
1224 2050
61 4467
2676 4010
1977 2485
1620 4406
3583 4623
564 4765
2013 4300
287 2339
1978 4244
3024 3209
1428 3387
1486 3289
4622 4748
811 4916
4403 4694
3623 4209
1821 3973
2249 4300
2600 4122
2983 4873
778 4691
674 4723
632 4676
4279 4917
3298 4514
1573 4671
2362 3613
288 4632
1317 3534
1134 3194
3470 4672
2313 3140
836 4612
398 4922
785 3619
2416 3392
3691 4257
3640 4641
4193 4472
488 3788
1440 4689
1398 3364
1318 4694
3024 4985
4604 4719
3498 4221
455 4995
2464 3259
2228 3468
3231 3758
3777 4859
3797 4840
4233 4618
1636 3804
3466 4260
4108 4685
3754 4204
1229 4562
854 4473
2247 4719
818 2810
1662 4406
700 1858
4137 4516
2041 2754
3597 4084
4307 4917
4916 4941
2294 4212
3886 4594
494 4129
2442 3937
2627 3024
2983 4994
2821 3875
2861 4840
3152 4084
4714 4922
2897 4764
2591 3788
191 4941
658 3701
3212 4316
2705 3525
304 4554
3259 4302
1658 2144
2732 4473
4395 4867
1488 4503
2628 4410
64 4554
2263 3205
2774 3163
4208 4840
4445 4853
2627 4467
1277 4676
1881 3670
2115 2779
2839 2841
277 4513
2299 4326
735 4766
3212 4855
1663 2822
1524 3481
3767 4000
1051 3976
142 4724
1486 2409
2324 3215
2360 4672
258 3976
2013 3361
1625 4417
117 2226
1999 4283
3065 3148
4209 4308
4077 4340
3529 4473
973 1090
3374 4798
3157 4406
4787 4999
4239 4843
3018 4929
2463 4265
3138 4916
2035 3758
3690 4985
3788 4318
3238 4748
2787 3470
255 4993
3391 3722
1211 2209
4224 4825
1232 3548
40 4701
1625 4788
1623 4993
329 4705
0 4623
3073 4622
4906 4923
3463 4561
3144 4709
2152 4719
2207 4840
2197 3958
4837 4855
2747 4764
4224 4276
48 4297
3296 4787
3171 4641
3281 4257
2265 3758
757 4261
3731 4876
3492 3573
560 3091
4010 4470
780 4969
1587 4445
3754 4979
398 3663
2218 4282
4696 4705
1801 2651
2346 3083
4233 4674
1465 3139
2623 4543
530 4632
4260 4632
1722 4205
3927 3928
3989 4929
3829 4994
4622 4640
1491 4062
2196 4505
4782 4990
1937 2400
2149 4876
1576 4872
3815 4433
240 3583
2747 4239
3369 3644
2810 4392
2850 4236
304 4788
3778 4868
3639 4766
3341 3599
3725 3760
4458 4538
2481 3309
3846 4528
127 4445
2545 4691
2732 4417
3138 4828
1476 2853
2412 4690
3506 4843
3622 4613
4837 4843
258 4308
1774 2936
3236 3927
2802 4264
4803 4817
2470 4815
1309 4626
797 4701
804 2746
1341 4257
3339 4279
4571 4969
3570 4916
1488 3879
2217 4685
3754 4326
1038 4903
3755 4163
780 4723
3570 4999
2831 3172
1832 3163
4063 4225
1100 4815
1107 4538
2950 4993
3540 4612
2720 4097
1436 4959
1917 3346
2950 4771
1921 4005
774 4281
700 1838
3091 4630
375 4571
3163 4661
2228 4959
3550 4392
1409 4690
1584 4923
2003 4803
3380 4402
2656 4993
402 4994
3506 3856
1838 4706
682 4204
2600 3690
4724 4819
2165 2988
3818 4611
1745 2927
402 4407
3981 4171
4293 4447
2496 3369
2552 3713
2705 4858
491 2701
3390 4859
1881 4261
2299 4204
3992 4190
1411 2988
1692 3371
2520 3621
304 3490
3622 4867
3342 3390
1658 3095
2878 3523
4100 4837
4245 4604
1958 3828
744 2067
1983 4859
1774 4917
1038 4867
4406 4641
1446 4976
2972 4286
2261 2688
1294 4868
1543 4531
177 3980
581 3958
3634 4630
751 4407
1789 3339
1620 2844
3760 4916
1273 4764
3466 3818
87 4715
3083 3522
2084 3259
3596 4003
2149 4932
939 4100
2499 4044
3788 4283
2497 3639
4097 4855
2997 4867
4245 4873
549 4218
455 4604
309 2650
568 4700
3322 4470
1031 4632
3468 4102
2411 4916
585 4927
1227 4472
4690 4882
858 4044
3989 4224
638 4404
3800 4868
40 4286
294 4855
4274 4531
4224 4265
2873 4297
3468 4859
4293 4326
754 3879
1267 3778
3231 4244
1398 3619
3018 3495
2627 4129
3735 3976
3490 4193
4006 4414
3778 4281
366 4706
2261 4879
642 4299
715 4995
3556 4209
3144 4467
2902 4167
810 2753
940 2576
1794 4408
2853 4316
4111 4386
3845 4903
4005 4630
2313 4837
3896 4283
4538 4837
1743 4626
2125 3624
3083 3566
78 4541
3402 4264
2537 4224
4063 4765
3845 4714
916 4417
1536 4454
1093 3727
1305 4503
4110 4138
4340 4990
357 4764
3498 4828
4541 4583
3069 3689
2464 4594
3342 3992
1983 3212
3790 4246
2879 3485
2656 4597
2155 4067
2552 3769
4941 4999
1230 2400
3875 4302
2531 2873
1938 4601
2207 4873
3054 4260
4815 4867
1467 1672
2844 3501
1029 4766
2552 3846
2671 4618
4691 4719
182 4466
1920 4637
3065 4837
4705 4872
112 3829
488 4189
4404 4602
3829 4719
2520 4370
3815 4748
4640 4979
3057 3902
3139 4244
2278 4916
742 4632
3380 4006
3724 4700
293 4867
1273 4843
3490 3657
2576 3209
3480 4976
1009 2356
4640 4689
1318 4403
2305 3542
3157 4282
3027 4445
2552 2575
3343 4602
2873 4715
40 4779
2491 3205
3523 4923
1399 4868
3878 3879
179 4932
1416 4414
1870 2186
4218 4571
3644 4764
2286 4300
182 4882
4228 4906
2997 3927
2774 4083
2125 4105
3057 3341
2570 4246
794 4274
3089 4070
4817 4999
2978 4815
4067 4583
2123 4077
3261 3473
4111 4676
492 1929
1399 3800
660 2765
3915 4674
2995 4302
4706 4714
2504 4819
3585 4990
4458 4674
3406 4959
3394 4190
2870 4840
3942 4748
513 4715
3599 4602
3958 4538
1080 1828
4128 4528
2720 4447
1958 4367
2861 3829
1598 3073
402 4995
916 4473
3701 4221
1550 3866
2054 3992
1828 2400
1488 3369
4163 4990
1197 1544
2099 4630
3023 3749
2964 3597
2155 4011
858 4892
2930 4999
3923 4696
2442 4803
2834 4929
1938 2980
2974 4264
4705 4837
3690 4122
880 4985
426 4969
2786 3880
3212 4659
1527 4782
2411 4277
3718 4406
1708 3139
1838 4470
1086 4859
3896 4563
3973 4236
1221 3392
2385 2753
1960 3718
2671 4083
3765 4177
3483 3611
4449 4601
3341 4602
485 4923
4563 4779
973 3619
2821 3762
2293 4516
4241 4407
3387 4137
2043 4859
3380 4661
1267 4601
3725 4999
1065 4571
2930 4470
1801 4244
3057 3069
726 3866
3150 4122
3387 4452
1161 3249
2873 4067
3498 3606
3234 4676
2835 4518
859 4664
4771 4840
1937 2709
1716 4167
904 4872
2850 4013
470 4618
768 4840
2485 4083
4180 4922
900 4828
3900 4892
477 1163
2050 3511
3923 4837
4102 4190
1476 4959
4433 4467
1573 3820
1256 3828
4390 4404
1428 4873
3760 3764
4111 4623
3311 3418
3091 4245
1441 4482
1834 4999
2286 4787
715 4994
3561 4828
3724 4906
177 2299
3024 4402
1686 4602
2950 4825
4167 4177
3470 3828
2965 4819
3157 4404
2207 4208
3720 4543
1144 4300
3391 4676
3505 4637
494 4274
632 4623
1255 2821
3223 4410
605 4724
3542 3718
1535 4990
1474 4105
2052 3054
3463 4563
2070 4370
97 4732
2959 2995
390 4858
2463 2981
1173 4650
4402 4449
997 4798
1573 4105
4138 4676
3634 3928
487 4077
2732 4108
4077 4976
735 3811
4102 4154
217 3670
3032 3890
1591 4906
1302 1339
3295 3800
2240 4623
1163 3101
3194 4858
3215 4070
3261 4163
3597 4009
1318 4513
87 4541
1409 4571
402 4858
64 4010
2525 3717
3157 4281
493 4300
310 4994
3330 4222
480 2701
2853 4659
3556 3866
2646 4641
2313 4979
2477 4244
2942 4205
1504 3392
1818 3374
2837 4111
3501 4685
4714 4976
2365 4671
1309 4490
2995 3259
669 4694
3511 4163
2671 2835
3408 4019
701 4538
191 4999
1305 3743
1102 3219
2756 4410
4604 4994
4183 4917
639 4286
4118 4513
1504 3613
1978 3065
1184 4282
3295 4787
1708 3973
3799 4916
1051 4490
2802 3027
3923 4543
2732 4193
3032 4080
3371 4097
445 856
3486 4505
602 2720
1938 3024
292 3896
2470 3724
2253 3092
1409 3371
3556 4308
1029 3762
1225 4011
1117 1229
1700 4885
3259 4927
3093 4903
1818 4239
488 3149
560 4873
1686 4403
4000 4549
1849 2115
1021 2419
4183 4279
629 2942
898 3788
3928 4630
2345 4307
317 4572
2841 4691
3341 4390
2648 4163
1140 4976
2421 4282
1675 4003
1940 4862
2772 4243
3236 4386
2043 2850
2161 3878
1573 4749
4297 4316
3406 4154
1143 4326
1079 1849
2071 3722
1042 4969
3261 4867
2259 4732
1663 3081
2436 3599
2200 2927
532 2033
3097 4732
3356 4882
2343 3065
3097 4766
159 4551
2002 4706
4111 4650
1774 4923
1255 1834
3797 4454
2253 3209
1613 1620
4594 4927
2200 4618
1696 4764
3644 3839
2214 4191
1751 4867
2409 2544
2549 4452
742 4694
2145 4671
1001 3073
3542 4216
2861 4005
1265 3481
2909 3309
1243 3845
2463 3801
3069 4602
1532 4198
4809 4969
541 4224
3735 4308
886 2002
3886 4448
1982 4766
3928 4449
2326 4257
2386 2720
4204 4447
3937 4105
3764 3890
3079 4406
1958 3470
2591 3785
356 4879
3506 3717
2028 2974
1184 4868
2959 4549
576 3261
2272 3361
1138 3875
499 4903
3330 4714
2022 4917
2591 4561
3490 4906
1943 4198
1042 4719
4098 4671
3866 3976
3748 4876
335 4676
3392 4855
3249 4467
357 4205
585 3051
3457 3562
3639 4571
2492 2995
4613 4867
3992 4809
1821 2386
4198 4892
1666 4941
3152 4597
2472 4454
1163 4358
1039 4694
3238 4295
2321 4554
4709 4748
2292 4766
1613 3718
4167 4176
2123 4819
3690 4674
4070 4782
2055 3387
4407 4630
3223 4183
2084 4302
2179 3390
2787 4594
1817 2939
3731 4205
4257 4458
1122 4892
2115 4906
3073 3204
3189 3276
4080 4327
502 4386
1858 3731
2033 4198
1943 4689
1636 4293
4180 4404
721 4543
3689 4837
3758 4244
1416 4356
3329 4204
357 4843
2281 4916
2707 4528
2055 4549
3644 4858
2412 4879
3943 4257
1881 4108
1668 4771
2988 3371
3954 4118
1488 3902
2229 4705
4472 4868
3866 3871
1009 2286
4472 4979
3713 4281
3735 3871
2497 4503
4216 4472
3473 4685
1663 4286
3724 4815
1716 4798
1441 4239
2436 4404
2137 3542
4129 4193
3548 4626
4191 4274
1587 4664
1441 3717
3343 4390
2591 3149
4671 4853
310 4995
1789 4295
3754 3915
1660 3485
856 4390
2249 4406
3483 4176
2492 4417
3801 4222
2866 4293
1491 3758
965 4782
2587 3140
1631 2850
3341 4212
4701 4858
2281 4999
3718 4691
751 4611
4604 4995
3790 4417
22 2027
254 576
2411 4862
2321 4618
3234 4749
4177 4932
4108 4193
4154 4316
4208 4994
1302 2766
2229 4771
3321 4013
1535 2678
3356 4879
3296 4009
4282 4472
3797 4719
512 3801
2527 4868
2950 4299
4327 4941
871 2802
2688 2823
944 4097
3749 3801
3295 4470
715 4719
520 4719
390 4274
1225 4449
4011 4318
1871 4318
1225 4010
1477 2927
2779 4872
3724 4892
3249 4709
3197 4903
2756 4787
3562 3984
3619 3755
2050 4000
3599 4390
1524 3984
2218 3778
4843 4927
3260 4514
485 4788
3138 3561
1869 4446
4446 4467
3890 4862
40 4858
1126 4868
3032 4999
1021 4922
3498 4867
3817 4583
2361 4042
3534 3548
2146 4691
1577 4809
266 1774
2591 4318
2411 4941
109 3138
2288 3391
4232 4748
804 2821
1623 4264
3342 3777
4228 4985
1816 4929
10 4417
1398 3755
754 3902
3573 4771
2909 3767
4316 4659
929 4447
1142 4067
1486 2321
1669 4959
1904 4694
2587 4709
232 1265
911 1477
2549 4594
922 4370
1438 4571
3256 4265
4190 4602
3093 4922
3585 3606
294 701
3634 4994
4228 4307
3466 4403
854 2217
3260 4448
3152 4505
3483 4828
3522 4218
1605 4297
3529 4417
2030 4979
783 3329
1818 4482
1341 4855
3490 3727
4010 4771
1030 4969
744 4885
4408 4612
1446 4482
2149 4929
3529 4108
620 4367
2983 4623
3079 3457
2608 4862
3505 4672
3091 4994
1692 4000
3725 4916
4765 4879
632 4819
2764 4764
2157 2753
1143 4293
2152 3371
1838 2267
240 4218
2698 4788
117 4541
1802 3611
3797 3814
2477 3649
755 2247
491 4969
3736 3822
2249 4626
1467 2466
3760 4408
2003 2772
2727 3618
1026 3079
3839 4701
1960 4885
2356 4737
4467 4709
3457 3561
886 3644
1975 4167
2749 2907
4505 4798
3140 4979
856 4879
1142 3817
2070 2441
4228 4279
2878 4307
3364 3755
2972 3032
1191 4922
2936 4923
3623 4260
3073 3656
564 4326
2491 4771
2294 4180
578 4637
2996 4885
1467 3148
648 4691
1224 3219
3880 4690
1744 4274
2179 3406
1801 4858
517 4927
1827 3213
856 4602
1356 4543
2525 4307
3149 4561
2707 4674
4264 4445
312 4885
500 4279
477 3101
4171 4798
2419 3197
2447 4340
2715 3640
3942 4193
1982 4007
232 4843
4817 4862
715 4503
3845 4514
3321 3984
1358 4906
3814 4873
1550 4260
689 2400
375 2909
2537 3765
3606 4613
4225 4882
2742 4612
4281 4282
2033 4995
899 4602
2065 4563
3958 4855
2933 4000
1640 4661
3856 4482
1115 2544
2812 3054
2052 3650
4177 4379
491 4723
2455 4516
2812 4209
3281 4705
3690 4466
3561 4798
2054 3054
4414 4449
2265 3231
1428 4604
3081 4779
1142 4715
2736 4979
3238 4467
2831 4923
2324 3811
2314 3256
3091 4719
2052 3093
911 3621
4233 4243
1184 3157
3562 4664
1849 4277
2292 3204
785 3215
3915 4293
3069 4212
1260 4246
3506 3658
3848 4782
3942 4274
2646 4976
1816 4855
2458 4626
1808 4006
43 2709
2765 3648
4637 4976
4623 4749
4208 4995
3150 4466
3844 4674
4209 4859
718 3613
1743 4300
1002 3204
4386 4395
1744 4993
3606 4867
916 1015
3958 4674
4661 4706
3839 4858
1660 2959
2663 3621
2981 3112
1039 4632
3065 3231
2909 4969
1653 4994
3364 3811
3777 4190
1446 3492
266 3473
922 3648
3219 4689
2492 3529
2289 4994
142 4204
2491 4843
4233 4239
3599 4212
1025 2958
3380 4414
3880 4650
1527 3369
4551 4766
3260 4225
1446 1477
78 4715
3701 4218
2841 4979
1999 4640
4765 4906
2866 4326
1493 4138
2315 4923
811 4356
1116 4906
3054 3866
3981 4167
3769 4885
3092 4879
1940 4941
492 2866
1975 4798
4536 4819
3322 3764
1743 4482
2470 4764
2537 4932
940 1808
4554 4906
3189 4929
3937 4999
3092 4402
3339 3923
3023 3866
254 4108
3529 3989
4006 4449
2575 4885
3976 4308
366 4661
1042 3701
205 2997
3634 4995
1305 4163
3767 4723
4903 4922
2267 4661
2003 3984
2801 3618
3092 3209
407 4367
3788 4561
3760 4999
3473 4295
682 3980
419 4979
3238 4709
1062 4979
2456 4732
4714 4903
181 445
922 1669
3922 4445
3390 4959
3468 4316
598 4748
751 3722
4641 4819
3524 4985
3799 4862
2879 4551
1696 4239
2591 4563
742 4554
3418 4003
2360 3735
1777 4080
2774 3902
1881 2506
1929 3483
1469 3506
515 4128
1631 3406
629 4482
1696 4205
2437 4562
3296 3922
1260 2821
3322 4010
768 4873
4216 4224
3650 3780
2698 4297
2823 4514
4006 4402
1532 4689
3585 3927
1282 4414
2627 4274
701 4855
3204 3639
3785 3896
4083 4618
3249 4691
4454 4840
1506 4840
179 859
3492 4976
2470 2978
2627 4622
2853 3992
3875 4927
3144 3815
860 4723
4308 4749
3212 3468
2252 3640
3524 3937
22 1763
4765 4882
1858 4764
3144 4748
1042 4218
1030 1411
2634 4719
18 4105
3027 4993
1080 4392
505 4446
2039 4080
2030 3309
1230 2549
2756 4583
4208 4873
1692 4264
3570 4282
880 4917
3321 4641
3295 3764
2137 4183
487 2252
874 3219
2028 4626
3081 3736
4307 4788
3829 4858
1119 3621
3817 4067
4803 4916
2300 3778
1493 3583
3570 4817
3392 4241
2965 3492
3811 4070
3540 4803
1549 4473
2717 4724
4137 4208
57 3249
2089 4872
2964 2974
2115 4872
3879 4083
4257 4837
2765 3498
2886 3495
3548 4176
4189 4318
3079 4472
3923 4100
2930 3322
981 4010
1904 4403
2707 4705
3481 3691
2698 4715
2475 4766
1732 2052
1140 4819
3360 4803
3880 4122
1107 4903
2196 2527
3764 4788
513 4583
1818 3856
901 3845
3150 4467
1282 3380
1107 4613
1116 4410
3552 4000
520 4994
1629 4340
219 1977
4300 4454
2873 4583
312 2137
419 2847
3618 4406
3261 3501
4233 4705
534 4118
926 3785
4067 4297
2321 4470
2499 4815
1021 2463
794 4837
4063 4514
2145 4993
2035 4062
2217 4108
4395 4531
4611 4694
904 4044
797 4286
1744 4445
2587 4295
2240 4138
2847 2997
3848 4367
3390 3937
2588 4395
2879 3980
2272 4458
3923 4128
2873 3817
188 4062
1163 4062
1122 2472
3942 4191
2698 4623
2071 4611
3144 4691
889 4111
1660 3943
3249 4232
503 3856
3879 4571
2294 3599
2978 4395
488 4671
2997 4221
3212 3992
4472 4482
499 4714
2115 4190
3212 4809
3148 4244
2844 3473
1428 4994
1294 2779
3583 4696
926 4563
4300 4490
2472 4719
3057 3599
4414 4685
3266 3777
1658 4222
2959 3875
2481 4000
3937 4817
2466 4640
2346 3566
2252 4976
2267 3720
4198 4689
1755 2537
1653 4630
2749 4265
45 1477
4198 4640
3585 4815
557 4390
4307 4923
611 2812
2385 2646
1870 4873
4454 4873
4260 4403
191 4612
2174 4180
2588 3356
3481 3984
3727 4407
1532 3562
3097 4551
288 3818
780 784
1452 4554
3408 4715
3871 3976
3481 3762
3755 3811
1504 3689
293 4221
3786 4098
307 744
4690 4879
2267 4367
3839 4003
3890 4279
578 2123
4044 4892
3330 4922
2324 3511
638 1474
2055 4676
4003 4392
2165 4723
686 4798
3051 4549
3140 4748
1799 2441
2346 3522
1636 3548
2821 4927
1832 2870
2463 4209
1262 3566
2043 4959
2125 2295
2634 2639
2844 3790
1171 4118
1658 4042
2527 2996
1978 2477
3481 4243
1584 4183
1080 4003
2245 4732
1544 3097
811 4414
1387 4514
1794 4862
3828 4276
2052 2907
1416 3380
3817 4541
1858 4876
2245 4766
3886 4927
3411 4198
965 4070
3408 3817
1777 3360
3183 4993
3390 3524
648 4446
3650 4632
4445 4676
4764 4876
1958 4672
3618 3713
162 4554
2472 4873
3670 3790
232 3762
3092 4356
2065 4561
3457 4737
1914 4154
3913 4853
3081 4222
2226 4279
930 4265
3760 4612
2588 4892
2705 3839
2830 4922
3093 4976
1869 4979
488 4561
2802 4084
3984 4062
3880 4882
3958 4128
4122 4690
3374 4828
4324 4551
1808 4414
3606 4044
1613 4176
660 4105
591 4659
2314 3081
4452 4594
266 2732
1675 1751
2577 4661
877 4414
4447 4724
832 4000
1634 3585
2385 4482
1828 2810
2939 3339
1171 3954
1660 4516
1832 3928
3786 4299
2974 4853
2907 4246
736 4917
3550 4003
452 1970
250 4766
1617 4876
201 4927
3871 4308
2054 4209
776 4367
4224 4246
3411 4561
2363 4723
876 4828
3079 3778
3144 4163
1093 4554
2226 4985
312 774
3298 4661
3828 4706
1009 3902
2229 4674
4467 4782
2678 4782
1914 4190
2497 4551
159 4732
2570 4932
3804 4445
1387 3298
2365 3296
3811 4990
3194 4779
3329 3361
2974 3597
3848 4163
893 4402
1140 4536
1064 2209
1359 4318
2365 4138
832 4689
1743 4787
2326 4543
2646 4340
3346 4771
2715 3480
3880 4765
1339 1407
587 4390
2787 4367
631 4554
3069 4404
3091 4858
1617 4482
2676 4554
3815 4467
939 3923
3846 4837
1696 2897
874 4664
4177 4825
3800 4193
2089 4613
4232 4433
2834 3018
581 4543
2639 4190
4395 4892
3658 4562
1148 4244
1950 2096
1970 3506
1983 4316
1476 4659
736 1774
780 4218
1816 4932
1663 4825
3153 4111
2841 4446
2149 4177
830 4706
2261 4514
4007 4551
2570 3256
1267 3820
1980 3552
754 4872
2411 3890
2707 3329
4859 4959
4764 4843
2676 3989
2096 4737
3573 4689
2506 2844
2835 3902
970 4019
2980 3024
721 4696
701 4674
3364 3619
413 4549
1082 4204
3261 4261
2549 4448
1999 4189
2835 3725
1538 3470
2455 2456
3112 4922
2810 3311
1262 4572
1122 4626
894 2039
3788 4563
4239 4764
916 3529
1171 4236
2067 2305
1224 3194
1287 4183
1398 4990
2421 4216
3329 4696
1583 4084
726 1935
4551 4732
3153 4749
3406 4809
2850 4959
4719 4995
3369 3710
3562 4737
2070 3321
3329 4100
1053 1229
2229 3281
3984 4243
726 3871
889 4138
1329 3954
3529 4685
1832 4472
2282 4798
2596 4764
571 1739
513 4541
3483 3561
3361 4674
1292 4724
2933 3767
2485 4765
2356 3562
1090 4867
1722 2897
4528 4543
3092 4449
3570 4327
1082 3754
3981 4798
277 4236
3171 3402
901 4903
1605 4583
302 4993
3018 4276
2676 3727
1640 4858
2455 4594
4458 4837
1817 4307
3710 4779
1329 4118
3878 4503
2071 4403
3777 3992
1960 3800
3724 4613
3797 4297
350 4837
2544 3083
2639 3992
1221 3282
1134 4129
3958 4583
2289 4825
3418 3550
2228 4659
3748 4490
1344 1524
1732 3663
2531 4892
1707 4999
2228 3992
2983 4208
3954 4513
3360 4999
1436 2228
1491 3139
1352 1435
1802 3981
4873 4995
2033 2209
4009 4671
564 4882
3158 3690
4390 4602
4764 4819
3281 3749
1117 4007
3748 4787
48 4541
837 4723
112 4719
2926 3765
2972 4941
3470 3848
795 2400
3785 4011
4105 4370
967 2039
305 1477
2861 3928
2157 4782
3392 4243
10 3406
1666 4862
818 1607
2217 4417
4000 4218
1975 2902
189 4543
3937 4080
3492 4571
1409 4969
2619 2942
1486 4788
2043 4809
3525 3710
2054 3623
2927 4503
1138 3973
3829 3848
1794 4803
3234 3820
93 568
876 3561
2305 2964
3621 4105
1669 4370
894 3101
2786 4618
2292 4551
3989 4177
1951 2997
3321 4976
1700 2067
4110 4676
3797 4873
3923 4674
1815 2043
4402 4414
2942 4876
2656 2964
2717 4447
3171 4819
3261 4685
3822 4701
2286 4626
3973 4097
3710 3890
2455 4549
488 2007
632 3718
1571 3927
3717 4108
2065 4318
3281 4674
4562 4732
2577 2839
2656 4700
1686 4404
471 4176
1069 4995
3031 3051
1755 3923
4277 4803
892 4239
3764 4370
2878 4985
4562 4766
3880 4879
3694 3839
4482 4764
1079 4618
1598 4622
3780 4612
1358 3490
3158 4466
1920 3492
3890 4941
4858 4885
2421 4406
2259 4551
686 3769
4154 4809
1629 4976
4241 4719
3871 3879
164 3797
2544 3694
477 1951
549 4402
3392 3762
3069 3341
4281 4885
3153 4110
2356 3095
4503 4640
2570 4276
1440 3171
1426 1438
3622 4922
2421 3800
1160 3342
2764 4239
2623 4233
2321 4010
622 2628
797 4779
1549 3505
926 4561
1100 4868
1689 3522
711 3958
2126 4706
1937 3311
3754 4293
335 4749
2676 3764
970 4819
288 2727
3611 3981
3144 4446
3511 3811
3385 4623
1265 3762
1306 4536
1302 3205
2455 3943
4191 4193
2305 4885
929 3980
2492 3790
3411 4737
3656 4868
2027 3755
4212 4404
3764 4906
2385 4536
2823 3880
304 4010
1750 3984
1270 3758
4245 4995
1504 3691
3138 3981
53 4650
97 4714
2537 2886
3498 4613
532 4664
3490 4788
2974 4445
4110 4749
2841 4232
3856 4205
926 3896
1493 4623
3529 4782
4177 4224
1929 3480
3765 4825
546 3942
3785 4283
1869 3815
3992 4959
732 4452
3112 4714
871 4723
4356 4601
2802 4700
3289 4771
3644 3736
744 4281
3613 4243
665 4108
2830 4815
893 4601
517 2455
4084 4853
2343 2477
2544 4572
3764 4554
3093 3845
3625 4612
1148 1491
2858 4549
1739 3880
2847 4691
517 3886
1465 4923
3483 4171
1295 4283
4122 4225
3725 4803
1917 4299
1025 2709
2219 4637
3913 4445
2992 4379
4612 4817
3411 3896
1211 3473
1306 4843
973 4990
1625 3511
3701 4723
3801 4690
3511 4782
4815 4872
900 4798
4128 4855
2902 4798
2995 4927
4873 4994
1112 4163
1001 4191
2779 4613
508 4281
3814 4719
1689 2909
3492 4819
1904 4611
3057 4404
287 4689
1197 4551
3735 3866
3018 4265
4122 4879
1605 4019
2623 4404
2992 4006
48 4715
1692 2481
3329 4837
1751 3311
3640 4340
2293 3387
3360 3540
599 3093
1951 4279
1241 4879
1617 3717
2878 4623
3622 4326
3556 3735
390 471
130 4876
76 4176
2992 4825
4128 4233
4097 4513
4261 4862
1663 1803
3480 4403
2035 4819
2742 4105
757 4685
1750 4243
2282 4855
2926 4276
2419 4042
4470 4788
517 4452
2936 4307
2179 2388
1469 4098
997 4828
3720 4837
620 4661
2678 4994
3556 4604
3411 4563
622 2878
926 3971
2650 4572
1958 4706
3073 4191
1477 4452
1302 4300
794 4191
1399 2336
2727 4694
569 1789
926 3788
2113 4885
2650 4705
1799 4626
4233 4855
1465 4279
4000 4571
898 4563
1069 4994
2437 4732
2847 4853
3754 4386
4408 4862
1079 4613
276 4929
3112 4222
2907 4714
4084 4700
1666 4803
3225 4993
4295 4979
4482 4876
3069 4070
4005 4873
356 4659
3649 4410
1816 4379
2710 4282
1026 2996
2988 4723
2286 2619
1917 4098
1126 2157
3937 4327
1707 4080
4180 4602
682 4293
2388 4959
1280 3786
3360 4612
4005 4604
3364 4993
3260 4690
2481 2909
45 4976
1003 4340
2253 4414
2802 2974
1970 4843
2096 4011
810 3755
2466 2837
1742 4771
3923 4705
2321 3727
1142 4297
2126 4417
2688 4765
4390 4528
3311 3550
3828 4672
3583 4650
3566 4572
2412 4225
3176 3650
4356 4358
2186 4719
4299 4308
3780 4916
3490 4518
493 3534
2050 4286
2067 4868
3463 3785
2996 3542
2927 4618
3194 3839
3289 4098
939 3731
639 4779
1672 4664
3599 4180
2577 4706
1344 3984
3649 4358
877 4467
4395 4815
2220 4472
669 4632
4084 4293
1280 4771
329 3923
568 4853
2314 4932
4245 4994
4264 4597
1642 4641
3329 3815
2552 4406
4612 4862
1634 4922
3083 4817
2321 3657
4019 4541
530 751
2259 2437
1318 4632
2437 3204
4798 4815
3023 4640
1452 2756
3658 3777
2456 2902
2416 3282
1398 4163
1555 3081
2336 4308
3828 4661
4138 4749
3213 4882
1904 4632
3197 3663
3689 4602
2002 4672
4129 4748
2974 4009
329 387
3619 3848
2475 4562
3330 3845
1607 4392
3385 4650
2671 3902
3749 4903
3051 3875
3490 4554
660 4370
2346 4572
4129 4191
4183 4228
1477 4976
3649 4183
2587 3634
2992 4929
4700 4993
4632 4694
1302 4771
2456 4798
3101 4358
1904 3818
3542 4472
2753 3364
3018 4825
1780 4637
1411 4969
591 4809
2701 4105
832 1532
3183 4671
631 3657
2039 3758
2362 3691
2126 2496
795 2810
1577 4859
2470 4892
1318 3818
3505 4417
2295 3189
2289 4379
1522 4916
3804 4626
2022 2525
1522 4999
3213 4466
10 4640
3922 4993
398 4714
3597 4445
853 3724
3330 3749
4044 4867
2834 4224
4612 4999
1038 3213
1255 4594
2361 3023
3281 4538
3597 4671
3625 4916
1039 4611
3341 3343
2688 4882
2263 2491
1662 3800
2174 4390
1117 4732
1672 3618
3219 4664
530 4403
1631 2388
929 3915
3786 4771
1241 4765
4205 4876
602 4513
1143 3754
2096 3573
1634 4815
912 4622
2071 4260
2184 4632
2884 4809
2866 4204
2263 4299
1224 4779
254 3670
4154 4659
3341 3765
1554 4837
2299 4748
4208 4604
3722 4632
3511 4990
1620 4885
2873 4019
3075 3371
1452 4787
1420 3890
4244 4358
1030 2701
4232 4709
1161 4295
1625 4906
2149 4265
2065 3896
926 4825
3622 4892
177 4447
4264 4873
1227 2196
4446 4748
2950 3913
2835 3879
445 4843
3051 4448
889 4749
3289 4000
4803 4999
1605 4541
3298 4882
970 4077
605 2219
3561 4765
1062 4748
3225 4853
3176 3845
642 4922
1358 4470
4221 4872
4193 4622
2909 4245
4482 4843
4689 4737
1817 4410
784 2314
4404 4715
3611 4167
2330 4307
1308 3396
3027 4009
1980 3818
1305 4518
1536 2634
4466 4882
3656 3942
3886 4137
818 1867
4218 4274
2365 4700
243 4828
356 4882
1535 4782
2749 3989
3054 3871
1554 4696
1142 4541
3322 4554
3622 4815
2926 4177
3799 4817
2502 3644
865 4528
2007 3764
1387 4122
1163 3585
4098 4771
512 4714
3209 4402
2837 4689
1002 3523
2463 4903
3657 4554
3801 4922
2115 4307
1441 4764
1808 3380
2293 3051
258 3736
1803 3890
1753 4228
3256 4177
2261 4225
1668 2263
2472 4691
2161 2774
3542 3550
2853 4190
2207 4005
4630 4873
2981 4602
3150 4879
534 4513
4005 4840
1848 4766
47 2214
4318 4563
1950 4737
3380 4601
3282 4612
217 4108
3236 4632
3788 4189
1387 4879
2458 3725
1576 4922
2184 3866
3769 4472
1469 4771
4222 4903
2710 4406
2732 4685
3408 4067
3213 4122
294 4128
1571 4872
2646 4819
2228 4809
2282 3138
3736 4701
2834 4825
700 4661
3534 3804
1486 4927
3913 4225
1538 4661
250 4706
933 4154
512 4042
3473 3505
1160 2850
1966 2288
2356 3573
981 3490
4604 4630
1681 2709
1751 4003
2996 4281
3408 4297
3524 4410
1951 3223
2247 4003
3148 3758
1849 4613
3172 3639
3158 4882
1506 4995
2499 2502
2531 4221
3913 4671
2972 2983
2623 3329
159 4007
1144 4999
3896 4454
4080 4803
557 3856
3483 4798
3505 3878
309 4572
3101 4244
922 3717
4407 4719
4010 4737
1894 4110
2022 4307
4189 4563
2174 4212
2436 3057
3562 4689
1950 2754
471 3374
2839 4367
811 4402
2214 3656
2980 3663
2365 4853
2345 4985
3640 4724
1763 4513
182 4879
912 3073
2022 4985
2464 2821
1277 4749
1543 4872
2144 3197
2165 2701
456 4676
3411 4011
3658 3731
1750 2003
3392 3691
1441 4843
3295 4490
620 4706
2361 4222
880 4906
2736 4446
477 4244
1851 4241
569 4737
503 2764
732 2746
3485 4324
3875 4516
3101 4916
2753 4782
2018 2356
4293 4724
1554 3846
3298 4879
1051 3871
3261 4473
658 3371
2161 2927
1265 2003
4276 4825
564 4514
2965 4637
4626 4787
3361 4233
3971 4903
188 3065
3266 4102
2267 3828
3215 4163
2886 4224
3815 4709
2400 4650
1669 2742
191 2847
1808 4402
302 4700
4100 4233
290 4447
2499 4370
1224 4701
1727 4766
3225 3913
4241 4454
973 3811
3522 3701
2050 4779
2715 4976
3089 4163
4110 4111
492 1003
2707 4855
1940 4689
3856 4843
3073 4855
689 4701
67 4929
4536 4976
4261 4685
1435 1744
2452 4892
944 2361
922 3276
2897 3731
3534 4490
515 4771
3670 4685
2089 4815
57 4709
3468 4551
4604 4873
3148 4664
3989 4190
2600 4882
4872 4892
2907 4379
2502 4701
1029 4551
3023 4714
3621 4601
48 2491
4659 4959
2464 3387
1544 1848
2207 3613
2774 4503
500 3368
0 520
3276 4105
3801 4042
2003 4531
2165 4885
1983 4809
3522 4572
43 4003
3163 3814
375 4969
499 4222
117 4019
2226 4183
4626 4868
2802 4853
898 4561
307 4868
2936 4985
1221 3189
4274 4748
3259 4448
3845 3922
4490 4787
2596 4407
3023 3176
2272 2623
2504 4327
2749 4932
1950 4198
4858 4995
1672 3562
2055 4452
1700 3769
305 4976
2678 2753
1488 4518
2022 2315
1211 4685
1816 4825
53 4676
3205 4771
3406 4316
1320 4163
505 1491
3031 3875
4067 4541
4100 4696
4825 4929
292 4011
2123 4976
1639 2499
1871 4283
1282 4006
4661 4672
576 4473
3717 4205
1229 4551
2839 4672
3548 4787
530 4694
4011 4561
2002 4367
1869 4232
3368 4183
2810 3418
2831 4985
3406 4659
3778 4766
940 4414
1681 3596
1343 3856
2002 2884
2525 4183
1554 4872
4205 4853
973 3755
1928 2958
3260 4882
2491 3268
2879 4766
2972 3780
726 4696
2933 3552
3097 4324
3374 4167
2591 4283
4531 4867
1668 4098
2464 4302
3722 4403
4676 4749
1660 4302
871 4264
3498 4386
2545 4979
2247 3311
1774 2878
1474 4862
4225 4879
2764 2942
240 4782
980 3311
3268 4098
2421 3769
2996 4282
2787 4672
3657 4470
2886 4825
721 3958
2416 4243
2345 2678
701 1653
456 4212
1277 4110
33 4097
3928 4873
3743 4518
3485 4562
1117 1982
3149 3785
1675 4392
4632 4696
1894 4111
2282 4171
622 4985
1583 4993
3648 4105
3522 3694
1816 3764
1662 4885
2933 3234
3483 3981
1476 3266
2663 2742
2315 4985
1116 4985
1739 4300
2477 2933
1524 2362
1352 3691
4867 4872
1700 2196
4685 4694
4326 4447
1532 2787
3031 4448
4279 4410
179 4737
1591 2931
1466 4367
3339 4228
1287 2936
4011 4189
1082 4447
3801 4077
1871 4189
1894 4749
1090 4613
3402 4700
3298 4765
1966 3466
1543 4815
2152 4404
3585 3622
3172 4917
2455 4370
3238 4232
3385 4676
3402 4993
4260 4611
2002 3828
2030 3701
2219 2385
2858 4516
1739 2249
78 4583
557 4602
3032 4612
2447 4637
2145 4009
930 4825
2286 3534
2293 4594
250 4212
3866 4308
2753 3511
3054 3623
279 2441
1753 2831
3691 3762
255 4671
916 4685
3713 4885
2974 4719
2786 4503
3890 4999
2698 3817
1466 3470
2525 4562
658 4723
2289 4246
3689 4212
1867 4003
4604 4840
3073 4274
4013 4809
3463 4189
3561 4167
3163 4407
4386 4531
3727 3764
2587 4979
257 4882
810 4782
3296 3856
1532 4640
1739 4626
3205 4098
3249 3758
3396 4390
2570 4929
4696 4855
2330 4637
3295 3525
2497 4324
4261 4473
570 4583
1243 3971
2326 4528
2496 3839
3879 4618
1411 3748
3656 4622
451 505
142 4326
3282 3984
312 3092
3480 4724
1318 4260
3980 4724
1292 3814
2055 3097
3260 4879
217 4417
317 2650
3289 4470
651 3878
3915 4326
1827 4879
3321 3492
568 4828
2179 4013
4302 4549
3492 4077
581 4538
3457 4198
2229 4299
4410 4906
1818 4876
2608 4999
4042 4222
3790 4261
3570 4408
642 2229
3079 4216
1030 2671
2600 4879
1544 4324
3879 4518
3992 4154
1163 2039
500 4923
2497 2879
1515 4976
1976 4862
3749 3971
1009 4083
4467 4979
735 4782
2065 4011
2736 4232
4828 4867
3091 4005
1243 4714
445 4764
1524 2772
1273 4205
4327 4862
2289 3989
1708 3268
2261 4690
3368 4410
1062 4782
837 4969
2412 4514
4318 4561
3820 4650
4080 4999
4408 4765
398 2981
1160 2220
1943 2018
578 4819
1030 4000
459 4244
2634 3163
350 1851
4858 4917
1802 4171
2997 4872
2326 3844
700 4672
576 4685
2442 4408
4392 4700
3390 4659
1928 4379
2219 4819
2537 3495
1343 4764
3240 4748
3785 4189
1681 2810
1173 4749
2822 3525
2972 4817
1090 4892
2075 3481
4316 4809
3846 4128
1221 4243
1134 4748
1668 2229
3618 4472
3639 4562
3839 4650
3321 3640
508 2710
1100 3718
2041 4108
2972 4245
893 4356
3585 4867
3649 4283
73 4701
3356 4514
4167 4171
4819 4840
513 4664
2992 4932
3583 4111
860 4571
1686 3069
4189 4561
2146 4446
2884 3468
1090 3523
4137 4927
718 2772
2018 4664
2650 3694
2299 4724
3031 4927
1191 1488
4976 4985
3923 4318
1745 2835
2531 4867
3470 4612
3322 3490
3268 4771
493 4787
3234 4623
302 3380
177 4293
1958 4873
1777 4803
2596 4876
4837 4859
1452 2013
1938 3092
3149 3573
3361 4705
740 4650
3749 4042
2801 4327
3724 4044
2765 3621
1341 4128
1001 4274
2207 4995
1742 3644
1309 4787
3844 4837
836 4100
3281 4543
3158 4690
3023 4903
3875 4518
599 4903
2288 3722
3900 3927
1554 3844
515 4528
686 4828
1260 4929
2766 4798
93 4853
2007 4788
2345 2931
4809 4959
4205 4873
933 4809
4969 4993
3780 4803
3562 4640
3915 4204
4261 4969
1558 3866
2847 4433
3183 4700
3640 4077
1230 4003
3749 4222
874 4689
4286 4701
546 2627
911 2070
1535 4070
162 1555
3506 4876
2964 4445
1999 4011
1631 4316
2764 4482
3725 4408
689 1607
3640 4976
4222 4232
2964 3922
3396 4097
620 4672
2442 4916
2464 4932
3689 4390
4414 4696
2442 4999
1376 4236
2821 4302
3256 4246
1917 3268
3051 4594
3755 4300
1225 4601
1515 4819
4386 4613
1023 4541
4063 4122
1082 4293
2926 4929
2155 4583
1583 4853
3032 4803
4010 4788
4853 4993
4340 4724
1409 4782
1780 4641
3690 4882
2003 4815
2588 4386
3625 4817
3256 4929
1138 4513
1420 3725
2028 4538
4098 4299
1583 3900
3152 4993
276 2926
1970 3658
3498 4872
1763 4236
2155 3817
3065 4358
1387 4448
357 2942
2886 3236
3031 4549
3942 4129
179 2363
3623 3871
2835 4503
1469 3268
4872 4922
456 4623
1743 4490
2834 4276
4246 4825
3075 3767
258 3735
2419 4714
2186 4873
1920 4641
1587 3913
3561 3611
4246 4923
2002 3848
4013 4959
2294 4404
2499 4867
3396 3954
3150 4882
2217 3670
3613 3691
2671 3878
47 4622
3065 3139
3394 4102
2123 4641
2710 4216
3767 4969
2600 4466
1584 4307
1707 3890
3152 3922
459 4358
4403 4959
2822 4927
2149 4825
4177 4782
3391 3818
109 4171
1232 4300
3408 4070
402 4205
2386 4236
1344 3762
4232 4467
2491 4299
1904 4466
2419 3176
3468 4154
2822 3736
2466 2754
2416 3481
93 4505
257 4765
3346 3786
1929 2965
4282 4583
1660 4927
853 4892
454 3093
1742 4701
2821 4452
844 4923
2988 4571
3387 3886
2226 4923
4191 4748
1086 4659
981 2930
3356 4765
2245 2259
1739 4923
2766 4771
578 4976
2421 4868
4916 4999
3473 4473
3219 4640
3189 4370
3820 4623
494 4191
1438 4969
3583 4110
2844 3670
2089 3498
4356 4922
1399 4705
4193 4885
4538 4696
1232 4490
669 3466
3725 4862
2214 4748
4257 4674
560 3814
2897 4843
860 4969
4445 4505
4514 4882
3943 4452
250 3486
1309 2458
1976 2013
1119 2663
740 4676
3149 4283
3942 4472
2043 4316
871 4302
2039 3231
899 4180
3296 4671
1982 3097
515 4100
3097 3639
2717 4326
2926 4825
3069 4995
674 4571
2950 4080
1435 4597
4084 4993
2184 4209
2259 2879
1197 4324
1161 4979
1229 2879
2137 3548
3225 4671
1122 3748
2013 3804
1241 4882
4062 4244
307 4216
1848 4245
3639 4007
2628 3339
3657 4788
3736 4858
818 4903
3369 4779
2765 4370
1317 3548
1666 3780
3402 3913
3989 4473
3542 3769
2189 4994
3138 4798
2496 4779
4241 4630
1002 4410
1283 4561
1598 4274
3524 4906
1426 4571
491 4221
2452 4221
4216 4868
350 4528
2651 4062
546 4622
3408 4583
2897 3506
2972 4843
4613 4749
2475 3485
4276 4932
3073 4129
2764 4193
1023 4297
4108 4473
1827 3880
4011 4283
1229 4862
3023 4922
1125 4979
2157 4070
1975 3374
520 4840
3731 4482
3644 3822
1409 3522
1977 3902
1241 3506
2245 4551
3495 4825
1002 3649
1849 4892
3540 3725
2858 4452
4597 4853
3486 4706
3473 4417
4176 4719
3024 3380
3356 4122
217 4261
381 4543
1467 2600
3289 4299
3880 4514
4295 4748
4067 4715
2749 4929
4286 4892
1558 3879
117 4715
2576 4601
3153 4676
933 4959
1983 4583
1277 3583
598 4622
1867 4189
493 3804
2362 4128
740 4749
651 4503
4007 4766
4241 4995
4189 4941
4208 4858
4244 4390
2362 4243
1732 4714
4110 4650
279 4671
426 3524
3473 3529
3552 4723
2822 4286
4604 4622
4879 4882
1625 2639
1700 4472
3457 4640
2978 4613
3213 4063
3281 4324
2362 3282
1021 1598
466 4868
3457 4689
2447 2504
3656 4274
560 3495
2184 3556
2520 4105
3570 4941
266 3942
2939 4307
2504 4637
715 3829
1358 4788
534 4554
3171 3492
2663 3648
1117 4766
3724 4922
3760 4803
2218 4505
1849 4815
1082 4326
1359 4283
2502 3369
10 3505
3597 4070
492 4641
1980 2288
2165 4571
2240 4110
2409 4572
1943 3457
4176 4969
1980 3722
3583 3820
2099 4994
2385 3321
2189 4840
2207 4407
1983 2709
830 4218
4516 4594
4013 4154
2314 4929
4204 4208
4514 4879
3896 4011
1343 3648
1009 4518
1914 4859
2980 4006
1399 4209
2007 4470
2125 4370
2608 4916
1003 1292
413 4700
1727 4324
611 4308
2314 2926
309 2544
2247 4204
3534 4626
1522 4817
1255 4549
3973 4513
307 3701
2678 4990
4379 4929
1869 4709
4674 4855
2416 4246
3390 4316
1062 2146
2261 4882
4613 4872
1023 4583
2470 4221
2902 4176
3844 4528
307 1620
2870 4994
1554 2028
4265 4276
1026 4690
1270 2651
3727 4959
4297 4715
900 2902
4137 4594
804 4927
33 1465
3240 4193
1038 3971
2436 3069
1080 1256
3954 3973
2197 4837
1021 3971
4239 4876
305 4819
1064 4664
499 3330
4448 4516
2506 3670
3658 4482
3148 4737
2764 3717
1538 4706
2278 2545
2346 3606
3281 3282
2146 4979
980 2709
4664 4689
1440 4664
2321 4788
4228 4923
1881 2492
97 3330
2305 3769
3799 4618
2527 4885
1938 3380
2209 2837
2295 3621
4549 4927
3495 4929
3743 4083
1834 4941
1515 4696
3973 4118
901 4868
629 4239
3346 4098
1576 4395
2145 2161
3875 3886
2623 3361
290 4102
1148 3139
1999 3234
3755 4782
2576 2980
4084 4597
4407 4604
3890 4817
3622 4044
3724 4245
487 3171
3394 4659
755 795
2263 4279
4392 4969
3713 3778
1486 4010
1642 4819
4531 4815
1976 4999
402 4583
611 3623
2113 4771
3797 4995
2902 4828
1256 3866
3828 4859
1960 4281
3266 4659
2879 4324
904 4650
1260 2886
1573 4403
711 4990
4100 4855
754 4083
1160 4859
2363 4969
1001 3942
3713 4193
3844 4458
2113 3542
2671 3743
2589 4128
2259 3097
3583 4749
485 4470
257 4514
4261 4454
2165 3767
1031 4403
3236 4867
4433 4979
3140 4691
1550 2360
4700 4853
387 3583
598 4274
3259 4452
2339 4445
2400 4392
778 3144
3548 3954
3717 4843
735 3364
2746 4224
3153 4650
4118 4236
2766 4295
2931 4228
4466 4879
648 4979
2315 4917
874 4640
2596 4482
3722 4694
18 3540
61 4979
3648 4370
4063 4879
2544 4917
2884 4959
4080 4408
1751 2247
1976 4916
1980 4868
3788 3800
1283 4189
1951 3339
3163 3866
1755 4929
2756 3804
2886 4932
2992 4246
4817 4941
1838 2839
4324 4766
1211 3261
1708 3346
3611 4828
3804 4490
4205 4602
929 4293
1173 4138
3172 4985
894 4062
2113 4299
4454 4858
3256 4276
3619 3811
127 3913
3205 3346
2330 4732
923 3585
1755 4276
1848 4626
2646 3981
1504 1524
1143 3915
3690 4690
898 4640
3466 4632
632 4386
4516 4927
1623 4671
2240 4111
3163 4719
1555 4858
4295 4941
492 1446
2184 3871
2491 3981
2447 4641
4538 4674
587 4602
2754 4664
2974 4985
3368 4985
3788 3896
2207 4406
329 4837
2823 4765
1722 3506
4514 4765
1344 1504
4204 4209
2639 2853
454 3663
3172 3339
3374 4171
569 2096
3846 4458
2360 4260
4232 4691
2596 4843
732 4927
2220 4282
2263 4771
470 3878
735 4990
266 3670
3523 4410
3585 4395
1440 3095
2671 4503
1352 2974
2295 3648
2157 4990
3387 4927
4691 4705
2545 4177
844 4917
980 3418
886 3736
2978 4872
3150 4690
1122 4490
3495 3902
557 3689
1727 2879
2801 4868
3281 3923
2330 4641
3266 4013
1951 3649
2701 3371
892 4191
4137 4448
4138 4299
2146 4232
541 2314
4528 4674
2346 2650
4063 4466
4538 4855
2504 2837
2628 4922
2965 4536
4433 4709
2455 4927
1848 4007
4917 4923
2577 4672
2907 4825
4100 4528
877 4433
1838 4661
1745 4518
3913 4597
4862 4916
1042 3371
2386 4097
3095 4689
0 4749
3171 4976
3138 3611
3411 4318
1086 4102
2315 3524
1438 4000
4367 4706
4264 4853
3542 4630
3525 4701
3902 4410
3650 4403
1802 3844
2054 3368
774 2996
1668 2196
3172 3649
3822 4779
757 4473
1255 4302
1740 4923
1026 4885
3150 3788
3570 4080
2313 4433
2830 4867
854 4417
1631 4959
1023 4715
1950 4640
3051 4137
2870 4719
2983 4005
546 3256
78 4297
1038 3650
276 4276
3342 4167
1808 4407
3148 3219
4111 4138
1613 4167
378 4299
2218 4084
1161 4691
2386 4513
61 4748
1148 4404
1821 3396
4779 4825
930 4932
3390 4013
3727 4470
651 3902
4514 4690
904 3606
2698 4019
1980 4611
1344 4976
67 4932
3075 4571
1598 4129
444 4470
3525 3736
4083 4549
3725 3890
1283 4563
1031 4694
4452 4927
1277 3387
4224 4929
912 4191
3463 4283
3597 4505
3624 4105
407 4672
2591 3896
3149 4189
3213 3880
4855 4923
2930 3764
2442 4817
4010 4554
1975 4828
3797 4994
3339 4183
3561 4171
1740 2878
4100 4705
159 4417
201 3943
1376 4513
2545 4232
22 4118
4985 4993
1977 4618
1086 4809
1640 4779
1739 3804
701 4661
2365 4447
2619 4843
3150 3880
205 4395
2278 4979
3149 4011
3937 4803
2200 3878
2926 4932
4122 4765
560 4245
87 4583
1763 3973
2525 4923
3927 4990
3249 4979
3495 3765
1536 4719
3081 4701
1280 3205
3256 4932
3238 4724
18 4370
302 3767
2492 4473
4819 4976
1935 2812
1732 4903
2075 4641
3658 3856
378 4771
4180 4327
1681 1828
1065 4218
164 4604
973 4782
4367 4661
3689 4180
1065 3701
2688 3213
3658 4876
4327 4999
858 3724
1881 4176
2261 4122
4705 4855
2720 3396
1858 2596
2470 3749
1639 2409
142 3915
3150 3690
4825 4932
3606 4922
2356 4640
2472 4840
2240 4676
2186 4630
1605 4067
1474 2663
2950 4700
3625 4999
2027 3943
4640 4664
1069 4208
73 4999
2339 3183
1653 1722
4108 4993
2282 4176
1751 3101
2070 3621
4176 4828
3391 4694
3540 4080
3506 4239
3402 4505
3321 4340
243 4798
1119 4105
837 2988
1409 2363
2261 2365
1660 3886
1815 4859
3818 4694
1171 3765
549 1225
1420 3937
1607 3418
1960 4406
3495 4379
33 3954
3748 4300
4003 4873
3606 4395
4228 4929
76 243
3266 4809
1344 4243
665 3505
2996 4406
3468 4959
689 4003
1751 3596
4190 4659
2084 4927
811 3209
4281 4454
1536 4873
3309 4218
2589 4538
3089 4782
2197 2272
1983 2884
2841 4709
4597 4700
2002 4110
4490 4626
4129 4274
1576 4892
886 1803
1339 4771
755 4392
3223 3524
1937 3625
3623 4367
3848 4672
898 4011
1267 2980
3529 4261
1801 2035
4193 4340
4283 4470
3690 3880
3498 4815
894 3231
1227 2772
1221 3613
1305 3902
3032 3780
255 4597
1802 4828
1851 4696
2502 3710
3144 4979
350 4458
4224 4228
877 3691
3913 4993
2220 3718
502 904
1435 4264
542 4903
1686 4180
232 4243
4674 4825
2125 4809
2412 3260
2436 4212
3205 4299
911 3189
1134 3942
1977 3879
923 3498
3490 4470
3223 4923
1230 4392
3093 3663
219 3878
2054 2933
1978 4062
1591 3649
1917 4771
3844 4276
411 4892
587 4404
3341 4404
3069 4390
3701 4601
3480 4637
1343 4239
1126 4885
2552 4281
3846 4855
4448 4452
981 4470
2747 4876
1745 2786
1914 4959
2628 2936
3722 4611
912 4274
1707 4941
1112 4732
757 3261
250 4661
3054 4209
4637 4819
3360 4941
3621 4370
1039 3466
1750 3762
2464 4218
1160 3468
4138 4650
3801 4903
3542 4659
3735 3811
1064 1832
2336 4260
3495 4246
3209 4601
2475 4324
4042 4714
444 4906
4571 4985
2619 4876
2477 3231
4277 4999
3902 4518
1851 4128
3171 4536
2772 3392
201 4594
3197 4922
243 4171
2866 4724
2830 4892
2174 4602
1828 3418
1243 4222
3495 4779
3225 3597
485 3764
3027 4505
4183 4410
3075 4218
3942 4622
1115 3566
1576 3724
3406 4859
997 3138
2939 3523
2220 3157
605 4637
3089 4129
1904 2071
3402 4597
4205 4764
3506 3731
452 4696
876 4176
3804 4787
4110 4367
2959 4452
1675 3596
933 4286
2477 3758
2356 4222
3322 3657
4264 4671
112 4245
97 4903
4623 4676
1742 4779
3171 4077
2698 4583
2988 3552
2197 3329
2362 3392
576 4177
4446 4691
3992 4859
2218 4597
2619 3722
3619 4969
2549 4549
4458 4855
4705 4929
4528 4696
2650 3522
860 3309
1672 4640
3890 4612
2589 4855
4671 4993
1440 1467
2249 3534
4180 4390
674 2030
3238 4979
3360 3937
2822 4701
381 1943
2588 2779
1320 4070
4892 4922
2209 2754
1306 4764
2823 3158
3361 4696
3392 4903
2125 3408
3057 4180
4013 4859
2992 4276
3718 4176
2710 3618
1727 4551
776 4672
1002 4917
898 4318
3148 3749
4295 4446
3760 3890
2265 3101
4111 4749
1023 3408
2839 4706
1571 4531
3385 4771
893 1225
4407 4855
3101 3980
1555 4779
2676 4470
1780 4709
411 1090
939 3844
304 4906
2623 3923
2084 2801
1317 3411
1359 4828
3480 3492
2189 4873
451 4922
585 4632
4171 4828
2746 4137
2179 4809
2873 3886
1416 4402
3387 3492
494 4622
2281 3570
830 4324
3505 4473
3943 4448
3282 3481
578 4340
1476 3566
4204 4326
686 4171
2545 3815
3321 4819
292 4561
1493 4650
188 1978
1634 2779
3713 4472
1817 4985
1591 4923
2028 4855
4265 4825
2472 4995
2710 3769
2787 4706
1069 3814
3937 4916
1740 4917
2753 3875
2981 4138
1411 3075
112 4840
2240 4749
632 4111
3811 4316
1686 4390
3625 4941
2676 4788
732 2293
1112 3639
78 4067
1015 2506
3343 4404
4340 4637
2339 2802
3391 4632
378 3268
4221 4815
856 4404
2003 3762
1486 3727
317 4892
4241 4840
4171 4715
4650 4676
109 3374
2070 3276
2161 4618
3922 4264
3928 4340
503 3731
3718 4828
3225 4505
2709 4392
2035 2265
4664 4737
3380 4882
965 4163
549 4356
2981 3749
4367 4672
560 3266
4612 4941
182 4765
2491 2766
876 4672
1467 4664
1064 3573
444 4788
4190 4959
3236 3622
3754 4932
2972 4916
2886 4379
3755 4274
3356 4690
1613 3981
2756 4626
3971 4714
48 4386
2504 4724
665 1069
2839 4661
3777 4013
3368 4307
1950 3562
2650 4923
3371 4969
912 3927
189 4855
1527 3215
2137 4885
3095 4198
3845 4042
2007 4906
2400 3596
658 4218
1982 4732
2084 2746
844 4228
310 4840
3927 4815
429 2281
3736 4779
2651 4358
4466 4765
3209 4990
3814 4407
4765 4782
2146 4709
3369 3736
4274 4299
4183 4985
520 3928
2055 4594
2281 4862
4208 4719
3691 4243
0 2912
10 4977
18 4887
22 3025
33 4600
40 4684
43 4832
45 3700
47 4861
48 261
53 2899
57 4896
61 3067
64 4852
67 3802
73 4311
76 4648
78 4831
87 4187
93 4966
97 1757
109 1284
112 4031
117 2185
127 1991
130 4924
142 2553
159 3632
162 4037
164 3607
177 4352
179 4195
181 3135
182 4150
188 4856
189 2017
191 3771
201 458
205 4777
217 2585
219 4256
232 4824
240 4498
172 243
254 4580
255 4564
257 4294
258 4930
266 4519
276 4116
277 4679
279 766
287 4032
288 4950
290 4991
292 1156
293 3050
294 4852
302 4842
304 4698
305 4142
307 4914
309 4166
310 4638
312 4461
317 4961
329 2476
335 4966
350 4136
356 4359
357 3872
366 2394
375 4718
378 4681
381 4374
387 4653
390 4116
398 4756
407 1737
411 4576
413 4504
419 3978
429 4970
444 4977
445 4716
451 3793
452 4666
454 1165
455 4928
456 4250
459 4710
466 3038
470 4891
471 2832
477 2911
480 4939
485 4196
487 4924
126 488
13 491
439 492
493 2761
494 4477
499 4461
500 2150
502 4698
503 2780
505 4117
512 4654
513 4910
515 3939
517 1934
520 2439
530 4908
532 4951
534 4645
541 4486
542 1444
546 713
549 4913
557 3043
564 3997
569 4411
570 3712
571 4309
576 2871
578 2624
581 1201
585 2512
587 3319
591 3250
598 4913
599 2814
602 4600
605 2731
611 4816
620 4468
622 4681
629 4500
631 4741
632 4418
638 4331
639 4900
642 4776
648 4902
651 1479
658 3004
660 4555
665 4620
669 3025
674 1444
682 4954
689 3732
700 4870
490 711
715 4890
274 718
721 3131
726 4443
732 4235
735 2533
736 4926
740 4394
742 4697
744 3020
751 4832
754 4974
755 2862
757 3859
768 4775
774 4973
776 3978
778 4320
780 4258
783 4462
784 4651
785 4978
794 4750
795 3636
797 4515
804 3683
810 2036
811 2948
818 4527
819 3382
830 4793
832 4731
836 3327
337 837
844 4980
853 4981
854 4894
856 3680
858 4986
859 2941
860 4820
865 3968
871 3986
347 874
876 3426
877 4096
880 4802
617 886
889 4728
892 4481
893 2271
894 1408
898 956
899 4933
900 4023
901 1182
904 4172
911 4619
912 4863
916 2557
922 4457
923 1374
929 1150
930 4315
933 3200
26 939
940 4533
801 944
965 4585
967 4544
973 2686
980 2040
981 3746
997 4298
1001 2652
1002 1804
1003 4686
1009 3469
1015 4939
1021 2838
1025 2199
1026 4439
1029 3518
1030 3998
1031 4595
1038 3897
1039 2706
1042 4456
1051 3410
1053 4886
1062 2541
1064 4971
1065 1511
1069 1574
1079 4847
1080 2518
1082 4683
1086 3700
1090 4004
1093 4955
1100 4499
1102 4550
1107 4394
1112 4746
1115 3482
1116 3738
1117 4863
1119 4061
1122 4570
1125 2827
1126 3381
1134 3433
1138 4600
1140 2232
1142 4900
1143 4628
1144 3096
1148 1548
1161 2486
1163 4722
1171 3938
1173 4055
1184 2004
1191 4035
1197 3647
1211 3609
1221 4925
1224 2653
1225 4418
1052 1227
1229 4579
1230 2074
1232 4053
1241 3840
1243 3825
1255 4133
1256 4026
1260 4783
1262 4978
1265 4350
1267 4104
1270 3615
1273 4544
1277 2391
1280 4510
1282 3674
1283 4881
1287 4905
1292 4797
1294 4818
1295 4560
1302 4620
1306 4558
1308 3326
1309 3305
976 1317
1318 4944
1320 3883
1329 4112
1339 3430
1341 4968
878 1343
1344 4970
1352 4510
1356 4112
1358 3019
1359 4802
1376 4942
1387 4716
1398 2393
1399 4442
849 1407
1409 2745
1411 4332
1416 4353
1420 3589
1426 3243
1428 3327
1435 4962
1436 4675
1438 4362
676 1440
1441 4683
1446 4913
1452 3571
1465 2669
1466 4729
1467 2966
1469 3563
295 1474
1476 4539
1486 4373
1488 4106
1456 1491
1493 4860
1504 4125
1506 2337
1515 3440
1405 1522
1524 4090
1527 1765
1532 2817
1535 4351
1536 4237
1538 4721
1543 4589
1544 3978
1549 2820
928 1550
1554 3598
1555 3547
1558 4025
1571 4437
1573 4907
1576 4805
1577 4967
1583 1736
1584 3734
1587 4713
918 1591
1598 4935
1605 4830
1607 4729
1613 2451
1617 2009
1620 4430
1623 4943
1625 3125
1629 4461
1631 3512
1634 4147
1636 3918
1639 4610
1640 3192
1642 2059
1653 4015
1658 4394
1660 4024
679 1662
1663 4673
1666 3935
1669 2170
1672 3813
1019 1675
1681 3131
1686 2457
1509 1689
1692 3285
1696 2121
1700 3808
1707 4184
1708 4902
1716 3850
215 1722
1727 4639
1732 4415
1728 1740
1742 1825
1743 2703
1744 3986
1745 4530
719 1750
1751 4117
1753 4132
1755 4214
1763 3013
1774 1987
1777 4713
1780 4716
1789 4888
1794 2274
1799 2349
1801 3761
1802 4775
1803 3740
202 1808
1815 4707
1816 4502
1817 2928
1818 4050
1821 4488
1827 3757
1828 4865
1832 4810
1204 1834
1838 3706
1848 4018
1849 4322
1791 1851
1858 4930
1867 4088
1869 4405
1870 4695
828 1871
1881 3445
1894 4131
627 1904
1914 3046
1917 4492
1920 4972
1921 2594
1928 3807
1836 1929
1935 4428
1937 4145
1938 3729
1940 4568
1943 4200
1950 2614
1951 4354
1503 1960
1966 3474
1970 4971
1395 1975
1976 4965
1977 4751
1978 3444
1980 4660
1982 2762
1983 4064
1999 3774
2002 4127
281 2003
1912 2007
2013 4144
2018 4609
2022 4684
2027 4920
1964 2028
2030 2215
2033 4682
2035 4273
2039 4881
2041 4617
2043 2418
2050 2370
619 2052
2055 3792
137 2065
2067 3851
2070 4015
2071 4567
2075 4574
2084 4856
2089 3860
2096 4744
2099 4974
2113 3739
2115 4653
2123 3016
2125 4824
1498 2126
2137 4963
2143 2144
2145 2484
2146 4793
2149 4804
2152 4816
2155 4754
2157 4848
2161 4744
2165 2394
173 2174
2179 4333
2184 3066
2186 2890
2189 3104
2196 4823
2197 4145
2200 2617
2207 4972
2209 3007
2214 2808
2217 2271
2218 3978
2219 2243
2220 4301
2226 3885
2228 4249
2229 4591
2240 2825
2245 4829
2247 2778
2249 4442
550 2252
2253 4984
2259 4796
2261 2767
2263 4808
2265 4558
2267 4421
2272 3337
2278 4207
2281 2642
2282 4381
2286 2381
2288 4822
2289 2349
2292 4897
2293 4687
2294 2621
2081 2295
2299 4068
2300 4888
2305 4846
2313 2425
1905 2314
2315 3326
2321 2863
2324 2599
2326 2640
2330 2790
2336 4935
1139 2339
2343 4491
2345 3812
2346 4936
2356 4214
2360 4795
2361 4480
2362 3728
2363 4742
2365 2375
2385 3620
2386 3910
2388 2733
2400 2423
2409 4365
2411 2429
936 2412
2415 2416
2419 4165
2421 3803
2436 3248
2437 3938
2441 4184
2442 4055
1074 2447
2452 4525
2455 4497
2456 4944
2458 2459
2463 3795
2464 2976
2466 4759
2470 4842
2472 4668
2475 3635
2477 2809
2481 4148
2485 4881
2491 4628
2492 3489
621 2496
2497 3439
2499 4606
2502 3931
2504 4614
2506 2785
1767 2520
1414 2525
2527 4333
479 2531
2537 4330
2544 4634
2545 4349
2549 4697
927 2552
2413 2570
2575 4991
2576 4362
2577 4393
2587 2763
2500 2588
2589 3206
2591 4026
2596 4272
2600 4621
2608 4878
2619 3935
2623 4886
2627 3774
2628 3507
623 2634
2639 4886
2594 2646
2192 2648
2650 4936
2651 4441
2656 4284
2663 4902
1165 2671
2676 4570
680 2678
2688 3672
2698 4712
2701 4453
418 2705
2707 4720
2709 4350
2710 3877
1459 2715
2717 3377
2720 4773
2724 2727
2732 4426
2736 3874
2742 3711
2746 4609
2747 4405
2749 4808
2753 4072
2754 4673
2756 4373
2450 2764
2765 3683
2204 2766
2062 2772
2774 4215
2211 2779
2786 4412
2787 4967
2801 4846
1547 2802
2810 4634
2812 3263
2821 3254
2822 4794
2823 4157
2830 4944
2831 3146
2834 3676
2835 4511
2837 3833
2833 2839
2841 3435
2148 2844
2847 4179
1711 2850
2853 3349
1304 2858
469 2861
1861 2866
2870 4909
2873 4791
2878 2898
2879 4800
2884 3572
2886 3179
2897 3412
2902 4821
2909 4322
2926 4078
2927 4058
2930 4262
2931 4378
2933 3673
1141 2936
2090 2939
1680 2942
1390 2950
2958 4746
1433 2959
2964 4251
2965 3949
1603 2972
2978 3852
2980 3991
2981 4718
2983 4107
2988 4647
2992 4511
2316 2995
3 2996
2997 4889
3018 4777
1490 3023
3024 4081
3027 3813
2391 3031
3032 3424
3051 3417
3054 3706
3057 3278
3065 3327
3069 3939
3073 4086
3075 4305
3079 4504
3081 4510
3083 4600
163 3089
3091 3096
3092 4913
3093 3723
3095 4756
3097 3692
2667 3101
3029 3112
3138 3359
3139 3698
3140 4220
3144 4428
1285 3148
3149 4103
3150 4794
3152 3398
1581 3153
3157 3868
1545 3158
3163 4298
2312 3171
453 3172
3176 4735
3183 4425
2659 3189
3194 3324
3197 4915
3204 3997
2505 3205
32 3209
169 3212
3213 4975
3215 4890
2689 3219
2913 3223
3225 4045
2733 3231
3234 3805
1833 3236
2088 3238
1508 3240
3249 4073
1822 3256
3259 3966
3260 3263
1911 3261
2938 3266
3268 4172
3276 3993
3281 3612
770 3282
3289 4891
3295 4254
3296 4834
3298 3571
3309 3794
3311 4564
3321 4888
3322 4654
2423 3329
523 3330
3339 3826
3341 3714
3333 3342
1698 3343
2869 3346
2780 3356
2655 3360
1702 3361
3364 4569
23 3368
2530 3369
993 3371
3374 3907
2510 3380
2215 3385
3387 4012
3186 3390
3391 4814
2550 3392
3394 4727
3396 4539
729 3402
3406 4824
3408 3478
3411 4777
3418 3827
2572 3457
3463 4596
3466 4781
3468 4870
3470 4050
1891 3473
1121 3480
2432 3481
3483 4590
3485 4789
3486 4978
3490 4131
3492 4589
3495 3858
3498 4587
3423 3501
3505 3851
2899 3506
3511 4020
3522 4767
2478 3523
2559 3524
1879 3525
3355 3529
3534 4666
3540 3759
3542 3669
1526 3548
3550 4953
3552 3842
245 3556
2136 3561
3562 3568
1539 3566
3570 4897
2023 3573
1901 3583
235 3585
3596 3739
3036 3597
3599 4836
3513 3606
1674 3611
3613 4359
3618 3695
3619 3887
3621 4071
3622 4651
3623 4775
3624 4058
2755 3625
3634 3912
3218 3639
3640 4883
3644 4693
247 3648
3649 4428
3650 4920
3379 3656
3657 4376
2605 3658
3663 4614
3143 3670
3689 4791
2503 3690
3691 4065
2827 3694
3629 3701
1942 3710
3375 3713
2519 3717
3718 4821
3720 3996
3156 3722
3724 4546
3725 4852
3001 3727
3245 3731
3735 4844
3736 3863
37 3743
365 3748
3233 3749
3754 4972
3755 4998
2785 3758
2357 3760
3709 3762
3764 4645
2187 3765
3751 3767
3769 4382
3777 4865
3435 3778
463 3780
3785 4974
3187 3786
2097 3788
3790 3934
3417 3797
3799 4950
3800 3825
3801 4270
3804 4306
3811 4818
3814 4361
3815 4419
3783 3817
3818 4643
2874 3820
3822 3838
3828 4978
275 3829
2977 3839
3166 3844
3845 4651
3846 4483
3848 3903
2132 3856
3527 3866
3871 4535
3875 4928
3878 4720
3879 4522
3880 4673
3030 3886
1926 3890
252 3896
3900 4646
3902 4166
3913 4910
3915 4747
2243 3922
2783 3923
3435 3927
3928 4728
3937 3952
1578 3942
606 3943
3954 4600
2232 3958
3971 4593
3973 4905
3976 4596
270 3980
3981 4953
3984 4443
2928 3989
3776 3992
4000 4593
716 4003
4005 4682
2306 4006
298 4007
4008 4009
4010 4951
3661 4011
4013 4857
3616 4019
4042 4996
4044 4915
2629 4062
4063 4880
3445 4067
4070 4904
4077 4126
1835 4080
4083 4945
1641 4084
4040 4097
4098 4397
3439 4100
3746 4102
4105 4116
4108 4426
2744 4110
4111 4426
4032 4118
4022 4122
3587 4128
2666 4129
2353 4137
4054 4138
4154 4377
4163 4272
710 4167
4171 4181
2797 4176
1468 4177
2917 4180
120 4183
2187 4189
1264 4190
2169 4191
4193 4750
4198 4580
4204 4547
4205 4450
764 4208
4209 4493
4212 4248
4216 4459
4218 4845
4221 4263
3121 4222
4224 4703
4225 4857
4227 4228
1109 4232
4233 4783
4236 4735
1837 4239
4241 4688
4048 4243
4244 4806
3751 4245
4246 4753
2908 4257
3398 4260
3972 4261
4227 4264
4175 4265
2163 4274
817 4276
3320 4277
161 4279
3220 4281
3833 4282
619 4283
4286 4287
4293 4802
4295 4878
4297 4444
1354 4299
4026 4300
128 4302
3642 4307
4306 4308
3222 4316
4121 4318
4156 4324
644 4326
4327 4634
1807 4340
1058 4356
4344 4358
4367 4434
4370 4960
3354 4379
4386 4865
4390 4511
2994 4392
2757 4395
4133 4402
3861 4403
3409 4404
3526 4406
3500 4407
4408 4481
1484 4410
672 4414
2594 4417
4433 4678
2796 4445
4446 4972
2751 4447
4347 4448
3017 4449
2177 4452
4131 4454
4263 4458
4381 4466
4461 4467
2399 4470
4472 4968
428 4473
4048 4482
3870 4490
4503 4735
2396 4505
2460 4513
1968 4514
4515 4516
4518 4821
3944 4528
4531 4545
4536 4984
996 4538
3686 4541
4543 4943
4494 4549
2371 4551
2479 4554
3314 4561
3805 4562
3545 4563
4571 4639
4572 4585
4136 4583
1842 4594
692 4597
4601 4605
3192 4602
3104 4604
4611 4713
4142 4612
3705 4613
4608 4618
1989 4622
2163 4623
3000 4626
430 4630
2036 4632
4635 4637
1314 4640
4157 4641
4650 4736
3917 4659
4619 4661
4113 4664
17 4671
722 4672
3237 4674
4675 4676
3175 4685
1984 4689
2148 4690
4691 4896
2480 4694
4696 4725
4055 4700
4249 4701
3444 4705
1582 4706
108 4709
4363 4714
2358 4715
1773 4719
4723 4989
3288 4724
4732 4854
1648 4737
4748 4936
4159 4749
2519 4764
4401 4765
2696 4766
4424 4771
4779 4826
3903 4782
2762 4787
4068 4788
4717 4798
947 4803
155 4809
2728 4815
3855 4817
1671 4819
2053 4825
1787 4828
3932 4837
972 4840
2893 4843
823 4853
1667 4855
1334 4858
4859 4863
4844 4862
4525 4867
3303 4868
2757 4872
104 4873
1888 4876
4871 4879
4553 4882
1052 4885
3186 4892
2465 4903
4668 4906
2238 4916
4786 4917
1460 4922
3239 4923
3549 4927
4008 4929
2154 4932
4941 4989
4710 4959
409 4969
994 4976
4896 4979
1264 4985
4963 4990
2162 4993
2937 4994
1534 4995
2617 4999
0 4365
18 2692
22 4182
33 4844
40 4309
43 4900
45 1129
47 4973
53 4666
57 3833
61 3842
64 4328
67 4544
73 2457
76 4178
78 1456
93 4400
97 3372
112 4980
117 2890
127 4918
130 4564
142 3436
162 2131
164 4502
177 4901
181 3072
182 4936
188 4698
189 4913
201 4397
205 544
217 4303
240 4542
243 4759
254 4655
255 4980
257 2564
277 1710
279 3056
287 3752
292 3772
293 4424
294 2828
305 3088
309 4734
310 2954
312 3836
329 1593
335 4628
350 4509
357 3569
375 4997
378 4793
387 4930
390 4378
398 4285
407 2350
411 4113
419 3274
429 4196
452 4751
455 4952
456 2510
459 2277
466 3222
471 4590
477 4768
480 3288
485 3362
487 4658
492 4686
493 4238
499 4652
500 3074
502 2528
503 3154
512 3825
513 4924
515 4348
517 4928
520 4043
532 4905
534 4139
541 4393
542 4394
549 3721
564 3527
569 4267
570 4411
571 4497
576 3747
578 593
585 4915
591 4524
598 3126
602 4957
605 4698
611 1330
620 3859
629 3435
631 1991
638 4718
639 4791
642 4542
651 4553
658 1360
660 4790
665 4426
674 4573
682 2571
700 2490
711 3810
718 4041
721 4864
726 4880
736 4313
742 752
744 4184
751 4739
755 4752
757 4539
768 2603
774 2613
699 776
778 4823
783 4369
784 4953
785 4683
794 4940
795 3151
797 3705
804 3041
810 4948
811 3826
819 4755
830 4960
832 2498
373 836
837 4806
844 4814
854 4426
859 3510
860 1439
865 4899
871 4635
874 3742
876 4904
877 3229
880 4251
886 4939
889 4936
892 4707
894 4230
899 4800
900 4428
873 901
904 4914
911 4726
912 3376
916 4977
922 3771
923 4683
929 4523
930 4940
939 1382
940 4506
944 4542
965 4958
967 4957
139 973
980 4755
981 3428
997 1720
1001 3960
1002 4028
1003 4679
1025 3840
1026 1182
1030 4577
1031 2910
1039 4510
1051 4826
1053 4382
1062 4421
1064 4525
1065 4566
1069 3273
1080 4775
1082 4334
1093 4186
1100 4667
1102 3699
1107 4537
1112 3420
1115 2202
1116 4775
1122 4975
1138 4947
1140 4744
1142 4842
1143 3661
1144 4940
1148 4881
1161 3802
1171 4603
1173 4540
1184 4760
1191 4362
1197 3414
1211 4426
1225 3747
1227 1330
1136 1230
1232 4509
1241 4915
1243 1820
1256 4256
1260 3058
1262 3491
1265 3033
1267 3496
1270 3795
1273 3732
1283 4547
1287 2660
1292 4756
1294 4800
1295 3421
1302 3584
594 1306
1308 4600
1309 3947
82 1317
1247 1318
1320 1485
1329 4753
1341 2277
1352 4107
1356 4662
1358 4739
1359 4978
1376 4040
1398 4931
1407 4055
1411 4584
1416 4662
1426 4627
1428 4643
1435 4647
1436 4372
1440 4501
1441 4747
1446 4477
1465 3297
1466 4593
1219 1467
1476 4275
1488 4564
1493 1646
1506 2888
1515 4334
1522 4610
1524 4509
1319 1527
406 1535
1538 3494
1543 2176
1544 4071
1549 4813
1550 3169
1555 1557
1558 4047
1445 1571
1576 3949
1583 4343
1584 4942
113 1587
1591 4577
1598 4871
1605 4894
1607 4693
1613 3444
1617 1677
1623 4288
1625 2381
1629 4346
1631 4888
1634 4889
1431 1636
289 1639
1640 4874
1642 4348
1653 4886
1658 4120
1475 1660
1662 4768
1663 4068
1666 4345
1675 4780
1681 3568
1689 3475
1692 1897
1696 3441
1700 3975
1707 4627
1708 2331
1716 4682
955 1722
1727 3664
1732 4660
1740 4693
1742 4710
1743 4767
1274 1744
1745 4907
1750 4509
1763 4992
1777 3367
1780 4557
437 1789
1794 3849
1799 4726
1801 4539
106 1802
1803 4194
1808 4289
1815 3382
1816 4565
1817 4361
1818 2201
1821 3841
1827 3422
1828 3294
1832 4702
1834 4783
1838 2310
1848 4785
1849 3527
1851 4833
69 1858
5 1867
1869 4949
1870 3747
1871 4841
1881 3352
1894 2947
1904 4170
1914 4210
1917 2235
1920 4459
1921 4352
1928 4620
1929 4653
1852 1935
839 1937
1938 2397
1940 4762
1960 4810
1845 1966
1970 3906
1975 4998
957 1976
1977 3652
1980 2098
831 1982
2007 4968
2018 4506
792 2022
2027 3449
2033 4462
2035 2777
2041 2195
2043 4345
2050 3420
2052 2494
2065 4633
2067 4146
2070 4540
2071 4752
2075 4378
2084 2569
2089 4961
2096 3961
2099 4545
1252 2113
2123 4488
2125 4328
2137 4046
2144 4585
615 2145
2146 4375
431 2149
2152 4955
2157 3793
2165 4847
2174 2804
2179 4339
196 2184
977 2186
2189 4227
2196 2198
2197 4775
2085 2200
1242 2209
2176 2214
2217 3287
2218 3986
2219 4483
2220 4348
1568 2226
2228 4925
2229 4075
2240 4621
2245 4964
2247 4508
31 2249
2252 4702
2253 2962
2259 3063
2261 4886
2263 4773
2265 3479
2267 4566
2272 4667
2278 4718
2281 3437
2282 4996
1955 2286
2288 4471
2289 2574
2292 2573
2293 4047
2294 4851
2295 3997
2299 2862
2020 2300
2305 4834
1269 2313
2314 4910
1449 2315
2302 2324
2026 2326
2330 4631
2336 3678
2339 4755
2343 4914
2345 4628
2346 4492
2360 2938
2361 4526
2362 2704
2363 4269
2365 4575
2385 4529
2386 4188
2388 4846
2400 3916
2409 4936
2411 3947
2107 2412
2416 3837
2419 4537
1523 2421
2436 3471
2437 4824
2441 4059
2442 2617
2447 4124
2452 4874
2455 4683
2456 3250
2458 2567
2463 4544
2464 4982
2466 3695
2470 4688
2472 4046
2475 3906
2477 4231
2481 3995
2485 2977
2492 4654
2496 4863
2497 4570
2499 2694
2502 4900
2504 4733
2506 3852
2520 4576
584 2525
2527 2845
2531 4506
2537 3162
2544 4936
2545 4540
2547 2549
300 2552
2570 4164
2575 4535
2577 4478
2587 4074
749 2588
2589 4179
2393 2591
2581 2596
2600 3277
2608 4667
2619 4104
2623 4211
2627 4629
2628 4852
1061 2634
2639 4754
2646 3908
2648 4884
2650 4440
975 2651
2656 3336
2663 4552
2671 3874
2556 2676
2678 3310
2688 3627
2237 2701
2705 4275
2707 4525
2709 3700
2710 4846
2715 4686
2376 2717
2720 3963
2727 3471
2732 3955
2736 4896
2742 4804
2746 4050
2747 3569
2749 4348
1725 2753
2754 4427
2756 4909
2764 4910
2765 4874
193 2766
2772 3729
1637 2774
1933 2779
2786 3793
2787 4592
2801 4804
2802 4851
2773 2810
2812 4823
2821 3948
2822 4920
743 2823
2830 4770
2831 4463
2834 4253
2635 2835
2476 2837
2839 3961
2841 4896
888 2844
2847 4596
2850 3869
2853 4576
2858 4168
2861 4943
2870 4214
2873 3458
2878 3688
2790 2879
436 2884
2689 2886
2897 4422
2168 2902
2909 3429
2311 2926
2927 3182
2930 4721
2460 2931
2933 4827
2936 4552
2939 4346
2519 2942
2958 4633
2959 2963
2964 3476
2965 4964
2972 3143
2978 3813
2980 4891
2981 4785
2557 2983
2849 2988
2992 4474
1949 2995
2996 3302
2997 4905
3018 3022
3023 4931
3024 4720
3027 4684
3031 3318
3032 4727
3051 3802
2542 3054
3057 4688
3065 3582
1562 3073
2684 3075
3079 3452
790 3081
2202 3083
3089 4607
3091 3581
3092 4305
19 3093
3095 4919
3097 3393
3101 3999
3112 3353
3138 4711
3139 4156
2393 3140
3144 3661
3148 4085
3149 4708
3150 3401
1954 3152
80 3153
3157 4804
3158 4857
3163 3502
2824 3171
3172 3517
3176 4624
3183 4371
3189 4499
3194 4911
3197 4774
3204 3816
2251 3205
3209 4582
2322 3212
3213 3491
1389 3215
3219 3428
3223 4285
2803 3225
3231 3237
3234 4638
3236 4924
2444 3238
1219 3240
3249 4896
3256 3987
3259 4434
3260 3306
3261 4181
3266 4567
3268 4188
3276 4799
35 3281
3282 4382
2398 3289
3295 3453
3296 4712
3298 4678
3309 3914
3311 4109
3053 3321
3322 4471
3329 4988
3330 4008
3339 3393
1609 3341
2912 3342
3343 3345
3346 4947
3356 4953
3360 4924
3361 4896
3364 3579
1559 3368
3369 3721
3371 4870
3374 4590
3380 4785
3076 3385
3387 3970
3286 3390
3391 3853
2595 3392
3394 4603
3396 4600
1971 3402
3406 4384
3408 4053
3293 3411
3413 3418
3457 4619
3463 4355
3466 4147
3468 3472
3470 4857
1345 3473
2758 3480
3481 4860
372 3483
3273 3485
3486 4337
3490 4944
3492 4532
2526 3495
3498 4889
3501 4426
3505 4457
2998 3506
3511 4453
3522 4686
3523 3683
3524 4506
3525 4955
3529 4617
3534 3838
3540 3887
3542 3827
3548 4093
3550 4475
3552 4453
3554 3556
3561 4590
3334 3562
1328 3566
3570 4606
3573 4468
3227 3583
3313 3585
3596 4091
3597 4199
3599 4026
3354 3606
610 3611
3613 4078
3618 4846
2999 3619
3621 4532
3622 4165
3623 4048
3624 4347
3625 4780
3634 4897
3639 4688
2941 3640
3644 4135
3331 3648
1 3649
3429 3650
3656 4366
3657 4987
2652 3658
3663 4760
3638 3670
3689 4334
3690 4439
3558 3691
3694 4987
3701 4217
60 3710
3713 4328
3717 4884
3718 4838
3720 4666
3722 4140
3724 4211
3725 4861
3727 4558
3731 4928
1304 3735
3604 3736
3743 3932
3748 4050
3749 4722
2973 3754
1368 3755
3758 4747
3760 4943
1455 3762
3326 3764
3757 3765
2396 3767
838 3769
3777 4712
3778 4822
1364 3780
1575 3785
3786 4712
269 3788
3790 4329
3797 4851
3799 4646
3287 3800
3801 4769
3804 4708
3541 3811
3814 4834
3815 3824
3817 4341
3608 3818
3820 4268
3822 4334
2661 3828
3829 4182
3839 4164
3844 4634
2602 3845
3846 4596
3848 4773
23 3856
3554 3866
3871 4187
3875 3945
3586 3878
3766 3879
3880 4566
815 3886
3862 3890
3896 3935
2730 3900
3902 4278
3908 3913
3915 4898
3922 4116
3923 4557
1859 3927
3928 3934
157 3937
3942 4401
3698 3943
3397 3954
3945 3958
3971 4986
3973 4794
3976 4789
3980 4964
2883 3981
3409 3984
3010 3989
2641 3992
4000 4861
4003 4662
612 4005
2818 4006
3123 4007
4009 4657
2583 4010
4011 4846
4013 4165
4019 4699
4042 4965
4043 4044
4015 4062
3430 4063
4067 4068
114 4070
4077 4429
1758 4080
3738 4083
4084 4512
1652 4097
4098 4194
4051 4100
4102 4107
4105 4964
394 4108
3708 4110
4111 4124
4118 4852
4122 4991
4128 4130
4129 4565
1872 4137
4138 4950
4154 4486
4058 4163
4086 4167
4171 4937
4176 4291
2377 4177
4180 4902
4179 4183
4189 4914
3021 4190
4191 4619
4193 4453
4198 4716
3003 4204
4205 4804
4170 4208
4200 4209
1857 4212
4216 4934
4218 4665
1994 4221
4222 4769
4224 4658
2279 4225
4228 4398
4232 4912
2719 4233
4040 4236
4078 4239
4241 4242
4243 4352
3500 4244
1712 4245
2681 4246
4257 4864
2867 4260
4211 4261
4264 4644
4265 4682
1445 4274
3833 4276
3471 4277
4279 4774
3320 4281
4268 4282
3753 4283
2225 4286
3745 4293
1044 4295
2273 4297
4298 4299
3509 4300
2160 4302
4307 4965
3920 4308
1760 4316
3635 4318
582 4324
3003 4326
3526 4327
4340 4958
4356 4556
1384 4358
2446 4367
2177 4370
4223 4379
4386 4889
4387 4390
1412 4392
3999 4395
4402 4565
4249 4403
3750 4404
4396 4406
4407 4792
3849 4408
1721 4410
4414 4769
4417 4426
4433 4896
4445 4592
4446 4947
1968 4447
2824 4448
4449 4570
157 4452
4454 4663
4458 4829
2672 4466
3526 4467
4470 4619
3924 4472
4359 4473
4475 4482
1247 4490
4500 4503
4020 4505
2223 4513
1384 4514
4516 4522
4518 4522
2476 4528
4531 4682
4485 4536
3088 4538
3345 4541
3107 4543
4548 4549
3805 4551
3058 4554
2180 4561
4438 4562
4547 4563
3938 4571
4572 4936
4583 4926
4594 4596
885 4597
4461 4601
728 4602
4604 4750
1520 4611
4479 4612
4608 4613
1545 4618
3359 4622
3537 4623
3509 4626
2845 4630
1986 4632
4637 4686
4438 4640
4641 4686
529 4650
4659 4663
3084 4661
4420 4664
2465 4671
2118 4672
3938 4674
3742 4676
4685 4772
3699 4689
4341 4690
4031 4691
2381 4694
2515 4696
4700 4823
3125 4701
3617 4705
2889 4706
3439 4709
3825 4714
2433 4715
3362 4719
4101 4723
2828 4724
4507 4732
4525 4737
3565 4748
3891 4749
85 4764
1684 4765
4253 4766
3930 4771
1946 4779
4096 4782
1706 4787
4788 4800
4478 4798
4803 4805
2613 4809
4815 4889
2924 4817
2428 4819
3410 4825
4828 4914
2515 4837
4836 4840
4443 4843
4158 4853
4256 4855
4103 4858
766 4859
4861 4862
4867 4889
4846 4868
4197 4872
4873 4956
2519 4876
4460 4879
4801 4882
4866 4885
4834 4892
1258 4903
4423 4906
4555 4916
2922 4917
3766 4922
4854 4923
56 4927
4593 4929
4770 4932
4792 4941
4762 4959
4884 4969
4807 4976
4972 4979
4908 4985
3668 4990
4558 4993
4653 4994
3159 4995
4016 4999
30 33
43 4974
57 4479
64 4905
73 4978
93 3493
112 3591
130 3489
162 2829
164 4886
240 4439
277 4385
279 4337
294 3094
310 4934
357 3966
387 4590
429 4559
455 4950
466 4487
480 4992
512 4964
513 4907
532 4682
534 3056
542 2112
569 1394
571 1656
605 771
660 4957
665 4553
674 4736
718 4544
721 4325
744 4943
768 4780
774 4831
776 3744
783 4525
784 4850
795 4967
797 3909
830 2838
837 4770
854 4751
860 4304
865 4886
876 4590
877 4989
880 4675
889 4924
892 4796
894 4600
899 4291
900 4590
923 4950
965 4745
967 4950
1031 4644
1039 4556
1053 3903
1062 4896
1080 4515
1082 4811
1102 4158
1107 4902
1115 4936
1138 4865
1143 2471
1173 2967
1184 4846
1191 4692
1197 4434
1227 4942
1256 4904
1262 4865
1292 4502
1294 4346
1295 4539
1308 4635
1317 4951
1320 4425
1356 3350
1358 4699
1359 4683
1376 4870
1411 3257
1426 4832
1440 4967
1441 2076
1466 2925
1522 4785
1524 4275
1538 3026
1544 4287
1549 4687
1558 4773
1571 4598
1576 4148
1584 3959
1587 4697
1613 4362
1629 4620
1636 4043
1639 4936
1642 4092
1653 4360
1658 4319
1666 3591
1675 4739
1689 4742
1501 1692
1696 4945
1707 3348
1722 4589
1740 3064
1744 4953
1780 3794
1794 4325
1799 4621
1821 4860
1827 4202
1828 4389
1838 4805
1849 2372
1869 4921
1904 4464
1920 4373
1966 2026
1970 4669
1975 4644
1977 3575
2018 4962
2027 4553
2041 4462
2050 3388
2052 4986
2067 3559
2071 4425
2075 4210
2084 2615
2089 4889
2096 4525
2099 4639
2113 3953
2137 4256
2144 3751
2145 4501
2152 4364
964 2157
2174 4754
2179 4186
2209 2748
1806 2217
2219 4686
2228 4217
1145 2245
2253 4958
2263 2809
2265 4762
2278 4967
2288 2855
2292 4497
2293 4751
2294 3185
1556 2295
2299 3007
2300 3965
2305 4958
2315 4668
2324 4752
2326 4559
2336 2340
2339 2453
2343 4200
176 2345
2360 4712
2361 4394
2362 4792
2363 2826
2386 4093
2388 4763
2409 4471
2411 4625
2412 4323
2419 3773
2437 4786
2441 4986
2442 4874
2447 4686
2452 4940
2456 4886
2458 4634
2466 4320
2470 4889
2481 2856
2492 4325
2504 4581
2520 4294
2525 4211
2527 4629
2531 4919
2537 3698
2544 4499
2545 4587
2552 4751
2570 4889
2575 4546
2577 4987
2588 4889
2589 4712
2591 4471
1906 2596
2600 4679
2608 4355
2628 4975
2639 4515
2648 3675
2651 3037
2656 4983
2676 4600
2678 3903
2688 3271
2705 4566
2710 4420
2715 3600
2717 4495
2720 4744
2727 3776
2662 2736
2746 4910
2747 4670
2753 4495
2756 3509
2764 4924
2772 3567
2779 4656
2786 4878
2801 4649
2812 3707
2821 3637
2822 4399
2823 4658
2830 4769
2834 3008
2835 3707
2837 4248
2841 4870
2853 4644
2858 3167
2861 4615
2870 3707
2873 4835
2879 4064
2886 4532
2897 4608
2909 4770
2797 2926
2930 4931
2931 3471
2936 4878
2939 4924
2091 2942
2958 4537
2959 4238
2338 2965
2978 4889
2980 4792
2981 4952
2988 4397
2992 4624
2995 3865
2996 4889
2758 3018
3024 4474
3027 4996
3031 4889
3051 3464
3054 3055
3073 4030
3075 3451
3079 4804
3089 4162
3091 3756
3092 4796
3093 4439
3095 4525
3097 4451
3138 4655
3140 4896
3022 3144
3153 4740
3157 4846
3158 4981
3171 4592
3172 4928
2777 3176
3183 4901
3194 4951
3197 4951
3213 4534
3215 3395
3219 4076
3223 4850
3225 4575
3231 4405
3234 4026
3236 3962
3238 4852
3240 4288
3249 4615
3256 3930
3259 4851
3254 3260
3266 3383
3268 4094
3276 4679
3281 4486
1654 3282
3289 4523
3295 4983
3309 4778
3311 4964
3307 3322
3330 4648
3342 4354
643 3343
3346 4699
3356 4495
2225 3360
3162 3361
3368 3572
3369 3377
3371 4907
3380 4471
3385 4369
3390 4649
3394 4849
2301 3396
3402 4552
2225 3406
3408 4935
3411 4954
3463 4548
3468 4315
3470 3770
3473 4895
3480 4946
3253 3483
3485 4768
3486 4865
3490 3862
3492 4686
3495 4060
3498 4947
3501 3535
3505 4325
3506 4546
3511 4606
3522 4530
2618 3524
3529 4596
3534 3836
3542 4866
3548 4992
3550 4590
3552 4703
3566 4936
3573 4955
3583 4768
2757 3585
3596 4869
3599 4794
2882 3613
3618 4964
3622 4699
3624 4206
3625 4812
3634 4871
1997 3644
3647 3648
3650 4061
3656 4099
3169 3663
3689 4909
3690 3693
3691 4527
3694 4936
3717 4642
3718 4970
3720 4087
3722 4704
3269 3725
3727 4901
3736 3742
3743 4001
3748 3836
3509 3749
3755 4322
3760 4966
3765 4658
3769 3803
3777 4884
3778 4804
3780 4263
3372 3785
3786 4915
3788 4559
3776 3790
3797 4355
3799 3949
3800 4804
3801 4087
3814 4196
3815 4593
3818 4620
3820 4388
3828 4211
3829 4955
3839 4582
3844 4713
3845 4949
3846 3926
3203 3848
3856 4914
3199 3871
3543 3875
3878 4716
3879 4946
3068 3886
3896 4718
3900 4992
3902 4975
3338 3913
3915 3998
3922 4350
3927 4938
3942 4977
3943 4440
3954 4820
3958 4256
3971 4988
2301 3973
3980 4692
3981 4487
3989 4938
3992 4584
4003 4377
4005 4874
4007 4856
4010 4808
4013 4094
2230 4019
3574 4042
4044 4920
4063 4591
3478 4067
1665 4070
4077 4886
4083 4830
2332 4084
3850 4097
3484 4098
4100 4905
4102 4529
4105 4364
2777 4108
4118 4600
3363 4122
4128 4553
4129 4585
4137 4703
4138 4552
1927 4154
4163 4667
4167 4590
4171 4348
4183 4502
1024 4189
3835 4190
3813 4191
3558 4193
4204 4579
4205 4991
4209 4238
4212 4336
4216 4924
4218 4532
4065 4221
2112 4222
4224 4880
4225 4735
4231 4232
322 4233
4239 4839
4241 4841
2882 4243
4244 4355
4032 4245
4037 4246
4256 4257
4182 4260
3986 4264
4265 4695
3586 4274
4276 4309
4277 4625
4279 4423
4281 4421
3944 4282
4109 4293
4295 4896
4133 4300
4302 4312
4308 4610
3784 4316
3920 4324
3102 4326
4029 4327
4340 4596
3945 4356
4358 4369
3528 4367
4196 4370
3232 4379
4386 4790
4390 4394
4309 4392
4258 4395
4402 4752
4404 4504
4406 4804
4414 4645
4417 4738
3693 4433
4440 4445
4099 4446
4447 4938
1040 4448
2611 4449
4123 4452
3850 4454
4458 4804
3675 4466
4467 4896
4470 4480
4472 4804
2777 4473
4489 4490
4503 4921
4505 4711
4513 4790
3964 4514
4071 4518
4528 4827
4267 4531
3055 4536
4538 4581
4499 4541
4543 4566
2190 4549
2593 4551
4554 4589
4561 4718
4562 4954
3595 4563
4430 4571
3945 4572
4089 4583
3876 4594
4597 4600
1217 4601
4376 4602
4604 4874
4611 4938
2760 4612
3453 4613
4618 4967
4622 4884
4184 4623
4626 4646
2016 4630
3745 4632
4637 4799
3630 4640
3975 4641
4474 4650
389 4659
3716 4661
3949 4664
4671 4805
4188 4674
3508 4676
4578 4685
332 4689
4690 4703
4691 4767
4694 4842
368 4696
4700 4704
3882 4701
4206 4705
4480 4706
4638 4709
4337 4714
4715 4728
4719 4992
3612 4723
4724 4975
4134 4737
483 4748
4373 4749
846 4764
1619 4765
4682 4766
4771 4826
4779 4810
3239 4782
3509 4787
4788 4802
4590 4798
2760 4803
4809 4822
4173 4815
4223 4817
4819 4832
4740 4825
2319 4828
3056 4837
4703 4840
4832 4843
3986 4853
4842 4855
4331 4858
4846 4859
3662 4862
3987 4867
4804 4868
4872 4889
3303 4873
2947 4876
4870 4879
4882 4920
4881 4892
4903 4919
4822 4906
4916 4977
4451 4917
3427 4922
4269 4923
3165 4927
4929 4937
4895 4932
3630 4941
4028 4959
3233 4969
3792 4976
3920 4979
3734 4985
4703 4990
4988 4993
4971 4994
4968 4995
4655 4999
164 4951
899 937
900 2323
1053 4014
1102 4848
1227 4804
1256 4883
1558 4974
1571 4909
1629 4686
1828 4907
1920 4317
2027 4984
2050 4887
2145 2396
2152 4215
2217 3420
2219 4109
2245 2256
2278 4896
2292 4075
2315 4849
2361 4951
2362 4708
2411 4865
2442 4649
2452 4889
2527 4287
2537 4527
2575 4364
2577 4957
2589 4591
2648 4992
2715 4786
2717 4769
2764 4296
2858 4807
2909 4702
2958 4625
2959 3679
2978 4908
3027 4055
3031 3698
2921 3054
2494 3093
3095 4947
3097 4669
3219 4525
3236 3503
1563 3276
3322 4497
3330 4523
3343 4769
3361 4816
3369 4725
3385 4875
3396 4631
3406 4947
3486 4811
3498 4426
3534 4960
3542 4846
3550 4904
3573 4679
2682 3596
3622 4924
3624 4636
3625 4593
3650 4726
3689 4359
3694 4029
3680 3720
3722 4899
3765 4962
3778 4620
3780 4125
3785 4926
3786 3935
3788 4971
3799 4123
3800 4846
3818 4627
3829 4770
3844 4256
3845 4580
3184 3871
3896 4195
2444 3915
3927 4682
3954 4040
3973 4600
3981 4590
3992 4328
4005 4014
1272 4007
4038 4042
4044 4348
683 4067
3821 4077
4083 4666
4055 4084
4098 4495
4102 4984
4040 4118
2769 4128
3698 4137
4154 4982
2060 4163
4167 4493
4171 4833
4191 4801
2494 4222
4225 4348
4232 4440
4243 4397
4246 4303
4260 4965
4265 4961
4282 4804
1759 4295
3851 4302
4308 4778
4326 4983
4327 4397
2077 4340
4356 4844
4358 4776
4367 4754
4370 4377
4379 4465
3873 4390
4315 4392
4395 4413
3521 4402
3559 4404
4417 4772
2473 4433
4055 4445
4447 4751
3698 4448
3665 4449
4335 4452
4466 4675
4467 4595
146 4473
4490 4652
4513 4780
4201 4518
4047 4528
4074 4531
4536 4801
4538 4586
3277 4541
4533 4543
4121 4551
4554 4948
4562 4950
4563 4754
2296 4572
4594 4607
3933 4601
4604 4660
4553 4611
4252 4626
4637 4851
4525 4640
4641 4646
4603 4650
4038 4659
4548 4661
3699 4664
4438 4676
4675 4685
4689 4761
4498 4690
4701 4747
4705 4781
4153 4706
4394 4714
3177 4715
3789 4719
3420 4723
4724 4884
4737 4778
3893 4749
4683 4765
4766 4799
4771 4974
4050 4779
2408 4782
4787 4802
4753 4788
3933 4798
4802 4815
4817 4864
3897 4828
4256 4837
4830 4843
4553 4859
4768 4862
4534 4867
999 4868
4838 4879
4882 4934
4892 4960
4903 4909
4800 4906
4916 4989
4520 4917
4922 4931
4378 4923
4927 4987
4929 4930
4941 4965
4905 4959
4969 4988
4936 4976
4979 4986
4950 4990
2283 4993
4707 4994
1092 4995
4951 4999
1053 4574
2452 4269
2527 4777
2575 4624
3369 4643
3550 4621
3722 4826
3484 3896
4232 4234
4327 4920
4379 4444
4056 4402
4531 4951
4594 4992
3995 4719
4737 4826
4857 4879
4649 4959
3849 4976
4522 4979
