2292 4397
4117 4124
1326 4655
3568 3913
2298 3901
2428 4552
3782 4763
2440 4443
2084 4647
3629 4567
3727 3734
3099 3413
2921 4887
1352 4264
1020 4398
166 1900
4443 4494
2787 3818
4178 4452
3298 3914
4095 4887
1740 4989
1836 2428
33 4222
1927 4532
2716 4228
3310 4697
1456 4590
659 4348
175 510
2984 4935
3741 4611
3834 4145
1058 1157
3394 4389
3647 3669
1432 4197
1697 4655
3220 4777
479 4295
2440 3734
1351 4486
4247 4361
3695 4836
2540 4771
2039 4991
2992 3201
2746 4485
202 2619
4514 4986
905 4922
4301 4770
4141 4846
709 1521
2860 4295
2780 3555
1936 4988
1686 3808
1208 4763
2826 4181
1382 3542
2479 4484
1014 1442
3657 4590
382 4092
2232 4398
3499 4378
274 4882
2783 3913
2203 4793
2518 3343
914 3698
1765 4886
1548 4988
242 4756
439 4882
4014 4612
3429 4429
2075 4368
2097 3116
3056 4440
2622 4294
2144 4049
1582 4481
159 2253
2901 4486
3932 4762
1862 3985
4348 4557
306 3158
131 3394
2155 4689
808 4886
2504 3242
4645 4750
3424 4191
2352 4389
2282 4583
2634 4752
1874 4004
2949 4920
1783 4777
1092 4824
3470 4622
3666 4089
3985 4935
1560 1973
2411 4752
3629 4332
2523 4622
2838 3734
1853 3017
4172 4676
182 4641
3246 4482
3728 4493
2239 4124
2405 4580
4264 4886
3560 4884
2574 4762
888 4397
4800 4887
3101 4763
1548 4610
2036 3066
2265 3934
3766 4247
3721 4553
1432 4803
1915 4712
1808 4974
2976 4227
1794 4474
3741 4999
2472 4770
857 2596
3770 4540
1450 4986
3539 4941
4471 4934
1316 3700
4149 4537
578 3197
3166 4257
3152 4846
2710 4170
489 4934
750 4343
2075 2350
3751 4641
2560 4702
2871 4114
2628 3440
1779 4482
3335 3952
3982 4276
1103 3545
3013 3859
3464 3632
3374 4119
4069 4087
4054 4725
4434 4638
3629 4142
4179 4366
4145 4770
3160 4366
139 3770
3594 4438
592 3474
2781 4805
2290 4887
1841 2560
183 3778
734 3452
3376 3542
4246 4676
1208 4947
3914 4556
3378 4737
2336 2625
400 4989
2557 2826
324 3968
2131 4882
3845 4172
2658 4170
3783 4773
2560 2986
1017 3413
2812 4378
2245 4546
599 4135
2196 4858
492 4884
1593 4793
1476 4443
1718 4176
2303 4269
4286 4293
3560 4443
1421 4971
2785 4119
2806 2811
3539 4679
3778 3989
1950 4413
3256 4824
1533 4728
366 3555
1688 4481
3706 4176
1691 4803
1170 4087
1895 2023
2898 4583
4205 4617
514 3389
3821 4440
2479 4926
3099 4657
3023 4114
187 4968
1092 4737
2560 4599
914 2838
2658 3721
3781 4747
2438 2595
2144 3039
1960 4588
734 3785
4141 4890
300 4299
2664 3036
2180 4599
2262 3567
3076 4941
2800 4470
485 3201
3766 4191
3215 3739
2247 4922
382 4546
1621 4989
1635 1736
356 2522
2004 3603
2716 3226
2095 4920
1352 4886
3705 4728
2472 4361
988 4868
1950 4750
4164 4805
3253 4988
895 4694
4159 4546
813 4032
887 4114
2207 4124
1697 3285
4580 4836
3276 3974
2811 4685
2141 4793
4697 4937
81 3731
2590 4085
3657 4727
2596 4514
2780 4487
3904 4989
4177 4657
858 2232
3400 3883
1412 4332
3888 4032
2901 4871
3304 4962
2789 4838
372 4107
694 4552
459 1621
2290 4959
1862 4622
1736 3869
2540 4343
843 4493
1025 3928
3620 4327
3643 4174
2901 3515
1263 4480
2679 4526
4446 4685
1686 4158
2472 4664
2602 3979
3818 4299
858 3457
2100 3125
4095 4773
2006 2382
2084 4922
2361 4532
2602 3610
2829 4661
4426 4712
3684 4284
2529 3734
1095 3794
1074 4935
1202 4368
823 4920
1896 4986
3751 4527
3284 3892
4247 4968
1927 4281
2785 3343
4585 4612
3220 4968
3324 3852
1482 4771
3960 4661
3778 4061
2683 4405
1415 3666
3727 4585
48 3694
2105 3556
1874 4962
1867 4922
381 4932
3103 4661
3487 4778
2709 4257
89 4057
2467 3883
3632 4087
1510 3960
1794 4706
835 4999
1791 2141
3506 4963
3967 4200
3508 4085
272 2594
2344 3785
2691 4073
1868 3729
177 951
925 4035
3529 4838
3781 4197
1610 4524
1882 3932
4079 4159
2830 4299
3440 4657
2540 4315
1891 4247
791 2058
4778 4999
2826 4080
1564 4405
3743 4460
1621 4932
4146 4860
2628 3999
1676 4398
168 4652
1252 3792
2564 4439
3932 4697
4050 4877
1521 4937
1145 4550
1257 3632
1261 4999
1951 3766
3116 4894
4426 4974
1381 4963
2652 4446
1423 4153
4080 4260
1946 2652
3904 4999
2628 4664
2006 3743
2014 4763
1208 3228
1146 4800
2535 4926
2838 4070
1261 1385
3378 4331
1259 4935
1937 4293
1563 4367
844 4390
4184 4281
3256 3587
1629 4610
244 1170
1374 4519
3058 4171
2394 4709
841 4926
3556 4470
2865 4689
2976 4546
11 3971
2564 4117
1137 2414
3612 3782
3783 4887
1415 4585
3519 3553
2756 3378
2974 3721
742 4650
3440 4200
564 4414
1252 4694
2893 3928
4747 4773
3821 4260
1290 4294
3159 4701
3366 3978
4262 4471
2361 3727
988 4679
3134 4089
1604 4257
4159 4414
2865 3400
2932 4756
1214 4552
3158 4494
2558 4519
2564 4894
4610 4860
3938 4766
3758 4205
2161 4053
3907 4914
187 4971
99 4135
174 4104
2590 3256
2969 3440
3071 3913
269 1817
2081 3952
607 3099
4413 4963
659 2058
2440 4752
1116 1610
3358 4599
210 2330
118 4679
3283 4436
1653 4482
3559 4624
2084 4641
1639 4661
2268 2720
1771 3654
2196 3672
3907 4135
2921 4800
1894 3883
4218 4777
480 4773
3487 3636
2529 4440
1704 3330
3116 4838
2644 3403
3690 3727
3803 4741
3555 4044
1304 4146
5 4327
118 4293
4595 4611
3159 4935
1868 4142
3529 4894
3389 4858
623 4527
4599 4702
3146 4164
4071 4228
3506 4988
43 4728
905 4920
790 4664
79 4771
3400 4438
4044 4652
693 4894
90 4805
694 4553
3741 4556
827 4645
1053 4480
1920 4838
2394 4778
1946 4685
168 4228
1919 4583
4174 4434
533 4701
3932 4257
1973 4752
1536 1960
33 4414
698 3820
1356 4053
219 1900
1095 4871
1614 4877
0 2956
1561 4487
90 4264
2094 3064
3569 4513
3928 4963
3727 4999
2801 3852
399 4482
1736 4725
4028 4770
1909 4230
2142 2546
1552 4135
4550 4937
3225 4644
4100 4104
897 4045
185 4332
1579 3542
2689 3855
3881 4177
2729 4039
4524 4770
833 4697
2097 4777
2847 4679
1973 4214
2663 3110
1202 2350
1604 3310
2969 3820
678 4707
1939 3971
3253 4721
1421 4756
2155 3464
2350 4039
3821 4070
2931 4163
4434 4777
4069 4784
3516 4624
3424 4287
1482 4343
2051 4612
3303 3974
3283 4142
3734 4604
3992 4299
2982 4389
1157 4035
3371 4230
3869 4763
2546 4566
3166 4937
951 3971
182 4647
2586 4644
3561 4178
3569 3706
1788 2131
2691 4610
4104 4685
3654 4655
1273 4284
2239 4348
3914 4744
1879 3358
1349 4426
3152 4260
890 4932
2689 4871
2724 4536
3428 4171
1536 3470
1596 4771
2710 4974
3099 4301
897 4200
803 3881
3743 4493
3892 4937
278 4641
1509 3511
3690 4612
3515 3694
3727 4281
1277 3647
1385 4566
2239 4784
2956 4652
1177 1485
69 4884
3002 3242
1875 4247
3158 3341
1769 4361
2079 3820
4727 4877
4222 4890
1347 4172
1383 1894
4119 4247
2733 2800
3979 4054
4452 4727
1793 3366
3111 3999
1426 1737
835 4932
3220 4417
2180 2298
2268 4756
2949 4890
2785 2887
3374 3429
540 4200
3792 4694
914 4405
1288 4218
822 4474
2237 4971
2956 3595
3869 4368
1633 2837
3276 4524
822 4484
277 4454
3111 4546
2411 4397
2859 3246
3304 4230
2735 4624
1852 4682
1563 3907
4103 4962
1574 4045
1382 4566
514 4999
4230 4594
174 4685
4092 4762
2169 4214
4494 4715
792 3667
2535 4846
2600 4397
624 4959
2455 4962
4557 4702
2036 2128
1875 3834
2858 3667
913 3775
2039 4756
4146 4413
3403 3649
1243 3428
2722 2838
1334 1629
79 3268
2521 2704
137 3253
3452 3785
1817 3803
1223 1936
913 2521
1698 4974
3734 4405
3555 4652
2830 4454
2803 4480
165 4962
489 1177
4737 4770
2518 4429
4410 4471
1817 4741
137 4721
1908 3152
248 3559
4079 4436
164 2865
2303 4367
187 4197
924 4647
1904 4679
33 4482
1310 1403
2913 4536
2454 4685
3685 3883
1333 3926
4756 4971
3008 4702
3783 4747
2579 3220
2095 4922
4276 4763
2196 3519
2806 4378
3513 3719
4532 4585
2083 4390
4556 4567
2467 3428
2803 3924
3515 3734
4706 4991
4085 4348
3465 4426
4747 4800
973 4135
1273 4641
2552 4887
191 4661
1247 3197
1334 3672
78 4644
2720 4750
3013 4434
2787 3465
3690 4014
2263 4228
3487 4784
4378 4877
1619 4641
2039 4092
2529 3056
1962 4934
1344 4652
3729 4546
1014 4445
244 3464
353 3751
139 4367
498 2952
1915 3935
2716 4071
4599 4991
1663 4882
3215 3220
4445 4800
690 1437
3525 4417
578 3982
2597 4701
3559 4073
2789 3529
2949 4741
4274 4398
4553 4784
1754 4527
2751 3090
2039 4546
1167 4028
3366 4301
3888 4685
457 4922
1163 4682
278 4920
2838 4485
1927 4612
3620 4694
242 1815
821 4142
2787 3992
4149 4514
2091 3706
3760 4981
299 4429
3721 4974
3840 4583
1755 4103
4171 4244
4153 4737
1940 4595
2320 4367
2529 3559
3008 4599
2465 3935
3253 4815
2504 4171
39 1485
807 4164
3821 4604
721 4227
2405 4858
2720 4778
1841 3760
3739 4988
329 4922
843 4784
1561 2557
1713 4390
2262 4721
4264 4287
496 4276
907 3855
3587 4986
1853 4434
2568 4652
2951 4443
3804 4727
895 1157
4172 4882
4063 4941
1518 4750
1819 4712
109 4937
2180 4981
1588 4443
3790 4054
177 4348
3471 4934
2443 3073
756 2835
2652 4685
2707 4256
3974 4524
3567 3949
2982 3284
1631 4481
277 4417
2847 3695
1053 2336
4039 4089
1175 3840
4142 4756
3471 4410
4460 4712
2144 3508
3852 4679
24 4815
1513 2332
2518 3374
242 4092
607 3892
2178 4357
1548 4963
3840 4150
3904 4526
4838 4894
2952 4222
523 4536
3073 3594
4149 4486
1922 4676
3974 4773
4178 4685
2109 4114
2101 4085
2023 4513
55 4641
2109 4227
1145 4061
3464 4087
1356 3341
3545 4332
3394 4507
3716 4777
2893 4932
2451 4049
568 3706
2109 4566
2004 4935
1223 2896
3989 4368
913 3794
1469 4689
2534 3901
3166 3310
3226 4959
679 4368
2704 4685
4617 4999
1137 4389
0 3968
827 4750
2601 3892
4664 4741
3782 3869
1655 4246
1349 2382
693 4806
2201 2600
1017 1482
4117 4439
2540 3268
2499 2780
3378 4796
890 4999
2800 4429
2454 4032
4429 4470
713 3739
2825 4257
2625 2803
1842 4181
2245 4414
3056 4485
3852 4858
1536 4935
81 4959
1663 4172
1771 4182
1739 3632
1001 3499
4257 4550
1316 2006
3987 4163
4009 4178
4262 4378
4556 4611
1765 4766
4230 4595
356 4689
2215 2866
2299 3561
373 4914
2711 2846
1962 4286
1754 4803
2097 4417
1641 3134
1469 4612
3116 3516
1168 4806
869 4991
2245 4645
1836 4460
1374 3511
2382 4493
2681 4332
4146 4410
3220 4454
4332 4638
2201 3528
4656 4664
1831 2455
3058 3242
2262 4023
792 2428
3395 3649
2606 3352
2161 4884
2741 4135
3657 4244
3415 4860
2081 4260
2969 3073
734 4158
3330 3790
2724 3649
2061 4715
3728 4552
4095 4524
1383 2593
1120 4184
2472 3936
3283 4645
1359 4604
4583 4682
4460 4784
1687 4793
3770 4480
890 4989
691 4932
276 3934
3629 3859
4458 4611
4709 4741
1574 3999
540 4085
756 3676
3928 4694
4611 4770
3215 3928
4171 4331
161 3985
3116 3827
2128 4796
507 1895
2263 4513
1159 4494
1973 4481
5 4214
366 2780
3197 3403
2895 4100
4610 4721
4514 4871
2846 3852
925 4914
1351 4256
3338 4784
277 4968
355 3103
3310 4464
3508 3971
2590 3508
2232 4197
2982 3166
2023 4741
1788 4366
3845 4540
2733 3936
3246 4458
3999 4200
3378 4706
2132 3220
1349 4146
3148 4092
3914 4611
3310 4157
750 4656
2732 3163
3389 3539
3698 4689
3148 4159
2670 4815
2290 4095
2215 4445
2404 4458
1423 4706
3276 4315
525 1857
2209 3705
3440 3967
3470 4357
3845 4882
4762 4988
175 2781
3859 4567
1939 2058
3959 4357
3276 3926
1482 4657
1853 4638
2835 2865
1927 4184
2652 2895
1412 4638
3071 3676
3394 4647
3949 4439
4257 4697
4460 4493
1582 3366
2077 3076
1697 4107
2651 3932
1809 4004
3525 3902
2782 4890
3103 3304
3729 4414
2741 3907
1347 3647
4617 4932
3741 4526
4246 4540
3376 4301
2825 4697
454 3295
1212 4438
2282 3694
2887 4587
1713 3739
1074 1259
3782 3792
2913 4756
2574 3506
1533 2927
3125 3629
2078 4877
1633 4181
2622 3610
2896 3376
869 907
2645 4604
924 4712
2619 3785
4107 4332
149 4184
2611 3913
69 2061
2835 3685
599 3924
278 4647
2027 4244
3705 4661
4728 4938
3111 3413
2465 4784
1288 2132
248 2679
3694 4149
4256 4991
3932 4986
3107 3643
3781 4959
1421 4645
3820 3967
89 4494
1376 4063
1922 3845
4524 4887
691 3758
1513 4926
244 356
4247 4429
4702 4981
4287 4886
1147 4331
3499 4877
2492 4752
2898 4039
3036 4610
1230 3834
164 4438
3108 4257
1900 4182
2299 4182
1001 4986
2801 3389
1552 4968
4583 4594
3338 3610
390 4487
4104 4715
698 4707
2215 4103
510 4125
889 4655
4938 4986
1723 4482
1249 2635
3913 4737
3914 4778
3603 3985
4661 4720
1310 3064
1581 2535
3647 4429
2087 4796
3728 4920
1367 4158
4282 4922
3389 4063
3090 3676
2602 4771
626 4884
3598 4968
1639 4276
3716 4968
3568 4766
2597 4588
3960 4720
1376 3852
3226 3295
4092 4756
3474 4050
136 4836
1783 4860
1788 4246
3499 4824
3226 3731
2595 4803
3525 3941
2282 4682
3734 4440
1801 4035
2658 3700
742 4429
34 4484
1540 3303
4361 4974
2976 4756
3471 4793
2687 4947
300 4295
2635 4860
1853 4332
148 4806
468 616
4439 4806
1147 2198
1481 4141
2691 4815
2454 2519
2479 3840
3818 3937
1949 4624
4149 4153
4471 4727
2735 4073
3595 4652
3338 4482
4682 4689
219 3654
4125 4887
1074 4959
2532 4706
2405 4092
1053 3770
1896 3855
2521 3775
2097 3220
1275 1767
2039 2976
694 4712
3979 4725
1361 4378
3892 4274
4474 4493
1951 4191
244 3632
3069 4486
498 3808
3935 4299
129 4089
507 4981
3741 4638
1943 3627
3636 4287
1739 3901
3090 4135
2472 4282
345 2780
2098 3341
3649 4368
1692 4963
165 4590
2292 4938
4218 4968
1560 4938
1211 4886
1704 4725
857 4986
454 4887
2558 3952
1791 2516
442 3567
4179 4445
777 4439
3936 4145
3569 4664
2663 4361
1485 2787
3765 4793
4146 4963
4532 4981
2303 4815
564 1930
3785 4260
3913 4991
4368 4877
1655 4991
2596 3855
3197 3649
3348 4682
457 4920
887 2253
4526 4744
3949 4023
4282 4641
3669 4443
3760 4617
3690 4365
1005 3215
4103 4230
4803 4938
3348 3840
3553 4778
2585 4712
807 2845
2783 4981
1039 4770
3395 3508
2557 3457
2806 4452
4507 4647
2634 4214
4299 4556
1005 4193
4053 4884
988 4836
1604 4550
2683 4440
2061 4057
2704 4104
3472 4061
1326 3992
2986 4737
2075 4947
1437 4299
1874 1875
3107 3452
1939 4085
3146 4485
973 3907
1831 4004
2127 4124
3952 4181
3090 4796
2477 2921
946 4181
3023 4566
3358 4737
1646 3525
3952 4260
288 4806
1461 4080
670 3827
3090 4702
1145 2825
2670 4413
1540 4125
457 4367
1652 3960
4507 4527
3561 4294
2518 3936
2169 4938
1904 4293
139 4107
2247 4282
2196 4063
4159 4750
1633 2830
479 3992
2460 4481
305 4464
2602 4182
272 4274
2825 4922
1919 4484
2209 4720
3974 4959
827 4241
3782 4727
4458 4887
1075 4087
3310 4937
1147 2492
3669 4494
3778 4327
1273 4146
1949 4937
2796 4294
3845 4179
2812 4595
56 4689
2934 4890
1351 4720
3394 4164
4644 4796
4241 4262
1617 4331
489 4937
4877 4934
2529 4485
2534 4315
2440 4070
2373 4439
3907 4527
2451 4882
3727 4184
1109 4981
887 4566
3657 3804
592 4028
2268 4546
2142 2206
523 4934
442 3794
44 1922
3978 4752
1765 3436
454 4959
790 4741
2532 4599
3225 3472
1878 4567
1378 3690
1378 4365
4023 4104
2131 3845
4172 4709
1456 2806
1005 4914
2913 4934
1510 4720
1259 1980
1633 4103
4117 4806
3758 4962
202 4770
3002 3058
3657 4410
750 4440
366 4652
3612 3778
1381 4815
442 4100
888 2304
2250 3429
2091 4664
559 3728
2811 3901
4464 4550
1596 4657
3741 4744
11 3395
2847 4858
3253 4963
3731 4315
3770 3775
1951 3734
4595 4877
2896 4664
2679 4935
557 4417
2901 4537
2079 4200
3820 4045
3928 4762
3859 4332
3820 3932
3374 4587
1352 3938
2829 3982
3103 4728
3090 4981
4494 4744
3472 4157
1469 4087
2663 4247
4612 4617
3513 4276
3840 3935
4536 4727
44 1450
2051 4846
1218 4550
2741 3770
3474 4793
1497 4728
2837 4707
3852 4293
1767 4766
3785 4158
4146 4988
1930 2751
4540 4676
175 3938
1381 3672
34 4089
20 4712
2935 3539
2716 3569
4073 4117
24 4762
3913 4796
3792 3804
2250 4119
2838 4604
4178 4446
353 4803
1521 3284
1166 2689
3542 4114
2454 3775
1316 3721
2593 4922
1691 1939
912 4887
3245 4721
105 3620
2098 4884
1852 4926
2893 3960
3285 4182
821 1815
2330 4246
661 3466
1121 3818
1157 4694
3705 4035
657 4871
514 4744
1692 4988
4256 4486
4645 4756
1014 4103
2628 2969
2189 4894
2253 3967
3374 4470
1347 4246
2756 3941
4536 4934
2265 2946
3511 4871
4426 4553
575 4741
1175 1641
3649 4947
2414 2691
827 1888
2282 4926
1871 4793
3888 4100
2198 4655
427 4762
1891 2800
109 3892
4229 4914
1497 3982
2460 4397
3827 4439
3152 4141
1581 3862
2350 4947
3310 4274
2800 4247
3101 3649
3298 4989
566 4343
1908 4214
1747 4989
3338 4519
1039 2400
1257 3901
2635 4276
1103 4174
1235 4158
3125 4174
3937 4611
3685 4689
2109 4107
523 4590
3148 3424
2924 4588
3116 4806
2161 3669
1946 4446
299 3256
2720 4414
4644 4991
4361 4367
3158 4443
2375 4894
3002 4164
3246 4846
98 3376
626 4494
1035 4480
3587 4991
2866 4445
1664 4741
2846 4063
4536 4962
803 3268
1378 4612
4073 4838
790 3706
822 4720
1635 4107
1456 4793
3044 4550
1092 3556
56 2585
3226 4747
718 4974
3804 4871
1513 4089
3827 4117
2023 4664
3783 4095
693 4624
2336 4367
2949 3751
3413 4771
3343 3556
3603 3959
2859 4519
2704 4009
1382 3745
2924 4108
3568 4264
2265 4537
1943 4014
891 4438
2781 4390
990 2906
4103 4986
3553 3770
3979 4655
2455 4103
3545 4567
2935 4063
2330 4959
1560 4214
1779 4458
3902 4697
1469 2298
485 2109
4119 4557
2986 4706
807 4244
898 4752
1895 4981
3324 4836
3904 4205
1469 2155
1275 4805
1474 3790
4053 4057
2344 4941
85 3201
2574 3719
1853 3107
2079 3999
2411 2707
3859 4638
4445 4594
2946 4085
427 2691
3452 3745
1431 4487
3146 4331
3058 4164
3246 4294
1882 3978
1075 2602
1794 2504
4815 4860
2746 2859
3371 3412
4073 4894
1186 4676
2440 4405
3253 4413
1718 4590
1868 4971
4035 4327
3804 4536
2683 2746
1020 4464
1747 4932
1950 4971
710 1687
4756 4947
3513 4661
3794 3949
3069 4766
2237 3072
2866 3371
4282 4920
1950 4756
3734 4656
3989 4989
281 4999
3803 4071
833 1363
2783 4706
33 811
1996 4974
3834 4247
3783 4327
4257 4389
1334 4860
2262 4685
4205 4611
2590 3971
1376 4941
1831 4962
3378 4153
1218 4274
756 4981
3804 4747
2622 2859
3225 4557
4050 4176
3341 4884
907 2265
3936 4119
4702 4838
3888 4009
3567 4032
2783 4537
2709 4550
4214 4938
1676 4937
2169 4752
1769 1915
174 4446
1652 4661
2782 4707
4647 4650
2443 2628
980 4737
1548 4721
827 4971
4526 4611
1020 4389
3719 4720
4860 4999
1787 4707
764 4241
1977 4367
4446 4868
2292 4752
756 4599
1456 1853
1633 4846
1987 4604
1904 3695
139 2741
709 2651
1793 2634
1939 2144
2282 4150
2253 2443
183 2724
2373 3270
1363 4519
372 3519
1702 4725
2845 3840
3568 4796
3739 4327
2084 4439
403 1145
1765 4079
3228 3412
3276 4028
3934 4486
1888 4858
4378 4727
568 3654
3924 4367
1373 2800
3064 4244
4061 4274
2382 4588
721 4566
3603 4588
78 4981
557 4968
559 4553
4721 4762
1830 4218
4028 4524
1841 4796
175 3506
69 3163
2992 4174
1383 2835
4177 4343
4159 4756
3341 4715
1058 3792
3148 4436
2782 4846
1263 3594
2683 4656
2732 3158
384 4513
1316 4974
4247 4770
3371 4445
3672 4963
185 4023
2982 4937
4073 4481
2845 4244
2215 4540
827 4546
2826 4707
43 3719
2796 4482
2472 4587
4527 4650
274 1277
1482 3881
4622 4701
403 4264
1368 2552
1000 3036
2075 3612
916 3438
2836 4846
4390 4805
566 4771
2499 3968
1777 3069
3666 4612
1344 4044
3023 3201
3464 3901
1720 2411
3705 4276
3429 4737
2803 3553
2382 4552
1421 4546
3666 4281
2343 4583
1653 2622
1574 4507
880 4588
3468 4513
2845 3146
4004 4546
975 3728
3111 4343
1095 4514
2169 2460
2898 3840
3926 4887
3044 4389
1497 3960
3559 4806
2237 4644
1868 4092
2521 4868
3728 3743
2658 4959
3758 4932
4655 4725
1639 4728
1676 4550
3110 4247
2801 4941
980 1819
4526 4778
4295 4299
1857 2644
3745 4227
1612 2330
2532 4644
545 4164
4171 4182
3428 4438
2606 4846
3728 4974
2443 2521
709 2946
4191 4264
3284 4725
533 4513
1282 2101
1091 4747
2735 3559
4214 4481
2382 4712
2934 4181
2634 4938
2449 4095
3695 4679
4727 4793
479 4100
2299 4655
4241 4721
2600 4086
468 4486
1426 4540
4124 4588
657 3470
2247 4474
843 4095
2949 4647
1344 4487
253 1878
792 4974
3125 3146
1793 3862
813 4685
1754 4417
690 4389
2601 4694
3560 4053
4414 4971
159 3483
1767 4805
3627 4281
1533 4474
1842 1888
1908 4890
2098 4443
607 1882
1452 2835
2350 4744
136 3695
2454 4023
219 3790
2859 4482
4146 4762
2801 4858
3283 4971
367 4556
1163 4583
2756 4777
299 4587
3904 4494
1120 4365
4229 4301
833 4937
3436 4766
3466 3612
897 3999
3335 4846
3542 4566
2847 4836
3073 3483
3335 4991
1461 3152
3515 4986
3958 4482
2893 4610
2564 4838
2414 3902
3862 4080
1909 3371
2196 4293
3834 4470
4269 4762
1755 3018
1740 4170
1982 4934
1123 4085
2183 4145
2242 3515
2746 4440
2558 4890
4436 4546
3378 3760
1631 4246
1653 4458
4656 4890
3569 3803
1159 1588
3684 4860
166 4054
1223 4657
2658 4645
3731 4959
1808 4720
2320 2625
3804 4590
56 2207
1197 3552
3881 4771
3008 4644
3415 4269
2534 4773
1080 4777
4481 4886
382 4436
661 1385
2585 4610
4485 4604
2499 4652
1909 4445
2519 2594
4039 4926
4262 4410
3226 4524
3457 4044
4611 4932
4193 4981
3598 4197
2198 4214
1940 4777
4262 4727
161 4935
1447 4124
575 4513
4177 4650
2803 4135
4247 4470
1166 4256
1915 4069
1793 4938
568 4725
3352 4009
3330 4725
2600 4938
1919 4926
2178 4935
913 4712
355 857
1484 4436
2916 4838
4179 4540
1787 4181
887 3542
4301 4540
713 3556
2916 4981
2350 3403
1596 4177
2896 4361
4327 4914
1920 4715
3902 4357
694 3967
4092 4550
2803 2974
2898 4682
3298 4744
496 1794
3941 4803
1635 2105
1074 2523
3883 4438
2004 4357
2704 3949
2180 2986
2836 4890
1282 2239
2992 3643
3043 3859
2141 4163
149 1446
2836 4728
566 4657
4679 4836
2467 3685
3694 4991
1421 4750
2707 4986
792 3728
2400 4587
2681 4174
3403 4934
1288 3716
3358 4981
3415 4988
3568 4886
2268 4750
65 3924
950 1815
4426 4587
3978 4938
1888 2931
3568 3676
2720 4971
1038 4474
1469 1474
3039 4085
692 2449
532 4846
2492 4991
99 3907
2077 3539
2645 2683
2704 4868
2101 4348
4119 4770
1737 3935
4061 4697
3499 4176
2091 4228
1163 4926
2405 4588
2394 4744
2577 3729
1002 4894
2095 4650
3072 4487
1211 4287
4177 4365
3168 3516
1939 3039
2094 3146
2051 2400
1676 4389
4092 4159
3440 3999
2079 4947
2847 3246
4170 4784
3374 4737
2999 3343
2751 4546
2664 4540
3794 4009
1017 4771
2651 4937
2144 4085
3335 4890
4054 4182
2610 4773
1629 3253
1381 2648
2593 4689
2373 4436
3958 4519
4158 4222
971 4664
381 4526
1908 2927
3002 3111
1922 4882
365 4397
2384 4650
1060 3023
2634 4086
2077 4858
4685 4715
1145 2971
2262 4178
4229 4694
3555 4487
1949 4838
1038 4720
679 4947
427 4981
1937 4858
4079 4414
210 4366
2343 2898
2732 3103
1179 4229
1977 4480
2477 4747
244 4410
540 3967
2835 4752
4157 4937
1163 1378
1038 3770
2529 4405
3440 3594
2460 4938
4057 4494
2935 4858
2826 4890
4153 4796
1103 4567
602 3457
3125 4567
721 2913
1005 2601
2951 4715
2330 4179
2332 3348
869 4986
1452 3883
3545 4638
2722 4604
4721 4860
1655 4514
2866 4594
4049 4366
496 1484
4413 4988
149 3901
2800 4770
1120 2564
3436 3766
1368 4959
1223 4771
3730 4836
2075 3466
2330 3781
2711 4941
980 2999
791 4366
98 4771
4464 4697
4191 4766
1564 4070
3758 4989
4484 4926
367 4365
2976 4436
4023 4028
925 4229
1962 3499
3669 4053
1075 3790
2811 3949
3474 4378
3587 3934
2781 4460
1002 4763
3056 4405
4176 4378
3043 4218
3110 4361
2245 4159
3017 4526
2999 4426
3539 4858
916 4193
3069 4482
3971 4348
3166 3695
3220 4803
1058 4914
4171 4991
733 1780
2781 4287
4050 4846
399 3338
2585 3245
1771 4725
3869 4028
1698 4552
2094 4164
649 3721
2477 3056
1871 4934
4595 4793
2729 4926
2263 3547
372 3790
1919 4682
2532 3968
2304 3545
4287 4805
2428 3721
866 4410
4737 4981
2023 3706
3782 4028
1872 4701
84 3303
4274 4550
4599 4981
3220 4197
4587 4824
1983 4989
1442 2866
3472 4937
1791 4595
3111 4301
148 4838
2384 4527
791 4172
2189 4073
2663 4587
4439 4838
4474 4720
798 4557
175 4886
2931 3987
3647 4301
3804 4595
3158 4784
1363 2796
3487 3938
2265 4514
1564 4440
4181 4846
168 4664
813 4184
2858 2860
2931 4846
4176 4471
4438 4454
2921 4773
3166 4274
3225 4796
4286 4410
276 4149
3620 4914
4241 4286
3556 4824
592 4793
2720 4546
1783 4988
3555 3968
3008 4557
1518 4436
3483 3967
185 4567
1633 4063
2405 4836
1437 4295
3770 3924
821 4750
678 4932
3023 4141
3326 3938
3326 4045
4458 4556
1349 4974
603 4932
4246 4550
1367 2610
4241 4934
4284 4860
2586 4796
131 4191
356 4087
2262 3794
1368 4887
4414 4941
750 3734
3376 4177
2586 4702
4315 4604
3728 3729
4049 4882
4014 4095
2837 2971
1025 4229
1819 4552
1159 4715
4142 4617
2239 4426
4796 4991
1908 4181
1147 4938
485 4566
2373 4073
2597 3913
3163 4884
265 4482
2871 4566
3987 4141
2846 3539
811 3468
1536 4622
3698 4485
1720 4752
1977 4135
1874 3389
78 4599
3201 3745
1310 4171
3511 4149
1469 2521
1243 3552
3076 3389
2611 4882
3228 4028
2292 4157
210 4777
4241 4727
3376 4657
2534 3974
2523 4935
3168 4439
2746 4405
1704 2250
3256 3834
296 2023
4436 4750
4405 4532
1579 2076
1982 4471
3246 4519
3163 3627
3366 4397
2382 2658
880 4935
4932 4989
496 4720
3519 3770
1635 4725
3760 4599
1540 4800
4142 4645
3603 4701
4293 4679
4706 4737
1347 4676
594 2986
3716 4256
2858 4295
4230 4299
3785 4796
2645 3734
2454 4580
3487 4886
4080 4890
2812 3680
2927 4720
4100 4446
4556 4744
3778 3869
811 4158
3245 4284
2946 3587
1894 4438
1255 3464
1801 3739
698 3508
1633 3952
381 1815
568 3979
2741 4367
3168 4117
90 3766
2014 3869
4766 4886
373 3620
1474 4182
2303 4963
1801 4327
1982 4262
3657 4877
2806 4793
4624 4838
1186 4882
888 4641
3934 4871
2658 4784
2982 4452
1214 4974
2027 2845
3295 4524
603 4778
3941 4218
623 3751
6 4784
2597 2984
3766 3938
1922 4179
183 4063
3395 3971
1691 4527
4150 4583
2952 3452
1769 3935
858 4487
4117 4838
1655 4871
3765 4595
1415 4532
3716 4454
3760 4706
3731 4524
2866 3304
2801 4836
3043 4332
1896 4871
1431 4652
187 353
3855 4149
575 3803
510 3781
2344 3452
3389 3695
4507 4988
1456 4294
4241 4595
3276 4800
468 4100
821 4664
3727 4365
78 4702
1614 2913
4269 4860
2449 3926
2263 3403
1474 4107
2460 4086
2534 4095
3090 4836
403 3938
2245 4756
1801 4274
2518 4119
2247 4527
1123 3680
3729 4436
3110 4770
81 3926
3935 4877
3685 4438
1891 2663
2724 3612
81 3303
2373 4838
2935 3324
3734 4070
4023 4172
2546 3201
2127 2924
365 4920
303 2898
3023 4947
3808 4087
3901 4689
2679 4438
1146 4361
464 4182
4282 4650
968 3685
2532 4796
898 3528
3326 4805
1955 4368
367 4014
657 4763
219 4054
3335 4771
3225 3760
1930 4756
822 3960
1581 4141
2735 4117
2352 4706
1035 3553
3152 4890
1359 4656
1698 3654
1000 4610
1740 4526
1614 4595
2455 4771
3959 4935
1943 4585
1584 4443
1288 4968
3468 4222
2579 3008
3066 4720
4343 4657
3700 3935
3914 4205
616 4991
1484 4474
629 4445
2707 3694
1247 3989
1891 4145
345 3559
2105 3834
1116 4524
2519 4882
2984 3470
373 1461
202 1875
1368 4773
3845 4301
3298 4778
3159 4108
4527 4868
2373 4894
803 4771
891 1518
4426 4868
798 4981
1447 2924
3729 4756
2895 3888
1873 4100
3729 4645
2206 3023
4454 4968
4556 4709
1641 4926
3071 3561
2079 3594
4315 4800
161 4877
3376 4771
1415 4612
2169 4397
3256 3374
4702 4991
1943 4365
4073 4806
3730 4941
2077 4679
2304 4434
2343 4484
3464 3465
4145 4824
661 4991
891 3883
2976 4750
137 4963
400 3547
2253 4200
4049 4179
2087 3008
3378 4644
2687 4763
1403 2027
3902 4464
3560 4986
2081 3352
2203 2913
889 4657
4178 4580
3627 4184
1363 3338
3465 3705
3528 4086
3627 3666
3529 3827
1425 4932
658 3468
2499 4661
2811 3888
3324 3695
3706 4228
2927 3982
2601 3270
1442 4004
1481 1946
3326 3436
4284 4413
3371 4962
2400 4824
4184 4612
3152 4947
4471 4595
2499 4044
2611 4179
1879 3676
3924 4480
3680 3971
1585 1691
4294 4458
99 2741
624 4149
2343 4682
1361 4877
1840 4974
1896 4486
3064 4331
3470 4701
3700 4493
3569 4741
2568 4044
2836 2837
2858 3818
2992 4567
3904 4617
2105 4181
858 4044
1653 2803
2681 4567
4184 4365
340 1446
2077 4941
4241 4877
1447 4622
2628 4200
1663 4676
4588 4935
3395 4085
2292 2634
4378 4452
936 4103
3396 4181
1788 2451
1937 4836
3017 4999
2084 4650
3792 4327
4410 4590
4141 4163
1369 4999
4647 4868
3295 4429
1712 2127
2178 4770
2711 3852
3499 4536
4095 4747
4778 4932
185 3999
3636 3938
4178 4443
2645 4070
3719 3982
2335 3058
3770 4474
4762 4963
2087 4702
2127 4701
2451 4610
4644 4706
3967 3999
2178 3017
3341 4494
2597 3985
1552 4163
3066 4150
2829 4474
2083 4287
3820 3999
3389 4941
1403 3002
2606 4871
4552 4712
4028 4315
2825 3064
55 4868
4092 4645
2097 4454
52 4715
2835 3064
866 4566
2492 4481
2577 3148
2132 4968
4171 4652
2956 4487
4438 4689
624 4256
2061 3413
3827 4894
1868 4756
1692 4413
3595 4149
1447 4701
2237 4922
4184 4585
1452 2593
2789 3569
1980 4124
3667 3992
3326 4287
3310 4181
2101 3508
2949 4527
2303 3415
1208 4087
2689 3069
476 3039
1878 3859
272 3226
1874 4594
4567 4638
3413 3936
2141 4286
1415 4281
2906 3134
2443 4884
1186 4172
1334 4988
2344 2619
2350 4368
131 2560
3938 4264
3284 3902
1927 3666
2710 3396
4057 4443
1259 2644
1333 3781
1955 3869
1612 4540
4262 4389
3018 4962
2585 4413
4092 4971
3511 4514
216 4227
3700 4784
2707 4991
1676 2651
3598 3941
1179 4914
3821 4485
1116 2952
4974 4986
1137 3108
792 4553
2830 3818
303 4926
3525 4218
2051 3374
2733 4119
2806 4727
118 4858
3352 4100
2927 3069
2579 4981
2414 4464
253 3539
1263 3924
709 3719
1739 4410
1836 3728
4142 4546
3412 4721
4004 4445
3474 4877
3072 3968
2232 4454
2830 2860
3760 4557
306 4884
1980 2597
4079 4756
1533 4276
3672 3684
4069 4526
4092 4436
3395 4348
4023 4070
2198 2292
489 3937
367 4532
1000 2400
1426 3647
779 3366
3862 4707
4114 4119
4028 4959
1104 3881
3436 4805
3474 4595
891 1212
272 4882
1374 1723
1118 4777
4471 4590
1109 4991
4727 4868
1736 4182
3751 4920
913 4184
971 3706
2622 3338
3284 4550
4556 4932
3160 4172
2336 3907
2774 3552
277 3598
1426 4246
4281 4800
4262 4877
3499 4050
3790 3979
1588 2732
277 4777
681 4301
2829 3513
1166 4537
4587 4770
476 3395
4357 4526
1987 4656
4282 4527
3378 4645
1540 4524
6 3465
1263 3519
4170 4974
1025 4327
2161 4494
3594 3967
296 4664
2027 4171
1369 4932
3751 4282
2689 4986
4100 4868
2780 4652
1584 4715
3778 3782
367 4153
1794 3103
2720 4142
2796 3610
3326 3330
191 4410
4171 4214
737 2568
3099 4177
324 2004
1425 4709
1442 4445
3324 4063
3739 4193
2183 4824
1145 4697
1702 2974
1075 3330
161 4701
2946 3694
975 4941
4410 4727
4361 4426
2951 3560
710 733
1425 4257
1780 4935
731 1919
4770 4824
1646 4968
1704 4655
2579 4702
2837 4890
3672 4146
1202 4763
525 2405
2499 3595
2242 3511
4281 4685
1161 4230
1841 4981
1116 4800
3457 4487
3567 4580
803 4177
306 4715
498 811
2411 3978
1920 4884
4103 4452
3775 3949
1432 4968
2014 2746
990 4590
24 4721
1739 3464
734 3036
1723 4519
2105 4737
3727 4612
296 4741
3567 3568
1610 4959
1900 4725
4174 4638
4070 4604
2523 2924
2206 3452
48 4858
3620 4035
3741 4932
3152 3335
281 4932
2780 4656
4389 4550
2952 4158
2916 4599
1092 4470
540 4045
1204 4741
4922 4934
4611 4778
1197 2865
788 3335
661 4368
1720 4938
1137 4061
3528 4938
2619 4158
4157 4398
2384 4920
2094 4171
479 4299
2534 3731
2906 4622
2079 4045
2732 4073
1374 3483
3559 4117
599 3519
4770 4860
3428 3821
216 2499
2521 2811
3044 4697
1275 4191
2594 2916
3295 4959
603 4989
2343 3758
1461 3862
2265 4986
183 4763
790 4513
3148 4546
914 4485
3775 3888
2198 4752
2579 4150
3818 4124
2716 4664
507 2560
2812 4241
3471 4536
980 4770
159 3820
2128 4150
594 2751
3018 3371
889 1841
1168 1226
3892 4697
4146 4815
3069 4991
1001 4471
3892 4061
3513 4720
3728 4069
750 4485
52 4053
2131 4676
3716 4218
1456 1871
3466 3649
3436 3470
1255 2298
3036 4413
2787 3937
3374 4824
3705 3719
2465 4069
2595 4454
3424 4766
1423 4142
4287 4390
1533 4661
2174 4200
3730 4146
4365 4585
3394 3632
4440 4485
3669 4715
373 4229
737 3594
2601 4914
3039 3680
1862 4935
5 4741
1879 4991
2560 4153
4227 4715
3415 4815
2078 4793
3295 4800
1663 4750
1509 4871
2242 2689
2336 4135
2343 4177
4179 4301
1720 3978
4023 4178
3888 4868
2931 3952
2982 3932
3902 4389
2332 4484
2242 4537
3215 3620
1652 2829
4057 4715
2268 2577
2651 2971
1663 4179
99 3553
2465 4974
1247 4763
3160 4706
3474 3765
2846 4679
2169 3561
737 3555
3270 4650
2209 3982
1691 3941
1720 2094
1536 4784
2097 4803
916 3343
4610 4988
1344 1561
1740 4556
4390 4725
3483 4045
1836 4594
2206 4114
4205 4778
3515 4256
3107 4567
175 4390
951 2101
1593 3804
2411 4938
4676 4882
2600 3978
1862 3159
4086 4938
372 4182
803 3413
1817 4071
1936 4815
299 3989
131 2384
4365 4612
3166 4770
1891 4284
3672 4610
55 4282
4583 4697
2174 4045
4661 4728
1002 4624
1891 4587
2215 4594
3765 4286
4153 4981
2196 4750
2838 4405
1369 4709
3751 4507
4417 4454
1332 2546
2516 4590
4050 4727
4836 4860
3676 4796
1777 4482
912 4800
3483 4200
2625 4480
3440 3820
3567 4685
1939 4348
3043 4638
1951 4886
2709 4108
4176 4877
4286 4877
4284 4963
2131 4246
1885 4815
1951 4805
1179 3719
2711 4858
2438 4218
3056 4656
1282 4348
1343 1769
4378 4595
468 624
1367 2404
1949 4806
3270 4061
694 4069
2586 4706
3587 4486
1356 3669
2479 4089
3936 4824
3304 4445
3783 4959
1091 3781
3694 4537
1356 4715
2895 4868
2237 4282
1895 4599
3508 4205
1793 4214
3654 3979
898 4481
3676 4706
4922 4935
3741 4709
2951 4884
4706 4981
399 4294
3466 4763
3840 4484
2732 4884
3428 4824
2921 3226
1426 4172
1712 3017
85 887
3107 4638
3285 4006
4486 4986
3820 4200
3148 4750
2375 4838
4086 4752
1343 4920
3246 3958
1518 4971
2290 4800
1585 4777
1697 4567
1882 4061
3438 4914
84 4747
3395 3765
1374 4458
1655 4256
2237 4920
4142 4149
2635 3960
2535 3862
3436 3734
304 4262
3108 4464
492 2590
1247 2303
340 3901
3018 4445
2935 4293
1920 4494
649 2710
3561 3958
3834 4770
1518 3148
3556 4119
1561 3457
3914 4989
3108 3892
3936 3949
3987 4260
4644 4657
988 4941
242 4971
1186 4049
276 4256
3069 4514
4071 4744
3101 4368
1808 4426
3547 3803
3341 4057
4585 4882
1943 4612
1946 3352
4176 4934
56 4200
1208 3101
3424 3636
833 4464
1909 3487
2361 4014
2710 4583
3487 4766
1564 4656
1282 2590
1915 4460
4610 4650
2906 4357
365 3528
2292 3528
269 4937
1518 4756
1783 4397
3985 4914
559 4440
3629 4174
2201 4397
1915 4170
4343 4771
1333 4887
2887 4429
1561 4652
1655 4149
924 2560
3594 4200
1871 4536
3044 4274
3610 3958
4293 4941
2479 4124
4389 4697
1900 4655
659 4487
3760 4702
2971 3166
3366 4214
2751 3358
2949 3394
4070 4485
2611 4540
691 4999
4426 4784
3794 4868
1593 2516
4004 4962
3256 4587
690 3992
4080 4707
1817 4513
3413 4177
4100 4454
823 4049
454 4747
2128 4989
1351 4039
3110 3907
4205 4999
4014 4585
3751 4922
1862 1980
692 4959
4014 4184
2801 2847
4157 4550
1290 4458
1091 2529
236 4228
3468 3765
305 4061
2320 3907
3700 4170
3758 4526
2949 4641
1288 4197
2516 4727
4868 4920
2449 4315
3758 4744
3556 4587
1635 1900
3804 4241
657 1383
2094 4894
2811 3352
2180 3760
272 4246
566 3268
898 4214
3636 4938
3471 4595
166 2522
3902 4550
4410 4536
345 4624
1841 3071
3594 4974
3999 4045
532 3987
3499 4590
3978 4481
3413 4657
2812 4536
3471 4241
1235 3785
1631 4882
3245 4963
3008 4685
4583 4926
1446 4689
4070 4656
1878 3643
4191 4197
1282 2144
3794 3974
2687 3778
4773 4800
544 4414
545 4331
1352 4805
692 4125
3039 3158
523 4877
2951 3669
3002 4244
4624 4894
2600 3371
2934 4410
2689 3694
3647 3845
4398 4697
1484 2635
329 4063
2931 2932
2722 4486
4028 4368
4050 4536
165 2610
3555 3595
1702 3700
3148 4971
672 4766
4417 4803
3790 4281
3403 3928
2440 3056
3168 4471
1983 4932
3376 3567
148 4815
2898 4926
3620 4193
1702 4552
2361 4184
3338 4294
2404 3958
4617 4709
679 4086
2982 4218
2859 4294
457 4282
2691 3672
4146 4694
1808 4741
137 4815
3547 4664
3770 4135
811 3852
4281 4585
3941 4777
914 4963
3982 4720
33 3468
4125 4989
3987 4890
2516 4286
3765 4241
1273 4963
2557 4487
4860 4988
890 4709
1186 4246
1161 4004
3958 4294
3134 4484
3968 4079
1617 4164
532 4141
2847 4580
3330 4107
1121 3667
1304 4269
2384 4922
4580 4728
2492 4397
1035 4367
2051 4470
296 4587
2183 2585
670 4938
306 3560
1619 4650
1872 3603
3729 4142
4286 4793
3568 4991
843 3935
1852 2952
1347 4540
779 4763
616 4871
3452 3808
4050 4286
2835 3400
365 4481
2522 3285
4624 4806
3680 4762
2577 4092
4269 4284
3657 4286
980 3110
3415 4762
3840 4682
4145 4470
4079 4142
2451 2664
439 4540
4526 4932
3643 4332
1983 4702
2443 2969
3914 4617
1809 4594
1349 4553
2722 4656
4141 4260
1359 4405
2845 4171
1255 3632
1980 4588
4141 4405
4493 4974
3904 4556
2196 4679
1363 4458
971 4741
1304 4988
2178 2984
2634 3366
3730 4366
3859 4174
4611 4744
2606 4032
1197 2835
2952 4922
1091 4389
2081 4707
1612 4366
1841 3676
1442 4594
3160 4049
2803 4986
3516 4439
4159 4474
1170 3632
833 4550
3937 4295
3979 4006
2207 4357
3036 4963
3335 3987
1692 4815
4230 4962
2320 3770
3415 4986
3506 4146
1895 4796
880 4357
3743 4712
3781 4773
3928 4327
1025 4914
2522 4107
1351 3511
2100 4332
2036 3348
3436 3684
3627 4532
4647 4741
808 3568
4439 4624
2373 4806
2594 2664
1226 4550
3627 4014
1474 4655
1001 4262
1904 4941
355 2829
3620 3792
3690 4532
4070 4440
2825 4274
594 4981
3936 4737
1747 1983
4429 4824
2206 2679
4744 4999
629 1809
3627 3690
4114 4227
1873 4446
177 4085
2756 4803
3568 4494
1831 4445
2585 4860
1930 4645
2201 4752
3159 3959
1874 4230
2332 4089
4191 4390
4507 4920
1099 4417
3298 4556
1987 4315
1344 1563
1777 4294
3515 4149
897 3440
3116 4439
1909 4947
568 1736
661 3869
950 4937
3598 4417
2756 3636
1437 3818
1039 1230
1204 3547
2974 4493
2006 3924
1497 4715
2263 4741
2451 2611
355 2635
2155 3901
3730 4858
464 4054
779 4481
1885 4269
2100 2681
1157 2577
345 4838
1484 4728
2534 4694
4806 4838
3545 3859
4327 4694
439 3731
2838 4440
3741 4989
400 4617
11 3228
3465 3935
2681 4707
2574 4284
4366 4540
3539 4836
1103 4287
3612 4332
2196 4590
48 1937
2896 4657
2887 3936
3090 4153
2756 3525
4657 4771
4507 4868
3698 4405
3064 3146
4262 4595
4762 4815
1109 4737
2992 4638
2590 3979
4361 4824
2971 3892
3226 4887
476 2058
733 3785
3428 3685
3268 4657
1920 2951
296 4071
1000 4988
4095 4125
678 3904
866 4227
3304 4004
1247 2535
3643 4434
2906 4124
3840 4039
2087 2579
1635 3654
2546 4114
3627 4365
3672 4721
3852 4941
3326 4886
1163 3348
1481 4260
3429 4119
3561 4519
4750 4971
3914 4709
1277 4882
2800 4452
439 1277
3758 4999
2006 4712
1091 3783
1871 4241
4540 4882
4527 4920
2100 4054
3452 4158
4063 4293
1787 3987
2826 3852
2999 4770
4414 4426
367 4585
3134 4410
1726 3413
2735 4894
1755 4230
2901 3934
946 4707
2836 4707
1103 3107
6 4514
3225 4981
3466 3869
658 4158
4089 4583
3506 4284
2687 3412
2774 3516
3013 4567
3403 4947
1326 3654
1450 3515
659 3971
3781 4800
1560 4086
1564 4701
2144 4153
1343 4922
4721 4963
2835 4438
692 4773
3036 3672
841 4150
1754 4241
1771 3285
3268 4585
4153 4599
1472 4184
3295 3781
1852 4039
4397 4938
3932 4389
4205 4556
20 4971
2579 4599
20 4079
0 2568
2783 3676
3982 4860
3803 4513
1424 3845
136 3852
1472 4612
3066 4583
1639 3220
269 4513
971 4071
1713 4327
1369 4556
339 4709
3610 4482
2083 4191
3968 4044
1584 4884
710 2619
807 4331
1882 4697
4170 4552
2606 3888
657 3934
3072 4747
2414 4937
1891 2250
3036 4988
4417 4968
3163 3560
4069 4771
1563 4480
658 3766
2893 3415
1277 2664
191 3657
1853 4567
1888 2826
4641 4650
1608 4773
2722 4241
3758 4611
913 4685
1853 4281
3303 4887
1879 4702
1116 4747
1167 3782
1104 4657
2298 4087
4744 4778
1564 4244
1639 4720
3412 4947
2247 4963
733 3452
2332 4150
1058 4417
1713 4035
2691 4284
750 4405
594 4244
3470 3985
216 4647
1895 4153
3470 4588
480 4747
3008 3358
1344 2568
764 1075
3676 4644
2976 4079
4014 4365
4176 4727
2610 2952
3389 3730
65 1977
1908 2934
3821 4163
2595 4197
1840 4069
1058 4694
69 4443
1896 4527
2594 3017
2652 2811
3215 4914
79 3428
1424 4366
1646 4803
3039 3649
4487 4526
3023 3745
936 4594
640 2783
2782 4080
2183 4587
2724 3778
1819 4974
4436 4756
1718 3781
1879 4706
4868 4922
4104 4999
4526 4989
3978 4269
4159 4645
3396 4493
540 2253
2585 4963
3002 3064
866 4610
925 2414
1862 4108
2574 4963
4079 4645
1261 4778
306 2361
946 4890
4389 4398
3017 3603
168 4741
1888 4890
3729 4715
1909 4594
2729 4089
2986 4796
4125 4315
1017 4657
2952 3808
4524 4959
4882 4937
1608 3974
3108 3330
1431 2265
1249 4728
1211 4871
2931 2934
2352 4365
4460 4552
459 3719
1412 4968
1017 4205
602 4044
3394 4868
988 2077
468 4514
2344 3808
1378 4532
1168 1687
2781 3766
3428 3883
2858 3992
808 4264
3303 4959
2440 4604
3758 4778
1146 4125
3326 4887
3168 4806
3766 4287
3242 4164
3685 4045
3603 4622
1385 4701
353 4968
2023 3569
788 4846
300 3937
3914 4932
841 2128
3400 4689
0 2780
3226 4357
39 4299
1202 3649
1326 3979
973 3553
2004 3959
2335 4171
1962 4452
2467 3552
1204 1663
4580 4868
1310 4331
1867 4641
1584 4057
3039 3508
2586 4557
4014 4532
4556 4778
2320 3506
1039 4119
4260 4262
2084 4527
514 4766
1726 4343
1513 3134
973 3924
2382 4426
2741 4604
4426 4460
2871 4937
3818 4661
2893 3506
2789 3721
3552 4438
1378 4585
2732 4443
4071 4282
1423 3008
3056 4800
3552 4805
3775 4685
1211 3487
183 2014
1146 4959
2006 4553
3017 4932
1885 4963
791 3468
2428 4493
2716 4741
2061 4884
3158 3669
3974 4974
1815 4414
1960 3959
3561 4482
2577 4414
2866 4004
1123 3039
2247 3979
98 4657
2846 4941
2250 4145
4125 4959
4009 4023
616 3934
4481 4938
1946 3888
1521 3310
2935 4580
3090 4557
4009 4032
1261 4611
3076 4293
3152 4707
1002 4838
3902 4937
1561 2956
3902 3932
4191 4287
492 3971
24 4284
2893 4721
4071 4741
4170 4553
3511 4537
2242 2384
3694 4871
4546 4971
1771 4694
3352 4685
3892 4398
779 4938
4974 4991
4410 4877
2709 4274
2332 4926
4004 4230
464 3790
1951 4766
4228 4887
3412 3612
89 4884
2707 3700
3076 4679
274 4676
3044 4398
3066 3134
1852 4583
1481 3952
355 4720
4594 4887
571 4257
111 4824
4181 4890
3913 4706
3721 4170
3245 4988
3215 4229
1919 3840
2532 4702
1737 4460
459 3440
1403 3242
3967 4045
3694 3855
3654 4054
1120 4585
3729 4750
4580 4941
3545 4174
1146 3783
1255 2155
1996 4988
2472 3343
3465 4493
4507 4922
4645 4720
2352 4612
3529 4117
3472 4398
670 4838
990 4622
2384 4868
3739 3928
4361 4770
2098 3163
4784 4974
2992 4434
1588 3158
4286 4727
3064 4164
575 4470
3649 3989
2405 4293
84 4959
3039 4049
1686 3785
2352 4014
3666 4532
34 4583
182 3971
1692 3506
623 4920
1038 4728
1949 3926
3376 3413
990 4452
1017 3881
2800 4587
3765 4727
841 1852
1147 4752
1593 4877
1702 3396
3396 4069
4172 4301
4481 4752
2896 4343
2664 4179
3276 4887
2670 4610
823 4179
4159 4971
1831 4594
4117 4894
2602 4725
2999 3834
81 4315
3935 4170
265 4519
1452 3400
2895 3949
3245 4610
4230 4445
3013 4174
4079 4971
898 4938
2648 3959
3610 4458
3284 4464
4361 4429
1536 4367
4494 4836
2951 3559
3072 3555
2577 4750
4460 4553
678 4999
2789 4624
34 2866
756 4991
2404 3246
2081 4580
139 4480
1841 4053
3374 4163
888 4938
2242 4836
2262 4032
1510 1639
1014 4594
1663 3160
2801 4471
2394 4999
2932 4079
4694 4702
498 3468
2209 4474
4617 4744
1937 4941
4172 4540
788 4890
3932 4157
2901 3511
2451 4172
4057 4884
3840 4926
4526 4617
2209 4661
3101 4947
3818 4295
4197 4454
248 3428
1080 4803
4481 4860
3465 3743
3926 3974
4182 4725
4527 4922
2574 4988
4706 4796
4389 4464
3018 4103
34 4926
2335 3064
2004 3730
4709 4744
2986 4991
373 4694
4044 4487
1579 4566
3985 4588
99 4647
1608 3781
514 4989
2895 4086
4176 4656
3881 4343
2207 4108
907 4986
3071 4557
1940 4803
4452 4526
2830 3937
1109 3071
3440 3483
442 3729
835 4989
253 4836
2014 3782
2438 4777
3827 4806
3855 3934
2036 4926
4230 4884
2645 4656
2352 4281
43 2956
2787 2830
3706 4664
1608 4747
2756 3598
187 4706
2971 4937
1060 2206
3790 4107
2596 4871
2546 3542
1212 2865
1167 1955
1936 4860
182 4650
4474 4728
2590 3395
790 4228
3728 4784
2455 3304
843 2710
4537 4871
1197 4552
3069 4986
281 4617
2438 3941
3716 4417
3197 3782
1780 4108
3743 4361
3612 3869
3862 4846
4171 4567
85 4484
3276 4959
4744 4989
681 4049
1875 3110
4227 4566
1585 4417
1621 4611
1739 4087
3508 4348
4205 4989
3553 4480
2189 3116
2704 4100
2564 4624
2600 3528
3341 4053
1243 4438
1641 4039
3669 4884
4452 4595
4805 4886
822 2209
841 1513
3567 3775
1179 4694
118 4941
4721 4796
2375 4806
1104 4343
2375 4439
3283 4159
3108 4274
3935 4974
4244 4331
2540 3376
1955 4763
4405 4440
2330 3730
345 4894
1446 3901
2916 4882
1842 4846
764 4655
2789 3168
1949 2375
3902 4398
2449 4125
4247 4824
4035 4229
148 4439
2534 4747
4205 4526
4039 4682
4080 4793
2404 4482
1579 4720
1960 4622
3298 4999
2081 2782
4443 4884
1779 4294
4086 4214
1604 4398
464 4725
339 4611
4446 4580
1356 4124
4089 4163
1951 4264
1777 4458
3424 4398
1955 3101
4611 4999
355 4474
2733 2785
1121 3992
2449 3974
3855 4537
2443 3999
2921 3926
1461 4617
3539 3545
2161 4057
2895 4178
3228 4763
4053 4464
4721 4815
4452 4932
248 4227
3436 3636
2404 3561
3627 4612
2825 3987
4264 4805
2982 4464
479 3667
2290 3783
3766 4390
1852 4484
1596 3101
4366 4935
1791 4241
3636 4805
2144 4766
1894 4689
4276 4720
1871 4286
2105 4824
880 4701
4035 4193
4023 4032
1540 4959
128 4887
2619 3808
2916 4426
1920 4053
2061 4494
4485 4494
916 4327
2131 4611
128 3926
3429 3556
3778 4368
1091 4800
3515 4871
1940 3525
485 3745
2724 4999
936 2455
2785 4247
1698 4426
3739 4229
3892 4464
339 4989
1536 2644
3739 4914
1373 2785
602 4652
4069 4712
623 4507
1720 2460
1509 4486
1842 3643
710 4158
2109 2785
1415 2722
3197 3483
2625 3907
1175 4682
329 4527
2751 4644
3654 4107
3666 4014
1080 3525
2400 3256
11 3680
1955 4947
737 3968
2751 4971
3056 4070
2751 4079
1836 4069
858 3595
2237 4706
1025 1369
2534 4800
3528 3978
3643 3859
4191 4886
1980 2906
3270 4922
2299 4054
2913 4410
1564 4604
1121 2830
3594 3820
111 3076
681 3845
1425 4778
2087 4644
4679 4709
2611 4246
2518 4737
1872 4588
510 4800
4274 4697
1977 3519
3253 4860
1204 4513
1831 4164
1723 2404
4720 4728
2865 3428
4269 4963
105 4035
4039 4583
4332 4434
2984 4838
4858 4941
1230 4770
1168 4624
2806 4044
4193 4205
895 4229
4486 4991
4405 4656
990 4050
659 4085
2602 3330
2803 3519
4434 4567
1754 4218
4073 4624
844 4766
693 4974
4264 4622
4124 4701
3684 4762
52 3560
2916 4991
629 4594
2670 3415
3396 3721
2825 3892
2711 4968
2860 3818
4103 4567
2644 4935
3043 4434
3803 4228
1025 3657
559 3465
2625 2741
1582 4938
2564 3516
4080 4766
3684 4269
2455 4230
777 4838
2595 3598
924 4920
2951 4053
1080 1585
1450 4871
1617 3146
3926 4524
1002 3827
3766 4805
390 3555
2242 3808
1882 3166
3553 4487
4390 4886
1723 3958
4590 4793
4580 4922
1469 3727
624 4871
2492 4446
2648 4124
2352 4585
2109 3542
1702 4974
3978 4638
678 4989
4053 4443
2606 4100
2974 4712
1383 3428
1552 3862
3525 3598
1179 3620
3904 4778
2969 4200
2535 3778
2097 4197
2299 4986
3511 4991
1830 3412
3330 4655
3794 4104
168 912
303 4645
2836 4260
4197 4968
1157 4227
4397 4438
1412 4567
1214 4959
1326 4725
1652 4720
3371 4103
4484 4682
128 4800
219 4737
1836 4974
1780 2648
5 4914
3657 4536
2635 3705
4164 4244
1159 2540
2051 3936
1175 4150
4092 4604
544 4971
1333 4773
4281 4532
4157 4697
2521 4023
3324 4293
3396 4426
3595 3968
3326 4766
4049 4676
2232 4777
2087 4750
2812 4471
3636 4390
253 975
1857 1960
1425 4611
1359 3698
2895 4009
4361 4550
2479 3066
1982 4727
4071 4664
496 3513
2837 4141
1214 4524
1252 4327
2951 4494
3827 4624
39 3992
274 4179
3324 4941
1001 4793
1765 3487
329 4641
2681 4434
4004 4260
3559 3827
4871 4991
476 4647
2100 2992
3013 3107
2529 2746
210 4179
1596 4301
2036 4484
3978 4214
4119 4824
623 4922
4464 4937
382 4971
3303 4741
4744 4858
3569 4071
1349 4493
4200 4796
1363 2622
4487 4877
1740 4932
1779 4886
2076 4114
2404 4519
4028 4747
3160 4676
2644 4701
399 3610
1687 2078
2999 3429
1737 4712
4205 4932
4836 4858
510 4773
4752 4974
4170 4540
835 4709
468 4986
384 3803
3783 4315
2076 4566
4063 4679
381 4778
2557 3968
4641 4868
2438 4803
4205 4744
1223 4177
2586 4153
3058 3146
2132 4803
2746 4604
1819 4784
3468 4158
2155 3694
1509 2242
2801 4580
1432 2644
1830 3228
2492 4938
887 4962
603 4999
1712 4622
4145 4429
1754 4281
2774 4035
2411 4682
2440 2722
2100 4981
4103 4594
236 4664
1197 4689
2239 3971
2585 4988
2601 3438
187 557
951 4348
1704 3285
557 4197
2984 4124
3160 4815
3017 3741
4366 4367
1608 3783
2298 4689
265 4434
2606 4009
3941 4968
788 4141
4752 4938
4590 4877
2454 4104
1218 4697
2098 4715
4006 4655
4050 4471
1894 3428
731 4926
3928 4193
161 1857
4171 4644
1857 3959
2105 3256
403 4805
1509 4537
3525 3770
1874 4641
1867 3751
3666 4184
3506 4860
3855 4871
4315 4959
489 4295
2982 4398
4142 4159
4470 4824
866 4114
2974 4553
1259 4124
4617 4778
4264 4766
2859 3610
914 4604
1378 4281
3731 4887
24 3358
3666 4365
2789 3146
1510 4661
1437 3937
3242 4244
489 3667
2602 4054
1631 3647
1983 4778
709 3166
1226 4624
90 4886
2932 3457
3949 4009
3101 3781
1873 4580
718 4426
4108 4622
2100 4638
1249 2927
2860 3992
3056 4604
4197 4218
4092 4142
278 4650
1356 4884
1787 1908
3283 4092
4709 4778
1686 3468
3949 4868
1879 3913
592 2516
3228 4301
988 4858
4398 4937
4894 4914
2648 3603
2518 4770
1726 3159
3256 4770
4650 4922
2201 4938
3989 4763
2722 4440
2263 3569
4470 4587
2594 4676
2787 2860
3821 4656
274 3730
3888 3949
3412 4763
2440 4697
2774 3992
2394 4989
4071 4537
2924 3985
164 3552
2161 3528
1819 4260
2083 4805
3794 4685
2711 4063
4920 4922
1359 4485
2999 4045
4546 4580
1588 4057
1472 3727
4176 4286
533 4962
4293 4858
3090 3913
3960 4886
4709 4989
1927 4585
3215 4035
3366 4938
2602 4655
4035 4914
2683 4485
3298 4327
1382 2206
265 4458
2999 4149
3245 4413
2999 3110
2724 3412
2552 4959
1937 3695
1664 4513
3881 4301
2076 2207
3268 3881
3647 4882
1801 4661
20 4414
2593 3400
1646 4218
4086 4481
1875 4725
1788 4882
813 3352
2741 4480
733 3808
2552 4524
2628 3073
2504 2787
1765 4287
4452 4934
2443 3967
1376 4858
2455 2670
3197 4368
3457 4652
166 4006
685 1230
3023 4035
2290 3781
4228 4741
3298 4709
2756 4968
11 4348
1212 3400
4486 4514
4114 4414
3936 4770
3101 3612
2144 3680
128 4986
1091 4887
2454 4641
1872 2648
1736 4655
4460 4962
1316 4744
1875 2887
2893 3684
742 4824
3111 4657
1560 4481
1940 4197
3928 4682
3394 4282
1536 4725
1808 2974
1020 4937
2242 3672
1996 4963
4179 4882
1563 3553
3803 4664
2610 2619
4205 4709
2560 4796
3862 4163
4061 4257
2596 4537
3285 3979
3389 4836
3978 4086
3695 4941
3201 4566
1949 3827
3667 4295
4357 4935
2895 4257
2320 3862
3952 4890
2946 4986
2982 3539
3148 4679
4702 4706
3758 4556
3226 4773
4284 4815
679 4763
265 3958
2635 4474
496 3904
1612 4676
880 3567
365 4938
4480 4986
3298 4617
4108 4357
476 672
2887 4145
3760 4493
4471 4676
4989 4999
1579 3745
3270 4920
2846 4836
4744 4932
288 3168
2091 4741
118 3695
777 3516
2568 4487
2095 4282
3225 4702
2783 4644
1373 2079
2522 4054
1581 2782
2051 4145
1035 4135
2477 4887
1777 4519
907 4991
1698 4460
1255 4689
339 4778
2128 4039
1212 3685
2039 4645
1593 4050
2722 4405
2806 4934
300 2858
4546 4645
889 4585
1412 1853
626 3276
3568 4981
3657 4934
2078 4410
1574 4200
3295 4935
1584 3560
3110 4824
866 1060
4357 4701
4397 4481
3366 4481
2253 4135
1794 3705
1476 4884
1552 3335
2303 4860
236 4750
764 4725
3168 4838
1723 4458
4536 4590
3741 4205
3125 3545
3941 4454
1767 4583
2906 3017
3099 3107
3926 4800
2956 3072
3513 4728
3958 4890
1035 4884
924 4922
3924 4877
2681 4638
2806 4471
1361 1982
4205 4986
1170 4689
3926 4125
3071 3225
1381 4988
339 4712
1426 3845
3705 3960
2622 4519
1878 4638
3472 4550
891 2593
891 1894
2651 4389
913 4100
2931 4181
2711 4580
3598 4604
442 1919
4766 4805
1629 4762
3719 4276
602 3968
1211 4766
4163 4890
3667 3937
2207 4935
1581 4890
148 4894
4274 4464
2594 4246
4045 4200
1653 4519
2593 4438
3471 4727
3335 4260
3952 4846
1686 4222
1472 4281
1552 4777
1895 3225
1373 4770
4414 4645
3525 4968
3073 3967
4594 4962
3636 4610
3515 3587
457 4647
3935 4006
1533 2610
2651 3284
1996 4762
1896 4937
2174 3594
1664 4228
1610 4800
2796 4458
3907 4367
1310 4244
2952 3785
2946 4256
2087 4991
3324 4858
4365 4532
2477 4959
2679 3685
4679 4941
3508 3680
1147 3440
3862 4260
3938 4886
2619 4222
4556 4989
281 373
3160 4181
1290 4482
2596 4486
2132 4777
3071 4981
3904 4744
2895 3567
3516 4806
4777 4803
3515 4486
2091 4513
2780 3072
3220 3941
737 3743
1197 3883
2949 4650
1166 4486
1513 4039
202 3556
2982 4550
649 4784
1718 3657
4032 4868
3371 4594
4141 4181
3728 4460
3163 3669
1226 4806
3654 3690
1793 2492
131 2951
1368 4747
1290 3958
4069 4553
2564 3559
1604 4937
813 4100
2664 3647
324 4652
3284 4937
399 4519
3304 4103
384 4228
2552 4800
2687 3989
1830 4947
3111 4771
3705 4720
2860 3937
3636 3766
3228 4368
1842 4260
2076 4227
4200 4218
2999 4587
777 4894
3163 4715
1718 4934
1581 2826
2519 2931
269 4071
1211 2206
2971 4389
2098 3560
4150 4682
1973 4397
670 4806
672 4390
1801 4914
1304 4470
1584 4494
2596 4617
626 4443
3904 4611
185 3043
1614 2141
52 2061
165 4158
3936 4244
5 4694
718 4784
4163 4707
3620 4200
1223 4044
692 1588
4440 4656
1035 3924
1095 4991
1235 3468
3612 4763
1351 4986
3926 4773
718 4460
2735 4806
174 3567
3066 4039
165 2344
2859 4458
1787 4846
128 3974
3125 4332
43 4227
1646 4454
3487 3766
3904 4229
821 4971
1120 4612
2932 4645
2522 3654
2095 4507
2887 4762
183 2859
1481 2934
2087 4871
3465 4553
3647 4049
3716 4803
459 3960
4707 4890
3958 4458
1485 4299
2299 4725
3960 4474
1604 2971
4836 4941
2268 4079
2207 3159
2593 3552
3071 4796
4269 4610
288 4073
3226 3783
3358 4644
779 4752
1868 4750
3378 3913
3666 4585
2247 3394
2299 2522
1332 4962
1596 4343
1631 4366
3395 3914
3690 4281
507 2986
1075 4301
2263 4664
2782 4824
672 3636
3330 3666
3804 4176
1474 4725
3018 4594
1376 2847
4142 4750
3378 4981
4095 4800
3719 4661
3760 3913
2058 4085
2245 4436
2645 4440
1424 4676
4590 4595
4229 4327
4181 4707
1830 4763
3676 4702
2081 4890
4009 4104
3483 3629
3270 4694
3168 4073
578 4728
545 4244
1765 4805
3472 3932
4650 4920
2320 4480
1718 4793
791 3845
2785 4429
670 4894
2467 4689
4070 4079
3108 4937
4426 4493
975 3539
791 3160
329 4507
4599 4796
2557 4652
3654 4182
4107 4725
442 4685
1476 4715
2579 4991
2783 4583
4397 4580
2303 4610
2304 4638
4413 4762
2574 4860
571 4550
3283 4750
1432 4777
3743 4299
4108 4701
2558 2836
2552 4773
2787 4295
764 4006
384 1664
1697 4054
3775 4580
236 4071
2774 4914
2746 4656
2472 3429
4556 4617
3168 4085
3968 4014
3949 4104
1476 4053
1381 3036
3101 3228
3928 4413
4006 4725
2732 4715
1635 4470
4054 4655
1218 4257
1996 4413
1836 4361
2384 4647
3394 4922
2837 4846
2946 4871
822 3513
2586 4981
1257 3464
109 3932
1943 4181
3758 3904
3684 4445
4526 4999
3775 4032
844 4886
44 4514
3792 4229
1005 4676
4004 4697
43 3982
3168 4894
3727 4014
4069 4552
1163 4484
1842 4163
950 3013
951 3508
159 4045
111 4968
2109 4962
1977 3924
3852 4836
4164 4920
4009 4262
1563 3924
2858 4299
4487 4652
3513 3960
299 4470
2924 4357
1432 4417
2984 3985
4153 4702
3741 4617
1987 4070
657 4986
2610 4557
3506 3928
1619 4920
3394 4557
2644 4124
2352 4532
3044 4937
2845 4968
1218 4882
1290 4519
304 4727
1815 4750
1691 3716
340 3464
1000 4963
4141 4707
1940 4968
288 4894
1376 3528
4712 4784
4023 4446
3888 4104
1249 3982
844 4805
3794 4446
2523 4701
532 4890
4712 4974
1737 2239
4436 4645
602 1830
2128 4164
3792 4193
3974 4887
2710 4712
2568 2956
1840 2974
3982 4728
3256 4429
1261 4744
3775 4446
2215 3304
4286 4536
3974 4800
2781 3436
4507 4650
4527 4647
523 2830
1383 3883
3366 4752
4085 4440
2292 3978
2871 4227
118 4286
2467 4438
2896 4771
3465 4552
366 4487
3729 4971
3343 4587
3335 3862
2161 4715
2932 4971
1585 4981
1146 4773
1014 4230
3076 3464
889 4184
1664 4664
3268 4771
1147 4086
1316 4426
3285 3727
2691 4988
2658 4712
4357 4588
3914 4526
1038 4661
3111 4177
4179 4264
2039 4414
3163 4443
3108 4552
3690 4184
1819 4170
2716 4513
3270 3792
400 4778
131 4650
1259 3881
2298 4284
2460 4803
4281 4365
168 4645
3043 3107
2916 4366
4257 4274
4176 4595
626 4715
3794 4023
3934 4256
3146 3242
3938 4287
3466 3782
2523 4588
2893 4762
3101 3989
4494 4884
48 4941
2004 3985
640 4737
1521 4274
4063 4858
1930 4079
4193 4914
1779 2796
3324 4679
4241 4452
4089 4484
3023 4227
384 4664
4546 4756
2826 2837
2606 4104
2465 3647
2051 4587
4257 4937
3700 4552
1450 3069
4557 4981
950 4884
1840 4784
1930 4414
3285 4655
137 3298
1168 4894
2976 3283
3295 4773
3794 4100
3283 4546
4532 4612
1001 3765
2198 4938
2242 4986
737 4044
3719 4474
1853 2741
3731 4773
866 4887
1383 4446
2658 4974
3201 3542
2651 3483
3343 4824
3125 3643
4191 4805
4103 4164
2982 3636
2263 3706
5 713
4644 4702
4583 4962
2335 4331
4747 4959
1204 2091
887 4227
2535 4368
3424 4805
1687 4934
2896 4685
1769 4460
2174 3483
2935 4836
480 4959
79 3881
2560 4644
4611 4989
679 3197
2594 4882
4440 4604
2906 4701
1326 3751
4050 4410
4191 4556
507 4650
2789 4073
1118 4417
1482 3376
1830 3466
2774 3438
2375 4624
3326 4390
4458 4482
3987 4050
2579 4796
1223 3268
1687 3474
1793 4086
1809 4103
3684 4815
2142 4566
4540 4546
3552 3685
3403 3989
2812 4877
2454 2521
2449 3303
1484 4720
305 3472
2142 4227
1104 4771
3429 4172
2078 3499
2350 4763
2935 4228
2203 4471
3827 4073
2027 4164
691 4989
85 4566
3487 3881
690 3667
3215 4327
1688 4938
897 3967
2783 4796
3958 3959
3766 4886
4262 4286
888 3978
3928 4860
1521 3466
3396 4974
3072 4652
599 4480
1691 4777
1456 4262
1888 4846
607 2414
3690 4006
1801 4694
2625 4367
2951 4697
4580 4685
4315 4747
3790 4725
165 3452
2600 4752
2282 3134
2304 4332
1943 4532
3228 3989
2663 4145
1243 3400
3730 4882
3376 3883
1612 4882
2858 3937
4269 4414
4107 4655
3069 3515
1629 4721
3968 4652
3730 4679
1121 4299
3058 4331
2180 4702
4777 4968
2733 3834
4694 4914
2540 3099
4647 4920
2083 4766
2610 3808
4436 4971
1904 4858
4163 4174
1840 3465
1946 3926
1619 4507
1996 3672
968 2467
3076 4006
2866 4962
2250 4824
2127 4935
3695 4526
278 3295
544 4546
4241 4590
4446 4513
2128 4926
1718 3471
2825 3044
1867 4868
4556 4999
764 3330
4124 4357
1053 4135
2826 3152
1376 4679
1962 4914
4482 4519
2687 2724
889 4281
3395 3775
734 4222
1540 3253
2440 4656
3472 4935
4389 4937
3197 3228
304 4176
718 3743
2101 4378
2931 4080
2320 2558
2304 3859
2079 3483
4163 4846
4682 4926
2594 4179
889 4612
3268 4343
3987 4707
20 3729
2732 3285
4276 4661
2611 4049
2411 4214
4537 4986
3108 3902
129 4926
4153 4644
3751 4650
1485 3818
4378 4793
592 4934
2722 3698
3666 4709
4552 4784
792 3743
3389 4679
4214 4439
185 4434
971 3547
1275 4886
98 3760
1116 4959
2100 4567
946 4163
305 4937
2836 4163
2558 4707
3700 4553
3295 4887
3511 4986
4553 4868
1712 4588
2648 4701
372 4054
3160 4536
1755 4962
571 4061
2658 4762
4104 4868
1777 1779
1983 4999
2332 4682
4004 4594
1874 2215
975 4293
4604 4697
3298 4701
2913 4793
3072 3595
1960 4935
1653 4294
4114 4566
4709 4999
3636 4766
3429 4536
3926 4720
2916 4301
1950 4988
4125 4747
353 4777
2006 2428
1922 4366
3452 4222
3914 4999
857 4537
640 3760
1740 4611
4028 4947
2250 4737
2568 3457
3341 4443
4085 4145
39 1437
1767 2781
1633 2081
2504 3002
4089 4150
3472 4389
2733 4429
3352 3794
3821 4846
1442 3528
3036 4815
1783 4762
3394 4920
3064 4171
4150 4926
4871 4986
2558 4846
3358 4706
3378 4599
210 4172
4553 4610
1943 2932
525 2984
1747 4744
1382 3457
3348 4926
3412 3869
3499 4410
4750 4756
3163 4482
248 3552
1769 4962
731 2898
4108 4588
3330 3979
4150 4484
2670 4762
2986 3457
1326 4182
2782 4163
3304 3371
2806 3471
2336 3519
3018 4959
2577 2720
2428 4712
2141 4877
1118 3716
2837 4315
1619 4922
1179 1713
808 4805
1118 1754
56 1446
4301 4676
4763 4947
3358 4796
1452 4689
3643 4638
3066 4682
4061 4398
3667 4299
3739 4694
90 2516
3285 4725
3821 4707
3672 4269
1982 4176
2860 4299
3936 4247
2268 4971
3730 4676
109 3902
737 2557
4158 4914
594 4737
1791 2913
2014 3403
3547 3569
3547 4741
1713 3792
1316 4884
4410 4595
607 4550
3556 4247
236 4676
3627 3727
2189 4117
2109 2546
2237 4446
1120 1230
2670 4641
1092 4587
4170 4712
356 4284
3938 4390
1726 4771
2803 3770
4218 4803
4397 4752
4527 4641
4611 4617
1973 4938
2836 4080
2746 3698
2518 2999
544 4436
459 3103
2785 3429
2504 4164
4014 4540
616 2689
811 4104
1736 4107
3770 3907
4193 4229
3466 3989
1020 2414
2610 4222
1755 4445
514 4617
895 4914
525 2523
1698 4170
3971 4085
3506 3676
3666 3690
4599 4644
1243 3415
4281 4612
3424 3568
3499 4934
1579 2343
4470 4770
3528 4481
2036 4682
4413 4610
1793 3901
1754 4454
1582 4752
1936 4610
3326 4264
3076 4858
4049 4246
2343 4150
3731 4747
1868 4941
2681 3013
4514 4537
3992 4737
3690 4585
2934 4707
381 4182
3099 3111
1369 4744
3066 4070
2826 3881
3099 4343
4709 4932
52 4057
1896 3934
2683 4604
1385 4588
4611 4709
4193 4694
1120 4532
1343 4527
2492 4214
2729 4824
1987 4440
3937 3992
4028 4125
3855 4514
1423 3225
4793 4934
2105 4429
3706 4741
3792 4914
3303 4315
3116 3335
4361 4712
559 4604
353 3941
2782 4991
2078 4378
3201 4227
1099 4968
2290 2552
1412 4174
575 4664
1540 3242
4009 4962
149 4087
2174 2628
2477 4095
3569 4228
3352 4446
324 4487
2178 4701
2932 3276
4125 4712
4142 4414
2652 4023
44 4537
281 4556
1423 4796
2540 4177
2596 3934
3525 4803
3013 4638
3680 4348
2336 4480
400 4744
3396 4784
661 1247
2076 3745
3069 4887
2472 4762
2203 4378
4454 4777
2239 4552
2027 4331
3073 3820
2927 3960
2128 4682
3018 4004
3400 3552
791 2519
3695 4063
85 4227
3134 4682
161 4092
1103 4434
3125 4434
2438 3716
3907 4480
20 4436
2663 4824
924 4527
649 4493
3547 4513
3698 3734
2504 4331
111 4587
4410 4934
4470 4552
2535 3612
1424 2131
3529 4697
2789 4806
1424 4246
1767 4886
2237 4868
2789 4439
3804 4934
3855 4986
2237 4981
175 3818
2203 4877
2479 4583
3148 4414
4405 4485
4142 4587
2335 2504
2956 3968
1704 4107
1688 4752
177 3395
813 4446
3215 3438
2829 3103
2101 3680
3163 4146
366 4044
1381 4860
3457 3595
2174 4089
2901 3694
3424 4886
1304 4721
1655 4694
3545 3643
1888 4260
3043 4174
2999 4470
2893 4815
1005 4229
1170 3901
2414 3932
1080 2438
1447 4357
324 2499
1608 4315
1920 3560
1808 4493
3245 4269
3303 4524
1252 4914
4124 4125
973 4367
3862 3952
4793 4877
1485 3987
2946 4514
2465 3700
2282 4484
1885 4803
3516 4838
4053 4494
925 3698
1697 4182
1904 2847
2756 4454
3987 4080
4935 4986
1794 4661
4537 4550
105 2800
4715 4884
1099 1432
1202 3403
3529 4806
3415 3506
713 3438
1801 4193
2732 4494
65 3519
2516 4877
564 1922
4806 4894
3438 3739
3474 4934
1060 4227
4647 4922
571 4464
129 4485
1513 4178
56 1739
129 4150
1949 4894
4366 4676
1351 4871
3852 4747
3803 4191
4028 4773
1481 4846
1304 4860
2812 3765
2648 3470
3436 3487
2183 4770
1118 4803
4524 4773
276 4871
2203 4241
1367 3808
2704 2811
3159 4622
65 4135
3698 4604
2343 4926
1485 4295
3598 4218
303 4039
3949 4446
84 4315
640 4981
4485 4656
4641 4922
1830 3649
690 4295
1987 3698
1873 4023
4914 4981
4553 4974
4262 4934
304 3804
390 2499
1002 4439
3064 4595
2076 2871
2232 4218
1560 2169
3785 4222
4146 4284
403 4886
2789 3555
2709 4697
594 4706
1472 4532
3700 3743
2830 4295
564 4971
3785 3808
4445 4989
3429 4145
4146 4721
2095 4641
681 3647
990 2611
1873 4685
2141 4590
4125 4773
3938 4585
1177 3667
2735 4838
2299 3979
890 4778
2597 4124
2707 3069
4089 4926
303 3348
3821 4181
3952 4080
1619 4868
4178 4868
1204 4071
1698 4493
3066 4926
4294 4482
3298 4526
1582 3528
3099 4771
299 4991
734 3901
808 4766
1230 4737
3985 4108
980 4145
1885 4762
1610 3731
3529 3545
2916 4644
1908 2558
1878 4174
3506 4762
3758 4617
4474 4661
1510 4728
858 4652
1996 2127
2689 3002
4246 4882
1593 2709
2670 4860
2644 3959
629 1909
2265 3110
3647 4599
1235 4222
4293 4836
3935 4552
1431 3595
2787 4299
4590 4610
3270 4647
2622 4458
2522 3979
1273 4610
2829 4276
2201 3978
3727 4532
3949 4100
1702 4771
2707 4920
3424 4390
1688 4397
2330 4172
1075 4926
2058 3039
1754 4968
1497 4276
624 4247
390 4652
3348 4484
827 4756
2683 4070
4963 4988
916 4914
3649 3869
1053 4367
779 4397
1497 4720
649 4650
3438 4193
4368 4763
1867 4507
2716 3803
1712 4935
2209 3103
131 4920
4513 4664
4737 4824
1809 4390
2083 4886
3552 4947
4228 4513
1548 4815
4526 4709
4276 4728
924 4650
1123 2590
3804 4410
2532 3008
3928 4914
2361 4612
2984 3959
3338 4458
3743 4553
1574 3594
4050 4934
1263 4135
4471 4877
4153 4706
365 2634
3778 4763
1161 1442
798 4706
3013 3643
4332 4567
4149 4871
304 4877
1099 4454
2189 4838
835 4744
3246 3610
4177 4771
2710 4552
843 4974
3438 4694
2924 3603
968 3440
2051 4644
4439 4894
2901 4986
4721 4988
269 4741
288 4882
2232 3043
742 4470
2913 3765
4197 4777
3627 4585
2303 4721
4229 4793
1332 3794
3547 4886
4378 4471
2593 3685
2014 2724
4164 4331
1095 4986
1631 4676
1263 3553
3559 4894
4009 4580
1000 4284
564 4645
1726 4935
2451 4405
3745 4991
3158 4884
3270 4914
2095 4962
44 4256
4006 4107
1403 1619
1476 3669
1334 4963
1875 2921
2232 4968
2664 4438
4108 4935
1058 4193
2245 4142
1352 4766
3694 4119
905 4282
2969 3967
2896 3881
1166 4986
381 4709
4294 4519
165 3468
2180 2532
2557 4044
1604 4108
1275 4766
3936 4361
3610 4294
1177 2601
2927 4474
2142 3745
2949 4922
1161 4594
6 4069
1167 4763
3464 3553
161 2384
3529 4624
3464 4689
3992 4295
4815 4963
936 4532
2865 4438
3326 4191
4009 4868
1653 3246
4413 4721
4932 4999
4604 4656
1809 4445
4405 4604
1687 3765
1123 4348
3775 4023
3636 4886
571 4398
1167 3989
1257 4087
2710 3883
880 4622
1574 3440
841 1612
2477 3276
427 4315
857 4514
3685 4860
2196 4836
1208 2687
3413 4974
1159 4884
1713 4914
3343 4119
105 4694
2247 4647
1946 4009
4986 4991
3160 4611
3982 4474
43 3705
3466 3778
2859 3338
55 4650
2934 4141
2670 3684
2404 4932
3751 4647
4170 4460
971 4622
2796 3958
136 4580
3706 4513
3125 4638
4149 4991
3403 4763
3834 4429
2373 3529
1983 4556
2189 3559
164 3883
1104 4177
109 4257
1361 4934
670 3669
710 4222
269 4988
2320 3924
4641 4647
4604 4871
578 691
3516 4894
2394 4932
3295 4095
1343 4641
2992 4332
2132 2595
3412 3989
1875 2183
1548 2087
1769 4069
1873 3567
340 4087
6 4712
4061 4937
1157 3438
2361 4365
4486 4537
4585 4594
2004 3470
3465 4974
3519 4135
1769 3728
2178 4588
1688 4086
191 4262
1922 4540
3547 4071
202 3936
1787 4890
1374 3958
105 3792
3603 4108
1060 3542
4493 4712
3730 3902
2645 3698
1359 4727
3934 4514
2733 2887
1791 3840
2400 3834
2780 4513
492 4348
3739 4035
709 4464
2519 4540
4526 4556
3107 4434
888 4920
492 3395
1211 3424
1374 2796
2711 4836
3036 3684
4357 4622
2803 4367
1641 4484
1977 2709
895 2601
3108 4398
3072 4044
811 3808
2597 4622
3511 4846
3657 4595
685 4480
3436 3938
3672 4624
2825 4937
3103 4474
1842 4890
356 2298
3698 4656
3594 3999
3765 4590
4585 4590
3471 4471
4149 4256
2460 4752
3935 4361
3018 4230
2247 4920
3719 4728
1930 2169
2250 3343
4803 4968
1025 4193
3959 4100
48 3076
2935 4145
3413 3881
3470 4567
2811 4032
1927 3706
4587 4599
191 4536
4706 4963
4032 4580
1962 4471
1987 4485
721 4114
56 3632
1617 4171
4014 4519
1872 3959
4287 4460
2934 4484
4580 4858
1874 1909
2467 4366
4050 4378
3516 4482
2710 4553
1343 2304
1109 4599
2971 4697
2595 4968
2707 4514
2540 4657
3403 3782
79 4657
4737 4991
685 3276
1878 2681
1095 4256
4301 4771
2781 4766
1815 4971
2927 4276
182 4922
1939 3471
2155 4087
2974 4426
3058 4244
1885 1936
2215 4962
1230 2183
459 4661
3913 4981
1074 4357
4532 4894
39 3058
1257 1469
936 4230
3667 3818
3073 3999
3242 4171
1747 4999
2845 4331
4282 4647
2896 4301
1175 4583
1425 4999
3647 4366
2835 4689
1177 4295
3901 4087
464 2645
2644 3470
4507 4641
4367 4480
2969 4045
2262 2652
912 4747
1896 3587
2127 3926
4493 4784
721 3542
1940 4454
4262 4536
4176 4793
788 4260
2094 4331
99 4367
3310 3932
905 4507
1737 4974
3547 3706
2465 4460
1779 4519
3394 4650
1867 4920
253 4858
1585 4968
4641 4920
557 4803
1808 3721
3197 3412
89 4715
4486 4871
3904 4709
253 4941
2058 4348
2921 4524
869 3587
3487 4191
2691 4963
4087 4689
2756 4218
4513 4741
693 4838
3782 4947
236 4741
3472 4697
897 4824
1780 3159
936 4962
888 4507
129 4583
4095 4959
4519 4922
2838 3148
2529 4656
869 4537
2198 2411
2075 3778
1996 4860
4256 4986
4390 4766
4590 4934
2529 4604
2094 4244
3044 4061
678 4744
3751 4868
2733 2803
4624 4947
3270 4229
1168 4838
4269 4815
1137 3284
149 3632
3684 4963
480 2921
4264 4390
2253 3999
1038 1249
3116 4117
2606 4446
3160 4540
2812 4727
3734 4485
4617 4989
2782 3987
4108 4119
3378 4702
4282 4507
3968 4487
4228 4664
1275 4532
1484 3513
3552 3883
798 4153
4778 4989
1652 3513
390 3595
1159 4057
1614 4934
2232 4803
3852 4063
3982 4661
658 2610
3066 4089
2735 3116
3158 4057
1226 4894
1712 2405
3926 4438
1840 4553
324 1617
777 4617
2335 3002
3529 4439
2585 4815
713 4914
3598 3716
1373 4991
3516 3529
1940 4527
4032 4104
731 3840
946 3862
1831 4103
2084 4507
4762 4860
1780 4701
2729 4682
33 2344
3303 4485
2519 3285
1771 4655
1461 4846
2207 4588
844 3487
3072 3457
1885 4860
98 4343
822 4641
0 4831
5 4983
6 4952
11 2863
20 4753
24 4816
34 4589
39 2497
43 4062
44 1503
48 4818
52 4825
55 4831
65 1201
69 3244
78 4252
79 3606
81 2421
84 1241
85 2778
89 4098
90 1605
98 2096
99 1622
105 4801
109 3169
111 4461
118 4798
128 4801
129 301
136 4945
137 3185
139 4875
148 3085
149 722
159 4639
164 4502
166 4248
168 4601
174 2046
177 4787
182 2356
183 4243
176 185
191 2417
202 3123
210 4459
216 2743
219 3844
236 4666
242 4754
244 4795
248 683
253 3165
265 1832
269 4401
272 2088
274 4404
276 3819
278 2972
281 4359
288 4865
296 3182
300 1651
303 4478
304 3602
305 3052
306 4581
324 1714
329 3853
339 3889
340 4852
345 4077
353 4319
355 4843
356 4342
365 3267
366 4592
372 4987
373 4973
381 1078
382 519
384 4408
390 4529
399 4384
400 4303
403 3051
427 4761
439 2959
442 1494
454 3106
457 4560
459 4132
464 4880
468 956
476 2940
479 4319
480 4978
485 4925
489 4130
492 4134
496 2147
498 1958
507 4879
510 3703
514 3656
523 2214
525 4213
532 3198
533 1064
540 4627
544 4966
545 4977
557 1989
559 4913
564 826
566 3241
315 568
571 1268
575 4898
578 4693
592 4801
594 4731
599 3113
602 4219
603 1743
607 3573
616 2261
623 3693
624 2671
626 1789
629 1285
640 997
649 2697
657 4901
658 3401
659 1132
661 3604
670 4408
672 3966
678 4817
679 4508
681 2840
685 2909
690 1764
691 3733
692 3738
693 4457
694 4250
698 4088
709 4801
710 4466
713 4967
718 1538
721 3426
731 4666
19 733
734 4804
742 2609
750 4435
764 4911
777 4223
779 4717
53 788
790 4185
791 4898
792 4304
798 4632
239 803
807 3991
808 4900
811 2908
813 4895
821 3481
822 4462
823 3011
827 3196
833 3557
835 3443
841 4820
843 3518
844 3287
857 1970
858 3611
866 4837
869 2616
880 4309
887 4760
888 3644
889 4199
890 2234
891 3430
895 4813
898 4866
905 4543
907 2903
385 912
913 4917
914 4869
916 4005
924 3642
925 4483
936 4411
500 946
950 3711
951 4120
968 4139
971 4312
973 4814
975 2223
980 4102
988 4953
990 4133
1000 4857
1001 1158
1002 4030
1005 1660
1014 4186
1017 4392
1020 1575
1035 4687
1038 1959
1039 2727
1053 3384
1058 4029
1060 4190
1074 4928
1075 4370
1080 4964
1091 4906
1092 2918
1095 2767
1099 1705
1103 3843
1104 4900
1109 1661
1116 3779
1118 4705
1121 3117
1123 4637
1137 3337
1145 4081
1146 4192
1147 2809
1157 3708
1159 3630
1161 4665
1163 4180
1166 4855
1167 4635
1168 4978
1170 3430
1175 4797
1177 1976
1179 4408
1186 4745
1197 3530
1202 1609
1204 2828
1208 4751
1211 3590
1212 4743
1214 3630
1218 2761
1226 1234
1230 3953
1235 4798
32 1243
193 1247
1249 4118
1252 3467
1255 4930
1257 4602
1259 3084
1261 4290
1263 1799
1273 4996
1275 3221
1277 3079
1282 2469
1288 4576
1290 3264
1310 4953
1316 4814
1326 3707
1332 4729
1333 2194
1334 3990
1343 3697
1344 4616
1347 4776
1349 4822
1351 4156
1352 3096
1356 3217
1359 4809
1361 3199
1363 2817
1367 4820
1368 4973
1369 4424
1373 4930
285 1374
974 1376
1378 2813
1381 3896
1382 4341
1383 2615
1385 4041
1403 1418
1412 4966
1415 4921
1421 4221
1423 3217
1424 4261
1425 4350
1426 4768
1431 4173
1432 4940
1437 1761
1442 2154
1446 2752
1447 1630
1450 4551
1452 4615
1456 4787
1461 4597
1472 3835
1474 1498
1476 4847
906 1481
1482 2749
1484 4950
1485 3097
1497 4742
1509 1770
1510 3668
1513 4985
491 1518
1521 3701
1533 4869
1540 4461
1548 2575
1552 4168
1560 4453
1561 4945
1563 4996
1564 3763
1574 3422
1579 4502
1581 4765
1582 3169
1584 4627
1585 3575
1588 4719
1593 3950
1596 2936
1604 4561
1608 4933
40 1610
1612 3715
1614 4820
1617 4568
1619 4620
1621 3874
1629 2063
1631 4234
298 1633
1635 3449
1639 2060
1641 3662
1646 4432
1652 4189
1653 2631
1655 4775
1663 4613
1664 4978
1676 2615
1686 4811
1687 4878
1688 4924
1691 1998
1692 4847
1697 3541
1698 4290
1702 4219
1034 1704
1712 4924
1713 4613
1718 4738
1720 4504
1723 4165
1726 4311
1736 4421
1737 2752
1739 4388
868 1740
1747 4231
1755 2154
1765 4840
1767 3171
1769 4982
1771 3344
270 1777
1779 2190
1780 4380
1783 4503
1787 4333
1788 4678
1791 3656
1793 4424
1794 3648
1801 4912
1808 3584
1809 4371
1815 4024
1817 3421
1819 2884
1830 4948
1831 3638
1836 2368
546 1840
1841 4757
1842 4714
1852 4654
1857 4259
1862 4833
1867 4501
1868 4346
903 1871
1872 4831
1873 2881
1874 4490
1875 4977
1878 4154
1879 4525
1882 4169
1774 1885
1888 4161
1891 4696
1894 4603
1895 3826
1896 3619
1900 4967
1904 4571
1908 2731
1909 4432
1110 1915
1131 1919
1920 4889
1922 4097
1927 4330
1930 2922
1936 4415
886 1937
1191 1939
1940 2677
942 1943
1946 3889
1949 2584
1950 4213
102 1951
1955 4215
1960 2842
1962 3927
1973 2403
1977 3342
1980 2721
1266 1982
1983 4994
1987 4633
1996 2617
2004 4291
2006 4270
2014 2413
2023 2086
2027 4879
2036 3372
2039 4695
1115 2051
490 2058
1289 2061
2075 3860
1611 2076
2077 4995
2078 4632
2079 4823
1237 2081
2083 3249
2084 3811
2087 3787
943 2091
2094 4864
2095 3699
2097 4873
2098 2471
1707 2100
1618 2101
2105 3546
2108 2109
2127 4325
2128 4911
2131 2284
2132 4854
2141 4691
2038 2142
732 2144
2155 2236
1636 2161
2169 4371
2174 4265
2178 4995
2180 3763
2183 4852
560 2189
2196 4671
2198 4090
2201 3970
2203 3871
2206 3639
2207 2505
2209 4455
1217 2215
2007 2232
2239 3826
2242 4881
2245 4816
2247 4913
2250 4609
2253 3079
2262 4305
2263 4372
2265 4066
2268 3931
2282 4761
2290 3292
2292 4533
2298 4545
2299 4113
2303 4385
2304 4830
2320 4789
2330 4608
1162 2332
673 2335
2336 3234
271 2343
2344 4292
2350 4779
2352 3406
2361 4892
2221 2373
2375 3752
2382 4099
1402 2384
2394 4101
2400 3609
2404 4774
2348 2405
2411 4994
2414 2627
2428 4630
2181 2438
2440 3601
2443 4899
2449 4939
2451 4597
966 2454
2455 4132
991 2460
2229 2465
1148 2467
2472 2487
2477 4826
2479 4872
2492 3662
2499 4354
2504 3615
2153 2516
2518 3437
2519 2573
2521 2524
2160 2522
2523 4758
2529 4736
2532 4839
2534 3939
460 2535
2540 4979
2546 4739
2552 4312
2557 4307
2558 4774
2560 4419
2430 2564
2568 3041
2204 2574
2577 2842
2579 4783
2585 4952
1824 2586
2387 2590
2593 4978
2594 4448
2595 3947
853 2596
2597 3481
1293 2600
425 2601
2602 4042
996 2606
2610 3813
2611 4094
2256 2619
2622 3320
2625 4722
2628 4138
2634 4509
2635 4407
2644 4216
2256 2645
2647 2648
2651 4753
2652 4906
2658 4759
2663 4820
478 2664
2670 4799
2679 4880
1115 2681
2683 4221
2687 3185
2689 3898
2691 3065
2704 3239
2707 4328
2709 4876
2710 4072
2711 4007
2715 2716
1734 2720
2399 2722
2724 4745
2729 4102
167 2732
2733 3251
1847 2735
364 2741
2746 4236
2751 3956
2182 2756
2774 4923
2780 4364
1602 2781
809 2782
2783 4705
2785 3139
845 2787
2507 2789
2796 4677
2800 3815
1294 2801
2803 4713
1637 2806
2811 4338
2812 4430
1061 2825
2826 4623
1567 2829
2830 4790
2835 3055
2836 3120
2837 4731
2838 4861
2845 3485
1876 2846
2847 4969
2858 4235
178 2859
2202 2860
1506 2865
2866 4888
2871 4138
2887 4468
2893 4615
1054 2895
2896 4637
2898 2902
2901 3703
2280 2906
2151 2913
2916 4307
2921 3145
2924 3360
606 2927
2931 4019
2932 4461
2934 4940
2935 3227
2946 4713
2289 2949
2951 3769
654 2952
2956 4814
2969 4832
2971 3687
2974 4535
2976 4577
810 2982
2158 2984
1125 2986
2992 3788
2999 4128
3002 4342
3008 4620
3011 3013
3017 4462
1436 3018
3020 3023
3036 4133
3039 4830
3043 4970
3044 4879
3056 4742
3058 4905
3064 3070
3066 3591
3069 3442
3071 4769
2354 3072
3073 3873
3076 4573
3090 4101
2626 3099
3101 4668
3103 4189
3107 4917
3108 3251
3110 4577
1414 3111
3116 4881
3125 3609
3134 4335
3146 4977
1998 3148
3152 4423
3158 3922
3159 4783
3160 4608
2581 3163
3166 3351
3168 4499
3197 4254
2581 3201
3215 4094
2686 3220
3225 4925
3226 4889
3228 4746
2471 3242
3245 4726
3246 4980
3253 4252
3256 3802
3268 4427
3270 4904
2013 3276
3283 3588
3284 4636
3285 4350
3295 4949
488 3298
1897 3303
3304 4098
3310 4818
3324 4994
3326 4598
2483 3330
3335 4584
3333 3338
3341 4745
3343 3819
2525 3348
1504 3352
2396 3358
3366 4094
3237 3371
2284 3374
3376 4837
3378 4879
3133 3389
3394 3675
2425 3395
3396 4602
2514 3400
1377 3403
645 3412
3413 3752
2869 3415
3424 4504
1681 3428
3429 3699
2339 3436
3438 4620
3440 4492
3401 3452
3457 4300
1392 3464
3465 4814
3466 4091
3290 3468
2928 3470
3471 4792
3472 4144
1220 3474
2439 3483
901 3487
2432 3499
3506 3875
3508 3897
3461 3511
3513 4479
3104 3515
1555 3516
3364 3519
3525 4915
3528 4078
3529 4844
3539 4285
3542 4132
3249 3545
900 3547
3552 4822
2016 3553
3555 4055
3556 4735
3559 4133
3560 4944
3561 4862
3563 3567
3568 4520
2272 3569
1044 3587
3594 4810
1125 3595
3598 3600
656 3603
3610 4026
3612 3854
3620 4525
3380 3627
3629 4420
3632 4528
1806 3636
2743 3643
1537 3647
3649 4285
2909 3654
2844 3657
1295 3666
1710 3667
699 3669
2471 3672
500 3676
1733 3680
825 3684
3685 3870
1603 3690
3485 3694
3029 3695
147 3698
3503 3700
3705 3707
3706 4016
3053 3716
3719 3723
3501 3721
2536 3727
3728 4897
1276 3729
3730 3737
3461 3731
3734 4809
3739 4189
2694 3741
3743 4242
3745 4334
3365 3751
3758 4621
3760 4672
3765 4047
3535 3766
3770 4942
2994 3775
588 3778
3450 3781
3782 3805
695 3783
3417 3785
765 3790
1623 3792
2038 3794
2163 3803
3804 4392
2287 3808
1866 3818
1306 3820
2284 3821
3827 4785
3342 3834
3840 4984
2613 3845
3852 4690
3855 4861
2957 3859
2832 3862
3606 3869
3881 4574
3626 3883
1931 3888
3892 4448
3391 3901
3902 4958
3904 4729
2016 3907
3913 4433
2662 3914
3924 3954
3833 3926
3928 4990
3379 3932
3934 4609
3935 4904
3936 4116
3937 4772
3938 4917
3941 3951
3131 3949
3952 4817
2623 3958
2319 3959
3960 4933
2623 3967
3968 4586
3971 4972
3974 4024
1141 3978
3979 4225
3153 3982
3985 4902
1638 3987
3981 3989
3992 4165
935 3999
1274 4004
3994 4006
4009 4873
839 4014
1329 4023
2909 4028
4032 4674
2576 4035
4039 4930
3882 4044
116 4045
4049 4942
917 4050
3780 4053
4054 4592
1948 4057
1901 4061
4063 4776
1738 4069
684 4070
4071 4837
4066 4073
4079 4898
4080 4713
2369 4085
4086 4917
1153 4087
4089 4499
4091 4092
4095 4461
1989 4100
2637 4103
3697 4104
2399 4107
2708 4108
1380 4114
923 4117
2778 4119
647 4124
2824 4125
1206 4135
581 4141
4142 4946
1173 4145
62 4146
3712 4149
1033 4150
124 4153
4157 4336
4158 4686
1232 4159
3736 4163
2243 4164
4170 4928
4171 4977
4172 4760
3517 4174
4176 4586
3199 4177
1220 4178
1219 4179
2374 4181
4151 4182
2815 4184
2714 4191
4193 4642
2270 4197
2029 4200
3053 4205
1535 4214
4218 4983
4222 4997
4227 4673
4166 4228
4229 4498
4221 4230
3815 4241
4244 4931
2093 4246
1998 4247
3991 4256
4036 4257
1180 4260
2856 4262
4264 4468
4269 4337
3083 4274
3638 4276
4281 4401
3585 4282
3599 4284
4286 4296
3819 4287
3922 4293
42 4294
4295 4385
3491 4299
1493 4301
3944 4315
4327 4783
3799 4331
4332 4874
2037 4343
4348 4373
637 4357
2346 4361
3983 4365
4366 4608
4367 4775
4368 4400
4166 4378
4389 4807
4390 4798
4397 4993
4398 4488
4126 4405
4381 4410
2616 4413
4414 4708
2929 4417
4426 4749
3537 4429
3236 4434
4436 4451
4438 4530
3572 4439
4440 4668
4443 4925
2907 4445
2960 4446
2626 4452
4433 4454
4458 4840
4460 4906
4464 4817
3427 4470
2794 4471
4344 4474
1558 4480
2755 4481
3521 4482
1528 4484
4355 4485
1650 4486
2942 4487
2118 4493
4494 4776
2068 4507
2778 4513
794 4514
1505 4519
1 4524
3318 4526
2251 4527
3530 4532
2309 4536
4537 4627
4540 4826
4239 4546
839 4550
4552 4555
3896 4553
2528 4556
3919 4557
4134 4566
319 4567
2869 4580
4156 4583
4585 4977
2322 4587
3227 4588
2659 4590
3290 4594
4102 4595
874 4599
4563 4604
4610 4912
4194 4611
2403 4612
4617 4618
1682 4622
3485 4624
4630 4638
4285 4641
3280 4644
4272 4645
3795 4647
3723 4650
2354 4652
3605 4655
2279 4656
513 4657
132 4661
4008 4664
4213 4676
3617 4679
2508 4682
4663 4685
2210 4689
4188 4694
4563 4697
3433 4701
4702 4950
3651 4706
1519 4707
2875 4709
2603 4712
423 4715
1301 4720
1185 4721
4725 4734
247 4727
341 4728
4140 4737
2754 4741
404 4744
2912 4747
4750 4797
4752 4764
499 4756
3708 4762
4763 4791
4374 4766
3447 4770
316 4771
2417 4773
3243 4777
4778 4779
840 4784
4751 4793
4318 4796
4476 4800
4130 4803
3571 4805
4684 4806
3550 4815
1419 4824
4169 4836
4821 4838
4794 4846
4671 4858
4462 4860
4833 4868
1700 4871
3184 4877
3749 4882
4062 4884
3740 4886
4535 4887
4881 4890
4894 4939
4875 4914
2712 4920
4863 4922
1843 4926
4932 4993
3179 4934
4935 4975
4340 4937
2410 4938
4671 4941
4820 4947
2113 4959
4962 4983
2484 4963
198 4968
3911 4971
2236 4974
2820 4981
1184 4986
395 4988
1327 4989
4333 4991
2703 4999
0 3931
11 4600
24 2216
39 4326
48 4455
52 4985
55 4997
69 4900
81 4497
84 2972
98 4837
105 4783
109 4673
111 4226
129 2219
136 1953
137 4996
148 3397
149 3972
164 3975
166 4263
174 4757
216 4880
219 4012
242 4919
244 4188
265 4186
274 4388
276 4011
278 4401
281 4833
288 4576
300 4992
303 4827
304 4950
305 4919
340 2197
366 4961
372 2983
382 2389
390 4718
399 3322
400 2259
427 4024
439 3655
457 4984
464 3093
479 4945
480 4349
485 4797
492 4252
498 4067
507 3617
510 3876
523 4597
525 3154
532 4993
533 3122
544 3543
545 4902
557 4379
559 3216
564 3551
568 4388
571 4909
578 4798
592 4954
602 4662
623 4473
626 4813
629 4607
649 4918
659 2960
672 2915
237 679
685 4759
690 3581
691 2489
692 4811
694 3753
698 2996
710 4372
721 4199
731 4965
777 4833
779 4785
788 4012
792 4175
798 4147
803 3467
807 4324
808 3899
821 4349
823 4912
833 3801
835 4761
841 2923
843 4122
844 4798
869 4013
895 4967
898 4915
905 3237
907 3899
912 3402
914 4891
916 4993
925 1507
946 4929
950 4388
968 4782
971 4505
973 4788
975 2576
990 4810
1000 2914
1001 1642
1014 4790
1017 4538
1020 4976
1039 4996
1060 2398
1080 2788
1095 4642
1099 4084
1103 4433
1104 3211
1109 4723
1118 4606
1121 3299
1123 3369
1137 3788
1145 4461
1146 3356
1159 4942
961 1161
1163 4314
1166 4663
1167 4505
1177 4928
1179 4033
1186 3673
1204 4268
1208 4030
1214 4065
1218 2759
893 1226
1235 4917
1252 4630
1255 3565
1257 2488
1259 4660
1261 4539
1273 4848
1277 4933
1282 4068
1288 4902
1310 2794
1332 4640
1333 4501
1334 3503
1347 4686
1349 3190
1352 3711
1359 4609
1361 3969
1363 4854
1367 4386
1368 2692
1369 3232
1373 4946
1376 2965
1382 4084
1385 4924
1412 4982
1415 4908
1421 3248
1423 2930
1424 4608
1426 4425
1431 4477
1432 4483
1437 4490
1442 4545
1446 2915
1447 3022
1450 3772
1452 1460
1456 4876
1461 2718
1472 4925
1476 4684
1482 2480
1484 4422
1497 4628
1509 4811
1510 4132
1513 4786
1479 1518
1533 4896
1540 4705
611 1548
1552 2929
1560 4402
1561 4804
1563 4605
1574 3652
1579 4978
1582 3868
1584 4542
1585 4910
1593 4210
1596 3972
1604 4419
1608 4714
1610 4839
1612 4240
1614 4512
1617 4977
1619 3776
1621 4380
1629 3311
1631 2325
1639 4995
1641 4831
1646 3709
1652 4511
1653 4038
1655 4994
82 1663
1664 4483
1676 4210
1686 4350
1688 4626
1691 4418
1692 4813
1697 4245
1698 4847
1704 4946
1712 4851
1713 4812
1718 2695
1720 2192
1723 4449
1726 4126
1736 3886
1737 4740
1739 4632
1740 4589
1747 4872
1755 3230
1765 3449
1767 4861
1771 4422
1777 4850
1779 4515
1780 4972
1783 4821
1788 4885
1791 4477
1808 2418
1809 4939
1817 4555
1831 3634
1836 4899
1840 3846
1841 3702
1842 4639
1852 2313
1857 2257
1862 3325
1867 3825
1871 3140
1872 4346
1873 4254
1878 4885
1879 4751
408 1882
1885 2042
1888 4472
1891 4263
1894 4626
1895 4835
1896 4243
1900 2939
1908 3312
1920 4830
1927 4951
1930 3299
1936 4862
1937 2993
1939 4465
1943 4325
1946 4369
1949 4373
1950 4739
1951 4091
1955 4242
1960 4224
1962 3671
1973 4975
1977 3954
1980 4998
1982 4982
1987 3390
1996 3219
2006 4686
2014 4808
2023 4520
2027 2747
2036 4129
2039 3229
2058 3710
2075 4985
2076 3748
2077 3203
2078 4939
2079 4995
2081 3016
1315 2083
2084 2544
2091 4738
2095 4506
2097 4680
2098 4431
2100 4674
2105 4369
2127 4259
2131 4801
2132 4300
2141 4987
2142 4864
2155 4734
2161 4952
2174 4977
2178 4206
2183 4864
2189 4746
2198 4736
2201 4450
2203 3850
2206 2993
2209 4435
2215 4166
2239 2630
2245 4279
2253 4869
2042 2262
2265 4328
2268 4853
2282 4136
2290 4835
1947 2292
2202 2298
2304 3899
2320 4598
2330 4161
2332 3980
2335 4977
2336 4615
2343 3981
2350 4492
2361 2807
2373 2824
2375 4503
2382 4139
2384 3849
2394 4489
2400 4953
2405 4626
2411 4774
2414 3957
2428 4719
2438 4502
2449 4261
2451 4874
405 2454
2455 4835
2465 4409
2467 3908
2472 4302
2479 3172
2492 4700
2499 4983
2504 4977
2516 4280
2518 4849
2519 4569
2521 4547
2045 2522
2523 4875
2529 4563
2535 4387
2540 4966
2546 4084
2552 3549
2019 2557
1638 2558
2564 4660
2568 4829
2574 4996
2577 4863
2585 4626
2586 4918
2590 3709
2593 4960
2594 4579
2595 3294
2501 2596
2597 4593
2600 4619
2601 3010
2610 2919
2611 2959
2619 4801
2622 4943
2625 3397
2628 3079
2634 2636
2635 3768
2644 3948
2645 4940
2648 3496
2651 4781
2652 3548
2658 3988
2663 3086
2664 4608
2679 3203
2281 2681
2683 4930
2687 4457
2689 4731
2691 4898
2704 4808
2623 2707
1016 2709
2710 3520
2716 4979
2720 4872
2724 4620
2729 4112
2733 4469
2735 4407
2746 2962
2751 4506
2774 4356
2780 3823
2781 4828
2783 4695
1887 2785
2787 3117
2789 3996
2796 4151
2800 4761
2801 4671
2773 2806
2810 2811
2812 3355
2826 4740
2829 4942
2830 4435
2835 3906
1883 2836
2837 3321
2838 3162
2845 4977
2846 4867
2847 3420
2662 2858
2859 4616
2860 4296
2865 4907
2866 4916
2871 4198
2887 4869
1394 2895
2896 3141
2898 4113
2901 4769
2906 3402
2916 4115
2921 3463
2924 4601
2927 4703
2931 4225
2882 2932
1262 2934
2639 2946
2949 4931
2952 3551
2969 4283
2445 2971
2974 3664
739 2976
2986 4872
2992 4386
395 3002
947 3013
3017 4578
3018 4275
2993 3023
3036 4879
173 3039
319 3043
2328 3044
3056 4394
3058 4977
3066 3871
1460 3071
3073 4126
254 3076
2675 3090
3099 4251
3101 3809
3103 4393
3107 4396
3108 4769
3110 4340
2793 3111
1462 3116
3125 4659
3134 3618
3148 4319
3152 4906
2167 3158
3159 4835
3166 4582
2834 3168
3197 3202
3201 4148
3215 3733
3220 4745
3225 4130
3162 3226
3228 4578
1628 3242
273 3245
3246 3655
2861 3253
3256 3473
3268 3591
3270 3831
1805 3283
3284 4469
3295 3645
3298 4675
3303 4714
3304 4839
3038 3310
2381 3324
3335 4497
3338 4790
2539 3341
3343 4716
3348 3618
3294 3352
3358 3768
3366 4798
3367 3371
3374 3722
3089 3376
2544 3378
3389 4096
3394 4969
641 3395
3396 4570
3400 4893
3403 3779
3362 3412
3415 4951
3424 4136
3428 4062
2337 3429
388 3436
2873 3438
3440 4910
3452 4832
3457 4663
3465 3825
3468 4573
3471 4948
3472 4065
3474 3866
3079 3483
3487 3591
3493 3499
3508 3514
3016 3511
964 3513
289 3515
3516 3645
3519 3671
3529 4984
1311 3539
3545 4990
3547 4325
2325 3552
3553 3633
3555 3889
1076 3556
1370 3559
3128 3560
3561 4511
3567 4964
3568 4977
3569 3793
3587 4328
3444 3594
3595 4255
3598 4911
2573 3603
3610 4865
3612 4997
1468 3620
703 3627
3629 4865
1616 3632
3636 4048
3643 4425
3647 3965
3649 4866
1859 3654
3657 4929
3666 4902
3667 4065
3669 4917
3672 4923
3676 4630
2040 3680
3684 4352
3683 3685
3690 4839
3694 4206
3695 4996
2548 3698
3700 3735
3705 4189
1818 3706
3716 4918
3719 4904
3721 4662
3728 3863
3729 4005
3661 3730
3731 4584
3739 4027
3741 4992
3743 4960
1626 3745
3751 4212
3758 3955
3760 4081
3765 4618
3766 4950
3775 4933
3772 3778
3781 4822
3782 4967
3783 4740
3401 3785
1364 3790
3792 4691
3794 4892
3803 4875
745 3804
3398 3808
3818 4823
651 3820
3821 4428
2849 3827
3834 4419
3840 4717
1804 3845
3852 4749
3855 4591
3774 3859
3862 4710
994 3869
3881 4304
3883 4298
3888 4897
2463 3892
3902 4810
3824 3904
3668 3907
3913 3918
3914 4435
3924 4921
2792 3928
3932 4678
2763 3934
3935 4051
3467 3936
3937 3939
3938 4776
3941 4893
3949 4840
3418 3952
3958 4608
3959 4065
3960 4605
3692 3967
3968 4939
2960 3971
3974 4869
3421 3978
3383 3979
3982 4686
3985 4719
3987 4173
3989 4696
3007 3992
1312 3999
961 4004
1805 4006
528 4009
4014 4424
2674 4028
3504 4032
4035 4794
4039 4385
4025 4044
3678 4045
4049 4608
4050 4317
4053 4217
3874 4054
3983 4057
2795 4061
4063 4671
4069 4895
4070 4127
3723 4071
2481 4073
4064 4079
2660 4080
4085 4582
4003 4086
4087 4797
4089 4456
4092 4317
4095 4760
3139 4103
3562 4104
4107 4127
3232 4108
4114 4851
4117 4692
453 4119
2872 4124
4125 4461
3646 4135
3422 4141
4142 4453
4145 4290
4146 4509
4149 4972
4150 4430
4153 4377
4157 4902
2937 4158
4083 4159
4163 4303
4164 4961
4170 4506
577 4171
3589 4172
3488 4174
4138 4176
4018 4177
3874 4178
3764 4179
3712 4181
4182 4455
4184 4198
1907 4191
4193 4345
4197 4802
1317 4200
4205 4305
3795 4214
4218 4582
3401 4222
3288 4227
4228 4734
4229 4936
4230 4662
4241 4869
4160 4244
4246 4680
4247 4597
4256 4843
4257 4670
4260 4600
1694 4262
3984 4264
4269 4688
2017 4274
4189 4276
4281 4950
3832 4282
4284 4456
4286 4814
4287 4337
4293 4671
3299 4294
4295 4669
4299 4618
4301 4799
4315 4757
3373 4327
4331 4789
527 4332
4343 4488
3538 4348
4357 4529
3495 4361
4365 4651
4366 4733
4377 4378
3900 4389
970 4390
3068 4397
4334 4398
3250 4405
4408 4410
4413 4423
4051 4414
4417 4870
4317 4426
4429 4455
3176 4434
4436 4442
3301 4438
2886 4439
4263 4440
282 4443
4445 4899
4446 4453
4452 4807
4319 4454
4458 4940
4460 4475
4464 4987
453 4470
4084 4471
3054 4474
4475 4480
4481 4488
2861 4482
4484 4517
4485 4899
4486 4910
4487 4603
4370 4493
4206 4494
3315 4507
4204 4513
4514 4515
4519 4821
4517 4524
3582 4526
4527 4582
4215 4532
4536 4549
4537 4543
4540 4559
1999 4546
4550 4813
4552 4596
3531 4553
4556 4569
4557 4695
1320 4566
3774 4567
4077 4580
3618 4583
3392 4585
4469 4587
4588 4928
4518 4590
4594 4671
4595 4606
3014 4599
4127 4604
4610 4618
4611 4993
4612 4840
4617 4866
4619 4622
4569 4624
4638 4917
4641 4795
4375 4644
4568 4645
4081 4647
4650 4662
4651 4652
4655 4703
4656 4671
4646 4657
4189 4661
4305 4664
4663 4676
4679 4695
4682 4735
4139 4685
4684 4689
4694 4705
2776 4697
2150 4701
3702 4702
4706 4714
4496 4707
4476 4709
4330 4712
2503 4715
4614 4720
4721 4874
4713 4725
4234 4727
2919 4728
4737 4939
4741 4755
4196 4744
4730 4747
4469 4750
3233 4752
3846 4756
4083 4762
3970 4763
4766 4942
4596 4770
3696 4771
4773 4786
4746 4777
4642 4778
4768 4784
4793 4827
4789 4796
4800 4849
4803 4810
3917 4805
4806 4993
4815 4859
4190 4824
4671 4836
4838 4842
4258 4846
2975 4858
4860 4956
4868 4883
4832 4871
2671 4877
4829 4882
4401 4884
4886 4939
1315 4887
3337 4890
4755 4894
4151 4914
2897 4920
423 4922
3860 4926
4932 4990
4924 4934
655 4935
804 4937
3383 4938
3681 4941
4947 4965
3908 4959
4783 4962
4963 4996
4360 4968
4324 4971
4974 4987
4981 4990
4203 4986
4988 4996
4989 4990
4056 4991
3414 4999
164 4957
166 4964
216 4954
300 4746
480 4776
525 4467
533 4408
788 4945
833 4660
835 4967
898 2877
905 4751
916 3848
925 4304
946 4279
950 4115
1060 4925
1123 4551
1137 4767
1167 4239
1186 4364
1261 3571
1332 4613
1333 4993
1352 4579
1361 4093
1373 4630
1385 4903
1415 4696
1452 4038
1472 4674
1518 4980
1533 4208
1574 4987
1582 4810
1596 4856
1608 3950
1610 4461
1641 4237
1652 4371
1676 4844
1739 4726
1747 4904
1755 4180
1777 4510
1780 4844
1783 4637
1842 4248
1862 4814
1871 4258
1873 4213
1900 4406
1920 3929
1937 4040
1950 4339
1973 2182
1980 3232
2075 4392
1394 2142
2155 4316
2183 4268
2209 4478
2239 3288
2245 4402
2268 3880
2290 4515
2304 3774
2350 4467
2449 4609
2455 4643
2465 3408
2479 4892
2519 4508
2522 3905
655 2523
2540 4916
2564 4913
2568 4412
2491 2601
2625 4975
2634 4857
2648 4387
2651 4531
2663 3980
2679 4954
2691 4490
2704 4945
2707 4508
2720 4734
2751 4245
904 2774
2781 3286
2801 4603
169 2837
2845 3939
2847 4671
2858 3062
2859 3410
2860 4944
2865 4180
2871 4939
2008 2906
2969 4698
2976 4192
2986 4623
2992 4467
3023 4084
3044 3059
3071 3645
3076 4613
3090 3439
3101 4879
3103 3921
3107 4717
3116 4516
3159 4298
3166 4956
3197 4842
3215 4810
3242 4977
3245 4083
3253 4498
3268 3768
3284 4391
3310 4767
3324 4945
3335 4238
3343 4844
3348 4735
3371 4776
3389 3641
3400 4280
3403 3991
3415 4112
3465 4918
3499 4412
3515 4808
3516 4534
3519 4823
3529 4659
3539 4730
3545 3774
3560 3980
3561 4851
3567 4318
3568 3571
3569 3837
3587 4876
3595 4515
3598 4643
3603 4683
3610 4841
3620 3975
3629 4651
2202 3632
3643 3817
3266 3647
3652 3654
3657 4828
3676 4602
3684 4996
3694 3747
3695 3779
3716 4003
3729 4918
2959 3730
3731 4910
3739 4185
3741 4393
3743 4870
671 3745
3751 4614
3758 4475
3760 4955
3765 4643
3775 4303
3782 4081
2897 3783
3790 4326
3803 4850
3804 4523
3808 4564
3007 3818
3820 4570
3821 4242
3827 4995
3233 3834
3840 4817
3845 4336
3356 3852
3849 3855
3859 4318
3862 3918
3817 3881
3883 4718
3888 4847
3902 4558
3904 4226
3907 4870
3913 4993
3924 4090
3932 4441
3934 4722
2031 3935
3937 4235
3949 4335
3952 4931
3960 4529
3967 4569
3687 3971
3974 4807
3978 4491
3979 4404
3987 4948
3983 3989
3992 3996
3663 3999
4004 4828
3600 4006
3140 4014
3884 4028
4032 4642
3287 4035
4039 4700
4044 4399
651 4045
3889 4049
4057 4297
4063 4626
2555 4069
4070 4795
4071 4570
4085 4431
4086 4923
4087 4453
2656 4089
4092 4873
4095 4839
4104 4944
3787 4107
1684 4108
4114 4913
3735 4117
4125 4515
4135 4568
4141 4867
2324 4145
3349 4146
4149 4328
4150 4888
3342 4153
4157 4400
2435 4158
3300 4159
1638 4163
4164 4977
4171 4942
4172 4608
4174 4231
1414 4177
4178 4927
4179 4984
4181 4683
4182 4900
4156 4197
3964 4200
4205 4870
4214 4911
4222 4258
3140 4229
4230 4602
3192 4241
4244 4977
4246 4936
4247 4781
4257 4856
4260 4817
4262 4954
4269 4996
4284 4996
4286 4768
4293 4495
4295 4311
4299 4808
2897 4315
4327 4901
4330 4331
4332 4992
4340 4343
2040 4348
3813 4357
4361 4906
3947 4365
4366 4821
4378 4743
3342 4389
4379 4390
4398 4708
4405 4605
4413 4977
4393 4417
2966 4429
3292 4434
4404 4438
4186 4439
4440 4606
4443 4956
4435 4445
4446 4783
3809 4452
4454 4615
4458 4783
4403 4460
4464 4854
4470 4593
4471 4818
4468 4474
4318 4481
3133 4482
4484 4972
2544 4494
4507 4738
4513 4807
4379 4524
4527 4560
4391 4532
3738 4536
4328 4537
4129 4540
4552 4716
3208 4553
4557 4924
699 4566
4567 4975
4580 4856
3738 4595
4593 4599
4544 4604
4610 4755
4602 4611
3962 4612
3809 4624
3905 4641
3261 4644
474 4645
4647 4667
4508 4652
4541 4655
4492 4656
4657 4660
4661 4808
4000 4664
3887 4676
4671 4679
3618 4682
3422 4685
4683 4689
3010 4694
4019 4701
4501 4702
4038 4706
4411 4707
428 4712
4715 4995
3957 4720
4721 4996
4017 4725
3224 4727
4099 4728
4700 4737
4747 4945
4195 4750
4719 4752
4756 4772
3203 4762
4576 4766
4758 4770
4573 4771
4678 4773
4775 4777
3232 4778
4598 4784
1016 4793
4796 4802
4800 4916
4289 4803
3200 4805
4596 4806
4809 4815
4817 4824
4313 4836
4846 4854
4845 4858
3239 4860
4755 4868
4871 4880
4877 4954
4882 4917
3688 4886
2031 4887
3628 4890
4907 4914
3841 4920
714 4922
4814 4926
3962 4932
4518 4934
4259 4935
3067 4937
4857 4938
4473 4941
4878 4947
4950 4959
4199 4962
4473 4963
4968 4972
4698 4971
4418 4974
4468 4981
4931 4986
1804 4988
4944 4989
4646 4991
4217 4999
533 4834
1385 4951
1950 4830
2209 4834
2774 3737
2871 4671
2906 3336
3090 4749
3242 4998
3415 4802
3539 3976
2639 3587
3603 4499
3697 3731
3743 4129
1394 3745
3375 3808
3820 4353
3174 3855
2944 3859
3883 4478
3888 3895
3907 4055
3932 4872
3967 3983
3992 4940
4006 4394
4028 4543
1912 4045
4049 4867
4070 4849
4085 4359
4086 4843
4067 4104
4084 4114
4146 4996
3696 4149
4157 4463
4178 4511
654 4222
4230 4581
4246 4554
3482 4286
4238 4293
4299 4329
2367 4315
3010 4327
4331 4463
2656 4348
4357 4608
3950 4390
4417 4544
969 4434
2385 4446
4452 4602
3200 4454
4351 4458
4192 4460
3956 4464
4470 4759
4484 4982
4513 4788
4402 4524
4552 4883
4403 4553
4557 4561
4314 4566
4497 4580
4267 4599
4604 4940
4624 4699
4637 4641
4598 4644
4646 4652
1549 4655
4558 4656
2057 4657
4478 4661
4664 4921
4701 4704
4242 4706
4715 4929
3349 4721
4728 4928
4756 4758
4762 4996
4771 4985
4692 4773
3339 4777
4113 4784
4793 4905
4787 4803
285 4805
1911 4806
4791 4815
4824 4834
3633 4836
4842 4846
3538 4858
3203 4860
4575 4877
4608 4882
4608 4887
2030 4890
4908 4914
714 4920
4329 4922
4934 4975
4575 4941
4760 4947
4956 4959
4787 4962
4710 4963
4968 4995
4730 4971
4888 4981
4944 4986
4881 4988
1225 4989
4310 4999
3820 4955
4255 4357
4452 4511
4465 4773
4461 4887
