1 10 25 304 395 459 523 528 765 771 815 852 1053 1098 1217 1497 1525 1529 1547 1596 1639 1667 1691 1794 1834 1849 1944 2109 2169 2173 2250 2454
2 11 44 86 92 162 277 318 366 380 397 417 435 487 551 559 563 686 844 987 1068 1111 1181 1252 1265 1287 1399 1449 1531 1554 1588 1622 1624 1638 1651 1798 1854 1962 1992 2076 2149 2227 2264
3 113 126 147 518 531 615 728 830 997 1100 1163 1296 1376 1404 1684 1723 1779 1887 1975 2127 2235
4 14 400 547 613 860 1004 1082 1462 1565 1791 1836 1847 1947 1968 2126 2152 2222 2464
4 167 287 301 396 420 489 506 527 537 679 745 773 790 840 1071 1113 1176 1200 1248 1251 1253 1491 1593 1814 1839 2000 2056 2058 2166 2267 2287
5 110 415 514 636 687 805 949 1094 1105 1125 1139 1146 1366 1609 1930 1942 1967 1997 2100 2246 2279 2335 2477
6 311 419 786 891 926 1223 1228 1725 1938 2074
7 57 107 173 197 332 354 418 476 521 577 648 660 898 942 1016 1064 1096 1175 1247 1300 1409 1716 1861 1879 1882 1910 2069 2245 2272 2342 2372 2385 2402 2457 2493
8 58 253 413 450 452 475 499 524 711 714 732 810 876 991 1007 1031 1208 1249 1255 1313 1347 1408 1454 1617 1650 1690 1792 1979 2063 2122 2144 2147 2165 2185 2293 2354 2406 2472
9 482 582 676 839 872 1023 1221 1693 1745 2182
12 275 308 436 535 700 747 757 941 1119 1243 1290 1337 1367 1430 1505 1567 1844 1983 2280 2311 2391
13 15 76 120 129 359 645 670 681 752 856 921 927 1066 1087 1123 1161 1194 1213 1264 1292 1329 1386 1398 1413 1475 1490 1496 1662 1960 1988 2005 2027 2049 2061 2080 2130 2418 2435 2438 2455
16 51 157 262 438 599 787 811 828 1033 1048 1167 1183 1188 1218 1233 1240 1312 1324 1330 1422 1456 1482 1492 1557 1660 1689 1699 1763 1867 1881 1945 2028 2055 2065 2066 2161 2210 2211 2248 2257 2348 2359 2413 2426 2458
17 491 693 813 1121 1145 1152 1179 1783 1989 2282
18 70 177 296 298 315 483 632 715 761 783 850 851 873 880 928 1055 1067 1147 1195 1214 1418 1606 1646 1692 1721 1734 1925 1932 2011 2050 2060 2138 2146 2199 2307 2449 2471
19 217 218 776 821 862 992 1006 1089 1222 1342 1394 1652 1718 1959 2230 2323
20 189 256 282 293 305 469 495 642 651 653 663 768 937 944 1184 1361 1634 1819 1827 1878 2203 2407 2431
21 136 205 424 434 688 701 808 836 847 915 1032 1040 1328 1379 1555 1675 1687 1714 1809 1812 1904 2004 2032 2224 2247 2321 2368 2444
22 31 220 441 657 955 1097 1157 1173 1374 1489
23 29 35 77 99 239 294 338 369 451 455 538 541 594 696 736 748 758 767 796 902 1029 1076 1231 1241 1644 1645 1705 1912 1951 1976 2012 2085 2090 2283 2292 2314 2451
24 56 71 104 124 170 255 263 300 387 429 454 571 637 680 702 733 749 823 877 910 953 1008 1084 1133 1169 1226 1268 1285 1298 1484 1602 1701 1709 1733 1905 1965 2036 2081 2123 2211 2225 2300 2357 2380 2409 2422 2429 2483 2486
26 59 64 80 156 158 254 314 384 414 480 511 554 605 666 779 969 983 1012 1118 1206 1289 1537 1581 1607 1695 1762 1858 1862 1873 1875 1978 2064 2082 2099 2197 2215 2265 2274 2441 2466 2468
27 269 285 353 425 585 591 622 770 870 888 897 975 1151 1162 1274 1307 1363 1373 1387 1433 1485 1566 1574 1601 1603 1626 1647 1665 1747 1788 1803 1838 1893 1894 1974 1995 2031 2038 2078 2295 2328 2362 2388 2433 2447 2461 2494
28 84 146 248 271 322 406 522 635 980 1197 1297 1335 1378 1416 1514 1534 1604 2002 2217 2417
30 152 214 355 777 881 1204 1344 1658 1688 2344
32 208 259 260 278 329 453 456 481 517 544 549 586 609 718 734 940 1036 1294 1318 1361 1365 1560 1572 1630 1659 1677 1705 1732 1785 1787 1801 1891 1927 2001 2017 2094 2101 2103 2194 2443 2481 2488
33 37 42 175 360 370 378 612 616 769 818 827 985 989 1033 1058 1332 1519 1540 1542 1802 2315 2432
34 398 443 596 866 886 1154 1266 1468 1479 1663 2020 2083 2358 2434 2442
36 88 155 163 247 319 390 460 619 737 1061 1166 1282 1348 1384 1435 1457 1752 1822 1852 1913 1916 2048 2129 2377
38 78 230 339 432 504 520 574 706 725 802 909 944 1046 1070 1079 1293 1481 1575 1835 2008 2176 2233 2278 2301 2403 2404 2474
39 61 85 128 286 334 431 439 442 463 464 472 675 826 964 1039 1090 1137 1148 1164 1193 1271 1322 1350 1359 1389 1483 1506 1539 1558 1570 1584 1605 1643 1656 1683 1703 1973 1985 2023 2057 2095 2114 2324 2325 2401 2430 2473
40 206 265 357 513 567 1038 1315 1442 1629 2296
41 509 575 587 654 1235 1390 1953 1999 2015
43 349 437 661 754 774 946 1069 1429 1551 1915 2106
45 225 274 347 381 750 863 1044 1057 1074 1270 1356 1463 1736 1901 2113 2299 2462
46 155 201 262 477 611 690 744 766 800 843 896 907 924 1056 1075 1101 1114 1170 1178 1186 1192 1299 1421 1434 1439 1443 1446 1504 1583 1618 1712 1765 1782 1799 1877 1889 1902 1906 1918 2019 2125 2170 2209 2350 2365 2366 2399 2480
47 72 105 153 180 289 485 882 905 1009 1017 1177 1224 1238 1419 1621 1654 1963 1969 2009 2039 2075 2077 2465
48 174 323 382 427 623 837 932 967 1073 1661 1702 1753 2119 2133 2208
49 50 117 226 306 552 814 879 951 1026 1039 1042 1168 1244 1412 1417 1473 1517 1696 1796 2007 2154 2381 2411
52 295 703 1237 1258 1325 1403 1405 1426 1441 1499 1526 1674 1719 1740 1774 1898 2035 2145 2172 2311 2331 2492
53 123 140 183 280 289 299 374 601 647 707 861 959 978 984 1015 1109 1269 1272 1343 1415 1805 1856 1954 1991 2046 2116 2137 2148 2294 2452 2491
54 302 893 929 981 1276 1364 1600 1708 1977 2033
55 62 172 224 235 272 603 1302 1331 1546 1768 1832 1946 2059 2132 2187 2221
60 96 135 241 313 474 631 673 678 684 695 819 990 1077 1086 1227 1340 1395 1451 1488 1494 1522 1524 1528 1625 1632 1772 1848 1869 1872 1951 2185 2241 2259 2317 2375 2484
63 68 138 192 244 249 266 361 405 411 428 467 510 558 589 602 613 682 716 846 868 887 935 938 974 977 1083 1134 1198 1209 1368 1385 1478 1561 1571 1680 1813 1892 1966 2013 2089 2192 2207 2216 2260 2326 2343 2347 2410
65 273 312 488 662 665 674 794 900 972 1132 1143 1199 1202 1424 1541 1784 1981 2105 2112 2330
66 231 326 328 348 471 526 530 644 751 963 1002 1099 1110 1171 1207 1311 1383 1400 1444 1486 1544 1569 1767 1776 1795 1817 1840 1928 2024 2097 2118 2423 2475
67 154 207 327 371 408 423 532 797 825 883 986 1043 1130 1263 1320 1538 1579 1582 1652 1664 1720 1900 2016 2088 2205 2231 2383
69 335 646 712 947 1095 1306 1425 1498 1673 1972 2022 2141 2180 2188 2304 2425 2490
73 114 181 184 372 638 652 1308 1940 2270 2312
74 141 250 257 365 399 446 496 697 784 822 1018 1085 1112 1124 1203 1283 1304 1317 1321 1352 1375 1437 1455 1592 1636 1758 1804 1816 1899 1952 1998 2010 2117 2202 2254 2276 2341 2356 2379 2469 2476
75 79 97 548 639 759 998 1000 1080 1353 1724 2302
81 115 283 600 624 1303 1503 1640 1921 2072
82 256 261 385 404 422 457 576 848 925 996 1013 1211 1225 1406 1508 1590 1711 1715 1728 1864 1929 1933 1964 2309 2313 2319 2397
83 458 529 534 545 590 683 755 835 952 965 968 976 980 999 1011 1177 1246 1261 1284 1355 1391 1495 1505 1577 1585 1628 1757 1766 1823 1845 1851 1865 1866 1871 2029 2092 2162 2171 2223 2273 2305 2329 2440 2495
87 103 119 309 556 729 954 995 1065 1144 1319 1381 1450 1553 1700 1713 1769 1771 1859 1993 2096 2111 2262 2281 2421 2450
89 205 227 232 252 317 388 421 566 579 604 630 713 753 806 871 892 908 918 957 1022 1059 1323 1377 1453 1461 1631 1781 1825 1883 1936 2183 2196 2303 2338 2355 2390 2414 2478
90 93 109 161 202 386 410 512 709 803 1694 1738 1920 1996
91 190 268 310 598 617 677 722 724 764 907 979 1025 1102 1333 1338 1501 1559 2014 2040 2140 2151 2161 2189 2316 2384
94 112 131 182 193 325 473 583 704 720 1027 1063 1156 1326 1513 1549 1671 1741 1820 1850 2030 2150 2372 2419
95 279 494 500 561 650 962 1108 1288 1510 1516 1754 1770 1800 1874 2184 2387
98 176 234 337 376 555 581 903 956 1150 1153 1185 1280 1670 1686 2008 2037 2051 2121 2398 2405 2408 2416
100 264 416 444 447 668 812 923 932 1159 1277 1327 1360 1564 1678 1833 2153 2168 2334 2393
101 121 171 186 200 519 780 792 834 1172 1423 1471 1576 1633 1750 1886 2018 2155 2195 2412
102 212 270 281 320 346 403 492 508 515 634 708 809 854 869 1239 1346 1480 1552 1597 1722 1987 2026 2336 2439
106 198 203 333 341 723 798 906 914 1136 1245 1427 1472 1474 1580 1594 1735 1759 1764 1896 1908 1984 2175 2181 2353
108 118 194 240 351 501 741 1196 1357 1396 1440 1487 1532 1860 1914 2135
111 137 165 333 816 1041 1397 1512 2043 2258
116 303 383 393 503 640 746 807 1045 1155 1215 1254 1309 1372 1411 1436 1681 1810 1837 1961 2131 2178 2285 2310 2364 2428 2463 2482
122 219 331 516 533 572 756 795 970 1149 1339 1393 1402 1469 1530 1586 1615 1760 1815 1939 2167 2193 2306 2352
125 159 168 210 243 340 379 446 573 584 618 625 627 628 772 775 778 824 842 1122 1138 1291 1334 1358 1445 1470 1556 1562 1578 1727 1751 1807 1843 1863 1885 1986 2073 2084 2143 2496
127 209 221 229 292 330 352 539 570 656 698 699 916 973 1131 1273 1316 1345 1354 1407 1511 1657 1682 1697 1748 1786 1821 1907 2034 2062 2249 2268 2277 2288 2290 2367 2386
130 377 394 560 649 659 890 1420 1620 1729 1737 2229 2346
132 345 490 727 1349 1362 1401 1518 1853 1919 2070 2289 2392
133 568 705 717 912 958 1107 1174 1310 1587 2006 2042 2052 2456
134 139 149 179 242 344 402 445 502 540 655 671 685 730 742 874 939 1049 1104 1129 1160 1165 1250 1278 1431 1467 1613 1616 1623 1756 1829 1831 1857 1897 1955 2124 2363 2395 2440 2485
139 195 216 284 336 461 486 643 799 1030 1229 1790 1811 1923 2190 2361
142 484 629 689 694 735 859 1051 1917 1922 1931 2044 2068 2200 2244 2256
143 166 170 191 211 223 258 288 316 430 542 565 626 680 760 785 841 911 988 1134 1140 1190 1234 1262 1279 1392 1573 1589 1598 1619 1648 1780 1818 1824 2021 2045 2067 2087 2104 2128 2142 2201 2202 2236 2308 2424 2437 2446 2467 2479
144 160 238 363 507 562 592 691 719 875 934 1014 1072 1092 1093 1128 1201 1236 1256 1493 1520 1523 1595 1742 1846 1888 1936 1948 2110 2120 2204 2219 2243 2337 2394 2415 2448
145 178 546 739 864 960 1062 1182 1410 1666 1937 2086 2252 2322 2369 2373
148 169 237 246 367 609 721 740 1230 1610 1926 1982 2156 2237 2298 2445
150 199 267 401 781 875 933 1024 1380 1388 1464 1698 1755 1775 2115 2269 2427
151 215 449 493 525 982 1003 1078 1141 1370 1545 1679 1707 1726 1793 1868 1911 2047 2251 2255 2327 2332 2333 2400 2453
164 291 412 569 1477 1637 1641 1842 2136 2159 2160 2198 2228 2238 2293
185 375 391 470 536 607 610 904 961 966 1005 1047 1054 1088 1106 1124 1232 1506 1568 1731 1841 1943 2003 2041 2079 2158 2163 2240 2263 2297 2320 2360 2370 2382 2389
187 204 245 356 433 895 993 1081 1210 1216 1281 1341 1458 1706 1730 2157
188 580 692 782 791 820 899 917 950 1286 1502 1533 1599 1743 1990
188 228 465 564 658 664 726 763 832 855 867 930 1019 1037 1189 1257 1275 1414 1452 1476 1527 1543 1668 1704 1749 1826 1828 1895 1934 1941 1970 2318 2349
196 276 392 608 833 885 1432 1550 1691 1710 1721 2213 2271 2489
213 307 373 462 497 505 620 667 849 1050 1103 1127 1507 1591 1611 1669 1808 1949 2239 2286 2420
222 804 817 878 889 901 919 1001 1060 1083 1191 1259 1351 1649 1789 1884 2093 2134 2214 2220 2242 2470 2500
233 367 468 543 550 621 838 1447 1717 1830 1890 1945 1971 2025 2234 2371 2396
236 321 407 426 588 922 1035 1151 1267 1369 1459 1535 1614 1653 1797 2071 2179 2253 2487 2499
251 297 466 478 553 614 710 734 789 884 1158 1295 1448 1465 1746 1903 1956 2053 2091 2102 2206 2498
290 593 672 731 738 853 948 994 1020 1028 1212 1382 1428 1438 1536 1655 1685 1909 1950 1980 2139 2212 2218 2291 2345 2374 2459 2497
324 368 389 595 606 801 865 1219 1242 1305 1876 2266
342 440 633 762 829 831 920 1010 1117 1301 1521 1806 1880 2261 2351 2436
343 409 448 1466 1509 1777 1870 1958 1994 2164 2232
350 358 362 364 479 578 845 936 943 945 1052 1116 1120 1142 1371 1500 1515 1608 1739 1924 2107 2275
498 641 894 913 1021 1314 1460 1642 1761 1773 1957
557 788 858 931 1180 1220 1336 1612 2108 2177 2191
597 1115 1135 1187 1205 1249 1260 1548 1563 1627 2054 2174 2284 2378 2460
669 743 793 857 1091 1126 1573 1855 2186 2226 2340 2376
971 1034 1635 1672 1676 1744 1778 1935 1957 2098 2339
2501 2557 2595 2749 2762 2890 2904 3023 3047 3194 3296 3360 3438 3473 3474 3477 3529 3634 3670 3870 3884 3970 3987 3997 4004 4055 4084 4136 4267 4338 4359 4551 4571 4649 4666 4808 4891 4909 4915 4926 4999
2502 2543 2556 2594 2769 2953 2972 3250 3377 3475 3681 3725 3869 3990 4053 4233 4262 4332 4463 4568 4623 4956 4974
2503 2568 2644 2674 2757 2789 2810 2891 3077 3126 3143 3196 3205 3207 3343 3429 3522 3547 3638 3728 4052 4075 4159 4207 4271 4284 4493 4559 4596 4640 4658 4711 4801 4844 4988
2504 2583 2608 2627 2700 2728 2730 2801 2820 2936 3302 3305 3436 3526 3699 3719 3792 3973 4011 4048 4057 4093 4297 4406 4504 4606 4644 4857 4952
2505 2551 2612 2652 2818 2833 2991 3020 3056 3058 3062 3080 3243 3423 3509 3530 3567 3855 4016 4039 4171 4212 4242 4346 4472 4760 4777 4806 4870
2506 2653 2709 3214 3283 3798 3826 3991 4316 4757
2507 2550 2639 3015 3038 3486 3604 4017 4227 4340 4431 4440 4543 4546 4619 4710 4936
2508 2542 2573 2589 2615 2625 2680 2714 2745 2785 2796 2835 2920 2945 3063 3096 3113 3236 3284 3324 3331 3333 3335 3471 3578 3646 3766 3789 3843 3891 3977 4368 4403 4480 4540 4622 4704 4776 4794 4840 4887 4945 4977 4980
2509 2558 2679 2692 2727 2731 2758 2954 3139 3163 3164 3257 3368 3584 3777 3829 4105 4111 4113 4114 4216 4421 4470 4694 4907 4932 4933 4944
2510 2662 2768 3078 3410 3515 3625 3632 3794 4146 4262 4357 4370 4507 4775 4827
2511 2553 2565 3334 3729 3819 3909 4031 4050 4076 4384 4880
2512 3176 3437 3448 3462 3749 4184 4286 4315 4388 4464 4636
2513 2546 2609 2667 2782 2808 2895 3003 3007 3018 3119 3183 3240 3309 3312 3350 3364 3406 3438 3442 3466 3664 3727 3824 3856 4026 4081 4100 4181 4345 4349 4418 4432 4435 4509 4660 4663 4686 4768 4901 4948
2514 3434 3467 3489 3520 3645 3986 4186 4488 4673 4841
2515 2530 2548 2581 2613 2621 2848 2862 2871 2873 2900 3021 3151 3179 3266 3345 3366 3412 3450 3581 3592 3642 3672 3691 3720 3772 3773 3783 3930 3935 3993 4010 4040 4046 4163 4197 4255 4328 4364 4379 4449 4454 4508 4539 4562 4566 4625 4650 4921 4929
2516 2596 2677 2763 2856 2944 2949 2951 2957 3094 3108 3294 3416 3635 3708 3808 3969 4078 4203 4217 4289 4474 4548 4553 4581 4699 4728 4791 4902 4955
2517 2527 2591 2634 2666 2697 2743 2766 2767 2793 2882 2885 2922 2984 3128 3130 3265 3321 3579 3609 3686 3861 3924 3947 4025 4051 4116 4143 4239 4415 4458 4486 4579 4601 4652 4674 4684 4703 4819 4860
2518 2580 2646 2647 2703 2734 3188 3235 3239 3361 3374 3433 3513 3594 3690 3835 3900 4030 4572 4713 4918
2519 2610 2619 2688 2816 2821 2901 2934 3004 3073 3191 3203 3349 3449 3487 3518 3590 3833 3877 3921 3930 3959 4041 4056 4179 4187 4222 4350 4396 4647 4689 4709 4712 4897 4914 4941
2520 2682 2694 2726 2760 2899 2950 2993 2995 3091 3228 3238 3267 3363 3365 3447 3528 3533 3602 3610 3796 3836 3871 3874 3899 3901 4020 4112 4150 4353 4510 4573 4583 4604 4613 4616 4763 4771 4772 4780 4781 4861 4956
2521 3161 3362 3679 3775 3788 4175 4523 4731 4810
2522 2538 2685 2777 2823 2824 2878 2912 2937 3048 3069 3072 3246 3310 3399 3445 3464 3493 3662 3665 3684 3745 3768 3858 3883 3920 4012 4049 4065 4120 4194 4237 4251 4306 4319 4451 4518 4550 4628 4629 4671 4683 4695 4764 4790 4821 4825 4826 4881
2523 2586 2623 2809 3553 3787 3983 4096 4224 4249 4839
2524 2588 2597 2626 2686 2710 2837 2900 2967 3025 3036 3115 3174 3337 3451 3532 3629 3714 3893 3896 3897 3906 3979 4042 4066 4087 4121 4128 4141 4155 4245 4402 4428 4492 4593 4607 4632 4665 4682 4723 4730 4769 4814 4849 4879 4889 4951
2525 2864 3422 3455 3510 3709 3780 3946 4005 4018 4190 4292 4389 4844 4871
2526 2584 2590 2638 2704 2780 2874 2921 2981 2997 3030 3092 3140 3141 3190 3282 3421 3692 3696 3853 4071 4082 4383 4445 4693 4820 4990
2528 2636 2942 2952 3159 3165 3730 4201 4278 4367 4718
2529 2673 2715 2841 2846 2852 2938 3076 3172 3213 3304 3408 3502 3556 3698 3700 3721 3767 3786 3848 3868 4074 4104 4172 4220 4270 4294 4356 4499 4521 4582 4608 4719 4838 4917 4942 4947
2531 2539 2560 2578 2606 2819 2868 2888 2896 3074 3110 3178 3323 3402 3414 3443 3457 3481 3558 3661 3916 4307 4804 4806 4818 4845 4965
2532 2575 2607 2827 3016 3116 3166 3241 3341 3383 3411 3573 3620 3683 3701 3739 3754 3810 3822 3832 3936 3942 4247 4296 4390 4405 4487 4846 4886 4893 4899 4968
2533 2805 2908 3261 3387 3456 3799 3904 4002 4060 4387 4414 4466 4574 4588 4675 4701 4773 4862 4983
2534 2571 2702 2753 2792 3120 3184 3271 3319 3347 3419 3497 3548 3569 3589 3596 3621 3626 3840 3887 3964 3975 4003 4174 4195 4272 4299 4313 4392 4450 4456 4545 4754 4800 4868 4885 4960 4970
2535 2633 2943 3117 3232 3332 3388 3607 3637 3854 3945 4135 4412 4554 4576 4672 4939 4998
2536 2725 2741 2764 2986 2992 3055 3071 3252 3346 3385 3589 3636 3802 3817 3880 3972 4054 4058 4070 4091 4137 4160 4226 4253 4259 4378 4438 4469 4498 4544 4599 4850 4863 4867 4908 4927 4993
2537 2602 2720 2806 3135 3220 3404 3495 3805 3857 4317 4363 4441 4577 4615 4721 4979
2540 2717 2797 2931 3005 3101 3171 3316 3342 3503 3598 3663 4678 4847 4856 4934 4978
2541 2628 2656 2671 2964 3155 3339 3370 3546 3795 4323 4590 4597 4746
2544 2570 2642 2857 3075 3358 3534 3559 3628 3769 3814 3950 3988 4202 4512 4659 4938 4991
2545 2551 2701 2923 2925 2927 3011 3012 3069 3123 3146 3298 3306 3348 3472 3482 3570 3574 3707 3785 3818 3841 3872 3946 4012 4033 4127 4130 4144 4180 4214 4333 4347 4439 4459 4552 4587 4610 4648 4702 4740 4741 4778 4822 4859 4919 4957
2547 2606 2947 3045 3061 3104 3133 3169 3218 3290 3303 3554 3563 3643 3710 3809 3891 3902 3903 3919 3922 3944 4013 4119 4151 4209 4330 4373 4508 4531 4549 4560 4655 4734 4792 4836 4858 4875 4878 4971
2549 2582 2739 2798 2902 2914 2917 3024 3168 3177 3186 3263 3274 3289 3459 3488 3499 3517 3521 3545 3568 3572 3581 3704 3782 3815 3992 4145 4153 4189 4200 4238 4303 4372 4408 4420 4534 4586 4634 4671 4692 4707 4724 4764 4774 4967 4982
2552 2828 2971 3031 3198 3264 3371 3478 3539 3713 3830 3967 4248 4287 4314 4380 4478 4491 4789 4802 4864
2554 2657 2826 2829 2844 2847 2955 2962 2980 3010 3046 3180 3185 3212 3650 3652 3657 3660 3687 3711 3737 3779 3905 3965 4068 4142 4166 4198 4221 4547 4642 4646 4677 4795 4924 4953
2555 2649 2668 2669 2672 2698 2707 2783 2975 2985 3070 3098 3111 3114 3224 3234 3330 3369 3479 3541 3549 3601 3677 3823 4015 4043 4329 4365 4400 4505 4516 4541 4564 4565 4670 4809 4966 4988
2559 2622 2832 2859 2973 3118 3253 3537 3674 4250 4275 4335 4382 4482 4557 4620 4641 4714 4742 4883
2561 2603 2712 2811 2870 2894 2930 2956 2970 3022 3033 3042 3157 3260 3293 3308 3409 3697 3781 3811 3846 3862 3995 4032 4240 4241 4419 4569 4916
2562 2843 2979 3088 3211 3651 3866 4079 4206 4280 4318 4532 4561 4570 4832
2563 2675 2781 2802 2982 3002 3405 4108 4133 4477 4735 4837
2564 2996 3137 3170 3175 3245 3344 3360 3740 3742 3876 3978 3982 4009 4034 4244 4786 4906 4962 4996
2566 2579 2617 2645 2812 2861 2940 2990 3121 3237 3353 3453 3669 3703 3849 3948 3953 3985 4001 4102 4134 4234 4310 4369 4423 4533 4717 4750 4796 4958
2567 2879 3013 3208 3311 3446 3484 3557 3610 3716 3801 3816 3882 4072 4126 4131 4188 4205 4391 4460 4495 4526 4645 4737 4756 4765 4859 4892 4920 4963 4969
2569 2601 2616 2641 2658 2790 2853 2854 2855 2877 2933 2963 2966 3001 3435 3505 3516 3535 3550 3593 3640 3654 3656 3732 3752 3827 3834 3841 3842 3844 3867 3926 3966 3971 4161 4311 4327 4401 4535 4552 4766 4937 4959 4972 4985
2572 2605 2691 2887 2994 3106 3247 3379 3420 3492 3523 3718 4558
2574 2690 2737 2748 2988 3269 3765 3828 4014 4295 4524
2576 2800 3014 3026 3028 3093 3095 3142 3254 3279 3326 3336 3393 3418 3426 3494 3566 3671 3706 3755 3941 3961 4077 4282 4288 4381 4422 4716 4797 4865
2577 2592 2693 2706 2746 2765 2778 2941 3019 3132 3248 3680 3727 3864 4044 4149 4213 4265 4344 4913
2585 2822 2886 3153 3508 3571 3583 3612 3613 4324 4413 4662 4931 4984
2587 2915 2977 3085 3150 3281 3839 3847 4095 4109 4260 4273 4393 4656 4904
2593 2713 2742 2911 3100 3425 3483 3653 3682 3791 3929 4279 4624 4759 4877 4911
2597 2598 2655 2707 2729 2733 2893 2932 2965 2974 2994 2996 3131 3144 3156 3204 3307 3322 3355 3615 3726 3747 3813 3888 4099 4139 4178 4342 4348 4395 4397 4416 4471 4515 4519 4520 4537 4598 4618 4706 4761 4812 4830 4876 4954 4975 4976
2599 2866 2960 3125 3251 3501 3552 3599 3865 3912 4358 4679 4782 4805
2600 2705 2747 2755 3008 3325 3633 3655 4103 4115 4218 4246 4366 4467 4813 4903
2604 2958 3067 3090 3127 3145 3219 3295 3389 3577 3587 3608 3911 3956 3974 4000 4021 4045 4321 4375 4436 4555 4824 4872
2611 2897 3392 3678 3873 4123 4204 4309 4447 4685 4798 4815
2614 2663 2865 3278 3372 3375 3440 3586 3611 3659 3689 3996 4028 4176 4305 4312 4466 4621 4690 4725 4981 4987 4995
2618 2732 2905 3041 3227 3313 3758 4061 4122 4264 4376 4398 4680 4722 4803
2620 2630 2716 2903 2909 3081 3221 3276 3292 3391 3415 3469 3480 3617 3736 3907 4148 4424 4453 4584 4811 4823 4925
2624 2648 2683 2803 2850 2860 3831 4140 4193 4223 4481 4835
2629 2660 2676 2787 2918 2926 3083 3199 3225 3277 3658 3666 3806 3915 3923 4059 4063 4110 4157 4232 4443 4473 4528 4532 4602 4816 4935 4961 4994
2631 2779 2807 2875 3040 3043 3158 3200 3249 3275 3285 3381 3397 3465 3712 3776 3837 3917 3989 4064 4362 4426 4442 4556 4668 4896
2632 2635 2711 3193 3403 3542 3693 3746 4170 4433
2637 2651 2788 2799 3082 3524 3542 3695 3722 3980 4177 4261 4337 4371 4842
2640 2654 2699 2723 2761 2786 2867 2892 2906 3009 3167 3192 3206 3217 3351 3400 3444 3514 3540 3543 3562 3743 3761 3774 3776 3812 4024 4165 4192 4193 4326 4341 4386 4489 4509 4611 4614 4691 4729 4829 4834 4866 4894 4912 4986
2643 2650 2838 2983 3086 3300 3431 3504 3619 3751 3793 3952 4086 4117 4169 4243 4281 4485 4496 4538 4575 4633
2659 2774 2840 2863 3000 3255 3315 3564 3702 3724 4022 4208 4210 4457 4475 4484 4530 4567 4662 4950
2661 2772 2815 2883 3059 3216 3398 3507 3647 3763 3803 4138 4283 4301 4351 4352 4409 4483 4585 4651 4747 4783 4828 4833 4940 4989
2664 2751 3060 3099 3272 3280 3753 3914 4152 4410 4465 4578 4715 4997
2665 2834 3035 3089 3134 3202 3288 3327 3519 3648 3764 3800 3821 3892 3908 4132 4158 4230 4298 4325 4529 4580 4597 4681 4720
2670 2684 2738 2849 2948 3050 3068 3084 3270 3531 3618 3825 3863 3881 3951 3976 4007 4027 4038 4090 4097 4256 4268 4300 4430 4497 4506 4527 4779 4874
2678 2722 2740 2754 2836 2989 3034 3044 3066 3148 3297 3314 3386 3417 3511 3512 3597 3750 3918 3963 4067 4107 4336 4494 4591 4605
2681 2718 3623 3705 3733 3999 4308 4407 4743 4788
2687 2708 2752 2858 2872 2987 3103 3356 3395 3430 3432 3734 3885 3939 3960 4008 4023 4080 4088 4098 4106 4164 4191 4278 4354 4417 4517 4758 4784 4785 4900
2689 2794 2913 2929 3230 3233 3242 3287 3470 3641 3644 3694 3860 3954 4007 4037 4425 4427 4514 4705 4767 4799 4843
2695 2776 2880 3109 3209 3357 3461 3582 3748 4125 4225 4293 4461 4738 4739 4848 4851 4964
2696 2771 3039 3215 3244 3378 4124 4166 4196 4290 4361 4762
2719 2830 2907 2978 2998 3102 3256 3329 3359 3538 3606 3723 3757 3913 4069 4182 4277 4433 4448 4595 4727 4736 4745 4751 4787 4943 4946
2721 2744 2770 2919 2999 3138 3152 3210 3222 3428 3485 3742 3759 3879 3934 3984 3998 4029 4274 4322 4374 4434 4497 4807 4923
2724 2773 2935 3032 3506 3555 3790 3957 4035 4167 4183 4511 4525 4639 4661 4888
2735 2775 3197 3201 3301 3317 3458 3605 3770 3937 4036 4173 4269 4377 4446 4748
2736 2851 2876 3122 3318 3401 3585 3738 3760 4500 4501 4522 4708 4992 5000
2750 2928 3087 3413 3807 4089 4181 4254 4394 4476
2756 3097 3259 3286 3441 3575 3949 4006 4612 4676 4817 4890
2759 2804 2889 3340 3399 3454 3460 3525 3614 3631 3886 4215 4257 4452 4502 4609 4638
2784 2869 3338 3367 3490 3491 3627 3649 3804 3918 3927 4733 4928
2791 2814 2910 3112 3452 3561 3741 3940 3962 4266 4285 4385 4455 4631 4696 4714 4882
2795 3154 3189 3291 3354 3717 3878 3894 4129 4252 4320 4429 4726
2813 2939 3065 3195 3373 3756 3838 3895 3981 4263
2817 3027 3079 3149 3588 3667 3771 3889 3890 4062 4118 4236 4276 4304 4732 4869 4949
2825 2916 2961 3124 3273 3320 3591 3735 4339 4399 4513 4749 4922 4930
2831 2845 2924 2959 3173 3182 3262 3390 3600 3851 4231 4589 4973
2839 2842 2884 3029 3052 3931 4073 4083 4444 4594 4627 4657 4687 4744 4755
2881 3017 3064 3136 3160 3181 3229 3424 3468 3560 3852 3955 3994 4168 4199 4331 4360 4462 4592 4654 4669 4688 4831
2898 3057 3187 3394 3595 3603 3622 3685 3688 3797 4229 4250 4503 4536 4626 4653 4873 4898
2946 3049 3105 3129 3328 3382 3476 3673 3676 4083 4228 4854 4895
2968 3498 3536 3938 3968 4092 4542 4603 4697 4852 4853 4884 4905
2969 2976 3006 3053 3231 3396 3427 3616 3624 3744 3762 3784 3820 4085 4156 4343 4355 4600 4700 4753 4793
3037 3407 3500 3544 3639 3859 3925 4047 4258 4479 4752
3051 3299 3565 3715 3845 3898 3933 3943 4617 4667 4698
3054 3223 3268 3352 3380 3778 3958 4147 4154 4162 4235
3107 3147 3439 3463 3932 4019 4101 4211 4302 4334
3162 3496 3527 3630 3668 3675 3785 4185 4291 4468 4563 4643 4770 4855
3226 3551 3576 3580 3731 3850 3875 3910 4094 4411 4490 4910
3258 3376 3384 3928 4219 4404 4437 4630 4635 4637 4664
5001 5145 5148 5181 5222 5241 5308 5455 5670 5684 5712 5783 5834 5911 5931 6070 6090 6137 6258 6282 6306 6405 6518 6625 6673 6709 6775 6804 6812 6817 6941 6951 7193 7200 7218 7223 7384 7427 7448 7493
5002 5031 5079 5153 5157 5173 5268 5327 5587 5625 5704 5708 5799 5922 6049 6229 6290 6432 6553 6664 6687 6728 6838 6903 6912 6926 7037 7042 7044 7053 7163 7234 7475
5003 5214 5220 5236 5331 5591 5902 5954 6232 6310 6737 6947 7340
5004 5230 5482 5511 5685 6238 6279 6395 6581 6651 7271
5005 5039 5048 5354 5440 5486 5567 5639 5644 5650 5653 5688 5748 5792 6136 6177 6197 6253 6299 6313 6342 6423 6471 6549 6605 6658 6682 6700 7023 7024 7092 7295 7373
5006 5113 5313 5367 5371 5499 5611 5740 6069 6195 6203 6318 6445 6477 6532 6851 6892 6918 6949 7079 7134 7278 7299 7367 7452
5007 5169 5190 5285 5374 5397 5480 5615 5789 5804 5949 5958 6236 6543 6748 7226 7369 7442 7472
5008 5393 6305 6504 6692 6708 6716 6980 7275 7288
5009 5013 5030 5083 5121 5196 5346 5647 5872 5934 5944 5962 6012 6036 6068 6157 6264 6300 6369 6492 6556 6633 6757 6933 7010 7082 7091 7094 7191 7220 7333 7368
5009 5023 5026 5080 5144 5147 5215 5413 5481 5507 5516 5547 5559 5579 5600 5629 5660 5753 5838 5847 5916 5982 6100 6129 6153 6199 6295 6336 6367 6398 6494 6525 6582 6650 6691 6735 6755 6771 7008 7047 7054 7161 7189 7204 7208 7387 7417 7434 7458 7484
5010 5025 5036 5044 5067 5069 5224 5495 5689 5755 5769 6243 6267 6283 6417 6576 6601 6946 7002 7036 7088 7126 7212 7227 7232
5011 5174 5388 5428 5456 5586 5710 5929 6079 6134
5012 5221 5239 5282 5467 5498 5533 5722 5892 5948 5961 6004 6032 6112 6122 6149 6317 6457 6536 6667 6711 6847 6883 6890 6962 7001 7048 7076 7195 7346 7378 7394 7490
5014 5081 5171 5199 5209 5288 5329 5351 5380 5543 5620 5628 5698 5723 5823 5879 5977 6323 6491 6836 6867 6891 7029 7110 7298 7343 7403 7437
5015 5068 5209 5263 5319 5370 5391 5408 5526 5603 5703 5832 5842 5848 5860 5896 5899 5907 5919 6001 6027 6202 6225 6268 6298 6378 6511 6613 6622 6623 6665 6739 6751 6787 6854 6859 6864 7171 7177 7182 7185 7390 7409 7499
5016 5074 5092 5098 5146 5289 5416 5421 5436 5469 5626 5772 5784 5827 5846 5869 5889 5985 6008 6054 6143 6257 6657 6800 6819 6828 7105 7197 7365 7480
5017 5192 5322 5553 5610 6124 6226 6278 6484 6502 6663 6670 6719 6724 6884 6929 6995 7264 7267 7349
5018 5100 5102 5137 5158 5343 5369 5437 5441 5489 5530 5633 5683 5801 5850 5903 5915 5935 5950 6000 6025 6040 6061 6074 6165 6208 6237 6250 6303 6461 6526 6527 6639 6647 6833 6834 6842 6858 6899 6965 6990 7020 7119 7210 7260 7312 7325 7338 7485 7488
5019 5131 5197 5271 5406 5584 5616 5629 5745 6035 6086 6108 6174 6482 6573 6588 6905 7073 7109 7225 7233 7247 7297 7335
5020 5203 5726 5888 5933 6180 6201 6372 6497 6808 7337
5021 5073 5293 5736 5861 6265 6388 6676 6701 6788 6973 7157 7272 7317
5022 5045 5280 5296 5377 5401 5426 5438 5497 5617 5640 5672 5781 5885 5945 6152 6155 6166 6224 6341 6392 6544 6562 6608 6632 6680 6820 6878 6900 6931 7115 7116 7216 7316 7356 7412 7440
5024 5037 5154 5168 5342 5588 5631 6160 6401 6474 6599 6640 6824 6930 6977 7074 7150 7430 7459
5027 5066 5109 5252 5254 5267 5287 5373 5429 5573 5608 5654 5718 5787 5803 5841 6040 6184 6514 6537 6591 6696 6745 6754 6848 6866 7052 7069 7158 7172 7211 7250 7360 7439
5028 5104 5125 5204 5232 5347 5357 5478 5876 6013 6291 6499 6723 6758 6811 7026 7078 7140 7229 7320
5029 5047 5470 5515 5661 5715 5983 6062 6438 7124 7217
5031 5057 5112 5444 5448 5502 5997 6030 6133 6230 6268 6430 6596 6621 6679 6793 6873 6925 7160 7170 7186 7203 7313
5032 5233 5300 5368 5411 5477 5506 5790 5805 5884 6130 6273 6575 6681 6934 7222 7241 7359 7376 7382 7460
5033 5056 5139 5290 5412 5763 5942 6114 6269 6320 6381 6762 7184 7469
5034 5088 5323 5344 6131 6169 6375 6407 6458 6498 6586 6587 6609 6764 6822 6901 6953 7188 7263
5035 5115 5193 5336 5463 5508 5562 5613 5621 5741 5897 5996 6120 6154 6293 6456 6678 6731 6741 6781 6856 6917 6967 6969 7004 7075 7236 7419
5038 5119 5364 5468 5575 5707 5815 5849 5882 5943 6158 6219 6403 6462 6495 6643 6734 6777 6875 6966 7270 7407 7422
5040 5086 5138 5218 5349 5812 6524 6746 6802 7077 7277 7357
5041 5127 5149 5229 5251 5269 5294 5387 5432 5513 5514 5518 5535 5549 5595 5627 5677 5721 5775 5831 5893 5927 6101 6116 6139 6140 6167 6261 6277 6359 6475 6597 6635 6671 6714 6964 7055 7061 7130 7215 7258 7265 7266 7345 7371 7444 7455 7496
5042 5178 5302 5338 5632 5788 5872 5965 6151 6161 6193 6281 6308 6798 6862 6881 6938 7040 7087 7102 7112 7136 7280 7353 7375 7476
5043 5458 5676 5887 6217 6489 6636 6646 6727 6813 7146 7372 7392
5046 5101 5132 5202 5466 5519 5590 5623 5743 5819 6002 6024 6095 6248 6254 6280 6345 6414 6418 6440 6443 6468 6539 6546 6783 6806 6863 6897 7103 7107 7117 7148 7198 7322 7326 7341
5049 5063 5226 5376 5648 5680 5909 5928 6075 6098 6156 6285 6289 6437 6449 6469 6645 6653 6791 6876 7018 7395 7463
5050 5089 5435 5528 5811 5868 6041 6150 6286 6464 6574 6674 6805 6937 7478
5051 5184 5392 5735 5786 5976 6183 6531 6590 6844
5052 5492 5524 5532 5576 5589 5695 6088 6138 6159 6292 6349 6470 6669 6688 6763 6861 6923 7030 7057 7108 7205 7348
5053 5170 5201 5557 5643 5866 5906 5956 5995 6448 6547 6720 6913 7046 7155 7173 7245
5054 5248 5249 5361 5383 5750 5855 5999 6996 7019 7095 7415
5055 5150 5194 5205 5211 5256 5274 5291 5292 5580 5791 6034 6065 6107 6198 6220 6235 6244 6329 6352 6479 6483 6558 6572 6630 6703 6715 6792 6832 6907 6911 6939 6954 7051 7084 7168 7242 7251 7306 7311 7433 7473
5058 5352 5493 5662 5816 5875 6053 6113 6377 6380 6442 6519 6555 6730 6928 7056 7067 7152
5059 5235 5273 5312 5328 5636 5638 5641 5802 5877 5971 6060 6147 6213 6459 6534 6604 6619 6644 6705 6717 6736 6807 6820 6837 6840 6852 6986 7090 7133 7183 7209 7494
5060 5353 5527 5663 5673 5967 6146 6266 6506 6542 6579 6694 6778 6889 6895 7199 7302 7454
5061 5108 5245 5449 5460 5503 5561 5565 5601 5830 5843 5861 5937 5959 6026 6057 6080 6179 6260 6296 6343 6361 6444 6535 6776 6827 6904 6984 7041 7221 7321 7354
5062 5172 5427 5531 5568 5729 5870 5936 5972 6077 6284 6339 6408 6409 6420 6618 6880 6968 7013 7081 7085 7093 7101 7213 7238 7385 7497
5063 5143 5223 5655 5754 5760 5874 5952 6021 6176 6221 6256 6455 6516 6528 6538 6888 6992 7034 7132 7244 7393
5064 5076 5128 5180 5227 5334 5390 5418 5430 5472 5505 5536 5583 5596 5635 5696 5719 5785 5817 5854 5993 6010 6037 6058 6247 6314 6399 6416 6460 6552 6566 6660 6712 6835 6886 6894 6958 6983 7072 7099 7253 7347 7364 7398 7406 7445 7456 7465 7492 7500
5065 5165 5206 5253 5299 5446 5464 5581 5702 5829 5873 6404 6413 6513 6589 6661 7089 7178 7249 7324 7423 7447
5070 5116 5283 5315 5317 5471 5488 5535 5597 5651 5656 5739 5768 5980 6031 6042 6163 6234 6245 6255 6338 6365 6503 6548 6561 6571 6702 6760 6784 6789 6799 6825 6843 7027 7070 7164 7286 7290 7370 7405 7408 7426 7441
5071 5208 5301 5375 5574 5746 5795 5914 5974 6085 6091 6182 6242 6259 6262 6331 6474 6510 6686 6857 6974 7031 7141 7268 7453 7486
5072 5097 5161 5340 5422 5606 5667 5679 5691 5716 5844 5951 6001 6324 6366 6371 6393 6397 6453 6460 6626 6725 6770 6961 7143 7283 7386 7451
5075 5099 5225 5389 5445 5474 5566 5749 5840 5947 5988 6029 6066 6096 6387 6493 6627 6695 6697 6782 7284
5077 5179 5243 5537 5619 5730 5759 5863 5913 6419 6452 6752 6761 6794 7035 7165 7261 7461
5078 5118 5318 5350 5385 5407 5410 5415 5512 5540 5585 5604 5711 5886 5940 5986 6003 6039 6097 6344 6346 6415 6598 6611 6628 6652 6726 6773 6803 6872 6910 6915 6968 7014 7039 7114 7159
5082 5103 5188 5307 5333 5434 5793 5798 5891 5918 5920 5925 5975 6006 6099 6192 6231 6312 6648 6689 6749 6753 6790 6821 6895 6956 6972 7005 7274
5084 5111 5177 5356 5453 5737 6064 6288 6434 6594 6774 6936 7017 7059 7352 7362 7481
5085 5200 5330 6128 6189 6196 6350 6675 6893 6963
5087 5106 5155 5266 5286 5298 5306 5311 5355 5439 5487 5529 5563 5572 5618 5659 5693 5714 5727 5742 5757 5778 5780 5836 5896 5969 5984 5994 6019 6056 6081 6211 6233 6252 6321 6406 6424 6512 6614 6631 6685 6935 6955 7122 7174 7240 7261 7325 7474
5090 5475 5483 5485 5544 5598 5701 6022 6330 6358 6389 6402 6567 6750 6991 7007 7060 7308 7329
5091 5213 5360 5379 5542 5624 5747 5775 5794 5871 5895 5926 5953 5964 6092 6119 6126 6168 6204 6333 6383 6441 6564 6595 6945 6987 7009 7045 7144 7149 7179 7248 7479
5093 5238 5270 5381 5417 5767 5776 5941 5992 6023 6103 6170 6334 6411 6451 6488 6496 6523 6577 6638 6655 6656 6662 6768 6818 6932 7180 7291 7366 7432
5094 5110 5130 5286 5337 5387 5484 5490 5494 5642 5759 5957 5981 6009 6082 6083 6110 6325 6342 6374 6425 6436 6530 6540 6560 6578 6652 6677 6713 6902 6997 7093 7128 7239 7279 7355 7363 7429 7477
5095 5114 5207 5295 5325 5339 5365 5457 5521 5523 5551 5592 5692 5720 5744 5762 5800 5845 6093 6094 6172 6270 6386 6509 6583 6585 6602 6624 6999 7032 7062 7111 7167 7169 7256 7404
5096 5159 5162 5189 5525 5552 5582 5607 5664 5732 5758 5900 5939 6206 6209 6431 6529 6943 7323 7332
5105 5405 5657 5671 5970 6117 6322 7038 7175 7300 7315 7411
5107 5164 5316 5690 5751 6017 6363 7086 7106 7330
5114 5126 5167 5217 5219 5372 5403 5443 5491 5510 5558 5571 5602 5634 5652 5666 5770 5820 5850 5865 6071 6076 6164 6187 6301 6307 6348 6603 6634 6794 6823 6830 6850 6885 6978 7012 7043 7063 7125 7127 7276 7377 7389 7413 7435 7438
5117 5135 5240 5244 5554 5681 5842 5856 5898 6005 6012 6127 6246 6435 6551 6573 6759 6809 6916 6970 6993 7006 7071 7153 7207 7224 7327 7380 7470
5120 5257 5345 5419 5771 5989 5991 6275 6699 6797 6826 7113
5122 5152 5420 5555 5649 5809 5938 6047 6450 6476 6501 6616 6870 7467
5123 5228 5314 5509 5546 5782 6028 6043 6162 6227 6356 6426 6541 6780 6887 6952 7058 7139 7166 7231 7292 7471
5124 5237 5409 5451 5880 6144 6319 6487 6721 7156 7235 7257 7410
5129 5141 5247 5462 5674 6046 6181 6186 6287 6294 6376 6446 6480 6666 7255 7358 7416 7450
5133 5476 5731 5761 6105 6486 6500 6533 6559 6584 6592 6732 6742 6772 7066 7254 7414 7449
5134 5297 5700 6063 6121 6123 6412 6698 6975 7135 7219
5136 5166 5242 5276 5341 5363 5452 5658 5675 5756 5810 5955 5987 6142 6215 6297 6427 6642 6785 7003 7147 7273 7428
5140 5198 5279 5304 5705 5828 5979 6106 6118 6315 6328 6385 6391 6940 7381 7462
5142 5258 5348 5366 5386 5764 5858 5912 5990 5998 6148 6191 6396 6570 6683 6729 6744 6853 6865 6950 7068 7121 7138 7301
5151 5278 5304 5614 5694 5706 5815 5818 5821 5878 5881 5923 6033 6067 6214 6216 6222 6327 6335 6360 6362 6368 6779 6796 6879 6908 6922 6989 6994 7214 7342
5156 5182 5262 5396 5541 5599 5612 5796 5946 6111 6326 6428 6517 6563 6747 7097 7483
5160 5195 5310 5773 5822 6309 6505 6988 7118 7285 7379
5163 5320 5378 5734 5779 5824 6014 6050 6087 6115 6465 6490 6649 6738 6914 7033 7096 7131 7181 7196 7237 7304 7436
5175 5255 5309 5335 5362 5408 5425 5461 5483 5857 5862 6007 6102 6171 6207 6223 6311 6337 6463 6478 6521 6557 6600 6659 6668 6684 6690 6839 6868 6874 6896 6906 7154 7294 7399 7420 7446 7468 7489
5176 5284 5395 5697 5910 6089 6132 6272 6332 6957
5183 5259 5605 5609 5932 6178 6447 6485 6846 7151 7259
5185 5442 5556 5560 5686 5766 5813 5837 5852 5917 5963 6051 6410 6580 6610 6637 6654 6795 6855 6860 7202 7215 7289
5186 5281 5797 5808 6052 6135 6218 6444 6515 6816 6869 6909 6948 6985 7190 7424 7431 7466
5187 5250 5303 5305 5394 5454 5538 5725 5867 5973 6239 6340 6357 6390 6400 6520 7282 7388
5191 5313 5321 5433 5806 5826 5859 6044 6205 6212 6472 6554 6704 6756 6769 6810 7021 7192 7206 7331 7487
5210 5382 5400 5901 6011 6018 6084 6617 6849 7230 7287 7339
5212 5459 5539 5565 6228 6240 6569 6829 6924 7049 7137 7176 7302 7418
5216 5545 5678 5814 6370 6507 6641 7145 7228 7293 7310 7344 7350 7374 7397 7401
5231 5423 5570 5594 5713 5724 6353 6473 6599 6841 6898 6959 6960 6979 6981 7011 7064 7100 7334
5234 5264 5398 5402 5465 5473 5534 6175 6620 6707 6944 7129 7243 7318 7336 7400
5246 5504 5522 5566 5578 6188 6241 6545 6550 6743 7351 7428
5260 5479 5645 5738 5864 5921 6078 6316 6382 6433 6481 7080 7194 7309
5261 5501 5709 5717 5833 6059 6145 6394 6607 6814 6831 7303 7464
5265 5272 5326 5450 5550 5637 5668 5825 5835 5890 5960 6048 6422 6466 6503 6706 6710 7083 7142 7281 7305 7314 7491
5275 5517 5883 6015 6173 6249 6263 6615 6733 6740 7016 7319 7383 7391
5277 5622 5699 5774 5851 5894 5904 6304 6347 6351 6384 6672 6921 7246 7296 7425
5324 5359 5496 5548 5587 5593 5682 5733 5807 5968 5978 6038 6055 6073 6104 6141 6194 6251 6274 6295 6355 6373 6421 6454 6508 6522 6565 6634 6693 6765 6786 6845 6919 6927 6942 6976 7350 7396 7402 7421 7457 7482 7495
5332 5358 5384 5520 5577 5677 5966 6302 6606 6722 6767 6815 6871 6882 6982 7104 7120
5399 5414 5924 6020 6200 6276 6364 6718 6801 6998 7015 7050 7262 7361
5404 5500 5564 5630 5765 5839 5905 5908 6016 6045 6072 6125 6271 6429 6568 7025 7028 7065 7187 7307 7443
5424 5646 6185 6467 6612 6629 6877 6971 7000 7098
5431 5569 5665 5687 5853 5930 6109 6190 6920 7162 7252 7269
5447 5669 5728 5752 5777 6210 6354 6379 6439 6593 6766 7022 7123 7201 7328 7498
7501 7600 7629 7636 7695 7983 8440 8482 8580 8618 8643 8818 8837 8964 9112 9157 9244 9271 9324 9389 9649 9656 9693
7502 7560 7615 7617 7754 8047 8107 8154 8531 8543 9181 9312 9501 9509 9549 9630 9839 9874
7503 7618 7621 7759 7903 7928 7955 8030 8264 8346 8356 8475 8616 8621 8787 8822 8835 8853 8981 9033 9104 9149 9263 9297 9575 9627 9753 9777 9815 9842 9861 9958 9976
7504 7511 7715 7871 7886 8015 8208 8332 8481 8573 8745 8973 9054 9131 9270 9310 9391 9531 9938
7505 7506 7513 7650 7698 7781 8140 8198 8214 8243 8430 8454 8496 8576 8674 8800 8874 9260 9280 9362 9588 9713 9830 9866 9965
7507 7532 7581 7700 7828 8005 8067 8234 8451 8518 8798 8876 9041 9180 9236 9635 9779 9886 9929 9931
7508 7673 7716 7860 8435 8833 8903 9000 9018 9293 9392 9405 9552 9576 9672 9822 9903 9940 9957
7509 7533 7552 7882 7940 8113 8122 8148 8159 8203 8342 8463 8638 8941 8991 9226 9306 9429 9441 9561 9579 9652 9849 9857 9956 9995
7510 7640 7798 7891 8139 8434 8533 8561 8812 8875 8968 9159 9194 9223 9312 9339 9377 9511 9520 9605 9634 9879 9895
7512 7770 7846 7894 8134 8223 8259 8286 8486 8545 8659 8663 8688 9102 9172 9196 9283 9564 9653 9953
7514 7553 7656 7760 7778 7847 7895 7900 8295 8392 8437 8671 9013 9114 9288 9323
7515 7680 8382 8698 8702 8863 9081 9364 9484 9609 9816 9853 9858
7516 7526 7531 7569 7909 8318 8432 8478 8658 8767 8778 8962 9052 9125 9126 9175 9229 9290 9480 9681 9930
7517 7535 7713 7736 7763 7797 7988 8125 8433 8468 8488 8634 8728 8882 8933 9020 9134 9176 9187 9281 9341 9519 9527 9543 9578 9615 9671 9722 9740 9786 9791 9964
7518 7567 7669 7690 7718 7765 7933 7942 7977 8045 8095 8101 8161 8175 8238 8270 8292 8316 8397 8413 8512 8529 8530 8581 8707 8821 8861 8978 9010 9077 9133 9249 9269 9459 9467 9647 9870 9891
7519 7816 8044 8105 8491 8811 8851 9042 9450 9560
7520 7739 8041 8057 8083 8312 8411 8557 8560 8593 8685 8774 8909 8952 9012 9038 9161 9228 9267 9327 9343 9582 9718 9755 9756 9946 9992
7521 7574 7834 8138 8527 8532 8600 8639 8758 8877 8911 9091 9201 9398 9599 9612 9699 9770 9843
7522 7570 7599 7861 7880 7982 8004 8046 8268 8309 8364 8578 8651 8691 8692 8697 8743 8994 9058 9065 9116 9274 9332 9505 9614 9691 9788 9954
7523 8024 8110 8343 8534 8997 9457 9477 9600 9603 9616 9745 9873
7524 7681 7752 8034 8472 8641 8675 8695 8815 8832 9190 9430 9619 9758 9845 9854
7525 7710 7809 7934 8124 8183 8406 8500 8606 8668 8795 8881 9207 9237 9695 9730 9776 9912 9932
7527 7811 7851 8087 8197 8207 8212 8345 8540 8592 8662 8672 8814 8827 8916 9231 9234 9246 9247 9400 9721
7528 7583 7625 7646 7768 7773 7858 7897 7905 7925 7972 8144 8297 8396 8429 8515 8587 8652 8734 8757 8887 8891 8954 9195 9262 9286 9319 9340 9382 9481 9491 9554 9604 9692 9720 9838
7529 7562 7596 7602 7610 7869 7917 7943 8061 8064 8076 8109 8222 8241 8282 8439 8445 8460 8471 8514 8596 8741 8831 8958 8982 9254 9416 9608 9610 9667 9669 9781 9801 9836
7530 7660 7790 7799 7802 7812 8056 8225 8253 8327 8350 8554 8612 8666 8667 8708 8873 9088 9219 9265 9318 9326 9352 9353 9438 9497 9602 9658 9706 9719 9737 9749 9884 9985
7534 7708 7744 7920 8583 8686 8912 8943 9079 9169 9186 9202 9366
7536 7563 7579 7584 7672 7692 7714 7737 7753 7762 7779 7782 7804 7872 7910 7969 7991 8020 8069 8094 8114 8158 8235 8253 8258 8361 8368 8498 8508 8523 8565 8683 8720 8782 8807 8937 8999 9002 9064 9089 9248 9406 9414 9427 9449 9525 9725 9757 9810 9835
7537 7688 7758 8053 8173 8195 8237 8331 8378 8690 8852 9101 9105 9119 9278 9294 9371 9373 9422 9435 9443 9751 9850 9887
7538 7635 7657 7795 7856 7924 8103 8182 8370 8379 8442 8610 8721 8746 8855 8871 8897 8986 9006 9123 9144 9252 9257 9314 9334 9441 9476 9670 9750
7539 7817 8035 8059 8086 8149 8408 8521 8838 9021 9031 9109 9137 9143 9158 9193 9415 9502 9534 9625 9714
7540 7580 7619 7679 7685 7954 8026 8055 8085 8099 8340 8365 8373 8390 8649 8710 8826 8870 8913 8929 9044 9121 9146 9151 9188 9197 9198 9240 9279 9285 9342 9492 9513 9526 9645 9646 9724 9804 9824 9889 9908 9923 9927 9937 9993
7541 8111 8422 8522 8655 8704 8760 8765 8799 8960 8987 9059 9063 9506 9654 9673 9766 9768 9900
7542 7585 7587 7884 8000 8096 8377 8590 8604 8718 9632
7543 7822 7852 8287 8354 8487 8536 8563 9208 9256 9448 9550 9676 9729 9760
7544 7634 7699 7735 7841 7859 7906 8008 8165 8189 8271 8419 8449 8572 8625 8633 8699 8915 9032 9140 9199 9215 9235 9375 9376 9434 9532 9592 9733 9942 9971
7545 7730 7786 7950 7979 7996 8213 8300 8325 8414 8676 8931 9170 9302 9384 9687 9767
7546 7589 7647 7674 7678 7823 7923 8011 8321 8384 8423 8525 8627 8628 8759 8922 8993 9110 9162 9344 9360 9408 9540 9837 9898 9955 9963 9970 9989
7547 7675 7902 7994 8151 8304 8409 8502 8623 8689 8701 9313
7548 7572 7654 7764 8055 8141 8452 8566 8747 8948 9623 9626 9731 9840
7549 8025 8132 8296 8550 8801 8983 9026 9211 9368 9418 9621 9814
7550 7704 7845 7875 7889 7941 8009 8028 8054 8070 8080 8344 8403 8470 8485 8585 8624 8777 8809 8847 8865 8884 8946 8998 9142 9165 9301 9335 9431 9559 9690 9752 9831 9894 9968
7551 7606 7626 7652 7693 7723 7724 7775 7789 7805 8039 8051 8082 8224 8288 8290 8362 8380 8653 8654 8790 8951 8967 8974 8996 9053 9185 9206 9221 9229 9333 9440 9510 9529 9538 9555 9633 9678 9990 9998
7554 7696 7703 7722 7749 7751 7769 7787 7806 7839 7854 8012 8016 8023 8166 8178 8267 8285 8420 8455 8501 8622 8631 8680 8756 8824 8869 8901 9085 9284 9300 9307 9359 9388 9390 9661 9813 9823 9865 9907 9934 9960 9962
7555 7593 7604 7638 7676 7712 7741 7802 7808 7850 7878 7980 7993 7995 8084 8162 8231 8256 8315 8385 8387 8402 8509 8797 8868 8880 8959 8984 9028 9127 9156 9200 9239 9298 9303 9383 9387 9425 9557 9743
7556 7831 7873 7932 8040 8177 8425 8594 8648 8850 8927 9787 9827 9828
7557 7605 7653 7742 7793 7844 7849 7929 7953 8006 8090 8147 8153 8272 8307 8317 8374 8395 8673 8694 8726 8945 8947 9056 9499 9684 9742 9933
7558 7559 7635 7727 7853 7973 8093 8135 8220 8302 8401 8407 8495 8517 8677 8859 8904 8928 9036 9082 9090 9410 9596 9607 9618 9864 9869 9922 9925
7561 7637 7785 7821 7838 7855 7951 7965 8071 8130 8215 8229 8252 8360 8446 8493 8516 8519 8548 8558 8578 8640 8716 8740 8753 8764 8828 8883 8893 8895 9016 9061 9068 9277 9316 9337 9482 9548 9580 9637 9664 9666 9686 9727 9739 9914 9951 9996
7564 7661 7665 7733 7936 7968 8002 8150 8262 8371 8647 8700 8921 9039 9069 9521 9641 9926 9986
7565 7745 7862 7911 7952 7990 8060 8164 8291 8351 8438 8457 8466 8571 8584 8589 8762 8792 8908 8955 8969 8988 9035 9066 9084 9118 9145 9184 9292 9304 9386 9453 9522 9530 9537 9546 9558 9624 9644 9728 9734 9746 9793 9904 9950 9984 9987
7566 7655 7670 7892 8010 8014 8100 8181 8347 8369 8462 8684 8802 8857 8896 8925 8949 9295 9321 9370 9412 9535 9541 9595 9655 9679 9763 9765 9882 9897
7568 7881 7899 8042 8170 8416 8553 8650 8681 8914 9367 9419 9464 9563
7571 7989 8074 8330 8600 8609 8632 8766 9043 9287 9402 9759 9812 9856
7573 7865 7916 7948 8108 8115 8247 8265 8275 8306 8513 8574 8804 9071 9099 9167 9192 9204 9426 9436 9659 9685 9715
7575 7622 7659 8050 8128 8168 8507 8599 8722 9096 9128 9212 9393 9456 9478 9732
7576 7638 7743 7837 7944 7958 8058 8121 8194 8242 8244 8254 8276 8358 8415 8458 8547 8588 8598 8615 8709 8805 8810 8936 8961 9067 9080 9085 9124 9242 9315 9325 9351 9359 9365 9374 9452 9454 9517 9581 9642 9672 9702 9852 9902
7577 7682 7755 7820 7857 8017 8079 8464 8503 8751 8779 9022 9205 9308 9515 9562 9577 9797 9980
7578 7645 7664 7707 7719 7734 7794 7800 7840 7898 7957 7969 7998 8163 8185 8246 8283 8322 8443 8651 8725 8768 9023 9045 9140 9216 9225 9272 9291 9299 9447 9473 9475 9587 9697 9723 9726 9746 9761 9841 9917 9928 9948 10000
7582 7726 8174 8483 9004 9064 9132 9168 9189 9345 9432 9583 9622 9717 9825
7586 7801 7829 8036 8123 8152 8326 8328 8356 8376 8399 8426 8476 8497 8546 8736 8839 8866 9150 9160 9354 9518 9798
7588 7611 7639 7838 7976 8400 8608 8769 9130 9258 9820 9821
7590 7663 7777 8032 8191 8248 8337 8381 8383 8644 8645 8786 8830 9147 9317 9380 9486 9553 9643 9803
7591 7803 7874 7927 7937 8118 8126 8211 8339 8353 8389 8489 8535 8570 8727 8733 8781 8885 8910 8956 8972 9003 9027 9060 9154 9213 9217 9397 9445 9458 9463 9489 9784 9809 9896 9979
7592 7616 7815 7907 7921 8077 8106 8427 8620 8902 9336 9343 9355 9361 9867
7594 7632 7633 7728 7887 7890 8021 8172 8277 8843 8932 9024 9040 9048 9129 9214 9243 9423 9574 9586 9744 9785 9851 9871 9893
7595 7627 7643 7701 7836 7885 8003 8038 8043 8052 8202 8240 8273 8320 8456 8467 8544 8556 8591 8669 8732 8798 8840 8856 8888 9019 9092 9094 9163 9224 9371 9403 9433 9437 9569 9570 9606 9650 9711 9863 9972
7597 7609 7642 7649 7702 7738 8031 8089 8102 8192 8255 8398 8687 8724 8834 8975 8995 9139 9209 9210 9404 9446 9571 9794
7598 7717 8333 8723 8854 8879 8899 9135 9245 9413 9468 9673 9774 9783 9817 9901 9949 9988 9991 9999
7601 7668 7830 7835 7876 7935 7956 8037 8156 8206 8269 8289 8342 8363 8404 8478 8537 8567 8613 8682 8780 8788 8919 8921 8944 8963 8992 9117 9153 9222 9250 9338 9350 9396 9411 9507 9522 9533 9542 9564 9591 9601 9620 9708 9712 9716 9741 9819 9855 9966
7603 7666 7691 7750 7807 7832 7843 7888 8091 8112 8293 8313 8314 8510 8597 8735 8772 8845 9138 9309 9490 9638 9663 9701 9738 9811
7607 7658 7683 8301 8450 8523 8577 8892 9062 9095 9349 9628 9700 9796 9915 9919 9935
7608 7705 8143 8319 8555 8670 8966 8989 9136 9148 9500 9748
7612 7671 7711 7772 7783 7784 7813 7827 7896 7912 7971 8160 8188 8494 8549 8748 8755 8775 8923 8935 9465 9494 9503 9566 9773 9775 9799 9844 9936
7613 7661 7732 8204 8233 8261 8263 8284 8444 8448 8763 8773 8816 8819 8848 8860 8862 8872 8942 9083 9164 9178 9322 9331 9346 9363 9451 9508 9523 9594 9667 9961 9994
7614 7686 7731 7757 7761 7866 8097 8193 8218 8239 8245 8324 8348 8386 8477 8505 8678 8817 8829 8864 8920 9001 9009 9014 9015 9093 9455 9474 9488 9514 9528 9636 9680 9710 9973
7620 7667 8066 8075 8266 8367 8656 9358 9536 9551 9704 9772
7623 7963 8179 8320 8706 8970 9253 9381 9424 9585 9703 9829
7624 7697 7818 7819 7918 7919 8078 8081 8131 8145 8260 8280 8323 8357 8375 8388 8441 8499 8719 8813 8953 9073 9098 9106 9131 9155 9173 9203 9230 9320 9328 9420 9442 9556 9709 9735 9736 9778 9782 9848 9872 9885 9906 9974
7628 7709 7746 7748 7767 7810 7947 8029 8098 8199 8228 8250 8352 8366 8412 8413 8494 8562 8614 8729 8796 9220 9462 9466 9631
7630 7721 7788 7985 8119 8236 8246 8341 8447 8490 8693 9070 9074 9097 9113 9141 9182 9191 9261 9264 9369 9444 9573 9629 9668 9688 9890 9969
7631 8063 8136 8626 8730 8791 8844 8878 8889 8979 9171 9401 9613 9899
7641 7776 7791 7922 8007 8068 8129 8386 8737 8794 9115 9241 9409 9439 9640 9677 9805 9862 9978
7644 8013 8027 8169 8410 8559 8713 8789 9166 9218 9329 9590
7648 7694 7893 7959 8299 8595 8629 8744 8754 9030 9471
7651 7848 7931 7978 8019 8469 8657 8890 9311 9764 9860
7653 7706 7756 7796 7824 8088 8391 8431 8938 9055 9282 9347 9565 9584 9792 9975
7662 7915 7975 8049 8355 8372 8582 8926 8957 9046 9075 9275 9598 9696 9707 9762 9789
7677 7697 7720 7901 7949 7967 7974 7997 8069 8073 8155 8428 8474 8524 8539 8551 8601 8661 8783 8806 8937 8950 8965 9057 9076 9086 9399 9460 9479 9498 9527 9547 9567 9597 9689 9790 9802 9826 9834 9846 9847 9918 9945 9947 9983
7684 8180 8184 8209 8227 8298 8528 8541 8542 8619 8630 8696 8703 8842 8849 8940 9108 9179 9461 9593 9639 9832 9868 9881
7687 7960 8072 8117 8142 8294 8311 8579 8761 9120 9177
7689 8048 8308 8329 8569 8679 8820 8836 9078 9428 9698 9859 9966 9981
7725 7992 8146 8167 8201 8205 8232 8251 8257 8484 8504 8520 8564 8611 8646 8715 8785 9087 9268 9296 9417 9807 9913
7729 7908 8216 8279 8334 8459 8479 8575 8712 8752 8980 9103 9330 9356 9470 9579 9880
7740 7747 8022 8157 8171 8187 8336 8664 8990 9072 9233 9495 9662 9905
7766 7930 7961 8310 8465 8511 8526 8846 9007 9483 9487 9496 9589 9611 9892
7771 7879 7938 7964 7987 8065 8417 8665 9151 9385 9421 9544 9959
7774 7825 8116 8186 8771 8905 8906 8939 9232 9665 9800 9806 9877 9924
7780 7877 7914 8062 8394 8424 8711 8742 8749 8898 8907 9568
7792 7868 7883 7939 7962 8200 8230 8359 8421 8492 8770 8930 8971 9008 9025 9227 9259 9379 9472 9504 9795 9808 9943
7814 7904 7966 8104 8137 8196 8226 8603 8607 8617 8803 9100 9152 9289 9539 9694 9909 9920
7826 8305 8393 8635 8841 8976 9024 9174 9378 9469 9648 9883 9888 9939
7833 7867 7981 8176 8461 8538 8705 8738 8793 8985 9183 9876 9941
7842 7863 7870 8001 8092 8127 8210 8335 8453 8568 8586 8636 8660 8739 8776 8900 9034 9122 9255 9266 9273 9407 9683 9705 9727 9771 9910 9944 9967 9977
7864 7926 8120 8217 8219 8221 8506 8731 8750 8823 9005 9251 9516 9545 9617 9651 9657 9660 9674 9682 9818 9911 9997
7913 8338 8552 8605 8717 8918 8934 9029 9050 9512 9780 9833 9878
7945 8018 8033 8281 8784 8924 9051 9111 9348 9394 9747 9754 9952 9982
7946 7986 7999 8084 8278 8349 8858 8886 9047 9357 9485 9875
7970 8133 8405 8418 8602 8642 8894 8917 9017 9121 9276 9305 9372 9675 9916
7984 8249 8274 8473 8637 8825 8977 9011 9049 9238 9395 9769 9921
8190 8303 8436 8480 8714 8808 8867 9037 9107 9493 9524 9572
