0 1 0
1 0 0
2 1 0
3 1 0
4 1 0
5 1 0
6 1 0
7 1 0
8 1 0
9 1 0
10 1 0
11 0 0
12 1 0
13 0 1
14 0 0
15 0 0
16 0 0
17 0 0
18 0 0
19 1 0
20 0 0
21 0 0
22 0 0
23 0 0
24 0 0
25 0 0
26 0 0
27 0 0
28 1 0
29 0 0
30 0 0
31 0 0
32 1 0
33 0 0
34 0 0
35 0 0
36 0 0
37 0 0
38 0 0
39 0 0
40 1 0
41 0 0
42 0 0
43 0 0
44 0 0
45 0 0
46 0 0
47 0 0
48 0 0
49 0 0
50 0 0
51 0 0
52 0 0
53 0 0
54 0 0
55 0 0
56 0 0
57 0 0
58 1 0
59 1 0
60 1 0
61 1 0
62 1 0
63 1 0
64 0 0
65 1 0
66 1 0
67 1 0
68 1 0
69 1 0
70 1 0
71 0 1
72 1 0
73 1 0
74 1 0
75 0 0
76 1 0
77 0 0
78 0 0
79 0 1
80 1 0
81 1 0
82 1 0
83 1 0
84 1 0
85 1 0
86 0 0
87 0 0
88 1 0
89 1 0
90 1 0
91 1 0
92 1 0
93 1 0
94 0 0
95 0 1
96 0 1
97 0 1
98 1 0
99 0 0
100 0 1
101 0 1
102 0 0
103 1 0
104 0 0
105 1 0
106 1 0
107 1 0
108 1 0
109 0 0
110 0 0
111 1 0
112 0 0
113 0 0
114 0 0
115 0 0
116 0 0
117 0 0
118 0 0
119 0 0
120 1 0
121 1 0
122 0 0
123 0 0
124 0 0
125 0 0
126 1 0
127 1 0
128 0 0
129 0 0
130 0 0
131 0 0
132 0 0
133 0 0
134 0 0
135 0 0
136 0 0
137 0 0
138 0 0
139 0 0
140 0 0
141 0 1
142 1 0
143 1 0
144 1 0
145 0 1
146 1 0
147 1 0
148 1 0
149 1 0
150 0 0
151 0 1
152 1 0
153 0 0
154 0 0
155 0 0
156 0 0
157 0 0
158 0 0
159 0 0
160 0 1
161 0 0
162 0 0
163 0 1
164 0 0
165 0 0
166 1 0
167 1 0
168 1 0
169 1 0
170 0 0
171 1 0
172 0 1
173 1 0
174 1 0
175 0 0
176 0 0
177 0 0
178 0 0
179 1 0
180 1 0
181 1 0
182 1 0
183 0 0
184 0 0
185 0 0
186 0 0
187 1 0
188 1 0
189 1 0
190 1 0
191 0 0
192 1 0
193 1 0
194 0 0
195 0 0
196 0 0
197 0 0
198 1 0
199 0 0
200 0 0
201 0 1
202 1 0
203 0 0
204 0 1
205 0 0
206 0 0
207 0 0
208 0 0
209 0 0
210 0 0
211 0 0
212 0 0
213 0 0
214 0 0
215 1 0
216 0 0
217 0 0
218 1 0
219 1 0
220 0 1
221 1 0
222 0 0
223 0 0
224 0 0
225 0 0
226 0 0
227 1 0
228 1 0
229 1 0
230 0 0
231 1 0
232 0 0
233 0 0
234 0 0
235 0 0
236 0 0
237 1 0
238 1 0
239 0 0
240 0 0
241 0 0
242 0 0
243 1 0
244 0 0
245 0 0
246 0 0
247 0 0
248 0 0
249 1 0
250 1 0
251 0 0
252 0 0
253 1 0
254 1 0
255 1 0
256 0 0
257 0 0
258 0 1
259 0 1
260 1 0
261 0 0
262 0 0
263 1 0
264 1 0
265 1 0
266 1 0
267 0 0
268 0 1
269 0 0
270 1 0
271 1 0
272 1 0
273 0 1
