14283433 20463300
15508191 208280030
15058148 16520993
23711472 9567932
22594012 82164597
30153287 82164597
10461262 18626079
15508191 18626079
13165 28229899
14328029 224803883
20463300 224803883
10461262 14083150
15508834 224803883
16520993 18626079
147386402 16520993
10461262 14327760
14239472 82164597
15508191 82164597
12640072 14083150
14283433 853521
15508834 82164597
147386402 23711472
16520993 853521
13165 17219815
17219815 22594012
20463300 23711472
14328029 18879757
14083150 17219815
15508834 18879757
23711472 30153287
14328029 208280030
14283433 28229899
10461262 13165
14083150 224803883
18879757 224803883
147386402 18626079
208280030 224803883
14239472 15508191
16520993 28229899
13165 14327760
17219815 82164597
30003712 30153287
208280030 82164597
20463300 9567932
13165 15508834
18626079 23711472
208280030 36279963
14283433 15508834
15508191 22594012
15058148 15508191
224803883 23711472
14239472 30153287
15508834 17219815
22594012 30003712
14283433 36279963
18879757 208280030
15058148 28229899
13165 15508191
13165 20463300
30153287 9567932
30003712 9567932
14328029 15508191
14327760 22594012
14283433 17219815
14083150 14239472
15508191 15508834
20463300 30153287
13165 23711472
14328029 15508834
224803883 30003712
10461262 208280030
13165 853521
10461262 15058148
14083150 30153287
14239472 9567932
147386402 20463300
12640072 14328029
15058148 82164597
16520993 22594012
14239472 14283433
14083150 853521
15508834 9567932
18879757 20463300
853521 9567932
14239472 224803883
15508191 28229899
12640072 16520993
15508191 20463300
15058148 18879757
18626079 20463300
14083150 15508191
13165 30003712
20463300 22594012
14239472 23711472
15508834 22594012
147386402 15508834
10461262 14328029
14083150 30003712
14239472 853521
147386402 22594012
15508834 23711472
17219815 9567932
14083150 9567932
15508834 853521
12640072 208280030
14328029 853521
208280030 9567932
13165 224803883
17219815 224803883
14283433 18626079
16520993 18879757
18879757 22594012
147386402 17219815
10461262 14239472
16520993 208280030
13165 14328029
14283433 147386402
18626079 9567932
12640072 18879757
17219815 30153287
14239472 18879757
17219815 208280030
208280030 30153287
224803883 9567932
15508191 224803883
18879757 28229899
18626079 224803883
14328029 18626079
14327760 18626079
14239472 36279963
15508834 18626079
23711472 28229899
22594012 28229899
14283433 30153287
15058148 9567932
12640072 15508191
14239472 147386402
16520993 30153287
13165 14239472
224803883 22594012
15508191 23711472
13165 208280030
14327760 15508191
14283433 22594012
14239472 17219815
15058148 20463300
18879757 82164597
13165 18879757
12640072 30153287
17219815 18879757
18626079 30153287
14083150 14328029
15508191 17219815
208280030 30003712
36279963 9567932
14328029 17219815
224803883 30153287
10461262 224803883
14083150 18626079
14239472 28229899
15508834 16520993
22594012 36279963
10461262 15508191
15508834 28229899
15058148 853521
16520993 224803883
12640072 14327760
14327760 30153287
14283433 9567932
10461262 82164597
14083150 82164597
14239472 14327760
13165 147386402
15058148 30153287
14283433 14328029
10461262 30003712
14239472 22594012
15508191 36279963
16520993 9567932
14239472 15508834
18626079 208280030
12640072 30003712
208280030 23711472
10461262 18879757
14083150 15058148
15508191 18879757
13165 30153287
12640072 9567932
18626079 18879757
14083150 208280030
147386402 15508191
14083150 28229899
147386402 224803883
12640072 14283433
18626079 82164597
14328029 82164597
14327760 9567932
14239472 20463300
15058148 22594012
13165 22594012
14283433 208280030
15058148 15508834
22594012 853521
14327760 15508834
14083150 147386402
22594012 23711472
14328029 22594012
15508834 208280030
13165 9567932
10461262 14283433
15508191 853521
16520993 20463300
13165 14083150
14327760 14328029
18879757 9567932
17219815 20463300
14283433 18879757
18879757 30003712
18626079 22594012
22594012 9567932
14083150 15508834
10461262 12640072
14083150 22594012
12640072 15058148
14328029 30153287
208280030 22594012
10461262 9567932
14239472 15058148
15508191 9567932
13165 14283433
17219815 853521
14283433 15508191
147386402 28229899
208280030 853521
14283433 224803883
14239472 18626079
15058148 208280030
18879757 853521
18626079 36279963
14327760 208280030
14283433 16520993
14083150 14327760
18879757 30153287
20463300 28229899
14327760 18879757
10461262 22594012
14239472 30003712
22594012 30153287
14283433 23711472
16520993 17219815
82164597 9567932
14239472 14328029
16520993 23711472
15058148 36279963
13165 15058148
14328029 9567932
14327760 82164597
14283433 14327760
10461262 30153287
15508191 30153287
12640072 17219815
28229899 9567932
14239472 16520993
15058148 18626079
13165 18626079
17219815 18626079
14327760 224803883
18626079 28229899
14083150 14283433
15508191 16520993
13165 36279963
14328029 16520993
20463300 208280030
147386402 15058148
13165 82164597
14083150 36279963
12640072 14239472
14328029 23711472
15058148 23711472
18626079 853521
12640072 22594012
14239472 208280030
224803883 853521
10461262 12561452
12640072 14689667
13165 132422304
13612732 14083150
132422304 14239472
14283433 19730608
13612732 14327760
132422304 14328029
13612732 147386402
15058148 18656798
15508191 22745706
15508834 19730608
12561452 16520993
17219815 197185294
17014614 18626079
18879757 18920735
13612732 20463300
197185294 208280030
13612732 224803883
22594012 22745706
12561452 23711472
18656798 28229899
12561452 30003712
12352 30153287
13612732 36279963
12561452 82164597
13612732 853521
13612732 9567932
10461262 14689667
12561452 12640072
13165 2712411
12561452 14083150
14239472 2712411
14283433 18920735
14327760 14689667
12561452 14328029
132422304 147386402
13612732 15058148
15508191 19730608
15508834 2712411
132422304 16520993
12352 17219815
18626079 24229513
17014614 18879757
17014614 20463300
14689667 208280030
12561452 224803883
13612732 22594012
13612732 23711472
13612732 28229899
12561452 30153287
12561452 36279963
12352 82164597
19730608 853521
12561452 9567932
10461262 13612732
13165 18656798
132422304 14083150
12561452 14239472
14283433 17014614
12561452 14327760
13612732 14328029
12561452 147386402
15058148 18920735
13612732 15508191
12352 15508834
13612732 16520993
12561452 17219815
13612732 18626079
18879757 24621788
20463300 24229513
208280030 24229513
197185294 224803883
22594012 88737694
23711472 24229513
12561452 28229899
30153287 88737694
17014614 82164597
18656798 853521
17014614 9567932
13165 24229513
14083150 24229513
14239472 24229513
14283433 24229513
14328029 18920735
147386402 18656798
12561452 15058148
15508191 197185294
15508834 24229513
16520993 2712411
132422304 17219815
12561452 18626079
18879757 23278844
132422304 20463300
13612732 208280030
224803883 24229513
132422304 22594012
18656798 23711472
13612732 30153287
12561452 853521
18656798 9567932
12561452 14283433
14328029 197185294
15508191 2712411
15508834 18656798
17219815 2712411
18626079 197185294
132422304 18879757
132422304 224803883
18656798 22594012
132422304 23711472
132422304 30153287
197185294 853521
14283433 2712411
12561452 15508191
18626079 18920735
17014614 22594012
197185294 23711472
132422304 853521
