132422304 23278844
18656798 405134209
12561452 404460983
13612732 2712411
404460626 404460983
12352 13612732
12561452 132422304
12561452 494538543
18656798 93927917
404461610 405014844
132422304 17014614
405014844 494538543
12561452 404461205
13612732 19730608
13612732 404461610
12561452 13612732
17014614 2712411
12561452 93927917
132422304 197185294
18656798 404460626
18920735 93927917
132422304 18656798
12561452 405134209
404460983 405014844
13612732 404460983
17014614 19730608
18656798 404461422
18656798 197185294
132422304 404460626
12352 18656798
404460626 405014844
12561452 17014614
13612732 404461205
404461205 405134209
12561452 14689667
404461422 405044458
197185294 24229513
132422304 22745706
18656798 405044458
404460626 404461205
12561452 18920735
12352 132422304
404460983 404461422
132422304 93927917
404461422 405014844
404461610 405044458
18656798 24229513
405014844 405134209
12561452 404461422
13612732 22745706
13612732 405014844
12561452 197185294
197185294 93927917
404461205 494538543
12561452 24229513
197185294 19730608
12561452 404461610
132422304 24229513
404460983 404461610
13612732 405044458
404461205 404461422
17014614 494538543
18656798 404461205
405044458 405134209
132422304 18920735
404460626 405044458
22745706 24229513
404460983 405134209
13612732 404461422
12561452 22745706
404461205 404461610
197185294 24621788
18656798 405014844
24229513 93927917
13612732 17014614
132422304 404461205
13612732 24229513
404460626 404461422
404460983 404461205
2712411 58166411
404461422 404461610
404461610 405134209
405014844 405044458
12561452 404460626
24229513 494538543
12561452 19730608
17014614 24229513
132422304 13612732
13612732 18656798
12561452 405014844
13612732 197185294
13612732 405134209
12352 12561452
17014614 18920735
12561452 88737694
132422304 19730608
18656798 404460983
12561452 2712411
12561452 405044458
404460626 405134209
132422304 2712411
24229513 2712411
404460983 405044458
13612732 404460626
132422304 494538543
404461205 405014844
18656798 404461610
132422304 404460983
404460626 404461610
22745706 2712411
12561452 18656798
404461205 405044458
404461422 405134209
12352 14328029
12561452 18879757
132422304 9567932
13612732 14283433
14689667 18879757
17014614 17219815
14283433 18656798
18920735 30153287
14239472 197185294
18626079 19730608
147386402 22745706
15058148 23278844
15508191 24229513
15508191 24621788
18626079 2712411
15058148 404460626
15058148 404460983
18879757 404461205
15058148 404461422
15058148 404461610
14283433 405044458
12640072 405134209
13165 494538543
14283433 88737694
22594012 93927917
12352 15508191
12561452 208280030
132422304 208280030
13612732 15508834
14239472 14689667
16520993 17014614
14239472 18656798
17219815 18920735
14083150 197185294
14239472 19730608
14239472 22745706
208280030 23278844
17219815 24229513
17219815 24621788
224803883 2712411
15058148 404461205
12640072 404461422
15508834 494538543
15508191 88737694
17219815 93927917
12352 22594012
12561452 22594012
132422304 18626079
13165 13612732
14689667 22594012
147386402 17014614
17219815 18656798
15508834 18920735
13165 197185294
19730608 22594012
16520993 23278844
22594012 24229513
20463300 2712411
15058148 494538543
18879757 93927917
12352 18879757
12561452 13165
132422304 15508834
13612732 14239472
14689667 9567932
13165 17014614
18656798 20463300
14239472 18920735
14283433 197185294
17219815 19730608
15508191 23278844
24229513 853521
22594012 2712411
14283433 93927917
12352 14239472
12561452 20463300
132422304 14283433
13612732 18879757
15508191 17014614
15508191 18656798
13165 18920735
197185294 22594012
19730608 224803883
22594012 23278844
2712411 9567932
15508191 93927917
12561452 15508834
132422304 15508191
13612732 17219815
15508834 17014614
18920735 22594012
15508834 197185294
14283433 23278844
18879757 2712411
15508834 93927917
