1737011 739223
12538472 14077607
18087370 9884622
10935622 15357608
15357608 1620241
1491971 5790132
1758271 3149631
14362294 15109840
17960638 33189661
106635398 6281792
14077607 8950222
12053132 15413301
2659631 5980442
12369602 17389650
16232820 5790132
15357608 43223610
3149631 747863
33506176 72329972
12053132 8950222
14362294 9884622
33189661 3626301
36640820 74233
10068722 9423662
12538472 14303355
10935622 14316850
14406208 33189661
14424826 36640820
15840385 52556532
16115549 17389650
14301334 14362294
16627822 33506176
106635398 57973034
5386032 60555486
12053132 15109840
14291326 39164896
21255367 2659631
3149631 6545352
48302912 9498152
12109952 9570302
12369602 8950222
14303355 3149631
12538472 7423512
14368300 91292413
13934912 5967812
15413301 20918020
3149631 77712736
33189661 6545352
10011372 7423512
12109952 20918020
10068722 8950222
39164896 74255297
12538472 1442101
17960638 20918020
5967812 9645732
13594872 60555486
13934912 9884622
11224342 5609462
14057933 9884622
14406208 27609219
14158619 6545352
14262796 15178133
15840385 3149631
1491971 5967812
10068722 15413301
10935622 74233
2627491 74233
14291326 43328989
2659631 9884622
14303355 15357608
14362294 6545352
10454562 1758271
1125681 12369602
52556532 60555486
12369602 9423662
12538472 7780852
14362294 77712736
10935622 15840385
33189661 747863
15109840 15840385
5790132 5996402
5980442 9423662
60555486 7423512
10068722 17389650
14362294 14406208
16497976 17389650
6281792 77712736
14362294 7423512
3149631 5996402
1125681 13934912
16865502 3626301
33189661 9498152
6545352 9884622
17389650 17703765
33189661 5790132
3626301 9884622
12109952 17703765
5790132 62462987
10935622 9884622
14057933 5980442
15840385 330690616
14774443 9498152
27609219 43223610
10454562 747863
10935622 5996402
13934912 1758271
45218129 5790132
62462987 9884622
14262796 5790132
12053132 14406208
2659631 77712736
14362294 5790132
16497976 8950222
15357608 33506176
12053132 7423512
12109952 77712736
18087370 36640820
33189661 5609462
17101331 20918020
5379992 74255297
12538472 15109840
14057933 6281792
26315349 330690616
10454562 67305632
327267369 8950222
106635398 33506176
1125681 7423512
14057933 17960638
6281792 9498152
19546657 43223610
14262796 747863
12053132 14303355
2659631 80854111
14303355 14368300
33189661 9645732
5609462 5967812
12053132 67305632
14303355 739223
14316850 15178133
14368300 67305632
14406208 9423662
1442101 80008888
33189661 5967812
36640820 45218129
12109952 16497976
5996402 9645732
13594872 3149631
10935622 79242506
13934912 15357608
14424826 5967812
15840385 2627491
10068722 14301334
15178133 7423512
1277041 14291326
11224342 1442101
14301334 9884622
16232820 26315349
14368300 1442101
10454562 15061970
1277041 9570302
18087370 45218129
10935622 18087370
13934912 43223610
1442101 91292413
17389650 8950222
15109840 18087370
5790132 9423662
17960638 6545352
5967812 74233
14057933 74233
10068722 15357608
17703765 2659631
17960638 77712736
10454562 5386032
43223610 9498152
14158619 14368300
14774443 16865502
14291326 7423512
12109952 5379992
7780852 9423662
12369602 33189661
14362294 45218129
15413301 9423662
15357608 5790132
16865502 5980442
20918020 327267369
6545352 747863
12109952 1442101
14316850 1491971
74233 8220792
14220739 2659631
17389650 9423662
1758271 9570302
17703765 7780852
17960638 7423512
14406208 17389650
106635398 18087370
62462987 6281792
16115549 20297371
15109840 9884622
18087370 26315349
57973034 5996402
14774443 1737011
10011372 15413301
12369602 39164896
14303355 77712736
10454562 14368300
16627822 20918020
1125681 15109840
16865502 6281792
18939033 2659631
20918020 27609219
12053132 45218129
12109952 14362294
17703765 6281792
18087370 60555486
74233 7780852
13934912 45218129
91292413 9498152
14424826 9423662
15840385 77712736
12538472 17703765
5967812 5996402
14057933 33189661
1442101 16497976
2659631 45218129
14301334 18087370
17960638 80008888
18087370 23613776
1125681 16627822
14424826 14774443
5609462 9884622
14291326 60555486
16627822 21255367
5609462 6545352
1737011 91292413
14368300 5996402
10935622 1277041
15413301 16865502
14077607 16115549
157422963 74255297
9570302 9645732
10068722 45218129
17703765 9570302
5996402 7423512
14406208 16115549
23613776 91292413
15840385 17960638
15061970 74233
14303355 18939033
10068722 10935622
16865502 8220792
12109952 327267369
12369602 5609462
12538472 3626301
10454562 14301334
16497976 739223
16865502 74233
16054090 60555486
12053132 33506176
7423512 7608352
106635398 15357608
14077607 15413301
17703765 8950222
17960638 5967812
16627822 74233
14406208 15413301
106635398 1620241
16865502 19546657
12034532 1758271
2659631 33506176
14301334 43223610
16232820 327267369
19546657 5980442
142677826 17703765
21255367 6545352
12109952 28539923
12369602 5790132
14316850 7780852
15178133 16497976
13594872 16865502
39164896 43223610
14406208 5967812
106635398 14774443
7423512 9884622
14077607 17960638
1758271 74233
10068722 20918020
1620241 5790132
16497976 20918020
14406208 15357608
12034532 16865502
14774443 36640820
10068722 13934912
10454562 3149631
45218129 52556532
330690616 36640820
19546657 5790132
20297371 7780852
15061970 15109840
12538472 5379992
80854111 8950222
10454562 1277041
16497976 330690616
1442101 330690616
14220739 142677826
14291326 14424826
21296750 80854111
14368300 3149631
14406208 57973034
11224342 28539923
12034532 15178133
15109840 36640820
16627822 6281792
43223610 43328989
1442101 20918020
10454562 2659631
12034532 9645732
12369602 6545352
12538472 43328989
16115549 9423662
106635398 14368300
74255297 77712736
1491971 16865502
17960638 3149631
106635398 739223
12053132 17101331
2659631 74233
12369602 1620241
80008888 9884622
14362294 17960638
14291326 1620241
12369602 7423512
12538472 5609462
13594872 14316850
16497976 5379992
3149631 9645732
14077607 1491971
3626301 7423512
5379992 9498152
36640820 5980442
10935622 15109840
106635398 14291326
15840385 60555486
12034532 14362294
1491971 1758271
15178133 3626301
10454562 9645732
10935622 327267369
13934912 2659631
16627822 43328989
14077607 9884622
43223610 6281792
2627491 5967812
79242506 80854111
12369602 17101331
14362294 15413301
18939033 74233
12034532 9498152
21255367 43328989
14362294 8950222
15178133 20918020
10935622 16627822
3149631 9423662
3626301 67305632
36640820 67305632
12538472 14057933
43328989 5790132
13594872 9570302
13934912 9423662
16054090 17703765
10068722 16497976
27609219 33189661
14362294 15061970
43223610 57973034
10935622 36640820
1125681 5379992
1442101 26315349
2627491 5609462
20297371 60555486
14262796 45218129
12034532 747863
2659631 6281792
1491971 9423662
13934912 6281792
3149631 8220792
5379992 77712736
10068722 9498152
14406208 33506176
106635398 12053132
16115549 1737011
15109840 60555486
15178133 48302912
16627822 33189661
10935622 67305632
106635398 5790132
43223610 74233
2627491 5790132
2659631 8950222
14303355 1491971
14368300 15413301
15357608 5379992
6545352 9423662
12538472 74233
13594872 15109840
10935622 17960638
17101331 17960638
1737011 33189661
10068722 6281792
17960638 20297371
13594872 5996402
10935622 1442101
13934912 9570302
14424826 43223610
14220739 6545352
14301334 16627822
14362294 14368300
10454562 7608352
10935622 7423512
106635398 5379992
16497976 17703765
18939033 9423662
45218129 9884622
2627491 747863
14262796 60555486
14291326 48302912
2659631 9570302
14362294 739223
16497976 7608352
16865502 3149631
33506176 5980442
20918020 67305632
12538472 77712736
15178133 2659631
33189661 74233
3626301 5609462
10068722 5980442
5790132 60555486
60555486 74233
11224342 5980442
14077607 327267369
15840385 36640820
15178133 5980442
10454562 77712736
16497976 1737011
12053132 14368300
14362294 74233
15357608 3626301
1125681 14057933
33506176 6281792
16054090 48302912
12053132 739223
14368300 77712736
12109952 1737011
1620241 5379992
12538472 15357608
13594872 6545352
13934912 14368300
106635398 26315349
11224342 91292413
14057933 5967812
14077607 3149631
15840385 327267369
10068722 16865502
15178133 6281792
10454562 74233
10935622 60555486
11224342 14291326
13934912 17703765
43223610 80008888
19546657 45218129
20297371 36640820
12053132 14291326
14301334 9423662
10454562 16497976
15357608 33189661
12053132 74233
12109952 7608352
1758271 17703765
1277041 8220792
14406208 9570302
33189661 6281792
1737011 19546657
36640820 39164896
12109952 17101331
5967812 8220792
13594872 7423512
106635398 23613776
11224342 9884622
26315349 33189661
10068722 14368300
17703765 20918020
1277041 14362294
17960638 9423662
45218129 6281792
11224342 14301334
14262796 74255297
12053132 14301334
12109952 5996402
14303355 14362294
14362294 6281792
15413301 9645732
327267369 5609462
33189661 7780852
17389650 5996402
1277041 7780852
33189661 5980442
5379992 5790132
36640820 43328989
17389650 9884622
5967812 67305632
5996402 7780852
14057933 5790132
14424826 60555486
14262796 7780852
14774443 5790132
16054090 19546657
26315349 27609219
15178133 74233
10454562 6281792
15413301 5609462
14303355 91292413
14362294 43223610
14368300 14424826
16497976 5790132
12053132 6281792
12109952 14774443
1277041 9645732
14368300 74255297
8220792 9498152
15413301 16497976
15840385 91292413
3626301 77712736
5790132 9498152
5967812 7423512
14406208 17703765
11224342 77712736
15061970 5967812
12369602 14077607
1277041 15178133
10454562 5609462
45218129 72329972
14057933 14406208
5386032 7780852
12053132 1277041
14291326 74233
7780852 9498152
14303355 9884622
14316850 9884622
1620241 20297371
72329972 80854111
15357608 5609462
1125681 15357608
16865502 5967812
12109952 14424826
14316850 14368300
14406208 77712736
14262796 19546657
15840385 9884622
16115549 43328989
1758271 9645732
12538472 16865502
17960638 74233
43328989 52556532
74233 747863
14057933 6545352
1442101 15840385
7608352 91292413
26315349 43223610
12053132 2659631
2659631 43223610
12369602 14303355
10454562 43328989
11224342 17960638
14057933 14303355
19546657 7423512
12034532 3149631
12109952 43223610
1620241 18087370
14362294 27609219
16497976 6545352
16627822 20297371
10935622 12034532
14406208 74233
15413301 17703765
7423512 8220792
14424826 8950222
1737011 2627491
10068722 5379992
5967812 60555486
1277041 1737011
14406208 16865502
1125681 8220792
1442101 1620241
747863 9884622
14158619 33189661
15840385 17101331
26315349 6281792
2659631 52556532
12369602 14368300
14303355 26315349
1277041 1491971
10454562 39164896
16627822 91292413
11224342 15413301
14291326 5996402
14362294 33189661
16497976 7423512
1125681 14262796
16865502 67305632
3626301 5379992
14291326 15178133
17389650 67305632
17703765 5790132
14368300 60555486
1491971 2659631
17703765 9498152
16865502 18087370
14424826 16497976
14291326 7608352
15061970 7423512
10068722 11224342
27609219 80854111
15178133 9570302
10454562 33189661
15413301 3626301
16627822 80008888
142677826 157422963
14291326 16865502
10011372 17960638
12109952 330690616
15178133 16115549
10454562 14303355
16865502 747863
20918020 2659631
12053132 33189661
17703765 747863
10935622 14158619
15840385 67305632
36640820 77712736
17960638 60555486
13934912 14057933
16865502 18939033
26315349 74233
12034532 17703765
12053132 18087370
2659631 327267369
14362294 20918020
10454562 3626301
16627822 80854111
1125681 15413301
16865502 9498152
33506176 45218129
19546657 5967812
12369602 5980442
10454562 14077607
16627822 17703765
15357608 77712736
14077607 14362294
1442101 3149631
12053132 28539923
14291326 14362294
18087370 7423512
11224342 45218129
15840385 747863
1491971 15413301
16115549 6545352
1758271 7423512
16627822 6545352
14406208 15061970
14424826 17703765
20297371 6545352
12053132 1737011
14301334 5379992
15178133 9423662
16627822 77712736
11224342 2627491
18939033 327267369
19546657 5609462
14774443 15357608
12369602 6281792
16497976 327267369
52556532 91292413
14291326 1442101
15357608 16865502
1737011 17960638
16115549 7423512
36640820 80008888
27609219 5790132
17960638 45218129
43223610 48302912
10935622 48302912
11224342 12369602
14077607 7780852
14424826 1737011
14774443 43223610
12053132 16865502
10068722 12109952
106635398 91292413
12538472 57973034
13594872 1758271
15357608 80008888
14077607 15357608
10068722 80008888
17703765 33189661
18087370 8220792
13934912 77712736
14406208 5379992
14077607 6281792
15840385 5609462
16115549 5790132
16627822 5790132
14406208 1442101
20297371 5790132
2659631 7423512
14301334 3626301
12369602 16497976
106635398 80008888
48302912 7608352
20297371 79242506
142677826 19546657
14291326 16497976
10011372 15178133
12369602 74233
13594872 14303355
33189661 45218129
3626301 74233
1737011 74255297
5379992 9423662
10011372 5996402
12109952 26315349
17960638 2659631
13594872 9423662
15840385 5996402
12034532 14368300
9423662 9498152
14301334 14303355
1758271 33189661
28539923 6545352
43223610 5980442
20297371 5609462
14262796 3149631
14301334 6545352
14368300 17960638
48302912 9884622
52556532 6545352
21255367 45218129
12369602 77712736
3149631 8950222
10011372 5609462
14077607 74233
15840385 39164896
12034532 14262796
14301334 14406208
15109840 5609462
14362294 15357608
10454562 8950222
43223610 5790132
14057933 26315349
60555486 9645732
6281792 67305632
20297371 5967812
12369602 17703765
1620241 1737011
327267369 5379992
18939033 6545352
20918020 739223
12053132 9498152
14362294 9645732
1442101 5996402
33189661 33506176
36640820 74255297
12538472 14291326
13594872 5386032
106635398 12034532
14077607 739223
142677826 6281792
43223610 747863
45218129 8950222
106635398 5609462
1125681 3149631
14424826 2659631
20297371 39164896
14774443 20918020
12053132 15357608
2659631 9423662
1620241 16627822
3149631 67305632
21255367 36640820
12109952 9423662
6545352 9498152
14362294 7608352
10935622 15413301
13934912 67305632
1737011 33506176
10011372 747863
12538472 14406208
1277041 5996402
5967812 9884622
10935622 14424826
106635398 11224342
13934912 9645732
14406208 28539923
26315349 2659631
28539923 60555486
60555486 9498152
106635398 52556532
2659631 9645732
12109952 74255297
12369602 20918020
1125681 12053132
48302912 6281792
52556532 5980442
20918020 5980442
14291326 20918020
12109952 8950222
14362294 80008888
14368300 9884622
1442101 6545352
33189661 7423512
17101331 19546657
10011372 67305632
10068722 5790132
10935622 9423662
60555486 747863
2627491 7780852
12034532 1277041
1491971 747863
13934912 16865502
106635398 43223610
60555486 80854111
12053132 14362294
14291326 28539923
14301334 5967812
16232820 16497976
10454562 17101331
327267369 6545352
16865502 36640820
48302912 57973034
14158619 17960638
20918020 6281792
17389650 17960638
14368300 7608352
739223 7423512
12109952 17389650
17389650 80854111
10068722 5609462
60555486 6545352
14057933 60555486
7608352 8220792
14262796 80008888
16115549 1620241
14301334 15413301
15109840 7423512
15178133 5609462
28539923 45218129
10454562 7423512
13934912 1737011
60555486 77712736
6281792 91292413
14774443 15413301
14291326 327267369
2659631 80008888
1620241 2659631
10454562 1620241
48302912 74233
33506176 5790132
67305632 9570302
12538472 9423662
14406208 9645732
14262796 16865502
1277041 747863
13594872 74233
60555486 62462987
14077607 5379992
14424826 62462987
14301334 16497976
15109840 7780852
15178133 5790132
1277041 1442101
17960638 8950222
15413301 60555486
1125681 739223
12053132 14057933
12109952 60555486
12369602 2659631
16497976 9570302
12053132 6545352
14368300 6545352
10935622 26315349
13934912 33189661
14424826 77712736
5379992 5609462
12109952 16232820
12538472 15413301
10935622 80008888
106635398 21296750
1442101 15061970
9645732 9884622
1491971 33189661
16115549 2659631
12369602 1277041
10068722 142677826
14303355 15413301
15109840 8220792
1277041 14262796
15178133 747863
43223610 9570302
14262796 67305632
12034532 33189661
12053132 14077607
14291326 67305632
12369602 3149631
14368300 14406208
16497976 5609462
15413301 8950222
1125681 1491971
17101331 33189661
14368300 747863
14406208 8220792
8220792 9423662
14077607 2659631
14424826 7608352
17101331 2627491
15840385 8950222
5379992 6281792
10068722 33189661
12538472 16115549
17960638 67305632
26315349 45218129
14774443 6281792
16115549 19546657
15061970 5980442
14303355 16115549
17703765 26315349
10454562 5790132
43223610 8950222
14057933 14424826
19546657 3149631
14291326 747863
14316850 9570302
14362294 5379992
16865502 60555486
20918020 33189661
12053132 5790132
14303355 60555486
14368300 5790132
739223 9645732
1442101 9884622
14424826 80008888
16115549 5379992
1620241 74233
5790132 8220792
1277041 15413301
17960638 747863
13594872 43223610
14406208 17101331
15840385 20918020
12369602 14301334
17703765 23613776
17960638 80854111
10454562 45218129
14057933 14301334
19546657 74233
7780852 8220792
13594872 2659631
15357608 5980442
18939033 26315349
12053132 5379992
14291326 1491971
18087370 5980442
10935622 12053132
14406208 7423512
1620241 739223
1442101 16232820
2659631 5379992
14303355 2627491
16627822 8950222
1125681 17960638
5609462 9645732
14362294 330690616
10454562 14291326
16497976 74233
15357608 9423662
17389650 330690616
67305632 747863
14368300 5967812
739223 9498152
14406208 6545352
9570302 9884622
16115549 330690616
1758271 5967812
10068722 43223610
17703765 9423662
57973034 77712736
5996402 739223
16497976 19546657
106635398 16627822
15840385 17703765
26315349 5790132
14291326 77712736
10068722 10454562
14362294 18087370
15178133 9884622
18939033 5379992
14424826 15357608
20297371 91292413
5609462 91292413
16627822 17389650
1125681 14362294
16865502 74255297
3626301 43223610
1737011 9884622
74233 9423662
1620241 5980442
17960638 5996402
1442101 17960638
26315349 7423512
15061970 15840385
14362294 20297371
45218129 48302912
16865502 9423662
33506176 43328989
19546657 60555486
142677826 17389650
14291326 17389650
12109952 27609219
10011372 7780852
39164896 45218129
14406208 5996402
7423512 9645732
157422963 6281792
15840385 74255297
1491971 16497976
16115549 739223
1758271 74255297
16627822 60555486
2627491 3149631
15840385 16497976
26315349 6545352
14362294 16865502
14291326 15413301
10011372 1442101
1442101 36640820
39164896 52556532
14406208 5609462
106635398 14424826
11224342 27609219
7423512 91292413
157422963 43223610
1491971 16054090
16115549 74233
17960638 43328989
106635398 74233
11224342 12109952
20297371 74233
12034532 1620241
2659631 739223
14301334 3149631
12369602 16115549
10068722 12369602
15061970 16865502
27609219 9423662
28539923 9423662
10454562 26315349
20918020 9498152
12034532 9884622
12369602 67305632
33189661 5379992
1737011 6545352
17703765 330690616
11224342 33189661
15840385 5386032
14301334 15357608
1620241 9423662
1277041 2659631
10935622 28539923
16865502 26315349
14362294 17703765
48302912 77712736
33506176 36640820
12034532 91292413
12369602 747863
16497976 45218129
3149631 9884622
1442101 45218129
3626301 739223
1737011 747863
36640820 60555486
10011372 60555486
5379992 8950222
14406208 43223610
15357608 15413301
14077607 5790132
15840385 5980442
14301334 14316850
14362294 1491971
16627822 52556532
10935622 33189661
11224342 14077607
13934912 26315349
1442101 2627491
14424826 20918020
19546657 2659631
20297371 6281792
2627491 5996402
43223610 5967812
12053132 1620241
80008888 91292413
327267369 45218129
20918020 77712736
6545352 7608352
14362294 9498152
10935622 16865502
3626301 6545352
16115549 7780852
12538472 13594872
106635398 13934912
11224342 6545352
14077607 7423512
14424826 28539923
15357608 16115549
27609219 327267369
10454562 9423662
16627822 43223610
106635398 60555486
43223610 5609462
60555486 9570302
20297371 5980442
14262796 5379992
12053132 15840385
14301334 74233
14362294 16497976
330690616 5980442
14158619 20918020
12053132 9423662
10011372 1125681
14291326 26315349
14362294 9570302
14368300 9423662
10935622 1737011
1442101 60555486
1491971 15178133
18087370 8950222
10935622 14362294
11224342 7423512
14077607 6545352
14424826 327267369
14220739 747863
15840385 48302912
12034532 13594872
14774443 77712736
1758271 45218129
15109840 5980442
16627822 327267369
43223610 74255297
60555486 8950222
26315349 9498152
2659631 9498152
14301334 739223
15357608 45218129
12109952 9498152
12369602 91292413
15178133 2627491
13594872 15357608
3149631 7780852
17101331 17703765
14262796 16497976
1737011 327267369
1277041 60555486
13594872 5967812
14406208 26315349
106635398 10935622
11224342 5790132
14220739 67305632
14774443 80854111
14301334 16865502
10068722 17960638
16497976 17960638
10935622 747863
106635398 45218129
60555486 9423662
20297371 48302912
14262796 5980442
12369602 20297371
14368300 16115549
48302912 5609462
33506176 60555486
14158619 17101331
20918020 5967812
12369602 9884622
14303355 3626301
14368300 9570302
12109952 18087370
5790132 5980442
5980442 9884622
10935622 9498152
13934912 14262796
60555486 74255297
14077607 33189661
14424826 52556532
2627491 9645732
14774443 80008888
14301334 1737011
15178133 60555486
10454562 739223
10935622 5790132
5386032 74233
14316850 7423512
15357608 36640820
1125681 13594872
48302912 5790132
20918020 5609462
12109952 79242506
67305632 7780852
739223 74233
10935622 16497976
1442101 74233
3626301 9570302
17389650 8220792
21296750 45218129
39164896 8950222
5996402 91292413
106635398 2659631
14057933 5996402
1491971 3149631
14303355 17703765
10068722 16627822
15109840 74233
43223610 77712736
13934912 17389650
106635398 36640820
14057933 17389650
18939033 7780852
45218129 60555486
14262796 739223
77712736 91292413
12053132 14262796
10011372 19546657
14303355 1442101
14362294 60555486
14368300 15178133
16497976 91292413
15357608 6545352
16865502 43223610
330690616 77712736
17101331 3149631
20918020 5790132
14303355 747863
3626301 8950222
5379992 739223
12109952 16865502
5790132 9884622
1277041 74233
5980442 77712736
10935622 77712736
11224342 9645732
15357608 20297371
14220739 9884622
15109840 77712736
43223610 7608352
7780852 9884622
10011372 2659631
12369602 27609219
16497976 9884622
15413301 9884622
15357608 7423512
20918020 5379992
16054090 33506176
12053132 60555486
13594872 14057933
14406208 8950222
8950222 9645732
14262796 20918020
15840385 9498152
15109840 17703765
5790132 91292413
106635398 21255367
10068722 14291326
1277041 14316850
17960638 9645732
18087370 19546657
327267369 9884622
11224342 16865502
14057933 14362294
43223610 9884622
12053132 12369602
14301334 7780852
16627822 2659631
15413301 91292413
33189661 8220792
5609462 5790132
14303355 5609462
14368300 74233
1442101 8950222
157422963 80854111
5379992 5980442
12109952 15840385
10068722 33506176
15109840 18939033
43328989 45218129
5996402 8220792
14406208 17960638
1125681 9884622
15840385 18087370
14301334 2659631
15061970 5996402
15109840 9498152
17703765 2627491
45218129 74255297
14057933 1442101
1125681 5996402
14158619 14362294
5386032 9570302
10011372 1620241
12369602 36640820
16497976 5980442
16865502 5996402
14303355 5996402
1277041 9423662
14368300 57973034
18087370 43223610
10935622 20918020
739223 9570302
91292413 9884622
1442101 9570302
15840385 9645732
1737011 2659631
1620241 7423512
12538472 16627822
5996402 67305632
14424826 739223
14262796 9423662
14291326 9423662
10068722 1491971
11224342 17703765
142677826 16497976
14291326 57973034
14362294 3149631
16232820 20918020
10454562 14362294
1125681 14301334
33506176 77712736
1737011 9423662
12053132 52556532
14291326 14774443
17703765 60555486
14368300 6281792
739223 8950222
10935622 12109952
15413301 17960638
14262796 2659631
16115549 3149631
1758271 91292413
12538472 1737011
13594872 5379992
16865502 1737011
14424826 15413301
15840385 16865502
15178133 77712736
1125681 1758271
16865502 80008888
330690616 45218129
5609462 9570302
10011372 1737011
16627822 18087370
15357608 8950222
12053132 43223610
67305632 74233
14368300 5980442
739223 9423662
10935622 13594872
74233 9570302
7423512 7780852
14424826 9570302
15840385 80008888
1491971 26315349
16115549 327267369
1277041 16865502
16627822 72329972
1442101 17101331
15840385 1758271
26315349 57973034
2659631 3149631
12369602 1491971
16627822 79242506
15413301 36640820
11224342 16497976
5609462 8950222
12109952 3149631
12538472 33189661
13594872 16497976
16627822 1737011
14077607 14406208
16054090 6281792
17703765 7423512
74233 9498152
74255297 9498152
15840385 6545352
1491971 15840385
1620241 5996402
1442101 1758271
26315349 74255297
12034532 17960638
12053132 19546657
14774443 28539923
17703765 17960638
27609219 9884622
19546657 5996402
20918020 9570302
14291326 1737011
12369602 60555486
10454562 12109952
16627822 16865502
14368300 48302912
14406208 60555486
11224342 5379992
7423512 9570302
14077607 1737011
15840385 7423512
36640820 80854111
1442101 19546657
14424826 17960638
14774443 33189661
106635398 9498152
20297371 77712736
20918020 8950222
10454562 12538472
16497976 33189661
1737011 5996402
17703765 36640820
39164896 5609462
18087370 6545352
7423512 8950222
15357608 17703765
15840385 5790132
9423662 9884622
1737011 17703765
10068722 18087370
12538472 2659631
17960638 48302912
13934912 20918020
11224342 12053132
2627491 5379992
20297371 7423512
12053132 16627822
14368300 20918020
106635398 80854111
20918020 9423662
1442101 43223610
52556532 9884622
16115549 9884622
12538472 1277041
14368300 3626301
10935622 1491971
14406208 45218129
15357608 1737011
14077607 5967812
12034532 1491971
106635398 6545352
11224342 13934912
12369602 16627822
14362294 1758271
106635398 77712736
11224342 20918020
1125681 2627491
330690616 74255297
14158619 2659631
20918020 8220792
12053132 9884622
17389650 26315349
12369602 74255297
10454562 106635398
1737011 74233
1277041 3149631
15357608 157422963
15840385 5967812
12034532 14406208
36640820 9884622
43328989 8950222
43223610 60555486
45218129 77712736
106635398 62462987
14077607 9423662
14424826 20297371
26315349 7608352
12034532 739223
12053132 157422963
2659631 5996402
14362294 15840385
14368300 17703765
106635398 7608352
17101331 9645732
17389650 23613776
14362294 9423662
13594872 14406208
1442101 5609462
52556532 77712736
5379992 9645732
16115549 77712736
10068722 9884622
17960638 18087370
10935622 14291326
14406208 36640820
12034532 14291326
14301334 1442101
10454562 9498152
43223610 5386032
14057933 2659631
60555486 9884622
18939033 9884622
6281792 6545352
14158619 9645732
14301334 7423512
12369602 17960638
10454562 18939033
3149631 739223
48302912 91292413
33506176 74233
20918020 7423512
13594872 1491971
10935622 17389650
5379992 7780852
36640820 72329972
15109840 15357608
5790132 74233
5967812 9423662
13594872 5790132
10935622 14368300
106635398 12109952
11224342 74233
14057933 7780852
14424826 33506176
1491971 60555486
10068722 15840385
15109840 5967812
16497976 16627822
13934912 16497976
45218129 9498152
2627491 739223
14291326 43223610
1620241 16865502
16232820 17389650
14368300 16497976
16497976 7780852
16865502 28539923
10011372 10068722
14303355 28539923
13934912 6545352
17101331 1758271
1737011 330690616
12538472 14368300
1277041 5967812
10935622 8950222
15357608 2659631
14262796 15357608
12034532 12053132
1491971 6545352
14301334 1758271
14362294 14424826
45218129 9570302
106635398 43328989
6281792 7780852
5386032 5790132
12109952 74233
14303355 15178133
327267369 36640820
20918020 60555486
16054090 43223610
6545352 9570302
10011372 13594872
12109952 8220792
14368300 9645732
10935622 16115549
33189661 739223
5379992 6545352
17389650 79242506
5790132 6281792
10935622 9570302
11224342 6281792
15357608 19546657
14077607 33506176
14424826 45218129
1491971 7423512
14301334 17389650
14303355 16865502
15178133 5996402
13934912 16627822
11224342 15357608
14262796 5609462
12053132 14424826
2659631 7780852
14301334 5996402
15061970 2659631
14362294 5609462
3149631 5790132
14158619 17703765
20918020 5386032
10011372 12034532
12109952 7780852
12538472 80008888
18087370 33189661
739223 747863
1442101 7423512
5379992 7423512
36640820 43223610
10068722 747863
13934912 14362294
11224342 9498152
14424826 5790132
14158619 5996402
15840385 23613776
16054090 26315349
10068722 1442101
45218129 5996402
10935622 6281792
62462987 9498152
20297371 33189661
14291326 33189661
12109952 6281792
12369602 2627491
14362294 5996402
14368300 15061970
3149631 5379992
20918020 45218129
5609462 60555486
18087370 28539923
14077607 20297371
14262796 16627822
10068722 67305632
12538472 15840385
1277041 7423512
5790132 9570302
10935622 7780852
14406208 20297371
1125681 9423662
14077607 45218129
2627491 9423662
15840385 2659631
14303355 15840385
10068722 14362294
1277041 14406208
10454562 5996402
106635398 3149631
11224342 14362294
14057933 16865502
6281792 9884622
7780852 9570302
12109952 5980442
14301334 9570302
14303355 9423662
10454562 15840385
15357608 74233
16865502 5379992
12053132 5996402
12109952 15061970
67305632 8950222
14303355 57973034
5980442 74233
13594872 13934912
10935622 2659631
14406208 91292413
8950222 9570302
14077607 18087370
1442101 8220792
15840385 9423662
1737011 21296750
1620241 327267369
1277041 6545352
5996402 77712736
14057933 739223
14424826 6545352
16054090 20297371
17703765 18087370
17960638 9570302
45218129 6545352
3149631 3626301
20918020 43223610
1737011 77712736
6545352 74233
14368300 7423512
1442101 9423662
14424826 80854111
5379992 5967812
1620241 3149631
1125681 9570302
747863 9423662
14424826 7423512
14158619 5379992
7608352 9423662
26315349 48302912
2659631 39164896
10068722 15178133
15109840 9423662
15178133 67305632
45218129 7423512
1125681 60555486
14291326 5609462
12109952 48302912
16497976 5967812
3149631 33189661
16865502 62462987
6545352 739223
12109952 14368300
14316850 14362294
5980442 6281792
739223 9884622
1442101 9645732
15840385 9570302
106635398 17703765
1442101 16054090
12034532 20918020
10454562 5379992
14057933 14316850
16865502 77712736
330690616 43223610
5609462 7780852
14291326 5790132
14316850 8950222
12538472 3149631
15357608 60555486
1125681 14303355
1737011 9498152
12109952 14303355
17703765 5996402
74233 7608352
10935622 12369602
17703765 9884622
5967812 6281792
17960638 5790132
16865502 17703765
1442101 16865502
12369602 14424826
14362294 2659631
11224342 15840385
1125681 17703765
14057933 15357608
330690616 43328989
1125681 14406208
16865502 739223
12109952 14077607
67305632 7423512
18087370 5386032
74233 9645732
10935622 13934912
14406208 67305632
14077607 15840385
14424826 9884622
1491971 2627491
16115549 36640820
1758271 5996402
16497976 18087370
14406208 15840385
1442101 1737011
14424826 16054090
26315349 5386032
14362294 19546657
14424826 15109840
1442101 28539923
14291326 14303355
17703765 74233
36640820 7780852
15061970 9570302
27609219 5980442
1620241 60555486
16865502 20918020
1442101 17703765
14424826 16627822
14291326 80854111
2659631 36640820
14303355 20918020
15413301 3149631
16865502 9570302
20297371 9884622
20918020 9884622
14291326 17703765
10011372 14362294
12369602 5996402
1442101 33189661
18939033 19546657
16054090 9423662
10011372 9570302
17389650 45218129
7423512 9498152
11224342 52556532
14077607 17389650
15840385 74233
12034532 15061970
10068722 19546657
15109840 33189661
5996402 60555486
16627822 5980442
10935622 43223610
14406208 15178133
43223610 5379992
26315349 67305632
12053132 17960638
14362294 16627822
14368300 18087370
106635398 9423662
18939033 36640820
33506176 39164896
10454562 1125681
1442101 3626301
1737011 60555486
1277041 33189661
18087370 80008888
106635398 14362294
11224342 3149631
9423662 9570302
12034532 15357608
10068722 2659631
15109840 39164896
16497976 26315349
10935622 52556532
14424826 19546657
14262796 33189661
10068722 12053132
14362294 1737011
11224342 18087370
19546657 9884622
17389650 18939033
13594872 14262796
10011372 9423662
10068722 7780852
17703765 3149631
39164896 5980442
1277041 3626301
14368300 33189661
11224342 327267369
15357608 15840385
14077607 5980442
15840385 6281792
16054090 16865502
16115549 60555486
11224342 13594872
16865502 2659631
14077607 9570302
14424826 21255367
14262796 28539923
12034532 15840385
12053132 16115549
14368300 16865502
6545352 77712736
13594872 14368300
16497976 48302912
1442101 5379992
1737011 7423512
39164896 6281792
14077607 5386032
15840385 43223610
9498152 9570302
14362294 15178133
16232820 9498152
43328989 91292413
43223610 5996402
12034532 74233
2659631 60555486
14368300 1737011
3149631 7423512
17101331 9570302
12034532 80008888
10011372 1491971
1758271 2659631
12369602 7780852
10935622 17101331
1442101 5790132
5379992 9570302
10068722 9570302
17703765 45218129
1277041 5379992
14406208 327267369
10935622 14301334
13934912 91292413
14077607 747863
12034532 14301334
1491971 5609462
15109840 5790132
1620241 7780852
13934912 15840385
12053132 15178133
2659631 91292413
14368300 15840385
10454562 19546657
1125681 20297371
18939033 60555486
19546657 7780852
20918020 74233
14291326 2659631
21255367 39164896
10935622 1758271
13934912 5996402
3626301 60555486
10011372 739223
5790132 7423512
18087370 9498152
5967812 9498152
14406208 3149631
14057933 9645732
14424826 33189661
14158619 67305632
14262796 14303355
12034532 14057933
1491971 5996402
15178133 5379992
10454562 8220792
13934912 1620241
43223610 72329972
45218129 9423662
6281792 74233
26315349 8950222
12034532 5996402
1491971 9884622
12369602 19546657
14362294 67305632
327267369 330690616
1125681 12538472
33506176 6545352
14291326 19546657
21255367 33189661
10068722 5996402
39164896 77712736
12538472 14362294
5790132 6545352
43328989 72329972
14406208 2659631
10935622 91292413
13934912 14301334
14077607 3626301
14424826 39164896
60555486 739223
10068722 17703765
14362294 1442101
10454562 7780852
10935622 5609462
106635398 48302912
11224342 1491971
14057933 16497976
12034532 5609462
12053132 1491971
12109952 7423512
14291326 5379992
14362294 747863
1125681 14077607
20918020 5996402
12053132 7780852
21255367 27609219
6545352 9645732
14368300 7780852
13934912 74233
5967812 77712736
13934912 14424826
15840385 33506176
1491971 74233
10935622 5967812
1125681 6545352
142677826 1442101
12053132 1442101
12109952 6545352
14301334 60555486
12369602 23613776
77712736 9498152
14362294 5386032
10454562 16054090
16497976 9498152
3149631 5609462
12053132 747863
14303355 6545352
18087370 330690616
13934912 3149631
15413301 2659631
3626301 9423662
1737011 43328989
5379992 74233
10068722 74233
15109840 16627822
12538472 15178133
1277041 739223
11224342 9423662
14424826 5609462
26315349 36640820
10068722 14424826
18087370 20918020
45218129 5980442
60555486 7780852
14057933 17703765
1125681 747863
20297371 33506176
12034532 5379992
14291326 3626301
14303355 14406208
14316850 5996402
14362294 5980442
13594872 19546657
327267369 74255297
15357608 67305632
16865502 45218129
33189661 9884622
33506176 9884622
5609462 5996402
14303355 7423512
14077607 20918020
1442101 77712736
33189661 5996402
12109952 16627822
15109840 1737011
5790132 9645732
5980442 80008888
5996402 9884622
14406208 20918020
60555486 6281792
14424826 6281792
14774443 9884622
17703765 19546657
15178133 739223
17960638 91292413
10454562 60555486
15413301 6281792
327267369 9423662
1125681 5790132
12109952 5790132
14301334 9645732
3149631 43223610
330690616 80854111
33189661 7608352
12053132 5980442
6545352 67305632
14303355 5790132
15413301 1620241
157422963 79242506
1737011 20297371
17703765 8220792
13594872 33189661
1442101 15357608
15840385 18939033
12034532 2659631
1491971 43223610
45218129 739223
1125681 5609462
19546657 33506176
12034532 3626301
14291326 739223
12109952 5609462
14774443 16627822
14362294 48302912
16627822 26315349
17101331 43223610
33506176 79242506
6545352 7423512
10935622 18939033
1442101 9498152
14424826 8220792
14220739 26315349
5379992 60555486
5790132 80008888
1277041 1620241
43328989 48302912
1125681 9645732
14424826 74233
7608352 9498152
14774443 5980442
10068722 15061970
1277041 15357608
18087370 2659631
43223610 91292413
15413301 74233
11224342 1737011
1125681 5967812
45218129 74233
12109952 43328989
16497976 60555486
16627822 23613776
5609462 7423512
17389650 74233
14303355 5967812
8220792 9570302
1737011 26315349
1620241 747863
5996402 6545352
14424826 15840385
2659631 48302912
12369602 14362294
14057933 15109840
1125681 16865502
5609462 77712736
14291326 5980442
14316850 9423662
15178133 15357608
10454562 14424826
20297371 2659631
12109952 142677826
67305632 739223
17703765 5980442
18087370 6281792
15413301 16627822
14077607 16497976
14220739 33189661
5790132 77712736
17960638 5609462
5996402 747863
14406208 16497976
106635398 17101331
16865502 1758271
15840385 16627822
26315349 5996402
10068722 1125681
10454562 43223610
15413301 33189661
16627822 9423662
1125681 1737011
330690616 5379992
20297371 9423662
14291326 6281792
12109952 33189661
12369602 5379992
12538472 36640820
16627822 19546657
18939033 20297371
3626301 48302912
17389650 33189661
14368300 43223610
10935622 14057933
15061970 91292413
1758271 60555486
12538472 18087370
17960638 6281792
57973034 7780852
13934912 14077607
2627491 33189661
15840385 1737011
12034532 1737011
26315349 5609462
16627822 8220792
1125681 15840385
14424826 15061970
10011372 16865502
12538472 327267369
10454562 13594872
15357608 9570302
14077607 1442101
1737011 5790132
17703765 739223
14316850 16865502
74233 8950222
14406208 6281792
14077607 17703765
15061970 9645732
12538472 20297371
17960638 43223610
14057933 5379992
12034532 16627822
10068722 14077607
14368300 19546657
1125681 1620241
16865502 9884622
17389650 20918020
10454562 12034532
16497976 36640820
14077607 14303355
17101331 6545352
20297371 20918020
1737011 5609462
12053132 3149631
10011372 9645732
17703765 6545352
14368300 45218129
10935622 11224342
7423512 9423662
15840385 739223
16627822 5967812
10935622 43328989
12034532 16054090
12369602 15840385
27609219 91292413
16232820 74233
15413301 5379992
14291326 15840385
13594872 17960638
17101331 7423512
1737011 5967812
36640820 5790132
17703765 3626301
15357608 17960638
14077607 16865502
9423662 9645732
1737011 17389650
16115549 5609462
43328989 77712736
16627822 5609462
10935622 5379992
12034532 16497976
2659631 74255297
1491971 7780852
1125681 2659631
18939033 3149631
12369602 739223
3626301 747863
14368300 33506176
106635398 14262796
11224342 36640820
14077607 5996402
16115549 5996402
15109840 48302912
1620241 8950222
10454562 9884622
106635398 67305632
14077607 9645732
12053132 16054090
2659631 5609462
15061970 17703765
12369602 16865502
10454562 20297371
330690616 74233
18939033 74255297
48302912 7780852
21255367 52556532
10011372 15357608
17389650 2659631
13594872 14362294
17703765 5379992
106635398 14158619
14077607 5609462
14262796 14368300
9498152 9884622
16054090 17389650
16115549 16865502
10454562 91292413
16627822 39164896
45218129 80008888
1442101 2659631
12034532 7423512
2659631 5967812
80008888 9498152
3149631 74233
52556532 72329972
14303355 5379992
5379992 9884622
1491971 15357608
16115549 80008888
36640820 7423512
10068722 9645732
17703765 43328989
5790132 739223
5967812 8950222
43328989 60555486
10935622 14303355
157422963 36640820
14262796 14291326
12034532 14303355
15840385 5379992
28539923 5609462
10935622 6545352
5386032 5996402
26315349 9884622
12034532 6545352
14301334 747863
14362294 1620241
20918020 747863
12053132 80008888
12109952 9884622
14291326 18087370
12538472 74255297
13594872 15178133
10935622 17703765
13934912 60555486
1442101 6281792
3626301 5996402
10011372 74233
12538472 14424826
1277041 43223610
10935622 14406208
14057933 9570302
15840385 43328989
12034532 14077607
15109840 6281792
28539923 5790132
16497976 16865502
10935622 739223
6281792 7423512
2627491 7423512
12034532 60555486
14291326 45218129
14301334 5790132
12369602 18939033
327267369 33189661
330690616 9498152
20918020 6545352
14291326 18939033
12109952 91292413
12369602 9498152
14362294 7780852
15178133 26315349
14262796 1620241
1737011 43223610
5980442 9498152
11224342 60555486
15840385 27609219
15061970 33189661
10068722 1737011
15178133 43223610
1277041 13594872
60555486 80008888
1125681 33189661
14262796 6281792
14774443 2659631
14291326 52556532
15357608 28539923
16865502 33189661
3149631 60555486
33189661 9423662
12053132 77712736
10011372 14057933
14303355 33189661
14362294 8220792
13934912 7423512
10011372 33189661
17389650 80008888
15109840 16497976
5967812 7780852
5996402 9423662
13934912 14406208
14057933 9423662
15357608 18087370
14424826 48302912
15840385 33189661
142677826 74233
14774443 9423662
1491971 739223
43223610 79242506
10935622 5980442
106635398 39164896
13934912 17960638
77712736 9423662
14362294 57973034
14368300 15357608
10454562 16115549
16497976 9423662
15357608 327267369
33189661 8950222
12053132 74255297
10011372 12109952
67305632 77712736
18087370 327267369
5379992 747863
1737011 45218129
10068722 7423512
5790132 57973034
5996402 8950222
13594872 747863
106635398 2627491
26315349 327267369
14303355 1737011
10068722 14406208
18087370 20297371
45218129 5967812
1125681 74233
6281792 9423662
2659631 8220792
14362294 5967812
3149631 45218129
33189661 9570302
20918020 48302912
5609462 5980442
12109952 15357608
14303355 74233
12538472 91292413
18087370 27609219
33189661 60555486
36640820 52556532
10068722 6545352
1620241 39164896
39164896 9884622
5996402 9570302
1442101 1491971
14424826 5980442
15840385 26315349
26315349 3149631
1491971 3626301
15061970 5379992
12369602 12538472
17703765 18939033
10454562 5967812
327267369 9498152
106635398 27609219
11224342 14424826
77712736 9570302
12109952 57973034
10454562 15178133
327267369 5790132
15357608 74255297
16865502 5609462
12053132 5967812
17389650 5609462
12538472 9884622
1277041 9884622
7423512 747863
17101331 2659631
14220739 18939033
1737011 20918020
10011372 5379992
21296750 327267369
10068722 36640820
1620241 33189661
5790132 8950222
14057933 7423512
15061970 5790132
1277041 14303355
15413301 5790132
14057933 14368300
1125681 6281792
19546657 33189661
7780852 8950222
16865502 5790132
5609462 739223
12053132 5609462
18087370 39164896
14368300 739223
5980442 60555486
10935622 19546657
5379992 5996402
12109952 15413301
17389650 9498152
15109840 20918020
74233 7423512
14406208 1737011
14291326 91292413
1491971 5379992
12369602 14291326
10068722 15109840
16627822 9884622
15413301 7423512
14158619 14406208
5386032 9884622
12109952 45218129
14303355 7780852
1620241 19546657
14362294 28539923
16497976 5996402
1125681 15061970
5609462 74233
74233 77712736
91292413 9423662
14424826 9498152
17960638 739223
106635398 17960638
747863 9645732
14291326 9884622
2659631 43328989
15061970 6545352
14303355 2659631
14362294 2627491
16232820 43223610
15413301 6545352
5386032 91292413
14291326 5967812
12369602 45218129
10454562 14406208
16865502 6545352
33506176 7780852
20918020 3149631
12053132 39164896
12109952 14291326
14291326 15109840
17703765 5967812
18087370 62462987
739223 91292413
10935622 12538472
14220739 33506176
17703765 9645732
5996402 74233
16865502 17960638
747863 7780852
26315349 60555486
12053132 20297371
2659631 28539923
14303355 19546657
15178133 7780852
15413301 33506176
20297371 9498152
14291326 16627822
14362294 3626301
16627822 18939033
1125681 14368300
16865502 7423512
18939033 20918020
16054090 5996402
12109952 13934912
17703765 5609462
18087370 5790132
74233 9884622
10935622 14077607
16115549 3626301
15109840 2659631
1620241 6281792
17703765 91292413
17960638 5980442
16627822 7423512
14057933 45218129
2659631 33189661
16232820 330690616
18939033 39164896
14424826 15178133
19546657 6281792
5609462 9423662
15178133 1620241
10454562 14158619
16627822 17960638
15357608 9884622
14077607 14424826
1442101 27609219
12053132 3626301
12109952 12538472
14368300 5379992
74233 91292413
11224342 48302912
14220739 45218129
15109840 3149631
5996402 6281792
16627822 67305632
14424826 16865502
2659631 3626301
12369602 15357608
45218129 5379992
15413301 45218129
106635398 9884622
14291326 17960638
17389650 20297371
15178133 15840385
10454562 12053132
14077607 14316850
1737011 6281792
14291326 14406208
10935622 1125681
14406208 5790132
15357608 16627822
16115549 747863
14301334 1491971
36640820 79242506
17960638 5379992
43223610 45218129
10935622 45218129
14406208 1491971
1442101 20297371
12053132 17703765
2659631 6545352
11224342 2659631
48302912 80008888
20918020 91292413
12034532 9570302
21255367 5980442
15178133 1737011
10454562 10935622
16497976 43223610
15357608 79242506
17101331 74233
52556532 9498152
13594872 8220792
14220739 43223610
10068722 26315349
1620241 9884622
16497976 2659631
106635398 72329972
11224342 1277041
16865502 2627491
14424826 18087370
14262796 327267369
26315349 8220792
2659631 747863
106635398 79242506
20297371 80008888
20918020 80008888
1758271 20297371
15178133 16865502
14077607 14774443
16115549 9570302
10011372 5967812
12109952 2659631
17960638 26315349
14077607 60555486
1491971 17703765
16115549 5980442
1758271 327267369
15178133 33189661
16627822 45218129
10935622 3149631
14158619 91292413
2627491 5980442
26315349 7780852
12053132 16497976
2659631 5790132
14301334 33189661
14368300 16627822
10454562 20918020
12034532 9423662
12053132 9570302
12538472 60555486
14362294 91292413
13934912 5790132
10011372 14763
10068722 115650417
10454562 5702
106635398 18327902
10935622 1652541
10350 1125681
12034532 17104751
12053132 14372143
12109952 199636537
12369602 7282592
1277041 657863
11740902 13934912
14057933 3840
14077607 36637295
14220739 15437924
14262796 3840
142677826 42052422
14291326 199636537
14301334 3840
14303355 7846
14316850 14372143
14368300 18327902
14406208 657863
1442101 93017945
14424826 19564508
14774443 930061
1491971 5702
115650417 15061970
14763 15178133
15357608 36637295
15413301 3840
157422963 180463340
15840385 3840
16054090 166369152
16115549 1652541
16232820 42052422
16497976 216888261
16627822 7541162
16865502 3840
1737011 657863
17389650 29324093
1758271 652193
115650417 17703765
115650417 17960638
18087370 251140802
18939033 42052422
19546657 3840
11435642 20918020
115650417 26315349
2659631 42052422
217566159 27609219
15437924 3149631
217566159 327267369
216888261 330690616
11740902 33189661
11740902 3626301
36640820 42052422
39164896 46816187
43223610 97984818
19564508 43328989
199636537 45218129
19564508 52556532
199636537 5379992
11740902 5386032
199636537 5609462
3829151 57973034
11435642 5967812
36637295 5980442
1652541 5996402
29324093 60555486
6281792 652193
3840 6545352
17104751 67305632
739223 83497983
74233 97984818
15437924 7423512
657863 747863
18327902 77712736
657863 7780852
79242506 97984818
251140802 80854111
657863 8220792
199636537 8950222
11740902 9423662
18327902 9498152
3840 9570302
14134204 9645732
7282592 9884622
10068722 3840
10350 10454562
106635398 19564508
10935622 224257403
1125681 42052422
12034532 749863
12053132 3840
12109952 1652541
12369602 19564508
1277041 3840
13934912 5763262
14220739 15958614
14291326 18327902
14303355 7282592
14316850 5702
14368300 652193
14406208 1586501
1442101 5702
14424826 97984818
1491971 657863
15061970 52451443
15178133 657863
15413301 657863
16054090 7846
14372143 16232820
16497976 382630878
1737011 22938914
1652541 17389650
14763 1758271
17703765 97984818
17960638 19564508
1652541 18087370
11435642 18939033
19546657 7541162
18327902 20918020
216888261 26315349
19564508 2659631
216888261 27609219
3149631 5763262
251140802 327267369
330690616 97984818
11435642 33189661
3626301 636923
217566159 36640820
39164896 52451443
19564508 43223610
5609462 657863
57973034 7980402
3840 5967812
5763262 5996402
46816187 60555486
3840 6281792
382630878 6545352
46816187 67305632
7282592 739223
3840 74233
5768872 7423512
14372143 747863
36637295 7780852
3840 8220792
652193 8950222
14372143 9423662
749863 9498152
767396 9570302
930061 9645732
657863 9884622
10068722 199636537
10454562 11666142
106635398 15437924
10935622 3840
1125681 3840
13934912 42052422
14220739 29324093
14291326 216888261
14303355 52451443
14316850 14763
14368300 14763
14406208 652193
11666142 1491971
10350 15178133
16054090 251140802
16232820 1652541
16497976 3840
1737011 199636537
1758271 18327902
1652541 17703765
17960638 217566159
18939033 46816187
20918020 3840
217566159 26315349
2659631 46816187
27609219 29324093
216888261 327267369
217566159 330690616
33189661 657863
14372143 3626301
19564508 36640820
115650417 43223610
5609462 97984818
15437924 5996402
15437924 60555486
199636537 6545352
11740902 67305632
14372143 739223
657863 74233
11740902 747863
1652541 8220792
46816187 8950222
11740902 9570302
3840 9645732
10068722 46816187
10454562 14372143
106635398 42052422
1125681 52451443
13934912 5768872
14291326 42052422
14303355 5768872
14368300 5763262
14406208 5763262
1491971 3840
16054090 18327902
14159148 16232820
16497976 19564508
14134204 1737011
1758271 3840
17703765 29324093
17960638 97984818
18939033 52451443
26315349 29324093
18327902 2659631
1652541 27609219
115650417 327267369
199636537 330690616
1652541 33189661
18327902 3626301
36640820 97984818
1652541 43223610
11435642 5996402
6545352 97984818
5768872 67305632
18327902 74233
14763 747863
52451443 8950222
3829151 9570302
657863 9645732
10454562 930061
13934912 657863
14368300 930061
17703765 3840
18939033 199636537
2659631 3840
3840 5996402
3840 67305632
18327902 8950222
13934912 3840
