15058148 16520993
16520993 853521
147386402 15058148
15058148 28229899
147386402 28229899
15058148 853521
147386402 20463300
15058148 82164597
16520993 23711472
16520993 28229899
20463300 23711472
147386402 16520993
15058148 20463300
15058148 23711472
20463300 28229899
23711472 28229899
16520993 20463300
147386402 23711472
147386402 18626079
15058148 23278844
16520993 18626079
20463300 9567932
23711472 9567932
13165 28229899
22594012 82164597
14239472 853521
147386402 17014614
15058148 30153287
14283433 16520993
14283433 20463300
13612732 23711472
12561452 28229899
10461262 82164597
12561452 853521
147386402 15508834
15058148 22594012
16520993 208280030
20463300 224803883
208280030 23711472
13612732 28229899
82164597 9567932
132422304 853521
14283433 147386402
15058148 9567932
15508834 16520993
13165 20463300
132422304 23711472
28229899 9567932
13165 82164597
13612732 853521
132422304 147386402
15058148 18656798
16520993 224803883
15508191 20463300
14283433 23711472
15508191 28229899
18626079 82164597
18656798 853521
147386402 18656798
14083150 15058148
16520993 30153287
12561452 20463300
197185294 23711472
18656798 28229899
14239472 82164597
197185294 853521
147386402 17219815
15058148 15508834
16520993 2712411
13612732 20463300
12561452 23711472
22594012 28229899
208280030 82164597
853521 9567932
12561452 147386402
15058148 208280030
12561452 16520993
14239472 20463300
23711472 30153287
14083150 28229899
18879757 82164597
15508191 853521
13612732 147386402
15058148 15508191
132422304 16520993
20463300 30153287
15508191 23711472
18626079 28229899
14083150 82164597
13165 853521
12561452 15058148
16520993 17219815
20463300 208280030
23711472 24229513
14327760 82164597
18626079 853521
15508191 16520993
22594012 23711472
17014614 82164597
224803883 853521
