17976798 95461374
14448205 66499322
14448205 15924858
182925539 29872754
3245291 57875811
23039989 47766490
273120131 95461374
182159386 20999409
183786731 47766490
104301012 66499322
17976798 48132655
182159386 182925539
182925539 66649152
236840136 3245291
14448205 182925539
182925539 183786731
273120131 28192145
23039989 95461374
113859309 182925539
14448205 17972871
182925539 48132655
12478932 3245291
273120131 327861573
113859309 66499322
143950772 14448205
3245291 66691804
17972871 182925539
14448205 273120131
15924858 204750852
236840136 95461374
12478932 16504528
140519931 204750852
143950772 236840136
17976798 29872754
15924858 327861573
204750852 47766490
143950772 17976798
17976798 182925539
15342811 47766490
104301012 143950772
143950772 66691804
14448205 48132655
15924858 66691804
17972871 66499322
113859309 15342811
182159386 57875811
143950772 322069904
204750852 28192145
104301012 327861573
48132655 66649152
15342811 7384432
143950772 204750852
29872754 3245291
273120131 66499322
182159386 95461374
15342811 16504528
12478932 234056092
95461374 97477051
20203701 20999409
322069904 47766490
10078882 66649152
182925539 327861573
113859309 3245291
182159386 28192145
234056092 66649152
104301012 239141315
28192145 66691804
10078882 3245291
14448205 236840136
20999409 234056092
16504528 234056092
234056092 322069904
322069904 7384432
23039989 236840136
17972871 28192145
57875811 95461374
143950772 15342811
14448205 327861573
3245291 7384432
57875811 66499322
20999409 48132655
182159386 29872754
15342811 97477051
140519931 29872754
48132655 97477051
104301012 12478932
15924858 273120131
236840136 48132655
16504528 273120131
113859309 66649152
182159386 183786731
28192145 97477051
10078882 239141315
104301012 15924858
143950772 97477051
14448205 182159386
10078882 15342811
140519931 47766490
28192145 47766490
66649152 97477051
10078882 57875811
113859309 182159386
17972871 273120131
273120131 3245291
182925539 66499322
327861573 66691804
16504528 182159386
104301012 66649152
14448205 47766490
113859309 14448205
143950772 66499322
10078882 23039989
17972871 183786731
327861573 66499322
12478932 14448205
15342811 236840136
143950772 234056092
236840136 57875811
16504528 28192145
12478932 17972871
15924858 66499322
236840136 239141315
16504528 327861573
322069904 97477051
17976798 183786731
17976798 66649152
10078882 66499322
140519931 16504528
182925539 57875811
12478932 273120131
66649152 66691804
234056092 236840136
14448205 16504528
47766490 66649152
273120131 66649152
23039989 322069904
48132655 7384432
204750852 3245291
239141315 97477051
143950772 20999409
183786731 322069904
28192145 7384432
23039989 273120131
20203701 57875811
182925539 95461374
204750852 66499322
66691804 97477051
15342811 48132655
14448205 7384432
20203701 29872754
204750852 66691804
15924858 182159386
183786731 7384432
28192145 322069904
113859309 16504528
182925539 3245291
236840136 66649152
16504528 66499322
10078882 327861573
234056092 57875811
14448205 234056092
10078882 15924858
20999409 236840136
10078882 28192145
14448205 66691804
322069904 66649152
17976798 97477051
140519931 14448205
140519931 66691804
14448205 3245291
20203701 66691804
182159386 47766490
10078882 20203701
140519931 236840136
104301012 236840136
182159386 322069904
3245291 47766490
140519931 322069904
15924858 322069904
182925539 204750852
140519931 273120131
143950772 182159386
104301012 113859309
16504528 29872754
10078882 143950772
16504528 17972871
23039989 97477051
15342811 15924858
17972871 322069904
140519931 7384432
183786731 97477051
10078882 95461374
104301012 7384432
15924858 17972871
20999409 57875811
47766490 66499322
143950772 327861573
236840136 97477051
104301012 29872754
15342811 20203701
17972871 7384432
204750852 29872754
12478932 97477051
66499322 66691804
113859309 236840136
16504528 3245291
183786731 234056092
104301012 47766490
48132655 66499322
17976798 20999409
28192145 66499322
16504528 66691804
12478932 140519931
20999409 66691804
47766490 7384432
15924858 234056092
182925539 273120131
239141315 57875811
17976798 28192145
15342811 20999409
183786731 57875811
143950772 239141315
182925539 23039989
104301012 28192145
15342811 182925539
20999409 3245291
66499322 97477051
182159386 97477051
15924858 47766490
17976798 20203701
10078882 182925539
140519931 97477051
28192145 57875811
10078882 47766490
104301012 95461374
140519931 15342811
15924858 97477051
7384432 97477051
183786731 66649152
28192145 29872754
17972871 47766490
29872754 97477051
15924858 23039989
236840136 7384432
140519931 23039989
183786731 48132655
104301012 23039989
12478932 7384432
143950772 20203701
20999409 29872754
20203701 48132655
104301012 57875811
15342811 57875811
182925539 66691804
15924858 16504528
28192145 48132655
322069904 48132655
57875811 97477051
47766490 95461374
20203701 234056092
12478932 47766490
239141315 273120131
14448205 28192145
104301012 234056092
15342811 95461374
12478932 66691804
234056092 48132655
104301012 48132655
183786731 239141315
12478932 17976798
20203701 239141315
14448205 20999409
322069904 57875811
15342811 3245291
16504528 183786731
140519931 182159386
15924858 66649152
104301012 182159386
29872754 7384432
57875811 66691804
17972871 182159386
20203701 95461374
143950772 3245291
239141315 66499322
140519931 20999409
17972871 66649152
48132655 66691804
104301012 20999409
113859309 12478932
16504528 48132655
104301012 273120131
17976798 47766490
113859309 234056092
29872754 322069904
322069904 95461374
183786731 236840136
14448205 20203701
29872754 47766490
10078882 17976798
15342811 29872754
29872754 66691804
15924858 17976798
182925539 47766490
3245291 97477051
28192145 327861573
113859309 273120131
143950772 47766490
15924858 236840136
113859309 322069904
15342811 204750852
182159386 273120131
16504528 57875811
239141315 95461374
15342811 183786731
10078882 322069904
15924858 239141315
16504528 239141315
10078882 273120131
182925539 7384432
10078882 183786731
140519931 143950772
17972871 239141315
17976798 236840136
239141315 327861573
16504528 95461374
14448205 15342811
20203701 23039989
239141315 48132655
47766490 48132655
236840136 47766490
10078882 12478932
16504528 20203701
12478932 183786731
234056092 29872754
104301012 15342811
204750852 95461374
273120131 322069904
12478932 29872754
104301012 66691804
17972871 48132655
143950772 57875811
3245291 66649152
20999409 66499322
47766490 57875811
143950772 29872754
20203701 47766490
143950772 183786731
14448205 97477051
113859309 97477051
143950772 66649152
12478932 28192145
15342811 327861573
16504528 182925539
140519931 182925539
143950772 48132655
14448205 239141315
23039989 66499322
182925539 28192145
182159386 234056092
17976798 273120131
183786731 66499322
143950772 28192145
15342811 66691804
182925539 236840136
12478932 95461374
183786731 3245291
204750852 57875811
17976798 7384432
140519931 15924858
327861573 97477051
113859309 47766490
28192145 3245291
10078882 66691804
322069904 3245291
12478932 57875811
140519931 20203701
113859309 29872754
104301012 20203701
113859309 140519931
15924858 20203701
234056092 66691804
273120131 97477051
239141315 47766490
183786731 29872754
28192145 66649152
234056092 66499322
113859309 7384432
15342811 66499322
113859309 17972871
14448205 66649152
20203701 322069904
234056092 3245291
183786731 20999409
104301012 97477051
143950772 15924858
15924858 95461374
10078882 17972871
239141315 3245291
14448205 322069904
20203701 66649152
29872754 95461374
182159386 3245291
140519931 3245291
273120131 47766490
10078882 113859309
113859309 66691804
12478932 182925539
15924858 48132655
14448205 17976798
204750852 20999409
113859309 17976798
234056092 273120131
17972871 3245291
29872754 57875811
273120131 29872754
327861573 66649152
16504528 17976798
47766490 97477051
23039989 57875811
273120131 7384432
182925539 239141315
17976798 3245291
143950772 273120131
15924858 29872754
10078882 104301012
143950772 182925539
66499322 7384432
20999409 28192145
15924858 57875811
16504528 322069904
143950772 17972871
17976798 66691804
48132655 57875811
143950772 7384432
17972871 29872754
23039989 66649152
140519931 183786731
17972871 57875811
16504528 66649152
104301012 183786731
15924858 182925539
20203701 97477051
47766490 66691804
23039989 48132655
113859309 15924858
273120131 66691804
12478932 66499322
3245291 48132655
12478932 15924858
104301012 322069904
182159386 236840136
204750852 322069904
182925539 234056092
183786731 327861573
20999409 273120131
23039989 28192145
236840136 273120131
182925539 20203701
10078882 16504528
140519931 66499322
183786731 28192145
204750852 66649152
12478932 239141315
17976798 23039989
3245291 95461374
183786731 66691804
236840136 66691804
12478932 15342811
48132655 95461374
236840136 28192145
182925539 20999409
239141315 7384432
17976798 66499322
183786731 273120131
143950772 95461374
20203701 273120131
234056092 327861573
236840136 327861573
322069904 66691804
183786731 204750852
14448205 183786731
66649152 95461374
66691804 7384432
113859309 183786731
14448205 57875811
234056092 28192145
29872754 66499322
12478932 327861573
15342811 28192145
113859309 48132655
14448205 29872754
20203701 7384432
16504528 97477051
20999409 97477051
182159386 48132655
12478932 48132655
15924858 20999409
140519931 327861573
15924858 3245291
3245291 327861573
239141315 66691804
140519931 28192145
12478932 182159386
234056092 47766490
20203701 28192145
17976798 182159386
183786731 20203701
10078882 14448205
17972871 327861573
204750852 97477051
322069904 66499322
15342811 273120131
140519931 17976798
113859309 57875811
113859309 143950772
10078882 236840136
57875811 66649152
17972871 17976798
327861573 57875811
12478932 143950772
113859309 239141315
15342811 23039989
16504528 47766490
17972871 236840136
182159386 23039989
17976798 327861573
17972871 66691804
182159386 239141315
236840136 66499322
140519931 239141315
66499322 66649152
29872754 327861573
14448205 95461374
182925539 97477051
14448205 204750852
273120131 48132655
140519931 57875811
113859309 95461374
66691804 95461374
29872754 48132655
143950772 16504528
16504528 7384432
104301012 182925539
15924858 183786731
182159386 66499322
20203701 204750852
29872754 66649152
327861573 48132655
113859309 28192145
20999409 66649152
104301012 17972871
3245291 66499322
113859309 327861573
20999409 47766490
234056092 7384432
182159386 20203701
20999409 322069904
104301012 140519931
20203701 66499322
273120131 57875811
140519931 48132655
16504528 236840136
236840136 29872754
10078882 52025380
104301012 47787563
113859309 361911748
12478932 193185958
140519931 182609394
143950772 193185958
14448205 370244456
15342811 7861312
15924858 199370728
16504528 52025380
17972871 20150783
17976798 199370728
173979416 182159386
182925539 239970376
183786731 256651717
156027745 20203701
204750852 47787563
156027745 20999409
23039989 280162221
18391454 234056092
193185958 236840136
239141315 28650455
239970376 273120131
28192145 47787563
134943586 29872754
28650455 322069904
3245291 33627597
193185958 327861573
47766490 47787563
28650455 48132655
28650455 57875811
148727717 66499322
66649152 783214
14314610 66691804
256651717 7384432
1608991 95461374
33169524 97477051
10078882 36803580
104301012 156744048
113859309 1608991
12478932 1608991
140519931 239970376
143950772 47787563
14448205 16747981
15342811 182108867
15924858 182609394
16504528 193185958
17972871 193185958
17976798 47787563
109127449 182159386
16747981 182925539
1608991 183786731
16144949 20203701
1608991 204750852
20999409 50894526
204640298 23039989
1608991 234056092
236840136 333872734
17296523 239141315
273120131 324867634
28192145 56973040
1608991 29872754
275623719 322069904
1608991 3245291
16747981 327861573
193185958 47766490
1608991 48132655
296762498 57875811
52025380 66499322
226193867 66649152
28650455 66691804
193185958 7384432
106831987 95461374
47785747 97477051
10078882 20150783
104301012 68503464
113859309 148727717
12478932 324867634
140519931 296762498
143950772 42379291
14448205 193185958
138003731 15342811
15924858 50894526
109127449 16504528
17972871 47785747
17976798 68503464
182159386 63485337
182925539 19789046
183786731 193185958
20203701 7861312
106831987 204750852
127012541 20999409
16144949 23039989
182609394 234056092
15070224 236840136
239141315 52025380
273120131 296762498
28192145 39758899
106831987 29872754
322069904 47785747
3245291 370958925
324867634 327861573
19064433 47766490
296762498 48132655
182609394 57875811
15070224 66499322
333872734 66649152
359582559 66691804
370958925 7384432
7861312 95461374
63485337 97477051
10078882 15070224
104301012 156027745
106831987 113859309
12478932 204640298
140519931 39758899
143950772 19064433
14448205 182609394
15342811 47787563
15924858 324867634
16504528 324867634
17972871 296762498
17976798 47785747
182159386 229969377
109127449 182925539
183786731 226193867
127012541 20203701
204750852 256651717
20999409 226193867
23039989 246453983
16747981 234056092
236840136 63485337
182609394 239141315
204640298 273120131
112871197 28192145
127012541 29872754
156027745 322069904
204640298 3245291
327861573 63485337
204640298 47766490
20150783 48132655
324867634 57875811
246453983 66499322
66649152 7861312
39758899 66691804
22682436 7384432
156744048 95461374
16144949 97477051
10078882 112871197
104301012 132875573
113859309 359582559
109127449 12478932
140519931 42379291
143950772 22682436
14448205 15070224
15342811 182609394
15924858 510846454
112871197 16504528
17972871 22682436
17976798 225791964
182159386 370958925
182925539 47785747
183786731 270242863
20203701 47785747
14148601 204750852
182609394 20999409
156744048 23039989
234056092 7861312
236840136 270242863
239141315 370958925
193185958 273120131
239970376 28192145
156744048 29872754
132875573 322069904
22682436 3245291
109127449 327861573
14148601 47766490
15070224 48132655
193185958 57875811
47785747 66499322
182609394 66649152
47785747 66691804
106831987 7384432
193185958 95461374
22682436 97477051
10078882 246453983
104301012 15085200
113859309 28650455
12478932 28650455
140519931 280162221
143950772 28650455
14448205 1608991
15342811 193185958
15924858 20150783
16504528 361911748
17972871 361911748
17976798 182108867
15070224 182159386
182925539 74146461
183786731 47787563
20203701 209806284
193185958 204750852
20999409 52025380
23039989 359582559
16144949 234056092
236840136 510846454
112871197 239141315
19064433 273120131
28192145 296762498
256651717 29872754
134943586 322069904
296762498 3245291
19064433 327861573
47766490 47785747
193185958 48132655
359582559 57875811
22682436 66499322
47787563 66649152
52025380 66691804
370244456 7384432
28650455 95461374
20150783 97477051
10078882 47787563
104301012 106831987
113859309 134943586
12478932 47787563
140519931 156027745
143950772 56973040
106831987 14448205
15342811 19064433
156744048 15924858
16504528 270242863
17972871 19064433
17976798 209806284
182159386 370244456
127012541 182925539
183786731 333872734
15085200 20203701
16144949 204750852
16144949 20999409
23039989 370958925
234056092 47785747
182108867 236840136
193185958 239141315
273120131 47785747
134943586 28192145
156027745 29872754
322069904 47787563
182108867 3245291
19789046 327861573
1608991 47766490
229969377 48132655
20150783 57875811
333872734 66499322
47785747 66649152
56973040 66691804
1608991 7384432
359582559 95461374
275623719 97477051
10078882 134943586
104301012 63485337
113859309 229969377
12478932 182108867
140519931 7861312
143950772 256651717
14448205 182108867
15342811 20150783
106831987 15924858
16504528 47785747
17972871 36803580
1608991 17976798
182159386 47787563
182925539 47787563
183786731 47785747
20203701 50894526
182609394 204750852
20999409 63485337
19064433 23039989
15070224 234056092
236840136 47787563
19064433 239141315
182609394 273120131
15070224 28192145
182108867 29872754
156744048 322069904
3245291 510846454
327861573 359582559
256651717 47766490
48132655 74146461
106831987 57875811
66499322 68503464
106831987 66649152
47787563 66691804
148727717 7384432
324867634 95461374
1608991 97477051
10078882 7861312
104301012 14148601
113859309 138003731
12478932 156027745
138003731 140519931
143950772 68785753
14148601 14448205
109127449 15342811
148727717 15924858
16504528 209806284
138003731 17972871
138003731 17976798
182159386 204640298
182925539 347376996
177890594 183786731
20203701 28650455
204750852 359582559
19064433 20999409
15070224 23039989
234056092 28650455
236840136 28650455
138003731 239141315
246453983 273120131
28192145 68503464
296762498 29872754
322069904 68129991
148727717 3245291
327861573 36803580
148727717 47766490
16144949 48132655
16144949 57875811
229969377 66499322
14148601 66649152
138003731 66691804
7384432 74146461
16144949 95461374
134943586 97477051
10078882 115060775
104301012 209806284
113859309 36803580
12478932 229969377
127012541 140519931
134943586 143950772
14448205 270242863
15342811 22682436
15924858 296762498
138003731 16504528
1608991 17972871
17976798 246453983
182159386 239970376
182925539 56973040
183786731 296762498
15070224 20203701
138003731 204750852
20999409 56973040
23039989 256651717
134943586 234056092
204640298 236840136
115060775 239141315
148727717 273120131
138003731 28192145
29872754 68503464
322069904 7861312
138003731 3245291
106831987 327861573
15070224 47766490
156027745 48132655
42379291 57875811
239970376 66499322
14751235 66649152
22682436 66691804
134943586 7384432
156027745 95461374
138003731 97477051
10078882 22682436
104301012 47785747
113859309 42379291
12478932 52025380
140519931 47787563
143950772 52025380
14448205 226193867
15342811 74146461
15924858 333872734
16504528 28650455
17972871 370958925
17976798 182609394
182159386 296762498
182925539 19064433
183786731 74146461
14751235 20203701
204750852 28650455
20999409 256651717
138003731 23039989
234056092 347376996
156027745 236840136
134943586 239141315
177890594 273120131
26281970 28192145
239970376 29872754
26281970 322069904
3245291 47785747
20150783 327861573
296762498 47766490
359582559 48132655
47785747 57875811
370958925 66499322
134943586 66649152
239970376 66691804
15070224 7384432
204640298 95461374
19064433 97477051
10078882 256651717
104301012 14751235
113859309 193185958
12478932 47785747
106831987 140519931
138003731 143950772
14448205 28650455
15342811 16747981
138003731 15924858
16504528 229969377
148727717 17972871
167239758 17976798
1608991 182159386
182925539 20150783
138003731 183786731
20203701 47787563
182108867 204750852
134943586 20999409
23039989 333872734
234056092 42379291
236840136 56973040
16144949 239141315
1608991 273120131
1608991 28192145
29872754 56973040
182609394 322069904
3245291 39758899
327861573 370958925
39758899 47766490
209806284 48132655
47787563 57875811
47787563 66499322
26281970 66649152
296762498 66691804
239970376 7384432
177890594 95461374
193185958 97477051
10078882 26281970
104301012 19064433
113859309 22682436
12478932 19064433
140519931 22682436
143950772 148727717
14448205 156027745
148727717 15342811
15924858 47787563
16504528 182609394
17972871 47787563
15070224 17976798
156744048 182159386
182925539 28650455
183786731 229969377
20203701 42379291
204750852 226193867
20999409 39758899
209806284 23039989
234056092 370244456
236840136 42379291
156027745 239141315
273120131 370958925
28192145 42379291
193185958 29872754
322069904 42379291
3245291 359582559
134943586 327861573
132875573 47766490
347376996 48132655
138003731 57875811
109127449 66499322
132875573 66649152
193185958 66691804
280162221 7384432
209806284 95461374
14751235 97477051
10078882 19064433
104301012 138003731
113859309 39758899
115060775 12478932
140519931 1608991
143950772 14751235
14448205 229969377
15342811 16144949
15924858 315432213
16504528 17296523
106831987 17972871
17296523 17976798
106831987 182159386
1608991 182925539
182609394 183786731
20203701 39758899
19064433 204750852
182108867 20999409
229969377 23039989
156027745 234056092
132875573 236840136
132875573 239141315
15070224 273120131
106831987 28192145
138003731 29872754
138003731 322069904
167239758 3245291
327861573 374519027
22682436 47766490
315432213 48132655
19789046 57875811
17296523 66499322
239970376 66649152
256651717 66691804
226193867 7384432
20150783 95461374
28650455 97477051
10078882 16144949
104301012 239970376
113859309 239970376
140519931 68503464
106831987 143950772
14448205 315432213
15342811 229969377
15924858 370958925
16504528 19064433
15070224 17972871
182159386 22682436
132875573 182925539
16747981 183786731
138003731 20203701
204750852 280162221
138003731 20999409
23039989 50894526
234056092 47787563
22682436 236840136
239141315 239970376
134943586 273120131
16747981 28192145
226193867 29872754
19064433 322069904
109127449 3245291
28650455 327861573
333872734 48132655
270242863 57875811
315432213 66499322
42379291 66649152
226193867 66691804
39758899 7384432
270242863 95461374
17296523 97477051
10078882 229969377
104301012 134943586
134943586 140519931
143950772 270242863
127012541 14448205
15342811 156027745
15924858 182108867
16504528 39758899
17972871 7861312
182159386 47785747
138003731 182925539
183786731 28650455
20999409 47787563
134943586 236840136
229969377 239141315
273120131 68503464
17296523 28192145
239970376 322069904
20150783 3245291
15070224 327861573
48132655 510846454
127012541 57875811
270242863 66499322
19064433 66649152
156027745 66691804
138003731 7384432
370958925 95461374
68129991 97477051
10078882 193185958
140519931 16144949
14448205 7861312
15342811 177890594
15924858 28650455
17972871 510846454
182159386 52025380
182925539 510846454
1608991 20999409
16747981 236840136
15070224 239141315
17296523 273120131
229969377 322069904
296762498 327861573
47787563 48132655
57875811 68503464
177890594 66649152
182108867 66691804
510846454 7384432
47787563 95461374
156027745 97477051
14148601 15924858
17972871 359582559
273120131 347376996
138003731 95461374
182609394 97477051
