5940932 5941002
5899172 5940932
19834854 5898772
5899432 5899802
5898772 5940892
5940892 5941002
5899802 5940932
5940932 5940972
5898772 5899172
5899172 5940892
5898772 5940932
5899802 5940892
5898772 5899432
5899172 5899802
19834854 5899432
5898772 5940972
5899172 5941002
5899802 5941002
5898772 5899802
5899172 5899432
5898772 5941002
5899172 5940972
5899802 5940972
19834854 5899172
19834854 8254982
15820660 5898772
25066853 5899172
15820660 5899432
5899802 8255122
5940892 8254982
5940932 8254982
5940972 8254982
5941002 8254982
19834854 3779381
3779381 5898772
15820660 5899172
25066853 5899432
5899802 8254982
15987295 5898772
3779381 5899172
5899432 8254982
3779381 5899802
25066853 5898772
5899172 8255122
