16865502 15840385 5996402 8950222 6545352 14303355 15109840 8220792 216888261 5980442 14316850 2627491 3149631 1758271 382630878 17389650 224257403 26315349 747863 20297371 33506176 42052422 115650417 26403506 16115549 14159148 19546657 1491971 18939033 39164896 14262796 14774443 16627822 74255297 14424826 9570302 15178133 20918020 48302912 17101331 217566159 5386032 1620241 5967812 80854111 45218129 236348869 2659631 7423512 330690616 16054090 10068722 739223 9884622 1652541 14368300 14077607 12109952 5790132 14362294 57973034 17357880 1125681 12538472 19564508 9423662 15413301 14406208 43223610 5379992 327267369 29324093 62462987 36637295 33189661 18087370 1442101 83497983 14057933 251140802 10011372 9498152 106635398 27042513 6281792 9645732 79242506 15357608 7541162 10935622 28349370 7780852 17703765 21255367 27609219 7608352 13934912 157422963 12034532 97984818 15437924 199636537 142677826 17960638 13594872 14220739 67305632 10454562 14301334 1277041 60555486 12053132 16497976 5609462 46816187 43328989 16232820 3626301 21296750 7980402 52451443 91292413 72329972 12369602 11224342 14291326 1737011 52556532 7282592 74233 77712736 23613776 80008888 14158619 28539923 15061970 36640820 
166369152 15485441 14326840 3840 14645160 14134204 22938914 5763262 14331688 11666142 11864262 26053643 817268 5768872 10350 17104751 7846 14763 652193 180463340 151232686 3829151 2230871 1835411 161801527 11740902 12773 784912 3496641 18327902 732773 10314702 610533 930061 1010181 636923 657863 648523 1242511 16120265 14413715 917321 14964767 7745472 93017945 13055232 15958614 15823784 172814159 749863 403518639 24083901 1501471 14372143 6476742 1586501 5746402 1720771 1004 15199539 11435642 767396 5702 7093352 816214 6449392 
185517320 
185518062 
29851021 41653366 
48626190 213903671 179059513 23041630 151781581 
163877154 266507694 
242989196 
41653366 29856819 
14740227 
14740392 
15271920 
16890969 
