1125681 5996402
10011372 1620241
14301334 60555486
14303355 5996402
1491971 15413301
1277041 9423662
3149631 5609462
12053132 15413301
12053132 747863
3149631 747863
1620241 7423512
14301334 5379992
15178133 9423662
3626301 9423662
14262796 9423662
12538472 15178133
1277041 739223
19546657 5609462
33189661 3626301
12538472 14303355
60555486 7780852
1125681 747863
1125681 14301334
12034532 5379992
14316850 5996402
13594872 19546657
16115549 7423512
33189661 9884622
5609462 5996402
14303355 7423512
16115549 3149631
13594872 5379992
33189661 5996402
14303355 3149631
12538472 7423512
5996402 9884622
10011372 7423512
13594872 60555486
14057933 9884622
15178133 739223
10454562 60555486
14262796 15178133
14301334 9645732
739223 9423662
7423512 7780852
1125681 12369602
15413301 1620241
14301334 3626301
12369602 9423662
12538472 7780852
12369602 1491971
13594872 33189661
33189661 747863
10011372 15178133
13594872 14303355
60555486 7423512
5379992 9423662
12538472 33189661
10011372 5996402
1125681 5609462
12034532 3626301
13594872 9423662
12034532 14368300
14301334 14303355
3149631 5996402
14262796 3149631
1620241 5996402
5379992 60555486
12053132 19546657
1277041 1620241
1125681 9645732
3626301 9884622
19546657 5996402
12369602 60555486
10011372 5609462
10454562 747863
12034532 14262796
5609462 7423512
60555486 9645732
12053132 7423512
1620241 747863
33189661 5609462
10454562 12538472
14316850 9423662
1125681 7423512
14262796 747863
12053132 14303355
14303355 14368300
1125681 3149631
9423662 9884622
33189661 9645732
14303355 739223
14316850 15178133
2627491 5379992
5996402 747863
5996402 9645732
13594872 3149631
15413301 33189661
10011372 747863
1277041 5996402
15178133 7423512
12369602 5379992
16115549 9884622
12538472 1277041
14368300 3626301
14301334 9884622
12034532 1491971
1125681 12053132
2627491 33189661
1125681 2627491
14368300 9884622
33189661 7423512
12053132 9884622
60555486 747863
2627491 7780852
12034532 1277041
10454562 13594872
1491971 747863
1277041 3149631
7780852 9423662
12369602 33189661
15413301 9423662
14316850 1491971
12034532 739223
14057933 5379992
739223 7423512
14368300 19546657
1125681 1620241
14057933 60555486
5379992 9645732
10454562 12034532
16115549 1620241
14301334 15413301
10011372 15413301
15178133 5609462
10454562 7423512
12053132 3149631
10011372 9645732
10454562 14368300
7423512 9423662
60555486 9884622
10454562 1620241
14301334 7423512
12538472 9423662
3149631 739223
14057933 33189661
15413301 5379992
13594872 1491971
1277041 747863
5379992 7780852
5609462 9884622
14057933 7780852
15413301 60555486
1125681 739223
1491971 60555486
12053132 14057933
9423662 9645732
16115549 5609462
2627491 739223
14368300 5996402
1491971 7780852
5996402 7423512
5379992 5609462
12538472 15413301
12369602 739223
9645732 9884622
12538472 14368300
1491971 33189661
12369602 1277041
14303355 15413301
15178133 747863
1277041 14262796
12369602 5609462
3626301 747863
12538472 3626301
12034532 12053132
10454562 14301334
12034532 33189661
12369602 3149631
16115549 5996402
1125681 1491971
14303355 15178133
10454562 9884622
14368300 747863
10011372 13594872
14368300 9645732
12538472 16115549
33189661 739223
16115549 19546657
14303355 16115549
14316850 7780852
1491971 7423512
19546657 3149631
15178133 5996402
14262796 14368300
14262796 5609462
7423512 9884622
14301334 5996402
14303355 60555486
739223 9645732
12034532 7423512
10011372 12034532
16115549 5379992
739223 747863
1277041 15413301
14303355 5379992
10454562 3149631
5379992 7423512
12369602 14301334
5379992 9884622
12538472 5379992
14057933 14301334
10454562 1277041
12034532 14303355
14368300 3149631
12369602 2627491
12053132 5379992
12034532 15178133
3149631 5379992
14301334 747863
5609462 60555486
1620241 739223
13594872 15178133
1277041 7423512
14303355 2627491
12034532 9645732
1125681 9423662
3626301 5996402
2627491 9423662
5609462 9645732
10454562 5996402
16115549 9423662
14303355 9423662
2627491 7423512
12034532 60555486
12053132 5996402
12369602 1620241
5996402 739223
14057933 739223
14262796 1620241
12369602 7423512
15178133 9884622
12538472 5609462
13594872 14316850
3149631 9645732
3626301 7423512
1277041 13594872
1125681 33189661
3149631 3626301
15178133 3626301
10454562 9645732
3149631 60555486
14368300 7423512
33189661 9423662
10011372 14057933
14303355 33189661
1620241 3149631
747863 9423662
10011372 33189661
19546657 60555486
3149631 9423662
5996402 9423662
14057933 9423662
1125681 60555486
12538472 14057933
1491971 739223
10011372 7780852
3149631 33189661
7423512 9645732
1125681 5379992
10454562 16115549
16115549 739223
2627491 5609462
739223 9884622
12034532 747863
1491971 9423662
2627491 3149631
5379992 747863
13594872 747863
10454562 5379992
14057933 14316850
5609462 7780852
12538472 3149631
1125681 14303355
14303355 1491971
14368300 15413301
12034532 1620241
14301334 3149631
12369602 16115549
33189661 60555486
12034532 9884622
1491971 3626301
12369602 12538472
13594872 5996402
33189661 5379992
10454562 15178133
2627491 747863
14262796 60555486
1620241 9423662
12538472 9884622
1277041 9884622
1491971 2627491
7423512 747863
10011372 5379992
1620241 33189661
14057933 7423512
12369602 747863
3626301 5609462
3149631 9884622
1277041 14303355
3626301 739223
10011372 60555486
14057933 14368300
19546657 33189661
14301334 14316850
12053132 14368300
5609462 739223
12053132 5609462
2627491 5996402
1125681 14057933
14368300 739223
12053132 1620241
1620241 60555486
12053132 739223
5379992 5996402
15413301 3149631
1620241 5379992
1491971 5379992
12369602 5996402
15413301 7423512
16115549 7780852
12538472 13594872
14303355 7780852
1620241 19546657
14301334 9423662
10454562 9423662
14262796 5379992
5996402 60555486
12053132 9423662
10011372 1125681
747863 9645732
14368300 9423662
13594872 7423512
1491971 15178133
10454562 1125681
12034532 13594872
1277041 33189661
12053132 14301334
15413301 9645732
33189661 7780852
14301334 739223
1277041 7780852
14262796 33189661
747863 7780852
15178133 2627491
19546657 9884622
3149631 7780852
14303355 19546657
5996402 7780852
15178133 7780852
14262796 7780852
13594872 14262796
1277041 60555486
15413301 5609462
10011372 9423662
1277041 3626301
1125681 14368300
14368300 33189661
60555486 9423662
16115549 60555486
14368300 16115549
16115549 3626301
1277041 9645732
12053132 16115549
12369602 9884622
14303355 3626301
13594872 14368300
5609462 9423662
1277041 15178133
10454562 5609462
2627491 9645732
15178133 1620241
12053132 1277041
15178133 60555486
14303355 9884622
10454562 739223
12053132 3626301
14316850 9884622
14368300 5379992
14316850 7423512
14316850 14368300
1125681 13594872
14262796 19546657
3149631 7423512
10011372 1491971
12369602 7780852
12369602 14303355
14057933 5996402
14057933 14303355
10454562 12053132
1491971 3149631
1277041 5379992
19546657 7423512
12034532 3149631
12034532 14301334
1491971 5609462
14262796 739223
12053132 14262796
10011372 19546657
1620241 7780852
14368300 15178133
16115549 747863
14301334 1491971
12053132 15178133
14303355 747863
10454562 19546657
19546657 7780852
5379992 739223
747863 9884622
12369602 14368300
1277041 1491971
3626301 60555486
10011372 739223
14057933 9645732
14262796 14303355
12034532 14057933
1491971 5996402
1125681 14262796
7780852 9884622
15178133 5379992
3626301 5379992
15413301 9884622
14368300 60555486
12034532 5996402
1620241 9884622
1491971 9884622
12369602 19546657
12053132 60555486
1125681 12538472
13594872 14057933
10454562 33189661
15413301 3626301
60555486 739223
1277041 14316850
15178133 16115549
10454562 14303355
12053132 12369602
14301334 7780852
10454562 7780852
12053132 33189661
12034532 5609462
12053132 1491971
15178133 33189661
14303355 5609462
14301334 33189661
12053132 7780852
14368300 7780852
12034532 9423662
1125681 9884622
10454562 3626301
12538472 60555486
1125681 15413301
10011372 17960638
10454562 1758271
1125681 13934912
12034532 1758271
12053132 14406208
12369602 17389650
12538472 15109840
1277041 14291326
13594872 16865502
14057933 5980442
14262796 5790132
14301334 14362294
14303355 15357608
14316850 14763
14368300 91292413
1491971 5967812
14763 15178133
10068722 15413301
16115549 17389650
106635398 1620241
19546657 43223610
2627491 74233
1758271 3149631
33189661 6545352
3626301 67305632
5379992 74255297
5609462 5967812
5790132 5996402
5386032 60555486
16497976 739223
3840 7423512
14372143 747863
17703765 7780852
14406208 9423662
9570302 9645732
2659631 9884622
10011372 67305632
10454562 2659631
1125681 15109840
12034532 16865502
12053132 67305632
12369602 8950222
12538472 17703765
10935622 1277041
13594872 9570302
14057933 6281792
14262796 45218129
10068722 14301334
14303355 77712736
14316850 9570302
14368300 67305632
1491971 16865502
15178133 16497976
15413301 16865502
14077607 16115549
1620241 5790132
16865502 19546657
15840385 2627491
15840385 3149631
33189661 9498152
15357608 3626301
16497976 5379992
5609462 6545352
10935622 5996402
18087370 60555486
106635398 739223
14362294 7423512
6545352 747863
74233 7780852
5790132 9423662
930061 9645732
6545352 9884622
10011372 1442101
10454562 77712736
1125681 15357608
12034532 9498152
12053132 3840
12369602 5790132
12538472 43328989
1277041 3840
13594872 15109840
14057933 5967812
14262796 3840
14301334 16627822
14303355 14362294
14316850 14372143
106635398 14368300
14077607 1491971
15178133 2659631
14406208 15413301
14406208 16115549
14291326 1620241
19546657 5790132
2627491 5967812
17960638 3149631
27609219 33189661
3626301 77712736
106635398 5379992
327267369 5609462
5967812 5996402
14291326 60555486
14362294 739223
17960638 7423512
636923 747863
7780852 9498152
17389650 9423662
1758271 9645732
80008888 9884622
10011372 14763
10454562 74233
1125681 17960638
10935622 12034532
12053132 74233
12369602 14077607
12538472 14291326
1277041 14362294
13594872 1758271
14057933 5790132
14262796 80008888
14301334 6545352
14303355 26315349
14316850 14362294
14368300 14424826
14291326 1491971
15178133 6281792
11224342 15413301
16115549 6545352
1620241 1737011
1737011 19546657
2627491 5790132
1442101 3149631
1737011 33189661
3626301 74233
5379992 5790132
15357608 5609462
12109952 5996402
5790132 60555486
14077607 739223
16497976 7423512
74233 747863
14077607 7780852
17960638 9423662
14362294 9645732
15840385 9884622
10011372 2659631
10454562 6281792
1125681 14362294
12034532 17703765
12053132 6281792
12369602 5980442
12538472 14406208
1277041 1737011
13594872 74233
14057933 6545352
14262796 16865502
14301334 14406208
14303355 3840
14316850 8950222
14368300 18327902
1491971 16497976
15178133 74233
15413301 3840
16115549 5790132
1620241 16627822
19546657 5967812
1737011 2627491
15437924 3149631
33189661 74233
3626301 43223610
14406208 5379992
15840385 5609462
14291326 5996402
60555486 74233
739223 9498152
18087370 7423512
16865502 747863
657863 7780852
2659631 9423662
13934912 9645732
48302912 9884622
10011372 1737011
10454562 17101331
1125681 3840
12034532 91292413
12053132 14362294
12369602 17703765
12538472 16627822
1277041 2659631
13594872 43223610
14057933 26315349
14262796 16497976
14301334 5967812
14303355 17703765
14316850 16865502
14368300 6545352
14362294 1491971
15178133 5790132
15413301 8950222
16115549 2659631
1620241 2659631
19546657 74233
17101331 2627491
17101331 3149631
1758271 33189661
3626301 6545352
5379992 6281792
20297371 5609462
17960638 5996402
60555486 6545352
2659631 739223
14406208 7423512
14291326 747863
7780852 8220792
10935622 9423662
2659631 9645732
1442101 9884622
10011372 10068722
10454562 45218129
1125681 1758271
12034532 17960638
12053132 5790132
10068722 12369602
12538472 1737011
1277041 74233
13594872 2659631
14057933 17389650
14262796 5980442
14301334 15357608
14303355 1442101
14316850 5702
14368300 5790132
1491971 3840
15178133 77712736
14291326 15413301
16115549 74233
14372143 1620241
16497976 19546657
17703765 2627491
14362294 3149631
10935622 33189661
3626301 9570302
2659631 5379992
16497976 5609462
14406208 5996402
16627822 60555486
739223 74233
26315349 7423512
1737011 747863
67305632 7780852
17703765 9423662
657863 9645732
5980442 9884622
10011372 14362294
10454562 26315349
1125681 9570302
12034532 14406208
12053132 52556532
12369602 91292413
12538472 2659631
1277041 16865502
13594872 15357608
14057933 14362294
13934912 14262796
14301334 74233
14303355 28539923
14077607 14316850
14368300 9570302
1491971 26315349
10068722 15178133
15413301 91292413
15357608 16115549
1620241 16865502
1442101 19546657
106635398 2627491
2659631 3149631
14077607 33189661
3626301 8950222
20918020 5379992
199636537 5609462
3840 5996402
106635398 60555486
739223 9570302
7423512 91292413
10935622 747863
16497976 7780852
14291326 9423662
11224342 9645732
5790132 9884622
10011372 9570302
10454562 106635398
1125681 17703765
12034532 20918020
12053132 43223610
12369602 36640820
12538472 80008888
1277041 5967812
10935622 13594872
14057933 3840
14262796 2659631
14301334 2659631
14303355 16865502
14368300 48302912
1491971 15840385
15178133 67305632
14424826 15413301
16115549 327267369
1620241 327267369
15357608 19546657
14362294 2627491
3149631 5790132
14774443 33189661
1442101 3626301
5379992 6545352
48302912 5609462
5996402 8220792
14406208 60555486
739223 8950222
15357608 7423512
18327902 747863
2659631 7780852
1737011 9423662
17101331 9645732
327267369 9884622
10011372 16865502
10454562 15840385
1125681 14406208
12034532 15357608
11224342 12053132
12369602 16627822
12538472 15840385
1277041 14406208
13594872 16497976
14057933 2659631
14262796 15357608
14301334 1442101
14303355 657863
14368300 20918020
10935622 1491971
14406208 15178133
15413301 2659631
16115549 77712736
13934912 1620241
14362294 19546657
16865502 2627491
106635398 3149631
16497976 33189661
14077607 3626301
16865502 5379992
5609462 5790132
16865502 5996402
43223610 60555486
6545352 739223
17703765 7423512
10068722 747863
12109952 7780852
20918020 9423662
1442101 9645732
36640820 9884622
10011372 15357608
10454562 16054090
1125681 20297371
12034532 15840385
12053132 1442101
10935622 12369602
12538472 14362294
1277041 657863
13594872 17960638
14057933 16497976
106635398 14262796
14301334 9570302
14291326 14303355
14368300 16865502
11224342 1491971
14362294 15178133
15413301 6281792
16115549 16865502
1620241 8950222
14424826 19546657
2627491 5980442
17703765 3149631
1442101 33189661
14291326 3626301
14158619 5379992
10935622 5609462
14362294 5996402
2659631 60555486
45218129 739223
7423512 8950222
14077607 747863
10935622 7780852
15840385 9423662
6545352 9645732
17703765 9884622
10011372 74233
10454562 14424826
1125681 14077607
12034532 74233
12053132 16054090
12369602 14424826
12538472 36640820
1277041 15357608
13594872 14362294
14057933 17703765
14262796 14291326
10935622 14301334
14303355 20918020
14368300 1737011
1491971 74233
15178133 15357608
15413301 74233
16115549 80008888
14362294 1620241
14291326 19546657
14406208 3149631
14424826 33189661
3626301 48302912
43223610 5379992
14424826 5609462
17703765 5996402
60555486 6281792
14291326 739223
1737011 7423512
14362294 747863
10068722 7780852
1442101 9423662
5790132 9645732
14424826 9884622
10011372 12109952
10454562 43223610
1125681 2659631
12034532 2659631
12053132 80008888
12369602 15840385
12538472 20297371
1277041 43223610
10935622 14057933
14262796 6281792
14301334 5790132
10935622 14303355
14368300 43223610
1491971 43223610
15178133 26315349
15413301 5790132
16115549 9570302
1620241 39164896
19546657 3840
3149631 74233
12109952 33189661
17703765 3626301
10935622 5379992
26315349 5609462
5996402 6545352
43328989 60555486
17703765 739223
6545352 7423512
20918020 747863
48302912 7780852
20297371 9423662
14077607 9645732
16865502 9884622
10011372 5967812
10454562 20297371
1125681 74233
12034532 16627822
12053132 5967812
12369602 14291326
12538472 91292413
11224342 1277041
14057933 45218129
14262796 327267369
14303355 1737011
14368300 33506176
14406208 1491971
15178133 15840385
12109952 15413301
1620241 6281792
10935622 19546657
26315349 3149631
16865502 33189661
2659631 3626301
15840385 5379992
1737011 5609462
5996402 9570302
26315349 60555486
739223 91292413
13934912 7423512
2659631 747863
33506176 7780852
77712736 9423662
17703765 9645732
16627822 9884622
10454562 5967812
1125681 6281792
12034532 14077607
12053132 39164896
12369602 45218129
10935622 12538472
14303355 74233
14368300 16627822
1491971 17703765
15178133 1737011
15413301 6545352
19546657 6281792
20918020 3149631
15840385 33189661
45218129 5379992
16627822 5609462
16497976 5996402
14077607 60555486
10068722 7423512
26315349 7780852
16497976 9423662
14291326 9884622
10454562 20918020
12053132 17703765
15178133 16865502
10935622 3149631
2659631 33189661
17389650 5609462
5996402 74233
91292413 9423662
74233 9884622
