1 22 78 375 522 538 665 694 752 785 919 947 985 989 1164 1238 1322 1428 1671 1733 1816 1872 1885 1970 2078 2220 2323 2367 2385 2425 2529 2533 2590 2609 2612 2890 2993 3016 3117 3315 3458 3612 3620
2 407 458 835 858 887 1062 1157 1346 1382 1574 2407 2524 2601 2789 2805 2950 3025 3112 3148 3171 3385 3447 3663 3708 3802
3 34 74 121 289 484 495 673 831 980 1051 1167 1381 1399 1433 1456 1490 1581 1628 1857 1883 1933 2104 2121 2140 2312 2318 2526 2634 2707 2818 2940 2982 3120 3220 3403 3554 3557 3702 3857
4 182 238 276 291 383 414 532 691 822 1375 1607 1680 1845 2033 2151 2163 2373 2419 2508 2551 2582 2740 2808 3092 3096 3131 3141 3303 3324 3770 3777 3811
5 90 668 811 818 920 1121 1126 1223 1259 1274 1316 1324 1393 1508 1586 1734 1879 1939 1947 1997 2397 2441 2492 2594 2774 2852 3051 3219 3294 3313 3605 3636 3648
6 87 171 174 248 261 265 331 351 425 456 636 647 722 812 1108 1174 1184 1186 1617 1792 1978 2295 2364 2403 2493 2544 2620 2626 2675 2835 2945 2947 3007 3047 3213 3281 3477 3574 3654 3675 3801 3833 3884 3910
7 175 438 1546 1612 1874 2337 2579 3435 3793
8 19 39 62 116 131 252 296 343 379 583 596 675 734 737 775 797 800 1099 1241 1622 1638 1678 1928 2243 2732 2738 2764 2775 3077 3167 3411 3781
9 714 965 1460 1578 1731 1827 2143 2166 2267 2366 2953 3359 3380 3678
10 57 146 155 224 476 1333 1383 1387 1516 1595 1699 1819 1950 2083 2583 2909 2932 2949 3185 3242 3251 3486 3649 3963
11 234 332 336 498 585 653 821 1032 1073 1177 1188 1541 1652 1903 1929 1980 1988 2014 2134 2216 2279 2309 2388 2399 2437 2489 3001 3002 3043 3190 3201 3230 3276 3316 3336 3388 3395 3419 3424 3470 3481 3524 3581 3697 3747 3854
12 413 415 720 894 995 1200 1218 1253 1451 1469 1850 1959 2094 2152 2432 2636 2783 2941 2964 3008 3214 3227 3265 3289 3366 3413 3542 3546 3583 3641 3767 3859 3933
13 99 200 316 374 652 872 906 941 964 1050 1131 1211 1702 1839 1994 2003 2018 2141 2164 2213 2234 2308 2390 2411 2415 2542 2549 2690 2757 2879 2944 3078 3138 3154 3204 3283 3319 3347 3462 3637 3689 3728 3746 3832 3901 3922 3931
14 129 264 539 744 1014 1033 1036 1070 1130 1299 1705 1768 1961 2017 2236 2239 2280 2362 2433 2614 2621 2712 2739 2759 2797 2878 3373 3438 3597 3707 3750 3765
15 126 168 207 227 257 275 553 845 986 1013 1565 1590 1654 1817 1866 1992 2012 2091 2178 2424 2734 2943 2976 3049 3161 3317 3365 3414 3585 3674
16 148 366 459 473 679 799 911 971 1139 1151 1173 1180 1219 1261 1282 1376 1395 1407 1418 1486 1704 1748 1775 1880 2051 2092 2131 2160 2165 2209 2282 2428 2443 2476 2960 3072 3383 3797 3820 3961
17 52 115 401 417 444 448 527 578 842 1028 1047 1354 1450 1453 1796 1871 1960 1990 1995 2049 2185 2500 2511 2532 2556 3083 3098 3632 3668 3670 3745 3785 3864 3866 3987
18 31 101 110 208 217 266 286 314 399 461 517 684 878 931 944 1325 1461 1614 1675 1809 1987 2002 2229 2230 2654 2861 2864 3095 3151 3441 3502 3579 3669
20 846 1002 1136 1182 1277 1309 1670 1843 1899 2096 2116 2264 2513 2584 2640 2906 2989 3121 3274 3449 3532 3610 3953 3988 3992
21 53 404 451 497 546 563 614 692 743 848 875 1034 1067 1076 1109 1138 1165 1310 1715 1862 1881 2086 2089 2288 2296 2331 2360 2448 2570 2668 2812 2985 3075 3113 3225 3250 3381 3474 3549 3564 3723
23 40 364 523 1075 1342 1351 1728 2057 2069 2225 2727 2917 2938 3939
24 179 792 885 1464 1509 1511 2074 2087 2265 2567 2611 2692 2843 2851 3152 3268 3355 3404 3417 3882
25 112 258 347 402 543 605 641 739 781 886 910 1092 1297 1366 1548 1580 1611 1634 1719 2082 2138 2291 2313 2406 2470 2494 2710 2959 3030 3085 3105 3156 3205 3430 3537 3630 3658 3760 3803 3871 3934
26 268 803 998 1117 1529 1863 2342 2616 2677 2995 3076 3102 3173 3482
27 133 243 256 301 386 436 443 603 650 749 847 1123 1129 1140 1352 1480 1487 1567 1677 1825 1910 2073 2708 2779 2840 2845 2885 2893 3014 3133 3184 3188 3363 3425 3461 3490 3505 3515 3538 3794 3865 3978
28 165 203 244 418 508 515 690 700 778 893 1012 1046 1155 1205 1358 1363 1594 1653 1955 2039 2240 2273 2355 2396 2472 2592 2688 3423 3440 3464 3466 3499 3576 3578 3736 3751 3758 3838 3907 3947 3981 3990
29 61 113 153 197 285 329 367 516 608 794 925 1088 1111 1209 1266 1397 1462 1770 1789 1920 1923 2108 2136 2339 2439 2467 2588 2633 2644 2694 2743 2912 2919 2955 2979 3059 3069 3136 3332 3335 3431 3483 3521 3562 3589 3710 3870 3911
30 60 98 411 575 660 864 892 1017 1308 1328 1408 1605 1644 1714 1746 1977 2008 2022 2084 2344 2457 2460 2523 2803 3019 3057 3258 3287 3428 3472 3473 3507 3615 3672 3843 3906
32 219 561 586 836 866 890 967 1283 1498 1531 1752 1797 1851 1945 2028 2128 2167 2205 2222 2346 2387 2531 2562 2726 2733 2846 2935 2975 3130 3228 3580 3643 3749 3792 3899 3954
33 107 193 229 283 382 549 621 1367 1687 1875 1948 2250 2765 3159 3376 3846
35 89 177 397 547 755 1059 1449 1631 2359 2924 3391 3512 3528 3945 3946
36 96 390 410 519 587 1049 1339 1507 1532 1981 2255 2314 2440 2546 2625 2705 3240 3333 3349 3350 3426 3633 3841 3991
37 368 841 899 903 1269 1643 2382 2398 2790 3275 3351 3660
38 80 295 327 449 834 960 1048 1124 1135 1547 1555 1754 1779 1786 1976 2135 2333 2376 2431 2505 2519 2554 2586 2721 2744 2820 2910 2934 2966 2991 3027 3114 3115 3206 3429 3460 3771 3929
41 54 137 441 620 876 1757 2146 2224 2737 2858 2948 3356 3558 3861
42 47 48 84 97 138 216 454 518 562 1281 1474 1524 1625 1709 1730 1898 1973 1974 2111 2245 2254 2447 2816 2884 2888 3241 3247 3279 3298 3318 3662 3664 3673 3721 3932
43 338 431 480 551 613 807 1007 1060 1094 1496 1636 1676 1760 1852 2023 2045 2095 2137 2325 2416 2509 2537 2826 2848 2957 3179 3382 3491 3617
44 1941 2196 2283 2560 2564 2876 3337 3530 3713 3926
45 188 239 270 299 440 490 635 742 914 1262 1303 1318 1481 1492 1551 1596 1848 2122 2126 2188 2217 2292 2404 2569 2599 2619 2658 2728 2729 2817 3017 3207 3243 3305 3584 3635 3789 3790 3860
46 363 475 588 672 676 695 793 810 1116 1224 1265 1272 1275 1302 1482 1554 1697 1914 2000 2132 2228 2301 2383 2539 2780 2786 2850 2928 2970 3039 3056 3071 3089 3374 3399 3432 3685 3709 3826 3880 3959 3972 3979
49 534 629 634 693 728 763 879 1080 1122 1499 1608 2048 2075 3060 3270
50 606 1027 1391 1398 1519 1533 1563 1769 1919 1922 1954 2322 2916 3052 3296
51 350 493 823 865 915 1081 1291 1549 1691 1700 1823 2335 2446 2753 3006 3170 3666 3774
55 191 279 388 503 573 731 830 840 897 1220 1242 1445 1455 1559 1623 1721 1745 1787 1867 1905 2214 2244 2310 2663 2801 2920 2954 3010 3074 3160 3255 3422 3475 3501 3539 3555 3556 3692 3986
56 909 1084 1458 1926 1986 2076 2115 2343 2349 2473 2731 2984 3087 3314 3410 3599 3677 3730 3956
58 67 72 127 199 209 269 465 696 791 852 881 932 1132 1201 1273 1735 1804 1942 2007 2414 2872 2927 3135 3174 3229 3232 3262 3285 3543 3863 3895 3970
59 103 105 176 557 593 633 764 816 1112 1198 1293 1413 1528 1621 1661 1696 1876 1998 2430 2481 2512 2518 2691 3187 3302 3362 3456 3568 3618 3744 3809 3900 3962 3995
63 228 288 290 307 353 429 572 657 767 862 868 1162 1230 1305 1394 1609 1620 2206 2350 2981 3045 3067 3198 3208 3271 3394 3517 3653 3985
64 85 198 215 309 359 709 891 943 1041 1098 1514 1651 1692 1744 1826 1888 2006 2161 2289 2338 2466 2475 2811 2823 3495 3513 3850 3876 3898 3969
65 437 601 715 1090 1144 1347 1877 2041 2155 2235 2298 2409 2501 2565 2628 2672 2689 2700 2894 3033 3162 3221 3293 3331 3387 3837 3998
66 81 118 143 170 187 273 328 345 384 463 478 479 597 754 1022 1031 1321 1466 1570 1795 1802 1956 2153 2203 2258 2348 2589 2591 2961 2978 3021 3469 3487 3525 3534 3616 3733 3738 3761
68 242 365 630 644 1203 1517 1686 1815 2038 2066 2162 2334 2374 2377 2793 2798 2814 2977 3035 3080 3099 3149 3178 3195 3457 3465 3748 3925 3958
69 204 420 708 726 805 839 977 1251 1813 1859 1946 2125 2157 2352 2604 2720 2800 2931 3046 3064 3103 3137 3322 3731 3919 3957
70 147 166 612 796 1125 1252 1255 1320 1438 1729 1732 1949 2547 2558 2578 2676 2933 2965 3158 3439 3455 3484 3535 3587 3827 3845 3888 3982
71 530 531 552 617 940 1065 1179 1841 1864 1895 2336 2372 2410 2454 2610 2856 2862 2899 3124 3514 3545 3548 3586 3704 3916
73 91 1134 1206 1240 2914 3609 3786 3868 3944
75 94 184 334 376 719 787 994 1378 1542 2459 2510 2810 2857 3022 3236 3497 3742 3881
76 164 232 251 272 292 567 701 782 1148 1226 1427 1784 1803 1814 1983 2242 2667 3143 3193 3277 3330 3348 3536 3611 3647 3661 3783 3918
77 214 222 923 1010 1969 2024 2247 2262 2423 2463 2695 2755 2802 2842 3342 3634
79 408 505 798 1401 2052 2699 2711 2756 2988 3212 3217 3463 3680 3849 3867 3913
82 419 554 1246 1924 2381 2891 2951 3029 3341
83 489 536 724 826 871 1371 1467 1882 2275 3446 3776
86 618 1015 1332 1597 2085 2595 2639 2969 3320 3498 3621
88 135 260 293 346 514 558 598 666 874 976 1042 1068 1176 1244 1256 1304 1415 1426 1497 1572 1637 1772 2053 2099 2278 2302 2450 2548 2572 2777 2962 3005 3020 3097 3164 3177 3699 3869 3887
92 470 483 736 857 996 1003 1443 1452 1465 1550 1571 1713 1984 2056 2221 2268 2832 2895 3145 3694 3724 3904 3965 3996
93 619 808 913 1078 1210 1331 1673 1767 1982 2015 2194 2624 2873 3358 3437 3804 3896 3905
95 181 627 678 809 1023 1066 1364 1441 1478 1523 1573 1632 1648 1812 1897 1966 2179 2420 2574 2597 2629 2880 2926 2999 3034 3261 3263 3308 3339 3397 3401 3547 3565 3640 3817 3853 3862 3903 3942 3948 3994
100 398 439 631 663 768 788 884 1284 1422 1432 1545 1639 1666 1708 1725 1780 1811 1900 2070 2212 2345 2971 3061 3199 3248 3306 3352 3378 3408 3681 3753
102 125 158 190 421 535 712 747 806 973 1101 1187 1362 1515 1737 1836 1861 2237 2256 2815 2898 2911 2992 3004 3409 3588 3950
104 178 297 321 761 854 966 1195 1212 1228 1388 1495 1663 1765 1830 1838 1849 1891 2118 2195 2269 2290 2363 2391 2543 2833 3036 3058 3189 3577 3784 3840
106 122 150 322 758 946 1054 1640 2231 2249 2303 2653 2766 2822 2918 2997 3325 3642 3831
108 114 310 685 1063 1502 1635 1710 1720 2013 2148 2190 2305 2550 3176 3582
109 392 469 849 856 1185 1349 1440 1442 1448 2464 2946 3013 3066 3186 3909
111 236 907 1056 1150 1340 1406 1500 1510 1557 1896 1951 2218 2238 2469 2760 2855 2886 2939 2996 3018 3703 3768 3874
117 119 142 173 221 246 400 406 412 815 997 1029 1161 1191 1222 1300 1439 1777 1870 1968 2054 2065 2227 2300 2380 2535 2683 2847 2958 2963 2972 3093 3249 3301 3500 3608 3739 3769 3805 3814 3974
120 152 185 506 651 766 783 1052 1093 1145 1193 1213 1641 1762 1793 1921 2093 2154 2204 2293 2386 2462 2557 2664 2889 3000 3278 3716 3741 3842 3936
123 450 863 991 1385 1459 1808 2356 2384 2650 2900 3533 3835
124 145 160 318 491 632 760 880 1005 1020 2064 2429 2455 2506 2649 2794 2865 3165 3202 3253 3267 3453 3684 3718 3993
128 445 735 814 877 1286 1901 2177 2329 2538 2913 3246 3299 3311 3329 3479 3598 3891
130 231 324 335 358 488 713 718 838 850 859 950 981 1196 1250 1288 1311 1454 1723 1818 2001 2080 2317 2480 2530 2575 2606 2618 2662 2785 2860 3081 3090 3101 3142 3194 3209 3234 3244 3252 3257 3260 3264 3345 3511 3700 3775 3780 3941
132 196 339 372 385 502 648 721 765 770 974 1038 1199 1214 1338 1384 1409 1410 1470 1488 1630 1889 2107 2274 2507 2632 2696 2698 2741 2754 2763 2791 2838 2844 3226 3254 3459 3652 3872 3885 3893 3967 3983
134 192 545 599 607 753 1037 1077 1146 1560 1711 1738 2036 2253 2319 3233 3291 3369 3420
136 277 298 320 427 435 610 615 671 776 922 933 983 1315 1348 1379 1400 1444 1484 1664 1878 1935 2129 2175 2184 2251 2261 2271 2357 2474 2617 2716 2747 2784 2821 2875 2882 3038 3125 3166 3218 3237 3434 3627 3667 3807 3828 3930 3937
139 371 1280 1306 1642 2193 2330 2685 2761 2841 2874 3048 3360
140 156 323 340 424 500 656 704 762 784 987 1026 1156 1235 1270 1343 1419 1629 1799 2081 2183 2669 2758 2831 2866 3068 3140 3334 3450 3644 3683 3764 3778 3908
141 194 315 472 499 560 748 882 1006 1171 1335 1350 1359 1360 1372 1420 1706 1749 1938 1943 1971 2181 2197 2215 2320 2353 2499 2552 2746 2770 2796 2854 3282 3292 3304 3377 3531 3603 3606 3619 3646 3727 3743 3960
144 362 888 930 1245 1694 1884 2026 2088 2187 2504 2521 2637 2725 2828 2952 3211 3284 3492 3493 3999
149 867 1552 1810 2379 2408 2998 3086 3443 3665
151 1025 1137 1592 1979 2490 2635 2638 3737 3798
154 294 326 377 393 510 670 942 1128 1152 1237 1271 1326 1327 1336 1437 1576 1660 1693 1701 1743 1759 1778 1801 1937 1996 2169 2316 2354 2368 2412 2607 2645 2659 2686 2990 3065 3106 3111 3183 3364 3384 3452 3829 3839 3924 3943 3989
157 159 274 477 481 548 637 639 677 908 929 1061 1102 1106 1163 1216 1344 1392 1584 1908 1985 2241 2281 2613 2806 2980 3416 3454 3571 3602 3613 3628 3696 3818 3921 3984
161 344 511 1386 1599 2427 2697 2749 3509 3563 3575 3844 3875 3879
162 464 485 512 525 674 828 1190 1295 1355 1416 1485 1610 2159 2232 2553 2642 2871 3023 3396 3698
163 245 300 342 526 706 829 975 1024 1039 1141 1285 1334 1446 1717 1722 1771 2043 2100 2133 2147 2199 2285 2436 2495 2674 2836 2994 3042 3570 3600 3693 3711 3968 4000
167 259 423 446 569 710 843 883 1021 1175 1183 1227 1313 1357 1518 1538 1657 1741 1916 1932 2479 2598 2603 2724 3082 3526
169 195 205 381 422 457 471 590 622 659 725 827 988 1018 1072 1147 1232 1263 1341 1435 1681 1821 1957 1967 2005 2047 2102 2144 2202 2393 2534 2559 2623 2799 2883 2937 3109 3123 3300 3607 3671 3889
172 504 541 580 928 969 1001 1055 1468 1619 1773 1890 1915 2200 2276 2417 3238 3327 3344 3405 3523
180 740 1035 1975 2682 2887 2942 3063 3912 3975
183 356 394 686 786 825 912 921 936 1329 1421 1477 1593 1656 1683 1712 1753 1831 2114 2150 2442 2445 2503 2908 3139 3168 3245 3361 3406 3468 3541 3787 3935
186 280 325 609 789 945 1107 1166 1208 1289 1582 1589 1665 1747 1856 1892 2110 2257 2824 2973 3031 3134 3622 3626 3659 3773 3810 3949 3997
189 223 341 982 1690 1930 1991 2079 2587 2986 3604 3726 3735 3928
201 235 249 304 426 447 453 486 568 591 664 819 949 962 999 1069 1118 1127 1158 1207 1301 1412 1463 1513 1613 1645 1927 2025 2090 2327 2351 2438 2453 2484 2600 2666 2703 2870 2897 2983 3054 3181 3231 3272 3550 3561 3567 3791 3825 3847
202 212 494 820 844 1525 1558 1695 1718 1800 1934 1940 1963 2173 2252 2266 2563 2585 2671 2735 2767 2853 2877 2923 3044 3100 3310 3357 3392 3398 3657 3823 3836 3890
206 237 287 756 773 1119 1472 1907 2176 2545 3705
210 330 926 1064 1822 2347 2627 2773 3110 3679 3682 3902
211 654 902 2120 2465 2482 2622 2652 2719 3340 3427
213 233 250 745 1936 1962 2294 2418 2968 2987 3196 3239 3321 3471 3691
218 282 303 416 777 832 939 968 1019 1030 1085 1489 1505 1568 1575 1655 1716 1873 2207 2375 2905 3104 3402 3489 3496 3623 3715 3720 3725
220 395 624 935 937 1402 1414 1544 1893 2040 2211 2581 3192
225 278 507 1043 1153 1233 1236 1588 1688 2062 2124 2315 2326 2593 2750 3200 3927
226 733 774 956 957 1082 1243 1276 1539 1679 1758 1917 2168 2171 2392 2413 2596 2680 2782 3024 3073 3091 3407 3476 3529 3852 3955
230 544 570 581 642 655 662 697 869 927 963 1197 1314 1370 1403 1483 1887 1931 2071 2434 2496 2502 2573 2661 3062 3259 3415 3656 3687 3917 3951
240 284 317 378 455 681 889 1231 1287 1494 1606 1820 1853 1958 2435 2477 2714 2781 2896 2925 3127 3197 3288 3375 3782
241 769 896 904 1689 1858 2608 3520 3763 3973
247 738 1091 1781 2208 2522 2868 2892 3328 3338
253 319 430 698 705 771 802 817 961 1154 1194 1361 1411 1791 1855 1918 1993 2270 2286 2358 2378 2389 2400 2405 2516 2571 2602 2655 2693 2769 2772 2863 2922 3055 3088 3144 3412 3451 3527 3596 3722 3897 3952
254 352 574 682 1057 1742 2020 2248 2478 2528 2830 3286 3386
255 389 528 565 813 898 1045 1096 1133 1217 1330 1368 1425 1561 1579 1601 1633 1669 1755 1824 1844 1869 1989 2097 2145 2170 2468 2540 2641 2647 2715 2751 3003 3050 3390 3522 3540 3544 3560 3799 3877 3883 3914 3964 3976
262 750 990 1004 1837 2032 2113 2401 2471 2670 3222 3601 3848
263 1103 1113 1169 1353 1356 1506 2098 2105 2306 2426 2651 2742 3028 3346 3370 3503 3732
267 628 790 1040 1114 1447 1569 1672 2035 2077 2210 2246 2456 2497 2568 2643 3041 3295 3323 3421 3445 3504 3873
271 460 729 855 1178 1278 1598 1756 1783 1846 2127 2180 3256 3590 3923 3940
281 312 1083 1553 1603 1761 1774 1785 2158 2485 2580 2701 2921 3015 3215 3448
302 529 589 604 626 870 1095 1170 1204 1260 1365 1373 1624 1674 1790 2117 2233 2807 3180 3354 3858
305 524 564 703 951 1079 1726 1798 1865 2702 2967 3009 3119 3266 3591 3766 3856
306 308 373 387 513 595 851 953 1011 1053 1247 1616 1650 1782 2778 2819 2837 3629 3755 3813
311 428 433 717 1501 1577 1647 1828 1999 2037 2046 2106 2491 2514 2576 2656 2706 2901 3040 3655 3688 3714
313 369 952 978 1087 1202 1307 1323 1476 1583 1807 1860 2371 3026 3118 3506 3676 3800
333 403 582 611 837 861 1168 1189 1215 1229 1520 1522 1527 1965 2189 2321 2340 2369 2536 2630 3269 3551 3701 3772 3796
337 380 391 555 689 984 1667 2050 2324 2487 2681 2723 3155
348 432 780 801 901 1377 1684 2029 2263 2520 2660 2673 2829 3518
349 468 521 638 958 993 1160 1267 1317 1337 1562 2059 2061 2103 2678 2859 2930 3128 3147 3163 3280 3371 3485 3494 3593 3625 3734
354 1058 1258 1279 1319 1835 1854 2010 2101 2219 3116 3129 3566 3639 3686
355 537 540 556 559 602 918 924 955 1100 1110 1181 1225 1662 1703 1724 1739 1847 1912 2142 2394 2483 2515 2709 2776 3372 3795 3806 3819 3920
357 409 566 716 741 751 900 917 959 979 1268 1431 1493 1521 1556 1585 1727 1750 1840 2011 2458 2486 2525 2867 3191 3273 3379 3508 3573 3592 3645 3752 3757 3822 3851 3971
360 370 687 702 1142 1221 1254 1257 1290 1345 1534 1618 1626 1698 1707 1833 1868 1913 2060 2304 2361 2449 2488 2717 2827 2903 2956 3309 3480 3510 3638 3717 3762 3886 3894
361 732 873 970 1239 1312 1475 1600 1604 1740 1805 1806 1944 2016 2123 2130 2174 2287 2461 2605 2615 2646 3037 3079 3107 3150 3153 3297 3651
396 474 509 625 640 1294 1536 1649 1659 2226 2365 2748 3032 3216
405 707 1074 1457 1902 2192 2566 2839 3203 3393
434 669 795 1829 1886 2139 2328 2809 2929 3759 3812
442 757 1615 2186 2201 2527 2561 2704 3012 3706 3815 3966
452 594 649 1044 1668 2027 2788 2804 2902 2904 2907 3478 3729 3821 3824
462 1405 1423 1736 1952 2004 2058 2156 2787 3569 3830
466 623 643 730 895 948 1149 1159 1192 1248 1436 1491 1832 1894 1906 1953 2277 2771 3224 3433 3436 3695 3719
467 533 727 1249 1564 1911 2072 2825 3594 3878
482 492 1369 1389 1424 1537 2402 2631 2736 2849 2881 3210 3488 3938
487 520 1000 1105 1473 1503 1540 1685 2009 2182 3132
496 542 646 661 759 804 954 1016 1086 1296 1390 1404 1417 1591 1602 1627 1682 1764 1794 2019 2030 2034 2149 2272 2421 2541 2762 2915
501 592 779 916 1115 1380 1925 2223 2341 2648 3108 3756 3892
550 658 688 1089 1097 1788 2109 2768 3169 3595 3754
571 683 833 938 1104 1143 1234 1298 1374 1396 1504 1535 1543 1566 1751 2042 2055 2063 2307 2422 2517 2813 2834 2974 3011 3122 3126 3146 3290 3353 3367 3444 3553 3559 3624 3631 3779 3788 3855 3915
576 992 1471 2284 2687 2795 3175 3400 3816 3834
577 1434 1512 1904 2191 2332 2395 2444 2722 3157 3516 3740
579 680 711 746 1120 1430 1776 2657 3182 3389 3572
584 723 1479 2067 2198 2370 2452 2718 2792 3070 3442 3467 3808
600 853 860 1264 2451 2713 2752 2936 3172 3418 3650
616 667 772 934 1292 2665 2684 3053 3690 3977
645 972 1587 1646 2044 2112 2172 2498 2679 2730 3519
699 1526 1530 2259 2311 2555 2745 3235 3312 3614
824 1009 1763 1909 1964 2031 2297 3084 3307 3368 3712
905 1008 1071 1842 2068 2299 2577 3094 3223 3326
1172 1429 1658 1766 1834 1972 2021 2119 2260 2869 3343 3552 3980
