0 52 90 387 517 592 671 917 971 1060 1433 1849 1859 1918 1931 1995 2004 2095 2102 2144 2448 2592 2649 2736 2749 2818 2828 2989 3212 3224 3227 3412 3443 3537 3578 3832 3847 3950 4059 4126 4178 4529 4582
1 165 218 609 946 1269 1299 1389 1584 1694 2232 2308 2696 2955 3199 3206 3398 3536 3547 3721 3734 3984 4642 4727 4793
2 31 143 359 364 500 550 633 738 849 878 888 978 1001 1225 1329 1345 1361 1790 1851 1997 2055 2095 2108 2396 2468 2531 2739 2890 2894 3009 3220 3433 3520 3785 3995 4019 4111 4248 4338 4442 4483 4675 4767 4948 4970
3 149 197 307 363 426 428 585 635 898 1245 1300 1550 1609 1660 1675 1902 2519 2554 2599 2766 2771 2779 2961 3109 3177 3506 3851 3963 3965 4134 4221 4666 4699 4862
4 244 342 365 617 904 969 1151 1254 1402 1427 1501 1598 1627 1832 1879 2222 2247 2259 2312 2626 3152 3166 3317 3381 3484 3628 3700 3760 3915 4052 4127 4229 4407 4725 4848 4879
5 20 121 138 562 588 613 736 759 867 1266 1286 1328 1425 1440 1476 1607 1754 1936 1974 2173 2258 2260 2477 2484 2703 2829 2865 3089 3100 3104 3147 3684 3941 4046 4512 4688 4788 4880 4919
6 49 100 191 427 595 850 950 1124 1284 1384 1439 1833 1947 2002 2036 2043 2148 2366 2421 2657 2735 2843 2972 3016 3257 3304 3459 3494 3549 3591 3892 4267 4331 4708 4908 4915 4954
7 14 223 332 488 856 1114 1199 1467 1765 2485 3524 3702 3798 3970 3976 4100 4115 4182 4474 4829 4913
7 22 92 135 294 411 673 836 854 889 991 1135 1240 1275 1417 1502 1587 1622 1642 1719 1773 1798 2180 2286 2475 2602 2848 2911 3086 3119 3173 3182 3193 3486 3502 3706 3904 4028 4079 4164 4167 4260 4295 4606 4771 4799 4823 4931
8 450 742 777 821 913 995 1473 1628 1702 1785 1984 2050 2233 2413 2623 2706 2881 2926 2981 3027 3069 3084 3242 3283 3866 4008 4320 4361 4604 4804
9 113 267 361 848 922 1793 1854 1934 2717 3190 3207 3282 3557 3697 3770 3816 4032 4069 4103 4434 4520 4567 4636
10 106 266 495 846 912 914 982 1169 1326 1501 1537 1541 1556 1667 1767 1819 2328 2384 2525 3188 3705 3724 4093 4173 4240 4274 4348 4578 4695 4737 4905
11 21 245 1127 1373 1385 1409 1599 2110 2454 2684 2815 3072 3141 3616 3654 4386 4522 4863 4895 4938
12 137 220 369 824 937 1108 1190 1291 1317 1354 1386 1600 1666 1877 1940 2157 2351 2388 2419 2640 2667 2745 2792 2992 3083 3140 3172 3265 3323 3374 3448 3481 3818 4043 4109 4280 4318 4415 4556 4638 4645 4953
13 344 458 506 651 791 826 959 1174 1223 1390 1403 1721 1888 1894 2009 2053 2102 2179 2280 2526 2552 2568 2572 2751 2768 3253 3275 3296 3414 3445 3508 3629 3682 3757 3767 4019 4204 4438 4441 4462 4830 4847 4892 4959 4961 4994
15 72 94 463 672 677 685 696 705 730 768 949 998 1195 1297 1414 1493 1551 1722 1845 1865 2046 2219 2514 2564 2573 2689 2827 2875 2888 3028 3116 3121 3430 3696 3779 3821 4087 4155 4162 4165 4171 4206 4303 4392 4559 4898
16 62 110 481 548 672 707 753 911 933 970 986 1098 1118 1178 1265 1371 1496 1739 1782 1897 2037 2065 2140 2187 2261 2310 2486 2495 2598 2919 2935 2944 3035 3236 3342 3354 3525 3546 3565 3710 3860 4290 4392 4435 4476 4712 4802 4889 4930
17 117 139 594 881 1017 1377 1379 1590 1656 1669 1822 1872 2001 2096 2197 2264 2282 2470 2480 2488 2492 2516 2589 2670 2761 2773 2879 2952 3059 3738 3782 3913 4037 4601 4663 4711 4743 4950 4993
18 124 248 320 323 352 484 541 718 775 811 887 1126 1153 1185 1221 1304 1387 1463 1465 1650 1662 1999 2083 2093 2118 2202 2351 2586 2726 2768 2820 2989 3116 3300 3306 3500 3515 3527 3598 3665 3698 3881 4106 4514 4544 4648 4710 4950
19 79 202 246 299 385 394 1321 1431 1617 1685 1748 1760 1847 1939 2116 2200 2353 2414 2746 2838 2966 3328 3455 3718 3742 3755 3831 3850 4218 4430 4451 4603
21 309 507 522 640 674 797 868 966 1011 1143 1347 1525 1620 1693 1780 1916 1934 2085 2088 2151 2191 2296 2643 2826 2916 3007 3120 3414 3470 3567 3886 4020 4035 4179 4199 4205 4209 4437 4451 4521 4764
23 48 108 182 501 538 628 662 708 741 788 1028 1307 1506 1693 1766 1838 1951 2019 2200 2230 2296 2316 2369 2879 2939 3031 3113 3243 3325 3595 3895 3924 3940 3958 4021 4188 4538 4820 4867 4905 4978
24 29 78 316 421 531 805 1003 1128 1492 1523 1529 1568 1789 2211 2226 2395 2446 2458 2680 2845 3019 3131 3228 3353 3419 3562 3592 3611 3689 3739 3781 4140 4352 4380 4616 4928
25 348 366 417 490 601 933 1205 1208 1373 1512 1753 2026 2234 2675 2854 3117 3181 3483 3487 3884 3926 3952 4130 4342 4491 4691 4766
26 182 225 235 358 434 456 564 930 940 1488 1561 1626 2131 2190 2524 2560 2606 2711 2759 3183 3287 3290 3378 3447 3518 3597 3617 3799 3925 4005 4160 4183 4372 4525 4751 4834 4949 4998
27 164 268 356 360 425 556 865 1065 1192 1277 1314 1367 1713 2056 2073 2201 2469 2610 2708 2921 3216 3271 3403 3512 3554 3676 3804 3865 3870 3896 3933 4241 4313 4418 4459 4633 4865
28 46 88 177 206 281 291 433 606 634 682 753 838 936 1046 1162 1189 1309 1332 1583 1761 1948 2030 2078 2171 2490 2631 2833 2889 2937 2978 3051 3090 3128 3162 3272 3569 3747 3814 3989 4090 4114 4470 4602 4944 4986
30 84 128 284 443 631 637 779 1144 1170 1243 1261 1445 1553 1637 1815 2081 2378 2455 2561 2816 3037 3180 3256 3311 3428 3548 3569 3585 3858 4095 4312 4340 4553 4571 4624 4676 4762 4869
32 580 803 926 1233 1710 1868 1922 2224 2441 2616 2803 2896 2931 3205 3415 3423 3745 4048 4233 4569
33 73 180 260 327 483 732 1306 1378 1698 2363 2401 2575 2658 2659 2873 3360 3422 4029 4615
34 403 521 539 738 765 1055 1150 1161 1182 1351 1360 1507 1667 1799 1891 1921 1968 2090 2163 2175 2184 2648 2733 2752 2802 3133 3277 3375 3383 3419 3444 3812 3813 3820 3880 3959 4010 4049 4050 4073 4286 4555 4760 4975 4985
35 153 155 804 1100 1131 1319 1435 1542 2181 2728 2872 2892 2970 3603 3635 3891 4408 4592 4661 4665 4718
36 117 160 187 261 309 315 353 378 446 519 577 596 776 1014 1234 1258 1412 1491 1510 1682 2367 2583 2691 2770 2850 2990 3012 3101 3129 3135 3348 3439 3446 3777 3844 4088 4230 4344 4689 4946
37 207 398 424 475 532 1239 1416 1732 2189 2383 2415 2841 2876 2893 2907 2956 3047 4112 4284 4355 4376 4518 4568 4585 4757
38 144 222 308 350 493 504 626 823 1171 1310 1531 1621 1655 1711 1778 1881 1901 1926 2167 2295 2333 2391 2402 2446 2451 2901 3001 3053 3060 3247 3253 3296 3322 3346 3410 3519 3619 3659 4031 4104 4119 4149 4285 4379 4411 4837
39 141 178 231 338 572 629 693 716 802 812 942 945 951 1045 1048 1172 1240 1421 1736 1998 2010 2092 2164 2231 2345 2410 2609 2886 2913 3380 3392 3543 3561 3574 3601 3746 4387 4465 4489 4528 4543 4709 4723 4849
40 87 234 623 638 782 1222 1337 1475 1572 1659 1781 1792 1962 2138 2321 2611 2665 2915 3187 3231 3254 3431 3467 3503 3723 3826 3881 4371 4502 4534 4740 4827 4838
41 70 244 375 401 489 584 870 920 954 1078 1099 1118 1148 1156 1318 1411 1441 1536 1605 2187 2404 2423 2475 2506 2693 2818 3049 3088 3159 3259 3266 3555 3833 3846 4063 4301 4655 4687 4746
41 61 101 254 393 415 530 621 701 703 771 797 855 1036 1404 1464 1549 1569 1835 1864 2049 2051 2103 2553 2933 3241 3254 3370 3463 3521 3530 3708 3717 3786 3848 3886 3888 4055 4141 4235 4245 4521
42 151 371 735 976 1119 1453 1631 1636 1727 1890 2192 2575 2634 3005 3164 3779 3971 4051 4936
43 536 686 729 893 979 1016 1062 1443 1913 1933 2016 2168 3161 3225 3580 4186 4446 4450 4639 4717 4724 4813 4992
44 235 373 380 412 552 603 796 820 899 1353 1374 1419 1444 1494 1649 1896 2203 2334 2517 2582 2647 2764 2853 2945 3262 3302 3310 3343 3446 3686 3780 3815 3956 3986 4158 4406 4511 4513 4600 4926
45 142 224 239 589 785 874 880 1052 1304 1362 1366 1678 2494 2497 2559 2641 2722 2741 2918 3148 3234 3732 3909 4299 4693 4797
47 237 300 449 461 499 556 670 773 874 1050 1343 1575 1638 1655 1671 1691 1697 1704 1973 2363 2503 2504 2512 2662 2729 2847 2902 2957 3043 3251 3259 3374 3550 3573 3583 3605 3614 3803 3832 4172 4227 4448 4574 4810 4878 4896 4918 4925
50 516 622 639 743 852 1268 1397 1471 1768 1820 1996 2204 2252 2265 2279 2549 2563 2688 2715 2722 2822 2870 3006 3092 3110 3150 3316 3361 3559 3603 3623 3650 3822 3893 4040 4142 4273 4354 4423 4821 4906
51 118 137 333 376 576 731 794 862 919 1134 1363 1560 1606 1771 1817 1842 2035 2288 2293 2435 2581 2625 2801 3082 3142 3229 3355 3579 3608 3630 3631 3632 3716 3788 3853 3906 4018 4027 4036 4236 4258 4650 4659 4697 4702 4895 4960
53 216 311 909 1112 1490 1990 2015 2086 2571 2630 2932 3298 3368 3604 3691 3719 3768 3793 3991 4107 4135 4137 4427 4671 4999
54 59 120 391 575 625 910 1140 1200 1432 1516 1531 1611 1871 2335 2666 2778 2796 2851 2958 3081 3186 3833 3859 3999 4017 4030 4072 4226 4314 4379 4557 4579 4902
54 313 334 573 687 781 1532 1742 2382 2491 2551 2621 2923 3063 3145 3347 3372 4133 4179 4180 4683 4852 4853
55 437 471 478 731 897 1032 1081 1097 1197 1690 1695 1788 2283 2518 2748 3572 3680 4238 4289 4620 4741
56 197 419 494 514 709 748 927 947 1139 1175 1208 1571 1615 1720 1887 1956 2149 2212 2225 2357 2389 2474 2742 2783 2784 3042 3094 3134 3168 3213 3338 3356 3379 3397 3609 3741 3769 3789 3877 4056 4310 4644 4883
57 269 615 680 793 819 984 1091 1094 1273 1327 1515 1520 1618 1755 1874 1949 2027 2240 2331 2459 2509 2539 2562 2607 2765 2898 2960 2964 3025 3274 3286 3367 3391 3406 3533 3618 4192 4417 4721 4839 4973
58 232 295 384 699 786 884 1022 1330 1364 1503 1640 1783 2028 2047 2381 2392 2523 2849 3099 3497 3499 3504 3507 3522 3653 3790 4325 4420 4632 4761 4977
60 65 98 655 683 744 861 885 996 1181 1237 1456 1825 2169 2303 2540 2678 2794 2871 2948 3160 3589 3658 3662 3928 3947 3993 4370 4378 4385 4558
63 173 251 262 690 841 1029 1246 1272 1828 2060 2300 2372 2930 2984 3917 4014 4061 4293 4304 4748 4772 4841 4893
64 163 176 183 215 402 470 520 643 761 838 1057 1063 1293 1574 1680 2118 2314 2397 2971 3204 3226 3427 3878 3944 3946 4096 4152 4535 4537 4723 4821 4916 4992
66 203 354 475 1282 1437 1455 1474 1648 1991 2781 2863 3105 3293 3432 4272 4339 4807 4831 4963 4974
67 533 642 689 772 1283 1624 1637 1863 1886 1958 2012 2135 2998 3045 3106 3146 3445 3479 3703 3747 3758 3997 4171 4306 4336 4630 4844 4904 4989
68 123 353 459 592 594 604 783 867 1219 1375 1639 1643 1716 1937 2266 2271 2365 2869 2910 3873 4054 4121 4399 4486 4584 4868
68 692 752 1007 1080 1341 1358 1468 1526 1528 1530 1808 2076 2309 2368 2674 2887 2954 3357 3384 3640 3651 3683 3874 3985 4214 4217 4566 4596 4745 4754 4958
69 165 292 407 760 919 1130 1187 1224 1296 1466 1610 1629 1641 1645 1708 1709 1964 2037 2109 2218 2242 2524 2532 2534 2726 2900 2929 3144 3210 3279 3315 3349 3523 3602 3845 3875 3889 4062 4281 4396 4731 4814 4933 4945
71 199 219 225 243 280 310 377 916 1046 1216 1243 1319 1377 1423 1634 1915 2024 2076 2097 2115 2124 2250 2355 2590 2936 3054 3211 3281 3637 3648 3729 3879 4134 4269 4278 4347 4436 4473 4519 4597 4640
74 551 555 825 1193 1479 1910 1992 2106 2207 2313 2362 2510 2707 2906 2977 3067 3321 3532 3664 3740 3927 3962 4187 4425 4570 4646
75 432 466 525 547 646 816 964 1129 1219 1334 1405 1420 2270 2357 2943 3217 3235 4714 4716 4899 4927
76 457 492 588 681 704 844 1064 1301 1424 1612 1758 1811 2117 2162 2557 2565 2704 2740 3018 3249 3271 3305 3350 3401 3429 3872 4042 4066 4156 4168 4288 4337 4786 4854
77 285 468 560 602 713 756 829 873 915 1302 1540 1619 1650 1846 2210 2241 3098 3248 3493 3960 4402 4782
80 107 278 350 480 544 546 765 839 923 968 1039 1449 1478 1498 1562 1681 1741 1840 1861 1914 1938 2152 2254 2291 2556 2785 2844 2857 3041 3334 3931 4266 4307 4362 4726 4891
81 271 454 473 702 806 1487 1717 1803 2094 2620 2943 3586 3643 4012 4026 4102 4575 4617 4685 4733 4803 4846
82 205 270 503 1092 1180 1217 1595 1749 1827 1839 1858 1869 2141 2311 2466 2511 2605 2731 2779 3066 3805 3907 3939 4007 4223 4397 4410 4440 4870 4976
83 89 161 698 710 847 1298 1315 1482 1543 1563 1687 1911 1994 2298 2380 2712 2959 3292 3427 3688 3954 4215 4251 4433 4910 4982
85 86 167 273 343 381 460 1109 1323 1361 1546 1580 1597 1607 1673 1728 1752 1843 1945 1960 2023 2299 2430 2437 2530 2614 3108 3125 3144 3195 3469 3514 3707 3736 3777 3854 3955 4181 4208 4365 4400 4598 4631 4784 4951
91 253 331 349 477 540 790 891 906 1158 1168 1260 1333 1558 1822 1846 1860 1869 1932 2003 2018 2020 2099 2143 2262 2543 2585 2615 2645 2825 3330 3333 3345 3413 3434 3449 3460 3540 3800 3987 4284 4371 4549 4662 4755 4779 4900
93 189 431 953 1095 1149 1160 1391 1495 1919 2183 2400 2544 2574 2578 2698 2763 3558 4001 4257 4364 4504 4526 4586 4971
94 261 413 659 831 974 1011 1110 1230 1347 1683 1700 1787 2006 2008 2032 2424 2440 2515 2689 2730 2857 2909 3013 3474 3490 3538 3560 3704 3733 3910 3949 4016 4159 4174 4330 4370 4419 4424 4429 4460 4461 4487 4531 4547 4595 4629 4789 4914
95 293 523 570 649 754 799 999 1111 1316 1689 1786 1840 1889 1950 2220 2398 2472 2487 2618 2963 3065 3402 3692 3929 4170 4563 4703 4864
96 275 305 590 780 960 1145 1155 1535 1553 1703 1719 1731 1734 1770 1805 1898 2033 2101 2196 2470 2969 3056 3178 3202 3219 3631 3819 3871 3890 3972 4361 4667 4832 4911
97 115 326 528 837 1043 1101 1120 1232 1290 1454 1826 1905 2188 2235 2498 2832 2905 3420 3433 3660 4058 4507 4539
99 133 152 513 611 759 1089 1527 1534 1578 1616 1632 2068 2158 2489 2694 2988 3644 3677 3771 4334 4374 4654 4811 4920
102 186 277 398 409 970 1457 1589 2555 2654 2695 2704 2720 3336 3552 4193 4679 4752 4822 4840
103 331 518 876 1122 1188 1565 1603 1745 1885 1894 2137 2157 2387 2452 2587 2669 2859 3070 3291 3620 3748 3765 3953 4083 4206 4472 4759 4888
104 496 652 695 875 1021 1236 1344 1350 1548 1652 1743 2029 2214 2385 2439 2710 2754 2882 2901 2914 3240 3441 3468 3638 3699 3797 3937 4377 4409 4480 4576 4594 4704 4897
105 181 367 628 726 1004 1123 1133 1173 1280 1322 1368 1380 1381 1669 1784 2119 2160 2356 2361 2594 2650 2664 2839 2884 2885 3324 3438 3566 3862 3973 4033 4234 4647
109 408 561 676 716 987 999 1005 1395 1459 1591 1594 1875 2259 2577 2591 2823 2965 3093 3186 3210 3214 3329 3626 3649 3888 4006 4401 4801 4981
111 192 410 859 1442 1500 1714 1777 1895 1971 1975 2100 2327 2460 2547 2693 2867 3258 3276 3373 3497 3590 3639 4086 4326 4345 4482 4634 4680 4876
112 981 1059 1073 1325 1352 1393 1448 1522 1581 1924 2040 2268 2278 2429 2682 2850 2927 3017 3154 3303 3421 3652 3661 3666 3934 4084 4225 4359 4859 4875 4901 4916
114 171 619 1121 1295 1738 1746 1925 2127 2130 2147 2243 2252 2257 2347 2409 2852 2855 2973 3071 3197 3390 4024 4201 4275 4350 4373 4573 4952
116 188 362 487 666 728 1209 1235 1592 1646 1870 1893 2186 2330 2508 2550 2608 3112 3137 3809 4136 4542 4614 4649 4985 4997
119 190 479 632 648 653 750 763 767 877 1342 1346 1359 1419 1684 1930 1980 2064 2263 2302 2453 2660 2814 2821 2846 2864 3166 3191 3759 3839 4097 4375 4393 4882
122 154 654 787 1020 1480 1625 1725 1733 1867 1983 2039 2077 2113 2193 2344 2566 2713 2979 3062 3294 3364 3415 3534 3711 3815 4015 4510 4551 4656 4668 4696 4729 4776 4824
124 227 593 806 851 956 1204 1247 1485 1564 1663 1804 1853 2031 2289 2467 2622 2629 2755 2938 3136 3176 3341 3465 3498 3737 3788 4128 4302 4372 4412 4546 4673 4798
125 900 965 972 1125 1705 1759 1912 1929 2007 2067 2394 2601 2835 3064 3221 3457 3462 3477 3488 3556 3774 3951 3974 3979 4082 4184 4282 4366 4405 4503
126 174 286 312 328 372 469 493 521 670 809 871 1083 1107 1831 1903 2001 2325 2499 2721 2744 2842 3052 3130 3424 3454 3581 3674 3690 3897 4000 4224 4252 4291 4599 4677 4681 4698 4728 4817 4953
127 156 529 1927 1982 2277 2346 2450 2558 2637 2840 3024 3029 3046 3198 3278 3313 3318 3351 3377 3613 4101 4190 4463 4720 4738 4769
129 209 349 549 557 810 858 1035 1044 1072 1120 1255 1836 2178 2249 2464 2556 2776 2976 2983 3050 3061 3158 3239 3267 3350 3418 3539 3549 3669 3714 3848 4089 4177 4268 4672 4770 4890
130 290 505 568 816 1715 1957 2155 2483 2612 2635 2646 3400 3829 3869 4038 4574 4713 4758 4780
131 405 482 684 734 766 817 886 1024 1241 1348 1415 1418 1593 1639 1882 1928 2122 2753 2769 3026 3076 3245 3278 3408 3435 3450 3495 3529 3570 3864 3943 4054 4063 4324 4550 4597 4664 4684 4884
132 265 440 510 678 727 1056 1356 1369 1602 1844 2105 2301 2374 2619 2632 2757 3091 3156 3319 3544 3951 4065 4116 4124 4207 4356 4519 4934
132 146 351 399 559 778 1229 1688 1909 2341 2443 2478 2672 2812 2877 3014 3170 3849 3919 3980 3983 4013 4045 4148 4232 4390 4845 4996
134 158 574 722 725 827 845 994 1152 1196 1201 1329 1677 1791 1807 2139 2433 2521 2652 2806 2824 3405 3842 3887 3912 3914 4210 4351 4637 4713 4809 4850
136 162 193 229 242 251 282 396 486 542 644 755 834 1132 1134 1211 1399 1471 1821 1896 1900 1935 2112 2146 2332 2804 2924 2946 3008 3078 3301 3784 4432 4499 4832 4912 4972
140 406 512 661 802 884 921 934 1218 2479 2668 2860 2917 3107 3657 3730 4039 4367 4458 4513 4947
145 226 228 502 647 781 801 902 934 1070 1087 1146 1212 1320 1508 1699 1757 1954 2041 2223 2272 2405 2544 2570 2716 2800 2805 2858 2993 3004 3163 3796 3966 4034 4244 4357
147 340 688 721 1116 1256 2022 2588 2642 2866 2908 2940 3169 3179 3264 3273 3564 3668 3766 4203 4365
148 476 747 828 1077 1713 1779 1791 1829 2056 2170 2208 2215 2246 2426 2535 2624 2947 3033 3054 3097 3307 3375 3440 3456 3627 3775 3776 3823 3863 3876 4147 4441 4456 4515 4714 4750 4995
150 185 335 379 448 918 962 1166 1210 1664 1751 1759 1852 2129 2238 2545 2656 3185 3284 3452 3646 3672 3794 3883 4280 4298 4464 4541 4548 4987
157 204 630 668 984 1041 1141 1407 1665 2075 2132 2292 2541 2912 3079 3125 3138 3139 3885 4175 4516 4604 4833
159 194 938 975 1009 1026 1114 1136 1276 2183 2447 2463 2679 3200 3354 3910 3936 3967 4290 4532 4948
163 240 250 318 389 397 535 553 818 905 1008 1137 1209 1570 1866 2949 3019 3595 4485 4775 4869
166 208 304 883 889 967 985 1138 1248 1604 1635 1812 1830 1837 2035 2074 2290 2522 2813 3040 3327 3364 3384 3582 3681 3894 3992 4080 4191 4235 4305 4319 4545 4612 4651 4796 4952
168 249 302 306 462 471 515 537 621 798 977 1034 1085 1612 1658 1832 2038 2269 2343 2390 2793 2994 3043 3326 3365 3531 3588 3593 3685 3787 3928 4316 4439 4455 4660 4768 4885
169 255 610 1139 1157 1401 1856 2005 2011 2087 2120 2332 2339 2496 2789 2880 2922 3098 3192 3270 3621 3701 3882 4242 4309 4736 4860
170 211 238 259 276 509 1111 1585 2256 2337 2444 2595 2920 2984 3132 3754 3981 4239 4773 4835 4904 4935 4942 4957
172 983 1013 1247 1288 1311 1456 1509 1892 1989 2000 2021 2071 2113 2164 2225 2237 2255 2629 2797 2951 3151 3215 3409 3679 3945 4075 4123 4265 4332 4500 4662 4670 4785
175 288 442 508 607 1019 1184 1670 1696 2089 2098 2104 2166 2194 2386 2747 2834 3161 3297 3526 3576 3982 4176 4220 4285 4565 4694 4739
179 214 233 258 329 374 441 598 758 1217 1259 1262 1264 1278 1312 1376 1428 1676 1726 1796 1872 1911 1941 1970 2142 2151 2195 2370 3448 3587 4047 4085 4247 4263 4279 4332 4398 4481 4581 4593 4678 4778 4790
179 404 435 498 595 624 822 1202 1253 1336 1472 1499 1679 1857 1952 2221 2360 2438 2643 2756 2896 2934 2999 3020 3196 3272 3339 3344 3403 3513 3577 3678 3693 3751 3899 4023 4031 4076 4091 4161 4707 4734
184 316 347 383 452 740 807 907 1088 1238 1305 1429 1576 1724 2297 2305 3078 3508 3553 3594 3687 3867 3957 4144 4150 4319 4340 4353 4394 4497 4575 4608 4620 4980
192 332 558 815 998 1066 1330 1581 1653 1969 2285 2903 2956 2985 3034 3385 3542 3861 3964 4194 4329 4421 4428 4602 4705 4828 4919
195 257 1186 1335 1382 1470 1486 1730 1794 2031 2036 2082 2274 2567 2604 2782 3011 3096 3122 3238 3299 3476 4004 4211 4431 4605 4623 4783 4969
196 291 467 943 1554 1582 1686 1756 1953 2047 2750 3048 3230 3325 3828 4120 4333 4475 4480 4682 4943
198 253 565 813 863 1113 1154 1252 1394 1513 1596 1795 1806 2244 2739 2836 3010 3032 3464 3482 3528 3838 3927 4196 4292 4298 4322 4381 4742
199 645 663 1396 1460 1524 1800 1848 2209 2307 2329 2418 2725 2899 3269 3442 3667 3852 3938 4143 4416 4484 4495
200 384 576 600 1071 1191 1206 1265 1339 1977 2025 2052 2079 2084 2342 2520 2636 3022 3171 3250 3411 3468 3670 3824
201 258 368 890 925 1069 1899 2054 2066 2080 2216 2318 2416 2428 2633 2782 2968 2995 3075 3111 3255 3366 3563 3571 3606 3675 3715 3744 3787 4071 4151 4231 4270 4457 4489 4501 4561 4621 4874
201 241 497 527 620 762 776 993 1072 1076 1253 1263 1497 1920 2013 2072 2136 2165 2205 2287 2371 2408 2422 2432 3013 4074 4346 4366 4488 4653 4700 4937
205 272 346 382 737 901 1165 1271 1772 1873 1944 1986 2171 2580 2699 2730 2811 3000 3260 3352 3472 3505 4145 4296 4335 4851
210 388 733 774 1159 1267 1430 1452 1567 1614 1917 2514 2686 2697 2997 3466 3568 3645 4055 4686 4805 4826 4973
212 324 563 639 694 961 988 1075 1406 1701 1816 2111 2506 2734 2941 3002 3055 3103 3201 4106 4816 4872 4974
213 441 485 579 650 715 850 1192 1484 1521 1577 1586 1647 1963 2041 2165 2465 2482 2500 2507 2597 2627 2655 2723 2942 2986 3090 3252 3334 3625 3663 3671 3741 3878 3916 3932 4092 4161 4321 4501 4589 4626 4690 4702 4747 4777 4885 4894
217 444 723 990 997 1038 1340 1446 2445 2856 2928 3118 3120 3436 3478 4011 4067 4183 4185 4692
221 256 395 422 746 800 941 1076 1349 1412 1538 1555 1674 1834 2058 2159 2239 2251 2268 2424 2546 2651 2718 3038 3222 3371 3727 3778 4118 4308 4341 4886
230 429 575 706 739 958 992 1040 1090 1117 1160 1229 1250 1313 1737 2017 2048 2107 2322 2336 2393 2567 2646 2661 2663 2817 2955 2982 3152 3217 3263 3369 3399 3425 3535 3565 3713 3762 3900 4041 4108 4197 4530 4592 4712 4815 4845 4881 4921 4923
236 297 416 545 892 1287 1573 1601 1651 2000 2070 2172 2229 2290 2375 3203 3387 3501 4198 4363 4426 4468 4572 4587 4669 4753 4887 4931
247 252 337 436 679 700 769 799 1006 1012 1082 1294 1461 1906 1993 2403 2593 2925 3003 3280 3511 3998 4044 4260 4277 4354 4641
248 534 581 869 1030 1205 1215 1518 1521 1769 2014 2306 2369 2579 2738 2830 2950 3167 3622 3634 3772 3901 3978 4078 4081 4131 4139 4706 4792 4873 4909
263 566 605 872 1231 1249 1274 1324 1374 1481 1891 1907 1943 1987 2093 2154 2407 2513 2548 2620 2644 2653 2658 2702 2743 2795 2887 3057 3285 3377 3386 3426 3551 3575 3642 3837 3852 4404 4447 4657 4732 4849 4920 4924
264 303 330 587 749 757 860 948 1049 1051 1633 2072 2123 2248 2542 2714 2760 2808 2883 2975 3295 3308 3454 3461 3822 3834 3980 3990 4132 4383 4445 4536 4588 4735
274 339 464 636 866 882 894 932 955 1058 1242 1308 1436 1438 1505 1571 1673 1712 1830 1861 1923 2034 2176 2227 2364 2431 2457 2690 2737 2806 2953 2962 3471 3599 3673 3753 3802 4105 4110 4467 4739 4813 4857 4866
279 641 657 814 842 1271 1318 1338 1544 1967 2267 2417 2596 3006 3037 3157 3223 3232 3244 3363 3584 3720 3811 4025 4077 4294 4493 4533 4610 4907
283 903 1027 1203 1608 1640 1668 1887 1988 2284 2724 2740 3126 3310 3340 3359 3389 3517 3607 3743 3810 4016 4271 4391
287 660 1700 1707 1802 2061 2350 2419 2676 2677 2744 2788 2895 3855 3942 4212 4452 4638 4749 4825 4843
289 843 853 857 939 973 1226 1400 1530 1718 1824 2663 2683 2709 3021 3136 3198 3250 4146 4174 4349 4414 4564 4808 4861 4871 4962
296 445 599 906 924 930 957 1104 1194 1303 1365 1422 1514 1750 1764 1908 1981 2045 2105 2126 2161 2228 2529 2649 2762 2795 2952 3015 3080 3095 3237 3331 3346 3422 3458 3642 3843 4070 4098 4129 4509 4607 4627
298 321 336 357 439 567 586 609 658 719 833 1086 1102 1183 1273 1533 1774 1855 2352 2379 2904 3246 3395 3416 3735 3857
301 664 789 840 994 1025 1105 1214 1747 1864 2156 2436 2476 2537 2874 2891 3830 3918 4009 4344 4524 4527
314 341 386 472 523 714 1053 1176 1383 1459 1469 1489 1519 1820 1961 1965 2134 2174 2182 2213 2399 2630 2638 2685 2719 2813 3036 3268 3545 3792 3806 3835 4154 4166 4287 4611 4715 4800 4945 4968
317 430 931 1047 1557 1763 2005 2044 2471 2527 3073 3337 3413 3610 3773 4444 4591 4622 4658 4967
319 447 491 1067 1262 1449 2153 2281 2304 2576 2772 2862 2974 3175 3180 3209 3309 3314 3437 3541 3633 3641 3656 3756 3977 4153 4219 4237 4259 4388 4449 4478 4517 4560 4583 4609 4652 4819
322 325 554 712 835 879 908 935 1033 1093 1216 1450 1547 1552 1706 1807 1810 1845 2059 2128 2349 2427 2493 2501 2538 2786 2819 2996 3388 3694 3921 3968 4276 4580 4746 4791 4922 4964 4972
328 526 608 681 1079 1692 1735 2198 2338 2358 2376 2377 3018 3153 3320 3451 3491 3920 4213 4216 4389 4413 4479 4540 4613 4635
343 669 691 1106 1447 1566 1644 1812 1862 1878 1883 1979 2780 2799 2831 2967 3149 3492 3809 3825 4722 4818 4836 4940
345 438 697 711 784 864 1142 1285 1880 1904 2253 2340 2732 2787 3165 3335 3475 3655 3752 4002 4138 4169 4222 4253 4478 4644 4701 4763 4991
355 400 423 451 476 578 871 1179 1279 1357 1462 1797 2412 3189 3473 3624 4195 4297 4453 4983
370 420 449 456 582 618 665 667 832 1074 1115 1227 1244 1392 1410 1423 1451 1483 1579 1661 1892 1959 2042 2119 2319 2774 2775 2897 3172 3393 3396 3407 3636 3783 3988 4052 4269 4343 4466 4496 4956 4966
390 614 720 1228 1270 1292 1481 1723 1809 1841 2091 2671 3039 3127 3763 3850 4068 4157 4262 4310 4328 4929
392 524 745 1317 1511 2275 2320 2326 2411 2628 3044 3115 3509 3975 4228 4492 4730 4877 4939 4941
414 952 1000 1199 1398 1426 1547 1978 2294 2304 2324 2348 2420 2569 2809 2810 2980 3382 3596 3898 4060 4473 4477 4494 4498 4903
418 591 612 627 792 879 903 916 980 1002 1023 1031 1198 1213 1226 1289 1876 2179 2425 2473 2727 2736 2758 2842 2878 3128 3615 3808 3868 3911 3922 3930 3948 4064 4256 4368 4554 4756 4856
421 543 717 929 944 989 1177 1281 1331 1444 1539 1623 1657 1729 1850 1893 1972 2185 2700 2790 2868 3453 3712 3795 4027 4189 4255 4443 4887
453 511 795 1068 1477 1559 1985 2322 2373 2434 2456 2617 2681 2692 2701 2807 2982 3289 3312 3516 3647 3695 3856 3961 4225 4283 4398 4508 4562 4787 4875 4955 4990
455 597 1545 1613 1672 1762 1884 1942 2069 2121 2481 2536 2777 2861 3102 3123 3215 3376 3561 3673 3725 3728 3766 3827 3840 4077 4163 4200 4246 4264 4395 4552 4556 4855 4858
465 569 616 751 1251 1801 2038 2133 2449 2462 2502 2987 3332 3485 3489 3935 4117 4261 4369 4577 4795 4988
474 600 764 787 963 1018 1042 1061 1123 1220 1355 1370 1458 2004 2145 2150 2505 2687 2767 3288 3709 3750 3799 3969 3996 4003 4113 4250 4358 4382 4618 4619 4781 4842 4917 4984
571 724 758 830 1084 1164 1372 1754 2177 2276 2822 3030 3077 3233 3394 3639 3791 3807 3905 3994 4202 4243 4249 4300 4469 4628 4820
583 675 865 1413 1630 1744 2236 2406 2603 2705 3058 3087 3155 3404 3461 3510 3903 4122 4327 4360 4590 4932
656 1015 1054 1103 1167 1647 1966 2323 2354 2639 3194 3218 3358 3480 3496 3667 3923 4099 4403 4422 4471 4812 4896
684 1163 1207 1588 1976 2317 2461 2510 2584 2798 3417 3764 3819 3836 4053 4094 4125 4505 4719 4979
770 774 1037 1257 1654 1708 1740 1955 2057 2062 2125 2199 2273 3068 3074 3143 3208 3261 3722 3817 3902 3908 4022 4283 4315 4317 4523 4744
808 896 1818 1823 2063 2206 2217 2359 2613 2991 3023 3114 3174 3749 4057 4254 4323 4625 4765 4774
895 1010 1096 1434 1504 1775 1813 1814 1879 1946 2114 2245 2442 2528 2600 2791 2837 3085 3184 3285 3511 3600 3612 3726 3731 3841 3968 4306 4311 4384 4490 4531 4965
928 1147 1388 1408 1517 1776 2315 2533 2673 3124 3362 3761 3790 3801 4002 4454 4506 4643 4674 4794 4806
