3187 4063
1832 2904
2672 2736
389 4389
2633 4884
3127 4458
2047 4787
1034 3917
1207 4221
1463 4392
2048 4920
3783 4101
4581 4981
98 4569
2206 4787
148 1522
2032 4920
1463 4851
1544 4750
933 4511
3446 3956
1142 4888
2789 4517
3505 4966
3640 4881
886 4908
2047 2515
702 3976
3294 4989
3187 4389
3956 4139
1194 3093
894 4618
3868 4559
3205 3931
774 4908
2114 4740
4060 4678
1312 4892
1810 4522
3773 4422
3023 3341
1355 4363
4483 4579
1963 4229
3283 4221
32 3283
1207 3517
1036 4664
2561 4934
3481 4591
822 4779
2468 2561
3451 4483
4001 4660
1142 1943
334 3280
1841 2598
1942 4986
586 4851
2468 4260
419 4840
762 2664
1527 4576
2277 4693
4665 4750
3733 4779
520 3910
1712 3544
3976 4837
4520 4848
2585 3895
601 3710
1012 4985
4750 4848
4458 4615
2388 4578
2420 3316
4651 4969
2801 4577
2853 4851
3194 4063
3377 3519
3668 4128
2895 4381
699 4388
1672 2866
2453 4394
4522 4783
4826 4906
4510 4953
2748 4740
4252 4400
3999 4900
1614 1799
523 3779
524 4819
3934 4221
2202 2783
2252 3025
1032 4050
3959 4826
1273 4534
2202 4857
2223 2970
2391 2777
3048 4388
1130 3077
2271 4517
1464 1806
2188 4063
1510 3895
644 3509
915 4065
2805 3975
1519 3663
3758 4450
4055 4900
3475 3538
3956 3959
4419 4898
4510 4928
1443 4660
3504 3901
3250 4881
1542 4990
2361 4410
1746 4752
1998 2561
3504 4864
3505 4920
3534 3660
3983 4520
2260 4581
1806 3444
440 832
2032 4909
2058 3683
2242 2734
3216 3538
289 4802
2819 4802
806 4658
1222 1704
3433 4705
1352 4001
3931 4559
4128 4921
2866 3931
908 4787
2597 4664
1830 4163
929 4744
2271 3917
4522 4878
553 4945
3371 3758
542 1843
1040 1209
1731 4976
459 4985
1738 3779
929 4483
1209 4990
3286 4034
1304 4849
3636 4450
612 4187
4128 4615
816 4001
2243 4969
2463 4664
3453 4055
3286 3901
4154 4164
1410 4581
806 4826
3389 4740
3800 4885
4252 4358
3562 4898
2455 4851
1664 4213
3509 4154
4532 4857
2047 4900
1978 4320
2464 4857
439 1469
3226 4534
2001 3777
2523 4691
503 3444
2473 4989
4146 4787
446 4857
3348 4772
3686 4687
1996 4438
3553 4161
1410 4314
3444 4752
1447 4750
2441 4687
2866 4504
1938 4772
1614 4134
1137 4578
2854 4510
3097 4826
3316 4381
1520 3605
3478 3848
4410 4607
579 4846
52 4556
325 4453
1104 4415
1674 4522
4691 4819
477 4522
3932 4438
1772 3301
650 2904
1994 4846
511 3960
954 3876
1034 3380
1707 4981
1876 4009
2464 4848
4192 4453
990 4946
3323 4969
2609 4900
367 4849
2995 3976
3773 4712
1928 3286
4658 4910
4072 4757
1273 4410
3680 4651
427 3105
391 4433
3975 4534
3615 4063
3413 4750
883 4639
1621 4153
3612 4050
1988 4787
2499 3446
148 1589
463 4884
1738 4400
2277 3302
3849 4694
1927 4851
3504 4576
2994 4392
1790 2776
2873 4330
1047 3475
665 4888
373 4989
1423 4508
1043 4953
4906 4910
4072 4945
675 3783
1712 4883
2243 3877
1110 3380
1613 4908
1843 3999
2114 2950
2319 4578
112 2404
3283 3517
4139 4744
3377 4513
2188 3333
2404 4826
27 4522
597 4484
1073 2904
1110 3657
2556 4846
2579 2776
1390 4163
2448 4921
2001 3280
4122 4685
1235 4946
2994 3948
3050 4945
1740 4864
47 4884
840 4779
675 4513
1055 1998
2805 4840
4159 4945
1491 4953
3755 3956
1933 4381
2575 3657
2955 3663
2598 4400
1137 4356
3849 4556
2362 4664
1522 4909
3653 4639
2258 4985
2012 3920
2260 4981
4009 4034
2591 4910
2922 3622
3899 4556
1822 3400
2258 3716
4082 4750
3097 4986
2950 3764
307 4898
2558 4497
4577 4744
608 4330
1389 2781
2871 4001
2394 3623
1273 4840
560 4664
3983 4750
829 3686
2252 2511
3353 4190
3534 4432
2255 4510
665 4985
2169 3322
2791 4030
3956 4615
3918 4783
2144 2751
1410 4802
3210 3895
1614 2612
47 1806
905 915
1711 4976
4394 4826
4419 4846
1830 3534
1510 4691
78 4508
2854 4651
1410 4981
180 4065
1599 4783
580 1261
3801 4986
2075 4906
560 4410
2404 3523
1832 4849
2294 3484
2873 4712
4190 4851
1355 4966
3615 4097
4057 4400
2471 4757
852 4415
2441 2915
2854 4928
472 4772
4394 4658
4576 4966
882 4892
1519 2055
1519 1897
1550 4878
2634 3322
2633 3544
3622 4556
1902 4381
2412 4981
2751 3932
4520 4665
3697 4510
2404 4910
580 4432
2556 4885
1996 4639
1469 3895
1106 3398
4122 4740
4229 4885
1447 4779
852 2126
4953 4969
1933 3660
2680 4060
2801 4615
4122 4320
3229 4884
3105 4910
766 3336
2808 4687
2664 4532
1554 4381
45 4146
2430 4100
3283 3777
2361 4892
2202 4750
2609 4787
3398 3910
2032 4990
2597 4556
3517 4320
570 4450
1945 3642
4504 4559
2039 4910
3912 4819
4658 4986
3562 4436
1772 4779
2955 4888
3215 4900
3700 4559
121 4323
2815 4864
720 4082
180 4685
4101 4510
3653 4618
4578 4787
4826 4986
2012 3901
3348 3989
2923 4771
2420 3371
2513 3636
2561 4260
2256 4054
2690 4928
289 4358
1392 3956
4163 4432
4771 4826
389 2679
1365 4658
3380 4686
2242 3825
2904 3444
1203 4840
2976 4055
2679 3333
124 4497
2968 3612
3523 4906
112 4744
3162 4771
3505 4363
1520 1847
2223 3932
3185 4757
1453 2108
2923 4986
4510 4651
1145 4065
1388 4510
3821 3933
4906 4986
3336 4134
1619 4458
2585 3912
1738 2012
3377 4945
832 4534
3825 4691
2169 3761
1945 4819
2585 4691
1285 4909
2968 4410
3038 4930
4128 4139
2049 4161
2452 3931
3003 3478
2126 4618
3451 4577
404 4483
3457 3948
2206 4578
97 3505
1928 2932
2071 4009
2968 3577
3959 4910
1282 3478
4155 4909
4909 4966
204 4432
404 4744
1832 3142
3638 4134
2923 3801
3716 4990
827 4055
1282 4134
1447 4282
2319 3956
2736 4323
612 4388
2591 4986
2499 4789
721 3733
2556 4898
1711 3527
289 4263
3301 4534
3653 4438
3380 4208
2922 4607
3527 3764
3895 4691
2970 3745
4030 4693
3077 4934
1674 4678
1942 3162
2585 3494
4712 4853
1210 1928
1811 3663
1531 4388
3145 3825
2012 4192
2464 4100
366 3636
730 4752
2362 3622
2654 4953
1520 4946
2772 3653
2161 3439
2053 4190
3555 4187
4934 4969
2971 4705
3985 4678
45 3917
1182 4928
1222 4966
2027 4190
601 4837
2515 4787
2647 4458
4128 4789
4363 4772
3194 4389
1137 3414
1262 3663
3801 4910
817 2554
2736 2904
2520 4693
2616 4213
2815 4576
3348 4910
1876 3341
289 4981
785 4744
2805 4687
2819 3948
2932 4217
3152 3519
4173 4694
3720 4065
1470 4660
579 3562
4164 4229
1824 2994
891 4333
598 4819
503 4323
1055 3025
2862 3931
3323 3783
2558 4976
3577 3899
3636 4851
2412 3773
1390 3316
3636 4392
1185 4885
1018 4686
1847 4837
3229 3976
4159 4883
1225 1384
3451 4921
3668 3956
4146 4356
3821 4848
2404 4986
1827 4146
3509 4164
2609 3414
3594 4282
3152 4953
4122 4976
2681 4892
1018 3960
2169 4208
886 4930
791 3761
1654 3845
2473 4221
3451 4615
1770 4878
2058 4846
3505 4693
4513 4969
2734 2932
2535 4534
3683 4154
3899 4607
1334 4757
307 4885
4320 4663
2144 4438
1599 4678
3798 4953
2126 4639
3352 3538
2327 4945
3680 4953
2265 2277
2421 2588
1312 4664
1470 2871
3934 4802
3920 4663
1390 2895
1621 4400
2654 3934
2240 4579
2455 4678
3733 4333
1465 4881
1542 4712
2585 3876
3336 3553
990 4884
440 4187
774 4906
4159 4969
2923 3523
1778 1978
2169 3917
3774 4881
1811 4985
2392 4888
1101 3433
3481 3976
2626 4878
2053 4450
4415 4639
52 1243
2649 4618
3336 4694
4837 4881
1711 2357
325 4050
2053 4851
2255 4513
280 4920
3217 4579
1110 3720
1222 4920
480 3876
1001 4946
1042 4840
1273 3733
458 3414
72 4837
4097 4508
3413 4665
1682 1933
1185 4154
1285 1447
3956 4577
2970 3932
1672 4660
1047 4878
550 4898
3478 3623
1966 4128
4252 4750
2240 4260
2463 3577
4314 4358
1599 1770
2418 2679
4744 4921
3229 4946
1104 4618
1033 4532
1621 4576
3302 4392
389 2161
4221 4906
445 4757
796 4323
2554 4892
4497 4660
2598 4153
3279 4934
3686 4985
345 4705
1465 4161
2468 4579
2523 3912
850 4906
3490 4314
597 4660
1738 4453
2734 3057
4154 4846
4101 4945
4159 4878
1685 3773
2038 4752
1235 4837
2922 4664
3380 4458
1810 4678
1589 3210
3380 3657
4060 4783
2799 4100
3519 4928
2783 3594
2071 4217
2126 4438
97 4693
2075 4986
3764 4685
1644 4750
1042 4920
2801 4139
4394 4908
2048 3398
1106 4966
762 3761
1897 2808
2826 3478
4651 4857
1670 4356
2161 4389
2468 3196
2783 3933
3657 4686
612 4840
2420 4504
2634 3242
78 4857
3918 4678
1746 2736
4100 4282
3576 4898
2542 4885
829 4985
542 4685
762 4857
1531 4534
2463 4892
4369 4740
4615 4789
178 4579
1910 2455
2453 4663
907 3196
3113 4009
1933 4432
2923 4826
3755 4577
1408 4522
2519 4410
3910 3960
1225 1235
2873 3638
4415 4618
4920 4990
3932 4639
1527 3504
3989 4826
1225 4884
2801 4458
882 4410
2588 4213
3783 4953
2994 4851
4060 4878
1203 4534
1222 4909
3050 4513
2862 3124
644 3284
1928 4217
1502 4908
2161 3333
4771 4908
1235 4851
2923 4930
3849 4892
202 2616
1522 4819
2654 3184
1210 3057
2950 4685
1531 3048
4164 4885
1352 2971
2649 4054
3097 4394
3868 4164
1948 4752
882 4664
1042 3301
946 3278
2647 4744
3475 3985
3509 4419
2387 2831
2294 3113
2108 2932
1210 4369
3538 4159
3283 4663
373 1740
1482 3901
1210 1235
2454 4394
3162 4908
3217 4559
208 4881
3223 3622
579 4898
1042 4534
945 4134
4146 4427
1447 4333
2284 3494
4057 4665
1058 3798
3918 4878
3845 4694
2782 4153
3322 3917
3555 4388
553 4953
3446 4789
3576 4436
2248 3481
3152 3569
3798 4576
3622 4744
3877 4752
3932 3933
1554 2904
1724 4892
1469 3210
2751 3653
2819 4190
1522 3642
4155 4569
2529 4851
440 4333
1160 4989
3490 4802
3660 4432
2633 4837
2243 4945
1388 4969
3217 3931
2049 4884
2626 3985
2783 4508
3562 3683
3683 4164
3773 4314
4072 4685
3569 3783
2651 2808
1822 4660
2976 4787
1790 4578
2223 4639
3901 4864
3025 3093
3352 4878
1247 4909
4155 4263
345 4001
4517 4660
644 4898
1325 4532
3433 4517
4128 4483
2369 4161
1206 4569
3683 4898
3577 3985
4802 4981
2454 4826
249 3948
1511 3716
2647 4483
2420 2471
4314 4581
576 3653
4320 4511
3371 4559
1670 4433
806 4986
1539 2233
1423 4857
3389 4757
1210 4034
4161 4591
4559 4577
3562 4885
3562 4846
721 4534
2243 4752
2862 3145
3413 4082
4173 4330
2256 2407
50 3190
2202 4532
3748 4358
3748 4712
3185 3389
961 4208
1510 3210
781 4517
1969 3700
2664 3594
1596 4757
4888 4985
1563 3985
3226 3422
3302 4898
148 4691
3371 3931
2312 4945
4453 4864
2362 3899
1032 4556
1766 4363
404 4577
1805 4282
722 4849
4419 4436
523 4576
762 4520
4153 4192
1757 4663
507 4840
4783 4883
233 2808
3453 4358
3527 4757
1994 4164
954 3895
1707 4511
2469 2598
2362 4694
1978 2748
2039 4930
882 4986
1770 4783
2542 4920
3668 3755
1527 4864
2923 4910
1256 3142
2394 4173
2862 3700
844 2441
2256 2866
3389 4122
3439 4851
3657 3960
3671 4217
2523 2810
3910 4772
4072 4740
4229 4898
4664 4892
27 4783
4744 4789
1334 4976
1390 4365
72 4884
3280 4663
2469 4153
4484 4976
1470 4517
1040 4920
915 2027
4192 4252
239 4930
699 4981
2664 4097
3341 4217
4163 4365
2387 4881
1646 3783
4441 4851
445 4320
1790 3453
3050 4953
1535 2626
3779 3901
1449 4658
4159 4953
1731 4122
2312 4101
4508 4857
523 4400
245 4665
1047 4060
796 1654
2783 2799
811 4221
4164 4976
961 3720
3895 4686
2065 4556
2512 3663
1928 3057
3097 4930
4155 4581
3764 4976
1841 4453
2075 4826
2850 3686
3527 3680
3934 4853
796 4752
3821 4057
2799 4885
4837 4946
883 2126
3959 4930
1262 2651
233 3389
2819 2994
3710 4881
97 4966
1470 4976
778 3457
2971 4484
4043 4750
3050 4928
3296 4579
2681 3849
4282 4665
3868 4504
608 4694
2805 4857
4159 4934
1084 2801
3278 3920
2463 4050
2260 4802
2055 2061
3895 3912
1042 4388
1043 4101
4615 4921
2801 4789
3205 4441
3484 4034
2144 4618
699 4712
2312 4934
3801 4930
2616 2805
3490 4155
1237 3065
3640 3710
2430 4282
2469 2815
2454 4908
2394 3638
3185 3764
3642 3912
4314 4712
1770 3918
2535 4581
4945 4953
3446 3755
4381 4432
3544 4884
1806 4849
1453 2242
1939 4787
3145 3758
550 4885
2048 2791
2808 4985
3801 4826
3716 4888
249 4450
4208 4686
180 4686
3959 4658
456 4441
503 3845
958 4693
1219 4864
3400 4705
821 3999
3323 4510
3933 4100
1040 4909
4009 4217
174 4989
1612 4323
2831 4881
2819 4450
1942 4930
1766 2791
2234 4532
1469 4691
2061 2777
1841 4576
1967 4853
3341 4569
3398 4030
946 4221
1778 4422
1262 4687
2448 4789
215 3553
2624 4740
3097 3683
4436 4846
2554 4664
3341 4034
1778 4569
2799 4857
4155 4853
507 3538
567 3638
1614 3623
4787 4900
1513 1948
1723 3686
126 1355
3413 4520
4826 4930
152 3341
1810 4883
1790 1939
1876 3250
2357 4369
162 4187
3229 4837
1408 3484
2453 4910
2327 4510
1550 4522
2391 3077
1644 3821
2310 3196
1145 3960
2520 4966
882 3899
3023 3093
458 4981
2808 4888
1550 4783
3748 4569
1018 3761
1934 4163
3218 4072
2157 4128
1670 4787
3301 4388
3745 4438
3523 4771
4217 4369
4146 4578
3821 4750
2777 3077
2537 2915
2421 2850
27 4883
816 4898
2799 4508
2144 4639
1317 3931
3353 3636
1841 4400
778 4450
121 4752
4787 4864
2292 3414
804 4787
2586 3073
2679 3615
844 4985
4678 4981
3453 4427
373 3294
389 4441
1058 4576
1682 4432
1243 4900
4772 4909
1237 2027
3975 4369
2932 4369
1969 4559
2420 4208
2664 4665
2831 3185
3218 4685
2464 4665
3755 4744
4263 4422
4159 4783
2357 3113
702 4881
2058 4885
2075 4394
2514 4252
2680 4878
3127 4577
1225 4837
1938 4693
1443 4484
3352 4522
3777 4577
2195 4981
4410 4556
2248 3544
601 3985
2520 4050
2391 3025
1055 4260
1772 4333
4190 4392
3352 4783
2049 4591
2679 4009
4050 4410
4155 4358
72 3976
4229 4436
1073 4173
3748 4802
1664 4802
3683 4229
2898 3917
4908 4910
2542 4990
520 4363
3414 4433
2514 4100
1453 3825
4153 4864
3187 4441
124 4705
1160 3517
78 245
2473 3294
2950 4122
954 4819
1757 3920
4363 4966
7 3284
1365 4910
3398 4772
1209 4772
1966 3877
1978 4122
1563 4783
2362 2519
806 4906
1304 4752
2680 3985
2430 3933
844 4888
2312 4969
2473 4663
2769 4190
2791 4772
2819 3457
2633 4881
3048 4840
2736 3444
2455 3948
4187 4388
2271 2558
3777 4128
2357 3353
3286 4217
3341 4802
1513 3553
2591 4658
3475 4060
3569 4928
1805 3279
2579 4433
4556 4664
112 4789
3948 4190
4128 4458
114 4946
938 3657
1724 4664
2471 3700
3152 4945
2431 4678
4658 4771
1810 3918
1948 2038
1843 2776
178 4422
2161 4441
2033 3322
1943 2651
609 4864
1948 4986
2284 3895
2357 3825
2922 4892
3783 4651
1419 3920
1219 3983
3985 4878
1566 3296
4909 4920
2453 4930
3748 4155
778 2994
2327 4969
907 2647
3680 4945
3668 4744
3976 4881
3576 4885
239 4986
1101 2923
3145 3700
3439 4441
3876 3912
3286 3825
2654 4802
4522 4883
1784 4559
3302 4885
3352 3918
1352 3400
2647 4577
2420 2866
2853 4450
4030 4920
4263 4712
3205 3615
1713 4934
2853 3210
2114 4511
2404 4658
2647 4139
3217 3371
1511 4888
1055 3023
3509 4898
3720 4159
3901 4576
2108 4034
3932 4618
1085 4898
3999 4578
720 4532
204 4381
52 1106
2598 3798
1613 2815
3216 4878
3323 4101
511 1130
4043 4857
1225 4365
1978 4878
1084 4139
1543 4314
3023 4579
827 4146
4001 4976
2055 4888
3640 4837
1539 2421
2188 4389
1527 3779
2242 3671
3400 3433
945 4694
3605 3710
126 4990
4072 4976
419 4388
2751 4415
3073 4693
3050 4651
204 3534
1830 4381
1969 3868
2285 4878
2319 4483
1654 4849
933 3527
2271 4976
1563 3475
3105 3959
4450 4757
4057 4282
2392 2520
3509 4229
2033 4208
2430 4665
3849 4664
72 4591
2055 4687
3562 4164
3917 4686
1040 4990
1317 4504
2071 4034
4122 4511
4101 4953
4483 4744
1502 4906
3605 4881
1256 2736
152 2932
1948 3877
3948 4072
4520 4857
3278 3294
3451 4789
3478 3638
2831 3774
3187 3194
4750 4857
50 4381
1256 1746
3517 4504
1566 4740
883 4618
366 4450
2284 3210
178 1194
1967 2412
2240 2561
3622 3849
1704 4920
3989 4910
4510 4934
4908 4986
2255 4928
1106 4772
4146 4433
811 4989
3985 4159
480 3717
4534 4840
2047 4578
840 4422
987 4898
2242 4009
762 4282
367 3444
3700 4504
1392 4744
1563 4883
1101 4976
2472 4884
3190 4432
3190 3534
3302 4419
4458 4577
98 4802
2114 4898
4846 4885
635 4578
4651 4953
854 4511
2588 3686
2598 4453
3414 3999
3594 4508
4030 4909
4159 4678
894 2223
2626 4883
2598 3901
3504 4453
1130 3065
811 3517
1778 4263
2047 4945
2452 3868
3226 4779
4122 4139
3783 4945
4128 4744
4772 4990
1325 2464
4187 4534
576 3745
4263 4981
2712 3003
905 4381
836 4438
1261 4381
4320 4740
2748 4685
3003 3336
1799 4694
3353 4450
4483 4615
2058 4898
2736 4849
1185 3800
3279 4579
3848 4694
1746 4849
3910 4990
2781 3286
3577 4410
4358 4981
976 4576
3073 4966
4694 4885
1531 4840
3622 3899
3779 4453
3446 4579
3523 4930
524 2523
1967 4802
3663 4213
976 3901
3569 4513
3773 4853
91 3504
3194 3615
3959 4771
4415 4930
873 3717
3218 4757
427 4908
891 4534
2391 4260
1978 4757
2801 4744
3038 4986
4658 4908
507 3733
2382 4787
2292 4578
1824 4851
2791 4966
3105 4826
3485 4990
2612 2826
2782 4906
2801 4483
4392 4520
987 4229
1085 4846
2243 4953
1704 4909
2265 4990
162 4840
215 4694
3761 4989
3210 4691
1463 2455
816 2556
1018 3720
3187 3439
3642 3876
2053 3457
1033 4282
121 3280
2612 4694
2537 4213
4906 4908
1840 4757
2512 4687
891 3048
1513 3877
2096 4857
3680 4510
3544 3605
4885 4909
2681 3612
1806 2038
1449 4910
2681 4607
2515 4433
2904 3877
3989 4930
27 4678
1805 2096
3093 4579
3216 4060
2126 3745
2001 4663
1711 4740
1247 2499
3124 4559
367 4752
2369 4884
4060 4883
1073 3845
929 4921
882 2361
1685 4853
3190 4365
4415 4976
3733 4388
3065 3380
4030 4990
4101 4513
456 4389
215 3623
2053 4392
2895 4432
2312 4953
1273 4989
3025 4260
4043 4100
3352 4678
3798 4453
1654 1746
1967 4712
1822 2558
873 4691
1906 4427
233 4985
4356 4427
1544 4857
3190 3316
2769 4392
2679 4389
3025 4934
1554 3534
1704 4693
3050 4934
3184 4712
766 4694
1392 4577
3333 4851
3475 4878
766 2826
1464 2904
163 4819
1784 4504
2511 3023
829 2512
2712 3623
840 3638
3413 4508
2312 4928
2075 4908
1664 3218
1384 3710
2515 3215
3457 4392
3353 4898
2256 4504
2454 4906
4054 4330
2554 2681
4678 4878
4513 4898
3845 4752
487 3975
2626 4522
3983 4508
1589 4394
445 4685
3184 4314
4260 4579
1534 4441
472 4693
4358 4581
1559 2777
2271 4705
1408 3286
1416 4846
1491 4969
1613 3959
945 2441
1933 4365
2971 4660
1805 2734
832 1042
1104 3745
1443 2271
827 4900
4057 4750
174 3278
3660 4381
904 3717
1969 3217
3124 3931
1614 4694
1104 4229
2789 4976
3105 4908
3185 4511
2463 4187
3777 4744
821 4752
4057 4520
97 4990
3509 3576
1628 4517
2520 4819
4153 4400
1388 4513
3777 4921
2654 4853
987 4885
3478 4173
2468 3025
419 4779
3113 3484
3187 3205
4221 4438
904 4691
2904 4323
4388 4534
3983 4082
990 3710
2898 3720
487 4534
567 4173
827 4576
2421 4985
1644 4532
542 3215
2651 4213
1910 2769
1443 4705
2412 4569
3377 3680
3555 3733
4693 4990
4001 4517
598 3912
78 4750
4060 4928
4772 4920
838 4517
844 2850
1101 4705
4908 4930
3523 4908
2033 3657
4660 4921
2061 2915
3931 4504
838 1628
1036 4410
2061 4687
1822 2871
2407 4504
2310 3093
1352 4660
3683 4789
3697 4928
2049 2633
3353 3457
1392 3668
1897 4888
816 3576
3605 4946
2862 3371
840 4333
4427 4900
4687 4888
987 3576
1943 2955
2382 4900
2801 3755
1770 4883
2970 4438
3439 4063
2634 2898
3398 4990
4453 4908
958 3505
2206 4433
97 3142
1711 3783
2679 3439
2690 4953
2748 4122
3653 3745
2586 4966
1731 4740
1408 4034
3577 4892
4910 4930
1554 4365
3184 3755
1664 4853
3279 4419
1101 4484
1963 4419
391 804
2463 3899
1312 4740
4534 4779
3216 3918
2734 4009
3389 4976
325 3779
1463 3353
2850 4213
1969 3371
439 3912
1207 4663
341 4419
3302 3683
4263 4569
3800 4419
4928 4934
1840 4122
3485 4909
7 2065
1827 2608
2826 4663
1939 2250
463 4837
3710 4837
3748 4981
1206 4853
3142 3877
3933 4665
4043 4057
2418 4441
3910 4363
854 4740
3065 3917
650 1966
1927 4063
1707 4853
2271 4660
3284 4146
609 4192
2810 4691
702 2369
1646 4945
2561 4579
4314 4853
1061 4400
2712 4134
1766 4693
1945 2284
3801 4908
1772 4388
832 3301
1596 4122
1978 4685
4072 4122
3003 4694
1841 4851
722 4323
3985 4883
2319 4789
3534 4365
507 3975
3152 3323
4400 4576
1559 3296
2463 2681
840 4388
3210 3912
1416 4898
2250 2609
3250 4217
3490 4981
4187 4556
3934 4712
3683 4885
2455 3636
1389 4369
1996 4415
2616 4985
894 4639
933 4757
2250 3284
785 4055
3983 4001
4282 4520
3142 4849
2826 4694
3400 4517
958 4920
152 4009
836 4618
657 4819
1264 4618
987 4846
1390 4432
1599 3538
511 4686
3377 4510
2387 4837
2612 3623
1721 4705
730 4849
1713 4260
2284 3912
2387 4946
868 4252
3989 4986
2776 4050
3217 3868
1055 2468
2250 4787
1906 2065
894 4054
2431 3985
4934 4953
2223 3527
152 2294
3773 4569
480 1469
32 4221
1963 3302
2558 4001
2626 4678
3226 3733
2260 4853
1740 2234
3877 4849
811 2473
4097 4848
4511 4740
112 3127
4685 4740
1033 3594
2871 4660
3538 4883
1209 3745
3485 4920
657 954
1256 4849
2776 4427
1723 1897
2955 4857
4330 4694
2157 4577
570 3636
821 4693
1449 3777
3223 3612
2680 4678
2513 4190
2421 2441
1938 4966
2634 4686
3371 4757
1047 4678
3640 4884
4458 4744
1225 4161
4154 4436
2968 3899
4072 4320
608 4173
692 2782
3576 4229
3636 4190
3910 4693
2579 3215
3527 4511
2405 2651
4134 4694
1692 2970
3242 4381
1543 4712
550 4846
2468 3296
4579 4581
2608 4427
2055 4213
4826 4910
1799 2712
1262 4888
2769 3636
894 4438
1104 4438
2255 4520
2663 4639
2672 3444
3680 4969
2955 4687
3400 4934
608 3638
404 4789
2597 3622
2075 4658
1036 4556
3748 4581
3920 3934
1738 4153
4154 4898
1811 4888
2392 4985
3668 4615
3152 4928
2624 3653
2808 2850
3302 3576
3538 4060
4229 4826
2789 4705
1520 2995
4164 4436
2058 4419
2647 4615
958 4909
4678 4783
504 4691
612 3975
1352 4888
4517 4976
3038 4910
3779 4576
4394 4906
2454 4986
4252 4508
1682 4381
3184 4155
3215 3453
1225 4881
3527 4976
3226 4333
4693 4909
4712 4826
2561 3093
233 1243
334 3294
239 3413
560 1032
2624 3218
3226 4892
1542 3422
2769 4450
1519 2955
3800 4164
4966 4990
461 3934
367 3877
32 4663
126 4966
1943 4985
2968 3849
1910 4450
3205 3333
3127 3755
98 4981
2114 4757
961 4686
2019 4883
1803 4910
1470 4484
2866 3700
3494 4691
4607 4892
2783 4520
822 4333
1928 3671
915 4208
1449 4930
1419 4221
1612 4849
1235 1847
2542 4898
3302 4154
4771 4910
4363 4909
208 4779
2776 4787
3065 3761
3985 4060
3223 4892
1723 4687
567 4694
3553 4173
3976 4161
4591 4884
3764 4320
277 4969
1740 4082
2169 4686
2612 4134
1559 4934
1672 4559
3538 4522
1544 4057
3413 4857
1966 4849
3196 4260
3745 4639
3216 4522
3999 4427
2061 4985
1685 4712
2284 4819
2748 4757
2248 2387
4910 4986
124 4001
1766 4920
829 4888
2663 4618
2512 4985
3162 4906
3216 4783
3380 3761
2469 4453
1519 1539
873 3912
1721 3077
2294 4369
1325 2096
832 3948
3605 3976
3475 4783
2448 4128
434 4969
2968 4556
3798 3901
4128 4508
1832 3845
334 4989
2777 3196
3050 3433
3933 4848
4651 4945
2412 4155
2362 2554
2690 4969
2799 4665
3668 4483
1464 3845
1945 2585
3280 3517
2561 3279
2971 4976
4419 4885
635 4900
2873 4802
1482 4576
1724 4410
180 4740
1778 4712
4693 4920
2255 4945
2679 4441
2455 4190
4772 4966
3612 4892
3848 4789
785 4660
1084 4483
4161 4946
2789 4660
3333 3439
2512 4213
3065 4686
958 4990
2206 4900
3774 4946
3801 3959
553 4928
765 2791
1247 3485
1033 4097
1966 4752
3490 4712
480 4819
3048 4779
781 4976
1978 4511
2048 4966
2448 4577
3196 3279
542 1790
4252 4576
791 4966
446 4082
817 3899
3073 4990
2387 3710
579 4229
791 3065
3380 3917
1832 4323
322 4691
976 1738
4577 4921
233 2805
3783 4934
114 4881
389 3187
1513 4752
2258 3686
2369 3976
2520 4909
1534 4389
3057 3280
2250 3414
3446 4458
2598 3504
277 4883
1256 4900
439 4819
576 4438
2407 3758
3185 4072
1511 4687
2265 4772
2407 4559
1352 4705
1451 3999
4263 4358
868 4665
461 4221
3490 4569
954 3494
2626 3918
2157 4789
2431 4522
41 1543
3250 3774
2523 3895
3577 3849
4591 4837
1389 4034
208 4388
2077 4787
2096 4100
2243 3680
1036 2361
1388 4953
4155 4422
1264 4892
2071 2734
1757 3278
459 4687
2077 4900
3145 4504
4438 4618
2866 3124
1482 4453
1731 2649
2161 4851
3038 4826
2362 4410
601 3640
2826 4173
4511 4976
3218 4740
4881 4884
3901 4453
4153 4928
1392 4789
3446 4139
2871 2971
4252 4857
804 1451
1589 4691
3218 4320
91 609
121 4849
1264 4607
2519 4892
472 4966
2783 4750
4779 4840
2250 2252
4001 4497
2519 3849
796 4910
1513 4849
2815 4153
891 4840
3296 4260
3038 4658
2001 3278
4752 4849
4252 4453
836 3932
3933 4520
3642 3895
3124 3700
844 3686
1942 4910
550 4436
3504 4192
2781 4034
325 1621
576 4618
762 3594
2651 2955
3279 3336
3185 4976
3934 4569
3683 4846
511 4065
2361 2922
4030 4966
2748 4511
1621 4192
1840 4740
1805 4750
1453 4217
3821 4665
50 1902
4497 4705
1847 4884
2463 4556
3389 4685
1194 4097
2542 4846
1264 3577
1534 3187
699 4802
3105 4906
2387 3605
4333 4779
3505 3910
2453 3989
2950 4072
1519 4985
2252 3296
3333 4389
1963 4898
1711 4757
2799 3413
2369 4837
2955 3162
2242 3286
1934 2895
1001 4881
908 4427
3777 4458
1247 3989
2452 4881
2362 4556
3284 4900
3505 4772
4159 4928
98 4358
27 4878
904 3895
1806 3845
1209 4920
3960 4208
4427 4578
1285 4920
3278 3777
4365 4381
2831 4837
1876 3825
4173 4522
1390 4381
1654 4323
3229 4881
3333 4063
3504 4400
1897 4687
1527 4252
2499 4577
907 4579
2392 4687
3975 4388
3194 3205
1963 4436
2418 4851
1465 2831
3527 4072
3642 4691
4438 4639
946 4663
3348 4826
3517 4658
3779 3798
345 2789
3577 4664
2791 4909
3845 4050
2772 3932
1085 4164
4054 4415
3316 3534
1510 4819
2277 4510
2392 2537
3475 4678
2873 4581
2108 3671
2233 4888
3975 4187
472 3162
3576 4154
1766 4990
2647 4789
597 4517
245 4848
3720 4945
821 4909
2789 4484
3323 4314
1933 3534
1770 3475
2772 3745
4282 4508
4410 4892
3284 3453
2968 4664
576 4639
3933 4750
1988 4578
3612 4664
929 4789
3322 3960
4122 4757
1746 4323
2394 3553
1559 3196
4043 4508
524 3494
2515 2776
3755 4128
3481 4161
2453 4908
3764 4740
1757 4263
3845 4159
2626 4060
1502 4930
2871 3400
2950 4511
3414 4787
904 4851
3716 4985
1847 4591
4139 4921
1563 4060
2915 4888
3801 4906
1110 3917
1464 4752
4320 4685
1654 4752
1672 3700
2748 4072
1803 4826
2781 3671
3523 4658
4581 4853
3215 4146
2027 3960
2575 4686
3720 4101
2690 4945
3316 4432
4282 4857
3710 4591
2285 3352
3162 4986
459 4744
3048 4534
778 4851
1185 4846
2512 2850
3127 4744
1408 4369
2049 4946
933 3764
2586 4030
2805 3716
1001 1905
3422 4534
507 3048
907 3279
1510 3717
3185 4740
4422 4581
781 4705
2032 4966
1619 3475
434 4953
2195 3184
2468 3023
2382 4146
3377 4928
1419 4989
2319 4615
3594 4097
4591 4946
4323 4849
3215 4055
2157 4921
2585 4819
4484 4497
1085 4885
4522 4678
1985 4591
1985 4946
2511 4934
52 1724
907 2651
4569 4802
3720 4934
2361 3612
2019 4783
3280 3920
2421 4213
163 439
1646 4953
2499 4458
1988 2609
2649 3653
3920 4989
4154 4419
4229 4846
3242 4065
341 4846
2871 4484
3336 4888
1104 4639
2071 4369
4055 4427
1325 4100
472 1040
1969 2452
1312 4556
3226 4388
3210 3642
3523 4986
2292 4433
4898 4900
1222 2277
3185 3218
7 4419
249 4190
3569 4934
1876 2805
2558 4660
2431 4878
2680 4783
2312 4510
3073 3910
4009 4369
2513 3948
3093 4934
2873 4981
2586 3398
908 1827
1408 2071
4161 4884
721 4840
4097 4282
2535 4187
2202 3933
3774 4884
341 4898
1209 4966
2588 2915
827 4356
2634 4065
2976 4900
1906 2047
3185 4685
4878 4885
82 4990
1967 3184
2310 3279
4263 4802
4884 4946
4577 4789
1334 2114
2471 4559
3242 3761
699 4853
850 4910
523 4252
2188 4441
4389 4851
838 4660
1084 4577
1085 4419
720 4857
961 1130
4934 4945
2260 4155
2277 4030
3544 3774
1822 4001
1563 4878
1784 3868
3615 4851
3389 3764
2357 3671
598 3717
1110 4686
2387 4591
1034 4065
2285 4883
785 4976
1724 2361
1142 4213
1416 4164
3918 4060
2575 3917
3527 4320
2612 3638
4072 4511
836 1104
1520 2049
1927 4441
675 850
1969 4504
461 4989
45 4787
3185 4122
781 4660
1905 4848
4213 4888
2195 4712
3194 3439
4400 4453
961 3322
2904 4849
3527 4685
2815 4400
2799 4097
1674 4878
933 4314
1544 3933
4164 4898
4921 4969
1042 4458
1704 4772
3105 4986
1934 4365
1644 3301
2319 4744
345 3400
644 4436
404 2647
3569 4969
3250 4034
3478 4694
567 3848
3577 4556
520 4990
3414 4900
3773 4001
597 4976
2968 4607
4892 4920
1619 4744
3764 4122
3414 4578
2382 3800
3668 4139
4981 4990
3562 4154
3989 4908
2369 3710
1847 4946
2751 3745
4483 4921
4712 4802
3025 4508
204 4365
3983 4532
601 3544
427 4771
2223 4618
4422 4981
3720 4969
550 3800
4101 4928
1520 3380
3615 4441
1334 3196
477 4783
702 4946
774 4986
946 3934
1539 2405
4853 4981
3250 3481
2452 3640
3481 4946
3336 3638
4660 4705
2033 4065
2455 4450
2608 4578
2188 3615
1830 4365
3801 3989
3798 4864
1566 4934
2310 4260
2597 3849
3717 3876
3948 4450
4082 4857
1040 4772
1938 4920
2464 4750
1723 4985
4356 4433
3783 4510
2464 3594
373 3920
1237 4208
2027 4686
4569 4981
2391 4934
3278 4989
1012 1840
3577 3612
1692 4639
126 3322
1451 4900
2126 4415
1491 4934
3348 3523
3638 4694
3798 4153
3934 4663
854 4976
1282 4694
3446 4744
2469 4864
1137 4055
3250 4946
2810 4848
4846 4898
2672 4849
2862 3868
50 4365
1596 4511
1355 4990
1210 3671
2033 2634
45 1988
2898 4686
3439 3615
4365 4432
850 4986
7 4356
1058 4192
1664 4358
1235 3481
3680 3697
4057 4065
2915 3686
4082 4848
3446 4577
821 3623
32 3517
4783 4878
905 4686
3187 4851
3668 4789
2412 4314
1410 4853
2108 3484
4356 4591
4356 4900
2542 4909
840 3764
202 4687
811 4663
946 3920
2202 4520
3453 4578
1902 4163
2535 4779
2537 4888
2285 4522
1210 3250
4658 4906
4885 4898
1084 4789
1784 3758
3555 4840
1927 4389
4453 4576
2597 3899
4639 4930
2412 4853
2789 3433
586 4389
3003 3553
419 4333
1731 4685
2255 4953
2369 4881
4685 4976
579 4885
124 4660
3057 4217
1247 4578
3280 3283
3523 4826
958 4966
1539 2392
3877 4323
2923 4906
2672 4752
3774 4591
1261 4365
3162 3348
1527 1841
3918 4522
2950 4320
4508 4520
391 2515
1352 2558
2515 4578
2096 3413
4314 4900
665 3663
2048 4990
3777 4221
215 4173
1799 3336
1449 4908
2019 4878
4433 4900
1264 3622
3697 4934
463 3640
1612 2369
446 4532
2634 4208
730 4323
1619 3451
3389 4320
4139 4483
3800 4846
4415 4438
1312 3849
3439 4389
2012 4153
2537 4985
570 2994
1542 4772
586 3333
1160 4663
1203 3226
4097 4750
1209 4909
1451 2292
1712 4878
2591 4906
4333 4534
2453 3439
2144 2970
946 3748
2012 3779
2776 4356
762 4101
3218 3389
1388 4945
3457 4422
4097 4520
3764 4072
2418 4063
4909 4990
1137 2382
3932 4415
3490 4358
2499 4483
2612 3478
3825 4009
47 4436
1535 4883
3484 3671
4050 4664
47 3229
2388 4520
675 4945
1160 3280
2751 3605
4615 4744
162 3975
2586 4693
440 4840
657 3494
3333 3615
2075 4910
3849 3899
1613 4826
2513 3457
3920 4221
4030 4363
2195 4802
3446 4615
2575 2579
3048 4187
3073 4363
3934 4263
2169 3657
3748 3773
3777 4789
2430 4097
1543 4981
2712 4840
2250 4900
2284 2523
2781 4009
2772 4415
2789 4497
3710 4884
1222 4990
3527 4740
976 3798
3190 4381
2452 4837
3057 3341
3761 3917
1996 3932
3142 4752
3569 3697
98 4314
3400 4484
2404 4906
1613 4930
1757 4989
1966 3845
1945 3494
3848 4134
4030 4772
3612 4556
2252 4579
3519 4513
1712 4678
1106 4909
3377 4101
560 3716
1646 4510
82 4920
1790 3284
3733 4187
4065 4208
586 4441
4483 4789
4400 4864
4848 4857
1055 4579
2404 4930
1664 4712
174 4663
2157 4139
3077 4579
289 4853
2558 4705
4358 4712
2039 4906
3433 4660
886 4986
1843 4900
4663 4989
3733 4840
598 4691
50 4432
3223 3899
1256 4752
2464 3933
3494 3642
4581 4802
2243 3845
1994 4229
3152 4101
2679 4063
3322 4065
4101 4969
1707 4712
4484 4517
2418 4389
511 4208
1711 4511
1938 3505
3127 4789
3569 4953
3519 4159
3523 4910
821 1390
3562 4229
657 1510
1811 2588
2242 3113
1824 3636
601 4946
2032 4772
838 4705
1535 4878
477 1770
2431 4783
3576 3653
4945 4969
2831 3229
1738 4192
836 4639
2157 4458
367 1073
2472 3481
1534 2188
4394 4930
1621 4559
1711 4685
2454 4930
2202 4097
174 3294
3484 4369
3660 4365
1810 4878
2777 4934
1130 2169
2556 4419
3910 4030
1334 4740
3800 4333
3800 4898
838 3917
1966 4323
2663 4438
446 2514
4097 4532
3720 4953
908 4578
2854 4969
3755 4615
827 2382
1927 3194
3959 4906
4356 4787
3286 4369
2077 4427
1058 4864
908 4900
3451 3755
1544 4508
2588 4985
322 3876
439 4953
1182 4513
2579 4787
2430 4750
2252 4934
699 4358
3680 4101
2649 3745
463 4946
586 4063
1449 4986
1803 4394
3323 4513
2265 4030
4055 4787
850 4930
2994 4450
3215 3284
3720 4928
3294 4663
1535 4783
2271 2895
3569 4510
4063 4389
1927 3187
3226 4840
3538 4678
4065 4686
4100 4750
4358 4802
1824 4100
1988 3284
2535 4450
2256 3217
2471 3124
345 4976
3284 4055
2624 4757
4030 4556
2519 2922
4139 4458
702 4884
114 4837
1810 2680
245 4520
1130 2575
3348 4906
3286 4009
3481 4884
1463 3457
3341 4981
1312 3223
3932 4664
1012 2586
3773 4263
2001 2473
4392 4450
954 3642
1465 4837
202 4985
2292 4427
2950 4757
3162 4930
3680 4934
3989 4394
1531 4779
1685 4358
4517 4705
4159 4522
4400 4908
2513 4392
976 4400
3697 4969
3527 4122
3697 3783
3348 4930
434 4945
3003 4173
1674 4783
3229 4161
458 4853
730 3845
990 4881
3519 4945
1055 4436
477 3162
1061 4221
1613 4522
2535 4840
3446 3668
2895 4365
477 4883
3113 4034
4878 4883
4510 4969
4920 4966
1145 2873
3717 4819
4837 4884
1963 4846
2255 4969
1408 4009
3216 4883
41 4691
334 4663
1185 4898
1416 3800
4427 4433
3555 4534
52 4664
1619 4615
3764 4511
2512 2651
2664 4082
2452 2995
1034 3322
3534 4163
2469 4252
1519 3205
1447 4840
1511 1527
1612 1948
774 4910
3162 4658
1058 3504
3229 4591
3284 4356
816 4229
2850 4508
4665 4848
2327 3697
4483 4577
3798 4400
2873 3623
202 4888
1985 4837
817 2681
1384 4946
1203 4333
446 4665
650 2038
1685 4263
3534 4381
2195 4853
4229 4419
1654 3444
3283 4639
1906 4054
3322 4686
3544 4946
3145 4559
3127 4139
1939 4900
2608 4055
3976 4884
4520 4532
3003 3623
162 4333
586 4853
1522 4691
4363 4920
832 4840
1036 4892
3127 4615
277 3475
1304 1513
4388 4864
1194 4260
3283 4989
3278 3283
3301 4779
4665 4857
2575 4161
523 4864
1994 4885
675 4969
2769 3948
4139 4789
1928 4369
3745 4618
2233 2915
1840 4685
1876 4369
4826 4908
2277 4990
2513 2853
3145 3931
1910 3948
2853 2994
458 4569
3127 4128
580 4163
2258 2441
4740 4757
3975 4779
1563 4969
1619 3956
91 3779
933 3389
2469 3901
2751 4892
3323 4928
3801 4394
2955 4363
3050 3697
2609 3453
781 4484
1939 4433
4153 4453
1910 4851
3302 4436
2805 4388
4433 4578
4892 4898
854 4072
1994 4419
2420 3758
3976 4591
1443 4517
1559 4260
1670 4900
2895 3190
2769 4851
3038 4908
3316 4365
419 4534
3653 4415
4055 4433
2511 4579
1704 2048
3697 4651
3934 4989
1034 3960
1674 3918
472 4909
3301 3733
2469 4576
3758 4559
1419 3280
2369 3605
3509 4846
1692 4618
1085 4436
3323 4953
267 4060
945 3553
1535 3216
2392 3716
3341 4581
2420 3145
2513 3353
1043 4928
2712 4694
1502 3801
2895 3534
3223 4556
1443 2971
3279 4260
3653 3932
2012 4400
2394 4694
2970 4639
609 4453
2033 3960
3023 4934
2597 4892
3223 4664
1535 4159
3283 3294
3876 4819
2206 2382
249 2853
852 4639
1110 2575
2412 4888
1563 4522
1943 4213
2039 4986
2448 3956
1491 4928
520 4966
3640 4161
45 3999
3622 4410
1451 1843
3216 3217
1596 4740
4192 4864
2826 4134
202 1519
2240 2310
2499 4744
4153 4576
3223 4410
2357 3057
2586 4909
1033 4665
204 4163
4001 4705
1682 4365
1550 2431
1664 4981
817 4892
1757 4221
434 4101
1942 4826
1692 4438
2310 4579
4511 4685
1589 3717
2012 4576
2405 2529
4484 4705
2712 4330
3302 4846
1142 4985
650 4849
2114 4072
2065 4427
2319 4458
2898 3761
570 4392
3576 4846
4164 4419
4885 4888
1264 4556
1463 4190
1840 4511
2608 4900
3352 4060
1805 4857
2258 4888
2772 4639
1145 3917
2854 4953
3959 4986
3301 4187
3444 3877
3505 4909
2854 3569
114 4884
4497 4517
3663 4888
3657 4065
3316 4163
1832 2038
2542 4164
3612 3849
873 3895
2114 4685
2388 4508
816 4885
4043 4282
2096 2799
1194 2391
3194 4851
2519 2791
3194 4441
3302 4229
3216 4678
1470 4705
461 4663
3065 4208
3918 3985
1772 3899
3184 4900
1672 3145
2853 3353
1721 4001
2663 4415
2922 4410
2976 4356
2499 4615
1988 3999
1042 4779
2898 3380
3190 4163
1502 4986
3783 4928
838 3400
3638 4173
2511 4921
2633 2831
280 4966
3623 4134
4433 4787
4436 4885
3422 4840
1902 4365
2609 3284
1559 4579
3333 4441
644 4885
1018 3917
3348 4986
1721 4976
4192 4576
4320 4757
3519 4969
2271 4484
2319 2499
3190 3660
1384 4884
2591 4908
3594 4532
4050 4892
929 4615
1927 2161
2361 3023
2418 3615
2871 4705
2950 4976
2032 3505
4678 4883
1843 4658
3184 4581
3509 4885
3663 4985
4057 4082
4483 4884
2362 4892
3353 3948
4358 4853
3509 3562
3697 4953
2312 3697
945 4173
836 4415
883 3745
2519 4664
3653 4579
1943 2405
1036 4909
2252 3077
2038 4989
976 4153
4513 4576
868 4532
2955 4985
3899 4892
4651 4934
1994 4898
2597 4323
3057 3113
3910 4966
178 3279
1731 4320
3801 4658
3999 4787
3127 4884
1453 3484
2748 4320
4054 4618
1073 4849
1237 4686
2027 4208
2421 3663
3475 4883
3025 3196
2626 3538
4155 4981
1942 4908
2053 2769
3615 4389
3210 4819
3196 4579
1550 4678
2513 4450
3821 4187
3697 4504
2404 4908
4221 4663
3097 4450
1778 4981
2454 2463
3444 4849
1619 4789
2734 4369
2736 4752
3668 4577
1934 4432
4221 4989
938 3917
440 3226
3671 4034
3745 4658
1803 4986
1682 1830
1534 4063
2202 4260
2588 4687
2955 4213
3218 4511
3294 3653
791 3960
47 4591
3124 3217
3301 3422
1032 4664
2826 4330
1550 4883
3162 4826
1182 4969
2633 3976
3544 4881
3642 4694
4436 4898
2049 4837
4392 4851
3517 4663
2472 4946
2039 4908
3451 4744
721 4752
721 4187
1491 4513
1682 3316
27 4864
3720 4686
675 4953
2871 4517
1685 4981
720 2783
2473 3777
3223 4607
2001 4989
1628 4660
4155 4712
112 4615
2537 2651
4532 4665
1388 4928
458 3341
1392 4483
2769 3457
2542 4966
1389 3825
2971 4497
873 4819
3975 4840
126 4909
598 1945
2157 3127
1207 3280
1876 4217
2523 3642
3446 4921
4363 4990
3622 4892
1613 4986
3910 4920
477 4878
3623 4694
907 2777
2649 4438
4513 4928
3594 4520
4410 4664
4100 4508
2968 4892
3999 4356
1482 3504
1511 1723
2233 2392
7 4900
2995 4591
2862 3073
1194 1998
1847 4757
3825 4034
3999 4055
3779 4400
1447 4139
3959 4908
4054 4639
1613 3989
612 4779
2609 4433
2407 3700
907 4260
3956 4483
3152 4969
3577 4050
1670 3999
1902 2895
3956 4744
4388 4981
1996 4618
883 2772
987 4419
3302 3504
3105 4930
3413 4532
277 4783
2047 3453
4513 4953
4920 4946
868 4520
2777 4063
3733 4534
2265 4920
507 4333
3077 3279
2453 4906
3451 4139
4363 4693
1806 4323
3569 4945
2654 4358
124 4517
4576 4864
366 4190
2065 3453
3821 4857
2520 4772
1876 3484
2284 3562
4400 4750
391 3453
3562 4419
4436 4849
3660 4163
2575 3761
2535 4853
3348 4908
341 4885
3594 4100
3668 4694
2418 3439
3848 4173
2781 2932
4802 4853
4928 4953
1243 2608
868 4122
4043 4928
3184 4981
1219 2515
4134 4173
148 3912
1482 4192
3323 3519
1194 4579
3451 4128
2579 3999
3680 4928
3845 4849
2108 4009
785 4705
4658 4826
2394 3336
3451 4458
1145 4686
3113 3825
1612 2736
3755 4921
1927 3380
2712 3336
730 3444
3398 4363
3380 4065
3755 4483
3152 4513
52 4892
2586 4363
840 3975
2292 4787
3910 4909
4082 4884
4314 4569
1539 4888
3216 3985
2452 2647
4282 4750
1566 4660
3073 4772
2575 4065
2441 2955
1465 4591
3653 4054
821 4849
1672 3931
2748 3783
4712 4976
3683 3800
1628 4484
2430 4532
3301 3975
1674 4883
1996 2649
2357 2781
3301 4333
2970 4415
3353 4851
162 822
1365 4906
3700 3868
3278 4663
1713 3025
806 4910
804 3453
3800 4436
3710 4161
1061 4063
2672 3877
4057 4848
3398 4966
1906 4356
3097 4908
3322 3657
487 4388
2523 3210
2586 4990
567 2394
2664 4508
3748 4853
3185 3216
2310 3023
904 3642
854 4757
1644 2664
882 3223
2853 4190
3989 4333
4153 4252
4314 4802
3422 4779
4389 4441
840 4840
3553 4134
325 4192
91 4453
1032 4892
2805 4779
3519 4953
4323 4752
2810 4819
3184 4422
1365 2234
1544 4097
3481 4837
1799 4173
1137 3710
3538 4878
4057 4857
1419 4663
2866 4848
4510 4945
635 4427
3774 4837
4187 4779
3783 4969
4660 4976
1766 4772
2950 4740
1273 4779
2554 4410
2055 3686
1685 4802
2418 3194
1614 3003
1145 4705
3294 3920
82 4693
1646 4969
1692 1996
1939 4427
1535 4906
766 4134
4263 4898
434 4928
933 4740
4892 4900
4906 4930
112 4458
3377 4969
4057 4100
2223 2772
2407 3931
524 4921
4740 4976
1464 4323
3038 4906
4394 4910
1619 4483
3229 4909
2970 4618
2734 3825
657 4691
609 3798
2519 4752
3484 3825
3555 4333
3959 4394
4263 4853
504 3717
3544 4837
2976 4433
4422 4802
891 4779
3638 3848
2805 3686
487 4779
1101 4660
3229 4687
852 1934
3242 3657
322 1469
3605 4884
2047 4146
1692 3932
202 4591
3077 3534
2791 4990
3105 4658
3398 4920
2591 4930
915 1034
334 1160
91 4576
1803 4906
3105 4771
52 2681
174 3920
990 4591
2649 4639
2277 4966
3205 4063
2265 4966
3773 4981
2819 4392
3077 3093
3400 4976
480 3895
3773 4155
3413 4057
2252 3023
3636 3948
1502 4910
2452 4504
3671 4369
47 3774
1841 4192
1967 4981
2734 4217
4771 4906
580 4365
1142 1811
817 4664
908 4356
2616 4888
1978 4740
2248 4946
3348 4394
2472 4881
233 2616
2292 4900
2453 4658
1772 4840
373 4884
2995 4946
3152 4159
4615 4986
765 4990
580 1934
1998 2310
2772 4618
1559 1998
3989 4906
765 4772
1599 4522
1910 4190
4771 4930
504 3912
3162 4910
1772 4187
2633 4687
3065 3960
1803 3523
1674 4057
3576 4910
4693 4772
3323 4945
542 2608
854 3389
2058 4154
1554 4639
1790 4787
3050 3680
3457 4190
2065 4433
907 4934
3663 4687
4591 4881
1389 2071
32 3215
2616 3686
463 3774
1644 4857
1550 2968
2188 4851
2223 4415
391 4900
4263 4581
1985 2633
4579 4934
3057 3671
3023 4260
3825 4369
1934 4381
954 1522
2027 3917
3509 3800
2382 3999
3668 4921
2895 3316
2001 4221
2862 4504
722 4752
1554 4432
1012 3686
2831 4946
1596 4320
1534 4851
1469 2585
4356 4578
4757 4976
730 3250
277 4878
3216 4427
3918 4883
3975 4333
3336 4330
2898 4208
2751 4438
1423 3933
1824 4848
2096 4282
3398 4909
850 4658
3605 4837
816 4846
249 4392
2206 4356
2441 2808
2873 4694
2448 4615
2250 4578
4034 4826
1692 4415
560 2519
3205 4851
1707 4314
4556 4607
163 4691
2039 4826
692 3848
2206 2579
322 504
1830 3660
1001 2995
2579 4055
4163 4381
3050 4969
3494 4819
3352 4883
4100 4252
178 2777
2038 4849
721 4779
1491 4945
1317 1784
3453 4576
2294 4009
2810 3717
1061 4864
4394 4986
4577 4615
4928 4969
1185 4419
3777 4663
1723 4888
2853 4934
2624 4685
635 1670
1312 4607
2294 2781
2850 4985
3162 3975
915 2634
1724 4556
2854 4945
3250 3605
4930 4986
2431 4060
2873 3773
458 4581
2382 4433
2058 4164
3215 4578
3640 4946
1243 4985
1939 4356
2284 4691
821 4990
3576 4750
4161 4837
3959 3989
3433 4497
1325 4520
2242 4783
905 3960
1261 2452
2923 4908
3453 4900
3901 4400
3933 3983
1910 2819
2357 4217
4314 4422
3371 3934
1566 4579
665 4581
1613 3801
886 4826
1897 4213
4651 4928
2391 4579
2970 3653
2252 2769
3302 3800
3226 3975
4693 4966
597 1996
1451 4146
3876 4705
1384 4591
778 4392
3899 4410
3544 3976
2448 4458
2654 4981
2748 4976
1542 4363
3433 4001
4263 4314
3519 4101
1416 4885
1985 4881
2471 4504
904 4819
4458 4789
3113 4369
3755 4789
148 3717
1942 4906
2588 4888
4789 4921
1365 4986
1682 3660
3956 4789
4063 4851
4705 4976
1654 3475
3205 3439
542 4900
2850 4888
2971 3433
4569 4712
2019 4921
1948 4849
2391 3196
373 4663
2651 4985
1145 3065
3932 4054
1012 4687
2420 4559
3697 4945
2922 3849
2388 4848
3184 4263
3605 3640
3413 3983
322 4819
503 4752
180 3960
3517 3934
1599 4883
4658 4930
2455 4392
2791 4920
2554 3849
560 4892
1934 3660
4851 4857
1061 4576
3478 4134
3371 4504
1502 4658
2680 4522
1943 2258
3948 4392
1203 3048
2664 4857
4422 4712
1721 4484
1261 4163
2537 4687
2053 3948
1032 4607
1731 4757
2454 4910
2915 4213
3622 4664
4187 4840
1522 1589
2591 3038
459 844
650 796
785 4484
1543 4802
1482 2815
2033 4686
2915 3716
3023 3077
3758 3868
1933 4163
2169 4946
4569 4581
2815 4453
692 4139
1621 3779
2195 3490
4358 4569
3377 4953
3433 4484
2065 4055
886 4394
2995 4884
3989 4658
1206 4981
4213 4687
2782 3779
3352 3985
774 4394
1531 4333
3989 4771
1704 4990
722 1948
765 4909
3745 3932
1724 2554
2608 4787
1589 4819
3490 4263
1554 3190
2294 3671
503 4849
1998 4260
2195 3748
459 4128
1453 4369
82 3485
1539 2898
1721 2971
1646 4928
3217 4504
791 4065
1423 4100
2514 2783
2781 4217
2799 4750
163 3876
487 4840
3517 3920
4063 4441
4484 4660
2815 3901
1365 4826
1389 1453
2514 4857
152 3484
2776 4146
2535 4155
1247 4433
1449 4394
2161 3093
3519 3569
832 4388
1513 3845
1933 2058
1830 4432
2392 4213
2853 4392
1966 4389
121 3845
3490 4853
3145 3868
854 4750
2256 3931
3576 3800
2932 3113
4139 4577
2144 4415
1963 4885
2292 4146
2597 3612
2441 4985
579 4517
850 3959
1073 3877
439 3717
1130 2027
608 2394
1033 2388
2782 4192
3205 4389
3553 4694
1599 4878
2431 3918
804 2065
838 1822
1628 3400
427 4986
2654 4581
1596 4685
126 4772
3761 4208
550 4154
2751 4639
445 1840
3612 3622
1843 4146
3073 4920
1554 4163
4510 4513
1262 4985
2854 4513
3576 4164
1463 2819
2048 3910
2327 4928
373 3280
280 3073
4569 4853
1036 2519
1334 4511
570 3353
4618 4639
3316 3660
2772 4438
3494 3912
945 3623
1384 4161
1824 4532
2294 3057
3683 4436
1261 4432
1047 4783
1408 2634
4043 4665
3642 4819
4511 4757
4513 4651
4685 4757
811 3280
915 2898
722 2038
2108 3825
2255 2327
1047 4522
2932 3286
3481 4881
3517 4221
4450 4851
4513 4945
2556 4436
3457 4851
2782 4400
765 4920
3210 3322
1355 4920
1416 4154
3494 3717
2327 4953
3985 4783
1237 3380
829 2258
891 4187
938 3761
1902 4432
2535 3934
524 3876
2515 3414
2556 4154
3302 3983
3761 4686
1596 3218
2680 4883
2421 4783
791 4208
2649 4415
4134 4330
1778 4155
4928 4945
4252 4532
121 3444
524 2923
2591 4771
445 4740
2777 4579
2039 3038
1766 4966
3764 4757
1805 4665
635 4787
1511 4985
1811 4687
3956 4458
3242 4686
4320 4976
4034 4217
2712 3553
3478 3553
1988 4427
2188 4930
504 4819
3920 4976
4154 4885
4282 4532
1334 4685
1707 4581
3912 4853
644 4846
2405 4985
3215 4427
1994 4436
3353 4392
4556 4892
4578 4900
2751 4618
7 4281
32 1115
41 4968
45 3214
47 4979
50 4923
72 1024
78 4845
82 3965
97 4983
98 4756
112 4174
114 3244
121 4641
124 4801
126 4922
148 3790
152 4748
162 3735
163 1378
174 4739
178 4103
180 4854
202 2980
204 3111
208 2456
215 2569
233 4291
239 4818
245 4845
249 4545
267 4393
277 3942
280 4895
289 4672
307 4648
322 4627
325 4437
334 4137
341 4669
345 4652
366 2943
367 4302
389 3654
391 3632
404 4525
419 4025
427 4302
434 4699
439 4862
440 4261
445 3796
446 4957
456 1450
458 3862
444 459
461 4893
402 463
472 2964
477 3905
480 3824
487 4696
503 3728
504 3071
507 2115
511 4233
520 4983
523 4535
524 734
542 4952
550 4486
553 4294
560 4546
567 1048
570 4113
576 2812
579 2149
580 4126
597 3742
598 4820
601 1568
608 3679
563 609
612 1277
635 4680
644 3007
650 652
657 4960
665 4404
692 4334
699 3595
702 3890
720 4827
722 3200
730 4843
765 4249
766 2891
774 888
778 1230
781 4296
785 4469
791 4766
796 3725
804 4963
806 2833
772 811
629 817
822 4707
827 4775
829 3409
832 4188
836 4293
300 838
844 4253
850 2224
852 2733
854 2344
868 4845
873 3579
882 4232
883 4931
886 2297
891 4907
894 3174
904 3080
905 4977
908 4565
929 4085
933 4879
938 4354
945 4514
946 4170
958 2400
957 961
976 1870
987 4609
990 2868
1001 4844
1012 2358
1018 4594
1032 4118
1033 3192
1034 2142
1036 3945
1040 3870
1043 4774
1047 4575
1055 2094
1058 4919
1061 4643
1073 4763
1084 4286
1085 4130
1101 4925
1104 4151
1106 4983
1110 4792
1130 4228
1137 4374
1142 4380
1145 2726
1160 4634
1182 4751
1185 4476
1194 4995
1203 2360
1206 2365
1207 3974
1209 3008
1210 4875
1219 1517
1222 2844
1225 3170
271 1235
1237 4490
1243 4521
1247 1915
1256 4600
1261 4141
1262 3791
1264 2231
1273 2910
1282 4955
1285 3936
1304 4218
1312 4914
1317 4918
1325 4954
1334 2880
1352 2154
1355 3188
1365 4220
1384 3393
541 1388
1389 4127
1390 4843
1392 2849
1410 4948
1416 4166
1419 4368
1398 1423
1443 2960
1447 1990
1449 4907
1451 3964
1453 3431
1463 2667
1464 3725
1465 4979
1469 3703
1470 4759
1482 4807
1491 4844
1502 1889
1510 2403
1511 4967
1513 4860
1519 3240
1520 3083
1522 4107
1527 4813
1531 3824
1534 4593
1535 3648
1539 4958
1542 4950
1543 2857
1544 4805
63 1550
1559 3219
1563 4605
1566 2508
1589 3547
1596 4041
1599 3938
1612 4978
1614 3008
1619 4880
1621 3592
1628 4922
1644 4805
1646 3775
1654 3318
1664 4998
1670 4329
1313 1672
1674 3483
1682 4237
1685 2646
1692 4448
1704 4699
1707 4168
1711 4602
653 1712
1713 3366
1721 4361
1723 4935
1724 2159
1731 1754
1738 3051
1740 4847
1727 1746
1757 4893
1766 4253
1770 4841
1772 4943
1778 2090
1784 4924
1790 4574
1799 3978
1803 4560
1805 2332
1806 3826
1810 4526
1811 4872
1822 4817
85 1824
474 1827
1830 3719
1832 3564
1840 4255
1841 2762
1843 1923
1847 1913
1897 3833
1600 1902
1905 4641
1906 3327
1910 4638
1927 4630
1928 3929
1933 4764
1934 2050
1938 3581
1939 4586
1641 1942
1943 2137
1945 4107
1948 4078
1963 3436
1966 4621
1967 4753
1969 3391
1978 4563
1985 4979
1988 4832
1994 4895
1996 3673
1998 4103
2001 4512
2012 4571
2019 3543
2027 4887
2032 4769
2033 4442
2038 4847
2039 4287
2047 4895
2048 2671
2049 3599
2053 4094
2055 4647
2058 3094
2061 4941
61 2065
2071 4778
2075 4337
2077 2080
2096 4756
2108 4495
2114 4756
279 2126
2144 4673
2157 3566
2037 2161
1188 2169
2188 4931
2195 2379
2202 4566
2206 3426
2223 4914
2233 4614
2234 3964
2240 4294
2242 4440
2243 4317
2248 4839
381 2250
2252 4941
2255 4332
2256 4924
2258 4723
2260 4073
2265 4983
1082 2277
2284 3432
2285 4312
2292 4126
2294 3153
2310 4313
2312 4933
2319 3907
2327 2385
2147 2357
2361 3172
2362 3938
2369 3633
2382 3447
2387 4485
2388 4142
2391 4464
2392 3566
2394 3028
2404 2911
2405 2564
2407 4348
2412 4753
2418 3606
2420 4924
2421 4338
2430 4662
2431 4620
64 2441
2448 2885
198 2452
2453 4720
2454 3945
1977 2455
2463 4384
2104 2464
2468 4028
2469 4236
2471 4918
2472 4243
2473 4893
2499 3665
279 2511
2512 4798
2513 3141
2514 4845
2515 3418
2519 4086
2520 4978
2351 2523
2529 4597
2535 4983
2249 2537
129 2542
1172 2554
2556 3432
2558 4889
2561 4758
592 2575
2579 4142
2585 4079
2586 4741
2588 4539
1082 2591
2597 4090
2598 4786
2201 2608
1405 2609
2612 3395
2616 4580
2138 2624
2626 4570
2633 4551
2647 3419
2646 2649
2651 3448
2654 4975
2663 4958
2664 4036
2672 3338
2679 4667
2680 4584
2681 3408
2690 4795
1999 2712
143 2734
2736 4720
1605 2748
2751 4554
2769 4866
2772 4530
2776 3579
2311 2777
2781 4553
2782 4351
2783 4762
2789 4002
2791 3913
2675 2799
2801 4553
2805 3347
2808 3823
2810 3847
2815 2965
2819 3455
2826 4059
76 2831
2850 4852
2853 4653
2854 4056
2862 4918
2866 4918
2871 3066
1533 2873
2895 3054
2898 4734
2904 4743
1458 2915
2921 2922
2923 4257
214 2932
896 2950
1848 2955
2968 3251
2787 2970
2631 2971
2976 3545
39 2994
2995 4305
3003 4814
3023 4781
3025 4602
2081 3038
3048 3867
3050 4776
3057 4735
3065 4376
3073 4983
3077 4103
3093 3746
2286 3097
1914 3105
3113 4207
3124 4793
3127 4975
2964 3142
3145 3243
1150 3152
3184 4939
2884 3185
3187 4516
1900 3190
3194 4677
3196 4855
3205 4084
3210 3488
709 3215
3217 4924
3218 3390
3223 4194
358 3226
3229 4979
3242 4443
3233 3250
3278 4927
2261 3279
3280 4518
3283 4893
1690 3284
3286 3646
3294 3325
3296 4622
3301 3361
2849 3316
2984 3322
1347 3323
3333 4492
3336 4814
2444 3341
1526 3348
3352 4681
1339 3353
3371 4129
3377 4462
3380 3637
3389 4800
3398 4548
3400 4776
196 3413
3414 4519
3422 4465
3433 4377
3170 3439
1525 3444
3446 4689
3451 3936
3453 4629
2009 3457
3475 4815
3478 4814
2764 3481
3484 4168
1332 3485
3490 4189
270 3494
422 3504
3505 4858
3509 4331
3517 4893
2378 3519
3523 4359
3527 4528
2450 3534
3538 4170
1483 3544
3553 4814
3555 4111
3562 4628
3569 4178
2621 3576
3577 4451
686 3594
3605 4689
1802 3612
337 3615
110 3622
3623 4814
3636 4734
3638 4535
743 3640
2358 3642
983 3653
3657 4205
2939 3660
3663 3833
3668 4600
3671 4470
3680 4767
3616 3683
2119 3686
3697 4488
3700 4357
3540 3710
1947 3716
3717 4370
3720 4328
3733 4815
3745 3828
3748 3765
3755 4996
3758 4459
3761 4675
3764 4319
3773 3780
1812 3774
3777 4657
3779 4943
3783 4880
1607 3798
3800 3896
3801 3808
2708 3821
3792 3825
2592 3845
3848 4814
3849 4745
1881 3868
2411 3876
3584 3877
3895 4211
3899 4059
3901 4085
3910 4983
1844 3912
2116 3917
2578 3918
3920 4331
3931 4924
3684 3932
3933 4805
3934 3962
3948 4423
489 3956
3959 4996
2445 3960
3466 3975
3515 3976
2925 3983
3985 4617
2938 3989
2045 3999
4001 4769
3254 4009
4030 4031
3394 4034
4043 4754
451 4050
4054 4084
4055 4970
4057 4108
319 4060
4053 4063
4065 4827
4003 4072
4082 4293
4096 4097
3513 4100
3001 4101
879 4122
909 4128
1295 4134
812 4139
4142 4146
2893 4153
1821 4154
4155 4753
4159 4160
1953 4161
2079 4163
4164 4734
1555 4173
3589 4187
4190 4818
2433 4192
3665 4208
2846 4213
2990 4217
4221 4893
4108 4229
3174 4252
414 4260
2427 4263
4282 4902
2940 4314
4320 4961
2199 4323
4330 4814
4333 4337
2632 4356
3370 4358
4306 4363
4365 4722
3930 4369
3988 4381
2020 4388
337 4389
2009 4392
4394 4742
2289 4400
527 4410
28 4415
3865 4419
4310 4422
4336 4427
3729 4432
4311 4433
4436 4495
4438 4739
4008 4441
4450 4710
4127 4453
3830 4458
4483 4558
3417 4484
2683 4497
1881 4504
1553 4508
4510 4795
4076 4511
1411 4513
22 4517
4520 4932
2393 4522
1553 4532
2818 4534
4556 4565
4559 4845
3270 4569
3406 4576
4577 4592
4578 4924
4103 4579
1013 4581
1074 4591
4017 4607
3347 4615
696 4618
953 4639
1176 4651
2009 4658
4659 4660
2659 4663
4659 4664
1767 4665
773 4678
3879 4685
4686 4688
3726 4687
4500 4691
4585 4693
4694 4907
3973 4705
4353 4712
4719 4740
4744 4838
4737 4750
3987 4752
1838 4757
1946 4771
4614 4772
4564 4779
4783 4919
4736 4787
3694 4789
406 4802
2881 4819
2877 4826
4595 4837
4840 4873
3844 4846
732 4848
4849 4973
4395 4851
4602 4853
3873 4857
1601 4864
3838 4878
1607 4881
201 4883
2116 4884
4885 4968
2613 4888
4032 4892
935 4898
4401 4900
2544 4906
3834 4908
3228 4909
4758 4910
3905 4920
3891 4921
565 4928
2614 4930
4916 4934
3263 4945
3927 4946
4879 4953
321 4966
2395 4969
1156 4976
2539 4981
2605 4985
4336 4986
4059 4989
3794 4990
7 3799
32 3610
41 3966
45 3595
50 4558
72 4979
78 3110
82 4748
114 4773
152 4641
163 4107
178 4918
180 3785
204 3430
208 3212
215 4814
245 4206
267 4957
280 4761
289 3606
307 4964
322 4162
334 4709
341 4304
345 4839
366 4944
391 1980
419 3409
427 2913
440 3118
446 2340
456 4500
459 4227
461 1103
463 4077
480 4968
487 4499
503 1468
511 2353
520 3831
523 3198
553 4997
567 4655
570 4784
576 978
580 4727
609 3598
612 2163
635 3967
657 935
665 4287
692 2964
702 3241
720 4455
765 4592
766 4814
774 3656
778 4170
781 3968
796 899
811 3158
822 3739
827 4887
829 3833
836 4838
852 4448
868 3742
873 4469
883 962
886 4375
894 4019
904 4107
905 4649
908 4631
929 2961
938 4069
945 4773
946 4893
961 4531
976 1851
987 4248
1001 4743
1012 4894
1018 4775
1032 3941
1034 3418
1040 2956
1043 3381
1058 4543
1061 4448
1084 4722
1085 1819
1100 1101
1142 2018
1160 4676
1182 4814
1185 4835
1203 4971
1206 4959
1207 4893
1219 4832
1237 4998
1243 2074
1247 4567
1256 4231
1261 4104
1262 4811
1264 3738
1282 4996
1285 4439
1304 4739
1317 4924
1325 4672
1355 4983
1365 2733
1389 4582
1410 4079
1415 1416
1419 4404
1423 4833
1443 3718
1447 2757
1449 2498
1451 1521
1464 4404
1465 3468
1469 4401
1470 1812
1482 3234
1502 2046
1510 3055
1513 4867
1520 4979
1522 4701
1527 4799
1531 3367
1534 2618
1535 4067
1539 2697
1542 1786
1543 4296
1544 4580
1550 4106
1559 3282
1566 4801
1612 4780
1614 4324
1621 4311
1628 4361
1644 3452
1646 4947
1664 3334
1670 4503
1672 4912
1674 3175
1682 3342
1692 4897
1704 4207
1707 4998
1712 4474
425 1713
1721 4168
1723 4790
1724 3321
1731 4863
1738 4366
1740 2725
1746 3770
1757 3988
1766 4619
1772 3548
1425 1778
1784 4040
1790 2458
1799 2480
1803 4797
1805 4845
1806 4836
1811 4108
1824 4239
1827 4344
1830 4307
1832 3270
1841 2525
1843 4331
1897 2590
1905 4929
1906 4563
1926 1927
1928 4361
1933 4005
1934 4540
1938 4567
1939 4738
1942 4873
910 1943
1945 2725
1948 4697
1963 4983
1966 3725
1967 2121
1969 4760
1985 4595
1988 4397
450 1994
1996 4302
1998 4882
2001 4861
2012 4725
2019 3570
2032 3292
2033 4223
2038 2753
2039 2043
2048 4754
2049 4852
2053 3641
2055 4460
2061 4768
2065 4447
2071 3266
2075 4861
2077 4675
2096 4283
2108 4911
660 2114
2126 4927
2144 2732
1705 2157
646 2161
2169 4711
2192 2195
1946 2206
2233 4880
2234 4832
2240 4095
2242 4810
2243 3159
2255 4937
2256 4918
2258 4473
2260 4753
2265 4869
2277 4567
2284 3853
2285 4987
2292 3903
2294 4418
2312 4240
2319 4417
2327 2628
2357 2701
2129 2361
2362 4349
2382 3998
2387 4845
2388 3421
1980 2391
2392 4924
1891 2394
2404 3966
2405 4668
2407 4941
2412 4466
2418 3724
2420 3248
2421 4692
2430 4805
2448 4149
155 2453
2454 2978
623 2455
2464 3809
2468 3180
2469 2549
2471 4529
2472 4672
2473 4638
2511 4344
2512 4327
2514 4998
2515 3645
2520 4743
2025 2523
2529 4099
2537 4734
2542 4406
2556 2818
2558 4158
2561 4587
2575 4987
2579 4372
2585 4084
2586 4300
2588 4428
2591 4656
2597 2723
2598 4373
2608 3628
295 2609
2612 4814
2616 3891
2624 4923
2626 3535
2633 3961
2647 3647
2649 4277
2651 3530
2654 4753
2663 4876
2664 4847
2672 4958
2680 3332
2681 4959
2690 4666
2712 3533
2734 4959
2736 4747
978 2748
2772 4983
2618 2776
2777 3258
2782 3243
2118 2783
2791 3112
2798 2799
2006 2801
2808 3626
2810 3907
2815 4724
2819 4033
2826 4814
2831 4979
2850 4833
2854 4973
2862 4272
2866 4348
2871 4643
2873 3435
2505 2895
147 2898
2922 4831
2923 4936
2932 4292
2950 2957
2968 3695
2970 3060
2971 4538
2976 4993
2994 4373
2995 4979
2879 3003
3038 3248
2020 3048
3057 4944
3065 4604
3073 3712
3077 3843
3093 4092
3097 4922
2863 3105
3124 4396
3142 4156
3145 4501
3152 4329
3184 4291
3185 4721
3187 4523
3190 4844
1216 3194
3196 4472
1394 3210
3215 4360
3218 3846
3223 3803
3226 4727
3229 4710
1046 3242
3250 4366
3278 4722
3279 4103
2987 3283
3286 4515
2530 3294
3290 3296
2696 3301
3316 4995
3323 4951
3333 4963
3336 4216
1732 3341
3352 4739
2057 3353
3371 4398
2400 3389
3398 4682
3413 4992
3422 4298
826 3433
3439 4038
3444 4738
2899 3451
3453 4588
3457 4742
3475 4935
3478 4370
3481 4891
3484 4124
2203 3485
375 3490
3494 4925
63 3504
2763 3505
3506 3509
3455 3517
2790 3519
2305 3523
3089 3534
3538 4941
3544 4370
3555 4724
3562 3573
3568 3569
3354 3577
3594 4845
1745 3605
1494 3612
2758 3615
3622 4993
3623 4468
3636 3664
3638 4116
3640 3871
2322 3642
3657 4862
1514 3660
3663 4408
3668 4960
2158 3671
3680 4967
935 3683
3686 4670
3697 3744
3700 4924
3710 4595
3716 4170
3691 3717
3720 4125
3733 4130
3748 4753
1638 3755
3758 4992
3764 4745
3773 4753
3774 4180
3779 4297
3781 3783
3406 3798
3801 3804
3821 4832
3825 3830
3845 4533
3848 4600
2501 3849
3868 4178
3876 4978
3877 4391
3895 3930
3899 4649
3406 3901
769 3910
2570 3912
3788 3917
2865 3918
3920 4932
2546 3931
3264 3932
3858 3933
3399 3934
3811 3948
3664 3956
3960 4033
3975 4259
3232 3976
3983 4805
3985 4951
2528 3989
3999 4112
4001 4519
4009 4724
4030 4567
3629 4034
4043 4516
4050 4886
4054 4891
3707 4055
3757 4057
4060 4507
4063 4507
1111 4065
2683 4072
4082 4847
2757 4097
4100 4838
1572 4101
4122 4867
4128 4998
2215 4134
1922 4139
3734 4146
4113 4153
2796 4154
1632 4155
4159 4313
4161 4595
2755 4163
3454 4164
4173 4273
4026 4187
3131 4190
3405 4192
4208 4895
4213 4711
4217 4417
4020 4221
3370 4229
3843 4252
2829 4260
4263 4879
4282 4992
3789 4314
2928 4320
3871 4323
4330 4560
4268 4356
4358 4795
4363 4944
4365 4571
4369 4697
2602 4381
4388 4393
4249 4389
4309 4392
3913 4394
3885 4400
3208 4410
4415 4429
4413 4419
3747 4422
2074 4427
4432 4642
4334 4433
3370 4436
4417 4438
4441 4625
4352 4450
3993 4453
2934 4458
4483 4706
4484 4959
4497 4842
4348 4504
2378 4508
3754 4510
4511 4743
3754 4513
4437 4517
4411 4520
3619 4522
4325 4532
1683 4534
3172 4556
2767 4559
4569 4753
4576 4701
4512 4577
4578 4632
4579 4654
3935 4581
3035 4591
4283 4607
4317 4615
3119 4618
3737 4639
4232 4651
659 4658
4507 4660
3572 4663
2914 4664
4665 4805
3988 4678
4685 4732
4686 4707
1622 4687
4291 4691
4567 4693
2373 4694
4135 4705
4573 4712
928 4740
4744 4901
2872 4750
993 4752
4673 4757
4771 4806
642 4772
4430 4779
1093 4783
4629 4787
4789 4890
3506 4802
4107 4819
3331 4826
3840 4837
4336 4840
4846 4897
2763 4848
2838 4849
1278 4851
4753 4853
4673 4857
3058 4864
3903 4878
3559 4881
3351 4883
3735 4884
4303 4885
1518 4888
1673 4892
3370 4898
1197 4900
4289 4906
3763 4908
4813 4909
4910 4939
4854 4920
2324 4921
1733 4928
4455 4930
1642 4934
1650 4945
4650 4946
2574 4953
4567 4966
4927 4969
1409 4976
4547 4981
4917 4985
4595 4986
4630 4989
3780 4990
41 4961
78 3069
82 4983
208 4429
267 4950
307 3861
366 4590
427 2008
456 4843
692 3437
829 4287
886 4535
938 4078
1001 4903
1043 4434
1160 4893
1206 4397
1219 4725
1243 3833
1262 4732
1304 4630
1317 4675
1410 4998
1419 4893
1423 4318
1510 4294
1566 4370
1612 4952
1646 4574
1672 4918
1707 4526
1712 3112
1746 4977
1799 4814
1361 1803
1827 4882
1897 4614
1906 4454
1938 3780
1942 4997
1967 4549
2019 3990
2032 4567
2053 4831
2055 4545
2061 4982
2077 4902
2144 4703
2206 4955
2233 4718
2240 3312
2260 4917
2285 4721
2312 3499
2327 4721
2388 4455
2405 4480
2407 4919
2418 4599
2421 4804
2430 4780
2454 3511
2471 4774
2472 4069
2473 4732
2511 4854
2512 4527
2514 4805
2520 4780
2529 4987
2579 4405
2585 2587
2588 4957
2591 4879
2597 4870
2624 4661
2654 4949
2663 4564
2672 4904
2690 4773
2712 4018
2772 3128
2826 4854
2831 4766
2862 3815
2898 4830
2922 4781
2976 4620
2994 4843
2995 4595
3003 4595
3038 4198
3073 4265
3093 4861
3097 4942
2389 3124
3142 4414
3145 3303
3152 4558
3187 4625
3194 4765
3172 3242
3250 4029
3294 4893
3296 4529
3341 4589
3371 4918
3422 4950
3433 4361
3444 4813
3478 4863
3484 4425
3485 4859
2983 3490
3494 4729
3505 4416
2903 3509
3519 3705
3534 3535
3555 4901
3569 4729
3594 4784
3615 4905
3554 3623
3638 4386
3640 4595
3660 4769
3663 4575
3683 3692
3686 3889
3700 3857
3710 4542
3716 4963
3717 4634
3733 4535
3748 4998
3758 4942
3773 4955
1952 3774
3297 3779
3435 3798
2990 3801
3821 3943
3848 4550
3849 4845
3719 3868
3507 3876
3895 4087
3901 4706
3910 4224
3920 4893
3931 4587
3932 4586
3933 4917
3948 4239
3563 3983
3989 4095
2917 3999
4001 4152
4009 4409
4030 4983
4034 4770
3974 4043
4050 4384
4054 4710
4063 4877
4070 4072
4082 4299
4097 4845
3347 4128
4153 4542
4155 4998
4066 4161
3725 4163
4173 4814
3255 4187
704 4190
1626 4192
4208 4738
4213 4627
2209 4217
3288 4221
869 4229
4260 4931
4282 4298
4314 4998
3754 4320
4150 4323
3803 4330
1017 4356
4358 4753
3780 4363
4281 4365
4381 4912
4144 4388
4386 4389
4392 4932
4394 4813
4410 4689
4418 4419
4422 4991
4342 4427
4162 4433
4438 4862
4441 4690
4450 4926
4453 4929
3271 4458
4483 4887
4480 4484
4497 4774
4473 4504
4508 4845
4361 4517
3837 4520
1279 4532
2656 4534
4216 4556
4559 4887
4569 4998
4564 4577
4578 4711
4579 4958
4573 4581
4591 4595
4607 4758
4615 4692
4568 4639
4651 4727
4658 4659
4361 4660
4297 4664
2378 4665
4678 4681
4318 4685
4309 4686
4608 4687
988 4691
3690 4693
4694 4794
4361 4705
4014 4712
3456 4744
4750 4842
4752 4792
4413 4757
4416 4771
2617 4772
4602 4787
4789 4795
4802 4998
1620 4819
4256 4837
4840 4843
4846 4875
4284 4848
4353 4849
4465 4851
3552 4853
4805 4857
3177 4864
4876 4878
4714 4881
4858 4883
4795 4884
1637 4885
3462 4888
4720 4892
4898 4901
4887 4900
4721 4906
4908 4979
4909 4926
3751 4910
4798 4920
3224 4921
4650 4930
4758 4945
4946 4955
3754 4953
4087 4966
3698 4969
4610 4976
4981 4988
1276 4985
3818 4986
1415 4989
4983 4990
41 3651
208 4642
456 4854
1219 4847
1612 4913
2285 4871
2388 4904
2405 4099
2407 4918
2389 2471
2529 4855
2624 4688
2654 4998
2663 4904
2672 4209
2690 4992
3145 4918
3242 4463
3505 4983
3555 4795
3640 4995
3255 3748
3758 4480
3774 4979
3821 4210
3868 4924
3920 4725
3983 4530
4043 4948
4054 4925
4082 4832
2872 4097
3406 4192
4330 4948
4358 4803
4137 4363
4389 4865
3347 4458
4504 4924
4520 4805
4559 4924
4437 4569
3356 4581
4480 4607
4235 4651
3356 4712
4752 4942
4771 4904
4796 4802
3823 4857
4629 4864
4847 4878
4881 4979
4583 4883
4149 4900
4909 4983
4847 4910
4567 4920
264 4930
4946 4979
4966 4983
4981 4998
4847 4985
4893 4989
2285 4855
2690 4902
3242 4997
3640 4979
3868 4918
3983 4762
4043 4805
4330 4977
4520 4843
4581 4998
3096 4651
4712 4997
4074 4771
4435 4802
4864 4871
