654 4829
387 4407
989 1247
2603 2773
3453 3931
1913 3440
2822 3325
1247 3849
1606 3572
1010 4028
267 4942
2853 3522
3050 4069
3785 3855
1913 2726
2987 4426
1051 4801
1658 1949
3453 4644
2582 3576
1290 4973
206 4984
3030 4979
88 4984
1473 2025
4586 4984
1864 2332
1008 2355
2273 2846
1583 4955
3854 3975
810 1132
452 3853
1909 4922
3259 3384
3088 4563
3044 3625
3251 4654
3050 4782
374 3427
2315 3114
1649 2739
2149 2501
3779 4276
2437 4532
2337 3308
1431 4218
689 4356
2675 4979
2653 4716
2639 3625
2544 4249
842 4512
1247 3587
1256 4922
765 4435
2451 3463
1791 4706
2451 3572
3975 4984
2041 2796
2417 4696
1094 3276
741 2781
2655 4710
3571 3654
2353 4308
4710 4823
3259 3593
3697 3941
1410 4696
3499 4623
2315 4990
3277 4750
267 2656
3643 4670
1076 4914
536 4722
1992 3894
2381 3259
3814 4088
516 4131
3314 4983
3054 4298
2465 3153
760 4078
4225 4339
2626 4635
2761 3591
3894 4414
3629 4494
3154 4654
914 4612
934 4675
3627 4033
2126 3586
1359 3519
1241 2580
1643 2617
4678 4705
1597 4089
3712 4605
4188 4916
1740 4715
2654 4964
3518 4536
1400 4339
2931 4494
3043 4969
3133 3319
9 4984
132 4276
2143 3465
4344 4849
1064 3627
2225 3205
1271 3889
539 1016
1716 4585
358 4186
3515 4579
4829 4916
3518 3857
4536 4788
698 4852
3175 4428
3509 4579
676 4984
3388 3783
1755 3601
2773 4431
1658 3555
904 3227
1922 4538
3136 3519
1810 2846
2437 4706
1575 4942
2622 4457
742 3107
2417 4048
1404 3647
4569 4644
2465 4538
1053 4951
3324 4705
2772 4259
4336 4823
3582 4344
1354 4965
1578 4101
2827 4508
4138 4955
703 3590
4536 4722
3277 4536
3707 3933
4220 4964
3601 3813
2750 3713
1008 3472
2783 4326
2290 4204
3966 4564
1094 4542
2608 2773
85 4719
352 4241
2354 4156
2862 3552
3479 4454
742 1070
3806 4922
4218 4776
1832 2887
2862 3266
1548 3075
978 4078
1780 4083
3008 4585
2903 3591
1360 4457
1740 4089
3712 4722
795 3530
1667 4969
788 2822
3311 4696
2040 3814
1172 2202
3455 4718
1780 2342
1271 4089
3211 3825
3427 3779
4344 4470
484 2272
913 2273
4298 4983
3813 4188
1721 3627
4601 4715
516 3697
2695 4421
2574 4654
2613 3819
3219 4202
3509 4428
3154 4973
436 4710
3965 4249
3313 3522
1416 1619
241 4644
443 3636
560 2948
1153 3909
4184 4675
3806 4656
1256 2844
1425 4656
3854 4298
1913 4623
3161 4514
3556 3814
742 4053
4218 4339
1188 3853
1375 4426
2861 4204
2380 4722
4693 4964
620 3889
970 1103
3007 3276
3552 4656
1410 4108
478 1813
439 3994
4220 4722
246 4984
3175 4766
309 4852
2987 4356
1416 1760
1053 3829
4678 4849
2912 4356
795 4849
1481 1745
3107 3463
1796 4788
443 4015
1671 4542
1016 3627
3217 3889
4495 4970
2437 3342
1949 3329
715 3028
3942 4269
970 4538
4344 4705
809 4984
3472 4204
810 3627
3794 4204
4138 4964
452 3211
1822 4858
1132 4033
1282 4276
3998 4683
3786 4385
959 3636
2126 3453
3064 4849
1646 3097
1862 4833
3531 4470
362 4955
3556 4470
1750 4970
3552 4922
3601 4766
2750 4327
693 3384
2726 3205
759 3583
4207 4532
4156 4778
1960 4715
2290 3227
2417 4276
802 3571
2222 4766
4188 4970
1481 4778
1290 4983
3342 4276
3829 4979
948 3555
3950 4536
3531 4705
437 3530
937 3806
3416 4522
3044 4083
1529 2594
3030 3661
4432 4887
2072 4782
1242 4716
443 1917
123 4053
298 4563
2750 4965
2072 4428
3814 3894
1416 4187
2493 4028
3227 3663
1223 4778
3732 4486
4110 4942
2753 4675
1975 3690
4385 4858
3530 4678
3629 4710
802 3266
4156 4831
3205 4351
911 4568
4670 4929
2574 4973
2785 4839
292 4670
628 4110
913 2769
3965 4453
1915 2772
842 4716
2061 3623
914 4048
2948 4439
2451 3625
1404 4392
779 2781
3992 4514
4336 4852
2820 3806
2936 4553
3394 4839
3655 4276
4788 4951
1271 3915
2772 3807
3027 3610
2501 4914
2071 4778
763 3349
2971 4984
1991 3643
3519 3894
951 4719
3096 3819
1682 4970
3582 4678
598 4985
1973 3582
4207 4249
927 4979
3595 4457
2353 2936
2279 4522
3217 3276
680 4015
2272 3676
1976 3783
4276 4696
258 2120
3463 4083
1747 4985
1992 4101
1096 4186
3812 4426
3293 4828
748 4731
3394 4244
760 4984
2931 4532
2603 3590
3176 4420
2987 4839
1909 4681
1419 4431
3674 4833
3136 4852
4344 4678
1208 3440
795 4944
729 4495
1897 2273
4048 4612
1242 4823
1651 2062
3417 3784
2626 3690
4470 4678
4078 4681
866 3632
362 4964
748 2176
4180 4831
979 3515
2832 4715
3308 3311
4605 4722
2834 3920
3417 4685
426 4782
4494 4512
4336 4532
4053 4696
2538 3998
1425 1909
1826 4623
3586 3812
3721 4922
2626 4351
3395 4512
1434 4563
904 1154
4654 4670
3388 4538
795 4705
4831 4979
4180 4586
2594 4985
60 4656
353 3854
3259 4269
3319 4858
2402 3916
866 4186
1529 3806
3114 4849
2069 4605
1431 4457
4184 4568
2355 4951
1721 3825
50 3625
3623 4683
2844 3123
4750 4914
3453 4426
888 4538
4385 4942
3180 4969
1421 3126
1048 4518
2434 4693
309 4823
1493 1864
3819 4982
1237 4831
1883 4964
1153 4349
3266 4078
2861 4907
1172 3258
3190 4101
2715 4586
3126 3612
3455 4259
1943 3706
317 4187
3518 4788
3277 4722
4710 4716
3190 4801
1343 4156
2533 4202
2827 3144
3044 3794
3872 4428
807 4979
3416 4984
2991 4722
1649 4109
765 2353
235 3530
1760 2617
3950 4964
3400 3712
3417 3942
2817 4431
1810 1897
335 4271
1675 4706
2617 4187
439 1370
415 4244
3161 4983
2058 2430
693 3784
4601 4685
1994 4887
1069 3593
3342 3427
3629 4564
628 4858
2704 3807
2126 4719
495 2574
1049 2651
2892 4670
3998 4339
2651 3017
1199 4538
270 4339
1221 4858
3384 4685
2301 4990
4249 4710
2887 3920
3276 3889
2912 3931
3623 4454
3601 4428
1583 4964
1554 4990
3219 3941
1538 4983
2607 4849
4536 4914
1005 3994
478 4138
1975 2041
4693 4942
593 1862
763 4033
2647 4287
1883 4750
803 4766
3807 4259
1670 4979
2622 4218
3099 4033
1529 4681
997 4542
2220 2773
85 4308
4144 4776
1685 4400
485 4859
2657 4138
642 4635
3394 4356
4782 4983
2176 4349
3217 3915
2233 4973
987 3825
934 4568
2432 3732
476 4829
1893 4518
69 2934
3872 4579
2785 2987
3404 4705
476 4579
2772 2822
2282 4887
501 3028
1569 4259
2202 2903
71 3282
4083 4907
980 3349
2402 4568
3342 4706
4750 4951
1251 3587
2053 2822
426 1271
2695 4028
439 4979
426 4670
3180 4644
499 2465
2987 4644
241 3394
959 4970
1516 4693
1434 4675
3531 4028
2903 3785
2279 4979
493 3133
4053 4108
180 2769
2923 3440
4241 4435
3054 4670
3889 3915
2397 4522
4356 4644
4392 4944
2337 3587
1037 3097
3126 3308
2164 3198
807 4831
1538 4782
4432 4683
2580 3139
1154 3794
1049 3636
4249 4532
4218 4454
1223 3176
1343 4831
4242 4951
4432 4457
2432 4654
2594 4269
2380 4982
1649 3017
765 4308
715 3555
2396 3784
1172 3591
3654 4601
4048 4053
1956 4532
954 3404
3054 4534
270 4683
1597 3783
4276 4706
2243 4907
2613 4605
600 1879
3926 4859
2611 4494
4351 4635
930 4431
3916 4385
2821 4984
1016 1721
1716 2607
506 1658
1996 4979
2417 4053
2149 4955
2587 3008
759 4407
741 3864
3779 4048
4287 4693
1054 4518
4534 4983
1671 3276
4457 4887
2222 4410
2647 3311
1271 4542
3876 4508
2803 4453
3041 4965
3965 4716
2337 3849
3661 4979
3365 4929
2352 2354
927 4586
1085 3590
4088 4414
3455 4922
2764 4142
3417 4985
997 1597
85 4859
3099 4601
1548 2342
951 4553
3088 4693
648 2342
4207 4453
4225 4683
1068 4706
3784 4269
2332 4202
1740 4985
2804 3591
3207 3813
353 4670
800 4828
1481 4859
2710 3126
3965 4564
3712 4536
1973 4990
1956 4716
4249 4852
1780 3663
317 4508
1425 4681
1745 4241
1796 4750
1980 2542
3180 4144
3950 4788
2594 3099
3583 3941
1256 4186
2300 4351
3207 3437
2607 4705
3586 4426
2040 3894
1008 4083
4392 4678
506 600
724 2583
1223 4859
1428 4833
978 4681
1822 4675
2397 4984
2126 4569
9 4522
3064 4984
1619 2580
3794 4907
431 1826
2241 3920
3460 4400
241 4569
246 4831
258 4990
1256 3123
2053 3674
2785 3453
834 4349
971 3784
2794 4696
1431 2061
2255 4187
3706 4457
3099 4685
1926 4131
4654 4973
1569 4454
1132 4439
3258 4326
3314 4670
3779 4696
1810 1932
3706 4683
147 4823
2300 2726
2202 2853
784 4276
4681 4922
3849 4010
4823 4852
3404 3647
832 4202
3311 3655
3595 3623
1893 4955
1673 4623
2332 4131
2353 4831
3314 4486
3437 4428
436 4852
254 4951
1237 4778
2220 2603
2655 4512
1460 2243
3623 4218
807 1996
493 2630
1049 4109
961 4512
3531 4678
1976 2192
2657 4518
2655 4823
2822 4973
3556 3894
3813 4970
1266 4431
3043 4683
1575 4586
3054 4782
3993 4308
3712 4955
2072 4069
2726 4623
3813 4829
1597 3217
2420 3819
1667 3623
3661 4831
3593 4715
729 4916
4605 4914
4579 4916
1197 4731
3075 3794
3582 4990
3531 4344
2785 4719
1085 4407
2353 4859
4683 4969
3916 4563
1796 4951
640 4522
927 3829
426 4514
276 3993
3965 4512
2354 4553
1922 3783
2861 3663
2262 4828
2465 4542
1651 4414
3601 4454
223 4420
1606 4705
981 4259
2040 4801
3394 4719
3455 4833
2168 3522
2501 4955
3064 4180
1555 3647
2233 4486
481 4457
1975 4635
1913 2300
3342 3655
2397 3713
2538 4969
620 4623
628 4693
2300 4623
954 3582
3627 3853
1201 3400
536 978
73 3266
3258 3455
3629 4852
1980 4518
1402 4801
800 4718
2653 4532
1543 4142
374 764
2053 4833
2987 4719
3050 4514
1826 3440
2892 4973
2176 4088
1740 3942
3277 4914
3583 3590
4586 4965
2991 4914
4494 4852
4053 4276
4110 4563
1957 4973
4522 4984
2611 4852
1076 4955
2639 2861
4326 4828
1076 3518
4514 4983
2647 3427
3096 4536
124 4929
2233 4514
2415 4563
4453 4823
1791 2058
866 3785
879 2420
220 2726
2752 4859
1096 2221
989 2710
2832 3571
3864 4298
3114 4585
1960 4985
3460 4349
818 3397
3992 4782
2639 3463
4579 4829
3400 4964
2753 4942
3612 3849
959 4109
2120 4705
4426 4839
2934 3258
940 4336
3384 4715
4249 4823
338 4942
2262 4922
3050 4486
1685 4414
2542 3610
3732 4782
3655 4053
1996 3975
3975 4522
3518 4722
3394 4644
3325 4833
553 4858
866 4435
1493 2581
2827 3299
1994 4457
3464 4696
1051 2772
3601 4970
3277 4220
3227 4907
1862 4718
654 4766
4048 4276
1671 4089
4220 4750
1973 4849
1428 4922
4601 4965
2756 4644
3509 4829
3935 4431
4033 4563
2804 3785
2437 4951
2611 4532
3623 4887
1575 4675
1870 4101
2106 4705
2738 3453
989 3587
2693 4407
1048 1054
1403 4922
3453 4839
2315 4420
1410 2272
510 3864
1476 4069
206 3064
4710 4852
1980 2336
50 904
96 4766
1934 3133
1915 3293
1671 4538
1493 4131
2590 3889
2568 4731
3854 4983
4718 4828
69 4326
1016 3853
2222 4495
175 4494
1813 3027
1397 4718
387 4131
2773 3676
1965 3920
1871 4801
352 4831
1400 2773
1671 1922
1189 4990
2607 4990
3397 4428
1673 4351
676 4965
3460 3889
3992 4983
368 2739
1068 3993
1084 2415
3088 4858
2279 3041
1096 3632
2831 4859
2176 4731
778 4683
528 4970
989 3849
3556 4731
3394 4426
1744 2892
1740 4601
1583 4914
3349 3627
1554 4776
1606 4849
1425 3552
792 2255
2434 4568
3518 4964
1201 4914
853 2926
4225 4579
3258 4110
539 987
2282 4683
1069 2926
676 4180
352 4859
2651 3636
16 4887
60 1064
3707 3920
1569 4969
979 4970
4605 4964
1898 4970
3047 4088
628 3786
1898 3397
1870 4400
1501 4435
3894 4101
2796 4351
3965 4336
3329 3555
1404 4849
4207 4564
1251 4010
3819 4951
4585 4849
1132 3211
2704 3855
2120 4678
3721 4326
927 4831
3465 3916
3301 4969
2831 4831
3647 4849
2544 4512
3647 4678
235 4849
792 4187
1682 3697
338 4858
510 3920
2072 4929
3465 4568
2794 4706
1015 4421
4356 4719
4218 4969
1359 4801
298 4110
1493 4202
1751 2607
2544 4716
2630 2887
3864 3933
4241 4778
3586 4569
3993 4156
2936 4156
2804 2844
2255 2617
3706 4887
4778 4859
1354 3413
371 4400
1871 4349
3998 4144
2653 4710
3629 4823
1523 4829
3966 4823
3992 4069
2756 4839
1516 4942
3531 4990
73 4681
1973 4944
2655 4716
1490 4914
1710 3499
553 4942
682 4970
1751 4470
1957 4654
530 3198
1646 2651
1473 3027
1745 2831
4326 4718
3397 4260
4400 4731
4766 4970
3591 3632
2222 4579
1864 3590
3784 4685
2310 3806
2041 4623
4778 4831
3593 4685
3707 3864
3463 4204
431 2243
3894 4400
3582 4849
1603 4654
2353 2831
3509 4410
2622 4776
778 4225
904 3463
2221 3785
2831 4435
4101 4349
1973 4705
2168 3632
879 4028
1375 3931
970 3915
4144 4457
3413 4327
2887 3319
3732 4973
2704 4326
803 4970
3349 4715
478 3027
2053 4681
484 4028
1054 4271
1667 4887
3479 4969
3413 4522
3180 4218
3950 4722
3211 4033
4788 4964
1375 4356
2613 4964
1943 4454
980 1188
3909 4349
2783 3258
4344 4420
2926 3259
3400 4242
4110 4693
3732 4069
3836 4788
3088 4942
1780 3075
914 4706
4327 4984
3044 3107
888 4542
4670 4782
4078 4922
4336 4564
1785 4202
267 3594
1965 2630
3518 4220
1096 1885
1569 2622
2821 4965
3594 3623
1135 1813
316 3299
2221 3313
2587 3531
2493 4421
3556 3909
1651 3460
4585 4944
3530 3531
4833 4922
4410 4829
2308 2417
1957 4983
2273 3329
1360 4144
1554 4683
2273 3555
2674 4982
553 4563
295 3706
2233 4454
1667 4218
2069 4750
2750 4522
987 2948
936 4242
2608 4431
1241 3144
1992 4400
4048 4108
2626 3440
142 3920
3654 4715
2451 3075
3889 4538
3175 4829
3627 3629
832 4833
3437 4225
1680 3595
792 3144
4260 4970
4683 4887
1221 4693
191 4435
1516 4858
765 4778
1523 4495
3610 4518
4 4033
2971 3661
3180 3301
1015 3640
1473 3576
1578 4414
759 1247
934 4385
1740 3654
3706 4432
1161 4428
2243 4204
654 4420
1685 4828
2821 3661
4400 4801
298 4385
2422 2608
3942 4601
2420 4421
961 4852
802 4656
1221 4563
2290 3721
2804 3123
1460 3472
3114 4420
3519 4400
3175 4579
2653 4852
2472 3935
2785 4644
2675 4984
612 4982
3783 3785
436 4716
4731 4801
600 1810
2864 4643
4156 4719
3299 4508
3819 4914
292 4782
1197 4101
1957 2574
997 4538
2861 4083
2568 4101
2827 3784
3812 4644
1909 3266
2447 4623
99 4407
2437 2674
1976 4538
2715 4965
1516 3786
741 3933
3582 4184
536 4955
2149 4722
1554 4849
2761 2903
1397 1758
2656 4287
1478 4349
2622 3043
4965 4984
2241 2781
2315 3582
680 3636
2752 4778
3625 4083
1758 4326
1010 2422
940 4716
4964 4982
1747 4685
689 3812
4536 4605
4579 4970
4750 4955
3636 4015
4069 4514
4420 4585
2888 4951
970 4089
2962 3453
495 4327
4204 4907
866 2853
495 4180
267 4858
2430 3251
1751 4678
464 2903
940 4453
834 4269
4101 4801
1606 4585
2544 4823
1917 4109
710 4410
1153 4801
971 3654
2587 3114
2501 4964
914 4108
4766 4916
818 3813
2738 4356
2750 4979
147 4852
3064 4522
1555 4457
3786 4568
3030 4327
2834 4914
362 4914
3593 4601
3909 4400
1548 3794
4486 4534
3909 4801
3518 4242
3133 3920
3395 4453
866 2761
254 4982
2417 3311
2432 4486
2587 3530
2769 3555
4951 4955
1403 4681
2422 4421
4494 4716
1883 3712
3416 3975
536 4964
1755 4766
971 3571
2783 2822
1271 4538
1814 4643
324 2853
2936 4241
1476 4654
970 1199
2772 4718
3530 4849
979 4829
4410 4579
1956 4564
1885 4186
4207 4336
499 4538
4138 4536
2574 4983
1960 4685
3572 3576
223 4944
530 4681
147 4532
3950 4220
71 4088
677 3384
1832 2781
1883 4242
4563 4675
2674 4823
2352 4514
2262 4718
4028 4431
3499 4635
3207 4970
3586 4644
1201 4722
3114 4990
3993 4241
4656 4681
2693 3697
276 4778
481 4776
4612 4696
3814 3909
2611 4710
2613 4955
1421 4142
3311 4276
3629 4207
4428 4643
3595 4144
1976 3217
3595 4225
3836 4750
2626 4623
3676 3935
4339 4454
2710 3643
3301 4454
3175 3601
2067 3732
4336 4494
3836 4914
358 3591
4 3825
431 3794
3453 4719
1996 3661
121 3942
3282 4681
3397 4829
431 1548
2846 3329
2594 3417
3107 3472
1125 3319
3636 4109
3993 4435
4410 4643
3721 4828
3282 3293
1710 4623
724 4431
4241 4859
3308 3849
4494 4823
1796 4605
3096 3857
3277 3950
2756 3931
3311 4586
4486 4973
1555 3595
3855 4833
3915 4538
745 4715
961 4823
2912 4839
1005 1991
1991 4010
3941 4131
1569 4887
3144 4187
3099 3349
2653 4823
4426 4644
1879 2769
4053 4706
3625 4907
2434 4858
254 4955
4349 4414
1555 4705
241 4426
3349 4033
316 3144
2120 4990
3107 4964
2225 2626
2315 3008
3647 4990
431 3227
1992 4801
3161 3992
2888 3836
3697 4407
2434 3088
2116 4942
1996 2750
1201 4964
4685 4715
3814 4349
3784 4715
1603 4929
2061 4849
3594 4385
3857 4722
4242 4722
220 4351
3966 4512
1744 4983
1893 3950
2587 4849
954 4420
2832 4685
376 4681
3427 4108
2397 3965
2783 3721
987 1132
1538 3732
3712 3819
1359 4101
3807 4326
1256 3522
376 4078
4568 4675
1755 4260
1932 2846
3872 4887
437 4142
206 4965
88 4965
4782 4929
4564 4710
1127 4508
3308 3612
4534 4654
2544 4852
2971 3713
976 4508
1538 4973
2912 3586
3044 4907
832 3855
3265 4719
220 620
438 3807
3460 4801
3041 4984
1161 4225
1822 4942
1538 4670
779 1934
3654 4269
2434 3465
1569 2482
2710 3612
779 3920
809 4522
1646 4015
1780 3472
3453 4569
2693 4202
1991 2587
3950 4242
3043 4218
3509 4916
2656 4858
792 1084
1360 4675
3836 4220
4414 4514
499 4089
2417 4612
2106 4585
937 4656
4514 4670
1862 3807
640 4965
3153 3889
2630 3319
2061 4776
2447 2796
2355 4964
784 3311
4339 4457
2397 4979
1264 3806
1716 4990
764 4706
715 1658
927 4984
3463 4907
2934 4833
3857 4964
1125 3920
109 3812
2785 3931
2821 4327
3814 4801
1721 3853
2116 3916
439 4965
2630 3933
2934 3855
267 4675
2069 4964
3663 3794
3479 4339
3975 4979
1460 3663
612 4788
374 4276
3515 4916
2817 3024
4184 4858
3586 4839
1070 1976
2447 3499
2581 4109
2233 4983
1871 3643
1934 2887
2501 4750
3325 4718
3251 4983
4788 4914
338 4385
4336 4710
4287 4942
4512 4716
2116 4858
4298 4654
180 506
1247 4010
3519 4801
1871 3308
4486 4782
1885 3591
3915 4089
3404 4131
1883 2991
3314 3992
1256 3785
3594 4942
1557 3783
4955 4982
3836 4951
4276 4778
3455 3926
3587 3849
879 4431
3413 4979
677 4685
3690 4623
1421 4990
2353 4109
2657 3576
3277 4965
3293 3855
1404 4344
3807 4929
3721 4718
2308 4612
1425 3806
3161 4486
1529 4922
4831 4984
2888 3950
3916 4942
4534 4973
1037 1646
3713 4965
703 4407
282 4138
3136 4823
1543 3849
2581 2739
3136 3894
3282 3552
1760 2580
3314 4782
2337 4142
2822 4514
4271 4457
1960 4601
1015 1419
3807 3855
832 3697
1068 2385
3819 4242
2834 3819
3416 4831
2482 4457
1813 4518
698 4716
1747 4715
3909 4414
335 3576
2164 3806
3464 4276
1750 4829
2587 4705
2651 3097
223 4990
298 4675
2549 2739
961 4453
3515 4766
2434 4942
1132 4929
3440 4351
2656 4942
3812 4719
4454 4887
3096 4982
2772 3855
1856 4635
3571 3593
4683 4776
2282 4339
1343 4308
3047 4349
818 4970
4298 4514
2451 4083
3123 4186
1393 4983
2764 3612
2062 3894
560 3627
3047 4400
2834 4722
3965 4710
3965 4823
3417 3593
2282 4969
1085 3697
1965 2241
370 3463
376 3552
600 3028
3365 4670
1870 3556
1478 3518
3643 4010
3916 4287
3916 4110
765 4564
1069 3876
1456 4078
3479 3998
1826 3499
158 4508
1523 4579
3993 4778
1010 4421
1583 4766
2931 4512
2654 4788
3043 4776
976 4187
989 3994
1606 4678
1575 4568
3674 3721
4514 4782
2834 4788
3779 4706
4522 4965
4184 4187
1490 4750
682 3515
4431 4542
3265 4859
2832 3259
2796 4635
3732 3992
810 3853
2832 3417
3629 4512
1501 4241
3732 4514
2332 4407
1054 2582
1898 4829
1425 2862
1934 3933
2647 4276
1879 3555
3590 4407
4156 4859
866 2844
1271 3007
3123 3591
2067 4069
1070 3625
3460 4414
4532 4564
3663 4083
3655 4048
4101 4731
1053 4965
1370 3308
1404 4420
3047 4101
4654 4983
2220 4431
3992 4486
2582 4782
4326 4706
2611 4823
1871 4731
3136 4731
3054 4069
3894 4731
175 4710
2176 4400
3552 3806
3314 4973
175 4823
1282 3464
3404 4990
3153 4538
2272 2493
2934 3807
3836 4722
2402 4563
1883 4722
2381 3654
3909 4731
495 4979
4276 4612
3530 4585
3992 4670
1228 3047
4568 4858
3661 4187
99 3583
2472 3676
3872 4766
3674 4326
2726 3440
3935 4028
4916 4970
3413 4180
4144 4683
3277 4964
3180 4432
1864 4202
3732 4670
3017 3097
2674 4716
4718 4833
4225 4457
1569 3998
75 3942
3207 4579
147 4710
206 3975
1673 3440
4605 4955
2820 3282
3418 4553
1747 2381
1932 1949
2041 3205
2674 4453
2279 4586
2888 4982
3465 3786
3872 4683
4053 4612
3043 4339
778 2647
1791 3427
2176 4801
2912 4426
3572 4518
2067 4973
2783 4718
1675 3311
2582 4138
1359 4731
4564 4823
2781 3319
1223 1237
2501 4788
3889 4089
1885 2853
2168 2804
978 4922
4514 4973
3050 4654
4069 4929
536 4788
1400 2695
3629 4249
1208 4635
2120 3404
3509 4188
1643 3299
324 4186
1010 2493
1264 4656
914 3427
386 1404
292 4929
352 4156
788 4833
3889 4542
1237 4859
1680 3998
4643 4829
2221 2853
3277 4955
642 4623
2549 4109
2574 4534
800 3926
2279 3413
3311 4706
4188 4410
1224 4965
3211 3853
2533 2603
3397 4188
2282 4776
2912 4719
1188 3825
2971 4979
273 3994
980 3099
316 2827
1397 3926
3965 3966
3154 4782
2415 4287
3440 4623
280 3308
3966 4207
1103 2465
3054 4486
4696 4706
4225 4776
2451 3107
3623 4969
2888 4750
3654 3942
2451 3472
96 4428
4568 4750
1224 4327
371 1578
3854 4534
4585 4705
2715 4522
3647 4705
2603 3697
1370 2710
1243 4432
1976 4542
3829 4180
1909 3552
979 4495
2781 3920
3712 4982
3384 3784
1529 3198
1084 3144
4828 4833
1898 3872
1481 4435
2926 4269
4249 4512
3854 4654
1241 4508
2332 3219
693 4985
3590 4308
2420 4028
1154 4204
951 4859
3064 4831
3050 3854
3219 4131
3054 4514
3395 4207
2243 3075
376 4656
510 3319
3966 4453
2243 3472
3027 3572
2430 4053
3966 4852
1171 4495
1856 3205
123 4276
748 4801
1103 4089
970 3783
4678 4990
3509 4970
3829 4965
2308 4053
1434 4568
4454 4969
2222 4970
3308 3643
9 4965
235 3114
2654 3712
1434 4858
1068 2936
3674 3807
3942 4985
1068 2831
3416 4965
295 3998
4532 4710
4259 4326
1578 3909
1241 3876
4220 4955
951 4831
50 3663
2315 3324
2580 4508
3594 4110
1354 4586
1597 4542
2738 2962
4716 4852
1243 4271
1751 3531
1403 3266
356 4244
2750 3064
3515 4643
436 4823
1051 4718
1070 4542
1751 4849
4220 4605
724 3935
1682 3941
493 3319
485 4778
1490 4964
3299 3876
191 3265
1456 4922
1814 4970
2472 3024
3515 4188
1135 3576
2827 3139
1965 3707
3518 3836
1870 4801
3706 4776
1864 3941
2310 4078
1416 3299
3515 4410
2583 3935
1680 4887
3582 4470
3205 4623
654 4495
4349 4731
374 4696
1251 3126
745 1897
3601 4916
1343 4859
2116 4675
3849 3994
1370 3643
2574 4782
324 3785
680 4109
4750 4964
499 4542
980 3627
2568 4400
1404 4990
1658 3453
1008 2290
2582 3572
309 4564
96 4495
2962 4839
1965 2887
1519 2962
423 1557
1516 3916
4564 4852
258 3008
2582 4518
640 4984
1670 4586
2397 4586
3088 4385
1223 4156
2675 3413
3041 4287
3324 4990
1909 3806
2892 3314
2991 4750
3593 4985
1915 3926
2617 4508
3365 4973
2639 3144
4656 4922
1084 4187
324 1172
2834 4982
4929 4983
16 4969
81 3190
2831 4308
927 4965
3556 4400
3044 4204
2061 4969
1125 3933
2430 4696
1673 4635
3531 3582
842 4564
2630 3920
2301 4678
506 1897
2655 4532
2353 2354
2844 3632
220 3690
2071 4553
2255 4508
974 4410
2243 4083
1005 2764
1755 4495
109 1519
1228 4101
2451 3663
2143 4568
2465 3783
73 4078
2715 4984
1069 4601
4410 4766
472 4428
1822 4184
593 2053
1008 3625
3518 4951
4914 4964
4287 4858
4766 4829
4349 4801
2594 4685
4110 4385
2726 4635
3915 4542
888 3153
1555 4432
4453 4852
4110 4675
2783 3293
553 4287
1425 3054
1879 2846
1064 2657
2533 3219
4470 4990
386 4432
3365 4421
439 3612
2380 4536
4138 4220
2126 3931
1103 3915
2482 4887
3812 4839
3836 3857
2225 4351
1208 2923
2603 3676
4585 4990
2654 4722
2040 4414
3308 4142
4188 4829
3349 4439
4831 4965
1870 4731
1393 3992
1264 3552
1460 4083
3509 3601
4188 4428
4249 4336
1161 4495
4188 4579
2590 3915
809 4965
50 3227
3509 4260
1975 4623
142 2241
803 1161
3114 4470
1397 4922
2336 2542
978 1264
3612 3643
3587 3643
1199 3889
73 2862
1785 3697
2752 4053
2903 3123
2594 3942
3314 4514
3836 4982
2853 3123
2582 3027
4453 4494
3594 4675
2538 3595
2385 2752
2342 3107
676 3030
1751 4705
3050 4534
703 3583
3829 4984
2301 4944
2892 4929
4308 4719
3786 4675
415 4644
2822 4929
2432 3992
1189 4470
2149 4644
1434 4942
2607 4470
888 3388
528 4766
807 4965
1646 2581
1016 4033
1606 2607
2434 4563
476 4766
2817 4421
3311 4108
1237 4308
2653 4985
2355 4138
951 4435
2608 4421
386 4457
1832 3319
3465 3594
3139 4508
3227 3460
4144 4218
3265 3993
1870 3205
1750 4719
3064 4965
3384 4985
2062 4801
3404 4420
1172 3313
83 2987
2934 3926
2888 4722
3198 3806
3008 4470
3324 4420
2282 4144
1699 2794
1864 2603
2769 2846
4249 4716
959 1037
1994 3706
2590 3783
3993 4553
987 4033
1885 2804
3829 3975
3030 3829
2533 4131
2912 4244
3872 4339
4457 4969
4410 4970
2764 3587
2772 4922
2116 4979
3044 3663
1201 4951
2796 3440
2756 3586
1960 3384
4 2948
2126 4356
930 2773
2381 4601
1343 4719
124 4782
2143 4675
3519 4414
3418 4495
2336 2582
2061 4887
3293 4973
353 4983
954 3324
2962 4356
2611 4512
2354 4308
4643 4970
3455 3855
1375 3586
3176 4241
2402 4110
2222 4829
2332 3941
2756 3453
501 1826
2675 2715
2888 4605
2202 3313
2221 3123
1965 3582
4287 4385
2533 3941
1913 4635
3437 4916
2058 3427
2674 4852
3008 3324
2202 4186
834 3784
2888 4138
247 4681
1419 2493
4392 4990
1236 4914
689 4644
1755 4829
3713 3829
2273 4400
1161 4579
593 4833
2168 4186
4188 4495
3153 3857
2756 4426
1893 4750
2756 4569
3530 4944
1606 3324
3531 4585
2834 4955
4180 4979
980 2948
3460 3909
3965 4207
2831 4553
1745 4859
3008 4705
1751 4990
981 4833
3825 4439
298 4858
1493 3590
1646 3636
3587 3994
2058 3779
2202 3123
765 4859
100 4942
2061 4432
1557 4542
1671 2590
3583 3697
147 1913
2279 4965
1575 4287
911 4942
1758 4718
2831 3993
1667 4683
1010 3024
2176 3556
3950 4951
2820 4681
1543 3994
2301 3114
3050 4696
1667 4457
2402 4942
175 4852
1975 2225
4110 4990
3024 4028
3595 3706
3413 4831
1639 3721
2041 4351
370 3044
1934 3864
3663 4907
317 2415
2310 4656
476 484
930 4421
3655 4706
9 4180
2542 3576
3463 3794
501 1897
3783 4542
3404 3582
1554 1716
3571 4715
3418 4829
4849 4990
1917 2581
1996 4965
1926 4407
2072 4973
3590 3697
4308 4831
4494 4833
2310 3266
3975 4586
1410 4706
2058 4706
2862 3806
3319 3933
2434 4385
2580 2827
2432 4983
3572 3610
2533 2693
4069 4942
123 2058
1402 4400
3365 4983
560 3853
3175 4225
1375 4244
83 3394
4421 4431
3384 4269
4428 4970
386 4454
2590 4538
3324 3530
2675 4965
3028 3329
530 4656
2654 4220
1960 3654
1810 3329
3395 4564
2611 4453
2192 4538
368 4015
1960 2926
2501 3583
356 2962
3394 4569
464 3123
1791 4053
464 3522
4110 4568
2704 4833
4788 4955
100 3916
2611 4716
4110 4858
2315 3531
2796 2923
3175 4410
368 2581
1085 4131
3258 4718
628 4385
3783 3889
3627 3825
1670 4831
3825 3853
4705 4990
1393 3365
3519 4349
1434 4385
2336 3027
4260 4612
3965 4494
1583 3661
464 3313
1069 3417
1832 1909
3299 3966
223 4470
3697 4131
4569 4719
3464 3876
3706 3998
4327 4522
3872 4495
2069 4220
2803 4564
930 2695
4220 4914
9 3713
3153 4542
516 4407
763 3627
742 4204
914 1643
3966 4494
2385 4859
2069 3712
1649 1917
2192 2465
4336 4512
2710 4010
1675 3464
1744 4670
1913 3205
2783 4833
4260 4495
371 4801
2353 4241
560 4439
1862 3721
729 4260
1266 4421
1926 4202
2300 2447
539 2948
834 4601
3610 4138
123 4706
2581 3097
1236 4951
2590 4833
3713 4984
1354 4979
2580 4187
280 3994
1153 3047
2355 4914
1473 4271
2613 4287
4605 4951
810 4033
75 4685
2164 4656
2415 3136
980 3388
2168 2422
1744 4973
3043 4454
1460 3044
3479 4432
3966 4710
800 4922
2655 4494
3595 4969
4563 4942
3706 4339
971 4685
4564 4716
724 3640
2538 4339
1943 4969
368 1037
3522 3632
191 4859
800 4326
2432 4138
2626 2796
1199 3276
247 4656
879 2583
2693 3590
911 4675
4914 4955
1005 4010
235 4470
1064 4271
1943 4339
4532 4852
4829 4970
528 4188
3460 4088
180 1810
2761 3785
443 4109
484 3024
3176 4859
2067 4670
2923 4351
3259 4985
1085 1493
4453 4512
96 4260
85 4435
4241 4308
1228 4414
3277 4951
2912 4569
974 4428
3342 4108
3096 4951
60 3552
807 4180
2149 4964
4110 4287
2991 4951
1084 1710
1208 4351
4069 4670
4356 4839
4015 4109
436 4249
4858 4942
2355 4782
2120 4585
654 4428
3625 4204
4512 4823
3277 4605
2936 3265
2176 2568
3175 4260
3676 4431
4242 4788
3266 4681
2053 4326
936 4982
2106 2301
2126 4644
2430 3779
4069 4534
1068 4778
1543 3126
3460 4101
1431 4969
4225 4829
2931 4852
3931 4244
1862 4326
2962 4644
1976 2465
3515 4829
698 4564
2772 3293
3522 3785
3136 4532
2647 4053
2422 2472
3054 4654
4244 4644
3136 4801
99 4202
4048 4706
368 3190
1885 2202
1755 4970
3591 3785
2761 3632
2892 4534
273 989
1885 4202
3509 4643
3027 3576
353 2149
1934 2241
2991 4536
2116 4563
2654 4951
4849 4944
1516 4568
1909 4656
648 3075
1575 4110
3721 4833
2053 2262
1064 3610
1076 4982
1740 4269
1125 2887
2432 4973
3518 4982
88 4586
1957 4069
3460 4731
911 2962
2282 3479
3075 3472
951 4778
4453 4710
4220 4951
802 4078
1407 3509
295 4887
1189 4678
1501 4308
4088 4731
4327 4979
1932 2769
3992 4929
2430 4612
1407 4766
1597 4538
1048 3572
1893 4964
3313 3785
3400 4951
124 4534
3043 4457
3088 4852
3713 4327
2962 4426
3594 3786
1975 3499
353 4654
4351 4623
3647 4470
3099 4260
2887 3133
980 3825
2279 4180
2803 4710
3397 4766
3697 3836
3479 4887
246 4156
3308 4010
710 4495
1583 4951
2738 3931
4654 4929
2931 4249
1416 4508
4088 4349
2337 3643
1606 4990
4207 4710
2647 4612
4207 4823
810 3825
175 4532
1402 4414
3427 4612
1223 3136
4495 4579
1172 3785
3404 3819
4225 4916
2821 4586
1538 4298
3590 4131
4138 4750
2622 4969
612 4955
1400 1419
282 3572
4705 4944
2067 4782
1643 4187
81 2651
764 4048
4644 4719
1460 4907
3207 4766
2761 4186
2987 3812
698 4512
3342 4109
971 4601
2583 2695
3640 3676
3479 4776
748 3909
2116 4184
2544 4710
180 600
4685 4985
1421 4420
3050 4973
3054 4973
2613 4914
2739 3636
16 4144
121 4269
1915 4259
3064 4586
3855 4922
818 4428
802 4681
4432 4766
83 3586
3404 4944
1407 4579
1871 4400
4410 4495
3453 4244
834 4715
4722 4964
2106 4990
1856 4351
2417 4108
1639 4828
3043 4432
3180 4887
495 4965
1360 4969
2472 4421
1980 3027
1049 2739
2769 3329
276 4156
974 4495
3931 4356
235 4678
2611 4336
3786 3916
2332 3590
3661 3829
2272 4431
1201 4788
4420 4944
1973 4585
2785 4426
4326 4922
2626 2773
2220 4421
3030 3975
3050 4929
2675 4180
4269 4715
4512 4852
3594 4563
3207 3397
1603 4973
3857 4605
4242 4964
689 4244
452 3349
677 2396
3325 4922
1266 3640
3007 4538
1223 3993
3180 3998
940 4852
1603 3732
1721 4033
423 3915
1256 3632
2381 4685
472 4643
2434 4675
539 3825
3993 4859
3732 4983
2607 4585
3153 3783
1069 4569
1290 4486
4241 4831
296 1426
4435 4778
1188 4033
276 4859
3712 4951
4486 4929
810 3610
4138 4951
2750 4984
1814 4495
3211 4439
147 4716
246 1223
4432 4454
4693 4858
3909 4101
1402 4349
795 4470
1960 4269
2482 4339
478 2542
1832 3133
3998 4225
3819 4964
4512 4532
1796 4955
1359 3894
3479 4144
3965 4532
1643 4508
3556 4088
1054 3610
3075 4204
2106 3324
2936 4719
3265 4308
3259 4601
4089 4538
3601 4579
3276 3783
3950 4982
2493 3676
1965 3864
335 2657
16 4339
2290 4907
2583 3640
934 4942
2300 3205
3785 4186
2803 4494
3706 4969
3161 4929
75 4715
703 3941
3661 4522
2342 3463
1481 3993
2192 3783
1084 3864
2062 3519
1898 4260
2794 4048
356 4356
2657 4271
1575 3786
1557 3915
2222 4916
971 4715
3855 4259
4951 4982
3931 4569
1619 3139
1871 3849
760 4681
937 4681
1501 4612
2396 4601
4225 4410
1242 4512
3576 3610
3872 4454
1699 3655
69 4259
2420 4431
1397 4828
3965 4852
3251 4782
1519 4644
1523 4970
4225 4887
3175 3515
1354 3416
335 4644
2272 2472
3595 4454
3465 4858
2574 4670
4259 4833
3654 4685
3453 4356
1956 4823
1813 4138
930 3640
4336 4453
748 3814
936 4788
423 4542
2710 4142
3276 3915
742 3227
9 4979
3325 3674
1699 4276
282 4271
2844 2853
3455 4828
553 4693
2482 3706
2501 4982
4392 4849
1428 3812
1473 4518
2220 4028
4244 4356
2804 4186
2071 4831
2385 4156
3088 4287
2574 3314
987 3211
2834 4951
654 4970
940 4710
362 4951
2415 4942
1266 2420
1070 3472
809 4586
759 1926
3154 4929
495 4984
3418 4225
4242 4536
4207 4512
3909 4088
914 3655
2222 4643
3661 4180
3365 4514
1400 3935
2538 4457
930 3676
3190 4088
1913 4351
2402 4287
3571 3942
4420 4849
842 4823
3126 3587
1557 4538
1639 3258
2396 3571
1434 4693
3950 4750
1992 4731
3464 3779
3853 4439
3293 3674
2225 4623
2647 4706
3950 4955
278 3785
2603 4431
2675 3713
913 1810
4532 4716
4088 4400
1393 4670
438 4718
2116 4693
1926 3941
1015 2608
2355 3836
2380 4964
2817 4028
1188 3349
3713 4522
3779 4108
258 4420
1208 1673
2420 2583
3258 3807
3400 4776
3661 4327
1523 4766
3114 3582
2568 4585
3794 4083
1992 3047
2255 4514
2738 3812
3030 4965
2887 3933
853 2381
1922 3915
1403 4656
3126 3849
501 4351
677 4269
1228 4088
1266 2695
3050 4983
2923 4623
4244 4719
4534 4929
1236 4982
1991 2337
979 4410
3258 4259
4426 4569
2822 4486
3661 4965
1188 3627
710 1171
3591 4186
4929 4973
2272 4083
516 3583
3629 4532
3176 4719
1197 4801
4108 4276
2590 4542
1682 3583
3144 4508
1917 4015
1994 4969
158 4187
802 3282
3088 4675
276 1481
2380 4605
2926 3593
3530 4392
1994 4683
3365 3854
280 4142
484 2583
1370 4356
4944 4985
3872 4829
2143 4287
3522 4186
3028 3555
1740 4685
2192 4542
1048 4271
75 2832
2821 4831
69 4718
3994 4010
4420 4990
1555 4990
3994 4142
2657 3610
2936 4859
2062 4088
3829 4586
1680 4683
3640 4028
1084 4508
132 4108
2903 4186
4715 4970
1680 4969
3314 4929
4457 4776
1554 4420
2738 4644
2831 4156
4536 4750
1658 2769
764 4612
3088 3786
2290 3855
3499 4351
934 4693
3582 4944
2753 3594
3556 4414
1069 4715
1915 4833
1037 4109
2695 3640
4494 4564
241 3812
4670 4973
1943 3998
2611 4564
2931 4710
2710 3308
3395 4532
1960 2025
3556 4801
4220 4242
191 4553
1785 2693
3437 4766
2607 4420
2613 4722
778 4969
1360 4339
809 4979
4675 4858
3075 3227
937 3266
1171 3813
3265 4831
3097 3965
3519 4731
2041 4635
1649 3097
4180 4984
2262 3674
2587 4990
989 4142
763 3853
3050 3992
834 4685
560 3349
593 2934
3139 4187
2482 3479
2310 4681
2542 4518
3427 3464
3293 4718
2422 3676
1956 4852
4428 4579
1745 3176
959 3017
1172 2761
807 4522
132 4706
981 2290
4585 4678
779 3133
979 3813
3107 3625
3975 4831
1744 3314
1680 4454
4385 4568
4184 4942
1054 4138
911 4858
436 4269
1153 3779
3397 4970
2738 4569
338 4568
4336 4829
493 3920
3814 4414
3207 4260
2337 3612
510 2241
4269 4685
386 4776
2756 4356
2594 4715
4514 4929
3586 4356
832 4407
745 4685
3096 4605
948 2273
3395 4852
810 2062
832 1822
2803 4532
3175 3437
3400 4220
2781 2887
4722 4955
2538 4776
3849 4142
3464 4108
642 4351
2415 4675
3594 4858
2587 4585
2069 4914
3301 4887
936 3819
2655 4453
3227 4204
3008 4849
2352 3161
206 4979
99 1493
3786 4858
2308 3655
147 4336
2176 3993
4586 4979
2772 3975
2861 3794
676 3413
4432 4969
1943 4683
3472 3663
4 3349
4914 4951
853 4685
741 1832
3007 3153
1428 4828
3966 4249
3207 4428
109 4644
4220 4982
3440 4635
4298 4929
2143 4693
2397 4965
2143 4858
324 3632
3857 4982
1791 4276
3154 4983
353 4973
3400 4982
1523 1755
3133 3864
4716 4823
4260 4766
270 4432
2892 4654
3612 4010
3612 4142
3854 4514
501 4623
2025 3572
1745 3265
298 4942
3623 4144
528 4916
1639 3325
2803 4852
370 4204
1478 4801
3096 4955
510 3933
1161 4766
976 2936
1603 3365
4144 4969
180 948
60 3266
4538 4542
1673 2923
2764 4010
2613 4750
493 3864
1410 4053
2675 4586
4207 4852
4069 4973
3857 3950
1926 3219
3311 3779
904 4907
4180 4965
4428 4916
1410 3464
2402 4693
2864 4849
2934 4718
292 4973
4955 4964
2061 4339
4207 4494
2693 4131
3395 4249
2903 3313
1897 3555
1548 4083
3413 4965
3975 4965
3479 4218
3872 4969
4184 4693
970 997
3942 4715
1360 4776
3418 4766
4675 4942
1153 3814
2071 3993
241 2962
2342 3625
1419 3676
2355 4750
2072 3992
3251 4929
1037 3190
4269 4601
4512 4710
4083 4204
628 4942
4623 4635
3519 3909
2272 4028
1519 3931
2654 4605
1980 4271
71 4656
4750 4788
493 822
803 4428
1658 3028
1068 4859
803 4829
2827 3876
1282 4612
1290 4929
2061 3998
81 4109
2654 4955
2432 4534
3853 4033
717 4536
3676 4823
3096 4964
2772 3325
4534 4782
3515 4970
4156 4308
822 3933
2630 2639
4719 4859
109 4569
3161 4069
1393 4929
3854 4929
3713 4979
3161 4782
1242 4710
1171 4766
1501 4859
376 530
822 1965
1370 3994
1132 3853
3395 4710
3088 4110
1476 4670
2220 2422
3211 3627
3464 4706
1397 4833
1980 2025
2120 3530
2342 2861
3530 4990
1189 4849
2861 3044
3931 4839
485 4156
4435 4553
3455 3721
4605 4788
3593 4470
1064 3027
1048 3576
4486 4514
1991 3126
3400 4955
3643 3849
3314 4426
71 4922
1639 4833
612 4914
423 4089
2221 3522
2962 4569
3655 4696
99 3219
3418 4916
1949 2846
954 4990
317 4601
3499 3690
1975 2923
760 4656
83 4644
648 3107
1750 4495
539 3211
1814 4829
1796 4536
1393 4973
3786 4287
2420 3640
3786 4110
1885 2221
741 3707
3814 4101
1675 4612
2465 3276
1643 1760
4605 4982
1639 3674
2804 3522
3587 3612
3783 3915
1266 4670
142 3933
1785 4407
974 4970
3417 4715
4670 4983
3819 4788
759 1785
1460 1548
2544 4336
3388 3915
745 3555
1243 4144
2062 4731
180 3028
2991 4220
3571 4685
2753 4287
1699 4108
2354 4719
1153 4731
3123 3313
2715 4327
481 4969
3311 4612
3126 3994
2164 3552
2072 3854
1747 3417
2241 4766
648 1154
560 4033
4298 4782
3518 4914
4 4439
4486 4654
2493 3935
3024 3676
779 3864
3030 4522
506 2273
3008 4990
3819 4722
1893 4951
295 4776
371 4414
4033 4439
3519 4101
158 3144
3107 4083
1243 4990
2617 2827
2657 3027
4101 4414
3047 4731
3872 4970
961 4564
3277 4982
3479 3595
4563 4858
2149 4914
3180 4454
2936 4778
2832 3654
2991 4982
2647 4048
3265 4241
1710 4635
4563 4568
2971 4586
778 4887
2832 4601
2608 3640
1008 3794
3674 4718
1456 4681
1476 3365
2834 4750
528 4829
3397 3437
4069 4782
2501 3712
1421 3994
2262 3855
2794 4108
1188 4439
3813 4410
1965 3933
75 4985
1343 4778
1256 2168
4188 4260
1135 2336
1814 3397
1994 4218
3096 3400
3276 4538
1154 3075
2164 4681
2630 3707
1069 4685
936 4951
3825 4033
2301 4849
3314 4534
703 1864
1649 3636
2931 4823
3872 4776
3413 4984
1402 4731
4392 4470
2821 4979
1161 4970
3655 4612
2336 3472
2116 4568
1135 4271
1224 4586
1996 4984
4887 4969
788 4326
3632 3785
4287 4563
4244 4839
2058 3342
800 4431
1670 4522
1096 2761
3064 3713
2501 4951
2613 4982
2820 4656
2233 4218
2120 3531
2120 3418
818 4579
620 4635
3465 4693
3813 4225
1814 4188
1135 3610
4414 4801
3998 4218
3024 4431
431 3625
1883 4982
2493 3024
2168 3785
1619 4605
1898 4428
2352 4983
3293 4833
2067 4983
4339 4887
3395 4494
1932 2273
3030 4984
2106 4470
2821 3975
2656 3916
309 4249
2769 3028
1922 4089
4514 4654
3144 4015
2354 4778
4089 4542
3864 3920
3096 4750
1224 4979
123 4612
2738 4426
1076 4951
4244 4569
2608 3935
3998 4969
822 1934
270 481
4428 4829
4069 4983
296 4259
1403 4078
438 3674
3931 4644
1473 2336
316 4508
3007 3889
3594 4184
3813 4180
3455 3807
499 3007
1893 4914
822 1125
2549 3017
273 2764
2396 4685
1699 4706
1883 4788
2587 4678
3064 4973
4144 4432
3047 4801
2533 3590
832 4718
4512 4564
3515 4678
1862 3855
3655 3779
612 1673
3139 3299
3942 4685
3349 3853
3416 4586
437 4392
4833 4839
1583 4982
2753 4568
280 3612
3712 4964
3217 4538
3813 4643
2764 3643
3601 4188
2971 3975
3587 4142
4298 4670
2385 4308
476 3437
3552 4681
1251 4142
3676 4421
443 2581
2926 4601
1814 4410
2397 3829
2069 4788
1236 4536
362 4750
2451 4204
2542 4271
1583 4242
1404 4678
1375 4644
2934 4716
612 4964
1290 3854
4010 4142
3388 4089
358 3632
3258 4922
3582 3647
3400 4722
472 4970
2071 4435
423 4538
2846 3555
3126 3643
3099 3825
4218 4683
142 1934
1290 4922
4979 4984
1543 2710
3161 4534
3324 4678
2715 4979
4144 4887
362 4605
4470 4585
1832 3933
4048 4696
2651 4015
3219 3697
3950 4914
4218 4432
2695 2817
2290 3807
1282 3342
295 4969
4385 4693
2336 4271
81 1917
3176 4778
4722 4914
1639 4718
1780 4204
3916 4568
2301 4705
3571 4985
1710 3205
959 2651
3993 4719
2657 3572
3836 4536
1228 1359
1490 4982
3325 3721
2071 3176
2931 4453
2225 2796
2221 2804
2025 4518
1758 4833
273 3612
3190 4731
807 4984
83 4569
4225 4454
386 3180
961 4716
2656 4568
4457 4683
4242 4914
1917 3636
3047 3814
4138 4722
2862 4681
1476 4973
1199 3915
3643 3994
1221 4287
2437 4048
2622 3623
2639 3663
4339 4683
3266 4922
3819 4955
1898 4410
4339 4969
1403 1425
2803 4716
2544 4532
1583 4750
4678 4944
1651 3556
3259 3942
3301 4776
4776 4887
2785 4356
4180 4522
437 4420
4435 4719
682 4260
3857 4220
792 4508
1646 2739
1862 3455
729 4410
3265 4553
4207 4716
788 2764
2752 4435
4432 4776
3857 4536
1243 4776
220 2626
1094 1976
1760 3876
741 3133
3813 4260
784 2794
3601 4829
3593 3784
2164 2310
1671 3889
309 4710
1266 3935
439 4327
3713 4180
2753 3916
1745 4778
640 3416
1898 4495
2574 4929
2106 4678
937 2310
258 4678
1744 1957
3397 3601
1426 4718
764 4078
978 2164
88 4831
3806 4681
235 4990
1103 4542
3107 4907
2794 3342
4308 4859
954 4722
4188 4766
273 4916
3786 4942
3992 4534
3054 4983
2639 4204
1410 4048
4914 4982
1460 3107
3854 4782
2971 4831
280 4010
1008 4069
1603 4983
3251 4612
3632 4186
2796 4623
4532 4823
4225 4970
71 4681
803 3813
3732 4534
4078 4656
292 3854
296 4828
4356 4426
3465 4942
3342 4612
1716 4705
715 1879
3992 4654
4356 4569
3623 4339
2482 4969
2067 4929
1557 4089
2437 4612
2542 4955
3583 4131
1490 3819
2482 4683
2583 2608
223 4585
2025 4271
3712 4788
2279 4984
680 3017
2272 4421
2822 4983
3479 3706
3732 4654
3807 4833
415 4839
60 4681
3640 4421
3416 3661
1070 4907
60 2820
2864 4470
3394 3931
2948 3627
1010 2695
2447 2726
1651 3894
3931 4719
1578 4731
911 3465
370 4907
1359 3556
3941 4407
1094 3783
689 4426
2430 4706
2934 3674
879 3935
2773 4421
4494 4532
3836 4964
3437 4410
3180 3416
3594 4693
1826 4635
4349 4400
356 4426
3190 4109
1519 4569
1548 4204
2651 2739
976 2710
356 4569
2396 3417
822 3920
2654 3836
3786 4693
3855 4326
100 4693
4839 4916
2630 2781
954 3647
2781 3864
99 2693
4534 4990
2785 4569
368 4109
4392 4705
1667 4432
109 3931
2693 4078
50 4083
3966 4336
3857 4750
4722 4951
4470 4944
2834 3857
2385 4831
3342 4685
911 4563
1922 3217
2381 4715
4453 4532
2422 4028
1103 3889
2704 4259
842 4852
1557 3889
4776 4858
3583 4202
2420 3024
3017 4109
88 4979
1490 4955
3920 3933
888 4089
4260 4410
1980 3610
3465 4563
1864 4131
1127 2255
452 3825
979 4579
4435 4831
2936 4435
1721 3211
4327 4586
3813 4766
2568 4088
1685 3894
2651 4109
4244 4426
4249 4453
763 1721
3807 3926
270 4969
1393 4782
1428 3293
2695 4431
296 4833
2385 4778
1744 4929
715 3329
1523 4643
2864 4696
1243 4887
1813 4271
3114 3404
4242 4605
254 4914
4944 4990
2926 4985
1523 3601
3099 3942
1922 3479
2025 3576
3463 3625
2581 3636
1529 2310
1068 4241
2834 3400
4218 4887
3041 4586
1049 1649
2817 4204
1685 4731
640 4979
1247 4142
4435 4859
4718 4922
4536 4951
1171 4970
1251 1421
2168 2844
1675 3779
3975 4327
729 3515
69 3258
2533 4508
316 2617
1407 3207
387 4202
693 3942
2607 4944
2549 3636
698 4823
742 3044
834 3571
2785 3812
3176 4831
4144 4225
1879 3329
124 4486
2143 3594
1005 3308
352 4308
3935 4421
677 4985
913 3555
2041 3499
3819 3857
2069 4982
2853 3313
3107 3794
100 2656
81 3017
948 3329
4260 4579
452 3627
3198 4922
2176 3909
1053 4984
1680 2482
191 4778
4569 4839
1402 4088
358 2853
124 4983
745 1949
1893 4788
1431 4432
1473 2542
3007 3915
803 4579
676 4979
2903 3522
3992 4973
438 3293
1603 4782
3857 4914
142 3864
1716 4678
2630 3864
3299 4187
4454 4776
3313 3591
3175 4970
2315 4470
3276 3941
4385 4563
2888 4242
2862 4078
254 2355
682 3872
2753 3552
1434 1747
2501 3518
3198 4656
959 3097
1478 3814
1354 4984
3097 4109
2912 3812
1682 4202
3144 3299
2603 4421
1370 3849
2315 4705
464 3632
1957 4486
3096 3384
2126 4426
997 2192
729 1490
4705 4849
510 3133
940 4823
1956 4512
3629 4716
3301 4144
2753 4858
121 3571
1221 4942
3509 4766
2853 4186
3812 4569
258 4849
2385 4719
3647 4585
3190 4015
1048 4138
246 4859
370 2639
1456 3806
1744 4514
1673 3690
73 4656
2202 4439
3324 4778
4719 4778
2072 4983
3265 4156
96 4829
2738 4244
2931 4336
4269 4985
4839 4955
3259 3654
764 3464
1813 2025
280 3587
2352 4534
997 2590
3251 3655
1879 1949
4522 4979
1421 2301
795 4990
2432 4929
1597 3153
1493 4407
2613 4951
3404 4678
1994 3043
3455 4929
3395 4823
4470 4849
3586 4244
4088 4801
974 4829
3258 4833
888 1094
600 1658
3819 4605
3311 3464
1197 3519
2753 4693
278 2202
2987 4244
4202 4407
3030 4831
2583 4421
4426 4719
1670 4984
2639 3794
2739 3017
3674 4259
1992 4349
1127 1643
4420 4678
3437 4643
1070 4089
1943 4887
1619 3144
1675 1699
620 3440
3207 3515
2773 3935
423 2192
1456 4656
1682 4131
3576 4271
4015 4970
4965 4979
2862 4922
88 4522
3582 4585
3075 4907
3629 4336
3153 3276
2337 4010
4187 4508
879 4887
2380 4955
2926 3571
4400 4414
3418 4579
1135 2542
1264 4681
3460 4110
3530 4470
2233 3595
2538 3623
2931 4716
3465 4287
368 4985
778 3043
598 2272
3531 4849
792 1127
2434 3625
2803 4823
2903 3632
4241 4553
1943 4776
4308 4778
2272 2583
2233 4887
4344 4990
3416 4327
3384 3942
1094 4705
443 3097
742 3663
2568 4801
3207 4188
437 4990
3251 4706
888 3276
3139 3876
2862 4656
1991 3994
3629 4453
109 4839
1237 4241
4828 4922
3966 4532
2934 4828
936 4955
934 4858
1519 4244
2143 4942
1431 4887
1400 4431
3594 3916
4108 4696
3251 3427
2538 4432
2846 3028
3812 4356
1096 3591
3365 4156
2352 3251
1085 2693
2040 4349
1171 3437
3853 4718
387 3583
2764 3849
3416 4180
338 4675
1251 2337
1957 4929
3814 4400
4788 4982
2923 3205
1832 2241
2715 3661
2437 3464
3088 3916
3154 4534
2590 3153
2912 4644
1543 3612
1578 3894
1555 4585
2315 4849
3161 4973
3784 3942
1980 3576
3784 4985
2864 4944
3643 4142
1094 4538
16 4683
3050 3593
1431 4776
1125 3707
974 4188
3966 4716
3099 3853
3176 4308
1885 3522
386 3595
2432 4069
2149 4982
4534 4670
4110 4184
75 4601
1290 4514
2613 4788
1242 4564
387 3590
1832 3864
3161 4670
2447 2923
784 4053
2971 4965
296 3855
2580 3299
2225 3499
1476 4782
158 3876
4470 4705
121 4715
1243 4683
2300 4635
1189 4705
1922 3153
2834 4536
3227 3472
292 4983
1917 3097
1243 4969
3404 4585
3190 4414
2756 4719
3629 3966
1221 4675
800 4833
2603 3941
948 3028
3324 4585
2380 2654
4654 4782
2655 4564
2639 4083
223 4705
760 4979
1529 4656
4644 4839
3096 4914
640 3975
4782 4973
2971 4327
2354 4859
478 1064
784 4706
2282 4457
3655 4108
3198 4681
1426 1915
3217 4542
1538 4929
1991 4142
2332 3583
1171 4829
853 4715
124 4973
2233 4534
2948 4033
478 4271
352 4778
1224 3975
317 3139
3219 4407
4259 4922
1478 4400
4553 4778
2310 4922
3623 4776
2067 4486
3814 4710
4514 4534
85 4778
296 4718
2864 4678
1575 4858
2062 4414
4108 4612
4420 4470
3365 4534
3587 4010
4138 4271
3690 4635
3043 4887
132 4612
2336 3576
246 4435
1810 2273
3136 4494
530 2862
1478 1578
2149 4750
1949 3555
2761 2804
1651 4731
1076 4964
2225 4635
3640 3935
2380 4788
3265 4534
1154 3625
913 1949
620 4351
2040 4088
1543 4010
2864 4344
904 2243
374 4706
2892 4298
1247 3994
3266 4656
335 3572
4242 4750
1956 4494
530 4922
2726 4131
4635 4973
1893 4982
1994 4776
3593 4269
4601 4985
3400 4788
1015 4788
2472 4028
3647 4420
717 2991
1402 3460
278 2844
1747 4601
2352 4782
2832 4269
1856 4623
536 4220
1343 4435
2422 4431
371 4731
4494 4710
3813 4916
2752 2783
1682 4407
2582 3610
2923 4635
3397 3515
3601 4495
3416 4979
3643 4852
4180 4327
431 904
3064 3829
3395 4716
2192 2590
4722 4750
4249 4494
2071 4859
3894 4801
4453 4716
4327 4965
1915 2053
3313 4186
2342 3472
3556 4349
788 4828
842 4494
2794 3779
4 3627
3190 4349
254 4964
1780 3794
2987 4569
1956 4710
1172 2804
1201 4536
69 4833
2861 3625
2931 4564
4951 4965
760 2971
2568 3519
2853 3706
3413 4586
2262 4833
3522 3591
2580 2617
1973 4392
3136 4453
3099 4715
4287 4675
536 4982
1721 4400
1224 4984
759 4131
2222 4428
370 4083
2385 3993
3404 4849
3857 4242
2594 4601
1076 4722
3464 4612
1543 3587
501 3329
4131 4407
121 4601
2756 4244
3941 4202
1922 3007
1554 4218
1221 4110
3365 4654
927 4983
1578 4801
1084 2617
1750 4766
4750 4982
4722 4982
2622 4887
1264 1909
2888 4914
1051 4922
2772 3455
2568 4414
3629 3965
246 4778
1619 4508
2726 3499
1015 2422
3732 4929
1996 4831
3836 3950
2544 4564
276 4241
3950 4605
1555 4776
1370 4142
4568 4942
3572 4271
4563 4693
3647 4944
1049 3097
96 4970
1554 4969
3207 3509
2781 3933
1271 4426
2715 3975
4486 4983
1870 2062
437 4678
3855 4718
1670 3041
981 3325
2647 3342
3472 4907
4242 4982
648 2861
3623 3872
1814 4428
4271 4518
132 4053
2538 4887
481 4218
1456 3198
3590 4202
2750 4586
3713 4586
539 4033
2710 3994
2402 4385
1094 4089
2472 4431
1871 2764
316 3920
1791 4612
2738 3394
1426 4833
1199 2465
2655 4696
335 3610
3388 4542
2040 4400
779 3319
3394 3586
3136 4414
3872 3998
1419 2472
2948 3825
4675 4693
50 3463
2796 3499
3400 3857
4536 4982
3277 4788
506 948
593 4828
1015 4028
3384 3654
4495 4766
71 2820
810 4439
2693 3941
987 3349
3786 4563
2803 4512
853 3384
1478 3909
3926 4922
1064 3572
3998 4454
3180 3623
3676 4028
1932 3555
2926 4715
974 4260
353 4782
4260 4829
2656 4693
2352 4929
3384 3417
3784 4601
338 2656
4973 4983
2582 4271
1519 4426
2417 4706
2739 4109
3829 4327
2568 3460
948 3479
1015 3676
1791 3251
2352 4670
2832 3593
3697 4202
4276 4351
1516 4563
1189 4420
476 4970
717 4964
2764 3994
3829 4522
682 4188
1236 4955
324 3313
123 4048
247 4078
2168 2903
1125 2781
1897 1932
4344 4585
516 4202
3661 4984
1419 3935
3114 4678
1208 4623
437 4944
3427 4706
1228 4801
1428 3926
123 175
2149 2355
121 4685
1991 3849
680 1037
132 3779
3007 4089
3180 3595
788 4718
438 4259
4454 4457
100 4563
1682 1926
1813 4344
3024 4421
4454 4683
1127 4187
1199 4542
2354 4241
959 2581
2352 4973
4568 4693
2647 3779
2892 4983
1490 4951
2192 3217
4951 4964
1870 3814
2397 2821
1813 3610
1016 3825
1826 4351
598 4431
3265 4435
930 2220
4308 4435
3259 3784
3319 3920
2221 4186
2761 2844
4207 4715
2220 3935
2590 3217
415 4569
4715 4985
1242 4852
1197 4088
1651 3909
1008 4204
3806 4078
3707 4678
2948 3853
2380 4914
358 3522
729 4970
2639 3227
1879 3028
443 4327
2783 3807
4108 4706
3064 4979
3198 4078
1360 4887
4453 4564
1290 4654
2241 3933
3017 3636
1005 1251
3437 4495
3349 4829
2622 4432
1426 3721
3008 4420
1760 3139
3836 4605
2574 4486
4776 4969
818 4829
2396 4269
2655 4852
2753 4385
2991 4955
3027 4271
2202 3632
4536 4955
3251 4973
2533 4407
3416 3732
4336 4716
598 3024
374 4612
438 3721
937 3198
4249 4564
1375 4569
2071 2353
978 4656
1456 3552
2355 4982
2402 4858
1154 3463
4385 4675
484 4421
4298 4973
2451 3044
2892 4486
1428 3325
273 1005
2053 3293
1606 3647
3099 3211
1397 4326
3395 4336
1699 4612
2493 2608
191 4156
981 4718
1760 4187
1428 4259
2750 4180
802 3198
1973 2301
3417 4601
1796 4982
3219 3583
1400 4028
2430 4276
951 3176
913 3329
1426 3674
3854 4486
2844 3591
2106 4392
220 4635
2447 4635
2753 3465
553 4675
3854 4973
3342 4053
3319 3864
2058 2794
1814 4623
2415 4508
784 4108
2381 4269
3674 4922
3854 4670
4242 4955
3007 3217
971 3099
4553 4859
1476 4983
693 4715
698 4710
485 4241
1197 3460
4579 4766
1397 3277
3437 4260
1716 4849
879 3640
4643 4916
2544 4494
2243 3663
2888 4536
3324 4849
2794 4612
356 4644
3282 4922
4287 4568
1241 2255
3126 4010
1675 4048
1745 4435
317 1416
2430 3427
3325 3926
4831 4859
3054 4929
1236 4964
4259 4536
4410 4916
2803 4336
961 4710
3205 4635
2675 4522
9 4626
16 2163
50 3967
69 4882
71 3467
73 3906
75 3682
81 3656
83 4463
85 4905
88 4182
96 4419
99 4113
100 1283
109 4756
124 4027
132 3973
142 4667
158 4855
175 3839
180 4572
191 1650
206 3917
220 3666
235 4581
241 2806
247 4988
254 4168
258 2682
267 4570
270 4991
276 2050
278 2377
280 3068
282 4962
292 4653
295 4868
296 4031
298 4857
309 4113
316 4661
157 317
324 3730
352 3098
356 4881
358 4903
362 3438
371 3223
376 1531
387 4181
415 1046
423 4013
426 1748
438 4107
439 4438
452 4546
472 2216
476 4583
478 4883
481 1288
485 3823
493 1382
499 4521
501 3660
506 3307
516 4910
528 750
530 3236
539 4864
553 2625
593 4127
598 4653
600 4803
612 4690
620 4892
628 4862
642 2302
648 4626
430 654
676 4963
677 1706
680 3685
682 3447
703 4491
710 4846
715 4980
717 4774
724 3284
741 3692
745 3538
748 2911
760 4786
763 4878
764 4806
779 4475
784 3547
788 4952
561 792
312 795
802 4906
807 4511
809 4714
818 3645
822 1137
832 4430
834 3614
842 3262
853 4841
866 4310
879 3756
888 3137
904 4988
913 4824
914 4296
927 4446
930 4149
934 4530
936 4930
937 2954
940 1325
951 4649
954 4444
961 4946
970 2717
971 4808
976 4043
978 4804
979 4127
980 3955
981 4936
92 997
1005 3230
1010 4818
1016 3743
1037 4665
1048 2672
1049 3999
1051 4286
1053 4924
1070 4962
1085 3426
1096 1257
1103 4754
931 1125
1127 4307
1132 3902
1135 3792
1154 4461
1161 4258
1171 2842
1197 4856
1199 4911
1201 4481
1208 4523
1224 2114
1236 4502
1237 2411
1241 1894
631 1242
1247 1623
1251 4920
1264 4622
1282 1692
1343 3870
1354 1355
1359 3827
1360 4630
1375 4949
1393 1422
1400 4360
1403 3906
1404 4472
1407 4756
1410 4939
1416 4307
1419 4360
1421 4994
1425 4938
1426 2215
1428 2323
1431 4657
1456 4796
1473 3963
1476 4105
1478 3744
1481 4437
1501 3286
943 1516
1519 4822
1523 2784
1538 3569
1543 4795
1548 2540
1554 4050
1555 4864
1557 4832
1569 4459
781 1575
1578 3323
1597 2648
1603 4091
1619 4874
1639 3696
1643 4874
1646 4064
1649 4893
966 1651
1658 3597
1667 4987
1670 4714
1671 4918
1673 4814
1675 4551
1680 4506
1685 4447
1699 4123
1289 1710
1716 2139
64 1740
1747 3503
1750 3761
1751 1952
1580 1755
1758 4891
1760 4307
1780 4599
1785 2691
1791 3498
1796 4619
1810 4345
1814 4952
1822 4492
1826 4221
1832 4950
1856 4844
1862 4737
1864 2889
1870 4513
1871 4729
1879 2745
1883 4027
1885 4634
1893 2408
1830 1897
1909 4976
1913 4814
1915 3428
1917 4659
1922 1990
1926 4958
1932 4251
1934 3723
1943 4403
1949 4786
1956 4840
1960 3715
1965 4212
1973 4875
1975 4221
1976 4473
1980 3799
1991 4442
1992 3842
1994 4727
1728 2025
844 2040
2041 4814
2058 4401
2061 3961
2066 2067
410 2069
552 2071
2116 4867
2120 2759
2126 3990
2143 3554
2164 3906
2168 3497
2176 4657
2192 4346
2202 2713
2220 3508
1155 2222
2225 4814
2233 3511
2241 4221
2243 4413
2255 4874
2262 3696
2273 4854
2279 4930
2282 3930
2290 4639
2300 4755
2301 4995
2308 4713
2310 3729
271 2332
2336 2495
622 2342
2352 4902
2353 2922
2354 2561
2380 3866
2381 2394
2385 4826
2396 4729
2397 3838
2402 4898
2415 3208
2417 4977
2420 4360
2422 4901
2430 4556
2434 4850
2205 2437
2447 4221
2465 4999
2472 4079
2482 3833
2493 3656
2501 3761
1474 2533
2538 4826
2495 2542
2544 3767
2549 4509
2568 4513
2574 4813
2580 4874
2581 4934
2583 3976
1993 2587
2590 4628
2594 4658
2607 3201
2608 2917
2611 4216
2617 4874
2622 4963
2626 4814
2356 2639
2651 4975
2653 4574
2654 4902
2655 4814
2656 4091
2657 4931
2674 4373
2675 4843
2693 3633
2695 3517
2704 3958
2710 3377
2715 4714
2726 4814
2738 3929
2739 4903
2750 4425
2752 4900
2753 3932
2756 4866
2761 4550
2764 4098
2305 2769
1212 2772
1123 2773
2781 4035
2783 3696
2785 4967
2794 4661
2796 3449
2803 2869
2804 3944
2817 4466
2820 4977
2821 4714
2822 4974
2827 4226
2831 3488
2832 4280
467 2834
2844 3760
2846 4790
2861 4660
2862 4005
2864 4783
2887 3561
2888 4613
2892 4208
2903 4441
1340 2912
2923 4629
350 2926
1936 2931
2934 4376
2936 3225
2948 4125
2962 4463
2085 2971
2987 2989
2990 2991
3007 3708
2765 3008
2932 3017
3024 4611
3027 3401
2305 3028
2569 3030
3041 4396
3043 4752
2800 3044
3047 4285
3054 4903
3075 3078
3097 4584
2335 3107
3114 3486
3123 3875
3126 4026
3133 4368
3136 4513
3139 4073
3144 4874
3152 3153
3154 4556
908 3161
3175 4071
3176 4703
3180 4449
3168 3190
3198 4232
3205 3822
3207 4876
3211 4558
1787 3217
3219 3774
3227 3228
3251 4505
3258 4376
3259 4658
3265 4950
3266 4335
3276 4759
3277 3846
3282 4743
3293 4376
3299 4874
2584 3301
3308 4565
3313 4712
3314 4004
3319 4517
3324 3328
3325 3696
3329 3653
3342 3670
3365 4855
3384 4297
3388 4704
3394 4915
3130 3395
1561 3397
2365 3404
271 3413
2425 3416
3417 4200
3418 4332
3427 4975
3437 4627
3440 4595
3453 4588
3455 4376
3463 4848
3464 4523
3465 3507
1215 3472
3479 4673
1962 3499
3194 3509
2732 3515
2663 3518
2032 3519
3522 3638
327 3530
3531 4994
3279 3552
213 3555
3556 4513
3571 4658
3572 4080
3576 4662
2452 3586
1222 3587
3590 4197
1771 3591
3593 3747
3594 3686
3595 4673
629 3610
2104 3612
3623 4754
3625 4158
178 3627
3629 3847
660 3632
3636 3964
3640 4360
3304 3643
1488 3647
3654 4658
2105 3655
3661 3990
3663 3763
3674 4689
3402 3676
3690 4602
2207 3697
3706 4999
3707 4581
3712 4062
3713 4925
3721 4481
1688 3732
2287 3779
3783 4090
3503 3784
3785 4994
2915 3786
3794 4217
3231 3806
3807 4924
3812 4463
2666 3813
3814 4567
3273 3819
2449 3825
3829 4243
3836 3885
3849 4708
3025 3853
3854 4145
3855 4355
2043 3857
3864 4611
3869 3872
3876 4741
92 3889
3894 3896
3909 4102
3537 3916
2414 3920
3502 3926
2323 3931
3831 3933
2140 3935
3941 4807
3942 4677
3950 4865
3965 4292
3992 4933
3993 4437
639 3994
263 3998
4010 4802
4015 4692
4028 4030
4033 4836
3760 4048
4053 4928
475 4069
4073 4078
4083 4561
4088 4841
4089 4997
2226 4101
3184 4108
3539 4109
3428 4131
4138 4819
1219 4142
3722 4144
4156 4437
4180 4530
4184 4606
4186 4448
4187 4874
3677 4188
3774 4202
4204 4484
1536 4207
53 4218
4220 4466
1662 4225
4241 4437
4242 4937
4244 4769
4249 4673
4259 4376
4260 4573
1623 4269
2495 4271
2618 4276
4179 4287
4298 4854
2018 4308
2286 4326
2690 4327
3352 4336
4079 4339
4165 4344
4349 4513
3221 4351
2066 4356
4385 4818
1209 4392
4390 4400
4407 4621
4409 4410
4414 4416
4420 4806
4360 4421
3722 4426
4105 4428
4431 4672
4079 4432
4434 4435
4434 4439
4453 4836
3818 4454
3722 4457
3604 4470
2548 4486
4494 4744
4495 4980
4508 4874
4253 4512
4514 4783
4518 4850
3669 4522
4532 4651
4524 4534
4536 4541
4538 4695
4214 4542
4503 4553
780 4563
1388 4564
850 4568
4463 4569
3835 4579
2365 4585
4586 4590
4332 4601
4436 4605
3887 4612
1789 4623
4236 4635
712 4643
4463 4644
475 4654
2678 4656
2000 4670
3684 4675
4525 4678
3092 4681
32 4683
3503 4685
3684 4693
4696 4837
3524 4705
1131 4706
110 4710
2812 4715
4583 4716
3730 4718
3533 4719
1925 4722
4731 4753
2960 4750
1613 4766
3722 4776
4778 4821
4782 4819
391 4788
4503 4801
3740 4823
4828 4837
4739 4829
3351 4831
3040 4833
3596 4839
3874 4849
4838 4852
4677 4858
56 4859
3722 4887
2193 4907
4914 4918
4916 4928
4838 4922
3120 4929
482 4942
4836 4944
1786 4951
2203 4955
4728 4964
2234 4965
4136 4969
4296 4970
4931 4973
4714 4979
4721 4982
3815 4983
4067 4984
4658 4985
4182 4990
73 1564
81 4097
158 4874
247 4958
278 4842
282 4543
295 4079
371 4130
426 4691
485 4437
499 4948
528 4988
598 4524
642 4896
648 1820
680 4169
710 4785
715 2545
717 4533
745 4658
763 4949
788 3696
809 3638
853 4658
187 913
937 4905
940 3646
976 4456
981 4081
997 1204
1010 4360
1051 4835
1053 4881
1085 4617
1135 3970
1208 4853
1224 4565
1236 4880
1241 4307
1242 4540
1400 2904
1403 4417
1426 4376
1001 1431
305 1456
1478 4513
1501 3105
1519 4463
1538 4850
1597 4825
1619 3208
739 1643
1670 4810
1671 4777
1685 4785
1710 4251
1747 2680
1750 4723
1758 3125
1785 3774
1118 1822
1826 4814
1856 4224
1487 1871
1883 4974
1913 4874
1915 4081
1926 3774
1980 4151
1992 4513
2040 4513
2041 4997
2067 2978
2069 3477
2164 2172
2220 4360
2225 3163
2243 4046
2255 4679
2262 4081
2290 3880
2300 4221
2301 4966
2308 4617
2310 4790
2396 3503
2402 3577
2415 4874
2437 3995
2447 4814
2472 3960
2482 4032
2493 4360
2538 3766
2542 2949
2549 4700
2580 4793
2587 4046
2594 2624
2608 4264
2611 4189
2617 4989
2626 4221
2651 4074
2653 2865
2656 3684
2657 4756
2674 4177
2675 3059
2695 4958
2704 4201
251 2750
2752 4772
2764 3477
2773 4360
2781 4939
2783 4081
2287 2794
2796 4960
2820 3146
2463 2821
2827 4874
2831 4402
2844 4735
2305 2846
2862 3669
2864 4234
2888 4463
2892 4408
2900 2903
2912 4663
2926 4658
2962 4783
2987 4972
2991 4565
3008 4022
3024 4360
3027 4815
892 3028
3030 4991
3041 4460
3044 4755
3054 4629
3075 4324
3114 3866
3136 4588
3139 4599
3022 3153
3154 3696
3176 4437
3190 4593
3211 4488
3219 4746
3265 4443
3266 4809
3280 3282
3299 4307
3301 3756
3308 4471
1176 3313
2217 3314
3210 3319
3324 4634
3329 4885
2719 3365
3384 4898
3388 3535
3397 4234
1841 3413
3416 4714
3418 4596
3453 4429
3463 3698
3472 4781
3499 4581
3518 4126
3519 4630
3289 3530
3531 4583
3552 3832
3555 4904
3444 3556
3571 4490
2495 3572
3586 4463
3591 4194
3629 3820
1889 3640
3661 4714
3663 4555
3674 3769
3690 4808
3706 4772
3707 4835
2650 3712
3721 4376
3732 4161
3783 4779
3794 4387
3807 4668
3812 4452
3521 3813
3428 3825
3829 4714
1545 3849
2509 3853
3854 4899
3201 3855
1947 3864
2429 3872
3876 4310
3889 4640
3894 3895
3909 3914
2733 3916
1947 3920
3926 4192
3931 4599
3564 3933
2944 3941
3950 4175
3992 4477
3994 4871
3998 4357
4015 4503
2287 4048
4053 4700
3618 4069
617 4078
4083 4972
4088 4154
4089 4589
4101 4960
4109 4856
2944 4131
4138 4490
3567 4142
4144 4183
4156 4673
4180 4245
3666 4184
3626 4186
3208 4187
1953 4188
3373 4202
4204 4364
1706 4218
3818 4220
4222 4225
4241 4588
3741 4244
4081 4259
4260 4369
4269 4300
4276 4279
1873 4287
4211 4298
4308 4329
4081 4326
3334 4336
4344 4572
4349 4864
4351 4889
4356 4471
2571 4385
4392 4845
4400 4639
4393 4407
4410 4636
4414 4513
2416 4420
1995 4421
4426 4463
4428 4810
4431 4870
4409 4432
4435 4437
3142 4439
4450 4453
3862 4454
4396 4457
3423 4470
4486 4633
4058 4494
4495 4954
4307 4508
4511 4512
4514 4968
4136 4518
4519 4522
4534 4549
906 4536
2146 4538
4537 4542
4437 4553
4549 4563
3684 4568
4569 4796
4379 4579
3109 4585
3039 4586
4601 4658
4545 4605
2939 4612
4221 4623
4221 4635
3978 4643
4644 4645
4654 4734
3906 4656
4389 4670
4675 4679
3331 4678
3906 4681
3722 4683
4685 4997
3159 4693
4696 4872
4393 4705
4706 4875
4703 4710
1612 4715
3821 4716
3494 4718
2006 4719
4211 4722
4513 4731
4750 4754
4766 4843
3524 4776
3173 4778
4782 4795
2203 4788
4513 4801
4763 4828
4829 4837
4831 4873
4833 4855
4277 4839
2416 4849
4796 4852
2561 4859
4079 4887
1065 4907
2203 4914
4916 4949
4771 4922
3877 4929
4206 4942
4932 4944
1017 4951
4955 4976
2239 4964
4415 4965
4969 4981
3222 4970
4973 4995
139 4979
3134 4982
4310 4983
4714 4984
4985 4988
2416 4990
247 1640
426 4743
642 2440
710 4871
1053 4701
1403 4812
1619 3769
1750 4174
1785 4383
1822 4762
2300 4814
2308 4570
2396 4658
2549 4959
2608 4466
2783 4809
2820 4582
2827 4307
2864 4011
2912 4785
3030 4714
3041 4798
3139 4874
3154 4773
3282 4691
3413 4714
3418 4560
3499 4814
3519 3520
3552 3906
3640 3642
3690 4882
3707 4981
3721 4492
3732 4510
3812 4872
3829 4842
3855 4963
3608 3872
3876 4703
3926 4902
3520 3933
3940 3941
3976 4015
4144 4466
2160 4184
2944 4202
3777 4204
4241 4709
4244 4991
2323 4259
3368 4298
4308 4875
4326 4797
4344 4461
3762 4349
4351 4814
4392 4779
2944 4407
3878 4410
3382 4414
4157 4432
3375 4439
4079 4454
4486 4582
4278 4494
4512 4846
4423 4514
4354 4518
4534 4592
3391 4536
4538 4539
4509 4542
4553 4813
3664 4568
4569 4866
3222 4579
4601 4996
4612 4903
4623 4814
4635 4814
4654 4658
2719 4670
3774 4681
4685 4830
4690 4693
4696 4911
4705 4897
3187 4706
4698 4710
4658 4715
4376 4718
4417 4719
4731 4735
4477 4750
3222 4766
4079 4776
4778 4991
4787 4788
2330 4801
4828 4865
4831 4872
4427 4833
4839 4957
591 4852
4076 4907
4914 4924
942 4916
4749 4922
4929 4930
1873 4942
4243 4944
4587 4951
2650 4955
4441 4964
4714 4965
4079 4969
4979 4988
4023 4983
711 4984
4524 4985
3418 4994
3876 4934
4015 4423
4344 4347
4518 4528
4409 4553
4418 4568
1612 4601
4448 4654
4685 4688
4688 4696
4148 4750
4437 4778
4082 4828
3720 4839
4642 4907
4916 4993
4344 4765
4759 4839
