445 4765
3753 4257
2047 4452
2915 3649
1322 3699
1103 4063
2822 4830
2715 4753
3358 4170
4292 4761
1632 4381
917 3597
1107 3582
1856 4155
2945 3798
3621 4656
295 4108
10 4467
80 3805
116 2430
2444 4819
2256 3798
474 4452
2987 4888
3562 4541
2628 3965
3268 3804
1763 3296
3250 4869
828 4489
2664 4469
3365 4761
1458 4701
737 3753
3001 4897
3465 4339
990 4152
457 4780
2192 2982
2459 4983
1897 2555
2497 3414
3013 3945
2317 4152
1817 4089
3693 4731
186 4837
3822 4449
3085 3871
3247 3952
3891 3988
1655 3954
4449 4884
2508 4916
3919 4024
443 4686
2697 4740
3550 4069
4147 4256
3050 3456
2885 3740
4184 4908
2900 3184
4069 4612
4837 4868
1542 3528
3818 4868
992 4249
1617 2794
3583 3952
1096 4639
3792 4983
2195 4717
3465 3583
1499 3945
2111 4832
2889 4089
109 4975
3852 4761
30 3997
1903 4065
852 3786
1512 4061
3130 4651
1273 3919
3053 4467
4635 4639
3265 4628
3431 4905
2950 4836
2556 2558
134 4189
2554 4897
2796 4397
29 4905
764 4215
1273 3896
3646 4884
4249 4857
4673 4975
2657 3506
2317 4511
2447 4465
3411 4380
3582 4776
1391 4605
3520 4836
3794 3912
3198 4402
2889 3033
1014 4867
3349 4953
2430 4975
1359 4446
1922 3486
893 3562
3349 3805
4057 4819
1569 2405
4114 4189
1839 3954
2249 4836
4449 4522
1105 3949
2657 4864
877 3903
2657 3710
2709 3826
1476 2592
3053 4075
136 2990
1512 3629
1579 4767
1263 4446
2361 4089
3912 4446
3051 3066
3949 4167
961 2694
4222 4656
4685 4819
1867 4655
2359 4946
2697 4251
3919 3991
2403 4278
2095 4761
3951 4953
1827 4522
579 4673
4651 4956
457 4863
1897 4114
3677 4281
4147 4279
1812 4624
585 4717
3243 4426
3300 4860
3349 3996
1569 4814
1881 4249
333 4656
463 3082
745 4522
3073 4753
510 3391
2066 4956
3036 4289
2418 4648
3584 4541
4526 4854
923 4769
3818 3888
1518 4857
1357 4869
1862 4953
2465 2515
3952 4864
579 4339
3032 4450
2872 4908
2156 4509
2952 4059
2212 4061
124 3826
797 4766
2504 4458
4717 4776
4864 4905
1529 3747
3130 4390
3240 4197
4209 4686
4320 4348
2486 4281
677 4063
3337 4251
304 3913
4509 4734
2220 4743
4256 4467
1310 4311
3028 3358
258 3799
3389 3822
536 4278
2047 3413
2225 2459
778 3260
4422 4612
1053 3740
3579 4065
3242 4836
3265 3930
1670 3740
1391 3998
2717 4811
4114 4605
1380 3065
3799 4091
2897 3664
2319 3738
1064 3204
2538 3871
1643 4458
3217 4531
3028 4857
2315 4523
1986 3733
4051 4452
1687 4823
1584 4823
1190 3550
4088 4089
664 4163
479 4866
463 3465
3033 4597
2444 4905
3204 4097
2709 4814
1393 3365
1676 4673
2049 3321
1632 3919
2236 4638
1057 4922
116 4866
4108 4832
2872 4922
3738 4489
4780 4888
1676 3525
4089 4928
3801 4655
1310 2220
2430 4673
2709 4154
3614 4928
3357 4884
66 3358
2368 4685
1274 4425
1238 3891
67 4946
3027 3097
3738 4869
4731 4866
1785 4163
712 3322
4163 4507
576 4348
3806 4812
1105 1577
2112 3130
1868 4397
1194 4812
1412 4379
703 4152
4240 4245
3861 4811
3388 4332
3949 4866
3525 4240
80 4836
871 2945
3185 4189
436 479
3952 4607
1024 4685
4057 4089
4167 4731
718 4975
2743 3759
3619 4380
973 4531
613 4289
1867 2386
3147 4908
2066 4928
2126 4819
1095 3622
4061 4811
1447 1476
3865 4858
3991 4884
3232 3888
3740 4289
864 4648
3031 3032
4766 4946
2515 4597
3649 4249
1286 4061
2782 4437
365 4709
4055 4311
3032 3033
3949 4422
3220 3431
3528 4531
2885 4858
3582 4639
613 919
2418 3486
2985 4531
3250 4183
3027 4607
3949 4673
1577 4866
3550 4983
3411 4709
1048 1346
923 3198
2811 4485
2257 2317
2229 4819
694 4916
3888 4870
1361 4828
1271 4209
168 4769
2872 3804
3043 4854
3951 4995
2534 4352
4811 4995
1558 4905
3802 4167
1458 3956
3629 3759
1112 4868
3877 4686
415 3733
581 1047
2881 4769
1881 4541
4222 4673
3699 3945
2592 4015
467 4509
758 2934
845 3865
160 4595
1414 3073
1103 4863
3818 4780
545 4189
4209 4240
2893 4928
3300 4480
56 4222
1885 3560
1346 4767
669 4489
2477 3801
3051 4450
1812 4222
2304 4145
3742 4426
2558 3903
3356 4097
2826 4823
2889 3685
3111 3804
4139 4465
641 3865
3097 3685
2866 4731
3326 4765
917 3871
3794 4531
3260 4814
4450 4857
2359 3852
1176 4854
2359 3579
3997 4793
4075 4793
849 4753
2872 3818
544 3996
1827 4450
2861 4024
3301 3660
2840 4837
3321 4870
1615 2945
2950 4766
2919 3903
2433 3646
3996 4051
2840 4884
2196 2861
4489 4858
4046 4953
1128 3456
893 4437
1447 4452
953 4717
289 3560
2987 4449
3998 4241
263 2987
3066 4752
1380 2900
1701 4311
2818 4922
1617 4485
3247 4183
4184 4945
2555 4015
2497 3950
3033 4761
3308 4051
3954 4507
2556 4437
1778 4240
948 4870
4091 4485
844 4983
1277 2927
2646 4352
3582 4198
2538 4222
3912 3949
1751 1962
3631 4884
2039 4765
824 2405
1903 3265
2455 3520
116 2854
630 3496
4046 4256
1638 4655
948 4046
1412 4446
2570 4233
1903 3451
2044 4196
4114 4793
3735 4860
1191 4888
473 4057
677 4397
365 4198
4605 4793
4279 4870
3240 4752
1981 4497
2915 4249
4162 4828
3677 4339
3664 4509
1649 4884
2504 4628
160 4145
1136 4769
2660 3447
2987 3389
734 4863
3243 4480
3550 3806
817 3597
1277 3919
3217 4475
3291 4905
3184 4743
3826 4737
66 4752
694 3094
1564 4509
2739 4814
4007 4612
4171 4897
3077 4437
2198 4511
3043 4635
2515 4511
703 4061
1476 4425
3097 4607
2982 4380
3085 4624
1160 4905
2055 2495
2225 4983
1423 4612
2497 3207
819 4522
490 4380
2467 4731
3357 4497
157 3975
2192 3792
1696 3736
1638 2720
2586 4638
2641 4867
2656 3877
2220 4523
3891 4995
1512 4379
2667 3993
1623 2392
600 4639
2693 2985
2490 3733
3351 4446
662 4717
1428 2840
545 2555
1238 4922
2800 4769
3391 3480
1447 4209
3335 4828
2491 4767
457 4888
2049 4793
1061 4752
1048 4956
3806 4860
616 4765
3094 4776
3053 4147
2963 4864
1336 4854
3685 4769
2195 4897
3321 4502
550 4752
1194 4860
1462 3998
1813 3315
4069 4860
3111 4108
817 4765
2691 4673
469 4381
4522 4780
2950 4249
1136 3968
3710 4209
3604 4339
1900 3664
4167 4523
3829 4114
535 4007
4467 4597
4162 4531
2508 4686
1509 4812
2554 4348
1938 4497
2531 3646
3621 4088
1414 3065
2893 4327
2346 4279
665 4245
2889 4088
4311 4743
3133 4402
3740 4241
4522 4868
3349 3357
847 3560
2055 4016
1836 2315
4635 4638
1579 2361
1263 4016
2950 4431
2715 4854
4183 4339
758 4953
4114 4502
4170 4811
3119 3861
3888 4701
2212 3888
4220 4866
652 3825
1394 4884
3207 4425
1619 4639
4057 4656
646 4509
2404 4869
2512 2558
1014 4753
1350 4426
2717 2900
3998 4945
3448 4888
1428 3337
2558 4063
3077 3968
4051 4057
387 4327
1056 4867
4209 4740
3044 3997
879 3693
2433 4780
3356 4523
535 4860
1092 4465
3217 4737
917 1832
230 4628
2990 3073
3521 4509
1778 3710
3826 4685
2688 4320
1518 4612
2361 4088
2465 3919
4184 4836
2111 4475
745 3664
977 3126
186 3818
4088 4480
4450 4475
415 3871
3027 4402
4024 4381
1971 4147
3033 4114
3111 4155
3660 3757
4780 4908
3794 4731
1112 4780
629 3693
790 3043
2945 3737
1676 4539
3804 4458
575 4526
3738 4905
1064 2460
3301 4731
2392 3733
4605 4870
2073 3039
3232 4888
3247 4864
3710 4823
2628 4379
4198 4767
1310 4523
3073 4197
2354 4860
2853 4352
909 4830
2981 4374
523 652
2504 3930
2881 4628
3619 4709
3903 4063
211 4063
3126 4793
4055 4743
4256 4502
2554 4257
764 4509
1558 4108
3649 4752
3204 4055
544 3583
3028 3240
3094 4828
1061 4450
1354 4348
2249 4281
2544 4241
3913 4655
3950 4467
4147 4189
3826 4814
2090 2095
2694 3956
1233 4983
3558 4374
3700 3919
3291 4233
2478 3799
3326 3629
3660 3747
4189 4870
4607 4769
3480 4531
3001 4171
2195 4348
2164 4469
1839 4222
4379 4946
2405 4685
3733 4163
10 4655
2403 3337
990 2515
2361 4437
544 2850
211 3358
2811 4352
4422 4946
2660 2664
897 3184
2196 4511
641 3822
1047 4727
2897 4734
1092 4108
1330 3558
2867 3353
4531 4854
946 4946
4209 4823
1350 4812
1960 4624
2236 2950
1619 4776
3997 4870
992 4507
519 4480
802 1788
3968 4437
1513 4450
3988 4437
4007 4812
4046 4114
4224 4526
909 4869
1142 4016
3021 4860
4220 4731
1052 4864
4097 4523
2654 4390
2656 4289
4502 4793
1206 4059
4256 4793
1126 4673
3414 4753
4509 4830
847 3039
2462 4374
877 4125
3447 4858
677 2785
797 1412
2164 4114
1347 4731
3759 4953
1817 2361
758 4868
2554 4171
1886 4819
2319 4595
2586 2951
3997 4015
3465 4281
847 4635
3184 4170
2646 3597
4279 4956
4814 4819
3740 4983
4057 4088
4870 4897
844 4639
4125 4332
2796 4075
2900 3759
1832 4624
2156 4828
990 3896
2871 4946
2490 3954
3631 4780
553 4832
2044 4509
3486 3496
600 4655
2555 4870
3757 4539
2915 4541
3677 4452
4257 4897
2739 3189
3861 4819
1170 4480
1336 4531
1649 4837
2198 3991
2346 3044
1083 4814
2196 3896
2583 4170
3619 4639
4489 4905
4502 4870
3723 4655
3301 4220
1518 3938
737 4830
3414 4405
3508 4922
2854 4811
1563 4946
600 2477
3622 4888
3627 4437
1897 3877
2856 4656
1617 4497
1643 4139
3308 4155
4224 4531
1751 3805
3232 4837
3562 4215
2403 3365
2049 4405
877 4215
3903 3913
4289 4858
304 3998
1827 2199
3822 4868
1809 4863
2225 4639
116 1577
2338 4995
879 4836
1817 2856
3358 4857
2866 4673
3292 3315
4063 4125
871 4928
3794 4866
1190 4860
916 4289
1981 4656
2199 4857
3044 4605
717 4737
3486 4257
4701 4946
2354 2796
4155 4908
1447 3335
2508 3032
2785 3365
2508 4740
3161 4769
2739 4685
409 4405
3220 4431
1623 3597
3627 4402
3737 4374
3757 4320
2881 4332
4184 4828
3528 4224
3414 3950
879 2844
664 3950
3747 3912
3945 3998
953 4897
849 4752
1170 3550
3526 4655
4184 4224
764 2419
3066 4857
2164 3865
2198 4024
2951 3456
718 4167
885 4830
3860 4605
3010 3619
817 4953
1857 2844
1499 4869
1868 4656
1544 3685
3414 4867
4114 4908
1095 4154
2462 4469
3300 4612
4339 4836
3301 4397
3558 4867
3627 3988
333 4413
1832 4507
3332 4257
1412 4701
4196 4605
2073 4638
4863 4868
246 4908
794 3232
916 1407
3031 4541
3664 4734
4628 4916
58 4465
4793 4956
4155 4922
2985 4526
3619 4983
4832 4908
3604 3805
3094 4740
1052 3631
3001 4257
2785 4828
585 2853
1868 2871
1353 3865
3737 3740
1512 4953
1077 3001
3622 4868
1751 3952
1064 4823
3520 4051
3321 4467
519 4612
2495 3799
4502 4863
1762 3738
1836 4648
916 4858
2433 4863
2843 4311
3189 3220
4163 4431
3938 4766
3740 4374
3353 4108
1946 3583
2641 4405
4198 4983
3735 3738
3968 4607
4059 4197
4531 4737
3053 4597
3351 4766
3798 3865
4731 4916
2384 4639
4402 4526
703 3919
1642 3001
467 4869
1380 3629
4465 4469
2981 4916
3798 4413
4765 4995
1846 1867
40 4475
2592 4605
2095 3852
2811 3456
581 4292
1946 4864
712 3562
2810 4450
2459 3818
3912 4975
4379 4701
4832 4922
2455 3996
1350 4860
2418 3332
3448 4868
181 4638
877 3526
1788 4097
3860 4870
3950 4405
4737 4828
2818 4465
1542 4526
2897 4869
3335 4686
4523 4743
3451 4628
977 3307
4793 4870
1170 4612
1649 4449
2236 3560
802 4311
4595 4975
1763 4946
184 4311
2871 4065
2867 4139
4279 4467
3710 3930
1986 2460
3997 4467
946 3579
4752 4765
1092 4155
3604 4864
669 4374
1862 2905
3829 4740
1346 1817
1778 4905
2646 4163
3032 3358
2794 4485
1538 4339
734 2691
1857 2586
457 4279
4007 4069
4311 4469
2822 2897
2195 4171
2982 4709
332 4897
2717 4765
3822 4863
1632 2196
3950 4638
25 3877
3627 4607
4097 4922
2447 4458
2359 4905
2122 2126
2419 4332
3898 4422
3033 4502
2317 4597
2592 3938
2735 3631
1579 4656
4089 4656
1120 4832
3945 4059
1286 4811
2628 4946
3050 3891
758 4752
1881 2861
2164 3292
3757 4167
1584 4628
550 4635
184 4523
1676 4220
2810 3032
1919 4422
3861 4628
2656 4858
712 4215
2212 4595
1897 4279
1053 4374
1271 4628
4793 4814
2047 4183
3111 4458
3480 4737
1103 3822
3082 4502
473 4233
1817 3388
1857 4673
3358 4475
1623 4222
2044 4830
3528 4162
2187 3365
4776 4983
359 4749
2236 3043
109 4379
1462 3945
1359 4701
3268 4108
1529 4866
2811 3391
3402 4413
3898 3975
3950 4867
3818 4837
3161 4607
4381 4734
2994 4888
2915 3240
1671 3888
569 3649
1310 4743
885 4749
814 4381
1846 3456
121 4170
691 4767
3993 4701
4749 4868
2531 4523
98 3520
134 4793
2497 3496
3582 4380
2782 4837
1107 3085
1812 1839
1542 3802
930 4059
2418 4171
864 4727
973 4854
1751 4452
3877 4767
3664 4869
2055 2575
3097 4402
2193 4928
4465 4832
1836 4134
2927 3039
3584 4908
1832 2418
1537 4167
544 4836
10 4215
157 4793
3646 4868
333 1706
2861 3402
737 3028
4836 4928
3480 3528
4292 4905
3664 4830
2192 4776
2688 4397
2861 2982
893 2338
365 4776
1537 3050
295 4139
5 4380
136 3451
1057 4832
2667 4946
2735 3185
3852 4065
734 4437
4413 4819
3584 4857
2421 4311
2646 4624
4830 4854
3097 4769
3891 4769
2044 4869
3700 4823
4209 4425
1763 4983
3301 4167
2881 4945
2126 4685
3579 4240
2844 3757
2871 4251
3300 3806
2319 3852
1405 3292
2720 2739
1322 1414
3693 3802
806 3733
3119 4390
1361 4854
1676 4241
4220 4539
4170 4765
4686 4823
2800 4402
2872 4458
3685 4995
2985 4224
415 1107
629 4673
2495 4485
295 3268
1061 4249
3036 4975
2641 3414
1128 4635
4402 4769
2575 4497
1696 2785
3829 4916
3243 4612
3975 4431
1986 4766
4381 4597
1642 4857
3013 3699
3898 4766
1962 4320
3351 4379
1103 4837
4452 4864
792 4766
4402 4995
3988 4995
3956 4245
2782 4884
2854 4170
532 4832
2583 2900
3357 4780
613 4469
651 4655
184 3786
4597 4793
473 4656
3032 4752
1643 3804
4134 4928
1232 1655
859 4743
3391 4184
2126 4814
2534 2811
525 2196
819 1194
4458 4541
1053 2885
3220 4379
3865 4509
146 3619
4449 4953
58 4832
2951 4635
1570 4766
4379 4431
3860 4256
3220 4701
1329 3413
2338 4953
3039 4638
1579 4057
2534 2853
3660 4866
2156 4686
2512 4063
3621 3877
819 4656
3677 3805
2897 4830
2346 4793
3801 4332
350 4811
3822 4780
616 2963
3073 3945
1903 4905
3496 4753
2373 4449
3919 4740
4426 4480
4541 4752
824 3604
1105 4975
409 4869
3010 3582
30 4279
748 4793
992 3954
824 4836
2604 3877
3414 4125
3700 4740
1785 2538
3997 4114
1701 2641
3388 4655
585 4171
3247 3805
2236 2811
1564 4928
2897 4823
3506 4139
1254 3945
1885 4402
1412 2982
2066 4793
3391 4531
3520 4339
30 4467
4709 4983
469 4024
2066 3082
737 4450
1052 4863
2575 3799
1537 4108
1354 4717
3353 4908
3597 4507
3335 4740
2843 4743
4162 4854
3292 4858
852 4431
962 4197
2583 4953
3451 4884
4489 4814
3053 4024
3968 4628
2905 4467
852 4097
4425 4867
1423 4097
2192 4380
2256 4857
518 4753
445 3759
1256 3865
160 4928
3965 3975
1394 4780
4467 4870
3798 4374
536 4251
737 4475
3968 4402
1093 4531
2515 4152
3065 4059
2800 4437
4189 4279
1981 4057
2893 4489
2871 3975
4397 4832
414 1190
1812 3085
3220 3898
3975 4379
18 4753
2433 4868
910 3579
1128 4734
3825 4278
4198 4233
365 4983
3660 4539
1642 2544
1701 4753
1359 3242
18 3207
2893 4145
1785 4507
2486 3250
4397 4402
2848 4766
3326 4953
467 4830
819 4767
2570 3621
4069 4426
4858 4884
2570 4656
25 4198
2462 2952
2368 2444
1649 4888
2692 4502
3389 4888
2233 2664
1263 3365
2202 4908
3486 4749
3033 3082
4605 4956
977 2419
4059 4065
1336 4828
3801 3903
3391 4526
4251 4761
4431 4446
3268 4155
712 2035
3646 4837
114 3826
3520 4061
1047 4946
2963 3583
3198 4769
3822 4522
3028 4249
2811 4635
3950 4752
2538 4624
1120 4908
3742 4860
2844 4731
3031 4397
4154 4819
1907 4437
1190 4612
4016 4422
2339 2905
817 4061
2202 4832
792 3993
3938 4727
3759 4765
2380 4830
414 3742
4163 4624
2198 4956
3710 4740
4240 4946
616 4452
2512 3723
819 4233
535 3792
4154 4405
2035 4134
2198 2317
4352 4635
1107 4753
2384 4776
3322 4995
2667 4701
794 4863
1093 4526
1458 3975
1734 3508
1862 2583
3891 4139
4489 4761
1405 3558
443 3700
961 4953
98 2386
3388 4215
569 3066
4823 4916
919 4059
3227 4605
600 893
1867 3723
2555 4046
3198 4928
2919 4332
3525 4171
350 2985
903 1938
4015 4605
2447 3975
2981 3829
3250 4860
79 4015
246 4832
4167 4866
1856 1857
4245 4761
1762 4595
1120 4922
550 4541
1322 4945
1868 2491
3043 4352
3210 3307
3699 4197
745 4125
146 4776
4292 4320
2866 3757
1976 4381
2444 4814
1976 4743
3480 4828
3584 3604
3991 4511
3337 4905
4075 4189
3220 3975
4348 4897
3147 4155
124 4922
3097 4437
2418 4897
3250 4864
1623 4869
2156 3700
2720 4154
3736 4390
5 2444
3685 4402
4837 4888
1687 4425
2073 2586
2592 4196
3736 4651
519 3735
3053 4256
3413 4051
3938 4196
1531 4531
3825 3956
3737 4858
1151 4635
3747 3794
2657 3292
2856 3291
2421 4743
1476 3710
134 4046
585 4897
3550 4480
1615 3614
4184 4452
3491 4489
2867 4908
903 1809
897 2122
1393 4240
3207 4413
3597 3871
3335 4823
415 3050
4097 4183
1832 4673
1263 4766
2126 3826
2508 3335
2927 4638
3631 4863
3757 4975
2826 4916
3021 3243
1142 4311
622 2800
1696 4628
1825 4685
3291 4057
1615 3240
2934 4765
3912 4145
871 3147
3753 4249
1512 3951
2691 4866
4749 4793
3956 4065
1458 3898
2881 3388
2233 4469
1378 4709
3356 4743
790 4352
114 4983
1900 3951
3737 4241
2990 3365
3296 4628
2508 3930
3356 4055
4088 4656
4597 4605
1103 4522
4380 4776
1696 4651
1347 4220
3217 4854
1670 3315
3747 4975
3888 3921
2386 4332
4458 4465
4240 4292
1256 2945
4097 4685
2867 4922
2486 4452
2575 4485
479 3296
467 4734
29 4379
2257 3919
4069 4740
4638 4864
3521 4108
1881 4857
3051 4541
454 4024
917 4167
727 3896
651 3664
1862 4339
2346 3185
2715 3950
3448 3622
4162 4737
98 4685
934 1271
3550 4612
1322 3677
2233 4374
2433 4449
3742 4007
3001 3562
1330 2112
1380 4170
1570 4701
1643 4465
3806 4480
3825 4905
3965 4134
1903 4884
880 4380
1105 4866
289 3365
2945 3315
2025 4734
1867 3099
1160 1563
3353 4458
4522 4863
3520 4864
3822 4595
4311 4523
1277 4597
40 3753
3903 4507
4051 4281
1176 4162
1637 4864
2380 4734
258 4485
3161 4995
443 4828
1142 4055
1407 4776
2715 3860
1158 4289
2373 3448
2478 4091
1513 4752
3147 4922
1354 4897
1142 2315
2249 2963
3747 4731
3027 4437
3349 4864
1529 2866
3111 4908
1960 4651
2256 3747
3852 3993
3184 4953
29 4761
4134 4145
893 4655
1857 4866
3411 4776
317 4425
977 3723
3699 4945
121 4953
718 3949
946 4292
1922 4257
2871 4905
3044 3053
525 1938
3357 4888
2900 4776
3053 3614
4379 4766
1274 4870
3268 4832
1846 4352
2843 4055
4522 4523
622 3077
1462 4059
3322 4832
3930 4823
1971 2735
2628 3898
2889 4651
3693 3794
4352 4651
948 4467
1619 4983
3742 4612
2646 4222
387 4975
523 4945
95 3207
4867 4995
1857 3693
56 4197
2339 3723
2697 4823
2354 3952
124 1428
1825 4819
3051 4475
3356 3801
2657 4897
3391 4737
1083 2368
3413 4281
4413 4635
3804 4465
4864 4922
600 2919
3028 4867
2447 4832
2695 4485
2927 3560
2459 4709
29 2990
80 3736
2225 4731
1077 4717
3189 4819
4155 4832
1357 3521
1544 4995
1615 4475
3243 3742
859 2421
864 4628
2818 3506
1512 4811
2871 3825
3217 4224
2257 2465
3308 4953
4531 4539
2934 4811
2067 2583
1900 2039
2354 3550
3204 4743
4740 4828
2193 4134
4656 4767
1378 4776
2927 3456
2796 4069
3508 4458
2025 3806
630 3133
3260 4685
3619 3792
2444 3189
2225 3411
3753 4046
797 4701
4832 4858
211 4752
3337 4823
3465 4183
4162 4224
4147 4793
2739 4374
2735 3044
4007 4860
1825 2368
2354 4437
2715 3356
4154 4685
4740 4916
4257 4717
1391 4870
1191 3888
953 4257
2853 3456
2985 3217
2025 4869
3161 4437
3508 4465
1393 4905
1584 4425
4828 4854
532 2867
1584 4686
2952 4197
819 1064
3292 3871
3240 4450
2697 3829
4091 4595
1706 3737
130 4426
1233 4639
3013 3065
3431 4292
4256 4870
2405 4154
1204 4870
3733 4624
3365 4251
4007 4426
4811 4814
2249 4339
289 4638
3597 3733
3411 3582
909 3521
1676 4866
1907 3903
2800 3685
1827 2915
3829 4828
3296 4717
2893 4635
3321 3335
4196 4279
2717 4995
3050 3296
4607 4863
3204 4523
1499 4541
2447 2872
4469 4858
4057 4767
1642 4717
2963 4281
1946 4327
2693 4854
3242 3805
864 4776
1971 4245
1107 1832
4224 4737
1813 4469
2090 3431
3099 3801
1846 2853
814 2950
2900 4811
4240 4507
2257 3991
2654 4836
3036 4858
1394 3700
4737 4854
792 3217
1885 4638
2491 4057
553 4458
2308 4279
4108 4465
3308 4139
4167 4220
4405 4753
2872 4832
4249 4541
1176 4531
2361 4811
3465 4864
3693 4866
669 4511
2796 4812
4352 4908
474 4836
3351 3898
717 4531
3822 4884
3094 4916
1903 4278
576 4717
1513 4541
1609 4685
2477 4332
1751 3013
3950 4753
885 3861
2455 3242
2195 4145
532 4446
2538 3733
3660 4241
443 3710
1274 3185
4830 4869
3737 4469
802 4155
694 4480
2604 2889
3210 3388
4088 4767
4836 4864
1058 1405
3965 4327
1623 4624
828 4830
136 4065
4240 4489
2856 4767
630 1907
2490 3871
3300 3735
4251 4292
3930 4740
3952 4339
3583 4864
579 4731
2782 4780
2199 3358
3912 4673
2256 4734
3431 4251
3710 4628
1734 3198
2477 3526
2421 3204
3349 4452
1670 4374
146 4639
3099 3903
3451 4489
130 4251
3027 4766
3486 4717
4381 4656
3365 4905
2460 4767
2404 2822
2854 4765
18 2818
4752 4769
4184 4526
3896 3991
3913 4063
3260 4154
4139 4908
3300 3742
1813 3737
1056 4405
2739 4819
2667 4446
2794 4497
2867 4605
4511 4743
1609 1846
1378 4983
1359 4422
3413 4836
3891 4908
4059 4446
4222 4595
4811 4953
536 3956
1542 4339
1618 4928
2380 3733
2692 4605
1095 1696
3207 4867
535 4426
3912 4866
2592 4793
4088 4233
1329 4864
4108 4922
4145 4327
3825 4065
3753 4956
4046 4870
1960 4222
1263 4422
414 4426
2339 4114
4245 4292
662 4348
962 3013
992 4222
4953 4995
1378 2739
2691 4812
1615 4857
469 3094
893 3903
2304 2893
4767 4869
1095 3826
2405 4819
1014 4425
1274 2692
66 1518
1061 2199
569 2199
3968 4769
3508 4108
1788 2315
1232 3560
3301 3693
1813 2915
2844 4673
3792 3802
2866 3794
1827 4752
961 4765
973 2985
2796 4426
2867 4832
3291 3621
3456 4638
4249 4311
1064 4088
4752 4767
2646 4507
3528 4737
4240 4905
1347 3265
436 1537
1867 4502
1638 2654
2229 4766
4522 4888
4184 4737
3805 4452
3700 4686
3954 4737
3240 4857
3735 4612
3358 3649
3039 3560
3447 4241
4215 4497
1676 4167
2844 4220
3891 4922
4405 4867
3954 4624
3737 4635
2049 4870
3993 4379
3411 4983
718 4866
2066 4075
3558 4858
4183 4452
2478 4497
3388 4125
1394 4888
1857 3949
454 3402
2822 3521
3389 4863
3965 4928
3693 4539
4868 4888
2512 3801
2122 4765
3357 3631
1981 3621
3448 4884
510 4897
1353 2945
3825 4489
1846 4635
246 4108
1077 4348
1537 4749
3991 4381
1394 3357
2459 4776
3954 4222
4812 4860
3646 4888
4046 4189
1762 4509
1194 4612
2467 3747
2556 3997
3198 4995
3786 4743
3622 4522
2628 4016
474 4075
2508 4823
3737 3798
1058 2660
3896 4597
1092 4832
3898 4431
3496 4867
4480 4507
1615 4249
1618 3736
1447 4749
1158 4928
1353 3447
2405 4814
2881 3562
715 4089
3852 4489
2067 3723
3891 4437
717 4854
4162 4743
4379 4381
814 3402
1609 4635
1096 4983
3792 4639
1077 4897
3210 3801
879 4673
1136 4402
1361 3217
3189 4685
2384 4709
2963 3996
3757 3949
3321 4526
3945 4945
67 3975
4348 4761
1347 4539
157 4870
618 4648
3240 4249
768 4431
4449 4780
2495 4497
3738 4734
2164 3558
3207 4753
3210 4125
30 2994
1391 2927
2715 4867
2515 4402
2994 4397
3660 4975
3735 4426
3247 3747
3431 3579
3677 4183
1254 4059
897 1053
4046 4425
4446 4946
1286 3759
4502 4597
2693 4638
1762 2822
651 2404
828 4734
1057 4908
579 3949
1609 3560
4814 4946
3993 4422
859 3786
2694 4761
3521 4595
186 4522
2317 3315
847 2853
2187 4057
2796 4860
3622 3888
734 1126
130 4007
4480 4860
4837 4863
1233 2982
962 2952
2055 4379
523 4278
1809 4639
3451 3825
1191 4863
2695 2794
3798 4860
2934 4170
1053 4858
2531 4868
4163 4497
4114 4256
3184 4811
3111 4832
4709 4945
3448 4837
2848 4139
745 4734
4868 4995
3077 4769
3250 3349
1618 3604
1142 4628
1886 4727
694 4686
2950 4866
2025 4830
1642 4897
2990 4245
4171 4819
3332 4171
3629 4811
1762 4327
641 4469
880 4709
727 3921
3950 4292
3896 3919
2198 2386
56 3085
581 1563
630 4769
2354 3742
3051 3852
2404 4734
4686 4828
1095 4814
1378 2982
4780 4884
2090 3825
4145 4928
3629 3631
4198 4639
523 2403
4380 4983
4639 4837
18 518
961 4819
2202 3147
2691 4413
490 4983
532 3077
2256 4402
510 4717
852 4055
934 1447
1813 4289
3975 4422
3614 3965
3860 4147
4097 4743
4595 4734
2709 4819
2694 4489
748 3860
1499 3073
2697 4686
1718 2861
764 2800
3198 4437
1329 4605
3582 3619
3930 4686
1584 2743
3247 3996
3322 4063
1047 4597
2229 4016
3685 3968
3604 4836
1513 4857
2025 2380
3996 4836
4539 4673
2982 4776
3082 4196
3147 4509
3491 4648
2373 4884
845 2664
3321 4015
2490 4624
2818 2872
3871 4222
3307 4819
3896 4511
2404 4509
3217 3528
961 4995
727 4511
784 4425
1687 4523
1868 4088
2735 4956
1788 4162
3562 4655
903 4485
618 4727
2782 4868
2822 4869
2853 3043
3798 4469
2555 3265
3786 4523
4884 4888
2495 3332
4320 4397
1687 4916
802 2477
992 4624
4196 4727
3822 4864
2735 4015
2987 3888
4450 4541
910 3621
2308 4147
4075 4279
3147 3804
66 4983
1881 3066
2818 4832
3757 4220
454 3991
4184 4928
778 4814
3185 4502
525 4381
3161 3988
1637 3996
1671 3965
1946 3558
2604 4233
3389 4868
4648 4727
1024 4814
2384 3619
109 4251
910 2694
849 4867
2055 4485
2796 3742
3198 4607
2691 4731
3001 4348
916 2544
2359 4761
4469 4857
1048 2856
877 3010
4198 4776
2720 4814
1900 4953
3582 4983
30 4956
58 4458
2187 4761
2919 4125
3326 3448
1350 4612
3349 4281
3119 3736
3391 3528
3558 4289
3053 4015
3860 3997
2220 3204
3738 4830
2346 3860
4171 4257
3021 3806
2067 3562
3389 3759
3388 3526
1696 4860
4475 4541
3130 3736
885 3738
4531 4828
2800 4607
2384 4983
2881 4655
576 4171
5 4858
66 2915
1577 2430
4863 4888
130 4069
2843 3356
930 4945
1563 4278
734 4539
3351 4946
2122 3326
1126 4167
3491 4727
4065 4251
3296 4749
1868 4198
3865 4390
4595 4869
1107 2392
414 4860
1618 3965
4431 4701
962 3065
764 3066
1093 4737
613 3447
3806 4612
4257 4541
2495 2794
703 2465
2657 4184
622 3685
1347 4673
1361 3480
2843 3786
3351 4431
3301 4539
910 3956
2534 2927
1919 2111
2628 4446
2826 2981
1642 3486
2044 2897
1922 4348
3085 3597
3801 4063
1544 3968
3723 3913
2257 4511
3913 4215
4437 4607
3031 4320
1881 3649
1976 4311
4332 4753
30 4612
3631 4837
2641 3950
806 4624
2418 4257
2840 4522
2491 4256
3099 3798
3486 4897
4717 4897
1274 4475
2919 4655
1862 4061
651 4869
817 4170
2460 4656
1024 4819
2848 3220
4279 4502
4425 4916
4449 4868
4607 4612
4257 4348
3402 4381
124 4819
2199 4752
916 4374
463 3033
1238 4908
1274 4256
409 4595
2720 4819
3700 4916
2981 4686
2952 3998
2491 2570
3818 4884
3891 4832
2881 4125
350 4953
2220 4311
4065 4245
3757 4866
3888 4522
4539 4731
3520 4281
2575 2794
1538 4864
2495 4091
3753 4189
263 4656
1414 4197
3736 3742
3898 4379
2035 4145
880 4983
3133 3627
2555 3082
4183 4655
2885 4320
2951 3560
3332 4897
1048 4767
3888 4780
1564 4869
4449 4863
4595 4830
652 1428
4171 4348
2233 4858
2067 4655
1047 4245
910 2095
1204 1638
3759 4061
3852 4292
4381 4793
652 4905
1096 4709
1897 3033
2386 3562
4089 4651
1564 4734
473 4767
3268 4114
3307 3322
1407 4983
436 3891
4769 4832
1107 4769
1256 4858
4224 4854
1128 3043
2739 3826
3232 3631
2583 4811
3759 4995
2359 2871
646 4734
691 3877
2025 4509
1407 1526
3111 4465
510 3332
3389 4837
3448 3818
473 4727
1330 3865
2848 4431
3604 4867
581 4497
3296 4526
2455 3677
3077 4402
4450 4458
445 2039
1142 4743
3747 4220
1976 4055
463 3753
3066 4426
3786 4097
2554 4717
4734 4869
4450 4752
916 3031
1962 4837
3243 3806
828 4509
1569 4685
1330 3301
3066 4541
2460 4233
4114 4196
3133 4769
3242 4184
3300 4812
1254 4945
2111 4766
168 4869
3804 4908
2692 4467
3871 3954
1544 4769
2985 4162
56 4507
2308 4196
2558 3913
3747 4673
4731 4975
263 4057
613 3220
2905 4256
58 811
3028 3335
1336 4737
768 4766
814 1718
2444 4685
4046 4147
664 2490
550 4638
1856 4908
768 2950
2491 4656
2853 3027
1052 4897
1900 3326
2462 2544
2919 3723
2695 3799
734 3949
2373 3888
2866 4975
4701 4766
3582 4233
519 3896
121 4908
2963 4184
3740 4469
4016 4379
3021 4007
136 946
917 4624
1919 1986
4055 4097
4059 4162
2660 3558
1407 3411
1986 4648
4381 4511
4278 4292
2512 3099
1751 3413
2990 4065
1856 3268
2430 3794
1538 1563
845 4469
4057 4233
4125 4655
3147 4458
2315 4740
1024 4154
2229 4379
2586 3456
4656 4867
146 4731
2604 4870
2900 4765
3486 4348
3913 4125
4526 4737
3050 4059
1643 3829
1160 3579
3097 4995
2709 4685
4089 4233
4289 4469
2403 4761
332 4257
1862 4765
10 3210
4685 4814
230 4897
3486 3799
755 4091
1922 4897
3322 3913
3521 4869
2981 3930
2843 4523
3051 4857
4152 4597
2844 3526
4426 4860
2854 4061
2419 4125
525 814
1615 3028
2368 4814
1825 4814
3627 4995
4422 4766
2467 4220
824 4183
2359 4154
2380 4509
3247 4339
3357 4868
4069 4480
1809 2478
1976 3786
575 4522
4215 4332
2881 3801
3799 3921
1687 4828
1232 4163
2354 4007
3627 4769
3826 4819
67 4422
1271 3930
4480 4612
4539 4866
2641 4753
289 3039
2570 4767
3010 4381
1058 3558
1330 3126
1476 3558
80 3583
1919 4946
2046 3520
2225 4380
2319 4734
2497 4867
1619 2692
845 2544
1962 3951
3685 3988
575 4162
4458 4922
2534 4635
4422 4753
258 4091
3250 3604
2694 4905
553 4155
1499 4059
2308 4870
1538 3349
1476 4740
665 2694
3988 4769
2192 4983
3520 3952
545 1350
3465 4452
784 3860
2249 3250
2695 4497
2810 4752
3085 4222
4184 4854
1014 4405
3660 3912
1273 3402
811 3207
2465 4152
3189 4154
3353 4465
109 4761
2090 4240
3629 3951
1353 3798
3326 4811
4241 4469
2538 4507
1907 4995
3584 4450
4075 4467
2531 4837
1617 1938
1509 4740
3865 4868
3227 4946
3447 3798
3265 4046
1128 4638
1569 4819
2187 4251
4607 4995
1907 4769
3301 3912
3996 4339
3852 4245
532 4922
4380 4639
2843 4097
1423 3896
2826 4740
3296 3413
3013 4945
4648 4651
3496 4405
3579 3852
3685 4152
2236 4635
2373 4091
1570 4431
5 4289
2459 4639
3956 4240
1907 4607
4139 4145
1564 4830
2715 4405
2368 4819
4458 4908
4170 4953
2404 3664
1538 4183
3204 4311
3991 4024
4509 4869
1867 3526
2187 4240
4065 4761
755 2055
1836 4327
2490 4163
2339 4075
46 621
95 4753
1976 3865
4075 4502
1812 2695
2497 4776
1971 3852
1701 4405
4114 4956
4063 4857
2195 4257
363 3526
3066 4475
3660 4731
3051 4837
4531 4541
2354 4837
3094 4209
184 3685
3738 4509
1353 1405
3082 3448
2319 3133
934 4823
4651 4812
3010 3204
4509 4819
1542 4162
2982 4983
3353 3508
3391 4162
3998 4837
1526 4737
332 4348
575 4224
2800 3891
3579 4905
317 4155
2112 3126
1671 2304
3243 4171
2604 3291
715 4767
1047 4854
3356 4311
1868 4089
3447 4374
4431 4766
579 3912
246 3268
3735 4480
3065 3073
3646 4240
576 4897
2592 4737
1734 4425
3013 4197
2039 3723
1856 2867
3315 4858
2604 4089
2583 4279
1619 4709
916 4125
263 691
2840 4868
3413 4638
1350 3735
3414 4425
4753 4867
4209 4717
545 4256
1414 3013
3308 4922
3903 4332
4374 4905
4469 4863
4379 4446
333 4767
4152 4511
230 4686
1329 1637
2164 2233
2657 4374
3265 4823
824 2534
3189 3260
518 4458
1577 3747
3073 4945
4422 4446
1529 3802
3032 4857
1254 3801
2202 3614
3604 3677
3243 4507
3629 4765
1542 4854
1194 4480
4015 4147
3451 4905
621 3562
2990 4278
4628 4812
792 3975
184 3356
359 4108
2122 2854
748 2905
3871 4624
3365 3956
4828 4916
1900 4811
2656 4995
2433 3358
1817 4233
40 4857
2229 3097
3896 4381
4327 4928
25 4767
3952 4836
727 4381
3631 4449
3353 4922
1176 4526
2982 4057
3250 4339
3629 4061
230 3094
1093 4854
4734 4830
953 2346
3077 3627
363 1960
10 2512
2810 4541
990 1277
3829 4425
56 3597
1584 4916
2667 4016
2187 3431
2225 4709
2586 4352
3021 4612
4485 4497
545 4015
2156 2981
3291 4656
852 4743
3506 4922
4352 4426
3802 3818
3242 4864
3021 4426
3391 4224
3521 4734
844 4776
3232 4449
1151 3147
3965 4656
4075 4870
2044 3664
2212 4975
1407 4709
2319 4830
2558 4215
2693 2695
2361 4922
1286 4953
3991 4152
2693 2856
622 4374
3210 4063
3321 4605
2418 4717
1778 3852
618 3185
387 4224
3528 4854
3291 4089
3792 4776
2504 4916
4390 4628
95 4867
1718 3402
3861 4152
121 4765
2735 3227
4279 4339
755 4497
3032 4249
3733 4222
1617 4091
2854 3951
828 4869
2047 3996
3013 4767
4189 4605
1962 4397
1762 4830
2308 3044
2693 3308
4069 4812
1354 3954
3693 4635
4673 4731
581 3956
479 4749
794 4868
4425 4740
80 3956
4352 4638
3975 4701
3119 3130
2359 3865
1447 4916
2467 3301
784 4075
2692 3997
2531 4780
849 4425
2628 4422
3227 4502
3431 4245
3506 4908
4449 4837
4091 4497
3044 4502
2818 3353
3130 4467
3550 4812
4249 4752
859 4097
3210 3723
4292 4946
2460 2743
4437 4769
3699 4059
3622 3646
4063 4332
1423 4523
98 1462
784 4928
4522 4884
806 4507
1357 4830
662 4897
934 4209
2317 3402
2403 4251
2691 3802
3871 4163
4145 4155
1136 4607
2233 3315
2430 3912
3043 4638
849 4863
4437 4995
2861 3998
2049 4605
3242 4183
990 2994
3520 3677
3759 3951
1160 4761
4125 4134
3735 4069
79 4279
2478 4485
3860 4502
4167 4673
3307 4063
3247 3413
2380 4869
3389 3649
1380 4995
1538 3247
1271 2459
2046 4281
2046 4836
2220 3356
4868 4884
2586 4635
3077 3525
2950 4701
1526 4854
1570 4946
3351 4016
3526 4063
3794 4167
2715 3207
2950 3220
2952 3699
3001 4717
4024 4597
758 3326
4189 4956
1778 4278
1354 4171
1619 3411
2660 4709
3036 3447
3451 4946
2111 4752
811 4867
2848 4908
2515 3919
1671 4381
1206 3998
4526 4828
2720 3189
613 2544
4046 4467
2039 2717
3082 4467
4089 4198
2692 4091
2826 4686
2554 3332
1827 4541
168 2897
3818 4863
181 1885
2049 4868
2193 4767
3119 3804
1785 3597
3919 4511
3130 3693
1346 4814
3032 3584
3753 4857
4170 4995
2927 4635
641 4374
2486 4311
2558 4655
2987 4863
2460 2889
3951 4170
4425 4823
1825 3826
230 4916
4279 4597
1380 4811
4222 4507
794 4888
544 4731
3825 4709
2192 4709
3161 3198
4278 4761
4539 4975
1986 2229
3250 4836
4475 4752
3292 4289
973 1151
2785 4651
1233 4709
1839 4507
2810 4475
652 3822
2848 4922
3805 4125
4402 4793
2810 3584
1938 4485
880 3010
2304 4327
2934 3184
1655 4163
712 2419
2418 4656
2419 4908
2486 3465
2660 4858
4147 4502
4348 4397
4402 4607
4628 4740
2853 4638
295 4908
332 4717
1256 4374
2664 4289
1346 2743
1922 4717
1176 2840
2840 4780
3431 4278
3622 4837
3051 4752
317 4753
2315 4743
3792 4198
664 4624
2854 3583
518 4405
871 3737
160 1126
1254 3065
1170 4860
1126 3757
3039 4352
2339 4046
304 3921
2531 4888
4147 4511
2046 4864
3968 3988
3938 4648
3099 4332
4016 4701
4339 4452
4059 4945
2796 3806
4866 4975
1976 4523
629 4731
4509 4595
1064 4233
2945 3740
3757 4051
2373 3798
3804 4922
3825 4251
3805 3952
3737 3865
4737 4740
211 4857
2386 3526
4539 4869
1655 4507
3631 3822
4541 4857
4075 4147
2047 3242
1609 4352
1513 4475
409 4830
2315 3786
2915 3584
1394 4837
3465 4233
2531 4863
4905 4946
3865 4469
768 4701
2486 4864
3227 4956
317 518
3335 4916
811 4753
2534 2951
2990 4240
3491 3757
3583 4836
1056 3950
3322 3388
2844 4539
4475 4485
849 2715
3189 4814
2656 4374
4522 4837
1428 4108
3232 4884
1813 3798
3010 4776
134 4597
1095 4819
2810 3240
2691 4220
4139 4155
2854 2934
1357 4734
2164 4836
3735 4007
3028 4752
1809 4485
1825 4088
2905 4189
3521 3738
2490 4765
1960 2656
3357 4522
909 1564
2796 4612
2667 3220
4278 4946
2826 3930
2558 4281
469 3896
953 4348
2035 3614
2039 4953
3735 3806
1518 4749
3119 4673
2951 4638
903 4497
1900 4061
923 4607
1277 4953
3861 4812
1405 4858
2822 3699
2465 2861
1897 2339
778 4819
58 553
4480 4812
3550 4860
4767 4793
2952 4945
523 2095
1812 3954
3217 4526
3622 3822
3077 4607
40 3085
2950 3975
1378 4639
1986 4446
871 2660
3413 3952
2491 2856
2067 3210
585 2195
3997 4196
1052 4837
2478 3818
3792 4709
2583 4765
2319 3649
2419 4655
2657 2885
1052 4884
2404 4281
2477 4125
1310 4069
317 4867
1238 3147
3147 3508
629 3660
3185 3321
3956 4946
2866 4866
1329 3805
3829 4823
46 4888
3888 4449
4450 4983
1981 4866
2346 4916
2822 4215
2055 4497
1809 4091
2850 4196
2465 4511
802 4743
1638 3027
930 4390
948 4793
2067 2919
4055 4523
1570 4446
3073 4497
2421 3945
4780 4868
2693 4737
4765 4953
2688 4055
1056 3414
2905 4605
3993 4766
4189 4765
4245 4251
4016 4446
454 4511
1191 3448
79 4870
3528 4061
3480 4854
2049 4256
1563 4905
3649 4541
2090 4956
3021 4480
4380 4709
1061 3753
29 3804
1577 3968
4686 4740
3243 4860
3794 4539
2073 2951
4860 4916
3804 4155
1531 3525
3033 4015
4863 4884
1609 2073
621 4864
1359 3921
3099 4215
2467 4866
712 2840
18 4867
2697 4916
3161 4402
1359 1919
3198 3243
879 3051
2090 3451
1393 4761
3525 4381
844 1096
1701 4867
630 3988
2373 4868
2462 4289
897 2934
490 3792
3451 4761
3322 4867
3622 4884
3646 4863
1047 1903
1499 4197
758 961
973 4737
923 3988
1024 2709
3184 4522
4422 4701
1083 4819
1763 3998
1544 3988
1277 1718
2122 3951
2905 3860
333 715
879 4731
2433 4888
569 3051
2229 3898
817 4007
1885 4352
3332 4717
3614 4145
4139 4922
2198 4381
67 4016
764 3322
2885 3292
3898 4051
2515 3723
1057 3508
1885 4635
1986 4016
3903 4125
2840 3357
2692 4870
181 4352
1206 1462
1670 2667
2447 2818
3799 4497
1206 3802
1897 4163
4475 4857
3508 4139
463 4956
2392 4163
3945 4197
4162 4526
4749 4767
4152 4381
4245 4278
3389 4884
2592 4945
168 4734
1529 4539
2850 3491
3185 4793
1273 2900
4024 4152
3480 4224
1232 3954
2111 4701
3621 4767
2794 4522
5 3558
1206 4945
1632 4152
4281 4339
897 3951
1856 3308
2126 4154
3077 3247
3268 4908
4639 4983
79 4147
646 2319
2664 2885
1083 4154
3411 4956
3584 4249
2850 2856
2720 4685
3491 4139
3861 4605
2066 4870
3742 4069
3451 4450
2444 3260
665 4905
1809 3919
3753 3975
1788 3204
1632 4597
3627 3968
3351 4422
790 4638
5 3655
10 2615
18 4730
25 4912
29 4098
30 4399
40 4466
46 2263
56 3637
58 4463
66 4901
67 4601
79 3922
80 4505
95 2787
98 4559
109 4160
114 4865
116 4774
121 2571
124 4920
130 2026
134 4571
136 3670
146 3146
157 4822
160 4987
168 4982
181 4976
184 4325
186 1045
211 3421
230 3944
246 4451
258 2722
263 2033
289 3348
295 4404
304 4415
317 1758
332 4759
333 4923
350 4058
359 4587
363 4617
365 4312
387 2864
409 805
414 4990
415 4375
436 4214
443 4984
445 4192
454 3180
457 2266
90 463
467 3890
469 4344
473 986
474 4816
479 4356
490 3158
510 4637
518 3791
519 4786
523 4577
525 3713
532 2999
535 4695
536 4939
544 1172
545 2737
550 4576
553 4584
569 4543
575 4964
576 3401
579 4260
581 3064
585 4895
600 4433
613 4887
616 4926
618 4410
621 4494
622 702
629 4742
630 4782
641 3122
646 2320
651 3317
652 4165
662 3406
664 3648
665 1154
669 1607
677 2451
691 3668
694 4712
703 4517
712 4827
714 715
717 4567
718 3756
727 1818
734 2352
737 4316
745 4853
748 4123
755 4517
758 4937
764 3132
768 4824
778 3522
784 4044
790 3131
792 3704
794 4238
797 3395
802 4955
806 4961
811 2672
814 4173
817 4715
819 4362
824 4670
828 2781
844 3341
845 4393
847 4878
849 4552
852 3299
859 3538
848 864
871 2241
877 3769
879 4657
880 3880
885 4238
893 1622
897 3670
903 1830
909 1379
910 3490
916 3563
171 917
919 2340
923 4690
930 4545
934 4675
946 2832
948 2303
953 4878
961 4783
962 4623
973 3556
977 2626
990 1363
992 4756
1014 3205
1024 3672
1047 3907
1048 3471
1052 4479
1053 2755
1056 4187
1057 4227
1058 3971
1061 4824
1064 4833
1077 2847
608 1083
1092 4287
1093 4984
1095 3617
1096 4029
1103 4254
1105 4790
1107 4451
1112 4955
1120 3319
1126 4288
1128 4178
1136 4900
1142 4313
1151 4949
1158 1963
1160 3967
1170 2364
1176 3767
1190 4962
1191 4417
1194 2776
1204 4005
1206 3835
1009 1232
1233 4773
1238 4120
1254 4280
1256 4395
1263 4781
1271 4807
1273 3483
434 1274
1277 4934
645 1286
1310 4637
940 1322
736 1329
1330 2027
1336 3714
1346 4746
1347 4243
1350 3827
1353 3492
1354 4066
1357 3849
1359 4735
1361 3203
1378 2911
1380 4631
1391 4934
603 1393
1394 3727
1405 3607
1407 3698
1412 4237
1414 2825
1423 3972
1428 3967
1447 4933
1458 4119
1462 2072
1476 3969
1499 4948
1509 4712
1512 2089
471 1513
1518 4214
1526 4758
1529 4254
1531 4654
1537 4463
1538 4424
1542 4005
1544 2907
1558 3957
1563 3578
1564 4360
1295 1569
1570 4834
1577 1605
1579 4202
1437 1584
1609 1852
1615 4989
1617 3819
1618 4744
1619 4936
1623 4094
1632 4359
1637 4674
789 1638
1522 1642
1643 3516
1649 3083
1655 2344
1670 4305
1671 3498
1676 4803
1687 4355
1696 4173
1701 1887
1706 3618
1045 1718
1734 4286
1751 2894
1762 3314
1763 1870
1778 3143
1785 3399
1788 3551
1809 4768
1812 4574
1813 2266
1817 4779
1825 2779
1827 3762
1832 4947
1836 4873
1179 1839
123 1846
1856 2993
1857 3144
1862 2074
1867 4992
1868 4729
1881 4307
1885 2632
1886 4601
1897 4992
1900 4408
1903 3212
1907 4346
1919 4671
4 1922
1938 4987
1946 4817
1430 1960
1962 4385
1971 4896
250 1976
1981 3658
1621 1986
2025 4949
2035 3870
2039 4606
2044 4887
2046 2118
2047 4763
2049 4618
2055 4642
2066 4795
2067 4770
2073 4937
858 2090
2014 2095
1094 2111
219 2112
2122 4095
2126 4477
2156 4117
2164 4626
1364 2187
2192 4439
2193 4455
2195 4164
2196 4690
2198 2269
2199 2208
2188 2202
2212 3404
2218 2220
2225 4556
1702 2229
1965 2233
2236 4596
2249 4999
2256 3423
2257 3797
2304 4444
2293 2308
2315 3239
2317 4885
2319 4818
2338 4950
2339 4718
2346 4468
2354 4068
2359 4436
2361 3224
2368 4742
2373 3830
2380 3501
2328 2384
166 2386
1452 2392
2403 4982
2401 2404
2405 4308
2418 2960
2419 4036
2421 3127
2430 3768
2433 4893
2444 4949
2447 3500
2455 4959
2459 4736
2460 3199
2462 3892
2465 4393
2467 4416
2477 2788
2478 3237
508 2486
351 2490
2491 3223
1351 2495
848 2497
2504 3376
2501 2508
2512 4559
2515 4689
1912 2531
2534 2648
2538 4658
2544 4748
2554 4967
2555 4674
2556 4076
2558 3561
1498 2570
2575 4693
2583 4779
2586 3764
2592 4082
2604 2606
2628 4896
2641 4779
2646 4733
1487 2654
2656 4666
2657 3607
1883 2660
2664 4562
2667 4123
2688 4297
2691 4794
684 2692
2693 4599
2694 4270
2695 4636
2697 4062
2709 3992
2715 4703
2717 3973
2099 2720
2310 2735
2739 2742
2743 3045
453 2782
2785 4146
2054 2794
2796 3441
2800 4141
2810 4168
2811 3513
2818 4741
1673 2822
2826 4325
2840 2887
2843 4414
2844 4342
2848 3233
2850 4410
2853 4020
2854 2914
2856 4119
636 2861
513 2866
2867 4939
2871 4876
377 2872
2881 4084
2885 4144
2889 4739
2893 3117
2897 4947
2900 3140
2000 2905
2915 4298
2919 4104
2927 4938
2934 3934
2945 4982
2950 4269
2951 3820
2952 4575
2963 4941
2981 4126
2982 4404
2985 4750
2987 4329
2990 4798
2994 3698
2085 3001
3010 3764
3013 4952
1840 3021
3027 3040
2008 3028
3031 4313
3032 3135
3033 4581
3014 3036
3039 4286
3043 4047
3044 4415
3050 4463
3005 3051
1608 3053
3065 4532
3066 4255
1438 3073
3077 3770
1959 3082
2737 3085
3094 3707
3097 4495
3099 4634
1695 3111
3119 4984
3126 3847
3130 4794
3133 3573
3147 4404
3161 4231
3184 3831
303 3185
3189 4062
3198 3437
2547 3204
1864 3207
3210 4101
2799 3217
1284 3220
2416 3227
3052 3232
3240 3659
706 3242
3243 4781
2411 3247
2182 3250
2783 3260
3265 4056
3268 4090
3291 4750
1918 3292
3296 4958
3300 4568
3301 4792
1258 3307
3308 3832
3315 4527
3321 4849
3322 4514
3326 4694
3332 3344
3230 3335
3337 4739
3349 3969
2855 3351
3353 3739
419 3356
3357 3842
3358 4738
2585 3365
3388 4269
3389 4747
2590 3391
3402 4799
3411 4042
2960 3413
2780 3414
1766 3431
3447 4247
3448 3823
3451 3567
3456 3534
3460 3465
3480 4879
3034 3486
3491 4892
1521 3496
3506 3816
3508 4998
3520 4848
2382 3521
3525 4627
2813 3526
3528 4048
3550 4354
3558 3732
3560 3751
3553 3562
3440 3579
3304 3582
3583 4915
3584 4947
3597 4736
3244 3604
3614 4873
2638 3619
404 3621
2635 3622
3627 3636
3629 4282
3631 4798
3646 4940
3649 4340
3660 4460
2079 3664
1493 3677
3685 4417
3693 4364
3699 3781
3700 4838
3710 4970
3723 4117
3733 4988
3735 4705
3736 4630
3737 4291
3738 4699
3740 4336
3742 4394
3201 3747
3753 4414
2331 3757
3759 4987
3786 4979
1071 3792
3794 3835
3798 4246
509 3799
3801 4696
1703 3802
3037 3804
3425 3805
3806 4357
3125 3818
3371 3822
3825 4723
3826 3831
3829 4707
1984 3852
3860 3870
3861 3873
3865 4406
1296 3871
3877 4713
3888 4274
2980 3891
2250 3896
3898 3908
3903 4107
3912 4274
3913 4886
3919 4146
3921 3944
3930 4179
3360 3938
1930 3945
989 3949
3950 4370
3271 3951
3176 3952
176 3954
3428 3956
1419 3965
3968 4813
3473 3975
131 3988
3331 3991
2988 3993
3996 4479
3741 3997
667 3998
981 4007
3234 4015
4016 4724
2914 4024
3984 4046
4051 4861
4055 4579
4057 4847
1754 4059
1145 4061
724 4063
3118 4065
2393 4069
595 4075
4088 4777
3594 4089
4091 4944
4097 4791
4108 4375
2139 4114
2766 4125
2652 4134
2145 4139
4145 4159
4147 4546
2040 4152
4050 4154
4155 4161
4162 4702
1672 4163
1935 4167
52 4170
4171 4182
4172 4183
4184 4777
191 4189
4196 4985
4197 4295
566 4198
4209 4306
3982 4215
4220 4586
1168 4222
2322 4224
4233 4484
4240 4658
1507 4241
4245 4878
3538 4249
4251 4304
458 4256
4257 4270
3750 4278
1882 4279
4172 4281
3636 4289
1858 4292
3176 4311
2098 4320
3872 4327
3092 4332
865 4339
254 4348
1749 4352
4110 4374
4379 4915
1417 4380
3346 4381
1069 4390
3182 4397
2820 4402
2450 4405
1928 4413
4422 4822
2581 4425
3902 4426
1786 4431
3313 4437
1307 4446
4449 4642
4450 4463
4452 4962
4458 4875
4369 4465
319 4467
2860 4469
2820 4475
4480 4608
4427 4485
4489 4581
4484 4497
2171 4502
4507 4992
4495 4509
2614 4511
4120 4522
1198 4523
4526 4775
659 4531
4219 4539
4541 4786
3382 4595
4442 4597
4605 4965
3446 4607
4612 4622
3596 4624
1318 4628
2246 4635
1662 4638
1911 4639
4648 4807
1472 4651
4655 4664
1602 4656
4673 4733
4646 4685
4417 4686
3374 4701
4709 4941
2148 4717
4694 4727
2903 4731
3482 4734
3982 4737
4527 4740
4711 4743
3746 4749
1432 4752
3791 4753
2838 4761
2992 4765
1826 4766
2222 4767
1253 4769
3847 4776
3476 4780
1748 4793
4811 4843
1493 4812
1838 4814
4693 4819
4823 4961
4084 4828
1370 4830
4530 4832
4667 4836
4555 4837
2668 4854
3789 4857
2599 4858
4860 4895
4863 4927
4845 4864
3858 4866
2253 4867
4525 4868
1957 4869
2777 4870
1028 4884
4011 4888
1298 4897
2974 4905
4058 4908
4916 4961
2986 4922
4925 4928
4395 4945
3248 4946
4269 4953
4640 4956
1471 4975
1101 4983
158 4995
10 4099
25 2858
40 4302
46 371
56 3955
58 1932
66 4941
67 4600
79 4353
95 1997
98 2533
109 4872
114 4958
116 4736
121 4862
124 1603
130 3561
134 3312
136 4382
146 4891
157 558
160 4515
168 4010
181 4020
184 4594
186 4917
211 4553
230 4212
246 3110
258 4636
263 4847
141 289
295 4664
304 2736
317 4081
332 4913
333 3595
350 3880
359 1046
363 759
365 4770
387 4744
409 4388
414 4791
415 3354
436 2685
443 4986
445 4547
454 4006
457 4872
463 4994
467 3980
469 2557
474 2243
221 479
490 4388
510 4143
519 1270
523 4986
525 2947
532 2973
535 3970
536 4927
544 4798
545 2075
550 4877
553 4557
569 4092
575 4856
576 4407
579 4026
585 3931
600 3109
288 616
618 2542
621 2064
622 4948
629 4997
630 4614
641 4957
646 3306
651 2707
652 3827
662 4981
664 4941
665 4133
669 4919
677 4314
691 4328
694 4825
703 4302
715 3932
717 4610
718 1554
727 3186
737 1446
745 3201
748 4803
755 4323
768 2528
778 4774
784 4378
790 4925
792 2795
794 4053
797 4558
802 4478
806 4617
811 2253
814 4058
817 3840
819 4695
824 4172
828 4962
844 3160
845 4492
847 3673
505 849
852 4623
859 3371
864 4676
871 4862
877 4959
879 1291
880 4987
885 4386
450 893
897 4555
903 4586
909 3392
910 4770
917 2585
919 4678
923 4784
930 4275
934 2429
946 3312
948 1666
953 3469
961 3175
962 3554
973 3643
977 3570
990 4391
992 1437
23 1014
1024 4533
1048 4376
1052 3815
1053 4751
1056 4577
1057 4017
547 1058
1061 4106
1064 4092
1077 4873
1083 3372
1092 4974
1093 4813
1095 4775
1096 4663
1103 3790
492 1105
1112 4718
1120 3200
1126 4650
1128 2007
1136 3608
1142 4556
1151 2551
1158 4895
1160 4879
1170 4312
1176 4803
1190 4460
1191 2744
1194 4262
1204 4885
1206 4591
1232 3570
1233 4528
1238 4902
1254 4079
1256 2680
1263 4609
1271 4901
1273 4658
1277 3943
1286 4135
1310 4973
1322 4772
256 1329
1330 3011
1336 2456
1346 2364
1347 4544
1350 4071
1353 1367
1354 4151
1357 4223
1359 4892
1361 2230
1378 4634
1380 4822
1391 1854
1393 4658
1394 3656
1405 4820
1407 4309
1412 4971
1414 4968
1423 2932
1428 2221
1447 4516
1458 2989
1379 1462
1476 4961
1499 4578
1509 4228
1512 4732
1513 4844
1518 4786
1526 4768
1529 4713
1531 4990
1537 1674
857 1538
1542 4164
1544 2521
1558 4566
1563 4978
1564 4847
1569 4991
1570 4962
1577 4208
1579 1721
1584 4584
1559 1609
1615 4416
1617 4160
1618 2699
1619 3837
1623 4650
1632 4964
1637 2572
1638 4786
1642 4338
1643 3817
1649 4329
1655 2411
1670 1973
1671 4678
1676 4984
1687 2663
1696 4630
1701 3275
1706 4998
1718 4296
1734 4208
1751 3330
821 1762
1763 4710
1091 1778
1785 4177
1788 4764
1809 3781
1812 4954
1813 4570
1011 1817
1825 3199
173 1827
1832 4574
1836 4694
1839 4856
1846 4620
1856 4149
1857 4794
1862 4417
1867 3293
1868 3675
1881 3645
1885 4341
1886 1915
1897 4691
1900 4592
1903 4816
1907 3024
1919 2341
361 1922
1938 2828
1946 4720
1960 4053
1962 4668
1971 3630
1976 4258
1981 4966
1986 4792
1230 2025
856 2035
1675 2039
2044 3319
2046 3239
2047 3309
2049 4583
2055 4820
2066 4264
2067 2607
2073 3555
2090 4817
2095 4909
2111 4388
2112 2246
2122 4501
164 2126
2156 4066
2164 4025
2187 4781
2192 4079
2193 4577
2195 4463
2196 2671
2198 2395
2199 4925
2202 4444
1523 2212
2220 4424
783 2225
2229 3761
1400 2233
2236 4900
2249 2471
2256 2661
2257 3931
2304 4235
1831 2308
2024 2315
2317 3438
2319 4688
76 2338
2339 4168
2346 3743
2354 4341
2359 3461
2361 3537
2368 4795
2373 4882
1389 2380
2384 4264
2386 4764
2392 2407
2403 4881
2404 4873
2405 2740
2418 3769
2419 4288
2421 4718
2430 4178
2433 3782
2444 3433
869 2447
2455 3488
2459 4336
2460 3090
2462 4631
2465 4893
2467 4657
2477 4838
2478 4771
2486 2616
2490 2995
2491 3425
2495 4603
2497 4668
2504 4234
2508 2523
2512 3169
2515 4806
2531 4470
2534 2540
2538 4949
2544 2939
2554 4873
2555 4135
2556 4667
2558 4419
2570 4777
2575 4759
2583 2584
2586 4875
2592 4705
2604 4777
2628 4775
2641 4488
2646 4414
2654 3287
2656 4432
873 2657
277 2660
2664 4758
1302 2667
2688 3295
2691 3196
2692 3601
2693 3992
2694 4471
980 2695
2697 4961
2709 3724
2715 4443
949 2717
2720 4062
2735 4236
1268 2739
2743 4742
2782 4906
2785 4645
2794 4032
2796 4912
2800 4976
2810 4815
2811 4103
2818 4094
2822 4495
2826 3293
2840 4358
2843 4080
2844 4211
2848 4335
2850 3343
1988 2853
2854 4816
2856 4882
2861 2935
2866 4353
2867 4403
2639 2871
2872 4898
2881 3855
2275 2885
2889 4481
2893 4704
2897 4342
2900 4804
2905 4273
2204 2915
2919 4781
2927 4416
2934 4815
2945 4659
2950 2971
2951 4510
2952 4169
2963 4662
2540 2981
615 2982
2985 4966
1395 2987
2990 4195
1106 2994
3001 3003
3010 4418
1912 3013
3021 4991
3027 4042
3028 3783
1771 3031
3032 4972
1835 3033
3036 3760
3039 3378
3043 4835
3044 4813
978 3050
3051 3454
3053 4589
3065 4338
3066 3419
3057 3073
3077 4687
2659 3082
3085 4073
3094 4831
3097 3420
3099 3946
1153 3111
3119 4175
975 3126
3130 4808
3133 4954
1525 3147
3161 4895
3184 3711
2074 3185
2483 3189
1131 3198
3120 3204
3207 4683
964 3210
3217 4985
3220 4933
3227 4296
3232 4925
3240 4704
2745 3242
3243 4593
3247 4447
2389 3250
3260 3899
3265 4081
3268 4784
3291 3485
2542 3292
3296 4406
3300 4627
439 3301
406 3307
3308 4306
3315 3845
3321 4981
3322 4185
3326 3946
2289 3332
2572 3335
2248 3337
2775 3349
3351 4843
3353 4903
3356 4890
3357 4883
3358 4504
3365 4938
2878 3388
1395 3389
3391 4848
3402 3774
1339 3411
3413 3985
3414 4805
3431 4131
3447 4552
3448 4137
1709 3451
3453 3456
951 3465
3480 4219
1714 3486
3491 3766
3496 4558
3506 4418
3508 4364
3520 3523
3521 4466
3525 4883
3526 3552
3528 3533
3550 4668
3558 4941
3560 4319
3562 4166
3579 4524
3582 4906
2012 3583
3374 3584
994 3597
3604 4459
3614 4350
3619 3720
3224 3621
3331 3622
3627 3939
3624 3629
3631 4085
1898 3646
3649 3755
2363 3660
3664 3672
3677 4493
3228 3685
3437 3693
3699 4907
1315 3700
1012 3710
3375 3723
1362 3733
1178 3735
3736 4259
2341 3737
2457 3738
566 3740
3742 4053
3747 4750
3753 4676
3757 4729
3749 3759
2326 3786
3792 4378
3794 4871
3477 3798
3799 4636
3801 4792
3802 4505
2940 3804
3576 3805
2701 3806
3086 3818
3409 3822
3303 3825
3826 3971
3829 4096
3852 4109
3860 4929
3861 4293
2364 3865
3718 3871
2780 3877
3888 4728
3485 3891
2029 3896
3898 4965
3903 4677
3912 4540
32 3913
1597 3919
3921 4527
3930 4865
3938 3953
3945 4934
3714 3949
3556 3950
2998 3951
1545 3952
3954 4525
3956 4644
2140 3965
3444 3968
3975 4834
3988 4625
426 3991
3993 4506
2523 3996
1477 3997
3998 4569
3434 4007
4015 4414
4016 4237
4024 4887
4046 4365
2003 4051
4055 4637
4049 4057
2768 4059
3711 4061
2364 4063
2006 4065
2452 4069
4075 4636
4083 4088
994 4089
3079 4091
3559 4097
2757 4108
2031 4114
1796 4125
1214 4134
4139 4750
3373 4145
4147 4653
1442 4152
4154 4713
4066 4155
3987 4162
3382 4163
4102 4167
4170 4618
2937 4171
873 4183
1947 4184
4189 4770
4196 4427
1924 4197
4100 4198
3369 4209
4215 4915
4220 4435
4222 4949
4224 4599
4233 4777
4240 4336
3221 4241
4245 4551
4128 4249
4232 4251
4083 4256
3209 4257
4278 4840
4279 4316
4281 4383
4022 4289
4292 4871
4311 4721
4320 4582
965 4327
4332 4400
4223 4339
355 4348
2244 4352
4194 4374
2480 4379
4380 4553
4174 4381
3236 4390
1392 4397
2292 4402
3859 4405
3659 4413
4422 4949
412 4425
4118 4426
766 4431
4423 4437
4446 4619
4135 4449
3564 4450
2647 4452
3200 4458
4465 4942
4191 4467
26 4469
4419 4475
648 4480
2770 4485
2013 4489
1125 4497
3947 4502
4507 4547
4509 4972
2767 4511
4074 4522
4523 4968
1685 4526
4531 4958
4539 4710
1984 4541
2292 4595
2007 4597
4300 4605
3791 4607
440 4612
1821 4624
2148 4628
3967 4635
4388 4638
4639 4989
3219 4648
4649 4651
3318 4655
2553 4656
4673 4723
4545 4685
4686 4800
4701 4724
4709 4739
4284 4717
4727 4906
4647 4731
1196 4734
2348 4737
4740 4955
4181 4743
4342 4749
4364 4752
4535 4753
2825 4761
4765 4947
4766 4778
3464 4767
4769 4835
4410 4776
3045 4780
4793 4809
4382 4811
2975 4812
3642 4814
4819 4954
685 4823
321 4828
2647 4830
4832 4852
2619 4836
1523 4837
2027 4854
4148 4857
4858 4903
1203 4860
3760 4863
4563 4864
2734 4866
2530 4867
4846 4868
4869 4984
3363 4870
2979 4884
4879 4888
4846 4897
4859 4905
1760 4908
2470 4916
4021 4922
4625 4928
4818 4945
4400 4946
2817 4953
1492 4956
1847 4975
2890 4983
4050 4995
25 4514
40 4362
46 4658
67 4394
95 3717
98 4496
109 4592
114 3809
116 3611
121 4567
124 4228
136 3510
146 3230
157 4997
168 4934
181 4660
186 1977
211 2113
246 4834
258 4105
289 1100
295 1831
304 2562
332 4019
350 4126
359 4309
363 3612
365 4243
387 2522
409 4580
415 4493
436 4688
454 4538
457 4885
467 4494
469 4710
474 3352
479 4087
510 3880
535 3511
536 4859
550 3103
553 4391
569 3095
575 4747
576 4940
618 4746
621 2356
622 4342
629 4468
646 4909
651 3564
662 1621
664 4122
665 4782
669 4989
677 4794
691 4603
715 3180
717 3554
718 3835
727 4008
745 4838
748 4893
755 4577
778 3696
784 4873
790 2917
792 4407
797 4805
806 4733
811 4986
814 3659
824 3776
844 4574
845 4062
847 3087
859 3392
864 4180
871 4262
16 877
880 4967
885 3547
903 4890
909 3279
917 4718
919 4350
923 4491
930 4978
934 4910
946 4406
948 1505
953 4547
959 962
977 4599
990 4632
1014 4672
1048 3346
1053 1220
1056 4457
1061 1355
1077 4777
1083 4890
1092 3800
1093 4893
1096 4813
1103 4687
1105 4116
1112 3494
1120 3589
1126 2757
1128 4218
1136 4815
1151 3838
1158 4159
1160 4886
1176 4689
1190 4923
1194 4969
1204 3694
1232 3504
1233 4790
1238 4433
1254 4423
1256 4952
1263 4232
1271 4130
1273 1311
1286 4123
1010 1310
1329 3206
345 1330
1336 3061
1346 3838
1347 3172
1350 3586
1353 4330
1354 4466
1357 4996
1359 3907
1361 4806
1378 4660
1380 4659
1391 4212
1393 4838
1207 1394
1405 3857
1407 2406
1412 2887
1414 3079
1423 4827
1428 4633
1217 1458
1462 3990
1476 2838
1499 3771
1509 3909
1512 4947
1420 1513
1526 3545
1529 4370
1531 4349
1537 4214
1544 4408
1558 4850
1563 4754
1564 4533
1569 4236
1570 4554
1577 4968
1579 3407
1609 2499
1617 4736
1618 2874
1623 4149
1632 3684
1637 2262
1638 4757
1642 4201
1649 3793
1655 4528
1670 2961
1671 2970
1687 4971
305 1696
1701 4608
1706 4964
1718 2203
1734 4623
1751 4528
1762 4212
1763 4797
1778 4067
1785 3463
1788 4420
1812 4991
1817 4418
1825 4543
1827 3075
1832 4733
1836 4826
1839 4349
1856 4598
1862 4421
1867 4258
1881 4621
1426 1885
1886 4501
1897 4692
1903 4429
1919 4253
1922 4693
1938 2474
1946 4842
1960 4733
1962 4913
1971 4664
1976 3202
1981 4562
2025 4976
2035 3303
2046 4914
2047 2784
2073 4913
2090 4786
2095 4895
2111 3985
2112 4810
2122 4821
2126 2238
2156 4129
2164 4748
2187 3042
2192 3667
2193 3117
2195 4967
2196 3055
2198 2983
2115 2199
165 2202
2212 4000
2220 4085
2225 2557
2229 4393
2233 3294
2236 2250
2249 4058
2256 2606
2257 4649
2304 4344
2308 4468
2315 3336
2317 4202
2338 4481
2339 4921
2361 4663
2368 4384
2373 4616
2380 3850
2384 2813
2386 4847
2392 4733
2403 3839
2404 4932
2405 4613
2414 2419
2227 2421
2430 2702
2433 4398
2444 4309
2447 4428
2455 4838
2459 2756
2462 3599
2467 3219
2477 4999
2478 4893
2486 4010
2490 4516
2491 4471
2495 4710
2497 3344
422 2504
2508 2892
2512 4967
2515 3924
2531 4280
2534 4695
2538 4305
2544 4941
2554 4613
2555 2557
2556 4834
2558 3694
2570 4318
2575 4087
2583 3148
2586 4496
2592 4042
2604 4965
2628 3458
2641 4357
2646 2798
368 2654
2656 3645
2657 4181
2660 2958
2664 2669
2667 4856
2688 2896
2692 3502
2693 4684
2561 2694
2695 4601
83 2697
589 2709
2715 4697
2717 3606
2735 4071
2739 4741
1468 2743
2782 4329
2785 4739
2794 4904
2796 4803
2800 4929
2810 4506
2811 4702
2818 3128
2822 3986
2826 4961
1079 2840
2843 4182
2844 4846
2107 2848
1741 2850
2846 2853
2854 4247
2856 3164
2861 4438
2866 4847
2867 3576
2871 3958
2872 4521
2881 3400
2885 4248
2889 3936
2893 4642
2505 2897
2900 3640
2915 4309
2878 2919
2934 4310
2945 4744
2951 2970
2952 3093
2963 4942
2981 4440
1650 2982
2985 3718
2987 4538
2990 4382
2994 4376
3001 4865
3010 4977
3013 4738
3021 4027
3027 4878
273 3028
3031 3442
2217 3032
3036 3924
3039 4645
3043 4785
3044 4833
3050 4087
3051 4751
3053 3228
3065 4728
3066 4649
3073 4601
3077 4926
3082 4871
3085 4930
3094 4009
3097 3731
3099 4564
3111 4917
3119 3193
3126 4296
3130 4889
3133 3982
3147 4782
3161 3368
3184 4982
3087 3185
3189 4751
2790 3198
3204 4799
3207 4919
2763 3210
1884 3217
3220 3253
3227 4899
1674 3232
3240 4294
3242 4951
3243 3379
3247 4898
3250 4551
3260 3839
3265 4164
3268 4762
3291 4447
3292 4376
83 3296
3300 3814
3301 4721
3307 4663
3308 3989
3315 3324
3321 4385
3326 4623
3332 4588
1259 3335
3337 4410
3349 4997
1651 3351
3353 3772
3356 4796
3357 3427
3358 3775
3365 4982
3388 4547
3389 4979
2676 3391
3394 3402
3411 4582
3413 4919
3414 4315
1774 3431
3447 4544
3448 4512
3451 4206
3254 3456
3465 4601
3480 4287
2473 3486
1731 3491
3496 4833
3006 3506
3508 4564
3520 4564
3521 4707
3525 3668
3526 4207
24 3528
3550 4782
2741 3558
2655 3560
1724 3562
3579 4990
3582 4935
3583 4358
3584 4331
3515 3597
1146 3604
3614 4444
3619 4267
805 3621
3622 3823
617 3627
3629 3766
3631 3838
3646 4808
3649 4882
3660 4901
3664 4545
3677 4104
3252 3685
3693 4295
3015 3699
3700 4961
3369 3710
3723 4330
3733 4153
3735 4192
3736 4561
3737 4989
3738 4979
3542 3740
3742 4874
3747 4904
3753 4440
2283 3757
3759 4878
3786 3890
3792 4706
2621 3794
3428 3798
3799 4719
3801 4968
3802 4415
3804 4964
3748 3805
3806 4366
3818 4124
1089 3822
3825 4973
3436 3826
272 3829
3852 4355
3860 4698
3861 4146
3865 3959
3871 4664
3877 4266
3888 4948
1459 3891
1301 3896
3898 4645
2294 3903
3912 4899
2916 3913
3919 4471
3921 3943
3930 4603
2377 3938
3945 4708
2098 3949
3859 3950
2369 3951
1436 3952
3954 4652
3956 4242
3965 4271
3928 3968
2218 3975
2827 3988
3585 3991
3993 4926
3908 3996
3997 4267
1110 3998
3999 4007
4015 4703
4016 4608
4024 4968
4046 4798
3995 4051
3435 4055
4048 4057
3637 4059
4061 4269
4063 4440
1006 4065
4069 4309
3037 4075
4088 4681
3139 4089
3393 4091
3439 4097
3200 4108
2847 4114
1461 4125
4134 4977
4139 4567
4145 4146
4147 4770
4152 4984
3564 4154
2464 4155
483 4162
4163 4952
4167 4723
4170 4288
4171 4851
4181 4183
3239 4184
4189 4882
4196 4360
34 4197
4198 4250
1787 4209
4215 4771
4220 4463
3471 4222
4224 4637
3375 4233
4193 4240
1681 4241
3995 4245
3744 4249
4221 4251
4256 4453
4257 4871
4278 4611
1879 4279
2689 4281
4289 4840
22 4292
4311 4313
4320 4368
3400 4327
1195 4332
4202 4339
3252 4348
4352 4573
3939 4374
4379 4386
599 4380
4381 4942
2045 4390
881 4397
2784 4402
4405 4584
4413 4952
3716 4422
4425 4848
4426 4697
2093 4431
3142 4437
3678 4446
4313 4449
3062 4450
4452 4495
4458 4472
3591 4465
4074 4467
4469 4547
4475 4481
2806 4480
4485 4606
4489 4808
4404 4497
546 4502
4507 4551
2048 4509
4511 4626
3599 4522
4523 4900
2653 4526
4400 4531
4539 4957
3181 4541
4236 4595
4597 4981
3341 4605
4483 4607
3187 4612
3911 4624
3990 4628
4169 4635
4638 4689
4639 4988
3487 4648
1436 4651
4655 4745
719 4656
4673 4722
4212 4685
4307 4686
4360 4701
4527 4709
4717 4822
4565 4727
4703 4731
3657 4734
1681 4737
4583 4740
4056 4743
3593 4749
4752 4817
3859 4753
4325 4761
3831 4765
1386 4766
4101 4767
4580 4769
4776 4807
4780 4785
4770 4793
4811 4988
3675 4812
4729 4814
4796 4819
3277 4823
4484 4828
2178 4830
2879 4832
3840 4836
4837 4855
4592 4854
4808 4857
832 4858
3352 4860
4329 4863
4637 4864
4621 4866
1464 4867
4847 4868
3924 4869
4839 4870
4212 4884
4697 4888
4853 4897
4677 4905
4908 4935
4569 4916
4922 4980
4159 4928
2265 4945
4561 4946
4899 4953
4899 4956
4270 4975
4236 4983
4934 4995
25 4777
95 4581
114 4427
186 4654
258 2921
304 4713
363 4949
387 985
646 4795
662 4664
669 3493
677 4630
691 4286
717 4934
797 4550
806 4301
844 4579
845 4693
847 2996
930 4443
934 3196
1048 4777
1056 4862
1083 4883
1105 4821
1112 4417
1136 4146
1158 4350
1204 4481
1232 3474
1233 4395
1238 4430
1336 4738
1346 4575
1347 2685
1023 1353
1361 4712
1391 4853
1393 4545
1423 4788
1428 4468
1458 4314
1462 1924
1509 2860
1526 4070
1529 4350
1531 4254
1558 4883
1569 3239
1618 3843
1632 4604
1637 4460
1638 4878
1649 4962
1655 4687
1670 4808
1671 3202
1687 3854
1706 3524
1718 4631
1778 2511
1473 1785
1812 4985
1825 4232
1836 4159
1839 4738
1885 4907
1886 4180
1922 4337
1938 4896
1946 4848
1971 4300
1981 4822
2046 4919
2095 3815
2112 4993
2156 4096
2193 4791
2198 4977
1961 2202
2212 4039
2229 4667
2236 3655
2256 4937
2257 3608
2304 3572
2338 4478
2339 4562
2361 2886
2384 4678
2386 4955
2392 4906
2403 3989
2405 4263
2433 4925
2447 4791
2455 4993
2459 4637
2477 4306
2490 3894
2491 4918
2504 4303
2508 4349
2469 2512
2534 4738
2538 4852
2544 3727
2237 2554
2555 3857
2556 2924
2604 4760
2628 4338
2641 4924
2654 4878
2656 3978
2657 4310
2667 4555
2688 4951
2694 4984
1568 2695
2697 3905
2709 4698
2717 4269
1492 2735
2539 2743
2782 4604
2785 4840
2794 4636
2800 3811
2810 4433
2088 2811
2818 4028
2826 4898
2840 2865
2844 4573
2848 4538
2850 4994
2856 4672
2861 3821
2866 4609
2871 4918
2872 4738
2881 4409
2889 3378
2893 4678
2900 4974
2915 4172
2919 3484
2934 4585
2945 4853
2951 3545
2949 2952
2981 3381
2985 4675
2987 4932
2994 4848
2121 3001
3010 4303
3021 4333
3027 4716
3028 4892
3031 4951
3032 4223
3036 4428
3039 4644
3043 4788
3044 4304
3050 4874
3077 4519
3082 4560
3094 4533
3097 3328
3099 4117
3111 4708
3119 4794
2349 3126
3130 4568
3133 3824
3184 4893
3185 3615
3189 4400
3198 4277
3207 4286
2563 3210
3217 3976
3220 3535
3227 4973
3232 4109
3240 4750
364 3242
3260 4393
3265 4267
2988 3268
3291 4199
3292 3879
3296 4874
3301 3690
3307 3886
3308 4627
1712 3315
1661 3321
3326 4997
3332 4040
3335 4444
3337 4481
2619 3349
3351 4003
3356 4809
3357 4706
2986 3358
3365 4126
3388 4604
3389 3477
3391 4575
2110 3402
3411 4677
3413 4640
3414 4423
2081 3431
3448 4344
3008 3456
3465 4874
3480 4575
3491 4796
1424 3496
3506 4921
3508 4841
3521 4003
3525 4660
32 3526
3560 4676
3562 4438
3579 4759
3582 4944
671 3583
3584 3755
1467 3597
3604 3927
3614 4159
3619 4068
3611 3621
3622 4997
3557 3627
3629 3831
3631 3879
3646 3654
3062 3649
3288 3660
3664 4789
3677 4661
3699 3726
3700 4942
3710 3862
3733 4164
3736 4794
3738 4242
3740 4961
3742 4886
3747 4986
3725 3753
2774 3757
3759 3962
3786 4695
3792 4991
3794 4795
3798 4992
3799 4816
3802 4990
3804 4627
3805 4902
3806 4445
3789 3818
3822 3928
3825 4520
3826 4212
3829 4439
3852 4193
3860 4219
3861 4806
3871 4772
3877 4369
2080 3888
2928 3891
3896 4455
3142 3898
3903 4217
3912 4609
3913 4188
3556 3919
3921 4307
3930 4957
3938 4036
3945 4632
3949 4980
2253 3950
3951 3977
2255 3952
312 3954
3965 4791
293 3968
2268 3988
3171 3991
3993 4978
3904 3996
3997 4782
3475 3998
3869 4007
4015 4670
2837 4024
4046 4143
3052 4051
4055 4410
4057 4420
3462 4059
4061 4880
4063 4275
4058 4065
4069 4750
4075 4789
3568 4089
3955 4091
4097 4395
4108 4299
3452 4114
4062 4134
4139 4689
4145 4744
4135 4147
4152 4445
4154 4277
4155 4955
3235 4162
4095 4163
3929 4167
3727 4170
3288 4171
3362 4183
3719 4184
4189 4954
3907 4196
4197 4684
4198 4203
4209 4818
2307 4215
4220 4702
2357 4224
4233 4917
4240 4790
4070 4241
4245 4907
1540 4249
4251 4772
3079 4257
4278 4285
4124 4279
4129 4281
3195 4289
4292 4641
4308 4311
3803 4320
4327 4694
4307 4332
4049 4339
3610 4348
4352 4971
2496 4374
3516 4379
3555 4380
4303 4381
3909 4390
4397 4582
4227 4402
4405 4496
4413 4768
4422 4557
4425 4484
4426 4621
3122 4431
2588 4437
3969 4446
4329 4449
3311 4450
321 4452
4458 4808
4465 4478
4232 4467
2977 4469
3781 4475
3746 4480
4485 4813
4477 4489
4497 4636
3943 4502
4393 4507
4509 4575
4511 4604
4523 4818
2920 4526
3592 4531
4539 4886
4280 4541
2250 4595
4548 4597
3790 4605
293 4607
4611 4612
3052 4624
3909 4628
4635 4669
3775 4638
4648 4676
4651 4794
4117 4655
2276 4656
4673 4831
4243 4685
4686 4961
4701 4711
3235 4709
3707 4717
4082 4727
4731 4783
2064 4734
2453 4737
4740 4941
4117 4743
4616 4749
4752 4772
4753 4833
3828 4761
4765 4847
3047 4766
4398 4767
4157 4769
4776 4847
4457 4780
4793 4949
4406 4811
3928 4812
4814 4998
4212 4819
3369 4823
4370 4828
4533 4830
4832 4872
3779 4836
4713 4837
4510 4854
4846 4857
4401 4858
4305 4860
4133 4863
4864 4899
4866 4923
4698 4867
4464 4869
1729 4870
4884 4887
4744 4888
4030 4897
4905 4990
4363 4908
3248 4916
3854 4922
3303 4928
4945 4960
4861 4946
4366 4953
4952 4956
3196 4975
4964 4983
2322 4995
806 4920
1204 4878
1509 4831
1526 4690
1531 4503
1558 4746
1706 4969
1839 4733
1922 4078
1938 4918
1971 4392
2112 4366
2202 4873
2212 4820
2384 4891
1968 2504
2512 4957
2534 4712
2544 3593
2556 4750
2641 4966
2656 4955
2688 4679
2694 4810
2735 3651
2794 4558
2810 4694
2811 4911
2844 3915
2850 4599
2872 4414
2889 4980
2945 4775
2952 4758
2987 4992
2994 4455
2823 3010
3021 4970
3031 4839
3036 4925
3039 3662
3043 3958
1854 3050
3094 4961
2216 3099
3126 4194
3207 3347
3232 4221
2956 3240
3265 4942
3291 4777
3307 4962
3332 4420
3337 4980
3389 3675
3402 4980
3414 3566
3456 4304
3480 4730
3491 4036
2437 3506
3508 3602
3521 4407
3525 4349
3522 3526
3560 4308
3562 4260
3579 3872
3584 4569
3621 4930
3061 3627
3629 4768
3646 3655
3660 4965
3677 3984
3700 4861
3710 4728
3733 4520
3736 4570
3738 3878
3740 4143
3747 3749
3759 4994
2954 3786
3563 3792
3794 4848
3799 4168
3280 3802
3804 4878
3825 4799
3826 3833
3829 4926
3648 3852
2704 3861
3871 4318
3877 4666
3888 4447
3891 4524
3896 4881
3913 4520
3416 3921
3930 4853
3206 3945
3949 4444
3084 3950
3951 4950
3965 4258
3944 3991
3993 4824
3996 4781
3997 4931
1596 4015
4051 4943
4055 4668
4057 4518
4063 4235
4003 4069
4108 4768
3339 4139
4145 4873
4147 4487
4152 4156
4155 4341
4170 4934
4171 4681
4183 4550
4189 4903
4197 4833
4209 4931
4187 4215
4220 4228
3004 4224
4233 4998
3131 4257
4278 4997
4281 4696
4292 4530
3578 4311
4315 4320
3202 4327
4138 4332
4348 4986
4352 4560
4054 4379
4380 4948
4390 4630
4397 4679
4405 4977
2502 4413
4391 4426
1390 4431
4437 4603
3959 4449
3343 4450
4452 4456
4002 4458
3778 4465
4459 4469
4463 4475
4401 4480
4252 4489
4502 4778
3504 4507
3386 4509
4511 4963
4443 4526
2942 4539
4586 4595
3711 4597
4577 4605
3706 4607
4455 4612
4624 4820
4228 4628
4321 4635
4638 4711
4082 4648
4026 4651
2832 4655
820 4656
3752 4673
4685 4693
4686 4957
4466 4701
2539 4709
4140 4717
2634 4727
4731 4940
4734 4974
1591 4737
4503 4740
4247 4743
3651 4749
4230 4752
4753 4878
4746 4761
4667 4765
4766 4789
4470 4769
3876 4776
4577 4780
4793 4873
4773 4811
4800 4812
3758 4814
4819 4979
4757 4823
4828 4853
3807 4830
3410 4832
3848 4836
4837 4921
1591 4854
3755 4857
4858 4881
4860 4874
4838 4863
4757 4864
3859 4867
3634 4869
4128 4870
3070 4884
2379 4905
3632 4908
2836 4916
4653 4922
4754 4945
4829 4946
3856 4953
2980 4956
4679 4975
2017 4983
4341 4995
1509 4794
2384 4588
2504 4723
2556 4927
3389 4259
3506 4760
3621 4777
2642 3786
3871 3881
3891 4678
3996 4298
3997 4988
4015 4980
4044 4055
4127 4139
4147 4842
4233 4950
4320 4951
4352 4963
4390 4794
4426 4545
4449 4517
4469 4872
3269 4475
3765 4489
4299 4539
4624 4736
4499 4628
4635 4802
3766 4648
4293 4651
3899 4685
4096 4701
4733 4734
3885 4737
3773 4761
4780 4798
4166 4793
4039 4811
4760 4812
4828 4940
4667 4837
4816 4854
4849 4858
2859 4863
4867 4921
4551 4905
4945 4958
4946 4976
4783 4953
4258 4956
